v(vpre),time
2.68251068e-01,0.00000000e+00
2.68251068e-01,1.00000000e-12
2.68251068e-01,2.00000000e-12
2.68251068e-01,4.00000000e-12
2.68251068e-01,8.00000000e-12
2.68251068e-01,1.60000000e-11
2.68251068e-01,3.20000000e-11
2.68251068e-01,6.40000000e-11
2.68251068e-01,1.28000000e-10
2.68251068e-01,2.28000000e-10
2.68251068e-01,3.28000000e-10
2.68251068e-01,4.28000000e-10
2.68251068e-01,5.28000000e-10
2.68251068e-01,6.28000000e-10
2.68251068e-01,7.28000000e-10
2.68251068e-01,8.28000000e-10
2.68251068e-01,9.28000000e-10
2.68251068e-01,1.02800000e-09
2.68251068e-01,1.12800000e-09
2.68251068e-01,1.22800000e-09
2.68251068e-01,1.32800000e-09
2.68251068e-01,1.42800000e-09
2.68251068e-01,1.52800000e-09
2.68251068e-01,1.62800000e-09
2.68251068e-01,1.72800000e-09
2.68251068e-01,1.82800000e-09
2.68251068e-01,1.92800000e-09
2.68251068e-01,2.02800000e-09
2.68251068e-01,2.12800000e-09
2.68251068e-01,2.22800000e-09
2.68251068e-01,2.32800000e-09
2.68251068e-01,2.42800000e-09
2.68251068e-01,2.52800000e-09
2.68251068e-01,2.62800000e-09
2.68251068e-01,2.72800000e-09
2.68251068e-01,2.82800000e-09
2.68251068e-01,2.92800000e-09
2.68251068e-01,3.02800000e-09
2.68251068e-01,3.12800000e-09
2.68251068e-01,3.22800000e-09
2.68251068e-01,3.32800000e-09
2.68251068e-01,3.42800000e-09
2.68251068e-01,3.52800000e-09
2.68251068e-01,3.62800000e-09
2.68251068e-01,3.72800000e-09
2.68251068e-01,3.82800000e-09
2.68251068e-01,3.92800000e-09
2.68251068e-01,4.02800000e-09
2.68251068e-01,4.12800000e-09
2.68251068e-01,4.22800000e-09
2.68251068e-01,4.32800000e-09
2.68251068e-01,4.42800000e-09
2.68251068e-01,4.52800000e-09
2.68251068e-01,4.62800000e-09
2.68251068e-01,4.72800000e-09
2.68251068e-01,4.82800000e-09
2.68251068e-01,4.92800000e-09
2.68251068e-01,5.02800000e-09
2.68251068e-01,5.12800000e-09
2.68251068e-01,5.22800000e-09
2.68251068e-01,5.32800000e-09
2.68251068e-01,5.42800000e-09
2.68251068e-01,5.52800000e-09
2.68251068e-01,5.62800000e-09
2.68251068e-01,5.72800000e-09
2.68251068e-01,5.82800000e-09
2.68251068e-01,5.92800000e-09
2.68251068e-01,6.02800000e-09
2.68251068e-01,6.12800000e-09
2.68251068e-01,6.22800000e-09
2.68251068e-01,6.32800000e-09
2.68251068e-01,6.42800000e-09
2.68251068e-01,6.52800000e-09
2.68251068e-01,6.62800000e-09
2.68251068e-01,6.72800000e-09
2.68251068e-01,6.82800000e-09
2.68251068e-01,6.92800000e-09
2.68251068e-01,7.02800000e-09
2.68251067e-01,7.12800000e-09
2.68251067e-01,7.22800000e-09
2.68251067e-01,7.32800000e-09
2.68251067e-01,7.42800000e-09
2.68251067e-01,7.52800000e-09
2.68251067e-01,7.62800000e-09
2.68251067e-01,7.72800000e-09
2.68251067e-01,7.82800000e-09
2.68251067e-01,7.92800000e-09
2.68251067e-01,8.02800000e-09
2.68251067e-01,8.12800000e-09
2.68251067e-01,8.22800000e-09
2.68251067e-01,8.32800000e-09
2.68251067e-01,8.42800000e-09
2.68251067e-01,8.52800000e-09
2.68251067e-01,8.62800000e-09
2.68251067e-01,8.72800000e-09
2.68251067e-01,8.82800000e-09
2.68251067e-01,8.92800000e-09
2.68251067e-01,9.02800000e-09
2.68251067e-01,9.12800000e-09
2.68251067e-01,9.22800000e-09
2.68251067e-01,9.32800000e-09
2.68251067e-01,9.42800000e-09
2.68251067e-01,9.52800000e-09
2.68251067e-01,9.62800000e-09
2.68251067e-01,9.72800000e-09
2.68251067e-01,9.82800000e-09
2.68251067e-01,9.92800000e-09
2.68251067e-01,1.00280000e-08
2.68251067e-01,1.01280000e-08
2.68251067e-01,1.02280000e-08
2.68251067e-01,1.03280000e-08
2.68251067e-01,1.04280000e-08
2.68251067e-01,1.05280000e-08
2.68251067e-01,1.06280000e-08
2.68251067e-01,1.07280000e-08
2.68251067e-01,1.08280000e-08
2.68251067e-01,1.09280000e-08
2.68251067e-01,1.10280000e-08
2.68251067e-01,1.11280000e-08
2.68251067e-01,1.12280000e-08
2.68251067e-01,1.13280000e-08
2.68251067e-01,1.14280000e-08
2.68251067e-01,1.15280000e-08
2.68251067e-01,1.16280000e-08
2.68251067e-01,1.17280000e-08
2.68251067e-01,1.18280000e-08
2.68251067e-01,1.19280000e-08
2.68251067e-01,1.20280000e-08
2.68251067e-01,1.21280000e-08
2.68251067e-01,1.22280000e-08
2.68251067e-01,1.23280000e-08
2.68251067e-01,1.24280000e-08
2.68251067e-01,1.25280000e-08
2.68251067e-01,1.26280000e-08
2.68251067e-01,1.27280000e-08
2.68251067e-01,1.28280000e-08
2.68251067e-01,1.29280000e-08
2.68251067e-01,1.30280000e-08
2.68251067e-01,1.31280000e-08
2.68251067e-01,1.32280000e-08
2.68251067e-01,1.33280000e-08
2.68251067e-01,1.34280000e-08
2.68251067e-01,1.35280000e-08
2.68251067e-01,1.36280000e-08
2.68251067e-01,1.37280000e-08
2.68251067e-01,1.38280000e-08
2.68251067e-01,1.39280000e-08
2.68251067e-01,1.40280000e-08
2.68251066e-01,1.41280000e-08
2.68251066e-01,1.42280000e-08
2.68251066e-01,1.43280000e-08
2.68251066e-01,1.44280000e-08
2.68251066e-01,1.45280000e-08
2.68251066e-01,1.46280000e-08
2.68251066e-01,1.47280000e-08
2.68251066e-01,1.48280000e-08
2.68251066e-01,1.49280000e-08
2.68251066e-01,1.50280000e-08
2.68251066e-01,1.51280000e-08
2.68251066e-01,1.52280000e-08
2.68251066e-01,1.53280000e-08
2.68251066e-01,1.54280000e-08
2.68251066e-01,1.55280000e-08
2.68251066e-01,1.56280000e-08
2.68251066e-01,1.57280000e-08
2.68251066e-01,1.58280000e-08
2.68251066e-01,1.59280000e-08
2.68251066e-01,1.60280000e-08
2.68251066e-01,1.61280000e-08
2.68251066e-01,1.62280000e-08
2.68251066e-01,1.63280000e-08
2.68251066e-01,1.64280000e-08
2.68251066e-01,1.65280000e-08
2.68251066e-01,1.66280000e-08
2.68251066e-01,1.67280000e-08
2.68251066e-01,1.68280000e-08
2.68251066e-01,1.69280000e-08
2.68251066e-01,1.70280000e-08
2.68251066e-01,1.71280000e-08
2.68251066e-01,1.72280000e-08
2.68251066e-01,1.73280000e-08
2.68251066e-01,1.74280000e-08
2.68251066e-01,1.75280000e-08
2.68251066e-01,1.76280000e-08
2.68251066e-01,1.77280000e-08
2.68251066e-01,1.78280000e-08
2.68251066e-01,1.79280000e-08
2.68251066e-01,1.80280000e-08
2.68251066e-01,1.81280000e-08
2.68251066e-01,1.82280000e-08
2.68251066e-01,1.83280000e-08
2.68251066e-01,1.84280000e-08
2.68251066e-01,1.85280000e-08
2.68251066e-01,1.86280000e-08
2.68251066e-01,1.87280000e-08
2.68251066e-01,1.88280000e-08
2.68251066e-01,1.89280000e-08
2.68251066e-01,1.90280000e-08
2.68251066e-01,1.91280000e-08
2.68251066e-01,1.92280000e-08
2.68251066e-01,1.93280000e-08
2.68251066e-01,1.94280000e-08
2.68251066e-01,1.95280000e-08
2.68251066e-01,1.96280000e-08
2.68251066e-01,1.97280000e-08
2.68251066e-01,1.98280000e-08
2.68251066e-01,1.99280000e-08
2.68251066e-01,2.00280000e-08
2.68251066e-01,2.01280000e-08
2.68251066e-01,2.02280000e-08
2.68251066e-01,2.03280000e-08
2.68251066e-01,2.04280000e-08
2.68251066e-01,2.05280000e-08
2.68251066e-01,2.06280000e-08
2.68251066e-01,2.07280000e-08
2.68251066e-01,2.08280000e-08
2.68251066e-01,2.09280000e-08
2.68251066e-01,2.10280000e-08
2.68251066e-01,2.11280000e-08
2.68251066e-01,2.12280000e-08
2.68251066e-01,2.13280000e-08
2.68251066e-01,2.14280000e-08
2.68251066e-01,2.15280000e-08
2.68251066e-01,2.16280000e-08
2.68251066e-01,2.17280000e-08
2.68251066e-01,2.18280000e-08
2.68251066e-01,2.19280000e-08
2.68251066e-01,2.20280000e-08
2.68251066e-01,2.21280000e-08
2.68251066e-01,2.22280000e-08
2.68251066e-01,2.23280000e-08
2.68251066e-01,2.24280000e-08
2.68251066e-01,2.25280000e-08
2.68251066e-01,2.26280000e-08
2.68251066e-01,2.27280000e-08
2.68251066e-01,2.28280000e-08
2.68251066e-01,2.29280000e-08
2.68251066e-01,2.30280000e-08
2.68251066e-01,2.31280000e-08
2.68251066e-01,2.32280000e-08
2.68251066e-01,2.33280000e-08
2.68251066e-01,2.34280000e-08
2.68251066e-01,2.35280000e-08
2.68251066e-01,2.36280000e-08
2.68251066e-01,2.37280000e-08
2.68251066e-01,2.38280000e-08
2.68251066e-01,2.39280000e-08
2.68251066e-01,2.40280000e-08
2.68251066e-01,2.41280000e-08
2.68251066e-01,2.42280000e-08
2.68251066e-01,2.43280000e-08
2.68251066e-01,2.44280000e-08
2.68251066e-01,2.45280000e-08
2.68251066e-01,2.46280000e-08
2.68251066e-01,2.47280000e-08
2.68251066e-01,2.48280000e-08
2.68251066e-01,2.49280000e-08
2.68251066e-01,2.50280000e-08
2.68251066e-01,2.51280000e-08
2.68251066e-01,2.52280000e-08
2.68251066e-01,2.53280000e-08
2.68251066e-01,2.54280000e-08
2.68251066e-01,2.55280000e-08
2.68251066e-01,2.56280000e-08
2.68251066e-01,2.57280000e-08
2.68251066e-01,2.58280000e-08
2.68251066e-01,2.59280000e-08
2.68251066e-01,2.60280000e-08
2.68251066e-01,2.61280000e-08
2.68251066e-01,2.62280000e-08
2.68251066e-01,2.63280000e-08
2.68251066e-01,2.64280000e-08
2.68251066e-01,2.65280000e-08
2.68251066e-01,2.66280000e-08
2.68251066e-01,2.67280000e-08
2.68251066e-01,2.68280000e-08
2.68251066e-01,2.69280000e-08
2.68251066e-01,2.70280000e-08
2.68251066e-01,2.71280000e-08
2.68251066e-01,2.72280000e-08
2.68251066e-01,2.73280000e-08
2.68251066e-01,2.74280000e-08
2.68251066e-01,2.75280000e-08
2.68251066e-01,2.76280000e-08
2.68251066e-01,2.77280000e-08
2.68251066e-01,2.78280000e-08
2.68251066e-01,2.79280000e-08
2.68251066e-01,2.80280000e-08
2.68251066e-01,2.81280000e-08
2.68251066e-01,2.82280000e-08
2.68251066e-01,2.83280000e-08
2.68251066e-01,2.84280000e-08
2.68251066e-01,2.85280000e-08
2.68251066e-01,2.86280000e-08
2.68251066e-01,2.87280000e-08
2.68251066e-01,2.88280000e-08
2.68251066e-01,2.89280000e-08
2.68251066e-01,2.90280000e-08
2.68251066e-01,2.91280000e-08
2.68251066e-01,2.92280000e-08
2.68251066e-01,2.93280000e-08
2.68251066e-01,2.94280000e-08
2.68251066e-01,2.95280000e-08
2.68251066e-01,2.96280000e-08
2.68251066e-01,2.97280000e-08
2.68251066e-01,2.98280000e-08
2.68251066e-01,2.99280000e-08
2.68251066e-01,3.00280000e-08
2.68251066e-01,3.01280000e-08
2.68251066e-01,3.02280000e-08
2.68251066e-01,3.03280000e-08
2.68251066e-01,3.04280000e-08
2.68251066e-01,3.05280000e-08
2.68251066e-01,3.06280000e-08
2.68251066e-01,3.07280000e-08
2.68251066e-01,3.08280000e-08
2.68251066e-01,3.09280000e-08
2.68251066e-01,3.10280000e-08
2.68251066e-01,3.11280000e-08
2.68251066e-01,3.12280000e-08
2.68251066e-01,3.13280000e-08
2.68251066e-01,3.14280000e-08
2.68251066e-01,3.15280000e-08
2.68251066e-01,3.16280000e-08
2.68251066e-01,3.17280000e-08
2.68251066e-01,3.18280000e-08
2.68251066e-01,3.19280000e-08
2.68251066e-01,3.20280000e-08
2.68251066e-01,3.21280000e-08
2.68251066e-01,3.22280000e-08
2.68251066e-01,3.23280000e-08
2.68251066e-01,3.24280000e-08
2.68251066e-01,3.25280000e-08
2.68251066e-01,3.26280000e-08
2.68251066e-01,3.27280000e-08
2.68251066e-01,3.28280000e-08
2.68251066e-01,3.29280000e-08
2.68251066e-01,3.30280000e-08
2.68251066e-01,3.31280000e-08
2.68251066e-01,3.32280000e-08
2.68251066e-01,3.33280000e-08
2.68251066e-01,3.34280000e-08
2.68251066e-01,3.35280000e-08
2.68251066e-01,3.36280000e-08
2.68251066e-01,3.37280000e-08
2.68251066e-01,3.38280000e-08
2.68251066e-01,3.39280000e-08
2.68251066e-01,3.40280000e-08
2.68251066e-01,3.41280000e-08
2.68251066e-01,3.42280000e-08
2.68251066e-01,3.43280000e-08
2.68251066e-01,3.44280000e-08
2.68251066e-01,3.45280000e-08
2.68251066e-01,3.46280000e-08
2.68251066e-01,3.47280000e-08
2.68251066e-01,3.48280000e-08
2.68251066e-01,3.49280000e-08
2.68251066e-01,3.50280000e-08
2.68251066e-01,3.51280000e-08
2.68251066e-01,3.52280000e-08
2.68251066e-01,3.53280000e-08
2.68251066e-01,3.54280000e-08
2.68251066e-01,3.55280000e-08
2.68251066e-01,3.56280000e-08
2.68251066e-01,3.57280000e-08
2.68251066e-01,3.58280000e-08
2.68251066e-01,3.59280000e-08
2.68251066e-01,3.60280000e-08
2.68251066e-01,3.61280000e-08
2.68251066e-01,3.62280000e-08
2.68251066e-01,3.63280000e-08
2.68251066e-01,3.64280000e-08
2.68251066e-01,3.65280000e-08
2.68251066e-01,3.66280000e-08
2.68251066e-01,3.67280000e-08
2.68251066e-01,3.68280000e-08
2.68251066e-01,3.69280000e-08
2.68251066e-01,3.70280000e-08
2.68251066e-01,3.71280000e-08
2.68251066e-01,3.72280000e-08
2.68251066e-01,3.73280000e-08
2.68251066e-01,3.74280000e-08
2.68251066e-01,3.75280000e-08
2.68251066e-01,3.76280000e-08
2.68251066e-01,3.77280000e-08
2.68251066e-01,3.78280000e-08
2.68251066e-01,3.79280000e-08
2.68251066e-01,3.80280000e-08
2.68251066e-01,3.81280000e-08
2.68251066e-01,3.82280000e-08
2.68251066e-01,3.83280000e-08
2.68251066e-01,3.84280000e-08
2.68251066e-01,3.85280000e-08
2.68251066e-01,3.86280000e-08
2.68251066e-01,3.87280000e-08
2.68251066e-01,3.88280000e-08
2.68251066e-01,3.89280000e-08
2.68251066e-01,3.90280000e-08
2.68251066e-01,3.91280000e-08
2.68251066e-01,3.92280000e-08
2.68251066e-01,3.93280000e-08
2.68251066e-01,3.94280000e-08
2.68251066e-01,3.95280000e-08
2.68251066e-01,3.96280000e-08
2.68251066e-01,3.97280000e-08
2.68251066e-01,3.98280000e-08
2.68251066e-01,3.99280000e-08
2.68251066e-01,4.00280000e-08
2.68251066e-01,4.01280000e-08
2.68251066e-01,4.02280000e-08
2.68251066e-01,4.03280000e-08
2.68251066e-01,4.04280000e-08
2.68251066e-01,4.05280000e-08
2.68251066e-01,4.06280000e-08
2.68251066e-01,4.07280000e-08
2.68251066e-01,4.08280000e-08
2.68251066e-01,4.09280000e-08
2.68251066e-01,4.10280000e-08
2.68251066e-01,4.11280000e-08
2.68251066e-01,4.12280000e-08
2.68251066e-01,4.13280000e-08
2.68251066e-01,4.14280000e-08
2.68251066e-01,4.15280000e-08
2.68251066e-01,4.16280000e-08
2.68251066e-01,4.17280000e-08
2.68251066e-01,4.18280000e-08
2.68251066e-01,4.19280000e-08
2.68251066e-01,4.20280000e-08
2.68251066e-01,4.21280000e-08
2.68251066e-01,4.22280000e-08
2.68251066e-01,4.23280000e-08
2.68251066e-01,4.24280000e-08
2.68251066e-01,4.25280000e-08
2.68251066e-01,4.26280000e-08
2.68251066e-01,4.27280000e-08
2.68251066e-01,4.28280000e-08
2.68251066e-01,4.29280000e-08
2.68251066e-01,4.30280000e-08
2.68251066e-01,4.31280000e-08
2.68251066e-01,4.32280000e-08
2.68251066e-01,4.33280000e-08
2.68251066e-01,4.34280000e-08
2.68251066e-01,4.35280000e-08
2.68251066e-01,4.36280000e-08
2.68251066e-01,4.37280000e-08
2.68251066e-01,4.38280000e-08
2.68251066e-01,4.39280000e-08
2.68251066e-01,4.40280000e-08
2.68251066e-01,4.41280000e-08
2.68251066e-01,4.42280000e-08
2.68251066e-01,4.43280000e-08
2.68251066e-01,4.44280000e-08
2.68251066e-01,4.45280000e-08
2.68251066e-01,4.46280000e-08
2.68251066e-01,4.47280000e-08
2.68251066e-01,4.48280000e-08
2.68251066e-01,4.49280000e-08
2.68251066e-01,4.50280000e-08
2.68251066e-01,4.51280000e-08
2.68251066e-01,4.52280000e-08
2.68251066e-01,4.53280000e-08
2.68251066e-01,4.54280000e-08
2.68251066e-01,4.55280000e-08
2.68251066e-01,4.56280000e-08
2.68251066e-01,4.57280000e-08
2.68251066e-01,4.58280000e-08
2.68251066e-01,4.59280000e-08
2.68251066e-01,4.60280000e-08
2.68251066e-01,4.61280000e-08
2.68251066e-01,4.62280000e-08
2.68251066e-01,4.63280000e-08
2.68251066e-01,4.64280000e-08
2.68251066e-01,4.65280000e-08
2.68251066e-01,4.66280000e-08
2.68251066e-01,4.67280000e-08
2.68251066e-01,4.68280000e-08
2.68251066e-01,4.69280000e-08
2.68251066e-01,4.70280000e-08
2.68251066e-01,4.71280000e-08
2.68251066e-01,4.72280000e-08
2.68251066e-01,4.73280000e-08
2.68251066e-01,4.74280000e-08
2.68251066e-01,4.75280000e-08
2.68251066e-01,4.76280000e-08
2.68251066e-01,4.77280000e-08
2.68251066e-01,4.78280000e-08
2.68251066e-01,4.79280000e-08
2.68251066e-01,4.80280000e-08
2.68251066e-01,4.81280000e-08
2.68251066e-01,4.82280000e-08
2.68251066e-01,4.83280000e-08
2.68251066e-01,4.84280000e-08
2.68251066e-01,4.85280000e-08
2.68251066e-01,4.86280000e-08
2.68251066e-01,4.87280000e-08
2.68251066e-01,4.88280000e-08
2.68251066e-01,4.89280000e-08
2.68251066e-01,4.90280000e-08
2.68251066e-01,4.91280000e-08
2.68251066e-01,4.92280000e-08
2.68251066e-01,4.93280000e-08
2.68251066e-01,4.94280000e-08
2.68251066e-01,4.95280000e-08
2.68251066e-01,4.96280000e-08
2.68251066e-01,4.97280000e-08
2.68251066e-01,4.98280000e-08
2.68251066e-01,4.99280000e-08
2.68251066e-01,5.00280000e-08
2.68251066e-01,5.01280000e-08
2.68251066e-01,5.02280000e-08
2.68251066e-01,5.03280000e-08
2.68251066e-01,5.04280000e-08
2.68251066e-01,5.05280000e-08
2.68251066e-01,5.06280000e-08
2.68251066e-01,5.07280000e-08
2.68251066e-01,5.08280000e-08
2.68251066e-01,5.09280000e-08
2.68251066e-01,5.10280000e-08
2.68251066e-01,5.11280000e-08
2.68251066e-01,5.12280000e-08
2.68251066e-01,5.13280000e-08
2.68251066e-01,5.14280000e-08
2.68251066e-01,5.15280000e-08
2.68251066e-01,5.16280000e-08
2.68251066e-01,5.17280000e-08
2.68251066e-01,5.18280000e-08
2.68251066e-01,5.19280000e-08
2.68251066e-01,5.20280000e-08
2.68251066e-01,5.21280000e-08
2.68251066e-01,5.22280000e-08
2.68251066e-01,5.23280000e-08
2.68251066e-01,5.24280000e-08
2.68251066e-01,5.25280000e-08
2.68251066e-01,5.26280000e-08
2.68251066e-01,5.27280000e-08
2.68251066e-01,5.28280000e-08
2.68251066e-01,5.29280000e-08
2.68251066e-01,5.30280000e-08
2.68251066e-01,5.31280000e-08
2.68251066e-01,5.32280000e-08
2.68251066e-01,5.33280000e-08
2.68251066e-01,5.34280000e-08
2.68251066e-01,5.35280000e-08
2.68251066e-01,5.36280000e-08
2.68251066e-01,5.37280000e-08
2.68251066e-01,5.38280000e-08
2.68251066e-01,5.39280000e-08
2.68251066e-01,5.40280000e-08
2.68251066e-01,5.41280000e-08
2.68251066e-01,5.42280000e-08
2.68251066e-01,5.43280000e-08
2.68251066e-01,5.44280000e-08
2.68251066e-01,5.45280000e-08
2.68251066e-01,5.46280000e-08
2.68251066e-01,5.47280000e-08
2.68251066e-01,5.48280000e-08
2.68251066e-01,5.49280000e-08
2.68251066e-01,5.50280000e-08
2.68251066e-01,5.51280000e-08
2.68251066e-01,5.52280000e-08
2.68251066e-01,5.53280000e-08
2.68251066e-01,5.54280000e-08
2.68251066e-01,5.55280000e-08
2.68251066e-01,5.56280000e-08
2.68251066e-01,5.57280000e-08
2.68251066e-01,5.58280000e-08
2.68251066e-01,5.59280000e-08
2.68251066e-01,5.60280000e-08
2.68251066e-01,5.61280000e-08
2.68251066e-01,5.62280000e-08
2.68251066e-01,5.63280000e-08
2.68251066e-01,5.64280000e-08
2.68251066e-01,5.65280000e-08
2.68251066e-01,5.66280000e-08
2.68251066e-01,5.67280000e-08
2.68251066e-01,5.68280000e-08
2.68251066e-01,5.69280000e-08
2.68251066e-01,5.70280000e-08
2.68251066e-01,5.71280000e-08
2.68251066e-01,5.72280000e-08
2.68251066e-01,5.73280000e-08
2.68251066e-01,5.74280000e-08
2.68251066e-01,5.75280000e-08
2.68251066e-01,5.76280000e-08
2.68251066e-01,5.77280000e-08
2.68251066e-01,5.78280000e-08
2.68251066e-01,5.79280000e-08
2.68251066e-01,5.80280000e-08
2.68251066e-01,5.81280000e-08
2.68251066e-01,5.82280000e-08
2.68251066e-01,5.83280000e-08
2.68251066e-01,5.84280000e-08
2.68251066e-01,5.85280000e-08
2.68251066e-01,5.86280000e-08
2.68251066e-01,5.87280000e-08
2.68251066e-01,5.88280000e-08
2.68251066e-01,5.89280000e-08
2.68251066e-01,5.90280000e-08
2.68251066e-01,5.91280000e-08
2.68251066e-01,5.92280000e-08
2.68251066e-01,5.93280000e-08
2.68251066e-01,5.94280000e-08
2.68251066e-01,5.95280000e-08
2.68251066e-01,5.96280000e-08
2.68251066e-01,5.97280000e-08
2.68251066e-01,5.98280000e-08
2.68251066e-01,5.99280000e-08
2.68251066e-01,6.00280000e-08
2.68251066e-01,6.01280000e-08
2.68251066e-01,6.02280000e-08
2.68251066e-01,6.03280000e-08
2.68251066e-01,6.04280000e-08
2.68251066e-01,6.05280000e-08
2.68251066e-01,6.06280000e-08
2.68251066e-01,6.07280000e-08
2.68251066e-01,6.08280000e-08
2.68251066e-01,6.09280000e-08
2.68251066e-01,6.10280000e-08
2.68251066e-01,6.11280000e-08
2.68251066e-01,6.12280000e-08
2.68251066e-01,6.13280000e-08
2.68251066e-01,6.14280000e-08
2.68251066e-01,6.15280000e-08
2.68251066e-01,6.16280000e-08
2.68251066e-01,6.17280000e-08
2.68251066e-01,6.18280000e-08
2.68251066e-01,6.19280000e-08
2.68251066e-01,6.20280000e-08
2.68251066e-01,6.21280000e-08
2.68251066e-01,6.22280000e-08
2.68251066e-01,6.23280000e-08
2.68251066e-01,6.24280000e-08
2.68251066e-01,6.25280000e-08
2.68251066e-01,6.26280000e-08
2.68251066e-01,6.27280000e-08
2.68251066e-01,6.28280000e-08
2.68251066e-01,6.29280000e-08
2.68251066e-01,6.30280000e-08
2.68251066e-01,6.31280000e-08
2.68251066e-01,6.32280000e-08
2.68251066e-01,6.33280000e-08
2.68251066e-01,6.34280000e-08
2.68251066e-01,6.35280000e-08
2.68251066e-01,6.36280000e-08
2.68251066e-01,6.37280000e-08
2.68251066e-01,6.38280000e-08
2.68251066e-01,6.39280000e-08
2.68251066e-01,6.40280000e-08
2.68251066e-01,6.41280000e-08
2.68251066e-01,6.42280000e-08
2.68251066e-01,6.43280000e-08
2.68251066e-01,6.44280000e-08
2.68251066e-01,6.45280000e-08
2.68251066e-01,6.46280000e-08
2.68251066e-01,6.47280000e-08
2.68251066e-01,6.48280000e-08
2.68251066e-01,6.49280000e-08
2.68251066e-01,6.50280000e-08
2.68251066e-01,6.51280000e-08
2.68251066e-01,6.52280000e-08
2.68251066e-01,6.53280000e-08
2.68251066e-01,6.54280000e-08
2.68251066e-01,6.55280000e-08
2.68251066e-01,6.56280000e-08
2.68251066e-01,6.57280000e-08
2.68251066e-01,6.58280000e-08
2.68251066e-01,6.59280000e-08
2.68251066e-01,6.60280000e-08
2.68251066e-01,6.61280000e-08
2.68251066e-01,6.62280000e-08
2.68251066e-01,6.63280000e-08
2.68251066e-01,6.64280000e-08
2.68251066e-01,6.65280000e-08
2.68251066e-01,6.66280000e-08
2.68251066e-01,6.67280000e-08
2.68251066e-01,6.68280000e-08
2.68251066e-01,6.69280000e-08
2.68251066e-01,6.70280000e-08
2.68251066e-01,6.71280000e-08
2.68251066e-01,6.72280000e-08
2.68251066e-01,6.73280000e-08
2.68251066e-01,6.74280000e-08
2.68251066e-01,6.75280000e-08
2.68251066e-01,6.76280000e-08
2.68251066e-01,6.77280000e-08
2.68251066e-01,6.78280000e-08
2.68251066e-01,6.79280000e-08
2.68251066e-01,6.80280000e-08
2.68251066e-01,6.81280000e-08
2.68251066e-01,6.82280000e-08
2.68251066e-01,6.83280000e-08
2.68251066e-01,6.84280000e-08
2.68251066e-01,6.85280000e-08
2.68251066e-01,6.86280000e-08
2.68251066e-01,6.87280000e-08
2.68251066e-01,6.88280000e-08
2.68251066e-01,6.89280000e-08
2.68251066e-01,6.90280000e-08
2.68251066e-01,6.91280000e-08
2.68251066e-01,6.92280000e-08
2.68251066e-01,6.93280000e-08
2.68251066e-01,6.94280000e-08
2.68251066e-01,6.95280000e-08
2.68251066e-01,6.96280000e-08
2.68251066e-01,6.97280000e-08
2.68251066e-01,6.98280000e-08
2.68251066e-01,6.99280000e-08
2.68251066e-01,7.00280000e-08
2.68251066e-01,7.01280000e-08
2.68251066e-01,7.02280000e-08
2.68251066e-01,7.03280000e-08
2.68251066e-01,7.04280000e-08
2.68251066e-01,7.05280000e-08
2.68251066e-01,7.06280000e-08
2.68251066e-01,7.07280000e-08
2.68251066e-01,7.08280000e-08
2.68251066e-01,7.09280000e-08
2.68251066e-01,7.10280000e-08
2.68251066e-01,7.11280000e-08
2.68251066e-01,7.12280000e-08
2.68251066e-01,7.13280000e-08
2.68251066e-01,7.14280000e-08
2.68251066e-01,7.15280000e-08
2.68251066e-01,7.16280000e-08
2.68251066e-01,7.17280000e-08
2.68251066e-01,7.18280000e-08
2.68251066e-01,7.19280000e-08
2.68251066e-01,7.20280000e-08
2.68251066e-01,7.21280000e-08
2.68251066e-01,7.22280000e-08
2.68251066e-01,7.23280000e-08
2.68251066e-01,7.24280000e-08
2.68251066e-01,7.25280000e-08
2.68251066e-01,7.26280000e-08
2.68251066e-01,7.27280000e-08
2.68251066e-01,7.28280000e-08
2.68251066e-01,7.29280000e-08
2.68251066e-01,7.30280000e-08
2.68251066e-01,7.31280000e-08
2.68251066e-01,7.32280000e-08
2.68251066e-01,7.33280000e-08
2.68251066e-01,7.34280000e-08
2.68251066e-01,7.35280000e-08
2.68251066e-01,7.36280000e-08
2.68251066e-01,7.37280000e-08
2.68251066e-01,7.38280000e-08
2.68251066e-01,7.39280000e-08
2.68251066e-01,7.40280000e-08
2.68251066e-01,7.41280000e-08
2.68251066e-01,7.42280000e-08
2.68251066e-01,7.43280000e-08
2.68251066e-01,7.44280000e-08
2.68251066e-01,7.45280000e-08
2.68251066e-01,7.46280000e-08
2.68251066e-01,7.47280000e-08
2.68251066e-01,7.48280000e-08
2.68251066e-01,7.49280000e-08
2.68251066e-01,7.50280000e-08
2.68251066e-01,7.51280000e-08
2.68251066e-01,7.52280000e-08
2.68251066e-01,7.53280000e-08
2.68251066e-01,7.54280000e-08
2.68251066e-01,7.55280000e-08
2.68251066e-01,7.56280000e-08
2.68251066e-01,7.57280000e-08
2.68251066e-01,7.58280000e-08
2.68251066e-01,7.59280000e-08
2.68251066e-01,7.60280000e-08
2.68251066e-01,7.61280000e-08
2.68251066e-01,7.62280000e-08
2.68251066e-01,7.63280000e-08
2.68251066e-01,7.64280000e-08
2.68251066e-01,7.65280000e-08
2.68251066e-01,7.66280000e-08
2.68251066e-01,7.67280000e-08
2.68251066e-01,7.68280000e-08
2.68251066e-01,7.69280000e-08
2.68251066e-01,7.70280000e-08
2.68251066e-01,7.71280000e-08
2.68251066e-01,7.72280000e-08
2.68251066e-01,7.73280000e-08
2.68251066e-01,7.74280000e-08
2.68251066e-01,7.75280000e-08
2.68251066e-01,7.76280000e-08
2.68251066e-01,7.77280000e-08
2.68251066e-01,7.78280000e-08
2.68251066e-01,7.79280000e-08
2.68251066e-01,7.80280000e-08
2.68251066e-01,7.81280000e-08
2.68251066e-01,7.82280000e-08
2.68251066e-01,7.83280000e-08
2.68251066e-01,7.84280000e-08
2.68251066e-01,7.85280000e-08
2.68251066e-01,7.86280000e-08
2.68251066e-01,7.87280000e-08
2.68251066e-01,7.88280000e-08
2.68251066e-01,7.89280000e-08
2.68251066e-01,7.90280000e-08
2.68251066e-01,7.91280000e-08
2.68251066e-01,7.92280000e-08
2.68251066e-01,7.93280000e-08
2.68251066e-01,7.94280000e-08
2.68251066e-01,7.95280000e-08
2.68251066e-01,7.96280000e-08
2.68251066e-01,7.97280000e-08
2.68251066e-01,7.98280000e-08
2.68251066e-01,7.99280000e-08
2.68251066e-01,8.00280000e-08
2.68251066e-01,8.01280000e-08
2.68251066e-01,8.02280000e-08
2.68251066e-01,8.03280000e-08
2.68251066e-01,8.04280000e-08
2.68251066e-01,8.05280000e-08
2.68251066e-01,8.06280000e-08
2.68251066e-01,8.07280000e-08
2.68251066e-01,8.08280000e-08
2.68251066e-01,8.09280000e-08
2.68251066e-01,8.10280000e-08
2.68251066e-01,8.11280000e-08
2.68251066e-01,8.12280000e-08
2.68251066e-01,8.13280000e-08
2.68251066e-01,8.14280000e-08
2.68251066e-01,8.15280000e-08
2.68251066e-01,8.16280000e-08
2.68251066e-01,8.17280000e-08
2.68251066e-01,8.18280000e-08
2.68251066e-01,8.19280000e-08
2.68251066e-01,8.20280000e-08
2.68251066e-01,8.21280000e-08
2.68251066e-01,8.22280000e-08
2.68251066e-01,8.23280000e-08
2.68251066e-01,8.24280000e-08
2.68251066e-01,8.25280000e-08
2.68251066e-01,8.26280000e-08
2.68251066e-01,8.27280000e-08
2.68251066e-01,8.28280000e-08
2.68251066e-01,8.29280000e-08
2.68251066e-01,8.30280000e-08
2.68251066e-01,8.31280000e-08
2.68251066e-01,8.32280000e-08
2.68251066e-01,8.33280000e-08
2.68251066e-01,8.34280000e-08
2.68251066e-01,8.35280000e-08
2.68251066e-01,8.36280000e-08
2.68251066e-01,8.37280000e-08
2.68251066e-01,8.38280000e-08
2.68251066e-01,8.39280000e-08
2.68251066e-01,8.40280000e-08
2.68251066e-01,8.41280000e-08
2.68251066e-01,8.42280000e-08
2.68251066e-01,8.43280000e-08
2.68251066e-01,8.44280000e-08
2.68251066e-01,8.45280000e-08
2.68251066e-01,8.46280000e-08
2.68251066e-01,8.47280000e-08
2.68251066e-01,8.48280000e-08
2.68251066e-01,8.49280000e-08
2.68251066e-01,8.50280000e-08
2.68251066e-01,8.51280000e-08
2.68251066e-01,8.52280000e-08
2.68251066e-01,8.53280000e-08
2.68251066e-01,8.54280000e-08
2.68251066e-01,8.55280000e-08
2.68251066e-01,8.56280000e-08
2.68251066e-01,8.57280000e-08
2.68251066e-01,8.58280000e-08
2.68251066e-01,8.59280000e-08
2.68251066e-01,8.60280000e-08
2.68251066e-01,8.61280000e-08
2.68251066e-01,8.62280000e-08
2.68251066e-01,8.63280000e-08
2.68251066e-01,8.64280000e-08
2.68251066e-01,8.65280000e-08
2.68251066e-01,8.66280000e-08
2.68251066e-01,8.67280000e-08
2.68251066e-01,8.68280000e-08
2.68251066e-01,8.69280000e-08
2.68251066e-01,8.70280000e-08
2.68251066e-01,8.71280000e-08
2.68251066e-01,8.72280000e-08
2.68251066e-01,8.73280000e-08
2.68251066e-01,8.74280000e-08
2.68251066e-01,8.75280000e-08
2.68251066e-01,8.76280000e-08
2.68251066e-01,8.77280000e-08
2.68251066e-01,8.78280000e-08
2.68251066e-01,8.79280000e-08
2.68251066e-01,8.80280000e-08
2.68251066e-01,8.81280000e-08
2.68251066e-01,8.82280000e-08
2.68251066e-01,8.83280000e-08
2.68251066e-01,8.84280000e-08
2.68251066e-01,8.85280000e-08
2.68251066e-01,8.86280000e-08
2.68251066e-01,8.87280000e-08
2.68251066e-01,8.88280000e-08
2.68251066e-01,8.89280000e-08
2.68251066e-01,8.90280000e-08
2.68251066e-01,8.91280000e-08
2.68251066e-01,8.92280000e-08
2.68251066e-01,8.93280000e-08
2.68251066e-01,8.94280000e-08
2.68251066e-01,8.95280000e-08
2.68251066e-01,8.96280000e-08
2.68251066e-01,8.97280000e-08
2.68251066e-01,8.98280000e-08
2.68251066e-01,8.99280000e-08
2.68251066e-01,9.00280000e-08
2.68251066e-01,9.01280000e-08
2.68251066e-01,9.02280000e-08
2.68251066e-01,9.03280000e-08
2.68251066e-01,9.04280000e-08
2.68251066e-01,9.05280000e-08
2.68251066e-01,9.06280000e-08
2.68251066e-01,9.07280000e-08
2.68251066e-01,9.08280000e-08
2.68251066e-01,9.09280000e-08
2.68251066e-01,9.10280000e-08
2.68251066e-01,9.11280000e-08
2.68251066e-01,9.12280000e-08
2.68251066e-01,9.13280000e-08
2.68251066e-01,9.14280000e-08
2.68251066e-01,9.15280000e-08
2.68251066e-01,9.16280000e-08
2.68251066e-01,9.17280000e-08
2.68251066e-01,9.18280000e-08
2.68251066e-01,9.19280000e-08
2.68251066e-01,9.20280000e-08
2.68251066e-01,9.21280000e-08
2.68251066e-01,9.22280000e-08
2.68251066e-01,9.23280000e-08
2.68251066e-01,9.24280000e-08
2.68251066e-01,9.25280000e-08
2.68251066e-01,9.26280000e-08
2.68251066e-01,9.27280000e-08
2.68251066e-01,9.28280000e-08
2.68251066e-01,9.29280000e-08
2.68251066e-01,9.30280000e-08
2.68251066e-01,9.31280000e-08
2.68251066e-01,9.32280000e-08
2.68251066e-01,9.33280000e-08
2.68251066e-01,9.34280000e-08
2.68251066e-01,9.35280000e-08
2.68251066e-01,9.36280000e-08
2.68251066e-01,9.37280000e-08
2.68251066e-01,9.38280000e-08
2.68251066e-01,9.39280000e-08
2.68251066e-01,9.40280000e-08
2.68251066e-01,9.41280000e-08
2.68251066e-01,9.42280000e-08
2.68251066e-01,9.43280000e-08
2.68251066e-01,9.44280000e-08
2.68251066e-01,9.45280000e-08
2.68251066e-01,9.46280000e-08
2.68251066e-01,9.47280000e-08
2.68251066e-01,9.48280000e-08
2.68251066e-01,9.49280000e-08
2.68251066e-01,9.50280000e-08
2.68251066e-01,9.51280000e-08
2.68251066e-01,9.52280000e-08
2.68251066e-01,9.53280000e-08
2.68251066e-01,9.54280000e-08
2.68251066e-01,9.55280000e-08
2.68251066e-01,9.56280000e-08
2.68251066e-01,9.57280000e-08
2.68251066e-01,9.58280000e-08
2.68251066e-01,9.59280000e-08
2.68251066e-01,9.60280000e-08
2.68251066e-01,9.61280000e-08
2.68251066e-01,9.62280000e-08
2.68251066e-01,9.63280000e-08
2.68251066e-01,9.64280000e-08
2.68251066e-01,9.65280000e-08
2.68251066e-01,9.66280000e-08
2.68251066e-01,9.67280000e-08
2.68251066e-01,9.68280000e-08
2.68251066e-01,9.69280000e-08
2.68251066e-01,9.70280000e-08
2.68251066e-01,9.71280000e-08
2.68251066e-01,9.72280000e-08
2.68251066e-01,9.73280000e-08
2.68251066e-01,9.74280000e-08
2.68251066e-01,9.75280000e-08
2.68251066e-01,9.76280000e-08
2.68251066e-01,9.77280000e-08
2.68251066e-01,9.78280000e-08
2.68251066e-01,9.79280000e-08
2.68251066e-01,9.80280000e-08
2.68251066e-01,9.81280000e-08
2.68251066e-01,9.82280000e-08
2.68251066e-01,9.83280000e-08
2.68251066e-01,9.84280000e-08
2.68251066e-01,9.85280000e-08
2.68251066e-01,9.86280000e-08
2.68251066e-01,9.87280000e-08
2.68251066e-01,9.88280000e-08
2.68251066e-01,9.89280000e-08
2.68251066e-01,9.90000000e-08
2.68251065e-01,9.90100000e-08
2.68251062e-01,9.90300000e-08
2.68251042e-01,9.90700000e-08
2.68250956e-01,9.91500000e-08
2.68250753e-01,9.92500000e-08
2.68250425e-01,9.93500000e-08
2.68249926e-01,9.94500000e-08
2.68249225e-01,9.95500000e-08
2.68248687e-01,9.96500000e-08
2.68251581e-01,9.97500000e-08
2.68268151e-01,9.98500000e-08
2.68306906e-01,9.99500000e-08
2.68333491e-01,1.00000000e-07
2.68339146e-01,1.00010000e-07
2.68350558e-01,1.00030000e-07
2.68373774e-01,1.00070000e-07
2.68420600e-01,1.00150000e-07
2.68478819e-01,1.00250000e-07
2.68536496e-01,1.00350000e-07
2.68593858e-01,1.00450000e-07
2.68651061e-01,1.00550000e-07
2.68708178e-01,1.00650000e-07
2.68765234e-01,1.00750000e-07
2.68822242e-01,1.00850000e-07
2.68879204e-01,1.00950000e-07
2.68936121e-01,1.01050000e-07
2.68992992e-01,1.01150000e-07
2.69049816e-01,1.01250000e-07
2.69106590e-01,1.01350000e-07
2.69163315e-01,1.01450000e-07
2.69219988e-01,1.01550000e-07
2.69276608e-01,1.01650000e-07
2.69333175e-01,1.01750000e-07
2.69389688e-01,1.01850000e-07
2.69446146e-01,1.01950000e-07
2.69502549e-01,1.02050000e-07
2.69558896e-01,1.02150000e-07
2.69615186e-01,1.02250000e-07
2.69671420e-01,1.02350000e-07
2.69727597e-01,1.02450000e-07
2.69783717e-01,1.02550000e-07
2.69839779e-01,1.02650000e-07
2.69895784e-01,1.02750000e-07
2.69951731e-01,1.02850000e-07
2.70007620e-01,1.02950000e-07
2.70063451e-01,1.03050000e-07
2.70119224e-01,1.03150000e-07
2.70174939e-01,1.03250000e-07
2.70230596e-01,1.03350000e-07
2.70286195e-01,1.03450000e-07
2.70341735e-01,1.03550000e-07
2.70397217e-01,1.03650000e-07
2.70452641e-01,1.03750000e-07
2.70508007e-01,1.03850000e-07
2.70563314e-01,1.03950000e-07
2.70618563e-01,1.04050000e-07
2.70673754e-01,1.04150000e-07
2.70728887e-01,1.04250000e-07
2.70783962e-01,1.04350000e-07
2.70838978e-01,1.04450000e-07
2.70893936e-01,1.04550000e-07
2.70948837e-01,1.04650000e-07
2.71003679e-01,1.04750000e-07
2.71058464e-01,1.04850000e-07
2.71113190e-01,1.04950000e-07
2.71167859e-01,1.05050000e-07
2.71222470e-01,1.05150000e-07
2.71277023e-01,1.05250000e-07
2.71331518e-01,1.05350000e-07
2.71385956e-01,1.05450000e-07
2.71440336e-01,1.05550000e-07
2.71494659e-01,1.05650000e-07
2.71548925e-01,1.05750000e-07
2.71603133e-01,1.05850000e-07
2.71657283e-01,1.05950000e-07
2.71711377e-01,1.06050000e-07
2.71765413e-01,1.06150000e-07
2.71819393e-01,1.06250000e-07
2.71873315e-01,1.06350000e-07
2.71927180e-01,1.06450000e-07
2.71980989e-01,1.06550000e-07
2.72034740e-01,1.06650000e-07
2.72088435e-01,1.06750000e-07
2.72142074e-01,1.06850000e-07
2.72195655e-01,1.06950000e-07
2.72249181e-01,1.07050000e-07
2.72302649e-01,1.07150000e-07
2.72356062e-01,1.07250000e-07
2.72409418e-01,1.07350000e-07
2.72462718e-01,1.07450000e-07
2.72515962e-01,1.07550000e-07
2.72569149e-01,1.07650000e-07
2.72622281e-01,1.07750000e-07
2.72675357e-01,1.07850000e-07
2.72728377e-01,1.07950000e-07
2.72781342e-01,1.08050000e-07
2.72834250e-01,1.08150000e-07
2.72887104e-01,1.08250000e-07
2.72939901e-01,1.08350000e-07
2.72992643e-01,1.08450000e-07
2.73045330e-01,1.08550000e-07
2.73097962e-01,1.08650000e-07
2.73150538e-01,1.08750000e-07
2.73203060e-01,1.08850000e-07
2.73255526e-01,1.08950000e-07
2.73307937e-01,1.09050000e-07
2.73360294e-01,1.09150000e-07
2.73412596e-01,1.09250000e-07
2.73464843e-01,1.09350000e-07
2.73517035e-01,1.09450000e-07
2.73569173e-01,1.09550000e-07
2.73621256e-01,1.09650000e-07
2.73673285e-01,1.09750000e-07
2.73725260e-01,1.09850000e-07
2.73777180e-01,1.09950000e-07
2.73829047e-01,1.10050000e-07
2.73880859e-01,1.10150000e-07
2.73932617e-01,1.10250000e-07
2.73984321e-01,1.10350000e-07
2.74035972e-01,1.10450000e-07
2.74087569e-01,1.10550000e-07
2.74139112e-01,1.10650000e-07
2.74190601e-01,1.10750000e-07
2.74242037e-01,1.10850000e-07
2.74293420e-01,1.10950000e-07
2.74344749e-01,1.11050000e-07
2.74396025e-01,1.11150000e-07
2.74447247e-01,1.11250000e-07
2.74498417e-01,1.11350000e-07
2.74549534e-01,1.11450000e-07
2.74600597e-01,1.11550000e-07
2.74651608e-01,1.11650000e-07
2.74702566e-01,1.11750000e-07
2.74753471e-01,1.11850000e-07
2.74804324e-01,1.11950000e-07
2.74855124e-01,1.12050000e-07
2.74905872e-01,1.12150000e-07
2.74956567e-01,1.12250000e-07
2.75007210e-01,1.12350000e-07
2.75057800e-01,1.12450000e-07
2.75108339e-01,1.12550000e-07
2.75158825e-01,1.12650000e-07
2.75209260e-01,1.12750000e-07
2.75259642e-01,1.12850000e-07
2.75309973e-01,1.12950000e-07
2.75360252e-01,1.13050000e-07
2.75410479e-01,1.13150000e-07
2.75460655e-01,1.13250000e-07
2.75510779e-01,1.13350000e-07
2.75560852e-01,1.13450000e-07
2.75610873e-01,1.13550000e-07
2.75660843e-01,1.13650000e-07
2.75710762e-01,1.13750000e-07
2.75760630e-01,1.13850000e-07
2.75810446e-01,1.13950000e-07
2.75860212e-01,1.14050000e-07
2.75909927e-01,1.14150000e-07
2.75959591e-01,1.14250000e-07
2.76009204e-01,1.14350000e-07
2.76058767e-01,1.14450000e-07
2.76108279e-01,1.14550000e-07
2.76157740e-01,1.14650000e-07
2.76207151e-01,1.14750000e-07
2.76256512e-01,1.14850000e-07
2.76305823e-01,1.14950000e-07
2.76355083e-01,1.15050000e-07
2.76404293e-01,1.15150000e-07
2.76453453e-01,1.15250000e-07
2.76502564e-01,1.15350000e-07
2.76551624e-01,1.15450000e-07
2.76600635e-01,1.15550000e-07
2.76649596e-01,1.15650000e-07
2.76698507e-01,1.15750000e-07
2.76747369e-01,1.15850000e-07
2.76796181e-01,1.15950000e-07
2.76844944e-01,1.16050000e-07
2.76893657e-01,1.16150000e-07
2.76942322e-01,1.16250000e-07
2.76990937e-01,1.16350000e-07
2.77039503e-01,1.16450000e-07
2.77088020e-01,1.16550000e-07
2.77136488e-01,1.16650000e-07
2.77184907e-01,1.16750000e-07
2.77233277e-01,1.16850000e-07
2.77281599e-01,1.16950000e-07
2.77329872e-01,1.17050000e-07
2.77378097e-01,1.17150000e-07
2.77426273e-01,1.17250000e-07
2.77474401e-01,1.17350000e-07
2.77522480e-01,1.17450000e-07
2.77570511e-01,1.17550000e-07
2.77618494e-01,1.17650000e-07
2.77666429e-01,1.17750000e-07
2.77714316e-01,1.17850000e-07
2.77762155e-01,1.17950000e-07
2.77809946e-01,1.18050000e-07
2.77857690e-01,1.18150000e-07
2.77905385e-01,1.18250000e-07
2.77953033e-01,1.18350000e-07
2.78000634e-01,1.18450000e-07
2.78048187e-01,1.18550000e-07
2.78095693e-01,1.18650000e-07
2.78143151e-01,1.18750000e-07
2.78190562e-01,1.18850000e-07
2.78237926e-01,1.18950000e-07
2.78285243e-01,1.19050000e-07
2.78332513e-01,1.19150000e-07
2.78379736e-01,1.19250000e-07
2.78426912e-01,1.19350000e-07
2.78474042e-01,1.19450000e-07
2.78521124e-01,1.19550000e-07
2.78568161e-01,1.19650000e-07
2.78615150e-01,1.19750000e-07
2.78662093e-01,1.19850000e-07
2.78708990e-01,1.19950000e-07
2.78755840e-01,1.20050000e-07
2.78802644e-01,1.20150000e-07
2.78849403e-01,1.20250000e-07
2.78896114e-01,1.20350000e-07
2.78942780e-01,1.20450000e-07
2.78989400e-01,1.20550000e-07
2.79035975e-01,1.20650000e-07
2.79082503e-01,1.20750000e-07
2.79128986e-01,1.20850000e-07
2.79175423e-01,1.20950000e-07
2.79221815e-01,1.21050000e-07
2.79268161e-01,1.21150000e-07
2.79314461e-01,1.21250000e-07
2.79360717e-01,1.21350000e-07
2.79406927e-01,1.21450000e-07
2.79453092e-01,1.21550000e-07
2.79499212e-01,1.21650000e-07
2.79545287e-01,1.21750000e-07
2.79591317e-01,1.21850000e-07
2.79637302e-01,1.21950000e-07
2.79683243e-01,1.22050000e-07
2.79729138e-01,1.22150000e-07
2.79774989e-01,1.22250000e-07
2.79820796e-01,1.22350000e-07
2.79866558e-01,1.22450000e-07
2.79912276e-01,1.22550000e-07
2.79957949e-01,1.22650000e-07
2.80003578e-01,1.22750000e-07
2.80049164e-01,1.22850000e-07
2.80094704e-01,1.22950000e-07
2.80140201e-01,1.23050000e-07
2.80185654e-01,1.23150000e-07
2.80231064e-01,1.23250000e-07
2.80276429e-01,1.23350000e-07
2.80321751e-01,1.23450000e-07
2.80367029e-01,1.23550000e-07
2.80412263e-01,1.23650000e-07
2.80457455e-01,1.23750000e-07
2.80502602e-01,1.23850000e-07
2.80547707e-01,1.23950000e-07
2.80592768e-01,1.24050000e-07
2.80637786e-01,1.24150000e-07
2.80682761e-01,1.24250000e-07
2.80727693e-01,1.24350000e-07
2.80772582e-01,1.24450000e-07
2.80817428e-01,1.24550000e-07
2.80862232e-01,1.24650000e-07
2.80906992e-01,1.24750000e-07
2.80951710e-01,1.24850000e-07
2.80996386e-01,1.24950000e-07
2.81041019e-01,1.25050000e-07
2.81085610e-01,1.25150000e-07
2.81130158e-01,1.25250000e-07
2.81174665e-01,1.25350000e-07
2.81219129e-01,1.25450000e-07
2.81263551e-01,1.25550000e-07
2.81307931e-01,1.25650000e-07
2.81352269e-01,1.25750000e-07
2.81396565e-01,1.25850000e-07
2.81440820e-01,1.25950000e-07
2.81485033e-01,1.26050000e-07
2.81529204e-01,1.26150000e-07
2.81573334e-01,1.26250000e-07
2.81617422e-01,1.26350000e-07
2.81661469e-01,1.26450000e-07
2.81705474e-01,1.26550000e-07
2.81749439e-01,1.26650000e-07
2.81793362e-01,1.26750000e-07
2.81837244e-01,1.26850000e-07
2.81881086e-01,1.26950000e-07
2.81924886e-01,1.27050000e-07
2.81968646e-01,1.27150000e-07
2.82012365e-01,1.27250000e-07
2.82056043e-01,1.27350000e-07
2.82099680e-01,1.27450000e-07
2.82143277e-01,1.27550000e-07
2.82186834e-01,1.27650000e-07
2.82230351e-01,1.27750000e-07
2.82273827e-01,1.27850000e-07
2.82317263e-01,1.27950000e-07
2.82360658e-01,1.28050000e-07
2.82404014e-01,1.28150000e-07
2.82447330e-01,1.28250000e-07
2.82490606e-01,1.28350000e-07
2.82533842e-01,1.28450000e-07
2.82577039e-01,1.28550000e-07
2.82620196e-01,1.28650000e-07
2.82663313e-01,1.28750000e-07
2.82706391e-01,1.28850000e-07
2.82749430e-01,1.28950000e-07
2.82792429e-01,1.29050000e-07
2.82835389e-01,1.29150000e-07
2.82878310e-01,1.29250000e-07
2.82921192e-01,1.29350000e-07
2.82964035e-01,1.29450000e-07
2.83006839e-01,1.29550000e-07
2.83049604e-01,1.29650000e-07
2.83092330e-01,1.29750000e-07
2.83135018e-01,1.29850000e-07
2.83177667e-01,1.29950000e-07
2.83220278e-01,1.30050000e-07
2.83262851e-01,1.30150000e-07
2.83305385e-01,1.30250000e-07
2.83347881e-01,1.30350000e-07
2.83390338e-01,1.30450000e-07
2.83432758e-01,1.30550000e-07
2.83475140e-01,1.30650000e-07
2.83517483e-01,1.30750000e-07
2.83559789e-01,1.30850000e-07
2.83602058e-01,1.30950000e-07
2.83644288e-01,1.31050000e-07
2.83686481e-01,1.31150000e-07
2.83728637e-01,1.31250000e-07
2.83770755e-01,1.31350000e-07
2.83812836e-01,1.31450000e-07
2.83854880e-01,1.31550000e-07
2.83896886e-01,1.31650000e-07
2.83938856e-01,1.31750000e-07
2.83980788e-01,1.31850000e-07
2.84022684e-01,1.31950000e-07
2.84064543e-01,1.32050000e-07
2.84106365e-01,1.32150000e-07
2.84148150e-01,1.32250000e-07
2.84189899e-01,1.32350000e-07
2.84231612e-01,1.32450000e-07
2.84273288e-01,1.32550000e-07
2.84314928e-01,1.32650000e-07
2.84356532e-01,1.32750000e-07
2.84398100e-01,1.32850000e-07
2.84439631e-01,1.32950000e-07
2.84481127e-01,1.33050000e-07
2.84522587e-01,1.33150000e-07
2.84564011e-01,1.33250000e-07
2.84605400e-01,1.33350000e-07
2.84646753e-01,1.33450000e-07
2.84688071e-01,1.33550000e-07
2.84729353e-01,1.33650000e-07
2.84770600e-01,1.33750000e-07
2.84811812e-01,1.33850000e-07
2.84852988e-01,1.33950000e-07
2.84894130e-01,1.34050000e-07
2.84935237e-01,1.34150000e-07
2.84976309e-01,1.34250000e-07
2.85017346e-01,1.34350000e-07
2.85058349e-01,1.34450000e-07
2.85099317e-01,1.34550000e-07
2.85140251e-01,1.34650000e-07
2.85181150e-01,1.34750000e-07
2.85222015e-01,1.34850000e-07
2.85262846e-01,1.34950000e-07
2.85303643e-01,1.35050000e-07
2.85344406e-01,1.35150000e-07
2.85385136e-01,1.35250000e-07
2.85425831e-01,1.35350000e-07
2.85466493e-01,1.35450000e-07
2.85507121e-01,1.35550000e-07
2.85547716e-01,1.35650000e-07
2.85588277e-01,1.35750000e-07
2.85628806e-01,1.35850000e-07
2.85669301e-01,1.35950000e-07
2.85709763e-01,1.36050000e-07
2.85750192e-01,1.36150000e-07
2.85790588e-01,1.36250000e-07
2.85830952e-01,1.36350000e-07
2.85871283e-01,1.36450000e-07
2.85911581e-01,1.36550000e-07
2.85951847e-01,1.36650000e-07
2.85992081e-01,1.36750000e-07
2.86032282e-01,1.36850000e-07
2.86072451e-01,1.36950000e-07
2.86112589e-01,1.37050000e-07
2.86152694e-01,1.37150000e-07
2.86192768e-01,1.37250000e-07
2.86232810e-01,1.37350000e-07
2.86272821e-01,1.37450000e-07
2.86312800e-01,1.37550000e-07
2.86352748e-01,1.37650000e-07
2.86392664e-01,1.37750000e-07
2.86432550e-01,1.37850000e-07
2.86472405e-01,1.37950000e-07
2.86512228e-01,1.38050000e-07
2.86552021e-01,1.38150000e-07
2.86591784e-01,1.38250000e-07
2.86631516e-01,1.38350000e-07
2.86671217e-01,1.38450000e-07
2.86710889e-01,1.38550000e-07
2.86750530e-01,1.38650000e-07
2.86790141e-01,1.38750000e-07
2.86829722e-01,1.38850000e-07
2.86869274e-01,1.38950000e-07
2.86908796e-01,1.39050000e-07
2.86948288e-01,1.39150000e-07
2.86987751e-01,1.39250000e-07
2.87027185e-01,1.39350000e-07
2.87066590e-01,1.39450000e-07
2.87105966e-01,1.39550000e-07
2.87145313e-01,1.39650000e-07
2.87184631e-01,1.39750000e-07
2.87223920e-01,1.39850000e-07
2.87263182e-01,1.39950000e-07
2.87302415e-01,1.40050000e-07
2.87341620e-01,1.40150000e-07
2.87380796e-01,1.40250000e-07
2.87419945e-01,1.40350000e-07
2.87459067e-01,1.40450000e-07
2.87498160e-01,1.40550000e-07
2.87537227e-01,1.40650000e-07
2.87576266e-01,1.40750000e-07
2.87615278e-01,1.40850000e-07
2.87654262e-01,1.40950000e-07
2.87693221e-01,1.41050000e-07
2.87732152e-01,1.41150000e-07
2.87771057e-01,1.41250000e-07
2.87809936e-01,1.41350000e-07
2.87848788e-01,1.41450000e-07
2.87887615e-01,1.41550000e-07
2.87926416e-01,1.41650000e-07
2.87965191e-01,1.41750000e-07
2.88003940e-01,1.41850000e-07
2.88042665e-01,1.41950000e-07
2.88081364e-01,1.42050000e-07
2.88120038e-01,1.42150000e-07
2.88158687e-01,1.42250000e-07
2.88197312e-01,1.42350000e-07
2.88235912e-01,1.42450000e-07
2.88274488e-01,1.42550000e-07
2.88313040e-01,1.42650000e-07
2.88351568e-01,1.42750000e-07
2.88390073e-01,1.42850000e-07
2.88428554e-01,1.42950000e-07
2.88467011e-01,1.43050000e-07
2.88505446e-01,1.43150000e-07
2.88543858e-01,1.43250000e-07
2.88582247e-01,1.43350000e-07
2.88620613e-01,1.43450000e-07
2.88658958e-01,1.43550000e-07
2.88697280e-01,1.43650000e-07
2.88735581e-01,1.43750000e-07
2.88773860e-01,1.43850000e-07
2.88812117e-01,1.43950000e-07
2.88850354e-01,1.44050000e-07
2.88888569e-01,1.44150000e-07
2.88926764e-01,1.44250000e-07
2.88964938e-01,1.44350000e-07
2.89003093e-01,1.44450000e-07
2.89041227e-01,1.44550000e-07
2.89079342e-01,1.44650000e-07
2.89117437e-01,1.44750000e-07
2.89155513e-01,1.44850000e-07
2.89193570e-01,1.44950000e-07
2.89231608e-01,1.45050000e-07
2.89269628e-01,1.45150000e-07
2.89307630e-01,1.45250000e-07
2.89345614e-01,1.45350000e-07
2.89383580e-01,1.45450000e-07
2.89421529e-01,1.45550000e-07
2.89459461e-01,1.45650000e-07
2.89497377e-01,1.45750000e-07
2.89535276e-01,1.45850000e-07
2.89573159e-01,1.45950000e-07
2.89611026e-01,1.46050000e-07
2.89648878e-01,1.46150000e-07
2.89686714e-01,1.46250000e-07
2.89724536e-01,1.46350000e-07
2.89762343e-01,1.46450000e-07
2.89800136e-01,1.46550000e-07
2.89837915e-01,1.46650000e-07
2.89875681e-01,1.46750000e-07
2.89913434e-01,1.46850000e-07
2.89951174e-01,1.46950000e-07
2.89988901e-01,1.47050000e-07
2.90026616e-01,1.47150000e-07
2.90064320e-01,1.47250000e-07
2.90102013e-01,1.47350000e-07
2.90139694e-01,1.47450000e-07
2.90177366e-01,1.47550000e-07
2.90215027e-01,1.47650000e-07
2.90252678e-01,1.47750000e-07
2.90290320e-01,1.47850000e-07
2.90327954e-01,1.47950000e-07
2.90365579e-01,1.48050000e-07
2.90403196e-01,1.48150000e-07
2.90440805e-01,1.48250000e-07
2.90478408e-01,1.48350000e-07
2.90516004e-01,1.48450000e-07
2.90553594e-01,1.48550000e-07
2.90591178e-01,1.48650000e-07
2.90628757e-01,1.48750000e-07
2.90666331e-01,1.48850000e-07
2.90703902e-01,1.48950000e-07
2.90741468e-01,1.49050000e-07
2.90779032e-01,1.49150000e-07
2.90816593e-01,1.49250000e-07
2.90854152e-01,1.49350000e-07
2.90891710e-01,1.49450000e-07
2.90929267e-01,1.49550000e-07
2.90966823e-01,1.49650000e-07
2.91004380e-01,1.49750000e-07
2.91041938e-01,1.49850000e-07
2.91079497e-01,1.49950000e-07
2.91117058e-01,1.50050000e-07
2.91154622e-01,1.50150000e-07
2.91192190e-01,1.50250000e-07
2.91229761e-01,1.50350000e-07
2.91267338e-01,1.50450000e-07
2.91304919e-01,1.50550000e-07
2.91342507e-01,1.50650000e-07
2.91380102e-01,1.50750000e-07
2.91417704e-01,1.50850000e-07
2.91455314e-01,1.50950000e-07
2.91492933e-01,1.51050000e-07
2.91530562e-01,1.51150000e-07
2.91568202e-01,1.51250000e-07
2.91605853e-01,1.51350000e-07
2.91643516e-01,1.51450000e-07
2.91681192e-01,1.51550000e-07
2.91718882e-01,1.51650000e-07
2.91756587e-01,1.51750000e-07
2.91794307e-01,1.51850000e-07
2.91832043e-01,1.51950000e-07
2.91869797e-01,1.52050000e-07
2.91907569e-01,1.52150000e-07
2.91945360e-01,1.52250000e-07
2.91983172e-01,1.52350000e-07
2.92021004e-01,1.52450000e-07
2.92058858e-01,1.52550000e-07
2.92096736e-01,1.52650000e-07
2.92134638e-01,1.52750000e-07
2.92172565e-01,1.52850000e-07
2.92210518e-01,1.52950000e-07
2.92248498e-01,1.53050000e-07
2.92286507e-01,1.53150000e-07
2.92324545e-01,1.53250000e-07
2.92362614e-01,1.53350000e-07
2.92400715e-01,1.53450000e-07
2.92438850e-01,1.53550000e-07
2.92477018e-01,1.53650000e-07
2.92515222e-01,1.53750000e-07
2.92553463e-01,1.53850000e-07
2.92591742e-01,1.53950000e-07
2.92630060e-01,1.54050000e-07
2.92668420e-01,1.54150000e-07
2.92706821e-01,1.54250000e-07
2.92745266e-01,1.54350000e-07
2.92783756e-01,1.54450000e-07
2.92822293e-01,1.54550000e-07
2.92860877e-01,1.54650000e-07
2.92899511e-01,1.54750000e-07
2.92938195e-01,1.54850000e-07
2.92976933e-01,1.54950000e-07
2.93015724e-01,1.55050000e-07
2.93054571e-01,1.55150000e-07
2.93093475e-01,1.55250000e-07
2.93132439e-01,1.55350000e-07
2.93171463e-01,1.55450000e-07
2.93210550e-01,1.55550000e-07
2.93249701e-01,1.55650000e-07
2.93288919e-01,1.55750000e-07
2.93328204e-01,1.55850000e-07
2.93367560e-01,1.55950000e-07
2.93406987e-01,1.56050000e-07
2.93446488e-01,1.56150000e-07
2.93486065e-01,1.56250000e-07
2.93525719e-01,1.56350000e-07
2.93565454e-01,1.56450000e-07
2.93605270e-01,1.56550000e-07
2.93645171e-01,1.56650000e-07
2.93685159e-01,1.56750000e-07
2.93725234e-01,1.56850000e-07
2.93765401e-01,1.56950000e-07
2.93805661e-01,1.57050000e-07
2.93846017e-01,1.57150000e-07
2.93886470e-01,1.57250000e-07
2.93927025e-01,1.57350000e-07
2.93967682e-01,1.57450000e-07
2.94008445e-01,1.57550000e-07
2.94049315e-01,1.57650000e-07
2.94090297e-01,1.57750000e-07
2.94131392e-01,1.57850000e-07
2.94172604e-01,1.57950000e-07
2.94213934e-01,1.58050000e-07
2.94255387e-01,1.58150000e-07
2.94296964e-01,1.58250000e-07
2.94338669e-01,1.58350000e-07
2.94380505e-01,1.58450000e-07
2.94422474e-01,1.58550000e-07
2.94464581e-01,1.58650000e-07
2.94506828e-01,1.58750000e-07
2.94549218e-01,1.58850000e-07
2.94591755e-01,1.58950000e-07
2.94634442e-01,1.59050000e-07
2.94677283e-01,1.59150000e-07
2.94720281e-01,1.59250000e-07
2.94763439e-01,1.59350000e-07
2.94806762e-01,1.59450000e-07
2.94850252e-01,1.59550000e-07
2.94893914e-01,1.59650000e-07
2.94937751e-01,1.59750000e-07
2.94981768e-01,1.59850000e-07
2.95025968e-01,1.59950000e-07
2.95070355e-01,1.60050000e-07
2.95114934e-01,1.60150000e-07
2.95159709e-01,1.60250000e-07
2.95204683e-01,1.60350000e-07
2.95249861e-01,1.60450000e-07
2.95295248e-01,1.60550000e-07
2.95340849e-01,1.60650000e-07
2.95386666e-01,1.60750000e-07
2.95432706e-01,1.60850000e-07
2.95478973e-01,1.60950000e-07
2.95525472e-01,1.61050000e-07
2.95572208e-01,1.61150000e-07
2.95619185e-01,1.61250000e-07
2.95666409e-01,1.61350000e-07
2.95713884e-01,1.61450000e-07
2.95761617e-01,1.61550000e-07
2.95809613e-01,1.61650000e-07
2.95857876e-01,1.61750000e-07
2.95906412e-01,1.61850000e-07
2.95955228e-01,1.61950000e-07
2.96004328e-01,1.62050000e-07
2.96053719e-01,1.62150000e-07
2.96103406e-01,1.62250000e-07
2.96153395e-01,1.62350000e-07
2.96203693e-01,1.62450000e-07
2.96254306e-01,1.62550000e-07
2.96305240e-01,1.62650000e-07
2.96356501e-01,1.62750000e-07
2.96408096e-01,1.62850000e-07
2.96460031e-01,1.62950000e-07
2.96512314e-01,1.63050000e-07
2.96564951e-01,1.63150000e-07
2.96617949e-01,1.63250000e-07
2.96671315e-01,1.63350000e-07
2.96725056e-01,1.63450000e-07
2.96779180e-01,1.63550000e-07
2.96833694e-01,1.63650000e-07
2.96888605e-01,1.63750000e-07
2.96943921e-01,1.63850000e-07
2.96999651e-01,1.63950000e-07
2.97055801e-01,1.64050000e-07
2.97112380e-01,1.64150000e-07
2.97169396e-01,1.64250000e-07
2.97226858e-01,1.64350000e-07
2.97284772e-01,1.64450000e-07
2.97343149e-01,1.64550000e-07
2.97401997e-01,1.64650000e-07
2.97461324e-01,1.64750000e-07
2.97521140e-01,1.64850000e-07
2.97581453e-01,1.64950000e-07
2.97642273e-01,1.65050000e-07
2.97703609e-01,1.65150000e-07
2.97765470e-01,1.65250000e-07
2.97827866e-01,1.65350000e-07
2.97890807e-01,1.65450000e-07
2.97954302e-01,1.65550000e-07
2.98018362e-01,1.65650000e-07
2.98082996e-01,1.65750000e-07
2.98148216e-01,1.65850000e-07
2.98214030e-01,1.65950000e-07
2.98280451e-01,1.66050000e-07
2.98347489e-01,1.66150000e-07
2.98415153e-01,1.66250000e-07
2.98483457e-01,1.66350000e-07
2.98552410e-01,1.66450000e-07
2.98622024e-01,1.66550000e-07
2.98692310e-01,1.66650000e-07
2.98763280e-01,1.66750000e-07
2.98834946e-01,1.66850000e-07
2.98907320e-01,1.66950000e-07
2.98980413e-01,1.67050000e-07
2.99054238e-01,1.67150000e-07
2.99128807e-01,1.67250000e-07
2.99204132e-01,1.67350000e-07
2.99280227e-01,1.67450000e-07
2.99357104e-01,1.67550000e-07
2.99434776e-01,1.67650000e-07
2.99513256e-01,1.67750000e-07
2.99592558e-01,1.67850000e-07
2.99672694e-01,1.67950000e-07
2.99753678e-01,1.68050000e-07
2.99835524e-01,1.68150000e-07
2.99918246e-01,1.68250000e-07
3.00001858e-01,1.68350000e-07
3.00086374e-01,1.68450000e-07
3.00171808e-01,1.68550000e-07
3.00258174e-01,1.68650000e-07
3.00345488e-01,1.68750000e-07
3.00433764e-01,1.68850000e-07
3.00523016e-01,1.68950000e-07
3.00613260e-01,1.69050000e-07
3.00704511e-01,1.69150000e-07
3.00796784e-01,1.69250000e-07
3.00890095e-01,1.69350000e-07
3.00984458e-01,1.69450000e-07
3.01079891e-01,1.69550000e-07
3.01176408e-01,1.69650000e-07
3.01274026e-01,1.69750000e-07
3.01372761e-01,1.69850000e-07
3.01472628e-01,1.69950000e-07
3.01573645e-01,1.70050000e-07
3.01675827e-01,1.70150000e-07
3.01779192e-01,1.70250000e-07
3.01883755e-01,1.70350000e-07
3.01989535e-01,1.70450000e-07
3.02096546e-01,1.70550000e-07
3.02204808e-01,1.70650000e-07
3.02314336e-01,1.70750000e-07
3.02425148e-01,1.70850000e-07
3.02537261e-01,1.70950000e-07
3.02650693e-01,1.71050000e-07
3.02765461e-01,1.71150000e-07
3.02881583e-01,1.71250000e-07
3.02999075e-01,1.71350000e-07
3.03117957e-01,1.71450000e-07
3.03238246e-01,1.71550000e-07
3.03359960e-01,1.71650000e-07
3.03483116e-01,1.71750000e-07
3.03607733e-01,1.71850000e-07
3.03733828e-01,1.71950000e-07
3.03861420e-01,1.72050000e-07
3.03990527e-01,1.72150000e-07
3.04121167e-01,1.72250000e-07
3.04253358e-01,1.72350000e-07
3.04387119e-01,1.72450000e-07
3.04522466e-01,1.72550000e-07
3.04659420e-01,1.72650000e-07
3.04797998e-01,1.72750000e-07
3.04938218e-01,1.72850000e-07
3.05080099e-01,1.72950000e-07
3.05223658e-01,1.73050000e-07
3.05368914e-01,1.73150000e-07
3.05515886e-01,1.73250000e-07
3.05664590e-01,1.73350000e-07
3.05815046e-01,1.73450000e-07
3.05967271e-01,1.73550000e-07
3.06121284e-01,1.73650000e-07
3.06277101e-01,1.73750000e-07
3.06434742e-01,1.73850000e-07
3.06594224e-01,1.73950000e-07
3.06755564e-01,1.74050000e-07
3.06918780e-01,1.74150000e-07
3.07083890e-01,1.74250000e-07
3.07250911e-01,1.74350000e-07
3.07419860e-01,1.74450000e-07
3.07590755e-01,1.74550000e-07
3.07763612e-01,1.74650000e-07
3.07938448e-01,1.74750000e-07
3.08115279e-01,1.74850000e-07
3.08294124e-01,1.74950000e-07
3.08474997e-01,1.75050000e-07
3.08657914e-01,1.75150000e-07
3.08842893e-01,1.75250000e-07
3.09029949e-01,1.75350000e-07
3.09219097e-01,1.75450000e-07
3.09410352e-01,1.75550000e-07
3.09603731e-01,1.75650000e-07
3.09799248e-01,1.75750000e-07
3.09996919e-01,1.75850000e-07
3.10196756e-01,1.75950000e-07
3.10398774e-01,1.76050000e-07
3.10602988e-01,1.76150000e-07
3.10809409e-01,1.76250000e-07
3.11018053e-01,1.76350000e-07
3.11228932e-01,1.76450000e-07
3.11442059e-01,1.76550000e-07
3.11657446e-01,1.76650000e-07
3.11875106e-01,1.76750000e-07
3.12095051e-01,1.76850000e-07
3.12317292e-01,1.76950000e-07
3.12541840e-01,1.77050000e-07
3.12768707e-01,1.77150000e-07
3.12997902e-01,1.77250000e-07
3.13229436e-01,1.77350000e-07
3.13463319e-01,1.77450000e-07
3.13699561e-01,1.77550000e-07
3.13938170e-01,1.77650000e-07
3.14179154e-01,1.77750000e-07
3.14422523e-01,1.77850000e-07
3.14668285e-01,1.77950000e-07
3.14916446e-01,1.78050000e-07
3.15167014e-01,1.78150000e-07
3.15419996e-01,1.78250000e-07
3.15675397e-01,1.78350000e-07
3.15933225e-01,1.78450000e-07
3.16193483e-01,1.78550000e-07
3.16456178e-01,1.78650000e-07
3.16721314e-01,1.78750000e-07
3.16988894e-01,1.78850000e-07
3.17258924e-01,1.78950000e-07
3.17531405e-01,1.79050000e-07
3.17806342e-01,1.79150000e-07
3.18083735e-01,1.79250000e-07
3.18363588e-01,1.79350000e-07
3.18645901e-01,1.79450000e-07
3.18930676e-01,1.79550000e-07
3.19217914e-01,1.79650000e-07
3.19507614e-01,1.79750000e-07
3.19799776e-01,1.79850000e-07
3.20094399e-01,1.79950000e-07
3.20391483e-01,1.80050000e-07
3.20691025e-01,1.80150000e-07
3.20993024e-01,1.80250000e-07
3.21297476e-01,1.80350000e-07
3.21604378e-01,1.80450000e-07
3.21913728e-01,1.80550000e-07
3.22225521e-01,1.80650000e-07
3.22539753e-01,1.80750000e-07
3.22856419e-01,1.80850000e-07
3.23175514e-01,1.80950000e-07
3.23497031e-01,1.81050000e-07
3.23820965e-01,1.81150000e-07
3.24147309e-01,1.81250000e-07
3.24476057e-01,1.81350000e-07
3.24807199e-01,1.81450000e-07
3.25140730e-01,1.81550000e-07
3.25476640e-01,1.81650000e-07
3.25814920e-01,1.81750000e-07
3.26155562e-01,1.81850000e-07
3.26498556e-01,1.81950000e-07
3.26843892e-01,1.82050000e-07
3.27191560e-01,1.82150000e-07
3.27541548e-01,1.82250000e-07
3.27893846e-01,1.82350000e-07
3.28248443e-01,1.82450000e-07
3.28605325e-01,1.82550000e-07
3.28964482e-01,1.82650000e-07
3.29325900e-01,1.82750000e-07
3.29689567e-01,1.82850000e-07
3.30055469e-01,1.82950000e-07
3.30423593e-01,1.83050000e-07
3.30793924e-01,1.83150000e-07
3.31166449e-01,1.83250000e-07
3.31541152e-01,1.83350000e-07
3.31918019e-01,1.83450000e-07
3.32297034e-01,1.83550000e-07
3.32678183e-01,1.83650000e-07
3.33061449e-01,1.83750000e-07
3.33446816e-01,1.83850000e-07
3.33834267e-01,1.83950000e-07
3.34223787e-01,1.84050000e-07
3.34615358e-01,1.84150000e-07
3.35008963e-01,1.84250000e-07
3.35404584e-01,1.84350000e-07
3.35802205e-01,1.84450000e-07
3.36201807e-01,1.84550000e-07
3.36603372e-01,1.84650000e-07
3.37006882e-01,1.84750000e-07
3.37412319e-01,1.84850000e-07
3.37819664e-01,1.84950000e-07
3.38228898e-01,1.85050000e-07
3.38640001e-01,1.85150000e-07
3.39052956e-01,1.85250000e-07
3.39467742e-01,1.85350000e-07
3.39884341e-01,1.85450000e-07
3.40302731e-01,1.85550000e-07
3.40722895e-01,1.85650000e-07
3.41144811e-01,1.85750000e-07
3.41568460e-01,1.85850000e-07
3.41993822e-01,1.85950000e-07
3.42420877e-01,1.86050000e-07
3.42849603e-01,1.86150000e-07
3.43279981e-01,1.86250000e-07
3.43711991e-01,1.86350000e-07
3.44145611e-01,1.86450000e-07
3.44580821e-01,1.86550000e-07
3.45017600e-01,1.86650000e-07
3.45455928e-01,1.86750000e-07
3.45895784e-01,1.86850000e-07
3.46337146e-01,1.86950000e-07
3.46779995e-01,1.87050000e-07
3.47224308e-01,1.87150000e-07
3.47670066e-01,1.87250000e-07
3.48117247e-01,1.87350000e-07
3.48565830e-01,1.87450000e-07
3.49015794e-01,1.87550000e-07
3.49467118e-01,1.87650000e-07
3.49919782e-01,1.87750000e-07
3.50373763e-01,1.87850000e-07
3.50829042e-01,1.87950000e-07
3.51285598e-01,1.88050000e-07
3.51743408e-01,1.88150000e-07
3.52202454e-01,1.88250000e-07
3.52662713e-01,1.88350000e-07
3.53124165e-01,1.88450000e-07
3.53586789e-01,1.88550000e-07
3.54050564e-01,1.88650000e-07
3.54515470e-01,1.88750000e-07
3.54981486e-01,1.88850000e-07
3.55448592e-01,1.88950000e-07
3.55916767e-01,1.89050000e-07
3.56385990e-01,1.89150000e-07
3.56856242e-01,1.89250000e-07
3.57327502e-01,1.89350000e-07
3.57799750e-01,1.89450000e-07
3.58272965e-01,1.89550000e-07
3.58747128e-01,1.89650000e-07
3.59222218e-01,1.89750000e-07
3.59698217e-01,1.89850000e-07
3.60175103e-01,1.89950000e-07
3.60652858e-01,1.90050000e-07
3.61131461e-01,1.90150000e-07
3.61610894e-01,1.90250000e-07
3.62091136e-01,1.90350000e-07
3.62572169e-01,1.90450000e-07
3.63053973e-01,1.90550000e-07
3.63536529e-01,1.90650000e-07
3.64019819e-01,1.90750000e-07
3.64503823e-01,1.90850000e-07
3.64988522e-01,1.90950000e-07
3.65473898e-01,1.91050000e-07
3.65959933e-01,1.91150000e-07
3.66446607e-01,1.91250000e-07
3.66933903e-01,1.91350000e-07
3.67421802e-01,1.91450000e-07
3.67910287e-01,1.91550000e-07
3.68399338e-01,1.91650000e-07
3.68888939e-01,1.91750000e-07
3.69379071e-01,1.91850000e-07
3.69869718e-01,1.91950000e-07
3.70360860e-01,1.92050000e-07
3.70852482e-01,1.92150000e-07
3.71344565e-01,1.92250000e-07
3.71837092e-01,1.92350000e-07
3.72330047e-01,1.92450000e-07
3.72823412e-01,1.92550000e-07
3.73317171e-01,1.92650000e-07
3.73811306e-01,1.92750000e-07
3.74305802e-01,1.92850000e-07
3.74800642e-01,1.92950000e-07
3.75295808e-01,1.93050000e-07
3.75791286e-01,1.93150000e-07
3.76287059e-01,1.93250000e-07
3.76783111e-01,1.93350000e-07
3.77279426e-01,1.93450000e-07
3.77775987e-01,1.93550000e-07
3.78272781e-01,1.93650000e-07
3.78769790e-01,1.93750000e-07
3.79267000e-01,1.93850000e-07
3.79764395e-01,1.93950000e-07
3.80261959e-01,1.94050000e-07
3.80759678e-01,1.94150000e-07
3.81257537e-01,1.94250000e-07
3.81755521e-01,1.94350000e-07
3.82253614e-01,1.94450000e-07
3.82751803e-01,1.94550000e-07
3.83250072e-01,1.94650000e-07
3.83748407e-01,1.94750000e-07
3.84246794e-01,1.94850000e-07
3.84745218e-01,1.94950000e-07
3.85243666e-01,1.95050000e-07
3.85742122e-01,1.95150000e-07
3.86240573e-01,1.95250000e-07
3.86739006e-01,1.95350000e-07
3.87237405e-01,1.95450000e-07
3.87735759e-01,1.95550000e-07
3.88234052e-01,1.95650000e-07
3.88732272e-01,1.95750000e-07
3.89230405e-01,1.95850000e-07
3.89728437e-01,1.95950000e-07
3.90226356e-01,1.96050000e-07
3.90724148e-01,1.96150000e-07
3.91221800e-01,1.96250000e-07
3.91719300e-01,1.96350000e-07
3.92216633e-01,1.96450000e-07
3.92713788e-01,1.96550000e-07
3.93210752e-01,1.96650000e-07
3.93707512e-01,1.96750000e-07
3.94204056e-01,1.96850000e-07
3.94700370e-01,1.96950000e-07
3.95196443e-01,1.97050000e-07
3.95692263e-01,1.97150000e-07
3.96187816e-01,1.97250000e-07
3.96683092e-01,1.97350000e-07
3.97178077e-01,1.97450000e-07
3.97672760e-01,1.97550000e-07
3.98167129e-01,1.97650000e-07
3.98661172e-01,1.97750000e-07
3.99154877e-01,1.97850000e-07
3.99648233e-01,1.97950000e-07
4.00141228e-01,1.98050000e-07
4.00633850e-01,1.98150000e-07
4.01126087e-01,1.98250000e-07
4.01617929e-01,1.98350000e-07
4.02109364e-01,1.98450000e-07
4.02600381e-01,1.98550000e-07
4.03090968e-01,1.98650000e-07
4.03581115e-01,1.98750000e-07
4.04070810e-01,1.98850000e-07
4.04560042e-01,1.98950000e-07
4.05048800e-01,1.99050000e-07
4.05537074e-01,1.99150000e-07
4.06024853e-01,1.99250000e-07
4.06512125e-01,1.99350000e-07
4.06998880e-01,1.99450000e-07
4.07485108e-01,1.99550000e-07
4.07970798e-01,1.99650000e-07
4.08455939e-01,1.99750000e-07
4.08940522e-01,1.99850000e-07
4.09424535e-01,1.99950000e-07
4.09907968e-01,2.00050000e-07
4.10390812e-01,2.00150000e-07
4.10873055e-01,2.00250000e-07
4.11354688e-01,2.00350000e-07
4.11835701e-01,2.00450000e-07
4.12316084e-01,2.00550000e-07
4.12795827e-01,2.00650000e-07
4.13274919e-01,2.00750000e-07
4.13753352e-01,2.00850000e-07
4.14231115e-01,2.00950000e-07
4.14708200e-01,2.01050000e-07
4.15184595e-01,2.01150000e-07
4.15660292e-01,2.01250000e-07
4.16135281e-01,2.01350000e-07
4.16609553e-01,2.01450000e-07
4.17083099e-01,2.01550000e-07
4.17555908e-01,2.01650000e-07
4.18027973e-01,2.01750000e-07
4.18499284e-01,2.01850000e-07
4.18969831e-01,2.01950000e-07
4.19439606e-01,2.02050000e-07
4.19908600e-01,2.02150000e-07
4.20376804e-01,2.02250000e-07
4.20844209e-01,2.02350000e-07
4.21310807e-01,2.02450000e-07
4.21776588e-01,2.02550000e-07
4.22241545e-01,2.02650000e-07
4.22705669e-01,2.02750000e-07
4.23168951e-01,2.02850000e-07
4.23631383e-01,2.02950000e-07
4.24092956e-01,2.03050000e-07
4.24553664e-01,2.03150000e-07
4.25013496e-01,2.03250000e-07
4.25472446e-01,2.03350000e-07
4.25930506e-01,2.03450000e-07
4.26387667e-01,2.03550000e-07
4.26843922e-01,2.03650000e-07
4.27299263e-01,2.03750000e-07
4.27753683e-01,2.03850000e-07
4.28207173e-01,2.03950000e-07
4.28659728e-01,2.04050000e-07
4.29111338e-01,2.04150000e-07
4.29561997e-01,2.04250000e-07
4.30011698e-01,2.04350000e-07
4.30460433e-01,2.04450000e-07
4.30908196e-01,2.04550000e-07
4.31354980e-01,2.04650000e-07
4.31800778e-01,2.04750000e-07
4.32245583e-01,2.04850000e-07
4.32689389e-01,2.04950000e-07
4.33132189e-01,2.05050000e-07
4.33573977e-01,2.05150000e-07
4.34014746e-01,2.05250000e-07
4.34454490e-01,2.05350000e-07
4.34893204e-01,2.05450000e-07
4.35330881e-01,2.05550000e-07
4.35767516e-01,2.05650000e-07
4.36203102e-01,2.05750000e-07
4.36637634e-01,2.05850000e-07
4.37071106e-01,2.05950000e-07
4.37503514e-01,2.06050000e-07
4.37934851e-01,2.06150000e-07
4.38365113e-01,2.06250000e-07
4.38794295e-01,2.06350000e-07
4.39222391e-01,2.06450000e-07
4.39649397e-01,2.06550000e-07
4.40075308e-01,2.06650000e-07
4.40500119e-01,2.06750000e-07
4.40923827e-01,2.06850000e-07
4.41346426e-01,2.06950000e-07
4.41767912e-01,2.07050000e-07
4.42188282e-01,2.07150000e-07
4.42607532e-01,2.07250000e-07
4.43025657e-01,2.07350000e-07
4.43442655e-01,2.07450000e-07
4.43858521e-01,2.07550000e-07
4.44273252e-01,2.07650000e-07
4.44686845e-01,2.07750000e-07
4.45099297e-01,2.07850000e-07
4.45510604e-01,2.07950000e-07
4.45920765e-01,2.08050000e-07
4.46329775e-01,2.08150000e-07
4.46737633e-01,2.08250000e-07
4.47144337e-01,2.08350000e-07
4.47549883e-01,2.08450000e-07
4.47954270e-01,2.08550000e-07
4.48357496e-01,2.08650000e-07
4.48759559e-01,2.08750000e-07
4.49160457e-01,2.08850000e-07
4.49560189e-01,2.08950000e-07
4.49958753e-01,2.09050000e-07
4.50356148e-01,2.09150000e-07
4.50752372e-01,2.09250000e-07
4.51147426e-01,2.09350000e-07
4.51541308e-01,2.09450000e-07
4.51934018e-01,2.09550000e-07
4.52325554e-01,2.09650000e-07
4.52715917e-01,2.09750000e-07
4.53105106e-01,2.09850000e-07
4.53493121e-01,2.09950000e-07
4.53879963e-01,2.10050000e-07
4.54265631e-01,2.10150000e-07
4.54650127e-01,2.10250000e-07
4.55033449e-01,2.10350000e-07
4.55415600e-01,2.10450000e-07
4.55796580e-01,2.10550000e-07
4.56176390e-01,2.10650000e-07
4.56555030e-01,2.10750000e-07
4.56932504e-01,2.10850000e-07
4.57308810e-01,2.10950000e-07
4.57683952e-01,2.11050000e-07
4.58057931e-01,2.11150000e-07
4.58430749e-01,2.11250000e-07
4.58802408e-01,2.11350000e-07
4.59172909e-01,2.11450000e-07
4.59542256e-01,2.11550000e-07
4.59910450e-01,2.11650000e-07
4.60277495e-01,2.11750000e-07
4.60643392e-01,2.11850000e-07
4.61008145e-01,2.11950000e-07
4.61371757e-01,2.12050000e-07
4.61734230e-01,2.12150000e-07
4.62095568e-01,2.12250000e-07
4.62455775e-01,2.12350000e-07
4.62814853e-01,2.12450000e-07
4.63172807e-01,2.12550000e-07
4.63529640e-01,2.12650000e-07
4.63885356e-01,2.12750000e-07
4.64239959e-01,2.12850000e-07
4.64593453e-01,2.12950000e-07
4.64945843e-01,2.13050000e-07
4.65297132e-01,2.13150000e-07
4.65647325e-01,2.13250000e-07
4.65996427e-01,2.13350000e-07
4.66344443e-01,2.13450000e-07
4.66691376e-01,2.13550000e-07
4.67037233e-01,2.13650000e-07
4.67382018e-01,2.13750000e-07
4.67725736e-01,2.13850000e-07
4.68068392e-01,2.13950000e-07
4.68409992e-01,2.14050000e-07
4.68750541e-01,2.14150000e-07
4.69090044e-01,2.14250000e-07
4.69428508e-01,2.14350000e-07
4.69765937e-01,2.14450000e-07
4.70102338e-01,2.14550000e-07
4.70437716e-01,2.14650000e-07
4.70772078e-01,2.14750000e-07
4.71105429e-01,2.14850000e-07
4.71437775e-01,2.14950000e-07
4.71769122e-01,2.15050000e-07
4.72099477e-01,2.15150000e-07
4.72428846e-01,2.15250000e-07
4.72757234e-01,2.15350000e-07
4.73084650e-01,2.15450000e-07
4.73411098e-01,2.15550000e-07
4.73736586e-01,2.15650000e-07
4.74061120e-01,2.15750000e-07
4.74384706e-01,2.15850000e-07
4.74707352e-01,2.15950000e-07
4.75029063e-01,2.16050000e-07
4.75349848e-01,2.16150000e-07
4.75669711e-01,2.16250000e-07
4.75988661e-01,2.16350000e-07
4.76306704e-01,2.16450000e-07
4.76623846e-01,2.16550000e-07
4.76940095e-01,2.16650000e-07
4.77255458e-01,2.16750000e-07
4.77569942e-01,2.16850000e-07
4.77883553e-01,2.16950000e-07
4.78196298e-01,2.17050000e-07
4.78508185e-01,2.17150000e-07
4.78819221e-01,2.17250000e-07
4.79129411e-01,2.17350000e-07
4.79438764e-01,2.17450000e-07
4.79747287e-01,2.17550000e-07
4.80054986e-01,2.17650000e-07
4.80361869e-01,2.17750000e-07
4.80667942e-01,2.17850000e-07
4.80973212e-01,2.17950000e-07
4.81277687e-01,2.18050000e-07
4.81581373e-01,2.18150000e-07
4.81884277e-01,2.18250000e-07
4.82186407e-01,2.18350000e-07
4.82487769e-01,2.18450000e-07
4.82788370e-01,2.18550000e-07
4.83088217e-01,2.18650000e-07
4.83387317e-01,2.18750000e-07
4.83685676e-01,2.18850000e-07
4.83983302e-01,2.18950000e-07
4.84280201e-01,2.19050000e-07
4.84576381e-01,2.19150000e-07
4.84871846e-01,2.19250000e-07
4.85166606e-01,2.19350000e-07
4.85460665e-01,2.19450000e-07
4.85754031e-01,2.19550000e-07
4.86046710e-01,2.19650000e-07
4.86338709e-01,2.19750000e-07
4.86630034e-01,2.19850000e-07
4.86920692e-01,2.19950000e-07
4.87210688e-01,2.20050000e-07
4.87500030e-01,2.20150000e-07
4.87788724e-01,2.20250000e-07
4.88076775e-01,2.20350000e-07
4.88364191e-01,2.20450000e-07
4.88650977e-01,2.20550000e-07
4.88937139e-01,2.20650000e-07
4.89222683e-01,2.20750000e-07
4.89507616e-01,2.20850000e-07
4.89791942e-01,2.20950000e-07
4.90075669e-01,2.21050000e-07
4.90358802e-01,2.21150000e-07
4.90641347e-01,2.21250000e-07
4.90923309e-01,2.21350000e-07
4.91204694e-01,2.21450000e-07
4.91485507e-01,2.21550000e-07
4.91765755e-01,2.21650000e-07
4.92045442e-01,2.21750000e-07
4.92324574e-01,2.21850000e-07
4.92603156e-01,2.21950000e-07
4.92881194e-01,2.22050000e-07
4.93158693e-01,2.22150000e-07
4.93435658e-01,2.22250000e-07
4.93712093e-01,2.22350000e-07
4.93988005e-01,2.22450000e-07
4.94263398e-01,2.22550000e-07
4.94538276e-01,2.22650000e-07
4.94812646e-01,2.22750000e-07
4.95086510e-01,2.22850000e-07
4.95359876e-01,2.22950000e-07
4.95632746e-01,2.23050000e-07
4.95905125e-01,2.23150000e-07
4.96177019e-01,2.23250000e-07
4.96448431e-01,2.23350000e-07
4.96719366e-01,2.23450000e-07
4.96989828e-01,2.23550000e-07
4.97259822e-01,2.23650000e-07
4.97529351e-01,2.23750000e-07
4.97798420e-01,2.23850000e-07
4.98067034e-01,2.23950000e-07
4.98335195e-01,2.24050000e-07
4.98602909e-01,2.24150000e-07
4.98870178e-01,2.24250000e-07
4.99137008e-01,2.24350000e-07
4.99403401e-01,2.24450000e-07
4.99669361e-01,2.24550000e-07
4.99934893e-01,2.24650000e-07
5.00199999e-01,2.24750000e-07
5.00464683e-01,2.24850000e-07
5.00728950e-01,2.24950000e-07
5.00992802e-01,2.25050000e-07
5.01256242e-01,2.25150000e-07
5.01519275e-01,2.25250000e-07
5.01781903e-01,2.25350000e-07
5.02044130e-01,2.25450000e-07
5.02305958e-01,2.25550000e-07
5.02567392e-01,2.25650000e-07
5.02828434e-01,2.25750000e-07
5.03089087e-01,2.25850000e-07
5.03349354e-01,2.25950000e-07
5.03609239e-01,2.26050000e-07
5.03868744e-01,2.26150000e-07
5.04127872e-01,2.26250000e-07
5.04386625e-01,2.26350000e-07
5.04645007e-01,2.26450000e-07
5.04903021e-01,2.26550000e-07
5.05160668e-01,2.26650000e-07
5.05417952e-01,2.26750000e-07
5.05674875e-01,2.26850000e-07
5.05931440e-01,2.26950000e-07
5.06187650e-01,2.27050000e-07
5.06443506e-01,2.27150000e-07
5.06699011e-01,2.27250000e-07
5.06954168e-01,2.27350000e-07
5.07208979e-01,2.27450000e-07
5.07463446e-01,2.27550000e-07
5.07717572e-01,2.27650000e-07
5.07971358e-01,2.27750000e-07
5.08224808e-01,2.27850000e-07
5.08477923e-01,2.27950000e-07
5.08730704e-01,2.28050000e-07
5.08983156e-01,2.28150000e-07
5.09235278e-01,2.28250000e-07
5.09487075e-01,2.28350000e-07
5.09738546e-01,2.28450000e-07
5.09989695e-01,2.28550000e-07
5.10240524e-01,2.28650000e-07
5.10491034e-01,2.28750000e-07
5.10741226e-01,2.28850000e-07
5.10991104e-01,2.28950000e-07
5.11240669e-01,2.29050000e-07
5.11489922e-01,2.29150000e-07
5.11738865e-01,2.29250000e-07
5.11987500e-01,2.29350000e-07
5.12235829e-01,2.29450000e-07
5.12483854e-01,2.29550000e-07
5.12731575e-01,2.29650000e-07
5.12978995e-01,2.29750000e-07
5.13226116e-01,2.29850000e-07
5.13472938e-01,2.29950000e-07
5.13719463e-01,2.30050000e-07
5.13965693e-01,2.30150000e-07
5.14211630e-01,2.30250000e-07
5.14457274e-01,2.30350000e-07
5.14702627e-01,2.30450000e-07
5.14947691e-01,2.30550000e-07
5.15192467e-01,2.30650000e-07
5.15436957e-01,2.30750000e-07
5.15681161e-01,2.30850000e-07
5.15925081e-01,2.30950000e-07
5.16168718e-01,2.31050000e-07
5.16412075e-01,2.31150000e-07
5.16655151e-01,2.31250000e-07
5.16897948e-01,2.31350000e-07
5.17140468e-01,2.31450000e-07
5.17382711e-01,2.31550000e-07
5.17624680e-01,2.31650000e-07
5.17866374e-01,2.31750000e-07
5.18107795e-01,2.31850000e-07
5.18348945e-01,2.31950000e-07
5.18589823e-01,2.32050000e-07
5.18830433e-01,2.32150000e-07
5.19070774e-01,2.32250000e-07
5.19310847e-01,2.32350000e-07
5.19550655e-01,2.32450000e-07
5.19790197e-01,2.32550000e-07
5.20029474e-01,2.32650000e-07
5.20268489e-01,2.32750000e-07
5.20507241e-01,2.32850000e-07
5.20745731e-01,2.32950000e-07
5.20983962e-01,2.33050000e-07
5.21221933e-01,2.33150000e-07
5.21459645e-01,2.33250000e-07
5.21697100e-01,2.33350000e-07
5.21934298e-01,2.33450000e-07
5.22171240e-01,2.33550000e-07
5.22407927e-01,2.33650000e-07
5.22644361e-01,2.33750000e-07
5.22880540e-01,2.33850000e-07
5.23116468e-01,2.33950000e-07
5.23352144e-01,2.34050000e-07
5.23587568e-01,2.34150000e-07
5.23822743e-01,2.34250000e-07
5.24057669e-01,2.34350000e-07
5.24292346e-01,2.34450000e-07
5.24526775e-01,2.34550000e-07
5.24760957e-01,2.34650000e-07
5.24994893e-01,2.34750000e-07
5.25228584e-01,2.34850000e-07
5.25462029e-01,2.34950000e-07
5.25695230e-01,2.35050000e-07
5.25928188e-01,2.35150000e-07
5.26160902e-01,2.35250000e-07
5.26393375e-01,2.35350000e-07
5.26625605e-01,2.35450000e-07
5.26857595e-01,2.35550000e-07
5.27089345e-01,2.35650000e-07
5.27320855e-01,2.35750000e-07
5.27552125e-01,2.35850000e-07
5.27783157e-01,2.35950000e-07
5.28013951e-01,2.36050000e-07
5.28244508e-01,2.36150000e-07
5.28474828e-01,2.36250000e-07
5.28704912e-01,2.36350000e-07
5.28934759e-01,2.36450000e-07
5.29164372e-01,2.36550000e-07
5.29393750e-01,2.36650000e-07
5.29622893e-01,2.36750000e-07
5.29851803e-01,2.36850000e-07
5.30080480e-01,2.36950000e-07
5.30308924e-01,2.37050000e-07
5.30537136e-01,2.37150000e-07
5.30765115e-01,2.37250000e-07
5.30992864e-01,2.37350000e-07
5.31220381e-01,2.37450000e-07
5.31447668e-01,2.37550000e-07
5.31674725e-01,2.37650000e-07
5.31901552e-01,2.37750000e-07
5.32128150e-01,2.37850000e-07
5.32354519e-01,2.37950000e-07
5.32580660e-01,2.38050000e-07
5.32806572e-01,2.38150000e-07
5.33032257e-01,2.38250000e-07
5.33257715e-01,2.38350000e-07
5.33482945e-01,2.38450000e-07
5.33707949e-01,2.38550000e-07
5.33932726e-01,2.38650000e-07
5.34157278e-01,2.38750000e-07
5.34381603e-01,2.38850000e-07
5.34605704e-01,2.38950000e-07
5.34829579e-01,2.39050000e-07
5.35053230e-01,2.39150000e-07
5.35276656e-01,2.39250000e-07
5.35499858e-01,2.39350000e-07
5.35722836e-01,2.39450000e-07
5.35945590e-01,2.39550000e-07
5.36168121e-01,2.39650000e-07
5.36390429e-01,2.39750000e-07
5.36612514e-01,2.39850000e-07
5.36834377e-01,2.39950000e-07
5.37056017e-01,2.40050000e-07
5.37277434e-01,2.40150000e-07
5.37498630e-01,2.40250000e-07
5.37719604e-01,2.40350000e-07
5.37940357e-01,2.40450000e-07
5.38160888e-01,2.40550000e-07
5.38381198e-01,2.40650000e-07
5.38601287e-01,2.40750000e-07
5.38821156e-01,2.40850000e-07
5.39040803e-01,2.40950000e-07
5.39260230e-01,2.41050000e-07
5.39479437e-01,2.41150000e-07
5.39698424e-01,2.41250000e-07
5.39917190e-01,2.41350000e-07
5.40135737e-01,2.41450000e-07
5.40354064e-01,2.41550000e-07
5.40572172e-01,2.41650000e-07
5.40790060e-01,2.41750000e-07
5.41007728e-01,2.41850000e-07
5.41225178e-01,2.41950000e-07
5.41442408e-01,2.42050000e-07
5.41659419e-01,2.42150000e-07
5.41876211e-01,2.42250000e-07
5.42092784e-01,2.42350000e-07
5.42309138e-01,2.42450000e-07
5.42525274e-01,2.42550000e-07
5.42741191e-01,2.42650000e-07
5.42956889e-01,2.42750000e-07
5.43172369e-01,2.42850000e-07
5.43387631e-01,2.42950000e-07
5.43602674e-01,2.43050000e-07
5.43817498e-01,2.43150000e-07
5.44032104e-01,2.43250000e-07
5.44246492e-01,2.43350000e-07
5.44460662e-01,2.43450000e-07
5.44674613e-01,2.43550000e-07
5.44888347e-01,2.43650000e-07
5.45101862e-01,2.43750000e-07
5.45315159e-01,2.43850000e-07
5.45528237e-01,2.43950000e-07
5.45741098e-01,2.44050000e-07
5.45953740e-01,2.44150000e-07
5.46166165e-01,2.44250000e-07
5.46378371e-01,2.44350000e-07
5.46590359e-01,2.44450000e-07
5.46802129e-01,2.44550000e-07
5.47013680e-01,2.44650000e-07
5.47225014e-01,2.44750000e-07
5.47436129e-01,2.44850000e-07
5.47647026e-01,2.44950000e-07
5.47857705e-01,2.45050000e-07
5.48068166e-01,2.45150000e-07
5.48278408e-01,2.45250000e-07
5.48488432e-01,2.45350000e-07
5.48698238e-01,2.45450000e-07
5.48907825e-01,2.45550000e-07
5.49117194e-01,2.45650000e-07
5.49326344e-01,2.45750000e-07
5.49535276e-01,2.45850000e-07
5.49743989e-01,2.45950000e-07
5.49952484e-01,2.46050000e-07
5.50160760e-01,2.46150000e-07
5.50368818e-01,2.46250000e-07
5.50576657e-01,2.46350000e-07
5.50784277e-01,2.46450000e-07
5.50991678e-01,2.46550000e-07
5.51198860e-01,2.46650000e-07
5.51405824e-01,2.46750000e-07
5.51612568e-01,2.46850000e-07
5.51819094e-01,2.46950000e-07
5.52025400e-01,2.47050000e-07
5.52231488e-01,2.47150000e-07
5.52437356e-01,2.47250000e-07
5.52643005e-01,2.47350000e-07
5.52848435e-01,2.47450000e-07
5.53053646e-01,2.47550000e-07
5.53258637e-01,2.47650000e-07
5.53463409e-01,2.47750000e-07
5.53667961e-01,2.47850000e-07
5.53872294e-01,2.47950000e-07
5.54076408e-01,2.48050000e-07
5.54280301e-01,2.48150000e-07
5.54483976e-01,2.48250000e-07
5.54687430e-01,2.48350000e-07
5.54890665e-01,2.48450000e-07
5.55093680e-01,2.48550000e-07
5.55296475e-01,2.48650000e-07
5.55499050e-01,2.48750000e-07
5.55701404e-01,2.48850000e-07
5.55903539e-01,2.48950000e-07
5.56105453e-01,2.49050000e-07
5.56307148e-01,2.49150000e-07
5.56508623e-01,2.49250000e-07
5.56709877e-01,2.49350000e-07
5.56910911e-01,2.49450000e-07
5.57111725e-01,2.49550000e-07
5.57312319e-01,2.49650000e-07
5.57512692e-01,2.49750000e-07
5.57712845e-01,2.49850000e-07
5.57912778e-01,2.49950000e-07
5.58112489e-01,2.50050000e-07
5.58311981e-01,2.50150000e-07
5.58511251e-01,2.50250000e-07
5.58710301e-01,2.50350000e-07
5.58909130e-01,2.50450000e-07
5.59107738e-01,2.50550000e-07
5.59306126e-01,2.50650000e-07
5.59504292e-01,2.50750000e-07
5.59702237e-01,2.50850000e-07
5.59899962e-01,2.50950000e-07
5.60097465e-01,2.51050000e-07
5.60294747e-01,2.51150000e-07
5.60491807e-01,2.51250000e-07
5.60688646e-01,2.51350000e-07
5.60885264e-01,2.51450000e-07
5.61081660e-01,2.51550000e-07
5.61277834e-01,2.51650000e-07
5.61473786e-01,2.51750000e-07
5.61669517e-01,2.51850000e-07
5.61865026e-01,2.51950000e-07
5.62060312e-01,2.52050000e-07
5.62255377e-01,2.52150000e-07
5.62450219e-01,2.52250000e-07
5.62644839e-01,2.52350000e-07
5.62839236e-01,2.52450000e-07
5.63033410e-01,2.52550000e-07
5.63227362e-01,2.52650000e-07
5.63421090e-01,2.52750000e-07
5.63614596e-01,2.52850000e-07
5.63807878e-01,2.52950000e-07
5.64000937e-01,2.53050000e-07
5.64193772e-01,2.53150000e-07
5.64386384e-01,2.53250000e-07
5.64578772e-01,2.53350000e-07
5.64770935e-01,2.53450000e-07
5.64962875e-01,2.53550000e-07
5.65154589e-01,2.53650000e-07
5.65346080e-01,2.53750000e-07
5.65537345e-01,2.53850000e-07
5.65728385e-01,2.53950000e-07
5.65919200e-01,2.54050000e-07
5.66109790e-01,2.54150000e-07
5.66300154e-01,2.54250000e-07
5.66490292e-01,2.54350000e-07
5.66680204e-01,2.54450000e-07
5.66869889e-01,2.54550000e-07
5.67059348e-01,2.54650000e-07
5.67248580e-01,2.54750000e-07
5.67437585e-01,2.54850000e-07
5.67626362e-01,2.54950000e-07
5.67814912e-01,2.55050000e-07
5.68003234e-01,2.55150000e-07
5.68191328e-01,2.55250000e-07
5.68379193e-01,2.55350000e-07
5.68566829e-01,2.55450000e-07
5.68754237e-01,2.55550000e-07
5.68941415e-01,2.55650000e-07
5.69128363e-01,2.55750000e-07
5.69315082e-01,2.55850000e-07
5.69501570e-01,2.55950000e-07
5.69687828e-01,2.56050000e-07
5.69873855e-01,2.56150000e-07
5.70059650e-01,2.56250000e-07
5.70245215e-01,2.56350000e-07
5.70430547e-01,2.56450000e-07
5.70615647e-01,2.56550000e-07
5.70800515e-01,2.56650000e-07
5.70985150e-01,2.56750000e-07
5.71169551e-01,2.56850000e-07
5.71353720e-01,2.56950000e-07
5.71537654e-01,2.57050000e-07
5.71721354e-01,2.57150000e-07
5.71904819e-01,2.57250000e-07
5.72088050e-01,2.57350000e-07
5.72271045e-01,2.57450000e-07
5.72453805e-01,2.57550000e-07
5.72636328e-01,2.57650000e-07
5.72818615e-01,2.57750000e-07
5.73000666e-01,2.57850000e-07
5.73182479e-01,2.57950000e-07
5.73364055e-01,2.58050000e-07
5.73545393e-01,2.58150000e-07
5.73726492e-01,2.58250000e-07
5.73907353e-01,2.58350000e-07
5.74087975e-01,2.58450000e-07
5.74268357e-01,2.58550000e-07
5.74448500e-01,2.58650000e-07
5.74628402e-01,2.58750000e-07
5.74808064e-01,2.58850000e-07
5.74987484e-01,2.58950000e-07
5.75166664e-01,2.59050000e-07
5.75345601e-01,2.59150000e-07
5.75524297e-01,2.59250000e-07
5.75702749e-01,2.59350000e-07
5.75880959e-01,2.59450000e-07
5.76058926e-01,2.59550000e-07
5.76236648e-01,2.59650000e-07
5.76414127e-01,2.59750000e-07
5.76591361e-01,2.59850000e-07
5.76768350e-01,2.59950000e-07
5.76945093e-01,2.60050000e-07
5.77121591e-01,2.60150000e-07
5.77297842e-01,2.60250000e-07
5.77473847e-01,2.60350000e-07
5.77649605e-01,2.60450000e-07
5.77825116e-01,2.60550000e-07
5.78000379e-01,2.60650000e-07
5.78175394e-01,2.60750000e-07
5.78350160e-01,2.60850000e-07
5.78524677e-01,2.60950000e-07
5.78698945e-01,2.61050000e-07
5.78872963e-01,2.61150000e-07
5.79046731e-01,2.61250000e-07
5.79220248e-01,2.61350000e-07
5.79393514e-01,2.61450000e-07
5.79566530e-01,2.61550000e-07
5.79739293e-01,2.61650000e-07
5.79911804e-01,2.61750000e-07
5.80084063e-01,2.61850000e-07
5.80256069e-01,2.61950000e-07
5.80427822e-01,2.62050000e-07
5.80599321e-01,2.62150000e-07
5.80770567e-01,2.62250000e-07
5.80941558e-01,2.62350000e-07
5.81112294e-01,2.62450000e-07
5.81282776e-01,2.62550000e-07
5.81453002e-01,2.62650000e-07
5.81622972e-01,2.62750000e-07
5.81792687e-01,2.62850000e-07
5.81962144e-01,2.62950000e-07
5.82131346e-01,2.63050000e-07
5.82300290e-01,2.63150000e-07
5.82468977e-01,2.63250000e-07
5.82637406e-01,2.63350000e-07
5.82805577e-01,2.63450000e-07
5.82973490e-01,2.63550000e-07
5.83141144e-01,2.63650000e-07
5.83308540e-01,2.63750000e-07
5.83475676e-01,2.63850000e-07
5.83642553e-01,2.63950000e-07
5.83809170e-01,2.64050000e-07
5.83975527e-01,2.64150000e-07
5.84141625e-01,2.64250000e-07
5.84307461e-01,2.64350000e-07
5.84473037e-01,2.64450000e-07
5.84638353e-01,2.64550000e-07
5.84803407e-01,2.64650000e-07
5.84968200e-01,2.64750000e-07
5.85132732e-01,2.64850000e-07
5.85297002e-01,2.64950000e-07
5.85461010e-01,2.65050000e-07
5.85624757e-01,2.65150000e-07
5.85788241e-01,2.65250000e-07
5.85951464e-01,2.65350000e-07
5.86114424e-01,2.65450000e-07
5.86277122e-01,2.65550000e-07
5.86439558e-01,2.65650000e-07
5.86601731e-01,2.65750000e-07
5.86763642e-01,2.65850000e-07
5.86925290e-01,2.65950000e-07
5.87086676e-01,2.66050000e-07
5.87247800e-01,2.66150000e-07
5.87408661e-01,2.66250000e-07
5.87569260e-01,2.66350000e-07
5.87729597e-01,2.66450000e-07
5.87889672e-01,2.66550000e-07
5.88049485e-01,2.66650000e-07
5.88209036e-01,2.66750000e-07
5.88368326e-01,2.66850000e-07
5.88527354e-01,2.66950000e-07
5.88686122e-01,2.67050000e-07
5.88844628e-01,2.67150000e-07
5.89002875e-01,2.67250000e-07
5.89160861e-01,2.67350000e-07
5.89318587e-01,2.67450000e-07
5.89476054e-01,2.67550000e-07
5.89633262e-01,2.67650000e-07
5.89790212e-01,2.67750000e-07
5.89946904e-01,2.67850000e-07
5.90103339e-01,2.67950000e-07
5.90259517e-01,2.68050000e-07
5.90415439e-01,2.68150000e-07
5.90571106e-01,2.68250000e-07
5.90726519e-01,2.68350000e-07
5.90881677e-01,2.68450000e-07
5.91036583e-01,2.68550000e-07
5.91191237e-01,2.68650000e-07
5.91345640e-01,2.68750000e-07
5.91499793e-01,2.68850000e-07
5.91653697e-01,2.68950000e-07
5.91807353e-01,2.69050000e-07
5.91960763e-01,2.69150000e-07
5.92113928e-01,2.69250000e-07
5.92266849e-01,2.69350000e-07
5.92419528e-01,2.69450000e-07
5.92571966e-01,2.69550000e-07
5.92724164e-01,2.69650000e-07
5.92876125e-01,2.69750000e-07
5.93027851e-01,2.69850000e-07
5.93179342e-01,2.69950000e-07
5.93330602e-01,2.70050000e-07
5.93481632e-01,2.70150000e-07
5.93632434e-01,2.70250000e-07
5.93783011e-01,2.70350000e-07
5.93933365e-01,2.70450000e-07
5.94083499e-01,2.70550000e-07
5.94233415e-01,2.70650000e-07
5.94383117e-01,2.70750000e-07
5.94532606e-01,2.70850000e-07
5.94681887e-01,2.70950000e-07
5.94830962e-01,2.71050000e-07
5.94979836e-01,2.71150000e-07
5.95128511e-01,2.71250000e-07
5.95276991e-01,2.71350000e-07
5.95425281e-01,2.71450000e-07
5.95573384e-01,2.71550000e-07
5.95721305e-01,2.71650000e-07
5.95869049e-01,2.71750000e-07
5.96016621e-01,2.71850000e-07
5.96164024e-01,2.71950000e-07
5.96311266e-01,2.72050000e-07
5.96458352e-01,2.72150000e-07
5.96605286e-01,2.72250000e-07
5.96752077e-01,2.72350000e-07
5.96898729e-01,2.72450000e-07
5.97045251e-01,2.72550000e-07
5.97191650e-01,2.72650000e-07
5.97337932e-01,2.72750000e-07
5.97484106e-01,2.72850000e-07
5.97630181e-01,2.72950000e-07
5.97776166e-01,2.73050000e-07
5.97922069e-01,2.73150000e-07
5.98067901e-01,2.73250000e-07
5.98213672e-01,2.73350000e-07
5.98359393e-01,2.73450000e-07
5.98505076e-01,2.73550000e-07
5.98650733e-01,2.73650000e-07
5.98796378e-01,2.73750000e-07
5.98942022e-01,2.73850000e-07
5.99087682e-01,2.73950000e-07
5.99233372e-01,2.74050000e-07
5.99379109e-01,2.74150000e-07
5.99524909e-01,2.74250000e-07
5.99670791e-01,2.74350000e-07
5.99816774e-01,2.74450000e-07
5.99962878e-01,2.74550000e-07
6.00109124e-01,2.74650000e-07
6.00255536e-01,2.74750000e-07
6.00402137e-01,2.74850000e-07
6.00548953e-01,2.74950000e-07
6.00696012e-01,2.75050000e-07
6.00843343e-01,2.75150000e-07
6.00990976e-01,2.75250000e-07
6.01138944e-01,2.75350000e-07
6.01287281e-01,2.75450000e-07
6.01436026e-01,2.75550000e-07
6.01585218e-01,2.75650000e-07
6.01734898e-01,2.75750000e-07
6.01885112e-01,2.75850000e-07
6.02035907e-01,2.75950000e-07
6.02187336e-01,2.76050000e-07
6.02339452e-01,2.76150000e-07
6.02492315e-01,2.76250000e-07
6.02645986e-01,2.76350000e-07
6.02800020e-01,2.76450000e-07
6.02954268e-01,2.76550000e-07
6.03109815e-01,2.76650000e-07
6.03266694e-01,2.76750000e-07
6.03424872e-01,2.76850000e-07
6.03584392e-01,2.76950000e-07
6.03745316e-01,2.77050000e-07
6.03907728e-01,2.77150000e-07
6.04071727e-01,2.77250000e-07
6.04237427e-01,2.77350000e-07
6.04404952e-01,2.77450000e-07
6.04574441e-01,2.77550000e-07
6.04746042e-01,2.77650000e-07
6.04919915e-01,2.77750000e-07
6.05096235e-01,2.77850000e-07
6.05275188e-01,2.77950000e-07
6.05456978e-01,2.78050000e-07
6.05641823e-01,2.78150000e-07
6.05829958e-01,2.78250000e-07
6.06021637e-01,2.78350000e-07
6.06217137e-01,2.78450000e-07
6.06416752e-01,2.78550000e-07
6.06620806e-01,2.78650000e-07
6.06829643e-01,2.78750000e-07
6.07043642e-01,2.78850000e-07
6.07263207e-01,2.78950000e-07
6.07488780e-01,2.79050000e-07
6.07720838e-01,2.79150000e-07
6.07959900e-01,2.79250000e-07
6.08206526e-01,2.79350000e-07
6.08461328e-01,2.79450000e-07
6.08724966e-01,2.79550000e-07
6.08998163e-01,2.79650000e-07
6.09281699e-01,2.79750000e-07
6.09576429e-01,2.79850000e-07
6.09883280e-01,2.79950000e-07
6.10203264e-01,2.80050000e-07
6.10537485e-01,2.80150000e-07
6.10887147e-01,2.80250000e-07
6.11253567e-01,2.80350000e-07
6.11638186e-01,2.80450000e-07
6.12042582e-01,2.80550000e-07
6.12468483e-01,2.80650000e-07
6.12917789e-01,2.80750000e-07
6.13392587e-01,2.80850000e-07
6.13895177e-01,2.80950000e-07
6.14428093e-01,2.81050000e-07
6.14994137e-01,2.81150000e-07
6.15596411e-01,2.81250000e-07
6.16238356e-01,2.81350000e-07
6.16923797e-01,2.81450000e-07
6.17656998e-01,2.81550000e-07
6.18442723e-01,2.81650000e-07
6.19286306e-01,2.81750000e-07
6.20193735e-01,2.81850000e-07
6.21171761e-01,2.81950000e-07
6.22227979e-01,2.82050000e-07
6.23370960e-01,2.82150000e-07
6.24610407e-01,2.82250000e-07
6.25957303e-01,2.82350000e-07
6.27424067e-01,2.82450000e-07
6.29024719e-01,2.82550000e-07
6.30775040e-01,2.82650000e-07
6.32692709e-01,2.82750000e-07
6.34797411e-01,2.82850000e-07
6.37110915e-01,2.82950000e-07
6.39657125e-01,2.83050000e-07
6.42462162e-01,2.83150000e-07
6.45554572e-01,2.83250000e-07
6.48965799e-01,2.83350000e-07
6.52731109e-01,2.83450000e-07
6.56891141e-01,2.83550000e-07
6.61494262e-01,2.83650000e-07
6.66599932e-01,2.83750000e-07
6.72283428e-01,2.83850000e-07
6.78642539e-01,2.83950000e-07
6.85807436e-01,2.84050000e-07
6.93955871e-01,2.84150000e-07
7.03337930e-01,2.84250000e-07
7.14318711e-01,2.84350000e-07
7.27459163e-01,2.84450000e-07
7.43674382e-01,2.84550000e-07
7.64595590e-01,2.84650000e-07
7.93532990e-01,2.84750000e-07
8.38692656e-01,2.84850000e-07
9.28812091e-01,2.84950000e-07
1.19964446e+00,2.85050000e-07
1.69356173e+00,2.85150000e-07
1.80993260e+00,2.85250000e-07
1.78575347e+00,2.85350000e-07
1.80203436e+00,2.85450000e-07
1.79414325e+00,2.85550000e-07
1.80172388e+00,2.85650000e-07
1.79724942e+00,2.85750000e-07
1.80143125e+00,2.85850000e-07
1.79849577e+00,2.85950000e-07
1.80102105e+00,2.86050000e-07
1.79908584e+00,2.86150000e-07
1.80068357e+00,2.86250000e-07
1.79942058e+00,2.86350000e-07
1.80044718e+00,2.86450000e-07
1.79962810e+00,2.86550000e-07
1.80029061e+00,2.86650000e-07
1.79975964e+00,2.86750000e-07
1.80018552e+00,2.86850000e-07
1.79984324e+00,2.86950000e-07
1.80012113e+00,2.87050000e-07
1.79989722e+00,2.87150000e-07
1.80007947e+00,2.87250000e-07
1.79993219e+00,2.87350000e-07
1.80005244e+00,2.87450000e-07
1.79995495e+00,2.87550000e-07
1.80003513e+00,2.87650000e-07
1.79996990e+00,2.87750000e-07
1.80002354e+00,2.87850000e-07
1.79997974e+00,2.87950000e-07
1.80001588e+00,2.88050000e-07
1.79998627e+00,2.88150000e-07
1.80001077e+00,2.88250000e-07
1.79999065e+00,2.88350000e-07
1.80000731e+00,2.88450000e-07
1.79999364e+00,2.88550000e-07
1.80000493e+00,2.88650000e-07
1.79999572e+00,2.88750000e-07
1.80000326e+00,2.88850000e-07
1.79999720e+00,2.88950000e-07
1.80000205e+00,2.89050000e-07
1.79999829e+00,2.89150000e-07
1.80000115e+00,2.89250000e-07
1.79999911e+00,2.89350000e-07
1.80000047e+00,2.89450000e-07
1.79999975e+00,2.89550000e-07
1.79999992e+00,2.89650000e-07
1.80000025e+00,2.89750000e-07
1.79999945e+00,2.89850000e-07
1.80000066e+00,2.89950000e-07
1.79999906e+00,2.90050000e-07
1.80000100e+00,2.90150000e-07
1.79999872e+00,2.90250000e-07
1.80000131e+00,2.90350000e-07
1.79999843e+00,2.90450000e-07
1.80000158e+00,2.90550000e-07
1.79999816e+00,2.90650000e-07
1.80000183e+00,2.90750000e-07
1.79999792e+00,2.90850000e-07
1.80000205e+00,2.90950000e-07
1.79999770e+00,2.91050000e-07
1.80000226e+00,2.91150000e-07
1.79999749e+00,2.91250000e-07
1.80000245e+00,2.91350000e-07
1.79999730e+00,2.91450000e-07
1.80000263e+00,2.91550000e-07
1.79999712e+00,2.91650000e-07
1.80000279e+00,2.91750000e-07
1.79999695e+00,2.91850000e-07
1.80000295e+00,2.91950000e-07
1.79999679e+00,2.92050000e-07
1.80000310e+00,2.92150000e-07
1.79999664e+00,2.92250000e-07
1.80000325e+00,2.92350000e-07
1.79999649e+00,2.92450000e-07
1.80000338e+00,2.92550000e-07
1.79999635e+00,2.92650000e-07
1.80000351e+00,2.92750000e-07
1.79999622e+00,2.92850000e-07
1.80000364e+00,2.92950000e-07
1.79999609e+00,2.93050000e-07
1.80000376e+00,2.93150000e-07
1.79999597e+00,2.93250000e-07
1.80000388e+00,2.93350000e-07
1.79999585e+00,2.93450000e-07
1.80000399e+00,2.93550000e-07
1.79999574e+00,2.93650000e-07
1.80000409e+00,2.93750000e-07
1.79999563e+00,2.93850000e-07
1.80000420e+00,2.93950000e-07
1.79999552e+00,2.94050000e-07
1.80000430e+00,2.94150000e-07
1.79999542e+00,2.94250000e-07
1.80000440e+00,2.94350000e-07
1.79999532e+00,2.94450000e-07
1.80000449e+00,2.94550000e-07
1.79999522e+00,2.94650000e-07
1.80000459e+00,2.94750000e-07
1.79999513e+00,2.94850000e-07
1.80000468e+00,2.94950000e-07
1.79999504e+00,2.95050000e-07
1.80000477e+00,2.95150000e-07
1.79999495e+00,2.95250000e-07
1.80000485e+00,2.95350000e-07
1.79999486e+00,2.95450000e-07
1.80000494e+00,2.95550000e-07
1.79999477e+00,2.95650000e-07
1.80000502e+00,2.95750000e-07
1.79999469e+00,2.95850000e-07
1.80000510e+00,2.95950000e-07
1.79999460e+00,2.96050000e-07
1.80000518e+00,2.96150000e-07
1.79999452e+00,2.96250000e-07
1.80000526e+00,2.96350000e-07
1.79999444e+00,2.96450000e-07
1.80000533e+00,2.96550000e-07
1.79999437e+00,2.96650000e-07
1.80000541e+00,2.96750000e-07
1.79999429e+00,2.96850000e-07
1.80000548e+00,2.96950000e-07
1.79999421e+00,2.97050000e-07
1.80000555e+00,2.97150000e-07
1.79999414e+00,2.97250000e-07
1.80000562e+00,2.97350000e-07
1.79999407e+00,2.97450000e-07
1.80000569e+00,2.97550000e-07
1.79999400e+00,2.97650000e-07
1.80000576e+00,2.97750000e-07
1.79999393e+00,2.97850000e-07
1.80000583e+00,2.97950000e-07
1.79999386e+00,2.98050000e-07
1.80000589e+00,2.98150000e-07
1.79999379e+00,2.98250000e-07
1.80000596e+00,2.98350000e-07
1.79999372e+00,2.98450000e-07
1.80000602e+00,2.98550000e-07
1.79999366e+00,2.98650000e-07
1.80000609e+00,2.98750000e-07
1.79999359e+00,2.98850000e-07
1.80000615e+00,2.98950000e-07
1.79999353e+00,2.99050000e-07
1.80000621e+00,2.99150000e-07
1.79999347e+00,2.99250000e-07
1.80000627e+00,2.99350000e-07
1.79999341e+00,2.99450000e-07
1.80000633e+00,2.99550000e-07
1.79999335e+00,2.99650000e-07
1.80000639e+00,2.99750000e-07
1.79999329e+00,2.99850000e-07
1.80000644e+00,2.99950000e-07
1.79999323e+00,3.00050000e-07
1.80000650e+00,3.00150000e-07
1.79999317e+00,3.00250000e-07
1.80000655e+00,3.00350000e-07
1.79999311e+00,3.00450000e-07
1.80000661e+00,3.00550000e-07
1.79999306e+00,3.00650000e-07
1.80000666e+00,3.00750000e-07
1.79999300e+00,3.00850000e-07
1.80000671e+00,3.00950000e-07
1.79999295e+00,3.01050000e-07
1.80000677e+00,3.01150000e-07
1.79999289e+00,3.01250000e-07
1.80000682e+00,3.01350000e-07
1.79999284e+00,3.01450000e-07
1.80000687e+00,3.01550000e-07
1.79999279e+00,3.01650000e-07
1.80000692e+00,3.01750000e-07
1.79999274e+00,3.01850000e-07
1.80000697e+00,3.01950000e-07
1.79999269e+00,3.02050000e-07
1.80000702e+00,3.02150000e-07
1.79999264e+00,3.02250000e-07
1.80000706e+00,3.02350000e-07
1.79999259e+00,3.02450000e-07
1.80000711e+00,3.02550000e-07
1.79999254e+00,3.02650000e-07
1.80000716e+00,3.02750000e-07
1.79999250e+00,3.02850000e-07
1.80000720e+00,3.02950000e-07
1.79999245e+00,3.03050000e-07
1.80000724e+00,3.03150000e-07
1.79999240e+00,3.03250000e-07
1.80000729e+00,3.03350000e-07
1.79999236e+00,3.03450000e-07
1.80000733e+00,3.03550000e-07
1.79999232e+00,3.03650000e-07
1.80000737e+00,3.03750000e-07
1.79999227e+00,3.03850000e-07
1.80000742e+00,3.03950000e-07
1.79999223e+00,3.04050000e-07
1.80000746e+00,3.04150000e-07
1.79999219e+00,3.04250000e-07
1.80000750e+00,3.04350000e-07
1.79999215e+00,3.04450000e-07
1.80000754e+00,3.04550000e-07
1.79999210e+00,3.04650000e-07
1.80000758e+00,3.04750000e-07
1.79999207e+00,3.04850000e-07
1.80000761e+00,3.04950000e-07
1.79999203e+00,3.05050000e-07
1.80000765e+00,3.05150000e-07
1.79999199e+00,3.05250000e-07
1.80000769e+00,3.05350000e-07
1.79999195e+00,3.05450000e-07
1.80000772e+00,3.05550000e-07
1.79999191e+00,3.05650000e-07
1.80000776e+00,3.05750000e-07
1.79999188e+00,3.05850000e-07
1.80000780e+00,3.05950000e-07
1.79999184e+00,3.06050000e-07
1.80000783e+00,3.06150000e-07
1.79999180e+00,3.06250000e-07
1.80000786e+00,3.06350000e-07
1.79999177e+00,3.06450000e-07
1.80000790e+00,3.06550000e-07
1.79999173e+00,3.06650000e-07
1.80000793e+00,3.06750000e-07
1.79999170e+00,3.06850000e-07
1.80000796e+00,3.06950000e-07
1.79999167e+00,3.07050000e-07
1.80000799e+00,3.07150000e-07
1.79999164e+00,3.07250000e-07
1.80000803e+00,3.07350000e-07
1.79999160e+00,3.07450000e-07
1.80000806e+00,3.07550000e-07
1.79999157e+00,3.07650000e-07
1.80000809e+00,3.07750000e-07
1.79999154e+00,3.07850000e-07
1.80000811e+00,3.07950000e-07
1.79999151e+00,3.08050000e-07
1.80000814e+00,3.08150000e-07
1.79999148e+00,3.08250000e-07
1.80000817e+00,3.08350000e-07
1.79999145e+00,3.08450000e-07
1.80000820e+00,3.08550000e-07
1.79999143e+00,3.08650000e-07
1.80000823e+00,3.08750000e-07
1.79999140e+00,3.08850000e-07
1.80000825e+00,3.08950000e-07
1.79999137e+00,3.09050000e-07
1.80000828e+00,3.09150000e-07
1.79999134e+00,3.09250000e-07
1.80000831e+00,3.09350000e-07
1.79999132e+00,3.09450000e-07
1.80000833e+00,3.09550000e-07
1.79999129e+00,3.09650000e-07
1.80000836e+00,3.09750000e-07
1.79999127e+00,3.09850000e-07
1.80000838e+00,3.09950000e-07
1.79999124e+00,3.10050000e-07
1.80000840e+00,3.10150000e-07
1.79999122e+00,3.10250000e-07
1.80000843e+00,3.10350000e-07
1.79999119e+00,3.10450000e-07
1.80000845e+00,3.10550000e-07
1.79999117e+00,3.10650000e-07
1.80000847e+00,3.10750000e-07
1.79999115e+00,3.10850000e-07
1.80000849e+00,3.10950000e-07
1.79999113e+00,3.11050000e-07
1.80000851e+00,3.11150000e-07
1.79999110e+00,3.11250000e-07
1.80000853e+00,3.11350000e-07
1.79999108e+00,3.11450000e-07
1.80000856e+00,3.11550000e-07
1.79999106e+00,3.11650000e-07
1.80000858e+00,3.11750000e-07
1.79999104e+00,3.11850000e-07
1.80000859e+00,3.11950000e-07
1.79999102e+00,3.12050000e-07
1.80000861e+00,3.12150000e-07
1.79999100e+00,3.12250000e-07
1.80000863e+00,3.12350000e-07
1.79999098e+00,3.12450000e-07
1.80000865e+00,3.12550000e-07
1.79999096e+00,3.12650000e-07
1.80000867e+00,3.12750000e-07
1.79999095e+00,3.12850000e-07
1.80000869e+00,3.12950000e-07
1.79999093e+00,3.13050000e-07
1.80000870e+00,3.13150000e-07
1.79999091e+00,3.13250000e-07
1.80000872e+00,3.13350000e-07
1.79999089e+00,3.13450000e-07
1.80000874e+00,3.13550000e-07
1.79999088e+00,3.13650000e-07
1.80000875e+00,3.13750000e-07
1.79999086e+00,3.13850000e-07
1.80000877e+00,3.13950000e-07
1.79999085e+00,3.14050000e-07
1.80000878e+00,3.14150000e-07
1.79999083e+00,3.14250000e-07
1.80000880e+00,3.14350000e-07
1.79999082e+00,3.14450000e-07
1.80000881e+00,3.14550000e-07
1.79999080e+00,3.14650000e-07
1.80000882e+00,3.14750000e-07
1.79999079e+00,3.14850000e-07
1.80000884e+00,3.14950000e-07
1.79999077e+00,3.15050000e-07
1.80000885e+00,3.15150000e-07
1.79999076e+00,3.15250000e-07
1.80000886e+00,3.15350000e-07
1.79999075e+00,3.15450000e-07
1.80000887e+00,3.15550000e-07
1.79999074e+00,3.15650000e-07
1.80000889e+00,3.15750000e-07
1.79999072e+00,3.15850000e-07
1.80000890e+00,3.15950000e-07
1.79999071e+00,3.16050000e-07
1.80000891e+00,3.16150000e-07
1.79999070e+00,3.16250000e-07
1.80000892e+00,3.16350000e-07
1.79999069e+00,3.16450000e-07
1.80000893e+00,3.16550000e-07
1.79999068e+00,3.16650000e-07
1.80000886e+00,3.16750000e-07
1.79999065e+00,3.16850000e-07
1.80000888e+00,3.16950000e-07
1.79999063e+00,3.17050000e-07
1.80000890e+00,3.17150000e-07
1.79999061e+00,3.17250000e-07
1.80000891e+00,3.17350000e-07
1.79999060e+00,3.17450000e-07
1.80000893e+00,3.17550000e-07
1.79999059e+00,3.17650000e-07
1.80000894e+00,3.17750000e-07
1.79999058e+00,3.17850000e-07
1.80000895e+00,3.17950000e-07
1.79999057e+00,3.18050000e-07
1.80000895e+00,3.18150000e-07
1.79999056e+00,3.18250000e-07
1.80000896e+00,3.18350000e-07
1.79999055e+00,3.18450000e-07
1.80000897e+00,3.18550000e-07
1.79999055e+00,3.18650000e-07
1.80000898e+00,3.18750000e-07
1.79999054e+00,3.18850000e-07
1.80000898e+00,3.18950000e-07
1.79999053e+00,3.19050000e-07
1.80000899e+00,3.19150000e-07
1.79999053e+00,3.19250000e-07
1.80000900e+00,3.19350000e-07
1.79999052e+00,3.19450000e-07
1.80000900e+00,3.19550000e-07
1.79999052e+00,3.19650000e-07
1.80000901e+00,3.19750000e-07
1.79999051e+00,3.19850000e-07
1.80000901e+00,3.19950000e-07
1.79999051e+00,3.20050000e-07
1.80000902e+00,3.20150000e-07
1.79999050e+00,3.20250000e-07
1.80000902e+00,3.20350000e-07
1.79999051e+00,3.20450000e-07
1.80000902e+00,3.20550000e-07
1.79999050e+00,3.20650000e-07
1.80000903e+00,3.20750000e-07
1.79999050e+00,3.20850000e-07
1.80000903e+00,3.20950000e-07
1.79999049e+00,3.21050000e-07
1.80000903e+00,3.21150000e-07
1.79999049e+00,3.21250000e-07
1.80000904e+00,3.21350000e-07
1.79999048e+00,3.21450000e-07
1.80000904e+00,3.21550000e-07
1.79999048e+00,3.21650000e-07
1.80000905e+00,3.21750000e-07
1.79999048e+00,3.21850000e-07
1.80000905e+00,3.21950000e-07
1.79999048e+00,3.22050000e-07
1.80000905e+00,3.22150000e-07
1.79999047e+00,3.22250000e-07
1.80000905e+00,3.22350000e-07
1.79999047e+00,3.22450000e-07
1.80000906e+00,3.22550000e-07
1.79999047e+00,3.22650000e-07
1.80000906e+00,3.22750000e-07
1.79999047e+00,3.22850000e-07
1.80000906e+00,3.22950000e-07
1.79999047e+00,3.23050000e-07
1.80000906e+00,3.23150000e-07
1.79999046e+00,3.23250000e-07
1.80000906e+00,3.23350000e-07
1.79999046e+00,3.23450000e-07
1.80000907e+00,3.23550000e-07
1.79999046e+00,3.23650000e-07
1.80000907e+00,3.23750000e-07
1.79999046e+00,3.23850000e-07
1.80000907e+00,3.23950000e-07
1.79999046e+00,3.24050000e-07
1.80000907e+00,3.24150000e-07
1.79999046e+00,3.24250000e-07
1.80000907e+00,3.24350000e-07
1.79999046e+00,3.24450000e-07
1.80000907e+00,3.24550000e-07
1.79999046e+00,3.24650000e-07
1.80000907e+00,3.24750000e-07
1.79999047e+00,3.24850000e-07
1.80000907e+00,3.24950000e-07
1.79999047e+00,3.25050000e-07
1.80000907e+00,3.25150000e-07
1.79999047e+00,3.25250000e-07
1.80000906e+00,3.25350000e-07
1.79999047e+00,3.25450000e-07
1.80000906e+00,3.25550000e-07
1.79999047e+00,3.25650000e-07
1.80000906e+00,3.25750000e-07
1.79999047e+00,3.25850000e-07
1.80000906e+00,3.25950000e-07
1.79999048e+00,3.26050000e-07
1.80000906e+00,3.26150000e-07
1.79999048e+00,3.26250000e-07
1.80000906e+00,3.26350000e-07
1.79999048e+00,3.26450000e-07
1.80000905e+00,3.26550000e-07
1.79999048e+00,3.26650000e-07
1.80000905e+00,3.26750000e-07
1.79999049e+00,3.26850000e-07
1.80000905e+00,3.26950000e-07
1.79999049e+00,3.27050000e-07
1.80000905e+00,3.27150000e-07
1.79999049e+00,3.27250000e-07
1.80000904e+00,3.27350000e-07
1.79999050e+00,3.27450000e-07
1.80000904e+00,3.27550000e-07
1.79999050e+00,3.27650000e-07
1.80000904e+00,3.27750000e-07
1.79999050e+00,3.27850000e-07
1.80000903e+00,3.27950000e-07
1.79999051e+00,3.28050000e-07
1.80000903e+00,3.28150000e-07
1.79999051e+00,3.28250000e-07
1.80000903e+00,3.28350000e-07
1.79999052e+00,3.28450000e-07
1.80000902e+00,3.28550000e-07
1.79999052e+00,3.28650000e-07
1.80000902e+00,3.28750000e-07
1.79999053e+00,3.28850000e-07
1.80000901e+00,3.28950000e-07
1.79999053e+00,3.29050000e-07
1.80000901e+00,3.29150000e-07
1.79999054e+00,3.29250000e-07
1.80000901e+00,3.29350000e-07
1.79999054e+00,3.29450000e-07
1.80000900e+00,3.29550000e-07
1.79999055e+00,3.29650000e-07
1.80000900e+00,3.29750000e-07
1.79999055e+00,3.29850000e-07
1.80000899e+00,3.29950000e-07
1.79999056e+00,3.30050000e-07
1.80000899e+00,3.30150000e-07
1.79999056e+00,3.30250000e-07
1.80000898e+00,3.30350000e-07
1.79999057e+00,3.30450000e-07
1.80000897e+00,3.30550000e-07
1.79999058e+00,3.30650000e-07
1.80000897e+00,3.30750000e-07
1.79999058e+00,3.30850000e-07
1.80000896e+00,3.30950000e-07
1.79999059e+00,3.31050000e-07
1.80000896e+00,3.31150000e-07
1.79999060e+00,3.31250000e-07
1.80000895e+00,3.31350000e-07
1.79999060e+00,3.31450000e-07
1.80000894e+00,3.31550000e-07
1.79999061e+00,3.31650000e-07
1.80000894e+00,3.31750000e-07
1.79999062e+00,3.31850000e-07
1.80000893e+00,3.31950000e-07
1.79999062e+00,3.32050000e-07
1.80000893e+00,3.32150000e-07
1.79999063e+00,3.32250000e-07
1.80000892e+00,3.32350000e-07
1.79999064e+00,3.32450000e-07
1.80000891e+00,3.32550000e-07
1.79999065e+00,3.32650000e-07
1.80000890e+00,3.32750000e-07
1.79999065e+00,3.32850000e-07
1.80000890e+00,3.32950000e-07
1.79999066e+00,3.33050000e-07
1.80000889e+00,3.33150000e-07
1.79999067e+00,3.33250000e-07
1.80000888e+00,3.33350000e-07
1.79999068e+00,3.33450000e-07
1.80000888e+00,3.33550000e-07
1.79999069e+00,3.33650000e-07
1.80000887e+00,3.33750000e-07
1.79999069e+00,3.33850000e-07
1.80000886e+00,3.33950000e-07
1.79999070e+00,3.34050000e-07
1.80000885e+00,3.34150000e-07
1.79999071e+00,3.34250000e-07
1.80000884e+00,3.34350000e-07
1.79999072e+00,3.34450000e-07
1.80000884e+00,3.34550000e-07
1.79999073e+00,3.34650000e-07
1.80000883e+00,3.34750000e-07
1.79999074e+00,3.34850000e-07
1.80000882e+00,3.34950000e-07
1.79999075e+00,3.35050000e-07
1.80000881e+00,3.35150000e-07
1.79999076e+00,3.35250000e-07
1.80000880e+00,3.35350000e-07
1.79999077e+00,3.35450000e-07
1.80000879e+00,3.35550000e-07
1.79999077e+00,3.35650000e-07
1.80000878e+00,3.35750000e-07
1.79999078e+00,3.35850000e-07
1.80000878e+00,3.35950000e-07
1.79999079e+00,3.36050000e-07
1.80000877e+00,3.36150000e-07
1.79999080e+00,3.36250000e-07
1.80000876e+00,3.36350000e-07
1.79999081e+00,3.36450000e-07
1.80000875e+00,3.36550000e-07
1.79999082e+00,3.36650000e-07
1.80000874e+00,3.36750000e-07
1.79999083e+00,3.36850000e-07
1.80000873e+00,3.36950000e-07
1.79999084e+00,3.37050000e-07
1.80000872e+00,3.37150000e-07
1.79999085e+00,3.37250000e-07
1.80000871e+00,3.37350000e-07
1.79999086e+00,3.37450000e-07
1.80000870e+00,3.37550000e-07
1.79999087e+00,3.37650000e-07
1.80000869e+00,3.37750000e-07
1.79999088e+00,3.37850000e-07
1.80000868e+00,3.37950000e-07
1.79999089e+00,3.38050000e-07
1.80000867e+00,3.38150000e-07
1.79999091e+00,3.38250000e-07
1.80000866e+00,3.38350000e-07
1.79999092e+00,3.38450000e-07
1.80000865e+00,3.38550000e-07
1.79999093e+00,3.38650000e-07
1.80000864e+00,3.38750000e-07
1.79999094e+00,3.38850000e-07
1.80000863e+00,3.38950000e-07
1.79999095e+00,3.39050000e-07
1.80000862e+00,3.39150000e-07
1.79999096e+00,3.39250000e-07
1.80000861e+00,3.39350000e-07
1.79999097e+00,3.39450000e-07
1.80000860e+00,3.39550000e-07
1.79999098e+00,3.39650000e-07
1.80000859e+00,3.39750000e-07
1.79999099e+00,3.39850000e-07
1.80000858e+00,3.39950000e-07
1.79999100e+00,3.40050000e-07
1.80000857e+00,3.40150000e-07
1.79999102e+00,3.40250000e-07
1.80000856e+00,3.40350000e-07
1.79999103e+00,3.40450000e-07
1.80000855e+00,3.40550000e-07
1.79999104e+00,3.40650000e-07
1.80000854e+00,3.40750000e-07
1.79999105e+00,3.40850000e-07
1.80000852e+00,3.40950000e-07
1.79999106e+00,3.41050000e-07
1.80000851e+00,3.41150000e-07
1.79999107e+00,3.41250000e-07
1.80000850e+00,3.41350000e-07
1.79999109e+00,3.41450000e-07
1.80000849e+00,3.41550000e-07
1.79999110e+00,3.41650000e-07
1.80000848e+00,3.41750000e-07
1.79999111e+00,3.41850000e-07
1.80000847e+00,3.41950000e-07
1.79999112e+00,3.42050000e-07
1.80000846e+00,3.42150000e-07
1.79999113e+00,3.42250000e-07
1.80000845e+00,3.42350000e-07
1.79999115e+00,3.42450000e-07
1.80000843e+00,3.42550000e-07
1.79999116e+00,3.42650000e-07
1.80000842e+00,3.42750000e-07
1.79999117e+00,3.42850000e-07
1.80000841e+00,3.42950000e-07
1.79999118e+00,3.43050000e-07
1.80000840e+00,3.43150000e-07
1.79999120e+00,3.43250000e-07
1.80000839e+00,3.43350000e-07
1.79999121e+00,3.43450000e-07
1.80000838e+00,3.43550000e-07
1.79999122e+00,3.43650000e-07
1.80000836e+00,3.43750000e-07
1.79999123e+00,3.43850000e-07
1.80000835e+00,3.43950000e-07
1.79999125e+00,3.44050000e-07
1.80000834e+00,3.44150000e-07
1.79999126e+00,3.44250000e-07
1.80000833e+00,3.44350000e-07
1.79999127e+00,3.44450000e-07
1.80000832e+00,3.44550000e-07
1.79999128e+00,3.44650000e-07
1.80000830e+00,3.44750000e-07
1.79999130e+00,3.44850000e-07
1.80000829e+00,3.44950000e-07
1.79999131e+00,3.45050000e-07
1.80000828e+00,3.45150000e-07
1.79999132e+00,3.45250000e-07
1.80000827e+00,3.45350000e-07
1.79999134e+00,3.45450000e-07
1.80000825e+00,3.45550000e-07
1.79999135e+00,3.45650000e-07
1.80000824e+00,3.45750000e-07
1.79999136e+00,3.45850000e-07
1.80000823e+00,3.45950000e-07
1.79999137e+00,3.46050000e-07
1.80000822e+00,3.46150000e-07
1.79999139e+00,3.46250000e-07
1.80000820e+00,3.46350000e-07
1.79999140e+00,3.46450000e-07
1.80000819e+00,3.46550000e-07
1.79999141e+00,3.46650000e-07
1.80000818e+00,3.46750000e-07
1.79999143e+00,3.46850000e-07
1.80000817e+00,3.46950000e-07
1.79999144e+00,3.47050000e-07
1.80000815e+00,3.47150000e-07
1.79999145e+00,3.47250000e-07
1.80000814e+00,3.47350000e-07
1.79999147e+00,3.47450000e-07
1.80000813e+00,3.47550000e-07
1.79999148e+00,3.47650000e-07
1.80000812e+00,3.47750000e-07
1.79999149e+00,3.47850000e-07
1.80000810e+00,3.47950000e-07
1.79999151e+00,3.48050000e-07
1.80000809e+00,3.48150000e-07
1.79999152e+00,3.48250000e-07
1.80000808e+00,3.48350000e-07
1.79999154e+00,3.48450000e-07
1.80000806e+00,3.48550000e-07
1.79999155e+00,3.48650000e-07
1.80000805e+00,3.48750000e-07
1.79999156e+00,3.48850000e-07
1.80000804e+00,3.48950000e-07
1.79999158e+00,3.49050000e-07
1.80000803e+00,3.49150000e-07
1.79999159e+00,3.49250000e-07
1.80000801e+00,3.49350000e-07
1.79999160e+00,3.49450000e-07
1.80000800e+00,3.49550000e-07
1.79999162e+00,3.49650000e-07
1.80000799e+00,3.49750000e-07
1.79999163e+00,3.49850000e-07
1.80000797e+00,3.49950000e-07
1.79999165e+00,3.50050000e-07
1.80000796e+00,3.50150000e-07
1.79999166e+00,3.50250000e-07
1.80000795e+00,3.50350000e-07
1.79999167e+00,3.50450000e-07
1.80000793e+00,3.50550000e-07
1.79999169e+00,3.50650000e-07
1.80000792e+00,3.50750000e-07
1.79999170e+00,3.50850000e-07
1.80000791e+00,3.50950000e-07
1.79999172e+00,3.51050000e-07
1.80000789e+00,3.51150000e-07
1.79999173e+00,3.51250000e-07
1.80000788e+00,3.51350000e-07
1.79999174e+00,3.51450000e-07
1.80000787e+00,3.51550000e-07
1.79999176e+00,3.51650000e-07
1.80000785e+00,3.51750000e-07
1.79999177e+00,3.51850000e-07
1.80000784e+00,3.51950000e-07
1.79999179e+00,3.52050000e-07
1.80000783e+00,3.52150000e-07
1.79999180e+00,3.52250000e-07
1.80000781e+00,3.52350000e-07
1.79999181e+00,3.52450000e-07
1.80000780e+00,3.52550000e-07
1.79999183e+00,3.52650000e-07
1.80000779e+00,3.52750000e-07
1.79999184e+00,3.52850000e-07
1.80000777e+00,3.52950000e-07
1.79999186e+00,3.53050000e-07
1.80000776e+00,3.53150000e-07
1.79999187e+00,3.53250000e-07
1.80000775e+00,3.53350000e-07
1.79999189e+00,3.53450000e-07
1.80000773e+00,3.53550000e-07
1.79999190e+00,3.53650000e-07
1.80000772e+00,3.53750000e-07
1.79999191e+00,3.53850000e-07
1.80000771e+00,3.53950000e-07
1.79999193e+00,3.54050000e-07
1.80000769e+00,3.54150000e-07
1.79999194e+00,3.54250000e-07
1.80000768e+00,3.54350000e-07
1.79999196e+00,3.54450000e-07
1.80000766e+00,3.54550000e-07
1.79999197e+00,3.54650000e-07
1.80000765e+00,3.54750000e-07
1.79999199e+00,3.54850000e-07
1.80000764e+00,3.54950000e-07
1.79999200e+00,3.55050000e-07
1.80000762e+00,3.55150000e-07
1.79999201e+00,3.55250000e-07
1.80000761e+00,3.55350000e-07
1.79999203e+00,3.55450000e-07
1.80000760e+00,3.55550000e-07
1.79999204e+00,3.55650000e-07
1.80000758e+00,3.55750000e-07
1.79999206e+00,3.55850000e-07
1.80000757e+00,3.55950000e-07
1.79999207e+00,3.56050000e-07
1.80000755e+00,3.56150000e-07
1.79999209e+00,3.56250000e-07
1.80000754e+00,3.56350000e-07
1.79999210e+00,3.56450000e-07
1.80000753e+00,3.56550000e-07
1.79999212e+00,3.56650000e-07
1.80000751e+00,3.56750000e-07
1.79999213e+00,3.56850000e-07
1.80000750e+00,3.56950000e-07
1.79999214e+00,3.57050000e-07
1.80000749e+00,3.57150000e-07
1.79999216e+00,3.57250000e-07
1.80000747e+00,3.57350000e-07
1.79999217e+00,3.57450000e-07
1.80000746e+00,3.57550000e-07
1.79999219e+00,3.57650000e-07
1.80000744e+00,3.57750000e-07
1.79999220e+00,3.57850000e-07
1.80000743e+00,3.57950000e-07
1.79999222e+00,3.58050000e-07
1.80000742e+00,3.58150000e-07
1.79999223e+00,3.58250000e-07
1.80000740e+00,3.58350000e-07
1.79999225e+00,3.58450000e-07
1.80000739e+00,3.58550000e-07
1.79999226e+00,3.58650000e-07
1.80000737e+00,3.58750000e-07
1.79999228e+00,3.58850000e-07
1.80000736e+00,3.58950000e-07
1.79999229e+00,3.59050000e-07
1.80000735e+00,3.59150000e-07
1.79999230e+00,3.59250000e-07
1.80000733e+00,3.59350000e-07
1.79999232e+00,3.59450000e-07
1.80000732e+00,3.59550000e-07
1.79999233e+00,3.59650000e-07
1.80000731e+00,3.59750000e-07
1.79999235e+00,3.59850000e-07
1.80000729e+00,3.59950000e-07
1.79999236e+00,3.60050000e-07
1.80000728e+00,3.60150000e-07
1.79999238e+00,3.60250000e-07
1.80000726e+00,3.60350000e-07
1.79999239e+00,3.60450000e-07
1.80000725e+00,3.60550000e-07
1.79999241e+00,3.60650000e-07
1.80000724e+00,3.60750000e-07
1.79999242e+00,3.60850000e-07
1.80000722e+00,3.60950000e-07
1.79999244e+00,3.61050000e-07
1.80000721e+00,3.61150000e-07
1.79999245e+00,3.61250000e-07
1.80000719e+00,3.61350000e-07
1.79999247e+00,3.61450000e-07
1.80000718e+00,3.61550000e-07
1.79999248e+00,3.61650000e-07
1.80000716e+00,3.61750000e-07
1.79999250e+00,3.61850000e-07
1.80000715e+00,3.61950000e-07
1.79999251e+00,3.62050000e-07
1.80000714e+00,3.62150000e-07
1.79999253e+00,3.62250000e-07
1.80000712e+00,3.62350000e-07
1.79999254e+00,3.62450000e-07
1.80000711e+00,3.62550000e-07
1.79999256e+00,3.62650000e-07
1.80000709e+00,3.62750000e-07
1.79999257e+00,3.62850000e-07
1.80000708e+00,3.62950000e-07
1.79999258e+00,3.63050000e-07
1.80000707e+00,3.63150000e-07
1.79999260e+00,3.63250000e-07
1.80000705e+00,3.63350000e-07
1.79999261e+00,3.63450000e-07
1.80000704e+00,3.63550000e-07
1.79999263e+00,3.63650000e-07
1.80000702e+00,3.63750000e-07
1.79999264e+00,3.63850000e-07
1.80000701e+00,3.63950000e-07
1.79999266e+00,3.64050000e-07
1.80000700e+00,3.64150000e-07
1.79999267e+00,3.64250000e-07
1.80000698e+00,3.64350000e-07
1.79999269e+00,3.64450000e-07
1.80000697e+00,3.64550000e-07
1.79999270e+00,3.64650000e-07
1.80000695e+00,3.64750000e-07
1.79999272e+00,3.64850000e-07
1.80000694e+00,3.64950000e-07
1.79999273e+00,3.65050000e-07
1.80000692e+00,3.65150000e-07
1.79999275e+00,3.65250000e-07
1.80000691e+00,3.65350000e-07
1.79999276e+00,3.65450000e-07
1.80000690e+00,3.65550000e-07
1.79999278e+00,3.65650000e-07
1.80000688e+00,3.65750000e-07
1.79999279e+00,3.65850000e-07
1.80000687e+00,3.65950000e-07
1.79999281e+00,3.66050000e-07
1.80000685e+00,3.66150000e-07
1.79999282e+00,3.66250000e-07
1.80000684e+00,3.66350000e-07
1.79999284e+00,3.66450000e-07
1.80000683e+00,3.66550000e-07
1.79999285e+00,3.66650000e-07
1.80000681e+00,3.66750000e-07
1.79999287e+00,3.66850000e-07
1.80000680e+00,3.66950000e-07
1.79999288e+00,3.67050000e-07
1.80000678e+00,3.67150000e-07
1.79999290e+00,3.67250000e-07
1.80000677e+00,3.67350000e-07
1.79999291e+00,3.67450000e-07
1.80000676e+00,3.67550000e-07
1.79999292e+00,3.67650000e-07
1.80000674e+00,3.67750000e-07
1.79999294e+00,3.67850000e-07
1.80000673e+00,3.67950000e-07
1.79999295e+00,3.68050000e-07
1.80000671e+00,3.68150000e-07
1.79999297e+00,3.68250000e-07
1.80000670e+00,3.68350000e-07
1.79999298e+00,3.68450000e-07
1.80000668e+00,3.68550000e-07
1.79999300e+00,3.68650000e-07
1.80000667e+00,3.68750000e-07
1.79999301e+00,3.68850000e-07
1.80000666e+00,3.68950000e-07
1.79999303e+00,3.69050000e-07
1.80000664e+00,3.69150000e-07
1.79999304e+00,3.69250000e-07
1.80000663e+00,3.69350000e-07
1.79999306e+00,3.69450000e-07
1.80000661e+00,3.69550000e-07
1.79999307e+00,3.69650000e-07
1.80000660e+00,3.69750000e-07
1.79999309e+00,3.69850000e-07
1.80000659e+00,3.69950000e-07
1.79999310e+00,3.70050000e-07
1.80000657e+00,3.70150000e-07
1.79999312e+00,3.70250000e-07
1.80000656e+00,3.70350000e-07
1.79999313e+00,3.70450000e-07
1.80000654e+00,3.70550000e-07
1.79999314e+00,3.70650000e-07
1.80000653e+00,3.70750000e-07
1.79999316e+00,3.70850000e-07
1.80000652e+00,3.70950000e-07
1.79999317e+00,3.71050000e-07
1.80000650e+00,3.71150000e-07
1.79999319e+00,3.71250000e-07
1.80000649e+00,3.71350000e-07
1.79999320e+00,3.71450000e-07
1.80000648e+00,3.71550000e-07
1.79999322e+00,3.71650000e-07
1.80000646e+00,3.71750000e-07
1.79999323e+00,3.71850000e-07
1.80000645e+00,3.71950000e-07
1.79999325e+00,3.72050000e-07
1.80000643e+00,3.72150000e-07
1.79999326e+00,3.72250000e-07
1.80000642e+00,3.72350000e-07
1.79999327e+00,3.72450000e-07
1.80000641e+00,3.72550000e-07
1.79999329e+00,3.72650000e-07
1.80000639e+00,3.72750000e-07
1.79999330e+00,3.72850000e-07
1.80000638e+00,3.72950000e-07
1.79999332e+00,3.73050000e-07
1.80000636e+00,3.73150000e-07
1.79999333e+00,3.73250000e-07
1.80000635e+00,3.73350000e-07
1.79999335e+00,3.73450000e-07
1.80000634e+00,3.73550000e-07
1.79999336e+00,3.73650000e-07
1.80000632e+00,3.73750000e-07
1.79999338e+00,3.73850000e-07
1.80000631e+00,3.73950000e-07
1.79999339e+00,3.74050000e-07
1.80000630e+00,3.74150000e-07
1.79999340e+00,3.74250000e-07
1.80000628e+00,3.74350000e-07
1.79999342e+00,3.74450000e-07
1.80000627e+00,3.74550000e-07
1.79999343e+00,3.74650000e-07
1.80000626e+00,3.74750000e-07
1.79999345e+00,3.74850000e-07
1.80000624e+00,3.74950000e-07
1.79999346e+00,3.75050000e-07
1.80000623e+00,3.75150000e-07
1.79999347e+00,3.75250000e-07
1.80000621e+00,3.75350000e-07
1.79999349e+00,3.75450000e-07
1.80000620e+00,3.75550000e-07
1.79999350e+00,3.75650000e-07
1.80000619e+00,3.75750000e-07
1.79999352e+00,3.75850000e-07
1.80000617e+00,3.75950000e-07
1.79999353e+00,3.76050000e-07
1.80000616e+00,3.76150000e-07
1.79999355e+00,3.76250000e-07
1.80000615e+00,3.76350000e-07
1.79999356e+00,3.76450000e-07
1.80000613e+00,3.76550000e-07
1.79999357e+00,3.76650000e-07
1.80000612e+00,3.76750000e-07
1.79999359e+00,3.76850000e-07
1.80000611e+00,3.76950000e-07
1.79999360e+00,3.77050000e-07
1.80000609e+00,3.77150000e-07
1.79999362e+00,3.77250000e-07
1.80000608e+00,3.77350000e-07
1.79999363e+00,3.77450000e-07
1.80000607e+00,3.77550000e-07
1.79999364e+00,3.77650000e-07
1.80000605e+00,3.77750000e-07
1.79999366e+00,3.77850000e-07
1.80000604e+00,3.77950000e-07
1.79999367e+00,3.78050000e-07
1.80000603e+00,3.78150000e-07
1.79999369e+00,3.78250000e-07
1.80000601e+00,3.78350000e-07
1.79999370e+00,3.78450000e-07
1.80000600e+00,3.78550000e-07
1.79999371e+00,3.78650000e-07
1.80000599e+00,3.78750000e-07
1.79999373e+00,3.78850000e-07
1.80000597e+00,3.78950000e-07
1.79999374e+00,3.79050000e-07
1.80000596e+00,3.79150000e-07
1.79999375e+00,3.79250000e-07
1.80000595e+00,3.79350000e-07
1.79999377e+00,3.79450000e-07
1.80000593e+00,3.79550000e-07
1.79999378e+00,3.79650000e-07
1.80000592e+00,3.79750000e-07
1.79999380e+00,3.79850000e-07
1.80000591e+00,3.79950000e-07
1.79999381e+00,3.80050000e-07
1.80000589e+00,3.80150000e-07
1.79999382e+00,3.80250000e-07
1.80000588e+00,3.80350000e-07
1.79999384e+00,3.80450000e-07
1.80000587e+00,3.80550000e-07
1.79999385e+00,3.80650000e-07
1.80000586e+00,3.80750000e-07
1.79999386e+00,3.80850000e-07
1.80000584e+00,3.80950000e-07
1.79999388e+00,3.81050000e-07
1.80000583e+00,3.81150000e-07
1.79999389e+00,3.81250000e-07
1.80000582e+00,3.81350000e-07
1.79999390e+00,3.81450000e-07
1.80000580e+00,3.81550000e-07
1.79999392e+00,3.81650000e-07
1.80000579e+00,3.81750000e-07
1.79999393e+00,3.81850000e-07
1.80000578e+00,3.81950000e-07
1.79999395e+00,3.82050000e-07
1.80000576e+00,3.82150000e-07
1.79999396e+00,3.82250000e-07
1.80000575e+00,3.82350000e-07
1.79999397e+00,3.82450000e-07
1.80000574e+00,3.82550000e-07
1.79999399e+00,3.82650000e-07
1.80000573e+00,3.82750000e-07
1.79999400e+00,3.82850000e-07
1.80000571e+00,3.82950000e-07
1.79999401e+00,3.83050000e-07
1.80000570e+00,3.83150000e-07
1.79999403e+00,3.83250000e-07
1.80000569e+00,3.83350000e-07
1.79999404e+00,3.83450000e-07
1.80000567e+00,3.83550000e-07
1.79999405e+00,3.83650000e-07
1.80000566e+00,3.83750000e-07
1.79999407e+00,3.83850000e-07
1.80000565e+00,3.83950000e-07
1.79999408e+00,3.84050000e-07
1.80000564e+00,3.84150000e-07
1.79999409e+00,3.84250000e-07
1.80000562e+00,3.84350000e-07
1.79999411e+00,3.84450000e-07
1.80000561e+00,3.84550000e-07
1.79999412e+00,3.84650000e-07
1.80000560e+00,3.84750000e-07
1.79999413e+00,3.84850000e-07
1.80000559e+00,3.84950000e-07
1.79999415e+00,3.85050000e-07
1.80000557e+00,3.85150000e-07
1.79999416e+00,3.85250000e-07
1.80000556e+00,3.85350000e-07
1.79999417e+00,3.85450000e-07
1.80000555e+00,3.85550000e-07
1.79999418e+00,3.85650000e-07
1.80000554e+00,3.85750000e-07
1.79999420e+00,3.85850000e-07
1.80000552e+00,3.85950000e-07
1.79999421e+00,3.86050000e-07
1.80000551e+00,3.86150000e-07
1.79999422e+00,3.86250000e-07
1.80000550e+00,3.86350000e-07
1.79999424e+00,3.86450000e-07
1.80000549e+00,3.86550000e-07
1.79999425e+00,3.86650000e-07
1.80000547e+00,3.86750000e-07
1.79999426e+00,3.86850000e-07
1.80000546e+00,3.86950000e-07
1.79999428e+00,3.87050000e-07
1.80000545e+00,3.87150000e-07
1.79999429e+00,3.87250000e-07
1.80000544e+00,3.87350000e-07
1.79999430e+00,3.87450000e-07
1.80000542e+00,3.87550000e-07
1.79999431e+00,3.87650000e-07
1.80000541e+00,3.87750000e-07
1.79999433e+00,3.87850000e-07
1.80000540e+00,3.87950000e-07
1.79999434e+00,3.88050000e-07
1.80000539e+00,3.88150000e-07
1.79999435e+00,3.88250000e-07
1.80000537e+00,3.88350000e-07
1.79999437e+00,3.88450000e-07
1.80000536e+00,3.88550000e-07
1.79999438e+00,3.88650000e-07
1.80000535e+00,3.88750000e-07
1.79999439e+00,3.88850000e-07
1.80000534e+00,3.88950000e-07
1.79999440e+00,3.89050000e-07
1.80000533e+00,3.89150000e-07
1.79999442e+00,3.89250000e-07
1.80000531e+00,3.89350000e-07
1.79999443e+00,3.89450000e-07
1.80000530e+00,3.89550000e-07
1.79999444e+00,3.89650000e-07
1.80000529e+00,3.89750000e-07
1.79999445e+00,3.89850000e-07
1.80000528e+00,3.89950000e-07
1.79999447e+00,3.90050000e-07
1.80000527e+00,3.90150000e-07
1.79999448e+00,3.90250000e-07
1.80000525e+00,3.90350000e-07
1.79999449e+00,3.90450000e-07
1.80000524e+00,3.90550000e-07
1.79999450e+00,3.90650000e-07
1.80000523e+00,3.90750000e-07
1.79999452e+00,3.90850000e-07
1.80000522e+00,3.90950000e-07
1.79999453e+00,3.91050000e-07
1.80000521e+00,3.91150000e-07
1.79999454e+00,3.91250000e-07
1.80000519e+00,3.91350000e-07
1.79999455e+00,3.91450000e-07
1.80000518e+00,3.91550000e-07
1.79999457e+00,3.91650000e-07
1.80000517e+00,3.91750000e-07
1.79999458e+00,3.91850000e-07
1.80000516e+00,3.91950000e-07
1.79999459e+00,3.92050000e-07
1.80000515e+00,3.92150000e-07
1.79999460e+00,3.92250000e-07
1.80000513e+00,3.92350000e-07
1.79999462e+00,3.92450000e-07
1.80000512e+00,3.92550000e-07
1.79999463e+00,3.92650000e-07
1.80000511e+00,3.92750000e-07
1.79999464e+00,3.92850000e-07
1.80000510e+00,3.92950000e-07
1.79999465e+00,3.93050000e-07
1.80000509e+00,3.93150000e-07
1.79999467e+00,3.93250000e-07
1.80000508e+00,3.93350000e-07
1.79999468e+00,3.93450000e-07
1.80000506e+00,3.93550000e-07
1.79999469e+00,3.93650000e-07
1.80000505e+00,3.93750000e-07
1.79999470e+00,3.93850000e-07
1.80000504e+00,3.93950000e-07
1.79999471e+00,3.94050000e-07
1.80000503e+00,3.94150000e-07
1.79999473e+00,3.94250000e-07
1.80000502e+00,3.94350000e-07
1.79999474e+00,3.94450000e-07
1.80000501e+00,3.94550000e-07
1.79999475e+00,3.94650000e-07
1.80000499e+00,3.94750000e-07
1.79999476e+00,3.94850000e-07
1.80000498e+00,3.94950000e-07
1.79999477e+00,3.95050000e-07
1.80000497e+00,3.95150000e-07
1.79999479e+00,3.95250000e-07
1.80000496e+00,3.95350000e-07
1.79999480e+00,3.95450000e-07
1.80000495e+00,3.95550000e-07
1.79999481e+00,3.95650000e-07
1.80000494e+00,3.95750000e-07
1.79999482e+00,3.95850000e-07
1.80000493e+00,3.95950000e-07
1.79999483e+00,3.96050000e-07
1.80000491e+00,3.96150000e-07
1.79999485e+00,3.96250000e-07
1.80000490e+00,3.96350000e-07
1.79999486e+00,3.96450000e-07
1.80000489e+00,3.96550000e-07
1.79999487e+00,3.96650000e-07
1.80000488e+00,3.96750000e-07
1.79999488e+00,3.96850000e-07
1.80000487e+00,3.96950000e-07
1.79999489e+00,3.97050000e-07
1.80000486e+00,3.97150000e-07
1.79999491e+00,3.97250000e-07
1.80000485e+00,3.97350000e-07
1.79999492e+00,3.97450000e-07
1.80000484e+00,3.97550000e-07
1.79999493e+00,3.97650000e-07
1.80000482e+00,3.97750000e-07
1.79999494e+00,3.97850000e-07
1.80000481e+00,3.97950000e-07
1.79999495e+00,3.98050000e-07
1.80000480e+00,3.98150000e-07
1.79999496e+00,3.98250000e-07
1.80000479e+00,3.98350000e-07
1.79999498e+00,3.98450000e-07
1.80000478e+00,3.98550000e-07
1.79999499e+00,3.98650000e-07
1.80000477e+00,3.98750000e-07
1.79999500e+00,3.98850000e-07
1.80000476e+00,3.98950000e-07
1.79999501e+00,3.99050000e-07
1.80000475e+00,3.99150000e-07
1.79999502e+00,3.99250000e-07
1.80000474e+00,3.99350000e-07
1.79999503e+00,3.99450000e-07
1.80000472e+00,3.99550000e-07
1.79999504e+00,3.99650000e-07
1.80000471e+00,3.99750000e-07
1.79999506e+00,3.99850000e-07
1.80000470e+00,3.99950000e-07
1.79999507e+00,4.00050000e-07
1.80000469e+00,4.00150000e-07
1.79999508e+00,4.00250000e-07
1.80000468e+00,4.00350000e-07
1.79999509e+00,4.00450000e-07
1.80000467e+00,4.00550000e-07
1.79999510e+00,4.00650000e-07
1.80000466e+00,4.00750000e-07
1.79999511e+00,4.00850000e-07
1.80000465e+00,4.00950000e-07
1.79999512e+00,4.01050000e-07
1.80000464e+00,4.01150000e-07
1.79999514e+00,4.01250000e-07
1.80000463e+00,4.01350000e-07
1.79999515e+00,4.01450000e-07
1.80000462e+00,4.01550000e-07
1.79999516e+00,4.01650000e-07
1.80000460e+00,4.01750000e-07
1.79999517e+00,4.01850000e-07
1.80000459e+00,4.01950000e-07
1.79999518e+00,4.02050000e-07
1.80000458e+00,4.02150000e-07
1.79999519e+00,4.02250000e-07
1.80000457e+00,4.02350000e-07
1.79999520e+00,4.02450000e-07
1.80000456e+00,4.02550000e-07
1.79999521e+00,4.02650000e-07
1.80000455e+00,4.02750000e-07
1.79999523e+00,4.02850000e-07
1.80000454e+00,4.02950000e-07
1.79999524e+00,4.03050000e-07
1.80000453e+00,4.03150000e-07
1.79999525e+00,4.03250000e-07
1.80000452e+00,4.03350000e-07
1.79999526e+00,4.03450000e-07
1.80000451e+00,4.03550000e-07
1.79999527e+00,4.03650000e-07
1.80000450e+00,4.03750000e-07
1.79999528e+00,4.03850000e-07
1.80000449e+00,4.03950000e-07
1.79999529e+00,4.04050000e-07
1.80000448e+00,4.04150000e-07
1.79999530e+00,4.04250000e-07
1.80000447e+00,4.04350000e-07
1.79999531e+00,4.04450000e-07
1.80000446e+00,4.04550000e-07
1.79999532e+00,4.04650000e-07
1.80000445e+00,4.04750000e-07
1.79999533e+00,4.04850000e-07
1.80000444e+00,4.04950000e-07
1.79999535e+00,4.05050000e-07
1.80000443e+00,4.05150000e-07
1.79999536e+00,4.05250000e-07
1.80000441e+00,4.05350000e-07
1.79999537e+00,4.05450000e-07
1.80000440e+00,4.05550000e-07
1.79999538e+00,4.05650000e-07
1.80000439e+00,4.05750000e-07
1.79999539e+00,4.05850000e-07
1.80000438e+00,4.05950000e-07
1.79999540e+00,4.06050000e-07
1.80000437e+00,4.06150000e-07
1.79999541e+00,4.06250000e-07
1.80000436e+00,4.06350000e-07
1.79999542e+00,4.06450000e-07
1.80000435e+00,4.06550000e-07
1.79999543e+00,4.06650000e-07
1.80000434e+00,4.06750000e-07
1.79999544e+00,4.06850000e-07
1.80000433e+00,4.06950000e-07
1.79999545e+00,4.07050000e-07
1.80000432e+00,4.07150000e-07
1.79999546e+00,4.07250000e-07
1.80000431e+00,4.07350000e-07
1.79999547e+00,4.07450000e-07
1.80000430e+00,4.07550000e-07
1.79999548e+00,4.07650000e-07
1.80000429e+00,4.07750000e-07
1.79999550e+00,4.07850000e-07
1.80000428e+00,4.07950000e-07
1.79999551e+00,4.08050000e-07
1.80000427e+00,4.08150000e-07
1.79999552e+00,4.08250000e-07
1.80000426e+00,4.08350000e-07
1.79999553e+00,4.08450000e-07
1.80000425e+00,4.08550000e-07
1.79999554e+00,4.08650000e-07
1.80000424e+00,4.08750000e-07
1.79999555e+00,4.08850000e-07
1.80000423e+00,4.08950000e-07
1.79999556e+00,4.09050000e-07
1.80000422e+00,4.09150000e-07
1.79999557e+00,4.09250000e-07
1.80000421e+00,4.09350000e-07
1.79999558e+00,4.09450000e-07
1.80000420e+00,4.09550000e-07
1.79999559e+00,4.09650000e-07
1.80000419e+00,4.09750000e-07
1.79999560e+00,4.09850000e-07
1.80000418e+00,4.09950000e-07
1.79999561e+00,4.10050000e-07
1.80000417e+00,4.10150000e-07
1.79999562e+00,4.10250000e-07
1.80000416e+00,4.10350000e-07
1.79999563e+00,4.10450000e-07
1.80000415e+00,4.10550000e-07
1.79999564e+00,4.10650000e-07
1.80000414e+00,4.10750000e-07
1.79999565e+00,4.10850000e-07
1.80000413e+00,4.10950000e-07
1.79999566e+00,4.11050000e-07
1.80000412e+00,4.11150000e-07
1.79999567e+00,4.11250000e-07
1.80000411e+00,4.11350000e-07
1.79999568e+00,4.11450000e-07
1.80000410e+00,4.11550000e-07
1.79999569e+00,4.11650000e-07
1.80000410e+00,4.11750000e-07
1.79999570e+00,4.11850000e-07
1.80000409e+00,4.11950000e-07
1.79999571e+00,4.12050000e-07
1.80000408e+00,4.12150000e-07
1.79999572e+00,4.12250000e-07
1.80000407e+00,4.12350000e-07
1.79999573e+00,4.12450000e-07
1.80000406e+00,4.12550000e-07
1.79999574e+00,4.12650000e-07
1.80000405e+00,4.12750000e-07
1.79999575e+00,4.12850000e-07
1.80000404e+00,4.12950000e-07
1.79999576e+00,4.13050000e-07
1.80000403e+00,4.13150000e-07
1.79999577e+00,4.13250000e-07
1.80000402e+00,4.13350000e-07
1.79999578e+00,4.13450000e-07
1.80000401e+00,4.13550000e-07
1.79999579e+00,4.13650000e-07
1.80000400e+00,4.13750000e-07
1.79999580e+00,4.13850000e-07
1.80000399e+00,4.13950000e-07
1.79999581e+00,4.14050000e-07
1.80000398e+00,4.14150000e-07
1.79999582e+00,4.14250000e-07
1.80000397e+00,4.14350000e-07
1.79999583e+00,4.14450000e-07
1.80000396e+00,4.14550000e-07
1.79999584e+00,4.14650000e-07
1.80000395e+00,4.14750000e-07
1.79999585e+00,4.14850000e-07
1.80000394e+00,4.14950000e-07
1.79999586e+00,4.15050000e-07
1.80000393e+00,4.15150000e-07
1.79999587e+00,4.15250000e-07
1.80000392e+00,4.15350000e-07
1.79999588e+00,4.15450000e-07
1.80000392e+00,4.15550000e-07
1.79999589e+00,4.15650000e-07
1.80000391e+00,4.15750000e-07
1.79999590e+00,4.15850000e-07
1.80000390e+00,4.15950000e-07
1.79999591e+00,4.16050000e-07
1.80000389e+00,4.16150000e-07
1.79999592e+00,4.16250000e-07
1.80000388e+00,4.16350000e-07
1.79999593e+00,4.16450000e-07
1.80000387e+00,4.16550000e-07
1.79999594e+00,4.16650000e-07
1.80000386e+00,4.16750000e-07
1.79999595e+00,4.16850000e-07
1.80000385e+00,4.16950000e-07
1.79999596e+00,4.17050000e-07
1.80000384e+00,4.17150000e-07
1.79999596e+00,4.17250000e-07
1.80000383e+00,4.17350000e-07
1.79999597e+00,4.17450000e-07
1.80000382e+00,4.17550000e-07
1.79999598e+00,4.17650000e-07
1.80000382e+00,4.17750000e-07
1.79999599e+00,4.17850000e-07
1.80000381e+00,4.17950000e-07
1.79999600e+00,4.18050000e-07
1.80000380e+00,4.18150000e-07
1.79999601e+00,4.18250000e-07
1.80000379e+00,4.18350000e-07
1.79999602e+00,4.18450000e-07
1.80000378e+00,4.18550000e-07
1.79999603e+00,4.18650000e-07
1.80000377e+00,4.18750000e-07
1.79999604e+00,4.18850000e-07
1.80000376e+00,4.18950000e-07
1.79999605e+00,4.19050000e-07
1.80000375e+00,4.19150000e-07
1.79999606e+00,4.19250000e-07
1.80000374e+00,4.19350000e-07
1.79999607e+00,4.19450000e-07
1.80000373e+00,4.19550000e-07
1.79999608e+00,4.19650000e-07
1.80000373e+00,4.19750000e-07
1.79999609e+00,4.19850000e-07
1.80000372e+00,4.19950000e-07
1.79999610e+00,4.20050000e-07
1.80000371e+00,4.20150000e-07
1.79999610e+00,4.20250000e-07
1.80000370e+00,4.20350000e-07
1.79999611e+00,4.20450000e-07
1.80000369e+00,4.20550000e-07
1.79999612e+00,4.20650000e-07
1.80000368e+00,4.20750000e-07
1.79999613e+00,4.20850000e-07
1.80000367e+00,4.20950000e-07
1.79999614e+00,4.21050000e-07
1.80000366e+00,4.21150000e-07
1.79999615e+00,4.21250000e-07
1.80000366e+00,4.21350000e-07
1.79999616e+00,4.21450000e-07
1.80000365e+00,4.21550000e-07
1.79999617e+00,4.21650000e-07
1.80000364e+00,4.21750000e-07
1.79999618e+00,4.21850000e-07
1.80000363e+00,4.21950000e-07
1.79999619e+00,4.22050000e-07
1.80000362e+00,4.22150000e-07
1.79999620e+00,4.22250000e-07
1.80000361e+00,4.22350000e-07
1.79999620e+00,4.22450000e-07
1.80000360e+00,4.22550000e-07
1.79999621e+00,4.22650000e-07
1.80000360e+00,4.22750000e-07
1.79999622e+00,4.22850000e-07
1.80000359e+00,4.22950000e-07
1.79999623e+00,4.23050000e-07
1.80000358e+00,4.23150000e-07
1.79999624e+00,4.23250000e-07
1.80000357e+00,4.23350000e-07
1.79999625e+00,4.23450000e-07
1.80000356e+00,4.23550000e-07
1.79999626e+00,4.23650000e-07
1.80000355e+00,4.23750000e-07
1.79999627e+00,4.23850000e-07
1.80000354e+00,4.23950000e-07
1.79999628e+00,4.24050000e-07
1.80000354e+00,4.24150000e-07
1.79999628e+00,4.24250000e-07
1.80000353e+00,4.24350000e-07
1.79999629e+00,4.24450000e-07
1.80000352e+00,4.24550000e-07
1.79999630e+00,4.24650000e-07
1.80000351e+00,4.24750000e-07
1.79999631e+00,4.24850000e-07
1.80000350e+00,4.24950000e-07
1.79999632e+00,4.25050000e-07
1.80000349e+00,4.25150000e-07
1.79999633e+00,4.25250000e-07
1.80000349e+00,4.25350000e-07
1.79999634e+00,4.25450000e-07
1.80000348e+00,4.25550000e-07
1.79999634e+00,4.25650000e-07
1.80000347e+00,4.25750000e-07
1.79999635e+00,4.25850000e-07
1.80000346e+00,4.25950000e-07
1.79999636e+00,4.26050000e-07
1.80000345e+00,4.26150000e-07
1.79999637e+00,4.26250000e-07
1.80000345e+00,4.26350000e-07
1.79999638e+00,4.26450000e-07
1.80000344e+00,4.26550000e-07
1.79999639e+00,4.26650000e-07
1.80000343e+00,4.26750000e-07
1.79999640e+00,4.26850000e-07
1.80000342e+00,4.26950000e-07
1.79999640e+00,4.27050000e-07
1.80000341e+00,4.27150000e-07
1.79999641e+00,4.27250000e-07
1.80000340e+00,4.27350000e-07
1.79999642e+00,4.27450000e-07
1.80000340e+00,4.27550000e-07
1.79999643e+00,4.27650000e-07
1.80000339e+00,4.27750000e-07
1.79999644e+00,4.27850000e-07
1.80000338e+00,4.27950000e-07
1.79999645e+00,4.28050000e-07
1.80000337e+00,4.28150000e-07
1.79999646e+00,4.28250000e-07
1.80000336e+00,4.28350000e-07
1.79999646e+00,4.28450000e-07
1.80000336e+00,4.28550000e-07
1.79999647e+00,4.28650000e-07
1.80000335e+00,4.28750000e-07
1.79999648e+00,4.28850000e-07
1.80000334e+00,4.28950000e-07
1.79999649e+00,4.29050000e-07
1.80000333e+00,4.29150000e-07
1.79999650e+00,4.29250000e-07
1.80000332e+00,4.29350000e-07
1.79999650e+00,4.29450000e-07
1.80000332e+00,4.29550000e-07
1.79999651e+00,4.29650000e-07
1.80000331e+00,4.29750000e-07
1.79999652e+00,4.29850000e-07
1.80000330e+00,4.29950000e-07
1.79999653e+00,4.30050000e-07
1.80000329e+00,4.30150000e-07
1.79999654e+00,4.30250000e-07
1.80000329e+00,4.30350000e-07
1.79999655e+00,4.30450000e-07
1.80000328e+00,4.30550000e-07
1.79999655e+00,4.30650000e-07
1.80000327e+00,4.30750000e-07
1.79999656e+00,4.30850000e-07
1.80000326e+00,4.30950000e-07
1.79999657e+00,4.31050000e-07
1.80000325e+00,4.31150000e-07
1.79999658e+00,4.31250000e-07
1.80000325e+00,4.31350000e-07
1.79999659e+00,4.31450000e-07
1.80000324e+00,4.31550000e-07
1.79999659e+00,4.31650000e-07
1.80000323e+00,4.31750000e-07
1.79999660e+00,4.31850000e-07
1.80000322e+00,4.31950000e-07
1.79999661e+00,4.32050000e-07
1.80000322e+00,4.32150000e-07
1.79999662e+00,4.32250000e-07
1.80000321e+00,4.32350000e-07
1.79999663e+00,4.32450000e-07
1.80000320e+00,4.32550000e-07
1.79999663e+00,4.32650000e-07
1.80000319e+00,4.32750000e-07
1.79999664e+00,4.32850000e-07
1.80000319e+00,4.32950000e-07
1.79999665e+00,4.33050000e-07
1.80000318e+00,4.33150000e-07
1.79999666e+00,4.33250000e-07
1.80000317e+00,4.33350000e-07
1.79999667e+00,4.33450000e-07
1.80000316e+00,4.33550000e-07
1.79999667e+00,4.33650000e-07
1.80000316e+00,4.33750000e-07
1.79999668e+00,4.33850000e-07
1.80000315e+00,4.33950000e-07
1.79999669e+00,4.34050000e-07
1.80000314e+00,4.34150000e-07
1.79999670e+00,4.34250000e-07
1.80000313e+00,4.34350000e-07
1.79999671e+00,4.34450000e-07
1.80000313e+00,4.34550000e-07
1.79999671e+00,4.34650000e-07
1.80000312e+00,4.34750000e-07
1.79999672e+00,4.34850000e-07
1.80000311e+00,4.34950000e-07
1.79999673e+00,4.35050000e-07
1.80000310e+00,4.35150000e-07
1.79999674e+00,4.35250000e-07
1.80000310e+00,4.35350000e-07
1.79999674e+00,4.35450000e-07
1.80000309e+00,4.35550000e-07
1.79999675e+00,4.35650000e-07
1.80000308e+00,4.35750000e-07
1.79999676e+00,4.35850000e-07
1.80000307e+00,4.35950000e-07
1.79999677e+00,4.36050000e-07
1.80000307e+00,4.36150000e-07
1.79999677e+00,4.36250000e-07
1.80000306e+00,4.36350000e-07
1.79999678e+00,4.36450000e-07
1.80000305e+00,4.36550000e-07
1.79999679e+00,4.36650000e-07
1.80000304e+00,4.36750000e-07
1.79999680e+00,4.36850000e-07
1.80000304e+00,4.36950000e-07
1.79999681e+00,4.37050000e-07
1.80000303e+00,4.37150000e-07
1.79999681e+00,4.37250000e-07
1.80000302e+00,4.37350000e-07
1.79999682e+00,4.37450000e-07
1.80000302e+00,4.37550000e-07
1.79999683e+00,4.37650000e-07
1.80000301e+00,4.37750000e-07
1.79999684e+00,4.37850000e-07
1.80000300e+00,4.37950000e-07
1.79999684e+00,4.38050000e-07
1.80000299e+00,4.38150000e-07
1.79999685e+00,4.38250000e-07
1.80000299e+00,4.38350000e-07
1.79999686e+00,4.38450000e-07
1.80000298e+00,4.38550000e-07
1.79999686e+00,4.38650000e-07
1.80000297e+00,4.38750000e-07
1.79999687e+00,4.38850000e-07
1.80000297e+00,4.38950000e-07
1.79999688e+00,4.39050000e-07
1.80000296e+00,4.39150000e-07
1.79999689e+00,4.39250000e-07
1.80000295e+00,4.39350000e-07
1.79999689e+00,4.39450000e-07
1.80000294e+00,4.39550000e-07
1.79999690e+00,4.39650000e-07
1.80000294e+00,4.39750000e-07
1.79999691e+00,4.39850000e-07
1.80000293e+00,4.39950000e-07
1.79999692e+00,4.40050000e-07
1.80000292e+00,4.40150000e-07
1.79999692e+00,4.40250000e-07
1.80000292e+00,4.40350000e-07
1.79999693e+00,4.40450000e-07
1.80000291e+00,4.40550000e-07
1.79999694e+00,4.40650000e-07
1.80000290e+00,4.40750000e-07
1.79999695e+00,4.40850000e-07
1.80000290e+00,4.40950000e-07
1.79999695e+00,4.41050000e-07
1.80000289e+00,4.41150000e-07
1.79999696e+00,4.41250000e-07
1.80000288e+00,4.41350000e-07
1.79999697e+00,4.41450000e-07
1.80000288e+00,4.41550000e-07
1.79999697e+00,4.41650000e-07
1.80000287e+00,4.41750000e-07
1.79999698e+00,4.41850000e-07
1.80000286e+00,4.41950000e-07
1.79999699e+00,4.42050000e-07
1.80000286e+00,4.42150000e-07
1.79999700e+00,4.42250000e-07
1.80000285e+00,4.42350000e-07
1.79999700e+00,4.42450000e-07
1.80000284e+00,4.42550000e-07
1.79999701e+00,4.42650000e-07
1.80000283e+00,4.42750000e-07
1.79999702e+00,4.42850000e-07
1.80000283e+00,4.42950000e-07
1.79999702e+00,4.43050000e-07
1.80000282e+00,4.43150000e-07
1.79999703e+00,4.43250000e-07
1.80000281e+00,4.43350000e-07
1.79999704e+00,4.43450000e-07
1.80000281e+00,4.43550000e-07
1.79999704e+00,4.43650000e-07
1.80000280e+00,4.43750000e-07
1.79999705e+00,4.43850000e-07
1.80000279e+00,4.43950000e-07
1.79999706e+00,4.44050000e-07
1.80000279e+00,4.44150000e-07
1.79999707e+00,4.44250000e-07
1.80000278e+00,4.44350000e-07
1.79999707e+00,4.44450000e-07
1.80000277e+00,4.44550000e-07
1.79999708e+00,4.44650000e-07
1.80000277e+00,4.44750000e-07
1.79999709e+00,4.44850000e-07
1.80000276e+00,4.44950000e-07
1.79999709e+00,4.45050000e-07
1.80000276e+00,4.45150000e-07
1.79999710e+00,4.45250000e-07
1.80000275e+00,4.45350000e-07
1.79999711e+00,4.45450000e-07
1.80000274e+00,4.45550000e-07
1.79999711e+00,4.45650000e-07
1.80000274e+00,4.45750000e-07
1.79999712e+00,4.45850000e-07
1.80000273e+00,4.45950000e-07
1.79999713e+00,4.46050000e-07
1.80000272e+00,4.46150000e-07
1.79999713e+00,4.46250000e-07
1.80000272e+00,4.46350000e-07
1.79999714e+00,4.46450000e-07
1.80000271e+00,4.46550000e-07
1.79999715e+00,4.46650000e-07
1.80000270e+00,4.46750000e-07
1.79999715e+00,4.46850000e-07
1.80000270e+00,4.46950000e-07
1.79999716e+00,4.47050000e-07
1.80000269e+00,4.47150000e-07
1.79999717e+00,4.47250000e-07
1.80000268e+00,4.47350000e-07
1.79999717e+00,4.47450000e-07
1.80000268e+00,4.47550000e-07
1.79999718e+00,4.47650000e-07
1.80000267e+00,4.47750000e-07
1.79999719e+00,4.47850000e-07
1.80000266e+00,4.47950000e-07
1.79999719e+00,4.48050000e-07
1.80000266e+00,4.48150000e-07
1.79999720e+00,4.48250000e-07
1.80000265e+00,4.48350000e-07
1.79999721e+00,4.48450000e-07
1.80000265e+00,4.48550000e-07
1.79999721e+00,4.48650000e-07
1.80000264e+00,4.48750000e-07
1.79999722e+00,4.48850000e-07
1.80000263e+00,4.48950000e-07
1.79999723e+00,4.49050000e-07
1.80000263e+00,4.49150000e-07
1.79999723e+00,4.49250000e-07
1.80000262e+00,4.49350000e-07
1.79999724e+00,4.49450000e-07
1.80000261e+00,4.49550000e-07
1.79999725e+00,4.49650000e-07
1.80000261e+00,4.49750000e-07
1.79999725e+00,4.49850000e-07
1.80000260e+00,4.49950000e-07
1.79999726e+00,4.50050000e-07
1.80000260e+00,4.50150000e-07
1.79999727e+00,4.50250000e-07
1.80000259e+00,4.50350000e-07
1.79999727e+00,4.50450000e-07
1.80000258e+00,4.50550000e-07
1.79999728e+00,4.50650000e-07
1.80000258e+00,4.50750000e-07
1.79999729e+00,4.50850000e-07
1.80000257e+00,4.50950000e-07
1.79999729e+00,4.51050000e-07
1.80000257e+00,4.51150000e-07
1.79999730e+00,4.51250000e-07
1.80000256e+00,4.51350000e-07
1.79999730e+00,4.51450000e-07
1.80000255e+00,4.51550000e-07
1.79999731e+00,4.51650000e-07
1.80000255e+00,4.51750000e-07
1.79999732e+00,4.51850000e-07
1.80000254e+00,4.51950000e-07
1.79999732e+00,4.52050000e-07
1.80000254e+00,4.52150000e-07
1.79999733e+00,4.52250000e-07
1.80000253e+00,4.52350000e-07
1.79999734e+00,4.52450000e-07
1.80000252e+00,4.52550000e-07
1.79999734e+00,4.52650000e-07
1.80000252e+00,4.52750000e-07
1.79999735e+00,4.52850000e-07
1.80000251e+00,4.52950000e-07
1.79999735e+00,4.53050000e-07
1.80000251e+00,4.53150000e-07
1.79999736e+00,4.53250000e-07
1.80000250e+00,4.53350000e-07
1.79999737e+00,4.53450000e-07
1.80000249e+00,4.53550000e-07
1.79999737e+00,4.53650000e-07
1.80000249e+00,4.53750000e-07
1.79999738e+00,4.53850000e-07
1.80000248e+00,4.53950000e-07
1.79999739e+00,4.54050000e-07
1.80000248e+00,4.54150000e-07
1.79999739e+00,4.54250000e-07
1.80000247e+00,4.54350000e-07
1.79999740e+00,4.54450000e-07
1.80000246e+00,4.54550000e-07
1.79999740e+00,4.54650000e-07
1.80000246e+00,4.54750000e-07
1.79999741e+00,4.54850000e-07
1.80000245e+00,4.54950000e-07
1.79999742e+00,4.55050000e-07
1.80000245e+00,4.55150000e-07
1.79999742e+00,4.55250000e-07
1.80000244e+00,4.55350000e-07
1.79999743e+00,4.55450000e-07
1.80000244e+00,4.55550000e-07
1.79999743e+00,4.55650000e-07
1.80000243e+00,4.55750000e-07
1.79999744e+00,4.55850000e-07
1.80000242e+00,4.55950000e-07
1.79999745e+00,4.56050000e-07
1.80000242e+00,4.56150000e-07
1.79999745e+00,4.56250000e-07
1.80000241e+00,4.56350000e-07
1.79999746e+00,4.56450000e-07
1.80000241e+00,4.56550000e-07
1.79999746e+00,4.56650000e-07
1.80000240e+00,4.56750000e-07
1.79999747e+00,4.56850000e-07
1.80000240e+00,4.56950000e-07
1.79999748e+00,4.57050000e-07
1.80000239e+00,4.57150000e-07
1.79999748e+00,4.57250000e-07
1.80000238e+00,4.57350000e-07
1.79999749e+00,4.57450000e-07
1.80000238e+00,4.57550000e-07
1.79999749e+00,4.57650000e-07
1.80000237e+00,4.57750000e-07
1.79999750e+00,4.57850000e-07
1.80000237e+00,4.57950000e-07
1.79999750e+00,4.58050000e-07
1.80000236e+00,4.58150000e-07
1.79999751e+00,4.58250000e-07
1.80000236e+00,4.58350000e-07
1.79999752e+00,4.58450000e-07
1.80000235e+00,4.58550000e-07
1.79999752e+00,4.58650000e-07
1.80000235e+00,4.58750000e-07
1.79999753e+00,4.58850000e-07
1.80000234e+00,4.58950000e-07
1.79999753e+00,4.59050000e-07
1.80000233e+00,4.59150000e-07
1.79999754e+00,4.59250000e-07
1.80000233e+00,4.59350000e-07
1.79999755e+00,4.59450000e-07
1.80000232e+00,4.59550000e-07
1.79999755e+00,4.59650000e-07
1.80000232e+00,4.59750000e-07
1.79999756e+00,4.59850000e-07
1.80000231e+00,4.59950000e-07
1.79999756e+00,4.60050000e-07
1.80000231e+00,4.60150000e-07
1.79999757e+00,4.60250000e-07
1.80000230e+00,4.60350000e-07
1.79999757e+00,4.60450000e-07
1.80000230e+00,4.60550000e-07
1.79999758e+00,4.60650000e-07
1.80000229e+00,4.60750000e-07
1.79999759e+00,4.60850000e-07
1.80000229e+00,4.60950000e-07
1.79999759e+00,4.61050000e-07
1.80000228e+00,4.61150000e-07
1.79999760e+00,4.61250000e-07
1.80000227e+00,4.61350000e-07
1.79999760e+00,4.61450000e-07
1.80000227e+00,4.61550000e-07
1.79999761e+00,4.61650000e-07
1.80000226e+00,4.61750000e-07
1.79999761e+00,4.61850000e-07
1.80000226e+00,4.61950000e-07
1.79999762e+00,4.62050000e-07
1.80000225e+00,4.62150000e-07
1.79999762e+00,4.62250000e-07
1.80000225e+00,4.62350000e-07
1.79999763e+00,4.62450000e-07
1.80000224e+00,4.62550000e-07
1.79999764e+00,4.62650000e-07
1.80000224e+00,4.62750000e-07
1.79999764e+00,4.62850000e-07
1.80000223e+00,4.62950000e-07
1.79999765e+00,4.63050000e-07
1.80000223e+00,4.63150000e-07
1.79999765e+00,4.63250000e-07
1.80000222e+00,4.63350000e-07
1.79999766e+00,4.63450000e-07
1.80000222e+00,4.63550000e-07
1.79999766e+00,4.63650000e-07
1.80000221e+00,4.63750000e-07
1.79999767e+00,4.63850000e-07
1.80000221e+00,4.63950000e-07
1.79999767e+00,4.64050000e-07
1.80000220e+00,4.64150000e-07
1.79999768e+00,4.64250000e-07
1.80000220e+00,4.64350000e-07
1.79999768e+00,4.64450000e-07
1.80000219e+00,4.64550000e-07
1.79999769e+00,4.64650000e-07
1.80000219e+00,4.64750000e-07
1.79999769e+00,4.64850000e-07
1.80000218e+00,4.64950000e-07
1.79999770e+00,4.65050000e-07
1.80000218e+00,4.65150000e-07
1.79999771e+00,4.65250000e-07
1.80000217e+00,4.65350000e-07
1.79999771e+00,4.65450000e-07
1.80000217e+00,4.65550000e-07
1.79999772e+00,4.65650000e-07
1.80000216e+00,4.65750000e-07
1.79999772e+00,4.65850000e-07
1.80000216e+00,4.65950000e-07
1.79999773e+00,4.66050000e-07
1.80000215e+00,4.66150000e-07
1.79999773e+00,4.66250000e-07
1.80000215e+00,4.66350000e-07
1.79999774e+00,4.66450000e-07
1.80000214e+00,4.66550000e-07
1.79999774e+00,4.66650000e-07
1.80000214e+00,4.66750000e-07
1.79999775e+00,4.66850000e-07
1.80000213e+00,4.66950000e-07
1.79999775e+00,4.67050000e-07
1.80000213e+00,4.67150000e-07
1.79999776e+00,4.67250000e-07
1.80000212e+00,4.67350000e-07
1.79999776e+00,4.67450000e-07
1.80000212e+00,4.67550000e-07
1.79999777e+00,4.67650000e-07
1.80000211e+00,4.67750000e-07
1.79999777e+00,4.67850000e-07
1.80000211e+00,4.67950000e-07
1.79999778e+00,4.68050000e-07
1.80000210e+00,4.68150000e-07
1.79999778e+00,4.68250000e-07
1.80000210e+00,4.68350000e-07
1.79999779e+00,4.68450000e-07
1.80000209e+00,4.68550000e-07
1.79999779e+00,4.68650000e-07
1.80000209e+00,4.68750000e-07
1.79999780e+00,4.68850000e-07
1.80000208e+00,4.68950000e-07
1.79999780e+00,4.69050000e-07
1.80000208e+00,4.69150000e-07
1.79999781e+00,4.69250000e-07
1.80000207e+00,4.69350000e-07
1.79999781e+00,4.69450000e-07
1.80000207e+00,4.69550000e-07
1.79999782e+00,4.69650000e-07
1.80000206e+00,4.69750000e-07
1.79999782e+00,4.69850000e-07
1.80000206e+00,4.69950000e-07
1.79999783e+00,4.70050000e-07
1.80000205e+00,4.70150000e-07
1.79999783e+00,4.70250000e-07
1.80000205e+00,4.70350000e-07
1.79999784e+00,4.70450000e-07
1.80000204e+00,4.70550000e-07
1.79999784e+00,4.70650000e-07
1.80000204e+00,4.70750000e-07
1.79999785e+00,4.70850000e-07
1.80000203e+00,4.70950000e-07
1.79999785e+00,4.71050000e-07
1.80000203e+00,4.71150000e-07
1.79999786e+00,4.71250000e-07
1.80000202e+00,4.71350000e-07
1.79999786e+00,4.71450000e-07
1.80000202e+00,4.71550000e-07
1.79999787e+00,4.71650000e-07
1.80000201e+00,4.71750000e-07
1.79999787e+00,4.71850000e-07
1.80000201e+00,4.71950000e-07
1.79999788e+00,4.72050000e-07
1.80000201e+00,4.72150000e-07
1.79999788e+00,4.72250000e-07
1.80000200e+00,4.72350000e-07
1.79999789e+00,4.72450000e-07
1.80000200e+00,4.72550000e-07
1.79999789e+00,4.72650000e-07
1.80000199e+00,4.72750000e-07
1.79999790e+00,4.72850000e-07
1.80000199e+00,4.72950000e-07
1.79999790e+00,4.73050000e-07
1.80000198e+00,4.73150000e-07
1.79999791e+00,4.73250000e-07
1.80000198e+00,4.73350000e-07
1.79999791e+00,4.73450000e-07
1.80000197e+00,4.73550000e-07
1.79999792e+00,4.73650000e-07
1.80000197e+00,4.73750000e-07
1.79999792e+00,4.73850000e-07
1.80000196e+00,4.73950000e-07
1.79999793e+00,4.74050000e-07
1.80000196e+00,4.74150000e-07
1.79999793e+00,4.74250000e-07
1.80000195e+00,4.74350000e-07
1.79999794e+00,4.74450000e-07
1.80000195e+00,4.74550000e-07
1.79999794e+00,4.74650000e-07
1.80000195e+00,4.74750000e-07
1.79999795e+00,4.74850000e-07
1.80000194e+00,4.74950000e-07
1.79999795e+00,4.75050000e-07
1.80000194e+00,4.75150000e-07
1.79999795e+00,4.75250000e-07
1.80000193e+00,4.75350000e-07
1.79999796e+00,4.75450000e-07
1.80000193e+00,4.75550000e-07
1.79999796e+00,4.75650000e-07
1.80000192e+00,4.75750000e-07
1.79999797e+00,4.75850000e-07
1.80000192e+00,4.75950000e-07
1.79999797e+00,4.76050000e-07
1.80000191e+00,4.76150000e-07
1.79999798e+00,4.76250000e-07
1.80000191e+00,4.76350000e-07
1.79999798e+00,4.76450000e-07
1.80000190e+00,4.76550000e-07
1.79999799e+00,4.76650000e-07
1.80000190e+00,4.76750000e-07
1.79999799e+00,4.76850000e-07
1.80000190e+00,4.76950000e-07
1.79999800e+00,4.77050000e-07
1.80000189e+00,4.77150000e-07
1.79999800e+00,4.77250000e-07
1.80000189e+00,4.77350000e-07
1.79999801e+00,4.77450000e-07
1.80000188e+00,4.77550000e-07
1.79999801e+00,4.77650000e-07
1.80000188e+00,4.77750000e-07
1.79999801e+00,4.77850000e-07
1.80000187e+00,4.77950000e-07
1.79999802e+00,4.78050000e-07
1.80000187e+00,4.78150000e-07
1.79999802e+00,4.78250000e-07
1.80000187e+00,4.78350000e-07
1.79999803e+00,4.78450000e-07
1.80000186e+00,4.78550000e-07
1.79999803e+00,4.78650000e-07
1.80000186e+00,4.78750000e-07
1.79999804e+00,4.78850000e-07
1.80000185e+00,4.78950000e-07
1.79999804e+00,4.79050000e-07
1.80000185e+00,4.79150000e-07
1.79999805e+00,4.79250000e-07
1.80000184e+00,4.79350000e-07
1.79999805e+00,4.79450000e-07
1.80000184e+00,4.79550000e-07
1.79999805e+00,4.79650000e-07
1.80000183e+00,4.79750000e-07
1.79999806e+00,4.79850000e-07
1.80000183e+00,4.79950000e-07
1.79999806e+00,4.80050000e-07
1.80000183e+00,4.80150000e-07
1.79999807e+00,4.80250000e-07
1.80000182e+00,4.80350000e-07
1.79999807e+00,4.80450000e-07
1.80000182e+00,4.80550000e-07
1.79999808e+00,4.80650000e-07
1.80000181e+00,4.80750000e-07
1.79999808e+00,4.80850000e-07
1.80000181e+00,4.80950000e-07
1.79999809e+00,4.81050000e-07
1.80000180e+00,4.81150000e-07
1.79999809e+00,4.81250000e-07
1.80000180e+00,4.81350000e-07
1.79999810e+00,4.81450000e-07
1.80000180e+00,4.81550000e-07
1.79999810e+00,4.81650000e-07
1.80000179e+00,4.81750000e-07
1.79999810e+00,4.81850000e-07
1.80000179e+00,4.81950000e-07
1.79999811e+00,4.82050000e-07
1.80000178e+00,4.82150000e-07
1.79999811e+00,4.82250000e-07
1.80000178e+00,4.82350000e-07
1.79999812e+00,4.82450000e-07
1.80000177e+00,4.82550000e-07
1.79999812e+00,4.82650000e-07
1.80000177e+00,4.82750000e-07
1.79999813e+00,4.82850000e-07
1.80000177e+00,4.82950000e-07
1.79999813e+00,4.83050000e-07
1.80000176e+00,4.83150000e-07
1.79999814e+00,4.83250000e-07
1.80000176e+00,4.83350000e-07
1.79999814e+00,4.83450000e-07
1.80000175e+00,4.83550000e-07
1.79999814e+00,4.83650000e-07
1.80000175e+00,4.83750000e-07
1.79999815e+00,4.83850000e-07
1.80000174e+00,4.83950000e-07
1.79999815e+00,4.84050000e-07
1.80000174e+00,4.84150000e-07
1.79999816e+00,4.84250000e-07
1.80000174e+00,4.84350000e-07
1.79999816e+00,4.84450000e-07
1.80000173e+00,4.84550000e-07
1.79999817e+00,4.84650000e-07
1.80000173e+00,4.84750000e-07
1.79999817e+00,4.84850000e-07
1.80000172e+00,4.84950000e-07
1.79999817e+00,4.85050000e-07
1.80000172e+00,4.85150000e-07
1.79999818e+00,4.85250000e-07
1.80000171e+00,4.85350000e-07
1.79999818e+00,4.85450000e-07
1.80000171e+00,4.85550000e-07
1.79999819e+00,4.85650000e-07
1.80000171e+00,4.85750000e-07
1.79999819e+00,4.85850000e-07
1.80000170e+00,4.85950000e-07
1.79999820e+00,4.86050000e-07
1.80000170e+00,4.86150000e-07
1.79999820e+00,4.86250000e-07
1.80000169e+00,4.86350000e-07
1.79999820e+00,4.86450000e-07
1.80000169e+00,4.86550000e-07
1.79999821e+00,4.86650000e-07
1.80000169e+00,4.86750000e-07
1.79999821e+00,4.86850000e-07
1.80000168e+00,4.86950000e-07
1.79999822e+00,4.87050000e-07
1.80000168e+00,4.87150000e-07
1.79999822e+00,4.87250000e-07
1.80000167e+00,4.87350000e-07
1.79999823e+00,4.87450000e-07
1.80000167e+00,4.87550000e-07
1.79999823e+00,4.87650000e-07
1.80000167e+00,4.87750000e-07
1.79999823e+00,4.87850000e-07
1.80000166e+00,4.87950000e-07
1.79999824e+00,4.88050000e-07
1.80000166e+00,4.88150000e-07
1.79999824e+00,4.88250000e-07
1.80000165e+00,4.88350000e-07
1.79999825e+00,4.88450000e-07
1.80000165e+00,4.88550000e-07
1.79999825e+00,4.88650000e-07
1.80000164e+00,4.88750000e-07
1.79999825e+00,4.88850000e-07
1.80000164e+00,4.88950000e-07
1.79999826e+00,4.89050000e-07
1.80000164e+00,4.89150000e-07
1.79999826e+00,4.89250000e-07
1.80000163e+00,4.89350000e-07
1.79999827e+00,4.89450000e-07
1.80000163e+00,4.89550000e-07
1.79999827e+00,4.89650000e-07
1.80000162e+00,4.89750000e-07
1.79999828e+00,4.89850000e-07
1.80000162e+00,4.89950000e-07
1.79999828e+00,4.90050000e-07
1.80000162e+00,4.90150000e-07
1.79999828e+00,4.90250000e-07
1.80000161e+00,4.90350000e-07
1.79999829e+00,4.90450000e-07
1.80000161e+00,4.90550000e-07
1.79999829e+00,4.90650000e-07
1.80000160e+00,4.90750000e-07
1.79999830e+00,4.90850000e-07
1.80000160e+00,4.90950000e-07
1.79999830e+00,4.91050000e-07
1.80000160e+00,4.91150000e-07
1.79999830e+00,4.91250000e-07
1.80000159e+00,4.91350000e-07
1.79999831e+00,4.91450000e-07
1.80000159e+00,4.91550000e-07
1.79999831e+00,4.91650000e-07
1.80000159e+00,4.91750000e-07
1.79999832e+00,4.91850000e-07
1.80000158e+00,4.91950000e-07
1.79999832e+00,4.92050000e-07
1.80000158e+00,4.92150000e-07
1.79999832e+00,4.92250000e-07
1.80000157e+00,4.92350000e-07
1.79999833e+00,4.92450000e-07
1.80000157e+00,4.92550000e-07
1.79999833e+00,4.92650000e-07
1.80000157e+00,4.92750000e-07
1.79999834e+00,4.92850000e-07
1.80000156e+00,4.92950000e-07
1.79999834e+00,4.93050000e-07
1.80000156e+00,4.93150000e-07
1.79999834e+00,4.93250000e-07
1.80000155e+00,4.93350000e-07
1.79999835e+00,4.93450000e-07
1.80000155e+00,4.93550000e-07
1.79999835e+00,4.93650000e-07
1.80000155e+00,4.93750000e-07
1.79999836e+00,4.93850000e-07
1.80000154e+00,4.93950000e-07
1.79999836e+00,4.94050000e-07
1.80000154e+00,4.94150000e-07
1.79999836e+00,4.94250000e-07
1.80000153e+00,4.94350000e-07
1.79999837e+00,4.94450000e-07
1.80000153e+00,4.94550000e-07
1.79999837e+00,4.94650000e-07
1.80000153e+00,4.94750000e-07
1.79999837e+00,4.94850000e-07
1.80000152e+00,4.94950000e-07
1.79999838e+00,4.95050000e-07
1.80000152e+00,4.95150000e-07
1.79999838e+00,4.95250000e-07
1.80000152e+00,4.95350000e-07
1.79999839e+00,4.95450000e-07
1.80000151e+00,4.95550000e-07
1.79999839e+00,4.95650000e-07
1.80000151e+00,4.95750000e-07
1.79999839e+00,4.95850000e-07
1.80000150e+00,4.95950000e-07
1.79999840e+00,4.96050000e-07
1.80000150e+00,4.96150000e-07
1.79999840e+00,4.96250000e-07
1.80000150e+00,4.96350000e-07
1.79999841e+00,4.96450000e-07
1.80000149e+00,4.96550000e-07
1.79999841e+00,4.96650000e-07
1.80000149e+00,4.96750000e-07
1.79999841e+00,4.96850000e-07
1.80000149e+00,4.96950000e-07
1.79999842e+00,4.97050000e-07
1.80000148e+00,4.97150000e-07
1.79999842e+00,4.97250000e-07
1.80000148e+00,4.97350000e-07
1.79999842e+00,4.97450000e-07
1.80000147e+00,4.97550000e-07
1.79999843e+00,4.97650000e-07
1.80000147e+00,4.97750000e-07
1.79999843e+00,4.97850000e-07
1.80000147e+00,4.97950000e-07
1.79999844e+00,4.98050000e-07
1.80000146e+00,4.98150000e-07
1.79999844e+00,4.98250000e-07
1.80000146e+00,4.98350000e-07
1.79999844e+00,4.98450000e-07
1.80000146e+00,4.98550000e-07
1.79999845e+00,4.98650000e-07
1.80000145e+00,4.98750000e-07
1.79999845e+00,4.98850000e-07
1.80000145e+00,4.98950000e-07
1.79999845e+00,4.99050000e-07
1.80000145e+00,4.99150000e-07
1.79999846e+00,4.99250000e-07
1.80000144e+00,4.99350000e-07
1.79999846e+00,4.99450000e-07
1.80000144e+00,4.99550000e-07
1.79999847e+00,4.99650000e-07
1.80000143e+00,4.99750000e-07
1.79999847e+00,4.99850000e-07
1.80000143e+00,4.99950000e-07
1.79999847e+00,5.00050000e-07
1.80000143e+00,5.00150000e-07
1.79999848e+00,5.00250000e-07
1.80000142e+00,5.00350000e-07
1.79999848e+00,5.00450000e-07
1.80000142e+00,5.00550000e-07
1.79999848e+00,5.00650000e-07
1.80000142e+00,5.00750000e-07
1.79999849e+00,5.00850000e-07
1.80000141e+00,5.00950000e-07
1.79999849e+00,5.01050000e-07
1.80000141e+00,5.01150000e-07
1.79999849e+00,5.01250000e-07
1.80000141e+00,5.01350000e-07
1.79999850e+00,5.01450000e-07
1.80000140e+00,5.01550000e-07
1.79999850e+00,5.01650000e-07
1.80000140e+00,5.01750000e-07
1.79999850e+00,5.01850000e-07
1.80000140e+00,5.01950000e-07
1.79999851e+00,5.02050000e-07
1.80000139e+00,5.02150000e-07
1.79999851e+00,5.02250000e-07
1.80000139e+00,5.02350000e-07
1.79999852e+00,5.02450000e-07
1.80000138e+00,5.02550000e-07
1.79999852e+00,5.02650000e-07
1.80000138e+00,5.02750000e-07
1.79999852e+00,5.02850000e-07
1.80000138e+00,5.02950000e-07
1.79999853e+00,5.03050000e-07
1.80000137e+00,5.03150000e-07
1.79999853e+00,5.03250000e-07
1.80000137e+00,5.03350000e-07
1.79999853e+00,5.03450000e-07
1.80000140e+00,5.03550000e-07
1.79999854e+00,5.03650000e-07
1.80000139e+00,5.03750000e-07
1.79999855e+00,5.03850000e-07
1.80000138e+00,5.03950000e-07
1.79999856e+00,5.04050000e-07
1.80000138e+00,5.04150000e-07
1.79999856e+00,5.04250000e-07
1.80000137e+00,5.04350000e-07
1.79999857e+00,5.04450000e-07
1.80000137e+00,5.04550000e-07
1.79999857e+00,5.04650000e-07
1.80000137e+00,5.04750000e-07
1.79999857e+00,5.04850000e-07
1.80000136e+00,5.04950000e-07
1.79999858e+00,5.05050000e-07
1.80000136e+00,5.05150000e-07
1.79999858e+00,5.05250000e-07
1.80000135e+00,5.05350000e-07
1.79999858e+00,5.05450000e-07
1.80000135e+00,5.05550000e-07
1.79999859e+00,5.05650000e-07
1.80000135e+00,5.05750000e-07
1.79999859e+00,5.05850000e-07
1.80000134e+00,5.05950000e-07
1.79999859e+00,5.06050000e-07
1.80000134e+00,5.06150000e-07
1.79999860e+00,5.06250000e-07
1.80000134e+00,5.06350000e-07
1.79999860e+00,5.06450000e-07
1.80000134e+00,5.06550000e-07
1.79999860e+00,5.06650000e-07
1.80000133e+00,5.06750000e-07
1.79999861e+00,5.06850000e-07
1.80000133e+00,5.06950000e-07
1.79999861e+00,5.07050000e-07
1.80000133e+00,5.07150000e-07
1.79999861e+00,5.07250000e-07
1.80000132e+00,5.07350000e-07
1.79999862e+00,5.07450000e-07
1.80000132e+00,5.07550000e-07
1.79999862e+00,5.07650000e-07
1.80000132e+00,5.07750000e-07
1.79999862e+00,5.07850000e-07
1.80000131e+00,5.07950000e-07
1.79999863e+00,5.08050000e-07
1.80000131e+00,5.08150000e-07
1.79999863e+00,5.08250000e-07
1.80000131e+00,5.08350000e-07
1.79999863e+00,5.08450000e-07
1.80000131e+00,5.08550000e-07
1.79999864e+00,5.08650000e-07
1.80000130e+00,5.08750000e-07
1.79999864e+00,5.08850000e-07
1.80000130e+00,5.08950000e-07
1.79999864e+00,5.09050000e-07
1.80000130e+00,5.09150000e-07
1.79999865e+00,5.09250000e-07
1.80000129e+00,5.09350000e-07
1.79999865e+00,5.09450000e-07
1.80000129e+00,5.09550000e-07
1.79999865e+00,5.09650000e-07
1.80000129e+00,5.09750000e-07
1.79999866e+00,5.09850000e-07
1.80000128e+00,5.09950000e-07
1.79999866e+00,5.10050000e-07
1.80000128e+00,5.10150000e-07
1.79999866e+00,5.10250000e-07
1.80000128e+00,5.10350000e-07
1.79999867e+00,5.10450000e-07
1.80000127e+00,5.10550000e-07
1.79999867e+00,5.10650000e-07
1.80000127e+00,5.10750000e-07
1.79999867e+00,5.10850000e-07
1.80000127e+00,5.10950000e-07
1.79999868e+00,5.11050000e-07
1.80000126e+00,5.11150000e-07
1.79999868e+00,5.11250000e-07
1.80000126e+00,5.11350000e-07
1.79999868e+00,5.11450000e-07
1.80000126e+00,5.11550000e-07
1.79999869e+00,5.11650000e-07
1.80000125e+00,5.11750000e-07
1.79999869e+00,5.11850000e-07
1.80000125e+00,5.11950000e-07
1.79999869e+00,5.12050000e-07
1.80000125e+00,5.12150000e-07
1.79999870e+00,5.12250000e-07
1.80000124e+00,5.12350000e-07
1.79999870e+00,5.12450000e-07
1.80000124e+00,5.12550000e-07
1.79999870e+00,5.12650000e-07
1.80000124e+00,5.12750000e-07
1.79999871e+00,5.12850000e-07
1.80000123e+00,5.12950000e-07
1.79999871e+00,5.13050000e-07
1.80000123e+00,5.13150000e-07
1.79999871e+00,5.13250000e-07
1.80000123e+00,5.13350000e-07
1.79999872e+00,5.13450000e-07
1.80000123e+00,5.13550000e-07
1.79999872e+00,5.13650000e-07
1.80000122e+00,5.13750000e-07
1.79999872e+00,5.13850000e-07
1.80000122e+00,5.13950000e-07
1.79999873e+00,5.14050000e-07
1.80000122e+00,5.14150000e-07
1.79999873e+00,5.14250000e-07
1.80000121e+00,5.14350000e-07
1.79999873e+00,5.14450000e-07
1.80000121e+00,5.14550000e-07
1.79999874e+00,5.14650000e-07
1.80000121e+00,5.14750000e-07
1.79999874e+00,5.14850000e-07
1.80000120e+00,5.14950000e-07
1.79999874e+00,5.15050000e-07
1.80000120e+00,5.15150000e-07
1.79999875e+00,5.15250000e-07
1.80000120e+00,5.15350000e-07
1.79999875e+00,5.15450000e-07
1.80000120e+00,5.15550000e-07
1.79999875e+00,5.15650000e-07
1.80000119e+00,5.15750000e-07
1.79999875e+00,5.15850000e-07
1.80000119e+00,5.15950000e-07
1.79999876e+00,5.16050000e-07
1.80000119e+00,5.16150000e-07
1.79999876e+00,5.16250000e-07
1.80000118e+00,5.16350000e-07
1.79999876e+00,5.16450000e-07
1.80000118e+00,5.16550000e-07
1.79999877e+00,5.16650000e-07
1.80000118e+00,5.16750000e-07
1.79999877e+00,5.16850000e-07
1.80000117e+00,5.16950000e-07
1.79999877e+00,5.17050000e-07
1.80000117e+00,5.17150000e-07
1.79999878e+00,5.17250000e-07
1.80000117e+00,5.17350000e-07
1.79999878e+00,5.17450000e-07
1.80000117e+00,5.17550000e-07
1.79999878e+00,5.17650000e-07
1.80000116e+00,5.17750000e-07
1.79999879e+00,5.17850000e-07
1.80000116e+00,5.17950000e-07
1.79999879e+00,5.18050000e-07
1.80000116e+00,5.18150000e-07
1.79999879e+00,5.18250000e-07
1.80000115e+00,5.18350000e-07
1.79999879e+00,5.18450000e-07
1.80000115e+00,5.18550000e-07
1.79999880e+00,5.18650000e-07
1.80000115e+00,5.18750000e-07
1.79999880e+00,5.18850000e-07
1.80000115e+00,5.18950000e-07
1.79999880e+00,5.19050000e-07
1.80000114e+00,5.19150000e-07
1.79999881e+00,5.19250000e-07
1.80000114e+00,5.19350000e-07
1.79999881e+00,5.19450000e-07
1.80000114e+00,5.19550000e-07
1.79999881e+00,5.19650000e-07
1.80000113e+00,5.19750000e-07
1.79999882e+00,5.19850000e-07
1.80000113e+00,5.19950000e-07
1.79999882e+00,5.20050000e-07
1.80000113e+00,5.20150000e-07
1.79999882e+00,5.20250000e-07
1.80000113e+00,5.20350000e-07
1.79999882e+00,5.20450000e-07
1.80000112e+00,5.20550000e-07
1.79999883e+00,5.20650000e-07
1.80000112e+00,5.20750000e-07
1.79999883e+00,5.20850000e-07
1.80000112e+00,5.20950000e-07
1.79999883e+00,5.21050000e-07
1.80000112e+00,5.21150000e-07
1.79999884e+00,5.21250000e-07
1.80000111e+00,5.21350000e-07
1.79999884e+00,5.21450000e-07
1.80000111e+00,5.21550000e-07
1.79999884e+00,5.21650000e-07
1.80000111e+00,5.21750000e-07
1.79999885e+00,5.21850000e-07
1.80000110e+00,5.21950000e-07
1.79999885e+00,5.22050000e-07
1.80000110e+00,5.22150000e-07
1.79999885e+00,5.22250000e-07
1.80000110e+00,5.22350000e-07
1.79999885e+00,5.22450000e-07
1.80000110e+00,5.22550000e-07
1.79999886e+00,5.22650000e-07
1.80000109e+00,5.22750000e-07
1.79999886e+00,5.22850000e-07
1.80000109e+00,5.22950000e-07
1.79999886e+00,5.23050000e-07
1.80000109e+00,5.23150000e-07
1.79999887e+00,5.23250000e-07
1.80000108e+00,5.23350000e-07
1.79999887e+00,5.23450000e-07
1.80000108e+00,5.23550000e-07
1.79999887e+00,5.23650000e-07
1.80000108e+00,5.23750000e-07
1.79999887e+00,5.23850000e-07
1.80000108e+00,5.23950000e-07
1.79999888e+00,5.24050000e-07
1.80000107e+00,5.24150000e-07
1.79999888e+00,5.24250000e-07
1.80000107e+00,5.24350000e-07
1.79999888e+00,5.24450000e-07
1.80000107e+00,5.24550000e-07
1.79999889e+00,5.24650000e-07
1.80000107e+00,5.24750000e-07
1.79999889e+00,5.24850000e-07
1.80000106e+00,5.24950000e-07
1.79999889e+00,5.25050000e-07
1.80000106e+00,5.25150000e-07
1.79999889e+00,5.25250000e-07
1.80000106e+00,5.25350000e-07
1.79999890e+00,5.25450000e-07
1.80000106e+00,5.25550000e-07
1.79999890e+00,5.25650000e-07
1.80000105e+00,5.25750000e-07
1.79999890e+00,5.25850000e-07
1.80000105e+00,5.25950000e-07
1.79999890e+00,5.26050000e-07
1.80000105e+00,5.26150000e-07
1.79999891e+00,5.26250000e-07
1.80000104e+00,5.26350000e-07
1.79999891e+00,5.26450000e-07
1.80000104e+00,5.26550000e-07
1.79999891e+00,5.26650000e-07
1.80000104e+00,5.26750000e-07
1.79999892e+00,5.26850000e-07
1.80000104e+00,5.26950000e-07
1.79999892e+00,5.27050000e-07
1.80000103e+00,5.27150000e-07
1.79999892e+00,5.27250000e-07
1.80000103e+00,5.27350000e-07
1.79999892e+00,5.27450000e-07
1.80000103e+00,5.27550000e-07
1.79999893e+00,5.27650000e-07
1.80000103e+00,5.27750000e-07
1.79999893e+00,5.27850000e-07
1.80000102e+00,5.27950000e-07
1.79999893e+00,5.28050000e-07
1.80000102e+00,5.28150000e-07
1.79999893e+00,5.28250000e-07
1.80000102e+00,5.28350000e-07
1.79999894e+00,5.28450000e-07
1.80000102e+00,5.28550000e-07
1.79999894e+00,5.28650000e-07
1.80000101e+00,5.28750000e-07
1.79999894e+00,5.28850000e-07
1.80000101e+00,5.28950000e-07
1.79999895e+00,5.29050000e-07
1.80000101e+00,5.29150000e-07
1.79999895e+00,5.29250000e-07
1.80000101e+00,5.29350000e-07
1.79999895e+00,5.29450000e-07
1.80000100e+00,5.29550000e-07
1.79999895e+00,5.29650000e-07
1.80000100e+00,5.29750000e-07
1.79999896e+00,5.29850000e-07
1.80000100e+00,5.29950000e-07
1.79999896e+00,5.30050000e-07
1.80000100e+00,5.30150000e-07
1.79999896e+00,5.30250000e-07
1.80000099e+00,5.30350000e-07
1.79999896e+00,5.30450000e-07
1.80000099e+00,5.30550000e-07
1.79999897e+00,5.30650000e-07
1.80000099e+00,5.30750000e-07
1.79999897e+00,5.30850000e-07
1.80000099e+00,5.30950000e-07
1.79999897e+00,5.31050000e-07
1.80000098e+00,5.31150000e-07
1.79999897e+00,5.31250000e-07
1.80000098e+00,5.31350000e-07
1.79999898e+00,5.31450000e-07
1.80000098e+00,5.31550000e-07
1.79999898e+00,5.31650000e-07
1.80000098e+00,5.31750000e-07
1.79999898e+00,5.31850000e-07
1.80000097e+00,5.31950000e-07
1.79999899e+00,5.32050000e-07
1.80000097e+00,5.32150000e-07
1.79999899e+00,5.32250000e-07
1.80000097e+00,5.32350000e-07
1.79999899e+00,5.32450000e-07
1.80000097e+00,5.32550000e-07
1.79999899e+00,5.32650000e-07
1.80000096e+00,5.32750000e-07
1.79999900e+00,5.32850000e-07
1.80000096e+00,5.32950000e-07
1.79999900e+00,5.33050000e-07
1.80000096e+00,5.33150000e-07
1.79999900e+00,5.33250000e-07
1.80000096e+00,5.33350000e-07
1.79999900e+00,5.33450000e-07
1.80000095e+00,5.33550000e-07
1.79999901e+00,5.33650000e-07
1.80000095e+00,5.33750000e-07
1.79999901e+00,5.33850000e-07
1.80000095e+00,5.33950000e-07
1.79999901e+00,5.34050000e-07
1.80000095e+00,5.34150000e-07
1.79999901e+00,5.34250000e-07
1.80000094e+00,5.34350000e-07
1.79999902e+00,5.34450000e-07
1.80000094e+00,5.34550000e-07
1.79999902e+00,5.34650000e-07
1.80000094e+00,5.34750000e-07
1.79999902e+00,5.34850000e-07
1.80000094e+00,5.34950000e-07
1.79999902e+00,5.35050000e-07
1.80000093e+00,5.35150000e-07
1.79999903e+00,5.35250000e-07
1.80000093e+00,5.35350000e-07
1.79999903e+00,5.35450000e-07
1.80000093e+00,5.35550000e-07
1.79999903e+00,5.35650000e-07
1.80000093e+00,5.35750000e-07
1.79999903e+00,5.35850000e-07
1.80000092e+00,5.35950000e-07
1.79999904e+00,5.36050000e-07
1.80000092e+00,5.36150000e-07
1.79999904e+00,5.36250000e-07
1.80000092e+00,5.36350000e-07
1.79999904e+00,5.36450000e-07
1.80000092e+00,5.36550000e-07
1.79999904e+00,5.36650000e-07
1.80000092e+00,5.36750000e-07
1.79999905e+00,5.36850000e-07
1.80000091e+00,5.36950000e-07
1.79999905e+00,5.37050000e-07
1.80000091e+00,5.37150000e-07
1.79999905e+00,5.37250000e-07
1.80000091e+00,5.37350000e-07
1.79999905e+00,5.37450000e-07
1.80000091e+00,5.37550000e-07
1.79999906e+00,5.37650000e-07
1.80000090e+00,5.37750000e-07
1.79999906e+00,5.37850000e-07
1.80000090e+00,5.37950000e-07
1.79999906e+00,5.38050000e-07
1.80000090e+00,5.38150000e-07
1.79999906e+00,5.38250000e-07
1.80000090e+00,5.38350000e-07
1.79999907e+00,5.38450000e-07
1.80000089e+00,5.38550000e-07
1.79999907e+00,5.38650000e-07
1.80000089e+00,5.38750000e-07
1.79999907e+00,5.38850000e-07
1.80000089e+00,5.38950000e-07
1.79999907e+00,5.39050000e-07
1.80000089e+00,5.39150000e-07
1.79999907e+00,5.39250000e-07
1.80000089e+00,5.39350000e-07
1.79999908e+00,5.39450000e-07
1.80000088e+00,5.39550000e-07
1.79999908e+00,5.39650000e-07
1.80000088e+00,5.39750000e-07
1.79999908e+00,5.39850000e-07
1.80000088e+00,5.39950000e-07
1.79999908e+00,5.40050000e-07
1.80000088e+00,5.40150000e-07
1.79999909e+00,5.40250000e-07
1.80000087e+00,5.40350000e-07
1.79999909e+00,5.40450000e-07
1.80000087e+00,5.40550000e-07
1.79999909e+00,5.40650000e-07
1.80000087e+00,5.40750000e-07
1.79999909e+00,5.40850000e-07
1.80000087e+00,5.40950000e-07
1.79999910e+00,5.41050000e-07
1.80000086e+00,5.41150000e-07
1.79999910e+00,5.41250000e-07
1.80000086e+00,5.41350000e-07
1.79999910e+00,5.41450000e-07
1.80000086e+00,5.41550000e-07
1.79999910e+00,5.41650000e-07
1.80000086e+00,5.41750000e-07
1.79999911e+00,5.41850000e-07
1.80000086e+00,5.41950000e-07
1.79999911e+00,5.42050000e-07
1.80000085e+00,5.42150000e-07
1.79999911e+00,5.42250000e-07
1.80000085e+00,5.42350000e-07
1.79999911e+00,5.42450000e-07
1.80000085e+00,5.42550000e-07
1.79999911e+00,5.42650000e-07
1.80000085e+00,5.42750000e-07
1.79999912e+00,5.42850000e-07
1.80000084e+00,5.42950000e-07
1.79999912e+00,5.43050000e-07
1.80000084e+00,5.43150000e-07
1.79999912e+00,5.43250000e-07
1.80000084e+00,5.43350000e-07
1.79999912e+00,5.43450000e-07
1.80000084e+00,5.43550000e-07
1.79999913e+00,5.43650000e-07
1.80000084e+00,5.43750000e-07
1.79999913e+00,5.43850000e-07
1.80000083e+00,5.43950000e-07
1.79999913e+00,5.44050000e-07
1.80000083e+00,5.44150000e-07
1.79999913e+00,5.44250000e-07
1.80000083e+00,5.44350000e-07
1.79999914e+00,5.44450000e-07
1.80000083e+00,5.44550000e-07
1.79999914e+00,5.44650000e-07
1.80000083e+00,5.44750000e-07
1.79999914e+00,5.44850000e-07
1.80000082e+00,5.44950000e-07
1.79999914e+00,5.45050000e-07
1.80000082e+00,5.45150000e-07
1.79999914e+00,5.45250000e-07
1.80000082e+00,5.45350000e-07
1.79999915e+00,5.45450000e-07
1.80000082e+00,5.45550000e-07
1.79999915e+00,5.45650000e-07
1.80000081e+00,5.45750000e-07
1.79999915e+00,5.45850000e-07
1.80000081e+00,5.45950000e-07
1.79999915e+00,5.46050000e-07
1.80000081e+00,5.46150000e-07
1.79999916e+00,5.46250000e-07
1.80000081e+00,5.46350000e-07
1.79999916e+00,5.46450000e-07
1.80000081e+00,5.46550000e-07
1.79999916e+00,5.46650000e-07
1.80000080e+00,5.46750000e-07
1.79999916e+00,5.46850000e-07
1.80000080e+00,5.46950000e-07
1.79999916e+00,5.47050000e-07
1.80000080e+00,5.47150000e-07
1.79999917e+00,5.47250000e-07
1.80000080e+00,5.47350000e-07
1.79999917e+00,5.47450000e-07
1.80000080e+00,5.47550000e-07
1.79999917e+00,5.47650000e-07
1.80000079e+00,5.47750000e-07
1.79999917e+00,5.47850000e-07
1.80000079e+00,5.47950000e-07
1.79999917e+00,5.48050000e-07
1.80000079e+00,5.48150000e-07
1.79999918e+00,5.48250000e-07
1.80000079e+00,5.48350000e-07
1.79999918e+00,5.48450000e-07
1.80000078e+00,5.48550000e-07
1.79999918e+00,5.48650000e-07
1.80000078e+00,5.48750000e-07
1.79999918e+00,5.48850000e-07
1.80000078e+00,5.48950000e-07
1.79999919e+00,5.49050000e-07
1.80000078e+00,5.49150000e-07
1.79999919e+00,5.49250000e-07
1.80000078e+00,5.49350000e-07
1.79999919e+00,5.49450000e-07
1.80000077e+00,5.49550000e-07
1.79999919e+00,5.49650000e-07
1.80000077e+00,5.49750000e-07
1.79999919e+00,5.49850000e-07
1.80000077e+00,5.49950000e-07
1.79999920e+00,5.50050000e-07
1.80000077e+00,5.50150000e-07
1.79999920e+00,5.50250000e-07
1.80000077e+00,5.50350000e-07
1.79999920e+00,5.50450000e-07
1.80000076e+00,5.50550000e-07
1.79999920e+00,5.50650000e-07
1.80000076e+00,5.50750000e-07
1.79999920e+00,5.50850000e-07
1.80000076e+00,5.50950000e-07
1.79999921e+00,5.51050000e-07
1.80000076e+00,5.51150000e-07
1.79999921e+00,5.51250000e-07
1.80000076e+00,5.51350000e-07
1.79999921e+00,5.51450000e-07
1.80000075e+00,5.51550000e-07
1.79999921e+00,5.51650000e-07
1.80000075e+00,5.51750000e-07
1.79999922e+00,5.51850000e-07
1.80000075e+00,5.51950000e-07
1.79999922e+00,5.52050000e-07
1.80000075e+00,5.52150000e-07
1.79999922e+00,5.52250000e-07
1.80000075e+00,5.52350000e-07
1.79999922e+00,5.52450000e-07
1.80000074e+00,5.52550000e-07
1.79999922e+00,5.52650000e-07
1.80000074e+00,5.52750000e-07
1.79999923e+00,5.52850000e-07
1.80000074e+00,5.52950000e-07
1.79999923e+00,5.53050000e-07
1.80000074e+00,5.53150000e-07
1.79999923e+00,5.53250000e-07
1.80000074e+00,5.53350000e-07
1.79999923e+00,5.53450000e-07
1.80000073e+00,5.53550000e-07
1.79999923e+00,5.53650000e-07
1.80000073e+00,5.53750000e-07
1.79999924e+00,5.53850000e-07
1.80000073e+00,5.53950000e-07
1.79999924e+00,5.54050000e-07
1.80000073e+00,5.54150000e-07
1.79999924e+00,5.54250000e-07
1.80000073e+00,5.54350000e-07
1.79999924e+00,5.54450000e-07
1.80000072e+00,5.54550000e-07
1.79999924e+00,5.54650000e-07
1.80000072e+00,5.54750000e-07
1.79999925e+00,5.54850000e-07
1.80000072e+00,5.54950000e-07
1.79999925e+00,5.55050000e-07
1.80000072e+00,5.55150000e-07
1.79999925e+00,5.55250000e-07
1.80000072e+00,5.55350000e-07
1.79999925e+00,5.55450000e-07
1.80000071e+00,5.55550000e-07
1.79999925e+00,5.55650000e-07
1.80000071e+00,5.55750000e-07
1.79999926e+00,5.55850000e-07
1.80000071e+00,5.55950000e-07
1.79999926e+00,5.56050000e-07
1.80000071e+00,5.56150000e-07
1.79999926e+00,5.56250000e-07
1.80000071e+00,5.56350000e-07
1.79999926e+00,5.56450000e-07
1.80000070e+00,5.56550000e-07
1.79999926e+00,5.56650000e-07
1.80000070e+00,5.56750000e-07
1.79999927e+00,5.56850000e-07
1.80000070e+00,5.56950000e-07
1.79999927e+00,5.57050000e-07
1.80000070e+00,5.57150000e-07
1.79999927e+00,5.57250000e-07
1.80000070e+00,5.57350000e-07
1.79999927e+00,5.57450000e-07
1.80000069e+00,5.57550000e-07
1.79999927e+00,5.57650000e-07
1.80000069e+00,5.57750000e-07
1.79999928e+00,5.57850000e-07
1.80000069e+00,5.57950000e-07
1.79999928e+00,5.58050000e-07
1.80000069e+00,5.58150000e-07
1.79999928e+00,5.58250000e-07
1.80000069e+00,5.58350000e-07
1.79999928e+00,5.58450000e-07
1.80000069e+00,5.58550000e-07
1.79999928e+00,5.58650000e-07
1.80000068e+00,5.58750000e-07
1.79999929e+00,5.58850000e-07
1.80000068e+00,5.58950000e-07
1.79999929e+00,5.59050000e-07
1.80000068e+00,5.59150000e-07
1.79999929e+00,5.59250000e-07
1.80000068e+00,5.59350000e-07
1.79999929e+00,5.59450000e-07
1.80000068e+00,5.59550000e-07
1.79999929e+00,5.59650000e-07
1.80000067e+00,5.59750000e-07
1.79999930e+00,5.59850000e-07
1.80000067e+00,5.59950000e-07
1.79999930e+00,5.60050000e-07
1.80000067e+00,5.60150000e-07
1.79999930e+00,5.60250000e-07
1.80000067e+00,5.60350000e-07
1.79999930e+00,5.60450000e-07
1.80000067e+00,5.60550000e-07
1.79999930e+00,5.60650000e-07
1.80000066e+00,5.60750000e-07
1.79999930e+00,5.60850000e-07
1.80000066e+00,5.60950000e-07
1.79999931e+00,5.61050000e-07
1.80000066e+00,5.61150000e-07
1.79999931e+00,5.61250000e-07
1.80000066e+00,5.61350000e-07
1.79999931e+00,5.61450000e-07
1.80000066e+00,5.61550000e-07
1.79999931e+00,5.61650000e-07
1.80000066e+00,5.61750000e-07
1.79999931e+00,5.61850000e-07
1.80000065e+00,5.61950000e-07
1.79999932e+00,5.62050000e-07
1.80000065e+00,5.62150000e-07
1.79999932e+00,5.62250000e-07
1.80000065e+00,5.62350000e-07
1.79999932e+00,5.62450000e-07
1.80000065e+00,5.62550000e-07
1.79999932e+00,5.62650000e-07
1.80000065e+00,5.62750000e-07
1.79999932e+00,5.62850000e-07
1.80000064e+00,5.62950000e-07
1.79999933e+00,5.63050000e-07
1.80000064e+00,5.63150000e-07
1.79999933e+00,5.63250000e-07
1.80000064e+00,5.63350000e-07
1.79999933e+00,5.63450000e-07
1.80000064e+00,5.63550000e-07
1.79999933e+00,5.63650000e-07
1.80000064e+00,5.63750000e-07
1.79999933e+00,5.63850000e-07
1.80000064e+00,5.63950000e-07
1.79999933e+00,5.64050000e-07
1.80000063e+00,5.64150000e-07
1.79999934e+00,5.64250000e-07
1.80000063e+00,5.64350000e-07
1.79999934e+00,5.64450000e-07
1.80000063e+00,5.64550000e-07
1.79999934e+00,5.64650000e-07
1.80000063e+00,5.64750000e-07
1.79999934e+00,5.64850000e-07
1.80000063e+00,5.64950000e-07
1.79999934e+00,5.65050000e-07
1.80000062e+00,5.65150000e-07
1.79999935e+00,5.65250000e-07
1.80000062e+00,5.65350000e-07
1.79999935e+00,5.65450000e-07
1.80000062e+00,5.65550000e-07
1.79999935e+00,5.65650000e-07
1.80000062e+00,5.65750000e-07
1.79999935e+00,5.65850000e-07
1.80000062e+00,5.65950000e-07
1.79999935e+00,5.66050000e-07
1.80000062e+00,5.66150000e-07
1.79999935e+00,5.66250000e-07
1.80000061e+00,5.66350000e-07
1.79999936e+00,5.66450000e-07
1.80000061e+00,5.66550000e-07
1.79999936e+00,5.66650000e-07
1.80000061e+00,5.66750000e-07
1.79999936e+00,5.66850000e-07
1.80000061e+00,5.66950000e-07
1.79999936e+00,5.67050000e-07
1.80000061e+00,5.67150000e-07
1.79999936e+00,5.67250000e-07
1.80000061e+00,5.67350000e-07
1.79999937e+00,5.67450000e-07
1.80000060e+00,5.67550000e-07
1.79999937e+00,5.67650000e-07
1.80000060e+00,5.67750000e-07
1.79999937e+00,5.67850000e-07
1.80000060e+00,5.67950000e-07
1.79999937e+00,5.68050000e-07
1.80000060e+00,5.68150000e-07
1.79999937e+00,5.68250000e-07
1.80000060e+00,5.68350000e-07
1.79999937e+00,5.68450000e-07
1.80000059e+00,5.68550000e-07
1.79999938e+00,5.68650000e-07
1.80000059e+00,5.68750000e-07
1.79999938e+00,5.68850000e-07
1.80000059e+00,5.68950000e-07
1.79999938e+00,5.69050000e-07
1.80000059e+00,5.69150000e-07
1.79999938e+00,5.69250000e-07
1.80000059e+00,5.69350000e-07
1.79999938e+00,5.69450000e-07
1.80000059e+00,5.69550000e-07
1.79999938e+00,5.69650000e-07
1.80000058e+00,5.69750000e-07
1.79999939e+00,5.69850000e-07
1.80000058e+00,5.69950000e-07
1.79999939e+00,5.70050000e-07
1.80000058e+00,5.70150000e-07
1.79999939e+00,5.70250000e-07
1.80000058e+00,5.70350000e-07
1.79999939e+00,5.70450000e-07
1.80000058e+00,5.70550000e-07
1.79999939e+00,5.70650000e-07
1.80000058e+00,5.70750000e-07
1.79999940e+00,5.70850000e-07
1.80000057e+00,5.70950000e-07
1.79999940e+00,5.71050000e-07
1.80000057e+00,5.71150000e-07
1.79999940e+00,5.71250000e-07
1.80000057e+00,5.71350000e-07
1.79999940e+00,5.71450000e-07
1.80000057e+00,5.71550000e-07
1.79999940e+00,5.71650000e-07
1.80000057e+00,5.71750000e-07
1.79999940e+00,5.71850000e-07
1.80000057e+00,5.71950000e-07
1.79999941e+00,5.72050000e-07
1.80000056e+00,5.72150000e-07
1.79999941e+00,5.72250000e-07
1.80000056e+00,5.72350000e-07
1.79999941e+00,5.72450000e-07
1.80000056e+00,5.72550000e-07
1.79999941e+00,5.72650000e-07
1.80000056e+00,5.72750000e-07
1.79999941e+00,5.72850000e-07
1.80000056e+00,5.72950000e-07
1.79999941e+00,5.73050000e-07
1.80000056e+00,5.73150000e-07
1.79999942e+00,5.73250000e-07
1.80000055e+00,5.73350000e-07
1.79999942e+00,5.73450000e-07
1.80000055e+00,5.73550000e-07
1.79999942e+00,5.73650000e-07
1.80000055e+00,5.73750000e-07
1.79999942e+00,5.73850000e-07
1.80000055e+00,5.73950000e-07
1.79999942e+00,5.74050000e-07
1.80000055e+00,5.74150000e-07
1.79999942e+00,5.74250000e-07
1.80000055e+00,5.74350000e-07
1.79999943e+00,5.74450000e-07
1.80000054e+00,5.74550000e-07
1.79999943e+00,5.74650000e-07
1.80000054e+00,5.74750000e-07
1.79999943e+00,5.74850000e-07
1.80000054e+00,5.74950000e-07
1.79999943e+00,5.75050000e-07
1.80000054e+00,5.75150000e-07
1.79999943e+00,5.75250000e-07
1.80000054e+00,5.75350000e-07
1.79999943e+00,5.75450000e-07
1.80000054e+00,5.75550000e-07
1.79999944e+00,5.75650000e-07
1.80000053e+00,5.75750000e-07
1.79999944e+00,5.75850000e-07
1.80000053e+00,5.75950000e-07
1.79999944e+00,5.76050000e-07
1.80000053e+00,5.76150000e-07
1.79999944e+00,5.76250000e-07
1.80000053e+00,5.76350000e-07
1.79999944e+00,5.76450000e-07
1.80000053e+00,5.76550000e-07
1.79999944e+00,5.76650000e-07
1.80000053e+00,5.76750000e-07
1.79999945e+00,5.76850000e-07
1.80000053e+00,5.76950000e-07
1.79999945e+00,5.77050000e-07
1.80000052e+00,5.77150000e-07
1.79999945e+00,5.77250000e-07
1.80000052e+00,5.77350000e-07
1.79999945e+00,5.77450000e-07
1.80000052e+00,5.77550000e-07
1.79999945e+00,5.77650000e-07
1.80000052e+00,5.77750000e-07
1.79999945e+00,5.77850000e-07
1.80000052e+00,5.77950000e-07
1.79999946e+00,5.78050000e-07
1.80000052e+00,5.78150000e-07
1.79999946e+00,5.78250000e-07
1.80000051e+00,5.78350000e-07
1.79999946e+00,5.78450000e-07
1.80000051e+00,5.78550000e-07
1.79999946e+00,5.78650000e-07
1.80000051e+00,5.78750000e-07
1.79999946e+00,5.78850000e-07
1.80000051e+00,5.78950000e-07
1.79999946e+00,5.79050000e-07
1.80000051e+00,5.79150000e-07
1.79999946e+00,5.79250000e-07
1.80000051e+00,5.79350000e-07
1.79999947e+00,5.79450000e-07
1.80000050e+00,5.79550000e-07
1.79999947e+00,5.79650000e-07
1.80000050e+00,5.79750000e-07
1.79999947e+00,5.79850000e-07
1.80000050e+00,5.79950000e-07
1.79999947e+00,5.80050000e-07
1.80000050e+00,5.80150000e-07
1.79999947e+00,5.80250000e-07
1.80000050e+00,5.80350000e-07
1.79999947e+00,5.80450000e-07
1.80000050e+00,5.80550000e-07
1.79999948e+00,5.80650000e-07
1.80000050e+00,5.80750000e-07
1.79999948e+00,5.80850000e-07
1.80000049e+00,5.80950000e-07
1.79999948e+00,5.81050000e-07
1.80000049e+00,5.81150000e-07
1.79999948e+00,5.81250000e-07
1.80000049e+00,5.81350000e-07
1.79999948e+00,5.81450000e-07
1.80000049e+00,5.81550000e-07
1.79999948e+00,5.81650000e-07
1.80000049e+00,5.81750000e-07
1.79999949e+00,5.81850000e-07
1.80000049e+00,5.81950000e-07
1.79999949e+00,5.82050000e-07
1.80000048e+00,5.82150000e-07
1.79999949e+00,5.82250000e-07
1.80000048e+00,5.82350000e-07
1.79999949e+00,5.82450000e-07
1.80000048e+00,5.82550000e-07
1.79999949e+00,5.82650000e-07
1.80000048e+00,5.82750000e-07
1.79999949e+00,5.82850000e-07
1.80000048e+00,5.82950000e-07
1.79999949e+00,5.83050000e-07
1.80000048e+00,5.83150000e-07
1.79999950e+00,5.83250000e-07
1.80000048e+00,5.83350000e-07
1.79999950e+00,5.83450000e-07
1.80000047e+00,5.83550000e-07
1.79999950e+00,5.83650000e-07
1.80000047e+00,5.83750000e-07
1.79999950e+00,5.83850000e-07
1.80000047e+00,5.83950000e-07
1.79999950e+00,5.84050000e-07
1.80000047e+00,5.84150000e-07
1.79999950e+00,5.84250000e-07
1.80000047e+00,5.84350000e-07
1.79999951e+00,5.84450000e-07
1.80000047e+00,5.84550000e-07
1.79999951e+00,5.84650000e-07
1.80000047e+00,5.84750000e-07
1.79999951e+00,5.84850000e-07
1.80000046e+00,5.84950000e-07
1.79999951e+00,5.85050000e-07
1.80000046e+00,5.85150000e-07
1.79999951e+00,5.85250000e-07
1.80000046e+00,5.85350000e-07
1.79999951e+00,5.85450000e-07
1.80000046e+00,5.85550000e-07
1.79999951e+00,5.85650000e-07
1.80000046e+00,5.85750000e-07
1.79999952e+00,5.85850000e-07
1.80000046e+00,5.85950000e-07
1.79999952e+00,5.86050000e-07
1.80000045e+00,5.86150000e-07
1.79999952e+00,5.86250000e-07
1.80000045e+00,5.86350000e-07
1.79999952e+00,5.86450000e-07
1.80000045e+00,5.86550000e-07
1.79999952e+00,5.86650000e-07
1.80000045e+00,5.86750000e-07
1.79999952e+00,5.86850000e-07
1.80000045e+00,5.86950000e-07
1.79999952e+00,5.87050000e-07
1.80000045e+00,5.87150000e-07
1.79999953e+00,5.87250000e-07
1.80000045e+00,5.87350000e-07
1.79999953e+00,5.87450000e-07
1.80000044e+00,5.87550000e-07
1.79999953e+00,5.87650000e-07
1.80000044e+00,5.87750000e-07
1.79999953e+00,5.87850000e-07
1.80000044e+00,5.87950000e-07
1.79999953e+00,5.88050000e-07
1.80000044e+00,5.88150000e-07
1.79999953e+00,5.88250000e-07
1.80000044e+00,5.88350000e-07
1.79999954e+00,5.88450000e-07
1.80000044e+00,5.88550000e-07
1.79999954e+00,5.88650000e-07
1.80000044e+00,5.88750000e-07
1.79999954e+00,5.88850000e-07
1.80000043e+00,5.88950000e-07
1.79999954e+00,5.89050000e-07
1.80000043e+00,5.89150000e-07
1.79999954e+00,5.89250000e-07
1.80000043e+00,5.89350000e-07
1.79999954e+00,5.89450000e-07
1.80000043e+00,5.89550000e-07
1.79999954e+00,5.89650000e-07
1.80000043e+00,5.89750000e-07
1.79999955e+00,5.89850000e-07
1.80000043e+00,5.89950000e-07
1.79999955e+00,5.90050000e-07
1.80000043e+00,5.90150000e-07
1.79999955e+00,5.90250000e-07
1.80000042e+00,5.90350000e-07
1.79999955e+00,5.90450000e-07
1.80000042e+00,5.90550000e-07
1.79999955e+00,5.90650000e-07
1.80000042e+00,5.90750000e-07
1.79999955e+00,5.90850000e-07
1.80000042e+00,5.90950000e-07
1.79999955e+00,5.91050000e-07
1.80000042e+00,5.91150000e-07
1.79999956e+00,5.91250000e-07
1.80000042e+00,5.91350000e-07
1.79999956e+00,5.91450000e-07
1.80000042e+00,5.91550000e-07
1.79999956e+00,5.91650000e-07
1.80000041e+00,5.91750000e-07
1.79999956e+00,5.91850000e-07
1.80000041e+00,5.91950000e-07
1.79999956e+00,5.92050000e-07
1.80000041e+00,5.92150000e-07
1.79999956e+00,5.92250000e-07
1.80000041e+00,5.92350000e-07
1.79999956e+00,5.92450000e-07
1.80000041e+00,5.92550000e-07
1.79999957e+00,5.92650000e-07
1.80000041e+00,5.92750000e-07
1.79999957e+00,5.92850000e-07
1.80000041e+00,5.92950000e-07
1.79999957e+00,5.93050000e-07
1.80000041e+00,5.93150000e-07
1.79999957e+00,5.93250000e-07
1.80000040e+00,5.93350000e-07
1.79999957e+00,5.93450000e-07
1.80000040e+00,5.93550000e-07
1.79999957e+00,5.93650000e-07
1.80000040e+00,5.93750000e-07
1.79999957e+00,5.93850000e-07
1.80000040e+00,5.93950000e-07
1.79999958e+00,5.94050000e-07
1.80000040e+00,5.94150000e-07
1.79999958e+00,5.94250000e-07
1.80000040e+00,5.94350000e-07
1.79999958e+00,5.94450000e-07
1.80000040e+00,5.94550000e-07
1.79999958e+00,5.94650000e-07
1.80000039e+00,5.94750000e-07
1.79999958e+00,5.94850000e-07
1.80000039e+00,5.94950000e-07
1.79999958e+00,5.95050000e-07
1.80000039e+00,5.95150000e-07
1.79999958e+00,5.95250000e-07
1.80000039e+00,5.95350000e-07
1.79999959e+00,5.95450000e-07
1.80000039e+00,5.95550000e-07
1.79999959e+00,5.95650000e-07
1.80000039e+00,5.95750000e-07
1.79999959e+00,5.95850000e-07
1.80000039e+00,5.95950000e-07
1.79999959e+00,5.96050000e-07
1.80000038e+00,5.96150000e-07
1.79999959e+00,5.96250000e-07
1.80000038e+00,5.96350000e-07
1.79999959e+00,5.96450000e-07
1.80000038e+00,5.96550000e-07
1.79999959e+00,5.96650000e-07
1.80000038e+00,5.96750000e-07
1.79999959e+00,5.96850000e-07
1.80000038e+00,5.96950000e-07
1.79999960e+00,5.97050000e-07
1.80000038e+00,5.97150000e-07
1.79999960e+00,5.97250000e-07
1.80000038e+00,5.97350000e-07
1.79999960e+00,5.97450000e-07
1.80000038e+00,5.97550000e-07
1.79999960e+00,5.97650000e-07
1.80000037e+00,5.97750000e-07
1.79999960e+00,5.97850000e-07
1.80000037e+00,5.97950000e-07
1.79999960e+00,5.98050000e-07
1.80000037e+00,5.98150000e-07
1.79999960e+00,5.98250000e-07
1.80000037e+00,5.98350000e-07
1.79999961e+00,5.98450000e-07
1.80000037e+00,5.98550000e-07
1.79999961e+00,5.98650000e-07
1.80000037e+00,5.98750000e-07
1.79999961e+00,5.98850000e-07
1.80000037e+00,5.98950000e-07
1.79999961e+00,5.99050000e-07
1.80000037e+00,5.99150000e-07
1.79999961e+00,5.99250000e-07
1.80000036e+00,5.99350000e-07
1.79999961e+00,5.99450000e-07
1.80000036e+00,5.99550000e-07
1.79999961e+00,5.99650000e-07
1.80000036e+00,5.99750000e-07
1.79999961e+00,5.99850000e-07
1.80000036e+00,5.99950000e-07
1.79999962e+00,6.00050000e-07
1.80000036e+00,6.00150000e-07
1.79999962e+00,6.00250000e-07
1.80000036e+00,6.00350000e-07
1.79999962e+00,6.00450000e-07
1.80000036e+00,6.00550000e-07
1.79999962e+00,6.00650000e-07
1.80000035e+00,6.00750000e-07
1.79999962e+00,6.00850000e-07
1.80000035e+00,6.00950000e-07
1.79999962e+00,6.01050000e-07
1.80000035e+00,6.01150000e-07
1.79999962e+00,6.01250000e-07
1.80000035e+00,6.01350000e-07
1.79999963e+00,6.01450000e-07
1.80000035e+00,6.01550000e-07
1.79999963e+00,6.01650000e-07
1.80000035e+00,6.01750000e-07
1.79999963e+00,6.01850000e-07
1.80000035e+00,6.01950000e-07
1.79999963e+00,6.02050000e-07
1.80000035e+00,6.02150000e-07
1.79999963e+00,6.02250000e-07
1.80000034e+00,6.02350000e-07
1.79999963e+00,6.02450000e-07
1.80000034e+00,6.02550000e-07
1.79999963e+00,6.02650000e-07
1.80000034e+00,6.02750000e-07
1.79999963e+00,6.02850000e-07
1.80000034e+00,6.02950000e-07
1.79999964e+00,6.03050000e-07
1.80000034e+00,6.03150000e-07
1.79999964e+00,6.03250000e-07
1.80000034e+00,6.03350000e-07
1.79999964e+00,6.03450000e-07
1.80000034e+00,6.03550000e-07
1.79999964e+00,6.03650000e-07
1.80000034e+00,6.03750000e-07
1.79999964e+00,6.03850000e-07
1.80000033e+00,6.03950000e-07
1.79999964e+00,6.04050000e-07
1.80000033e+00,6.04150000e-07
1.79999964e+00,6.04250000e-07
1.80000033e+00,6.04350000e-07
1.79999964e+00,6.04450000e-07
1.80000033e+00,6.04550000e-07
1.79999965e+00,6.04650000e-07
1.80000033e+00,6.04750000e-07
1.79999965e+00,6.04850000e-07
1.80000033e+00,6.04950000e-07
1.79999965e+00,6.05050000e-07
1.80000033e+00,6.05150000e-07
1.79999965e+00,6.05250000e-07
1.80000033e+00,6.05350000e-07
1.79999965e+00,6.05450000e-07
1.80000032e+00,6.05550000e-07
1.79999965e+00,6.05650000e-07
1.80000032e+00,6.05750000e-07
1.79999965e+00,6.05850000e-07
1.80000032e+00,6.05950000e-07
1.79999965e+00,6.06050000e-07
1.80000032e+00,6.06150000e-07
1.79999966e+00,6.06250000e-07
1.80000032e+00,6.06350000e-07
1.79999966e+00,6.06450000e-07
1.80000032e+00,6.06550000e-07
1.79999966e+00,6.06650000e-07
1.80000032e+00,6.06750000e-07
1.79999966e+00,6.06850000e-07
1.80000032e+00,6.06950000e-07
1.79999966e+00,6.07050000e-07
1.80000032e+00,6.07150000e-07
1.79999966e+00,6.07250000e-07
1.80000031e+00,6.07350000e-07
1.79999966e+00,6.07450000e-07
1.80000031e+00,6.07550000e-07
1.79999966e+00,6.07650000e-07
1.80000031e+00,6.07750000e-07
1.79999967e+00,6.07850000e-07
1.80000031e+00,6.07950000e-07
1.79999967e+00,6.08050000e-07
1.80000031e+00,6.08150000e-07
1.79999967e+00,6.08250000e-07
1.80000031e+00,6.08350000e-07
1.79999967e+00,6.08450000e-07
1.80000031e+00,6.08550000e-07
1.79999967e+00,6.08650000e-07
1.80000031e+00,6.08750000e-07
1.79999967e+00,6.08850000e-07
1.80000030e+00,6.08950000e-07
1.79999967e+00,6.09050000e-07
1.80000030e+00,6.09150000e-07
1.79999967e+00,6.09250000e-07
1.80000030e+00,6.09350000e-07
1.79999968e+00,6.09450000e-07
1.80000030e+00,6.09550000e-07
1.79999968e+00,6.09650000e-07
1.80000030e+00,6.09750000e-07
1.79999968e+00,6.09850000e-07
1.80000030e+00,6.09950000e-07
1.79999968e+00,6.10050000e-07
1.80000030e+00,6.10150000e-07
1.79999968e+00,6.10250000e-07
1.80000030e+00,6.10350000e-07
1.79999968e+00,6.10450000e-07
1.80000029e+00,6.10550000e-07
1.79999968e+00,6.10650000e-07
1.80000029e+00,6.10750000e-07
1.79999968e+00,6.10850000e-07
1.80000029e+00,6.10950000e-07
1.79999969e+00,6.11050000e-07
1.80000029e+00,6.11150000e-07
1.79999969e+00,6.11250000e-07
1.80000029e+00,6.11350000e-07
1.79999969e+00,6.11450000e-07
1.80000029e+00,6.11550000e-07
1.79999969e+00,6.11650000e-07
1.80000029e+00,6.11750000e-07
1.79999969e+00,6.11850000e-07
1.80000029e+00,6.11950000e-07
1.79999969e+00,6.12050000e-07
1.80000029e+00,6.12150000e-07
1.79999969e+00,6.12250000e-07
1.80000028e+00,6.12350000e-07
1.79999969e+00,6.12450000e-07
1.80000028e+00,6.12550000e-07
1.79999970e+00,6.12650000e-07
1.80000028e+00,6.12750000e-07
1.79999970e+00,6.12850000e-07
1.80000028e+00,6.12950000e-07
1.79999970e+00,6.13050000e-07
1.80000028e+00,6.13150000e-07
1.79999970e+00,6.13250000e-07
1.80000028e+00,6.13350000e-07
1.79999970e+00,6.13450000e-07
1.80000028e+00,6.13550000e-07
1.79999970e+00,6.13650000e-07
1.80000028e+00,6.13750000e-07
1.79999970e+00,6.13850000e-07
1.80000028e+00,6.13950000e-07
1.79999970e+00,6.14050000e-07
1.80000027e+00,6.14150000e-07
1.79999970e+00,6.14250000e-07
1.80000027e+00,6.14350000e-07
1.79999971e+00,6.14450000e-07
1.80000027e+00,6.14550000e-07
1.79999971e+00,6.14650000e-07
1.80000027e+00,6.14750000e-07
1.79999971e+00,6.14850000e-07
1.80000027e+00,6.14950000e-07
1.79999971e+00,6.15050000e-07
1.80000027e+00,6.15150000e-07
1.79999971e+00,6.15250000e-07
1.80000027e+00,6.15350000e-07
1.79999971e+00,6.15450000e-07
1.80000027e+00,6.15550000e-07
1.79999971e+00,6.15650000e-07
1.80000026e+00,6.15750000e-07
1.79999971e+00,6.15850000e-07
1.80000026e+00,6.15950000e-07
1.79999972e+00,6.16050000e-07
1.80000026e+00,6.16150000e-07
1.79999972e+00,6.16250000e-07
1.80000026e+00,6.16350000e-07
1.79999972e+00,6.16450000e-07
1.80000026e+00,6.16550000e-07
1.79999972e+00,6.16650000e-07
1.80000026e+00,6.16750000e-07
1.79999972e+00,6.16850000e-07
1.80000026e+00,6.16950000e-07
1.79999972e+00,6.17050000e-07
1.80000026e+00,6.17150000e-07
1.79999972e+00,6.17250000e-07
1.80000026e+00,6.17350000e-07
1.79999972e+00,6.17450000e-07
1.80000026e+00,6.17550000e-07
1.79999972e+00,6.17650000e-07
1.80000025e+00,6.17750000e-07
1.79999973e+00,6.17850000e-07
1.80000025e+00,6.17950000e-07
1.79999973e+00,6.18050000e-07
1.80000025e+00,6.18150000e-07
1.79999973e+00,6.18250000e-07
1.80000025e+00,6.18350000e-07
1.79999973e+00,6.18450000e-07
1.80000025e+00,6.18550000e-07
1.79999973e+00,6.18650000e-07
1.80000025e+00,6.18750000e-07
1.79999973e+00,6.18850000e-07
1.80000025e+00,6.18950000e-07
1.79999973e+00,6.19050000e-07
1.80000025e+00,6.19150000e-07
1.79999973e+00,6.19250000e-07
1.80000025e+00,6.19350000e-07
1.79999973e+00,6.19450000e-07
1.80000024e+00,6.19550000e-07
1.79999974e+00,6.19650000e-07
1.80000024e+00,6.19750000e-07
1.79999974e+00,6.19850000e-07
1.80000024e+00,6.19950000e-07
1.79999974e+00,6.20050000e-07
1.80000024e+00,6.20150000e-07
1.79999974e+00,6.20250000e-07
1.80000024e+00,6.20350000e-07
1.79999974e+00,6.20450000e-07
1.80000024e+00,6.20550000e-07
1.79999974e+00,6.20650000e-07
1.80000024e+00,6.20750000e-07
1.79999974e+00,6.20850000e-07
1.80000024e+00,6.20950000e-07
1.79999974e+00,6.21050000e-07
1.80000024e+00,6.21150000e-07
1.79999974e+00,6.21250000e-07
1.80000023e+00,6.21350000e-07
1.79999975e+00,6.21450000e-07
1.80000023e+00,6.21550000e-07
1.79999975e+00,6.21650000e-07
1.80000023e+00,6.21750000e-07
1.79999975e+00,6.21850000e-07
1.80000023e+00,6.21950000e-07
1.79999975e+00,6.22050000e-07
1.80000023e+00,6.22150000e-07
1.79999975e+00,6.22250000e-07
1.80000023e+00,6.22350000e-07
1.79999975e+00,6.22450000e-07
1.80000023e+00,6.22550000e-07
1.79999975e+00,6.22650000e-07
1.80000023e+00,6.22750000e-07
1.79999975e+00,6.22850000e-07
1.80000023e+00,6.22950000e-07
1.79999975e+00,6.23050000e-07
1.80000022e+00,6.23150000e-07
1.79999976e+00,6.23250000e-07
1.80000022e+00,6.23350000e-07
1.79999976e+00,6.23450000e-07
1.80000022e+00,6.23550000e-07
1.79999976e+00,6.23650000e-07
1.80000022e+00,6.23750000e-07
1.79999976e+00,6.23850000e-07
1.80000022e+00,6.23950000e-07
1.79999976e+00,6.24050000e-07
1.80000022e+00,6.24150000e-07
1.79999976e+00,6.24250000e-07
1.80000022e+00,6.24350000e-07
1.79999976e+00,6.24450000e-07
1.80000022e+00,6.24550000e-07
1.79999976e+00,6.24650000e-07
1.80000022e+00,6.24750000e-07
1.79999976e+00,6.24850000e-07
1.80000022e+00,6.24950000e-07
1.79999977e+00,6.25050000e-07
1.80000021e+00,6.25150000e-07
1.79999977e+00,6.25250000e-07
1.80000021e+00,6.25350000e-07
1.79999977e+00,6.25450000e-07
1.80000021e+00,6.25550000e-07
1.79999977e+00,6.25650000e-07
1.80000021e+00,6.25750000e-07
1.79999977e+00,6.25850000e-07
1.80000021e+00,6.25950000e-07
1.79999977e+00,6.26050000e-07
1.80000021e+00,6.26150000e-07
1.79999977e+00,6.26250000e-07
1.80000021e+00,6.26350000e-07
1.79999977e+00,6.26450000e-07
1.80000021e+00,6.26550000e-07
1.79999977e+00,6.26650000e-07
1.80000021e+00,6.26750000e-07
1.79999978e+00,6.26850000e-07
1.80000021e+00,6.26950000e-07
1.79999978e+00,6.27050000e-07
1.80000020e+00,6.27150000e-07
1.79999978e+00,6.27250000e-07
1.80000020e+00,6.27350000e-07
1.79999978e+00,6.27450000e-07
1.80000020e+00,6.27550000e-07
1.79999978e+00,6.27650000e-07
1.80000020e+00,6.27750000e-07
1.79999978e+00,6.27850000e-07
1.80000020e+00,6.27950000e-07
1.79999978e+00,6.28050000e-07
1.80000020e+00,6.28150000e-07
1.79999978e+00,6.28250000e-07
1.80000020e+00,6.28350000e-07
1.79999978e+00,6.28450000e-07
1.80000020e+00,6.28550000e-07
1.79999978e+00,6.28650000e-07
1.80000020e+00,6.28750000e-07
1.79999979e+00,6.28850000e-07
1.80000020e+00,6.28950000e-07
1.79999979e+00,6.29050000e-07
1.80000019e+00,6.29150000e-07
1.79999979e+00,6.29250000e-07
1.80000019e+00,6.29350000e-07
1.79999979e+00,6.29450000e-07
1.80000019e+00,6.29550000e-07
1.79999979e+00,6.29650000e-07
1.80000019e+00,6.29750000e-07
1.79999979e+00,6.29850000e-07
1.80000019e+00,6.29950000e-07
1.79999979e+00,6.30050000e-07
1.80000019e+00,6.30150000e-07
1.79999979e+00,6.30250000e-07
1.80000019e+00,6.30350000e-07
1.79999979e+00,6.30450000e-07
1.80000019e+00,6.30550000e-07
1.79999980e+00,6.30650000e-07
1.80000019e+00,6.30750000e-07
1.79999980e+00,6.30850000e-07
1.80000019e+00,6.30950000e-07
1.79999980e+00,6.31050000e-07
1.80000018e+00,6.31150000e-07
1.79999980e+00,6.31250000e-07
1.80000018e+00,6.31350000e-07
1.79999980e+00,6.31450000e-07
1.80000018e+00,6.31550000e-07
1.79999980e+00,6.31650000e-07
1.80000018e+00,6.31750000e-07
1.79999980e+00,6.31850000e-07
1.80000018e+00,6.31950000e-07
1.79999980e+00,6.32050000e-07
1.80000018e+00,6.32150000e-07
1.79999980e+00,6.32250000e-07
1.80000018e+00,6.32350000e-07
1.79999980e+00,6.32450000e-07
1.80000018e+00,6.32550000e-07
1.79999981e+00,6.32650000e-07
1.80000018e+00,6.32750000e-07
1.79999981e+00,6.32850000e-07
1.80000018e+00,6.32950000e-07
1.79999981e+00,6.33050000e-07
1.80000017e+00,6.33150000e-07
1.79999981e+00,6.33250000e-07
1.80000017e+00,6.33350000e-07
1.79999981e+00,6.33450000e-07
1.80000017e+00,6.33550000e-07
1.79999981e+00,6.33650000e-07
1.80000017e+00,6.33750000e-07
1.79999981e+00,6.33850000e-07
1.80000017e+00,6.33950000e-07
1.79999981e+00,6.34050000e-07
1.80000017e+00,6.34150000e-07
1.79999981e+00,6.34250000e-07
1.80000017e+00,6.34350000e-07
1.79999981e+00,6.34450000e-07
1.80000017e+00,6.34550000e-07
1.79999982e+00,6.34650000e-07
1.80000017e+00,6.34750000e-07
1.79999982e+00,6.34850000e-07
1.80000017e+00,6.34950000e-07
1.79999982e+00,6.35050000e-07
1.80000017e+00,6.35150000e-07
1.79999982e+00,6.35250000e-07
1.80000016e+00,6.35350000e-07
1.79999982e+00,6.35450000e-07
1.80000016e+00,6.35550000e-07
1.79999982e+00,6.35650000e-07
1.80000016e+00,6.35750000e-07
1.79999982e+00,6.35850000e-07
1.80000016e+00,6.35950000e-07
1.79999982e+00,6.36050000e-07
1.80000016e+00,6.36150000e-07
1.79999982e+00,6.36250000e-07
1.80000016e+00,6.36350000e-07
1.79999982e+00,6.36450000e-07
1.80000016e+00,6.36550000e-07
1.79999983e+00,6.36650000e-07
1.80000016e+00,6.36750000e-07
1.79999983e+00,6.36850000e-07
1.80000016e+00,6.36950000e-07
1.79999983e+00,6.37050000e-07
1.80000016e+00,6.37150000e-07
1.79999983e+00,6.37250000e-07
1.80000016e+00,6.37350000e-07
1.79999983e+00,6.37450000e-07
1.80000015e+00,6.37550000e-07
1.79999983e+00,6.37650000e-07
1.80000015e+00,6.37750000e-07
1.79999983e+00,6.37850000e-07
1.80000015e+00,6.37950000e-07
1.79999983e+00,6.38050000e-07
1.80000015e+00,6.38150000e-07
1.79999983e+00,6.38250000e-07
1.80000015e+00,6.38350000e-07
1.79999983e+00,6.38450000e-07
1.80000015e+00,6.38550000e-07
1.79999984e+00,6.38650000e-07
1.80000015e+00,6.38750000e-07
1.79999984e+00,6.38850000e-07
1.80000015e+00,6.38950000e-07
1.79999984e+00,6.39050000e-07
1.80000015e+00,6.39150000e-07
1.79999984e+00,6.39250000e-07
1.80000015e+00,6.39350000e-07
1.79999984e+00,6.39450000e-07
1.80000015e+00,6.39550000e-07
1.79999984e+00,6.39650000e-07
1.80000014e+00,6.39750000e-07
1.79999984e+00,6.39850000e-07
1.80000014e+00,6.39950000e-07
1.79999984e+00,6.40050000e-07
1.80000014e+00,6.40150000e-07
1.79999984e+00,6.40250000e-07
1.80000014e+00,6.40350000e-07
1.79999984e+00,6.40450000e-07
1.80000014e+00,6.40550000e-07
1.79999985e+00,6.40650000e-07
1.80000014e+00,6.40750000e-07
1.79999985e+00,6.40850000e-07
1.80000014e+00,6.40950000e-07
1.79999985e+00,6.41050000e-07
1.80000014e+00,6.41150000e-07
1.79999985e+00,6.41250000e-07
1.80000014e+00,6.41350000e-07
1.79999985e+00,6.41450000e-07
1.80000014e+00,6.41550000e-07
1.79999985e+00,6.41650000e-07
1.80000014e+00,6.41750000e-07
1.79999985e+00,6.41850000e-07
1.80000013e+00,6.41950000e-07
1.79999985e+00,6.42050000e-07
1.80000013e+00,6.42150000e-07
1.79999985e+00,6.42250000e-07
1.80000013e+00,6.42350000e-07
1.79999985e+00,6.42450000e-07
1.80000013e+00,6.42550000e-07
1.79999985e+00,6.42650000e-07
1.80000013e+00,6.42750000e-07
1.79999986e+00,6.42850000e-07
1.80000013e+00,6.42950000e-07
1.79999986e+00,6.43050000e-07
1.80000013e+00,6.43150000e-07
1.79999986e+00,6.43250000e-07
1.80000013e+00,6.43350000e-07
1.79999986e+00,6.43450000e-07
1.80000013e+00,6.43550000e-07
1.79999986e+00,6.43650000e-07
1.80000013e+00,6.43750000e-07
1.79999986e+00,6.43850000e-07
1.80000013e+00,6.43950000e-07
1.79999986e+00,6.44050000e-07
1.80000013e+00,6.44150000e-07
1.79999986e+00,6.44250000e-07
1.80000012e+00,6.44350000e-07
1.79999986e+00,6.44450000e-07
1.80000012e+00,6.44550000e-07
1.79999986e+00,6.44650000e-07
1.80000012e+00,6.44750000e-07
1.79999987e+00,6.44850000e-07
1.80000012e+00,6.44950000e-07
1.79999987e+00,6.45050000e-07
1.80000012e+00,6.45150000e-07
1.79999987e+00,6.45250000e-07
1.80000012e+00,6.45350000e-07
1.79999987e+00,6.45450000e-07
1.80000012e+00,6.45550000e-07
1.79999987e+00,6.45650000e-07
1.80000012e+00,6.45750000e-07
1.79999987e+00,6.45850000e-07
1.80000012e+00,6.45950000e-07
1.79999987e+00,6.46050000e-07
1.80000012e+00,6.46150000e-07
1.79999987e+00,6.46250000e-07
1.80000012e+00,6.46350000e-07
1.79999987e+00,6.46450000e-07
1.80000011e+00,6.46550000e-07
1.79999987e+00,6.46650000e-07
1.80000011e+00,6.46750000e-07
1.79999987e+00,6.46850000e-07
1.80000011e+00,6.46950000e-07
1.79999988e+00,6.47050000e-07
1.80000011e+00,6.47150000e-07
1.79999988e+00,6.47250000e-07
1.80000011e+00,6.47350000e-07
1.79999988e+00,6.47450000e-07
1.80000011e+00,6.47550000e-07
1.79999988e+00,6.47650000e-07
1.80000011e+00,6.47750000e-07
1.79999988e+00,6.47850000e-07
1.80000011e+00,6.47950000e-07
1.79999988e+00,6.48050000e-07
1.80000011e+00,6.48150000e-07
1.79999988e+00,6.48250000e-07
1.80000011e+00,6.48350000e-07
1.79999988e+00,6.48450000e-07
1.80000011e+00,6.48550000e-07
1.79999988e+00,6.48650000e-07
1.80000011e+00,6.48750000e-07
1.79999988e+00,6.48850000e-07
1.80000010e+00,6.48950000e-07
1.79999988e+00,6.49050000e-07
1.80000010e+00,6.49150000e-07
1.79999989e+00,6.49250000e-07
1.80000010e+00,6.49350000e-07
1.79999989e+00,6.49450000e-07
1.80000010e+00,6.49550000e-07
1.79999989e+00,6.49650000e-07
1.80000010e+00,6.49750000e-07
1.79999989e+00,6.49850000e-07
1.80000010e+00,6.49950000e-07
1.79999989e+00,6.50050000e-07
1.80000010e+00,6.50150000e-07
1.79999989e+00,6.50250000e-07
1.80000010e+00,6.50350000e-07
1.79999989e+00,6.50450000e-07
1.80000010e+00,6.50550000e-07
1.79999989e+00,6.50650000e-07
1.80000010e+00,6.50750000e-07
1.79999989e+00,6.50850000e-07
1.80000010e+00,6.50950000e-07
1.79999989e+00,6.51050000e-07
1.80000010e+00,6.51150000e-07
1.79999989e+00,6.51250000e-07
1.80000010e+00,6.51350000e-07
1.79999990e+00,6.51450000e-07
1.80000009e+00,6.51550000e-07
1.79999990e+00,6.51650000e-07
1.80000009e+00,6.51750000e-07
1.79999990e+00,6.51850000e-07
1.80000009e+00,6.51950000e-07
1.79999990e+00,6.52050000e-07
1.80000009e+00,6.52150000e-07
1.79999990e+00,6.52250000e-07
1.80000009e+00,6.52350000e-07
1.79999990e+00,6.52450000e-07
1.80000009e+00,6.52550000e-07
1.79999990e+00,6.52650000e-07
1.80000009e+00,6.52750000e-07
1.79999990e+00,6.52850000e-07
1.80000009e+00,6.52950000e-07
1.79999990e+00,6.53050000e-07
1.80000009e+00,6.53150000e-07
1.79999990e+00,6.53250000e-07
1.80000009e+00,6.53350000e-07
1.79999990e+00,6.53450000e-07
1.80000009e+00,6.53550000e-07
1.79999991e+00,6.53650000e-07
1.80000009e+00,6.53750000e-07
1.79999991e+00,6.53850000e-07
1.80000009e+00,6.53950000e-07
1.79999991e+00,6.54050000e-07
1.80000008e+00,6.54150000e-07
1.79999991e+00,6.54250000e-07
1.80000008e+00,6.54350000e-07
1.79999991e+00,6.54450000e-07
1.80000008e+00,6.54550000e-07
1.79999991e+00,6.54650000e-07
1.80000008e+00,6.54750000e-07
1.79999991e+00,6.54850000e-07
1.80000008e+00,6.54950000e-07
1.79999991e+00,6.55050000e-07
1.80000008e+00,6.55150000e-07
1.79999991e+00,6.55250000e-07
1.80000008e+00,6.55350000e-07
1.79999991e+00,6.55450000e-07
1.80000008e+00,6.55550000e-07
1.79999991e+00,6.55650000e-07
1.80000008e+00,6.55750000e-07
1.79999991e+00,6.55850000e-07
1.80000008e+00,6.55950000e-07
1.79999992e+00,6.56050000e-07
1.80000008e+00,6.56150000e-07
1.79999992e+00,6.56250000e-07
1.80000008e+00,6.56350000e-07
1.79999992e+00,6.56450000e-07
1.80000008e+00,6.56550000e-07
1.79999992e+00,6.56650000e-07
1.80000007e+00,6.56750000e-07
1.79999992e+00,6.56850000e-07
1.80000007e+00,6.56950000e-07
1.79999992e+00,6.57050000e-07
1.80000007e+00,6.57150000e-07
1.79999992e+00,6.57250000e-07
1.80000007e+00,6.57350000e-07
1.79999992e+00,6.57450000e-07
1.80000007e+00,6.57550000e-07
1.79999992e+00,6.57650000e-07
1.80000007e+00,6.57750000e-07
1.79999992e+00,6.57850000e-07
1.80000007e+00,6.57950000e-07
1.79999992e+00,6.58050000e-07
1.80000007e+00,6.58150000e-07
1.79999993e+00,6.58250000e-07
1.80000007e+00,6.58350000e-07
1.79999993e+00,6.58450000e-07
1.80000007e+00,6.58550000e-07
1.79999993e+00,6.58650000e-07
1.80000007e+00,6.58750000e-07
1.79999993e+00,6.58850000e-07
1.80000007e+00,6.58950000e-07
1.79999993e+00,6.59050000e-07
1.80000007e+00,6.59150000e-07
1.79999993e+00,6.59250000e-07
1.80000006e+00,6.59350000e-07
1.79999993e+00,6.59450000e-07
1.80000006e+00,6.59550000e-07
1.79999993e+00,6.59650000e-07
1.80000006e+00,6.59750000e-07
1.79999993e+00,6.59850000e-07
1.80000006e+00,6.59950000e-07
1.79999993e+00,6.60050000e-07
1.80000006e+00,6.60150000e-07
1.79999993e+00,6.60250000e-07
1.80000006e+00,6.60350000e-07
1.79999993e+00,6.60450000e-07
1.80000006e+00,6.60550000e-07
1.79999994e+00,6.60650000e-07
1.80000006e+00,6.60750000e-07
1.79999994e+00,6.60850000e-07
1.80000006e+00,6.60950000e-07
1.79999994e+00,6.61050000e-07
1.80000006e+00,6.61150000e-07
1.79999994e+00,6.61250000e-07
1.80000006e+00,6.61350000e-07
1.79999994e+00,6.61450000e-07
1.80000006e+00,6.61550000e-07
1.79999994e+00,6.61650000e-07
1.80000006e+00,6.61750000e-07
1.79999994e+00,6.61850000e-07
1.80000006e+00,6.61950000e-07
1.79999994e+00,6.62050000e-07
1.80000005e+00,6.62150000e-07
1.79999994e+00,6.62250000e-07
1.80000005e+00,6.62350000e-07
1.79999994e+00,6.62450000e-07
1.80000005e+00,6.62550000e-07
1.79999994e+00,6.62650000e-07
1.80000005e+00,6.62750000e-07
1.79999995e+00,6.62850000e-07
1.80000005e+00,6.62950000e-07
1.79999995e+00,6.63050000e-07
1.80000005e+00,6.63150000e-07
1.79999995e+00,6.63250000e-07
1.80000005e+00,6.63350000e-07
1.79999995e+00,6.63450000e-07
1.80000005e+00,6.63550000e-07
1.79999995e+00,6.63650000e-07
1.80000005e+00,6.63750000e-07
1.79999995e+00,6.63850000e-07
1.80000005e+00,6.63950000e-07
1.79999995e+00,6.64050000e-07
1.80000005e+00,6.64150000e-07
1.79999995e+00,6.64250000e-07
1.80000005e+00,6.64350000e-07
1.79999995e+00,6.64450000e-07
1.80000005e+00,6.64550000e-07
1.79999995e+00,6.64650000e-07
1.80000005e+00,6.64750000e-07
1.79999995e+00,6.64850000e-07
1.80000005e+00,6.64950000e-07
1.79999995e+00,6.65050000e-07
1.80000004e+00,6.65150000e-07
1.79999996e+00,6.65250000e-07
1.80000004e+00,6.65350000e-07
1.79999996e+00,6.65450000e-07
1.80000004e+00,6.65550000e-07
1.79999996e+00,6.65650000e-07
1.80000004e+00,6.65750000e-07
1.79999996e+00,6.65850000e-07
1.80000004e+00,6.65950000e-07
1.79999996e+00,6.66050000e-07
1.80000004e+00,6.66150000e-07
1.79999996e+00,6.66250000e-07
1.80000004e+00,6.66350000e-07
1.79999996e+00,6.66450000e-07
1.80000004e+00,6.66550000e-07
1.79999996e+00,6.66650000e-07
1.80000004e+00,6.66750000e-07
1.79999996e+00,6.66850000e-07
1.80000004e+00,6.66950000e-07
1.79999996e+00,6.67050000e-07
1.80000004e+00,6.67150000e-07
1.79999996e+00,6.67250000e-07
1.80000004e+00,6.67350000e-07
1.79999996e+00,6.67450000e-07
1.80000004e+00,6.67550000e-07
1.79999997e+00,6.67650000e-07
1.80000004e+00,6.67750000e-07
1.79999997e+00,6.67850000e-07
1.80000004e+00,6.67950000e-07
1.79999997e+00,6.68050000e-07
1.80000004e+00,6.68150000e-07
1.79999997e+00,6.68250000e-07
1.80000003e+00,6.68350000e-07
1.79999997e+00,6.68450000e-07
1.80000003e+00,6.68550000e-07
1.79999997e+00,6.68650000e-07
1.80000003e+00,6.68750000e-07
1.79999997e+00,6.68850000e-07
1.80000003e+00,6.68950000e-07
1.79999997e+00,6.69050000e-07
1.80000003e+00,6.69150000e-07
1.79999997e+00,6.69250000e-07
1.80000003e+00,6.69350000e-07
1.79999997e+00,6.69450000e-07
1.80000003e+00,6.69550000e-07
1.79999997e+00,6.69650000e-07
1.80000003e+00,6.69750000e-07
1.79999997e+00,6.69850000e-07
1.80000003e+00,6.69950000e-07
1.79999998e+00,6.70050000e-07
1.80000003e+00,6.70150000e-07
1.79999998e+00,6.70250000e-07
1.80000003e+00,6.70350000e-07
1.79999998e+00,6.70450000e-07
1.80000003e+00,6.70550000e-07
1.79999998e+00,6.70650000e-07
1.80000003e+00,6.70750000e-07
1.79999998e+00,6.70850000e-07
1.80000003e+00,6.70950000e-07
1.79999998e+00,6.71050000e-07
1.80000003e+00,6.71150000e-07
1.79999998e+00,6.71250000e-07
1.80000003e+00,6.71350000e-07
1.79999998e+00,6.71450000e-07
1.80000002e+00,6.71550000e-07
1.79999998e+00,6.71650000e-07
1.80000002e+00,6.71750000e-07
1.79999998e+00,6.71850000e-07
1.80000002e+00,6.71950000e-07
1.79999998e+00,6.72050000e-07
1.80000002e+00,6.72150000e-07
1.79999998e+00,6.72250000e-07
1.80000002e+00,6.72350000e-07
1.79999999e+00,6.72450000e-07
1.80000002e+00,6.72550000e-07
1.79999999e+00,6.72650000e-07
1.80000002e+00,6.72750000e-07
1.79999999e+00,6.72850000e-07
1.80000002e+00,6.72950000e-07
1.79999999e+00,6.73050000e-07
1.80000002e+00,6.73150000e-07
1.79999999e+00,6.73250000e-07
1.80000002e+00,6.73350000e-07
1.79999999e+00,6.73450000e-07
1.80000002e+00,6.73550000e-07
1.79999999e+00,6.73650000e-07
1.80000002e+00,6.73750000e-07
1.79999999e+00,6.73850000e-07
1.80000002e+00,6.73950000e-07
1.79999999e+00,6.74050000e-07
1.80000002e+00,6.74150000e-07
1.79999999e+00,6.74250000e-07
1.80000002e+00,6.74350000e-07
1.79999999e+00,6.74450000e-07
1.80000002e+00,6.74550000e-07
1.79999999e+00,6.74650000e-07
1.80000002e+00,6.74750000e-07
1.80000000e+00,6.74850000e-07
1.80000001e+00,6.74950000e-07
1.80000000e+00,6.75050000e-07
1.80000001e+00,6.75150000e-07
1.80000000e+00,6.75250000e-07
1.80000001e+00,6.75350000e-07
1.80000000e+00,6.75450000e-07
1.80000001e+00,6.75550000e-07
1.80000000e+00,6.75650000e-07
1.80000001e+00,6.75750000e-07
1.80000000e+00,6.75850000e-07
1.80000001e+00,6.75950000e-07
1.80000000e+00,6.76050000e-07
1.80000001e+00,6.76150000e-07
1.80000000e+00,6.76250000e-07
1.80000001e+00,6.76350000e-07
1.80000000e+00,6.76450000e-07
1.80000001e+00,6.76550000e-07
1.80000000e+00,6.76650000e-07
1.80000001e+00,6.76750000e-07
1.80000000e+00,6.76850000e-07
1.80000001e+00,6.76950000e-07
1.80000000e+00,6.77050000e-07
1.80000001e+00,6.77150000e-07
1.80000001e+00,6.77250000e-07
1.80000001e+00,6.77350000e-07
1.80000001e+00,6.77450000e-07
1.80000001e+00,6.77550000e-07
1.80000001e+00,6.77650000e-07
1.80000001e+00,6.77750000e-07
1.80000001e+00,6.77850000e-07
1.80000001e+00,6.77950000e-07
1.80000001e+00,6.78050000e-07
1.80000001e+00,6.78150000e-07
1.80000001e+00,6.78250000e-07
1.80000001e+00,6.78350000e-07
1.80000001e+00,6.78450000e-07
1.80000001e+00,6.78550000e-07
1.80000001e+00,6.78650000e-07
1.80000000e+00,6.78750000e-07
1.80000001e+00,6.78850000e-07
1.80000000e+00,6.78950000e-07
1.80000001e+00,6.79050000e-07
1.80000000e+00,6.79150000e-07
1.80000001e+00,6.79250000e-07
1.80000000e+00,6.79350000e-07
1.80000001e+00,6.79450000e-07
1.80000000e+00,6.79550000e-07
1.80000002e+00,6.79650000e-07
1.80000000e+00,6.79750000e-07
1.80000002e+00,6.79850000e-07
1.80000000e+00,6.79950000e-07
1.80000002e+00,6.80050000e-07
1.80000000e+00,6.80150000e-07
1.80000002e+00,6.80250000e-07
1.80000000e+00,6.80350000e-07
1.80000002e+00,6.80450000e-07
1.80000000e+00,6.80550000e-07
1.80000002e+00,6.80650000e-07
1.80000000e+00,6.80750000e-07
1.80000002e+00,6.80850000e-07
1.80000000e+00,6.80950000e-07
1.80000002e+00,6.81050000e-07
1.80000000e+00,6.81150000e-07
1.80000002e+00,6.81250000e-07
1.80000000e+00,6.81350000e-07
1.80000002e+00,6.81450000e-07
1.80000000e+00,6.81550000e-07
1.80000002e+00,6.81650000e-07
1.80000000e+00,6.81750000e-07
1.80000003e+00,6.81850000e-07
1.80000000e+00,6.81950000e-07
1.80000003e+00,6.82050000e-07
1.80000000e+00,6.82150000e-07
1.80000003e+00,6.82250000e-07
1.80000000e+00,6.82350000e-07
1.80000003e+00,6.82450000e-07
1.80000000e+00,6.82550000e-07
1.80000003e+00,6.82650000e-07
1.80000000e+00,6.82750000e-07
1.80000003e+00,6.82850000e-07
1.79999999e+00,6.82950000e-07
1.80000003e+00,6.83050000e-07
1.79999999e+00,6.83150000e-07
1.80000003e+00,6.83250000e-07
1.79999999e+00,6.83350000e-07
1.80000003e+00,6.83450000e-07
1.79999999e+00,6.83550000e-07
1.80000003e+00,6.83650000e-07
1.79999999e+00,6.83750000e-07
1.80000003e+00,6.83850000e-07
1.79999999e+00,6.83950000e-07
1.80000003e+00,6.84050000e-07
1.79999999e+00,6.84150000e-07
1.80000004e+00,6.84250000e-07
1.79999999e+00,6.84350000e-07
1.80000004e+00,6.84450000e-07
1.79999999e+00,6.84550000e-07
1.80000004e+00,6.84650000e-07
1.79999999e+00,6.84750000e-07
1.80000004e+00,6.84850000e-07
1.79999999e+00,6.84950000e-07
1.80000004e+00,6.85050000e-07
1.79999999e+00,6.85150000e-07
1.80000004e+00,6.85250000e-07
1.79999999e+00,6.85350000e-07
1.80000004e+00,6.85450000e-07
1.79999999e+00,6.85550000e-07
1.80000004e+00,6.85650000e-07
1.79999999e+00,6.85750000e-07
1.80000004e+00,6.85850000e-07
1.79999999e+00,6.85950000e-07
1.80000004e+00,6.86050000e-07
1.79999999e+00,6.86150000e-07
1.80000004e+00,6.86250000e-07
1.79999999e+00,6.86350000e-07
1.80000005e+00,6.86450000e-07
1.79999999e+00,6.86550000e-07
1.80000005e+00,6.86650000e-07
1.79999999e+00,6.86750000e-07
1.80000005e+00,6.86850000e-07
1.79999999e+00,6.86950000e-07
1.80000005e+00,6.87050000e-07
1.79999999e+00,6.87150000e-07
1.80000005e+00,6.87250000e-07
1.79999999e+00,6.87350000e-07
1.80000005e+00,6.87450000e-07
1.79999999e+00,6.87550000e-07
1.80000005e+00,6.87650000e-07
1.79999999e+00,6.87750000e-07
1.80000005e+00,6.87850000e-07
1.79999999e+00,6.87950000e-07
1.80000005e+00,6.88050000e-07
1.79999998e+00,6.88150000e-07
1.80000005e+00,6.88250000e-07
1.79999998e+00,6.88350000e-07
1.80000005e+00,6.88450000e-07
1.79999998e+00,6.88550000e-07
1.80000005e+00,6.88650000e-07
1.79999998e+00,6.88750000e-07
1.80000006e+00,6.88850000e-07
1.79999998e+00,6.88950000e-07
1.80000006e+00,6.89050000e-07
1.79999998e+00,6.89150000e-07
1.80000006e+00,6.89250000e-07
1.79999998e+00,6.89350000e-07
1.80000006e+00,6.89450000e-07
1.79999998e+00,6.89550000e-07
1.80000006e+00,6.89650000e-07
1.79999998e+00,6.89750000e-07
1.80000006e+00,6.89850000e-07
1.79999998e+00,6.89950000e-07
1.80000006e+00,6.90050000e-07
1.79999998e+00,6.90150000e-07
1.80000006e+00,6.90250000e-07
1.79999998e+00,6.90350000e-07
1.80000006e+00,6.90450000e-07
1.79999998e+00,6.90550000e-07
1.80000006e+00,6.90650000e-07
1.79999998e+00,6.90750000e-07
1.80000006e+00,6.90850000e-07
1.79999998e+00,6.90950000e-07
1.80000007e+00,6.91050000e-07
1.79999998e+00,6.91150000e-07
1.80000007e+00,6.91250000e-07
1.79999998e+00,6.91350000e-07
1.80000007e+00,6.91450000e-07
1.79999998e+00,6.91550000e-07
1.80000007e+00,6.91650000e-07
1.79999998e+00,6.91750000e-07
1.80000007e+00,6.91850000e-07
1.79999998e+00,6.91950000e-07
1.80000007e+00,6.92050000e-07
1.79999998e+00,6.92150000e-07
1.80000007e+00,6.92250000e-07
1.79999998e+00,6.92350000e-07
1.80000007e+00,6.92450000e-07
1.79999998e+00,6.92550000e-07
1.80000007e+00,6.92650000e-07
1.79999998e+00,6.92750000e-07
1.80000007e+00,6.92850000e-07
1.79999998e+00,6.92950000e-07
1.80000008e+00,6.93050000e-07
1.79999998e+00,6.93150000e-07
1.80000008e+00,6.93250000e-07
1.79999998e+00,6.93350000e-07
1.80000008e+00,6.93450000e-07
1.79999998e+00,6.93550000e-07
1.80000008e+00,6.93650000e-07
1.79999998e+00,6.93750000e-07
1.80000008e+00,6.93850000e-07
1.79999998e+00,6.93950000e-07
1.80000008e+00,6.94050000e-07
1.79999998e+00,6.94150000e-07
1.80000008e+00,6.94250000e-07
1.79999998e+00,6.94350000e-07
1.80000008e+00,6.94450000e-07
1.79999998e+00,6.94550000e-07
1.80000008e+00,6.94650000e-07
1.79999998e+00,6.94750000e-07
1.80000008e+00,6.94850000e-07
1.79999998e+00,6.94950000e-07
1.80000008e+00,6.95050000e-07
1.79999998e+00,6.95150000e-07
1.80000009e+00,6.95250000e-07
1.79999998e+00,6.95350000e-07
1.80000009e+00,6.95450000e-07
1.79999998e+00,6.95550000e-07
1.80000009e+00,6.95650000e-07
1.79999997e+00,6.95750000e-07
1.80000009e+00,6.95850000e-07
1.79999997e+00,6.95950000e-07
1.80000009e+00,6.96050000e-07
1.79999997e+00,6.96150000e-07
1.80000009e+00,6.96250000e-07
1.79999997e+00,6.96350000e-07
1.80000009e+00,6.96450000e-07
1.79999997e+00,6.96550000e-07
1.80000009e+00,6.96650000e-07
1.79999997e+00,6.96750000e-07
1.80000009e+00,6.96850000e-07
1.79999997e+00,6.96950000e-07
1.80000009e+00,6.97050000e-07
1.79999997e+00,6.97150000e-07
1.80000010e+00,6.97250000e-07
1.79999997e+00,6.97350000e-07
1.80000010e+00,6.97450000e-07
1.79999997e+00,6.97550000e-07
1.80000010e+00,6.97650000e-07
1.79999997e+00,6.97750000e-07
1.80000010e+00,6.97850000e-07
1.79999997e+00,6.97950000e-07
1.80000010e+00,6.98050000e-07
1.79999997e+00,6.98150000e-07
1.80000010e+00,6.98250000e-07
1.79999997e+00,6.98350000e-07
1.80000010e+00,6.98450000e-07
1.79999997e+00,6.98550000e-07
1.80000010e+00,6.98650000e-07
1.79999997e+00,6.98750000e-07
1.80000010e+00,6.98850000e-07
1.79999997e+00,6.98950000e-07
1.80000010e+00,6.99050000e-07
1.79999997e+00,6.99150000e-07
1.80000011e+00,6.99250000e-07
1.79999997e+00,6.99350000e-07
1.80000011e+00,6.99450000e-07
1.79999997e+00,6.99550000e-07
1.80000011e+00,6.99650000e-07
1.79999997e+00,6.99750000e-07
1.80000011e+00,6.99850000e-07
1.79999997e+00,6.99950000e-07
1.80000011e+00,7.00050000e-07
1.79999997e+00,7.00150000e-07
1.80000011e+00,7.00250000e-07
1.79999997e+00,7.00350000e-07
1.80000011e+00,7.00450000e-07
1.79999997e+00,7.00550000e-07
1.80000011e+00,7.00650000e-07
1.79999997e+00,7.00750000e-07
1.80000011e+00,7.00850000e-07
1.79999997e+00,7.00950000e-07
1.80000012e+00,7.01050000e-07
1.79999997e+00,7.01150000e-07
1.80000012e+00,7.01250000e-07
1.79999997e+00,7.01350000e-07
1.80000012e+00,7.01450000e-07
1.79999997e+00,7.01550000e-07
1.80000012e+00,7.01650000e-07
1.79999997e+00,7.01750000e-07
1.80000012e+00,7.01850000e-07
1.79999997e+00,7.01950000e-07
1.80000012e+00,7.02050000e-07
1.79999997e+00,7.02150000e-07
1.80000012e+00,7.02250000e-07
1.79999997e+00,7.02350000e-07
1.80000012e+00,7.02450000e-07
1.79999997e+00,7.02550000e-07
1.80000012e+00,7.02650000e-07
1.79999997e+00,7.02750000e-07
1.80000013e+00,7.02850000e-07
1.79999997e+00,7.02950000e-07
1.80000013e+00,7.03050000e-07
1.79999997e+00,7.03150000e-07
1.80000013e+00,7.03250000e-07
1.79999997e+00,7.03350000e-07
1.80000013e+00,7.03450000e-07
1.79999997e+00,7.03550000e-07
1.80000013e+00,7.03650000e-07
1.79999997e+00,7.03750000e-07
1.80000013e+00,7.03850000e-07
1.79999997e+00,7.03950000e-07
1.80000013e+00,7.04050000e-07
1.79999997e+00,7.04150000e-07
1.80000013e+00,7.04250000e-07
1.79999997e+00,7.04350000e-07
1.80000013e+00,7.04450000e-07
1.79999997e+00,7.04550000e-07
1.80000014e+00,7.04650000e-07
1.79999997e+00,7.04750000e-07
1.80000014e+00,7.04850000e-07
1.79999997e+00,7.04950000e-07
1.80000014e+00,7.05050000e-07
1.79999997e+00,7.05150000e-07
1.80000014e+00,7.05250000e-07
1.79999997e+00,7.05350000e-07
1.80000014e+00,7.05450000e-07
1.79999997e+00,7.05550000e-07
1.80000014e+00,7.05650000e-07
1.79999997e+00,7.05750000e-07
1.80000014e+00,7.05850000e-07
1.79999997e+00,7.05950000e-07
1.80000014e+00,7.06050000e-07
1.79999997e+00,7.06150000e-07
1.80000014e+00,7.06250000e-07
1.79999997e+00,7.06350000e-07
1.80000015e+00,7.06450000e-07
1.79999997e+00,7.06550000e-07
1.80000015e+00,7.06650000e-07
1.79999998e+00,7.06750000e-07
1.80000015e+00,7.06850000e-07
1.79999998e+00,7.06950000e-07
1.80000015e+00,7.07050000e-07
1.79999998e+00,7.07150000e-07
1.80000015e+00,7.07250000e-07
1.79999998e+00,7.07350000e-07
1.80000015e+00,7.07450000e-07
1.79999998e+00,7.07550000e-07
1.80000015e+00,7.07650000e-07
1.79999998e+00,7.07750000e-07
1.80000015e+00,7.07850000e-07
1.79999998e+00,7.07950000e-07
1.80000016e+00,7.08050000e-07
1.79999998e+00,7.08150000e-07
1.80000016e+00,7.08250000e-07
1.79999998e+00,7.08350000e-07
1.80000016e+00,7.08450000e-07
1.79999998e+00,7.08550000e-07
1.80000016e+00,7.08650000e-07
1.79999998e+00,7.08750000e-07
1.80000016e+00,7.08850000e-07
1.79999998e+00,7.08950000e-07
1.80000016e+00,7.09050000e-07
1.79999998e+00,7.09150000e-07
1.80000016e+00,7.09250000e-07
1.79999998e+00,7.09350000e-07
1.80000016e+00,7.09450000e-07
1.79999998e+00,7.09550000e-07
1.80000017e+00,7.09650000e-07
1.79999998e+00,7.09750000e-07
1.80000017e+00,7.09850000e-07
1.79999998e+00,7.09950000e-07
1.80000017e+00,7.10050000e-07
1.79999998e+00,7.10150000e-07
1.80000017e+00,7.10250000e-07
1.79999998e+00,7.10350000e-07
1.80000017e+00,7.10450000e-07
1.79999998e+00,7.10550000e-07
1.80000017e+00,7.10650000e-07
1.79999998e+00,7.10750000e-07
1.80000017e+00,7.10850000e-07
1.79999998e+00,7.10950000e-07
1.80000017e+00,7.11050000e-07
1.79999998e+00,7.11150000e-07
1.80000018e+00,7.11250000e-07
1.79999998e+00,7.11350000e-07
1.80000018e+00,7.11450000e-07
1.79999998e+00,7.11550000e-07
1.80000018e+00,7.11650000e-07
1.79999998e+00,7.11750000e-07
1.80000018e+00,7.11850000e-07
1.79999998e+00,7.11950000e-07
1.80000018e+00,7.12050000e-07
1.79999998e+00,7.12150000e-07
1.80000018e+00,7.12250000e-07
1.79999998e+00,7.12350000e-07
1.80000018e+00,7.12450000e-07
1.79999998e+00,7.12550000e-07
1.80000019e+00,7.12650000e-07
1.79999998e+00,7.12750000e-07
1.80000019e+00,7.12850000e-07
1.79999998e+00,7.12950000e-07
1.80000019e+00,7.13050000e-07
1.79999999e+00,7.13150000e-07
1.80000019e+00,7.13250000e-07
1.79999999e+00,7.13350000e-07
1.80000019e+00,7.13450000e-07
1.79999999e+00,7.13550000e-07
1.80000019e+00,7.13650000e-07
1.79999999e+00,7.13750000e-07
1.80000019e+00,7.13850000e-07
1.79999999e+00,7.13950000e-07
1.80000020e+00,7.14050000e-07
1.79999999e+00,7.14150000e-07
1.80000020e+00,7.14250000e-07
1.79999999e+00,7.14350000e-07
1.80000020e+00,7.14450000e-07
1.79999999e+00,7.14550000e-07
1.80000020e+00,7.14650000e-07
1.79999999e+00,7.14750000e-07
1.80000020e+00,7.14850000e-07
1.79999999e+00,7.14950000e-07
1.80000020e+00,7.15050000e-07
1.79999999e+00,7.15150000e-07
1.80000020e+00,7.15250000e-07
1.79999999e+00,7.15350000e-07
1.80000021e+00,7.15450000e-07
1.79999999e+00,7.15550000e-07
1.80000021e+00,7.15650000e-07
1.79999999e+00,7.15750000e-07
1.80000021e+00,7.15850000e-07
1.79999999e+00,7.15950000e-07
1.80000021e+00,7.16050000e-07
1.79999999e+00,7.16150000e-07
1.80000021e+00,7.16250000e-07
1.79999999e+00,7.16350000e-07
1.80000021e+00,7.16450000e-07
1.79999999e+00,7.16550000e-07
1.80000021e+00,7.16650000e-07
1.80000000e+00,7.16750000e-07
1.80000022e+00,7.16850000e-07
1.80000000e+00,7.16950000e-07
1.80000022e+00,7.17050000e-07
1.80000000e+00,7.17150000e-07
1.80000022e+00,7.17250000e-07
1.80000000e+00,7.17350000e-07
1.80000022e+00,7.17450000e-07
1.80000000e+00,7.17550000e-07
1.80000022e+00,7.17650000e-07
1.80000000e+00,7.17750000e-07
1.80000022e+00,7.17850000e-07
1.80000000e+00,7.17950000e-07
1.80000023e+00,7.18050000e-07
1.80000000e+00,7.18150000e-07
1.80000023e+00,7.18250000e-07
1.80000000e+00,7.18350000e-07
1.80000023e+00,7.18450000e-07
1.80000000e+00,7.18550000e-07
1.80000023e+00,7.18650000e-07
1.80000000e+00,7.18750000e-07
1.80000023e+00,7.18850000e-07
1.80000000e+00,7.18950000e-07
1.80000023e+00,7.19050000e-07
1.80000000e+00,7.19150000e-07
1.80000024e+00,7.19250000e-07
1.80000000e+00,7.19350000e-07
1.80000024e+00,7.19450000e-07
1.80000000e+00,7.19550000e-07
1.80000024e+00,7.19650000e-07
1.80000000e+00,7.19750000e-07
1.80000024e+00,7.19850000e-07
1.80000000e+00,7.19950000e-07
1.80000024e+00,7.20050000e-07
1.80000001e+00,7.20150000e-07
1.80000024e+00,7.20250000e-07
1.80000001e+00,7.20350000e-07
1.80000025e+00,7.20450000e-07
1.80000001e+00,7.20550000e-07
1.80000025e+00,7.20650000e-07
1.80000001e+00,7.20750000e-07
1.80000025e+00,7.20850000e-07
1.80000001e+00,7.20950000e-07
1.80000025e+00,7.21050000e-07
1.80000001e+00,7.21150000e-07
1.80000025e+00,7.21250000e-07
1.80000001e+00,7.21350000e-07
1.80000026e+00,7.21450000e-07
1.80000001e+00,7.21550000e-07
1.80000026e+00,7.21650000e-07
1.80000001e+00,7.21750000e-07
1.80000026e+00,7.21850000e-07
1.80000001e+00,7.21950000e-07
1.80000026e+00,7.22050000e-07
1.80000001e+00,7.22150000e-07
1.80000026e+00,7.22250000e-07
1.80000001e+00,7.22350000e-07
1.80000027e+00,7.22450000e-07
1.80000001e+00,7.22550000e-07
1.80000027e+00,7.22650000e-07
1.80000001e+00,7.22750000e-07
1.80000027e+00,7.22850000e-07
1.80000002e+00,7.22950000e-07
1.80000027e+00,7.23050000e-07
1.80000002e+00,7.23150000e-07
1.80000027e+00,7.23250000e-07
1.80000002e+00,7.23350000e-07
1.80000027e+00,7.23450000e-07
1.80000002e+00,7.23550000e-07
1.80000028e+00,7.23650000e-07
1.80000002e+00,7.23750000e-07
1.80000028e+00,7.23850000e-07
1.80000002e+00,7.23950000e-07
1.80000028e+00,7.24050000e-07
1.80000002e+00,7.24150000e-07
1.80000028e+00,7.24250000e-07
1.80000002e+00,7.24350000e-07
1.80000028e+00,7.24450000e-07
1.80000002e+00,7.24550000e-07
1.80000029e+00,7.24650000e-07
1.80000002e+00,7.24750000e-07
1.80000029e+00,7.24850000e-07
1.80000002e+00,7.24950000e-07
1.80000029e+00,7.25050000e-07
1.80000002e+00,7.25150000e-07
1.80000029e+00,7.25250000e-07
1.80000003e+00,7.25350000e-07
1.80000029e+00,7.25450000e-07
1.80000003e+00,7.25550000e-07
1.80000030e+00,7.25650000e-07
1.80000003e+00,7.25750000e-07
1.80000030e+00,7.25850000e-07
1.80000003e+00,7.25950000e-07
1.80000030e+00,7.26050000e-07
1.80000003e+00,7.26150000e-07
1.80000030e+00,7.26250000e-07
1.80000003e+00,7.26350000e-07
1.80000030e+00,7.26450000e-07
1.80000003e+00,7.26550000e-07
1.80000031e+00,7.26650000e-07
1.80000003e+00,7.26750000e-07
1.80000031e+00,7.26850000e-07
1.80000003e+00,7.26950000e-07
1.80000031e+00,7.27050000e-07
1.80000003e+00,7.27150000e-07
1.80000031e+00,7.27250000e-07
1.80000004e+00,7.27350000e-07
1.80000031e+00,7.27450000e-07
1.80000004e+00,7.27550000e-07
1.80000032e+00,7.27650000e-07
1.80000004e+00,7.27750000e-07
1.80000032e+00,7.27850000e-07
1.80000004e+00,7.27950000e-07
1.80000032e+00,7.28050000e-07
1.80000004e+00,7.28150000e-07
1.80000032e+00,7.28250000e-07
1.80000004e+00,7.28350000e-07
1.80000033e+00,7.28450000e-07
1.80000004e+00,7.28550000e-07
1.80000033e+00,7.28650000e-07
1.80000004e+00,7.28750000e-07
1.80000033e+00,7.28850000e-07
1.80000004e+00,7.28950000e-07
1.80000033e+00,7.29050000e-07
1.80000005e+00,7.29150000e-07
1.80000033e+00,7.29250000e-07
1.80000005e+00,7.29350000e-07
1.80000034e+00,7.29450000e-07
1.80000005e+00,7.29550000e-07
1.80000034e+00,7.29650000e-07
1.80000005e+00,7.29750000e-07
1.80000034e+00,7.29850000e-07
1.80000005e+00,7.29950000e-07
1.80000034e+00,7.30050000e-07
1.80000005e+00,7.30150000e-07
1.80000035e+00,7.30250000e-07
1.80000005e+00,7.30350000e-07
1.80000035e+00,7.30450000e-07
1.80000005e+00,7.30550000e-07
1.80000035e+00,7.30650000e-07
1.80000006e+00,7.30750000e-07
1.80000035e+00,7.30850000e-07
1.80000006e+00,7.30950000e-07
1.80000035e+00,7.31050000e-07
1.80000006e+00,7.31150000e-07
1.80000036e+00,7.31250000e-07
1.80000006e+00,7.31350000e-07
1.80000036e+00,7.31450000e-07
1.80000006e+00,7.31550000e-07
1.80000036e+00,7.31650000e-07
1.80000007e+00,7.31750000e-07
1.80000037e+00,7.31850000e-07
1.80000007e+00,7.31950000e-07
1.80000037e+00,7.32050000e-07
1.80000007e+00,7.32150000e-07
1.80000037e+00,7.32250000e-07
1.80000007e+00,7.32350000e-07
1.80000037e+00,7.32450000e-07
1.80000007e+00,7.32550000e-07
1.80000038e+00,7.32650000e-07
1.80000007e+00,7.32750000e-07
1.80000038e+00,7.32850000e-07
1.80000007e+00,7.32950000e-07
1.80000038e+00,7.33050000e-07
1.80000007e+00,7.33150000e-07
1.80000038e+00,7.33250000e-07
1.80000008e+00,7.33350000e-07
1.80000039e+00,7.33450000e-07
1.80000008e+00,7.33550000e-07
1.80000039e+00,7.33650000e-07
1.80000008e+00,7.33750000e-07
1.80000039e+00,7.33850000e-07
1.80000008e+00,7.33950000e-07
1.80000039e+00,7.34050000e-07
1.80000008e+00,7.34150000e-07
1.80000040e+00,7.34250000e-07
1.80000008e+00,7.34350000e-07
1.80000040e+00,7.34450000e-07
1.80000008e+00,7.34550000e-07
1.80000040e+00,7.34650000e-07
1.80000009e+00,7.34750000e-07
1.80000040e+00,7.34850000e-07
1.80000009e+00,7.34950000e-07
1.80000041e+00,7.35050000e-07
1.80000009e+00,7.35150000e-07
1.80000041e+00,7.35250000e-07
1.80000009e+00,7.35350000e-07
1.80000041e+00,7.35450000e-07
1.80000009e+00,7.35550000e-07
1.80000041e+00,7.35650000e-07
1.80000009e+00,7.35750000e-07
1.80000042e+00,7.35850000e-07
1.80000009e+00,7.35950000e-07
1.80000042e+00,7.36050000e-07
1.80000010e+00,7.36150000e-07
1.80000042e+00,7.36250000e-07
1.80000010e+00,7.36350000e-07
1.80000042e+00,7.36450000e-07
1.80000010e+00,7.36550000e-07
1.80000043e+00,7.36650000e-07
1.80000010e+00,7.36750000e-07
1.80000043e+00,7.36850000e-07
1.80000010e+00,7.36950000e-07
1.80000043e+00,7.37050000e-07
1.80000010e+00,7.37150000e-07
1.80000043e+00,7.37250000e-07
1.80000011e+00,7.37350000e-07
1.80000044e+00,7.37450000e-07
1.80000011e+00,7.37550000e-07
1.80000044e+00,7.37650000e-07
1.80000011e+00,7.37750000e-07
1.80000044e+00,7.37850000e-07
1.80000011e+00,7.37950000e-07
1.80000044e+00,7.38050000e-07
1.80000011e+00,7.38150000e-07
1.80000045e+00,7.38250000e-07
1.80000011e+00,7.38350000e-07
1.80000045e+00,7.38450000e-07
1.80000012e+00,7.38550000e-07
1.80000045e+00,7.38650000e-07
1.80000012e+00,7.38750000e-07
1.80000045e+00,7.38850000e-07
1.80000012e+00,7.38950000e-07
1.80000046e+00,7.39050000e-07
1.80000012e+00,7.39150000e-07
1.80000046e+00,7.39250000e-07
1.80000012e+00,7.39350000e-07
1.80000046e+00,7.39450000e-07
1.80000012e+00,7.39550000e-07
1.80000047e+00,7.39650000e-07
1.80000013e+00,7.39750000e-07
1.80000047e+00,7.39850000e-07
1.80000013e+00,7.39950000e-07
1.80000047e+00,7.40050000e-07
1.80000013e+00,7.40150000e-07
1.80000047e+00,7.40250000e-07
1.80000013e+00,7.40350000e-07
1.80000048e+00,7.40450000e-07
1.80000013e+00,7.40550000e-07
1.80000048e+00,7.40650000e-07
1.80000014e+00,7.40750000e-07
1.80000048e+00,7.40850000e-07
1.80000014e+00,7.40950000e-07
1.80000048e+00,7.41050000e-07
1.80000014e+00,7.41150000e-07
1.80000049e+00,7.41250000e-07
1.80000014e+00,7.41350000e-07
1.80000049e+00,7.41450000e-07
1.80000014e+00,7.41550000e-07
1.80000049e+00,7.41650000e-07
1.80000015e+00,7.41750000e-07
1.80000050e+00,7.41850000e-07
1.80000015e+00,7.41950000e-07
1.80000050e+00,7.42050000e-07
1.80000015e+00,7.42150000e-07
1.80000050e+00,7.42250000e-07
1.80000015e+00,7.42350000e-07
1.80000050e+00,7.42450000e-07
1.80000015e+00,7.42550000e-07
1.80000051e+00,7.42650000e-07
1.80000015e+00,7.42750000e-07
1.80000051e+00,7.42850000e-07
1.80000016e+00,7.42950000e-07
1.80000051e+00,7.43050000e-07
1.80000016e+00,7.43150000e-07
1.80000052e+00,7.43250000e-07
1.80000016e+00,7.43350000e-07
1.80000052e+00,7.43450000e-07
1.80000016e+00,7.43550000e-07
1.80000052e+00,7.43650000e-07
1.80000016e+00,7.43750000e-07
1.80000052e+00,7.43850000e-07
1.80000017e+00,7.43950000e-07
1.80000053e+00,7.44050000e-07
1.80000017e+00,7.44150000e-07
1.80000053e+00,7.44250000e-07
1.80000017e+00,7.44350000e-07
1.80000053e+00,7.44450000e-07
1.80000017e+00,7.44550000e-07
1.80000054e+00,7.44650000e-07
1.80000018e+00,7.44750000e-07
1.80000054e+00,7.44850000e-07
1.80000018e+00,7.44950000e-07
1.80000054e+00,7.45050000e-07
1.80000018e+00,7.45150000e-07
1.80000055e+00,7.45250000e-07
1.80000018e+00,7.45350000e-07
1.80000055e+00,7.45450000e-07
1.80000018e+00,7.45550000e-07
1.80000055e+00,7.45650000e-07
1.80000019e+00,7.45750000e-07
1.80000055e+00,7.45850000e-07
1.80000019e+00,7.45950000e-07
1.80000056e+00,7.46050000e-07
1.80000019e+00,7.46150000e-07
1.80000056e+00,7.46250000e-07
1.80000019e+00,7.46350000e-07
1.80000056e+00,7.46450000e-07
1.80000019e+00,7.46550000e-07
1.80000057e+00,7.46650000e-07
1.80000020e+00,7.46750000e-07
1.80000057e+00,7.46850000e-07
1.80000020e+00,7.46950000e-07
1.80000057e+00,7.47050000e-07
1.80000020e+00,7.47150000e-07
1.80000058e+00,7.47250000e-07
1.80000020e+00,7.47350000e-07
1.80000058e+00,7.47450000e-07
1.80000021e+00,7.47550000e-07
1.80000058e+00,7.47650000e-07
1.80000021e+00,7.47750000e-07
1.80000059e+00,7.47850000e-07
1.80000021e+00,7.47950000e-07
1.80000059e+00,7.48050000e-07
1.80000021e+00,7.48150000e-07
1.80000059e+00,7.48250000e-07
1.80000021e+00,7.48350000e-07
1.80000060e+00,7.48450000e-07
1.80000022e+00,7.48550000e-07
1.80000060e+00,7.48650000e-07
1.80000022e+00,7.48750000e-07
1.80000060e+00,7.48850000e-07
1.80000022e+00,7.48950000e-07
1.80000060e+00,7.49050000e-07
1.80000022e+00,7.49150000e-07
1.80000061e+00,7.49250000e-07
1.80000023e+00,7.49350000e-07
1.80000061e+00,7.49450000e-07
1.80000023e+00,7.49550000e-07
1.80000061e+00,7.49650000e-07
1.80000023e+00,7.49750000e-07
1.80000062e+00,7.49850000e-07
1.80000023e+00,7.49950000e-07
1.80000062e+00,7.50050000e-07
1.80000024e+00,7.50150000e-07
1.80000062e+00,7.50250000e-07
1.80000024e+00,7.50350000e-07
1.80000063e+00,7.50450000e-07
1.80000024e+00,7.50550000e-07
1.80000063e+00,7.50650000e-07
1.80000024e+00,7.50750000e-07
1.80000063e+00,7.50850000e-07
1.80000025e+00,7.50950000e-07
1.80000064e+00,7.51050000e-07
1.80000025e+00,7.51150000e-07
1.80000064e+00,7.51250000e-07
1.80000025e+00,7.51350000e-07
1.80000064e+00,7.51450000e-07
1.80000025e+00,7.51550000e-07
1.80000065e+00,7.51650000e-07
1.80000026e+00,7.51750000e-07
1.80000065e+00,7.51850000e-07
1.80000026e+00,7.51950000e-07
1.80000065e+00,7.52050000e-07
1.80000026e+00,7.52150000e-07
1.80000066e+00,7.52250000e-07
1.80000026e+00,7.52350000e-07
1.80000066e+00,7.52450000e-07
1.80000027e+00,7.52550000e-07
1.80000066e+00,7.52650000e-07
1.80000027e+00,7.52750000e-07
1.80000067e+00,7.52850000e-07
1.80000027e+00,7.52950000e-07
1.80000067e+00,7.53050000e-07
1.80000027e+00,7.53150000e-07
1.80000067e+00,7.53250000e-07
1.80000028e+00,7.53350000e-07
1.80000068e+00,7.53450000e-07
1.80000028e+00,7.53550000e-07
1.80000068e+00,7.53650000e-07
1.80000028e+00,7.53750000e-07
1.80000068e+00,7.53850000e-07
1.80000028e+00,7.53950000e-07
1.80000069e+00,7.54050000e-07
1.80000029e+00,7.54150000e-07
1.80000069e+00,7.54250000e-07
1.80000029e+00,7.54350000e-07
1.80000070e+00,7.54450000e-07
1.80000029e+00,7.54550000e-07
1.80000070e+00,7.54650000e-07
1.80000029e+00,7.54750000e-07
1.80000070e+00,7.54850000e-07
1.80000030e+00,7.54950000e-07
1.80000071e+00,7.55050000e-07
1.80000030e+00,7.55150000e-07
1.80000071e+00,7.55250000e-07
1.80000030e+00,7.55350000e-07
1.80000071e+00,7.55450000e-07
1.80000030e+00,7.55550000e-07
1.80000072e+00,7.55650000e-07
1.80000031e+00,7.55750000e-07
1.80000072e+00,7.55850000e-07
1.80000031e+00,7.55950000e-07
1.80000072e+00,7.56050000e-07
1.80000031e+00,7.56150000e-07
1.80000073e+00,7.56250000e-07
1.80000032e+00,7.56350000e-07
1.80000073e+00,7.56450000e-07
1.80000032e+00,7.56550000e-07
1.80000073e+00,7.56650000e-07
1.80000032e+00,7.56750000e-07
1.80000074e+00,7.56850000e-07
1.80000032e+00,7.56950000e-07
1.80000074e+00,7.57050000e-07
1.80000033e+00,7.57150000e-07
1.80000075e+00,7.57250000e-07
1.80000033e+00,7.57350000e-07
1.80000075e+00,7.57450000e-07
1.80000033e+00,7.57550000e-07
1.80000075e+00,7.57650000e-07
1.80000034e+00,7.57750000e-07
1.80000076e+00,7.57850000e-07
1.80000034e+00,7.57950000e-07
1.80000076e+00,7.58050000e-07
1.80000034e+00,7.58150000e-07
1.80000076e+00,7.58250000e-07
1.80000034e+00,7.58350000e-07
1.80000077e+00,7.58450000e-07
1.80000035e+00,7.58550000e-07
1.80000077e+00,7.58650000e-07
1.80000035e+00,7.58750000e-07
1.80000077e+00,7.58850000e-07
1.80000035e+00,7.58950000e-07
1.80000078e+00,7.59050000e-07
1.80000036e+00,7.59150000e-07
1.80000078e+00,7.59250000e-07
1.80000036e+00,7.59350000e-07
1.80000079e+00,7.59450000e-07
1.80000036e+00,7.59550000e-07
1.80000079e+00,7.59650000e-07
1.80000036e+00,7.59750000e-07
1.80000079e+00,7.59850000e-07
1.80000037e+00,7.59950000e-07
1.80000080e+00,7.60050000e-07
1.80000037e+00,7.60150000e-07
1.80000080e+00,7.60250000e-07
1.80000037e+00,7.60350000e-07
1.80000080e+00,7.60450000e-07
1.80000038e+00,7.60550000e-07
1.80000081e+00,7.60650000e-07
1.80000038e+00,7.60750000e-07
1.80000081e+00,7.60850000e-07
1.80000038e+00,7.60950000e-07
1.80000082e+00,7.61050000e-07
1.80000039e+00,7.61150000e-07
1.80000082e+00,7.61250000e-07
1.80000039e+00,7.61350000e-07
1.80000082e+00,7.61450000e-07
1.80000039e+00,7.61550000e-07
1.80000083e+00,7.61650000e-07
1.80000039e+00,7.61750000e-07
1.80000083e+00,7.61850000e-07
1.80000040e+00,7.61950000e-07
1.80000084e+00,7.62050000e-07
1.80000040e+00,7.62150000e-07
1.80000084e+00,7.62250000e-07
1.80000040e+00,7.62350000e-07
1.80000084e+00,7.62450000e-07
1.80000041e+00,7.62550000e-07
1.80000085e+00,7.62650000e-07
1.80000041e+00,7.62750000e-07
1.80000085e+00,7.62850000e-07
1.80000041e+00,7.62950000e-07
1.80000085e+00,7.63050000e-07
1.80000042e+00,7.63150000e-07
1.80000086e+00,7.63250000e-07
1.80000042e+00,7.63350000e-07
1.80000086e+00,7.63450000e-07
1.80000042e+00,7.63550000e-07
1.80000087e+00,7.63650000e-07
1.80000043e+00,7.63750000e-07
1.80000087e+00,7.63850000e-07
1.80000043e+00,7.63950000e-07
1.80000087e+00,7.64050000e-07
1.80000043e+00,7.64150000e-07
1.80000088e+00,7.64250000e-07
1.80000044e+00,7.64350000e-07
1.80000088e+00,7.64450000e-07
1.80000044e+00,7.64550000e-07
1.80000089e+00,7.64650000e-07
1.80000044e+00,7.64750000e-07
1.80000089e+00,7.64850000e-07
1.80000045e+00,7.64950000e-07
1.80000089e+00,7.65050000e-07
1.80000045e+00,7.65150000e-07
1.80000090e+00,7.65250000e-07
1.80000045e+00,7.65350000e-07
1.80000090e+00,7.65450000e-07
1.80000046e+00,7.65550000e-07
1.80000091e+00,7.65650000e-07
1.80000046e+00,7.65750000e-07
1.80000091e+00,7.65850000e-07
1.80000046e+00,7.65950000e-07
1.80000092e+00,7.66050000e-07
1.80000047e+00,7.66150000e-07
1.80000092e+00,7.66250000e-07
1.80000047e+00,7.66350000e-07
1.80000092e+00,7.66450000e-07
1.80000047e+00,7.66550000e-07
1.80000093e+00,7.66650000e-07
1.80000048e+00,7.66750000e-07
1.80000093e+00,7.66850000e-07
1.80000048e+00,7.66950000e-07
1.80000094e+00,7.67050000e-07
1.80000048e+00,7.67150000e-07
1.80000094e+00,7.67250000e-07
1.80000049e+00,7.67350000e-07
1.80000094e+00,7.67450000e-07
1.80000049e+00,7.67550000e-07
1.80000095e+00,7.67650000e-07
1.80000049e+00,7.67750000e-07
1.80000095e+00,7.67850000e-07
1.80000050e+00,7.67950000e-07
1.80000096e+00,7.68050000e-07
1.80000050e+00,7.68150000e-07
1.80000096e+00,7.68250000e-07
1.80000050e+00,7.68350000e-07
1.80000097e+00,7.68450000e-07
1.80000051e+00,7.68550000e-07
1.80000097e+00,7.68650000e-07
1.80000051e+00,7.68750000e-07
1.80000097e+00,7.68850000e-07
1.80000051e+00,7.68950000e-07
1.80000098e+00,7.69050000e-07
1.80000052e+00,7.69150000e-07
1.80000098e+00,7.69250000e-07
1.80000052e+00,7.69350000e-07
1.80000099e+00,7.69450000e-07
1.80000052e+00,7.69550000e-07
1.80000099e+00,7.69650000e-07
1.80000053e+00,7.69750000e-07
1.80000100e+00,7.69850000e-07
1.80000053e+00,7.69950000e-07
1.80000100e+00,7.70050000e-07
1.80000053e+00,7.70150000e-07
1.80000100e+00,7.70250000e-07
1.80000054e+00,7.70350000e-07
1.80000101e+00,7.70450000e-07
1.80000054e+00,7.70550000e-07
1.80000101e+00,7.70650000e-07
1.80000055e+00,7.70750000e-07
1.80000102e+00,7.70850000e-07
1.80000055e+00,7.70950000e-07
1.80000102e+00,7.71050000e-07
1.80000055e+00,7.71150000e-07
1.80000103e+00,7.71250000e-07
1.80000056e+00,7.71350000e-07
1.80000103e+00,7.71450000e-07
1.80000056e+00,7.71550000e-07
1.80000103e+00,7.71650000e-07
1.80000056e+00,7.71750000e-07
1.80000104e+00,7.71850000e-07
1.80000057e+00,7.71950000e-07
1.80000104e+00,7.72050000e-07
1.80000057e+00,7.72150000e-07
1.80000105e+00,7.72250000e-07
1.80000058e+00,7.72350000e-07
1.80000105e+00,7.72450000e-07
1.80000058e+00,7.72550000e-07
1.80000106e+00,7.72650000e-07
1.80000058e+00,7.72750000e-07
1.80000106e+00,7.72850000e-07
1.80000059e+00,7.72950000e-07
1.80000107e+00,7.73050000e-07
1.80000059e+00,7.73150000e-07
1.80000107e+00,7.73250000e-07
1.80000059e+00,7.73350000e-07
1.80000108e+00,7.73450000e-07
1.80000060e+00,7.73550000e-07
1.80000108e+00,7.73650000e-07
1.80000060e+00,7.73750000e-07
1.80000108e+00,7.73850000e-07
1.80000061e+00,7.73950000e-07
1.80000109e+00,7.74050000e-07
1.80000061e+00,7.74150000e-07
1.80000109e+00,7.74250000e-07
1.80000061e+00,7.74350000e-07
1.80000110e+00,7.74450000e-07
1.80000062e+00,7.74550000e-07
1.80000110e+00,7.74650000e-07
1.80000062e+00,7.74750000e-07
1.80000111e+00,7.74850000e-07
1.80000062e+00,7.74950000e-07
1.80000111e+00,7.75050000e-07
1.80000063e+00,7.75150000e-07
1.80000112e+00,7.75250000e-07
1.80000063e+00,7.75350000e-07
1.80000112e+00,7.75450000e-07
1.80000064e+00,7.75550000e-07
1.80000113e+00,7.75650000e-07
1.80000064e+00,7.75750000e-07
1.80000113e+00,7.75850000e-07
1.80000064e+00,7.75950000e-07
1.80000114e+00,7.76050000e-07
1.80000065e+00,7.76150000e-07
1.80000114e+00,7.76250000e-07
1.80000065e+00,7.76350000e-07
1.80000114e+00,7.76450000e-07
1.80000066e+00,7.76550000e-07
1.80000115e+00,7.76650000e-07
1.80000066e+00,7.76750000e-07
1.80000115e+00,7.76850000e-07
1.80000066e+00,7.76950000e-07
1.80000116e+00,7.77050000e-07
1.80000067e+00,7.77150000e-07
1.80000116e+00,7.77250000e-07
1.80000067e+00,7.77350000e-07
1.80000117e+00,7.77450000e-07
1.80000068e+00,7.77550000e-07
1.80000117e+00,7.77650000e-07
1.80000068e+00,7.77750000e-07
1.80000118e+00,7.77850000e-07
1.80000069e+00,7.77950000e-07
1.80000118e+00,7.78050000e-07
1.80000069e+00,7.78150000e-07
1.80000119e+00,7.78250000e-07
1.80000069e+00,7.78350000e-07
1.80000119e+00,7.78450000e-07
1.80000070e+00,7.78550000e-07
1.80000120e+00,7.78650000e-07
1.80000070e+00,7.78750000e-07
1.80000120e+00,7.78850000e-07
1.80000071e+00,7.78950000e-07
1.80000121e+00,7.79050000e-07
1.80000071e+00,7.79150000e-07
1.80000121e+00,7.79250000e-07
1.80000071e+00,7.79350000e-07
1.80000122e+00,7.79450000e-07
1.80000072e+00,7.79550000e-07
1.80000122e+00,7.79650000e-07
1.80000072e+00,7.79750000e-07
1.80000123e+00,7.79850000e-07
1.80000073e+00,7.79950000e-07
1.80000123e+00,7.80050000e-07
1.80000073e+00,7.80150000e-07
1.80000124e+00,7.80250000e-07
1.80000074e+00,7.80350000e-07
1.80000124e+00,7.80450000e-07
1.80000074e+00,7.80550000e-07
1.80000125e+00,7.80650000e-07
1.80000075e+00,7.80750000e-07
1.80000125e+00,7.80850000e-07
1.80000075e+00,7.80950000e-07
1.80000126e+00,7.81050000e-07
1.80000075e+00,7.81150000e-07
1.80000126e+00,7.81250000e-07
1.80000076e+00,7.81350000e-07
1.80000127e+00,7.81450000e-07
1.80000076e+00,7.81550000e-07
1.80000127e+00,7.81650000e-07
1.80000077e+00,7.81750000e-07
1.80000128e+00,7.81850000e-07
1.80000077e+00,7.81950000e-07
1.80000128e+00,7.82050000e-07
1.80000078e+00,7.82150000e-07
1.80000129e+00,7.82250000e-07
1.80000078e+00,7.82350000e-07
1.80000129e+00,7.82450000e-07
1.80000079e+00,7.82550000e-07
1.80000130e+00,7.82650000e-07
1.80000079e+00,7.82750000e-07
1.80000130e+00,7.82850000e-07
1.80000079e+00,7.82950000e-07
1.80000131e+00,7.83050000e-07
1.80000080e+00,7.83150000e-07
1.80000131e+00,7.83250000e-07
1.80000080e+00,7.83350000e-07
1.80000132e+00,7.83450000e-07
1.80000081e+00,7.83550000e-07
1.80000133e+00,7.83650000e-07
1.80000081e+00,7.83750000e-07
1.80000133e+00,7.83850000e-07
1.80000082e+00,7.83950000e-07
1.80000134e+00,7.84050000e-07
1.80000082e+00,7.84150000e-07
1.80000134e+00,7.84250000e-07
1.80000083e+00,7.84350000e-07
1.80000135e+00,7.84450000e-07
1.80000083e+00,7.84550000e-07
1.80000135e+00,7.84650000e-07
1.80000084e+00,7.84750000e-07
1.80000136e+00,7.84850000e-07
1.80000084e+00,7.84950000e-07
1.80000136e+00,7.85050000e-07
1.80000085e+00,7.85150000e-07
1.80000137e+00,7.85250000e-07
1.80000085e+00,7.85350000e-07
1.80000137e+00,7.85450000e-07
1.80000085e+00,7.85550000e-07
1.80000138e+00,7.85650000e-07
1.80000086e+00,7.85750000e-07
1.80000138e+00,7.85850000e-07
1.80000086e+00,7.85950000e-07
1.80000139e+00,7.86050000e-07
1.80000087e+00,7.86150000e-07
1.80000140e+00,7.86250000e-07
1.80000087e+00,7.86350000e-07
1.80000140e+00,7.86450000e-07
1.80000088e+00,7.86550000e-07
1.80000141e+00,7.86650000e-07
1.80000088e+00,7.86750000e-07
1.80000141e+00,7.86850000e-07
1.80000089e+00,7.86950000e-07
1.80000142e+00,7.87050000e-07
1.80000089e+00,7.87150000e-07
1.80000142e+00,7.87250000e-07
1.80000090e+00,7.87350000e-07
1.80000143e+00,7.87450000e-07
1.80000090e+00,7.87550000e-07
1.80000143e+00,7.87650000e-07
1.80000091e+00,7.87750000e-07
1.80000144e+00,7.87850000e-07
1.80000091e+00,7.87950000e-07
1.80000145e+00,7.88050000e-07
1.80000092e+00,7.88150000e-07
1.80000145e+00,7.88250000e-07
1.80000092e+00,7.88350000e-07
1.80000146e+00,7.88450000e-07
1.80000093e+00,7.88550000e-07
1.80000146e+00,7.88650000e-07
1.80000093e+00,7.88750000e-07
1.80000147e+00,7.88850000e-07
1.80000094e+00,7.88950000e-07
1.80000148e+00,7.89050000e-07
1.80000094e+00,7.89150000e-07
1.80000148e+00,7.89250000e-07
1.80000095e+00,7.89350000e-07
1.80000149e+00,7.89450000e-07
1.80000095e+00,7.89550000e-07
1.80000149e+00,7.89650000e-07
1.80000096e+00,7.89750000e-07
1.80000150e+00,7.89850000e-07
1.80000097e+00,7.89950000e-07
1.80000150e+00,7.90050000e-07
1.80000097e+00,7.90150000e-07
1.80000151e+00,7.90250000e-07
1.80000098e+00,7.90350000e-07
1.80000152e+00,7.90450000e-07
1.80000098e+00,7.90550000e-07
1.80000152e+00,7.90650000e-07
1.80000099e+00,7.90750000e-07
1.80000153e+00,7.90850000e-07
1.80000099e+00,7.90950000e-07
1.80000153e+00,7.91050000e-07
1.80000100e+00,7.91150000e-07
1.80000154e+00,7.91250000e-07
1.80000100e+00,7.91350000e-07
1.80000155e+00,7.91450000e-07
1.80000101e+00,7.91550000e-07
1.80000155e+00,7.91650000e-07
1.80000101e+00,7.91750000e-07
1.80000156e+00,7.91850000e-07
1.80000102e+00,7.91950000e-07
1.80000156e+00,7.92050000e-07
1.80000102e+00,7.92150000e-07
1.80000157e+00,7.92250000e-07
1.80000103e+00,7.92350000e-07
1.80000158e+00,7.92450000e-07
1.80000104e+00,7.92550000e-07
1.80000158e+00,7.92650000e-07
1.80000104e+00,7.92750000e-07
1.80000159e+00,7.92850000e-07
1.80000105e+00,7.92950000e-07
1.80000160e+00,7.93050000e-07
1.80000105e+00,7.93150000e-07
1.80000160e+00,7.93250000e-07
1.80000106e+00,7.93350000e-07
1.80000161e+00,7.93450000e-07
1.80000106e+00,7.93550000e-07
1.80000161e+00,7.93650000e-07
1.80000107e+00,7.93750000e-07
1.80000162e+00,7.93850000e-07
1.80000108e+00,7.93950000e-07
1.80000163e+00,7.94050000e-07
1.80000108e+00,7.94150000e-07
1.80000163e+00,7.94250000e-07
1.80000109e+00,7.94350000e-07
1.80000164e+00,7.94450000e-07
1.80000109e+00,7.94550000e-07
1.80000165e+00,7.94650000e-07
1.80000110e+00,7.94750000e-07
1.80000165e+00,7.94850000e-07
1.80000110e+00,7.94950000e-07
1.80000166e+00,7.95050000e-07
1.80000111e+00,7.95150000e-07
1.80000167e+00,7.95250000e-07
1.80000112e+00,7.95350000e-07
1.80000167e+00,7.95450000e-07
1.80000112e+00,7.95550000e-07
1.80000168e+00,7.95650000e-07
1.80000113e+00,7.95750000e-07
1.80000169e+00,7.95850000e-07
1.80000113e+00,7.95950000e-07
1.80000169e+00,7.96050000e-07
1.80000114e+00,7.96150000e-07
1.80000170e+00,7.96250000e-07
1.80000115e+00,7.96350000e-07
1.80000171e+00,7.96450000e-07
1.80000115e+00,7.96550000e-07
1.80000171e+00,7.96650000e-07
1.80000116e+00,7.96750000e-07
1.80000172e+00,7.96850000e-07
1.80000116e+00,7.96950000e-07
1.80000173e+00,7.97050000e-07
1.80000117e+00,7.97150000e-07
1.80000173e+00,7.97250000e-07
1.80000118e+00,7.97350000e-07
1.80000174e+00,7.97450000e-07
1.80000118e+00,7.97550000e-07
1.80000175e+00,7.97650000e-07
1.80000119e+00,7.97750000e-07
1.80000175e+00,7.97850000e-07
1.80000120e+00,7.97950000e-07
1.80000176e+00,7.98050000e-07
1.80000120e+00,7.98150000e-07
1.80000177e+00,7.98250000e-07
1.80000121e+00,7.98350000e-07
1.80000177e+00,7.98450000e-07
1.80000121e+00,7.98550000e-07
1.80000178e+00,7.98650000e-07
1.80000122e+00,7.98750000e-07
1.80000179e+00,7.98850000e-07
1.80000123e+00,7.98950000e-07
1.80000180e+00,7.99050000e-07
1.80000123e+00,7.99150000e-07
1.80000180e+00,7.99250000e-07
1.80000124e+00,7.99350000e-07
1.80000181e+00,7.99450000e-07
1.80000125e+00,7.99550000e-07
1.80000182e+00,7.99650000e-07
1.80000125e+00,7.99750000e-07
1.80000182e+00,7.99850000e-07
1.80000126e+00,7.99950000e-07
1.80000183e+00,8.00050000e-07
1.80000127e+00,8.00150000e-07
1.80000184e+00,8.00250000e-07
1.80000127e+00,8.00350000e-07
1.80000185e+00,8.00450000e-07
1.80000128e+00,8.00550000e-07
1.80000185e+00,8.00650000e-07
1.80000129e+00,8.00750000e-07
1.80000186e+00,8.00850000e-07
1.80000129e+00,8.00950000e-07
1.80000187e+00,8.01050000e-07
1.80000130e+00,8.01150000e-07
1.80000188e+00,8.01250000e-07
1.80000131e+00,8.01350000e-07
1.80000188e+00,8.01450000e-07
1.80000131e+00,8.01550000e-07
1.80000189e+00,8.01650000e-07
1.80000132e+00,8.01750000e-07
1.80000190e+00,8.01850000e-07
1.80000133e+00,8.01950000e-07
1.80000191e+00,8.02050000e-07
1.80000133e+00,8.02150000e-07
1.80000191e+00,8.02250000e-07
1.80000134e+00,8.02350000e-07
1.80000192e+00,8.02450000e-07
1.80000135e+00,8.02550000e-07
1.80000193e+00,8.02650000e-07
1.80000136e+00,8.02750000e-07
1.80000194e+00,8.02850000e-07
1.80000136e+00,8.02950000e-07
1.80000194e+00,8.03050000e-07
1.80000137e+00,8.03150000e-07
1.80000195e+00,8.03250000e-07
1.80000138e+00,8.03350000e-07
1.80000196e+00,8.03450000e-07
1.80000138e+00,8.03550000e-07
1.80000197e+00,8.03650000e-07
1.80000139e+00,8.03750000e-07
1.80000197e+00,8.03850000e-07
1.80000140e+00,8.03950000e-07
1.80000198e+00,8.04050000e-07
1.80000141e+00,8.04150000e-07
1.80000199e+00,8.04250000e-07
1.80000141e+00,8.04350000e-07
1.80000200e+00,8.04450000e-07
1.80000142e+00,8.04550000e-07
1.80000201e+00,8.04650000e-07
1.80000143e+00,8.04750000e-07
1.80000201e+00,8.04850000e-07
1.80000144e+00,8.04950000e-07
1.80000202e+00,8.05050000e-07
1.80000144e+00,8.05150000e-07
1.80000203e+00,8.05250000e-07
1.80000145e+00,8.05350000e-07
1.80000204e+00,8.05450000e-07
1.80000146e+00,8.05550000e-07
1.80000205e+00,8.05650000e-07
1.80000147e+00,8.05750000e-07
1.80000206e+00,8.05850000e-07
1.80000147e+00,8.05950000e-07
1.80000206e+00,8.06050000e-07
1.80000148e+00,8.06150000e-07
1.80000207e+00,8.06250000e-07
1.80000149e+00,8.06350000e-07
1.80000208e+00,8.06450000e-07
1.80000150e+00,8.06550000e-07
1.80000209e+00,8.06650000e-07
1.80000151e+00,8.06750000e-07
1.80000210e+00,8.06850000e-07
1.80000151e+00,8.06950000e-07
1.80000211e+00,8.07050000e-07
1.80000152e+00,8.07150000e-07
1.80000211e+00,8.07250000e-07
1.80000153e+00,8.07350000e-07
1.80000212e+00,8.07450000e-07
1.80000154e+00,8.07550000e-07
1.80000213e+00,8.07650000e-07
1.80000155e+00,8.07750000e-07
1.80000214e+00,8.07850000e-07
1.80000155e+00,8.07950000e-07
1.80000215e+00,8.08050000e-07
1.80000156e+00,8.08150000e-07
1.80000216e+00,8.08250000e-07
1.80000157e+00,8.08350000e-07
1.80000217e+00,8.08450000e-07
1.80000158e+00,8.08550000e-07
1.80000218e+00,8.08650000e-07
1.80000159e+00,8.08750000e-07
1.80000219e+00,8.08850000e-07
1.80000159e+00,8.08950000e-07
1.80000219e+00,8.09050000e-07
1.80000160e+00,8.09150000e-07
1.80000220e+00,8.09250000e-07
1.80000161e+00,8.09350000e-07
1.80000221e+00,8.09450000e-07
1.80000162e+00,8.09550000e-07
1.80000222e+00,8.09650000e-07
1.80000163e+00,8.09750000e-07
1.80000223e+00,8.09850000e-07
1.80000164e+00,8.09950000e-07
1.80000224e+00,8.10050000e-07
1.80000165e+00,8.10150000e-07
1.80000225e+00,8.10250000e-07
1.80000165e+00,8.10350000e-07
1.80000226e+00,8.10450000e-07
1.80000166e+00,8.10550000e-07
1.80000227e+00,8.10650000e-07
1.80000167e+00,8.10750000e-07
1.80000228e+00,8.10850000e-07
1.80000168e+00,8.10950000e-07
1.80000229e+00,8.11050000e-07
1.80000169e+00,8.11150000e-07
1.80000230e+00,8.11250000e-07
1.80000170e+00,8.11350000e-07
1.80000231e+00,8.11450000e-07
1.80000171e+00,8.11550000e-07
1.80000232e+00,8.11650000e-07
1.80000172e+00,8.11750000e-07
1.80000233e+00,8.11850000e-07
1.80000173e+00,8.11950000e-07
1.80000234e+00,8.12050000e-07
1.80000174e+00,8.12150000e-07
1.80000235e+00,8.12250000e-07
1.80000175e+00,8.12350000e-07
1.80000236e+00,8.12450000e-07
1.80000175e+00,8.12550000e-07
1.80000237e+00,8.12650000e-07
1.80000176e+00,8.12750000e-07
1.80000238e+00,8.12850000e-07
1.80000177e+00,8.12950000e-07
1.80000239e+00,8.13050000e-07
1.80000178e+00,8.13150000e-07
1.80000240e+00,8.13250000e-07
1.80000179e+00,8.13350000e-07
1.80000241e+00,8.13450000e-07
1.80000180e+00,8.13550000e-07
1.80000242e+00,8.13650000e-07
1.80000181e+00,8.13750000e-07
1.80000243e+00,8.13850000e-07
1.80000182e+00,8.13950000e-07
1.80000244e+00,8.14050000e-07
1.80000183e+00,8.14150000e-07
1.80000245e+00,8.14250000e-07
1.80000184e+00,8.14350000e-07
1.80000246e+00,8.14450000e-07
1.80000185e+00,8.14550000e-07
1.80000247e+00,8.14650000e-07
1.80000186e+00,8.14750000e-07
1.80000248e+00,8.14850000e-07
1.80000187e+00,8.14950000e-07
1.80000249e+00,8.15050000e-07
1.80000188e+00,8.15150000e-07
1.80000250e+00,8.15250000e-07
1.80000189e+00,8.15350000e-07
1.80000251e+00,8.15450000e-07
1.80000190e+00,8.15550000e-07
1.80000252e+00,8.15650000e-07
1.80000191e+00,8.15750000e-07
1.80000253e+00,8.15850000e-07
1.80000192e+00,8.15950000e-07
1.80000254e+00,8.16050000e-07
1.80000193e+00,8.16150000e-07
1.80000256e+00,8.16250000e-07
1.80000194e+00,8.16350000e-07
1.80000257e+00,8.16450000e-07
1.80000196e+00,8.16550000e-07
1.80000258e+00,8.16650000e-07
1.80000197e+00,8.16750000e-07
1.80000259e+00,8.16850000e-07
1.80000198e+00,8.16950000e-07
1.80000260e+00,8.17050000e-07
1.80000199e+00,8.17150000e-07
1.80000261e+00,8.17250000e-07
1.80000200e+00,8.17350000e-07
1.80000262e+00,8.17450000e-07
1.80000201e+00,8.17550000e-07
1.80000264e+00,8.17650000e-07
1.80000202e+00,8.17750000e-07
1.80000265e+00,8.17850000e-07
1.80000203e+00,8.17950000e-07
1.80000266e+00,8.18050000e-07
1.80000204e+00,8.18150000e-07
1.80000267e+00,8.18250000e-07
1.80000205e+00,8.18350000e-07
1.80000268e+00,8.18450000e-07
1.80000207e+00,8.18550000e-07
1.80000269e+00,8.18650000e-07
1.80000208e+00,8.18750000e-07
1.80000271e+00,8.18850000e-07
1.80000209e+00,8.18950000e-07
1.80000272e+00,8.19050000e-07
1.80000210e+00,8.19150000e-07
1.80000273e+00,8.19250000e-07
1.80000211e+00,8.19350000e-07
1.80000274e+00,8.19450000e-07
1.80000212e+00,8.19550000e-07
1.80000276e+00,8.19650000e-07
1.80000214e+00,8.19750000e-07
1.80000277e+00,8.19850000e-07
1.80000215e+00,8.19950000e-07
1.80000278e+00,8.20050000e-07
1.80000216e+00,8.20150000e-07
1.80000279e+00,8.20250000e-07
1.80000217e+00,8.20350000e-07
1.80000281e+00,8.20450000e-07
1.80000219e+00,8.20550000e-07
1.80000282e+00,8.20650000e-07
1.80000220e+00,8.20750000e-07
1.80000283e+00,8.20850000e-07
1.80000221e+00,8.20950000e-07
1.80000285e+00,8.21050000e-07
1.80000222e+00,8.21150000e-07
1.80000286e+00,8.21250000e-07
1.80000224e+00,8.21350000e-07
1.80000287e+00,8.21450000e-07
1.80000225e+00,8.21550000e-07
1.80000289e+00,8.21650000e-07
1.80000226e+00,8.21750000e-07
1.80000290e+00,8.21850000e-07
1.80000227e+00,8.21950000e-07
1.80000291e+00,8.22050000e-07
1.80000229e+00,8.22150000e-07
1.80000293e+00,8.22250000e-07
1.80000230e+00,8.22350000e-07
1.80000294e+00,8.22450000e-07
1.80000231e+00,8.22550000e-07
1.80000295e+00,8.22650000e-07
1.80000233e+00,8.22750000e-07
1.80000297e+00,8.22850000e-07
1.80000234e+00,8.22950000e-07
1.80000298e+00,8.23050000e-07
1.80000235e+00,8.23150000e-07
1.80000300e+00,8.23250000e-07
1.80000237e+00,8.23350000e-07
1.80000301e+00,8.23450000e-07
1.80000238e+00,8.23550000e-07
1.80000303e+00,8.23650000e-07
1.80000240e+00,8.23750000e-07
1.80000304e+00,8.23850000e-07
1.80000241e+00,8.23950000e-07
1.80000306e+00,8.24050000e-07
1.80000242e+00,8.24150000e-07
1.80000307e+00,8.24250000e-07
1.80000244e+00,8.24350000e-07
1.80000308e+00,8.24450000e-07
1.80000245e+00,8.24550000e-07
1.80000310e+00,8.24650000e-07
1.80000247e+00,8.24750000e-07
1.80000311e+00,8.24850000e-07
1.80000248e+00,8.24950000e-07
1.80000313e+00,8.25050000e-07
1.80000250e+00,8.25150000e-07
1.80000315e+00,8.25250000e-07
1.80000251e+00,8.25350000e-07
1.80000316e+00,8.25450000e-07
1.80000253e+00,8.25550000e-07
1.80000318e+00,8.25650000e-07
1.80000254e+00,8.25750000e-07
1.80000319e+00,8.25850000e-07
1.80000256e+00,8.25950000e-07
1.80000321e+00,8.26050000e-07
1.80000257e+00,8.26150000e-07
1.80000322e+00,8.26250000e-07
1.80000259e+00,8.26350000e-07
1.80000324e+00,8.26450000e-07
1.80000260e+00,8.26550000e-07
1.80000326e+00,8.26650000e-07
1.80000262e+00,8.26750000e-07
1.80000327e+00,8.26850000e-07
1.80000264e+00,8.26950000e-07
1.80000329e+00,8.27050000e-07
1.80000265e+00,8.27150000e-07
1.80000331e+00,8.27250000e-07
1.80000267e+00,8.27350000e-07
1.80000332e+00,8.27450000e-07
1.80000268e+00,8.27550000e-07
1.80000334e+00,8.27650000e-07
1.80000270e+00,8.27750000e-07
1.80000336e+00,8.27850000e-07
1.80000272e+00,8.27950000e-07
1.80000338e+00,8.28050000e-07
1.80000273e+00,8.28150000e-07
1.80000339e+00,8.28250000e-07
1.80000275e+00,8.28350000e-07
1.80000341e+00,8.28450000e-07
1.80000277e+00,8.28550000e-07
1.80000343e+00,8.28650000e-07
1.80000279e+00,8.28750000e-07
1.80000345e+00,8.28850000e-07
1.80000280e+00,8.28950000e-07
1.80000346e+00,8.29050000e-07
1.80000282e+00,8.29150000e-07
1.80000348e+00,8.29250000e-07
1.80000284e+00,8.29350000e-07
1.80000350e+00,8.29450000e-07
1.80000286e+00,8.29550000e-07
1.80000352e+00,8.29650000e-07
1.80000288e+00,8.29750000e-07
1.80000354e+00,8.29850000e-07
1.80000289e+00,8.29950000e-07
1.80000356e+00,8.30050000e-07
1.80000291e+00,8.30150000e-07
1.80000358e+00,8.30250000e-07
1.80000293e+00,8.30350000e-07
1.80000360e+00,8.30450000e-07
1.80000295e+00,8.30550000e-07
1.80000361e+00,8.30650000e-07
1.80000297e+00,8.30750000e-07
1.80000363e+00,8.30850000e-07
1.80000299e+00,8.30950000e-07
1.80000365e+00,8.31050000e-07
1.80000301e+00,8.31150000e-07
1.80000367e+00,8.31250000e-07
1.80000303e+00,8.31350000e-07
1.80000369e+00,8.31450000e-07
1.80000305e+00,8.31550000e-07
1.80000372e+00,8.31650000e-07
1.80000307e+00,8.31750000e-07
1.80000374e+00,8.31850000e-07
1.80000309e+00,8.31950000e-07
1.80000376e+00,8.32050000e-07
1.80000311e+00,8.32150000e-07
1.80000378e+00,8.32250000e-07
1.80000313e+00,8.32350000e-07
1.80000380e+00,8.32450000e-07
1.80000315e+00,8.32550000e-07
1.80000382e+00,8.32650000e-07
1.80000317e+00,8.32750000e-07
1.80000384e+00,8.32850000e-07
1.80000319e+00,8.32950000e-07
1.80000386e+00,8.33050000e-07
1.80000321e+00,8.33150000e-07
1.80000389e+00,8.33250000e-07
1.80000323e+00,8.33350000e-07
1.80000391e+00,8.33450000e-07
1.80000326e+00,8.33550000e-07
1.80000393e+00,8.33650000e-07
1.80000328e+00,8.33750000e-07
1.80000395e+00,8.33850000e-07
1.80000330e+00,8.33950000e-07
1.80000398e+00,8.34050000e-07
1.80000332e+00,8.34150000e-07
1.80000400e+00,8.34250000e-07
1.80000335e+00,8.34350000e-07
1.80000402e+00,8.34450000e-07
1.80000337e+00,8.34550000e-07
1.80000405e+00,8.34650000e-07
1.80000339e+00,8.34750000e-07
1.80000407e+00,8.34850000e-07
1.80000342e+00,8.34950000e-07
1.80000410e+00,8.35050000e-07
1.80000344e+00,8.35150000e-07
1.80000412e+00,8.35250000e-07
1.80000346e+00,8.35350000e-07
1.80000415e+00,8.35450000e-07
1.80000349e+00,8.35550000e-07
1.80000417e+00,8.35650000e-07
1.80000351e+00,8.35750000e-07
1.80000420e+00,8.35850000e-07
1.80000354e+00,8.35950000e-07
1.80000422e+00,8.36050000e-07
1.80000356e+00,8.36150000e-07
1.80000425e+00,8.36250000e-07
1.80000359e+00,8.36350000e-07
1.80000427e+00,8.36450000e-07
1.80000362e+00,8.36550000e-07
1.80000430e+00,8.36650000e-07
1.80000364e+00,8.36750000e-07
1.80000433e+00,8.36850000e-07
1.80000367e+00,8.36950000e-07
1.80000435e+00,8.37050000e-07
1.80000370e+00,8.37150000e-07
1.80000438e+00,8.37250000e-07
1.80000372e+00,8.37350000e-07
1.80000441e+00,8.37450000e-07
1.80000375e+00,8.37550000e-07
1.80000444e+00,8.37650000e-07
1.80000378e+00,8.37750000e-07
1.80000447e+00,8.37850000e-07
1.80000381e+00,8.37950000e-07
1.80000450e+00,8.38050000e-07
1.80000383e+00,8.38150000e-07
1.80000453e+00,8.38250000e-07
1.80000386e+00,8.38350000e-07
1.80000455e+00,8.38450000e-07
1.80000389e+00,8.38550000e-07
1.80000458e+00,8.38650000e-07
1.80000392e+00,8.38750000e-07
1.80000462e+00,8.38850000e-07
1.80000395e+00,8.38950000e-07
1.80000465e+00,8.39050000e-07
1.80000398e+00,8.39150000e-07
1.80000468e+00,8.39250000e-07
1.80000401e+00,8.39350000e-07
1.80000471e+00,8.39450000e-07
1.80000404e+00,8.39550000e-07
1.80000474e+00,8.39650000e-07
1.80000408e+00,8.39750000e-07
1.80000477e+00,8.39850000e-07
1.80000411e+00,8.39950000e-07
1.80000481e+00,8.40050000e-07
1.80000414e+00,8.40150000e-07
1.80000484e+00,8.40250000e-07
1.80000417e+00,8.40350000e-07
1.80000487e+00,8.40450000e-07
1.80000421e+00,8.40550000e-07
1.80000491e+00,8.40650000e-07
1.80000424e+00,8.40750000e-07
1.80000494e+00,8.40850000e-07
1.80000427e+00,8.40950000e-07
1.80000498e+00,8.41050000e-07
1.80000431e+00,8.41150000e-07
1.80000501e+00,8.41250000e-07
1.80000434e+00,8.41350000e-07
1.80000505e+00,8.41450000e-07
1.80000438e+00,8.41550000e-07
1.80000508e+00,8.41650000e-07
1.80000442e+00,8.41750000e-07
1.80000512e+00,8.41850000e-07
1.80000445e+00,8.41950000e-07
1.80000516e+00,8.42050000e-07
1.80000449e+00,8.42150000e-07
1.80000520e+00,8.42250000e-07
1.80000453e+00,8.42350000e-07
1.80000523e+00,8.42450000e-07
1.80000457e+00,8.42550000e-07
1.80000527e+00,8.42650000e-07
1.80000460e+00,8.42750000e-07
1.80000531e+00,8.42850000e-07
1.80000464e+00,8.42950000e-07
1.80000535e+00,8.43050000e-07
1.80000468e+00,8.43150000e-07
1.80000539e+00,8.43250000e-07
1.80000472e+00,8.43350000e-07
1.80000544e+00,8.43450000e-07
1.80000477e+00,8.43550000e-07
1.80000548e+00,8.43650000e-07
1.80000481e+00,8.43750000e-07
1.80000552e+00,8.43850000e-07
1.80000485e+00,8.43950000e-07
1.80000556e+00,8.44050000e-07
1.80000489e+00,8.44150000e-07
1.80000561e+00,8.44250000e-07
1.80000494e+00,8.44350000e-07
1.80000565e+00,8.44450000e-07
1.80000498e+00,8.44550000e-07
1.80000570e+00,8.44650000e-07
1.80000503e+00,8.44750000e-07
1.80000574e+00,8.44850000e-07
1.80000507e+00,8.44950000e-07
1.80000579e+00,8.45050000e-07
1.80000512e+00,8.45150000e-07
1.80000584e+00,8.45250000e-07
1.80000517e+00,8.45350000e-07
1.80000589e+00,8.45450000e-07
1.80000521e+00,8.45550000e-07
1.80000594e+00,8.45650000e-07
1.80000526e+00,8.45750000e-07
1.80000599e+00,8.45850000e-07
1.80000531e+00,8.45950000e-07
1.80000604e+00,8.46050000e-07
1.80000536e+00,8.46150000e-07
1.80000609e+00,8.46250000e-07
1.80000542e+00,8.46350000e-07
1.80000614e+00,8.46450000e-07
1.80000547e+00,8.46550000e-07
1.80000619e+00,8.46650000e-07
1.80000552e+00,8.46750000e-07
1.80000625e+00,8.46850000e-07
1.80000558e+00,8.46950000e-07
1.80000630e+00,8.47050000e-07
1.80000563e+00,8.47150000e-07
1.80000636e+00,8.47250000e-07
1.80000569e+00,8.47350000e-07
1.80000642e+00,8.47450000e-07
1.80000574e+00,8.47550000e-07
1.80000647e+00,8.47650000e-07
1.80000580e+00,8.47750000e-07
1.80000653e+00,8.47850000e-07
1.80000586e+00,8.47950000e-07
1.80000659e+00,8.48050000e-07
1.80000592e+00,8.48150000e-07
1.80000666e+00,8.48250000e-07
1.80000598e+00,8.48350000e-07
1.80000672e+00,8.48450000e-07
1.80000605e+00,8.48550000e-07
1.80000678e+00,8.48650000e-07
1.80000611e+00,8.48750000e-07
1.80000685e+00,8.48850000e-07
1.80000617e+00,8.48950000e-07
1.80000691e+00,8.49050000e-07
1.80000624e+00,8.49150000e-07
1.80000698e+00,8.49250000e-07
1.80000631e+00,8.49350000e-07
1.80000705e+00,8.49450000e-07
1.80000638e+00,8.49550000e-07
1.80000712e+00,8.49650000e-07
1.80000645e+00,8.49750000e-07
1.80000719e+00,8.49850000e-07
1.80000652e+00,8.49950000e-07
1.80000726e+00,8.50050000e-07
1.80000659e+00,8.50150000e-07
1.80000734e+00,8.50250000e-07
1.80000667e+00,8.50350000e-07
1.80000741e+00,8.50450000e-07
1.80000674e+00,8.50550000e-07
1.80000749e+00,8.50650000e-07
1.80000682e+00,8.50750000e-07
1.80000757e+00,8.50850000e-07
1.80000690e+00,8.50950000e-07
1.80000765e+00,8.51050000e-07
1.80000698e+00,8.51150000e-07
1.80000773e+00,8.51250000e-07
1.80000706e+00,8.51350000e-07
1.80000782e+00,8.51450000e-07
1.80000715e+00,8.51550000e-07
1.80000790e+00,8.51650000e-07
1.80000723e+00,8.51750000e-07
1.80000799e+00,8.51850000e-07
1.80000732e+00,8.51950000e-07
1.80000808e+00,8.52050000e-07
1.80000741e+00,8.52150000e-07
1.80000817e+00,8.52250000e-07
1.80000750e+00,8.52350000e-07
1.80000827e+00,8.52450000e-07
1.80000760e+00,8.52550000e-07
1.80000836e+00,8.52650000e-07
1.80000769e+00,8.52750000e-07
1.80000846e+00,8.52850000e-07
1.80000779e+00,8.52950000e-07
1.80000856e+00,8.53050000e-07
1.80000789e+00,8.53150000e-07
1.80000866e+00,8.53250000e-07
1.80000800e+00,8.53350000e-07
1.80000877e+00,8.53450000e-07
1.80000810e+00,8.53550000e-07
1.80000887e+00,8.53650000e-07
1.80000821e+00,8.53750000e-07
1.80000898e+00,8.53850000e-07
1.80000832e+00,8.53950000e-07
1.80000910e+00,8.54050000e-07
1.80000843e+00,8.54150000e-07
1.80000921e+00,8.54250000e-07
1.80000855e+00,8.54350000e-07
1.80000933e+00,8.54450000e-07
1.80000867e+00,8.54550000e-07
1.80000945e+00,8.54650000e-07
1.80000879e+00,8.54750000e-07
1.80000957e+00,8.54850000e-07
1.80000891e+00,8.54950000e-07
1.80000970e+00,8.55050000e-07
1.80000904e+00,8.55150000e-07
1.80000983e+00,8.55250000e-07
1.80000917e+00,8.55350000e-07
1.80000996e+00,8.55450000e-07
1.80000931e+00,8.55550000e-07
1.80001010e+00,8.55650000e-07
1.80000944e+00,8.55750000e-07
1.80001024e+00,8.55850000e-07
1.80000959e+00,8.55950000e-07
1.80001038e+00,8.56050000e-07
1.80000973e+00,8.56150000e-07
1.80001053e+00,8.56250000e-07
1.80000988e+00,8.56350000e-07
1.80001068e+00,8.56450000e-07
1.80001003e+00,8.56550000e-07
1.80001084e+00,8.56650000e-07
1.80001019e+00,8.56750000e-07
1.80001099e+00,8.56850000e-07
1.80001035e+00,8.56950000e-07
1.80001116e+00,8.57050000e-07
1.80001051e+00,8.57150000e-07
1.80001132e+00,8.57250000e-07
1.80001068e+00,8.57350000e-07
1.80001150e+00,8.57450000e-07
1.80001085e+00,8.57550000e-07
1.80001167e+00,8.57650000e-07
1.80001103e+00,8.57750000e-07
1.80001185e+00,8.57850000e-07
1.80001121e+00,8.57950000e-07
1.80001204e+00,8.58050000e-07
1.80001140e+00,8.58150000e-07
1.80001223e+00,8.58250000e-07
1.80001160e+00,8.58350000e-07
1.80001243e+00,8.58450000e-07
1.80001179e+00,8.58550000e-07
1.80001263e+00,8.58650000e-07
1.80001200e+00,8.58750000e-07
1.80001283e+00,8.58850000e-07
1.80001220e+00,8.58950000e-07
1.80001304e+00,8.59050000e-07
1.80001242e+00,8.59150000e-07
1.80001326e+00,8.59250000e-07
1.80001264e+00,8.59350000e-07
1.80001348e+00,8.59450000e-07
1.80001286e+00,8.59550000e-07
1.80001371e+00,8.59650000e-07
1.80001309e+00,8.59750000e-07
1.80001395e+00,8.59850000e-07
1.80001333e+00,8.59950000e-07
1.80001419e+00,8.60050000e-07
1.80001358e+00,8.60150000e-07
1.80001444e+00,8.60250000e-07
1.80001383e+00,8.60350000e-07
1.80001469e+00,8.60450000e-07
1.80001408e+00,8.60550000e-07
1.80001495e+00,8.60650000e-07
1.80001435e+00,8.60750000e-07
1.80001522e+00,8.60850000e-07
1.80001462e+00,8.60950000e-07
1.80001549e+00,8.61050000e-07
1.80001489e+00,8.61150000e-07
1.80001577e+00,8.61250000e-07
1.80001517e+00,8.61350000e-07
1.80001606e+00,8.61450000e-07
1.80001546e+00,8.61550000e-07
1.80001635e+00,8.61650000e-07
1.80001576e+00,8.61750000e-07
1.80001666e+00,8.61850000e-07
1.80001607e+00,8.61950000e-07
1.80001696e+00,8.62050000e-07
1.80001638e+00,8.62150000e-07
1.80001728e+00,8.62250000e-07
1.80001669e+00,8.62350000e-07
1.80001760e+00,8.62450000e-07
1.80001702e+00,8.62550000e-07
1.80001793e+00,8.62650000e-07
1.80001735e+00,8.62750000e-07
1.80001827e+00,8.62850000e-07
1.80001769e+00,8.62950000e-07
1.80001861e+00,8.63050000e-07
1.80001804e+00,8.63150000e-07
1.80001896e+00,8.63250000e-07
1.80001839e+00,8.63350000e-07
1.80001932e+00,8.63450000e-07
1.80001875e+00,8.63550000e-07
1.80001968e+00,8.63650000e-07
1.80001912e+00,8.63750000e-07
1.80002005e+00,8.63850000e-07
1.80001949e+00,8.63950000e-07
1.80002043e+00,8.64050000e-07
1.80001987e+00,8.64150000e-07
1.80002081e+00,8.64250000e-07
1.80002025e+00,8.64350000e-07
1.80002120e+00,8.64450000e-07
1.80002065e+00,8.64550000e-07
1.80002159e+00,8.64650000e-07
1.80002104e+00,8.64750000e-07
1.80002200e+00,8.64850000e-07
1.80002145e+00,8.64950000e-07
1.80002240e+00,8.65050000e-07
1.80002186e+00,8.65150000e-07
1.80002282e+00,8.65250000e-07
1.80002227e+00,8.65350000e-07
1.80002324e+00,8.65450000e-07
1.80002269e+00,8.65550000e-07
1.80002366e+00,8.65650000e-07
1.80002312e+00,8.65750000e-07
1.80002409e+00,8.65850000e-07
1.80002355e+00,8.65950000e-07
1.80002452e+00,8.66050000e-07
1.80002398e+00,8.66150000e-07
1.80002496e+00,8.66250000e-07
1.80002442e+00,8.66350000e-07
1.80002549e+00,8.66450000e-07
1.80002511e+00,8.66550000e-07
1.80002595e+00,8.66650000e-07
1.80002552e+00,8.66750000e-07
1.80002641e+00,8.66850000e-07
1.80002593e+00,8.66950000e-07
1.80002686e+00,8.67050000e-07
1.80002636e+00,8.67150000e-07
1.80002731e+00,8.67250000e-07
1.80002680e+00,8.67350000e-07
1.80002777e+00,8.67450000e-07
1.80002725e+00,8.67550000e-07
1.80002822e+00,8.67650000e-07
1.80002770e+00,8.67750000e-07
1.80002868e+00,8.67850000e-07
1.80002815e+00,8.67950000e-07
1.80002914e+00,8.68050000e-07
1.80002861e+00,8.68150000e-07
1.80002960e+00,8.68250000e-07
1.80002908e+00,8.68350000e-07
1.80003007e+00,8.68450000e-07
1.80002954e+00,8.68550000e-07
1.80003053e+00,8.68650000e-07
1.80003001e+00,8.68750000e-07
1.80003100e+00,8.68850000e-07
1.80003048e+00,8.68950000e-07
1.80003148e+00,8.69050000e-07
1.80003095e+00,8.69150000e-07
1.80003195e+00,8.69250000e-07
1.80003142e+00,8.69350000e-07
1.80003242e+00,8.69450000e-07
1.80003190e+00,8.69550000e-07
1.80003290e+00,8.69650000e-07
1.80003238e+00,8.69750000e-07
1.80003338e+00,8.69850000e-07
1.80003285e+00,8.69950000e-07
1.80003386e+00,8.70050000e-07
1.80003333e+00,8.70150000e-07
1.80003434e+00,8.70250000e-07
1.80003381e+00,8.70350000e-07
1.80003482e+00,8.70450000e-07
1.80003429e+00,8.70550000e-07
1.80003530e+00,8.70650000e-07
1.80003478e+00,8.70750000e-07
1.80003578e+00,8.70850000e-07
1.80003526e+00,8.70950000e-07
1.80003627e+00,8.71050000e-07
1.80003574e+00,8.71150000e-07
1.80003675e+00,8.71250000e-07
1.80003622e+00,8.71350000e-07
1.80003723e+00,8.71450000e-07
1.80003671e+00,8.71550000e-07
1.80003772e+00,8.71650000e-07
1.80003719e+00,8.71750000e-07
1.80003820e+00,8.71850000e-07
1.80003768e+00,8.71950000e-07
1.80003869e+00,8.72050000e-07
1.80003816e+00,8.72150000e-07
1.80003917e+00,8.72250000e-07
1.80003865e+00,8.72350000e-07
1.80003966e+00,8.72450000e-07
1.80003913e+00,8.72550000e-07
1.80004015e+00,8.72650000e-07
1.80003962e+00,8.72750000e-07
1.80004063e+00,8.72850000e-07
1.80004011e+00,8.72950000e-07
1.80004112e+00,8.73050000e-07
1.80004059e+00,8.73150000e-07
1.80004161e+00,8.73250000e-07
1.80004108e+00,8.73350000e-07
1.80004210e+00,8.73450000e-07
1.80004157e+00,8.73550000e-07
1.80004258e+00,8.73650000e-07
1.80004205e+00,8.73750000e-07
1.80004307e+00,8.73850000e-07
1.80004254e+00,8.73950000e-07
1.80004356e+00,8.74050000e-07
1.80004303e+00,8.74150000e-07
1.80004405e+00,8.74250000e-07
1.80004351e+00,8.74350000e-07
1.80004453e+00,8.74450000e-07
1.80004400e+00,8.74550000e-07
1.80004502e+00,8.74650000e-07
1.80004449e+00,8.74750000e-07
1.80004551e+00,8.74850000e-07
1.80004498e+00,8.74950000e-07
1.80004600e+00,8.75050000e-07
1.80004546e+00,8.75150000e-07
1.80004648e+00,8.75250000e-07
1.80004595e+00,8.75350000e-07
1.80004697e+00,8.75450000e-07
1.80004643e+00,8.75550000e-07
1.80004745e+00,8.75650000e-07
1.80004692e+00,8.75750000e-07
1.80004794e+00,8.75850000e-07
1.80004740e+00,8.75950000e-07
1.80004842e+00,8.76050000e-07
1.80004788e+00,8.76150000e-07
1.80004890e+00,8.76250000e-07
1.80004836e+00,8.76350000e-07
1.80004938e+00,8.76450000e-07
1.80004884e+00,8.76550000e-07
1.80004986e+00,8.76650000e-07
1.80004931e+00,8.76750000e-07
1.80005033e+00,8.76850000e-07
1.80004979e+00,8.76950000e-07
1.80005080e+00,8.77050000e-07
1.80005025e+00,8.77150000e-07
1.80005127e+00,8.77250000e-07
1.80005072e+00,8.77350000e-07
1.80005173e+00,8.77450000e-07
1.80005118e+00,8.77550000e-07
1.80005219e+00,8.77650000e-07
1.80005163e+00,8.77750000e-07
1.80005264e+00,8.77850000e-07
1.80005208e+00,8.77950000e-07
1.80005308e+00,8.78050000e-07
1.80005251e+00,8.78150000e-07
1.80005352e+00,8.78250000e-07
1.80005294e+00,8.78350000e-07
1.80005394e+00,8.78450000e-07
1.80005336e+00,8.78550000e-07
1.80005435e+00,8.78650000e-07
1.80005377e+00,8.78750000e-07
1.80005475e+00,8.78850000e-07
1.80005416e+00,8.78950000e-07
1.80005513e+00,8.79050000e-07
1.80005453e+00,8.79150000e-07
1.80005550e+00,8.79250000e-07
1.80005489e+00,8.79350000e-07
1.80005585e+00,8.79450000e-07
1.80005522e+00,8.79550000e-07
1.80005617e+00,8.79650000e-07
1.80005553e+00,8.79750000e-07
1.80005647e+00,8.79850000e-07
1.80005582e+00,8.79950000e-07
1.80005674e+00,8.80050000e-07
1.80005607e+00,8.80150000e-07
1.80005697e+00,8.80250000e-07
1.80005629e+00,8.80350000e-07
1.80005717e+00,8.80450000e-07
1.80005646e+00,8.80550000e-07
1.80005733e+00,8.80650000e-07
1.80005659e+00,8.80750000e-07
1.80005743e+00,8.80850000e-07
1.80005667e+00,8.80950000e-07
1.80005748e+00,8.81050000e-07
1.80005669e+00,8.81150000e-07
1.80005747e+00,8.81250000e-07
1.80005664e+00,8.81350000e-07
1.80005739e+00,8.81450000e-07
1.80005652e+00,8.81550000e-07
1.80005722e+00,8.81650000e-07
1.80005631e+00,8.81750000e-07
1.80005697e+00,8.81850000e-07
1.80005601e+00,8.81950000e-07
1.80005662e+00,8.82050000e-07
1.80005560e+00,8.82150000e-07
1.80005615e+00,8.82250000e-07
1.80005506e+00,8.82350000e-07
1.80005555e+00,8.82450000e-07
1.80005439e+00,8.82550000e-07
1.80005480e+00,8.82650000e-07
1.80005357e+00,8.82750000e-07
1.80005389e+00,8.82850000e-07
1.80005257e+00,8.82950000e-07
1.80005280e+00,8.83050000e-07
1.80005137e+00,8.83150000e-07
1.80005150e+00,8.83250000e-07
1.80004995e+00,8.83350000e-07
1.80004996e+00,8.83450000e-07
1.80004829e+00,8.83550000e-07
1.80004816e+00,8.83650000e-07
1.80004634e+00,8.83750000e-07
1.80004606e+00,8.83850000e-07
1.80004408e+00,8.83950000e-07
1.80004362e+00,8.84050000e-07
1.80004146e+00,8.84150000e-07
1.80004081e+00,8.84250000e-07
1.80003844e+00,8.84350000e-07
1.80003758e+00,8.84450000e-07
1.80003498e+00,8.84550000e-07
1.80003387e+00,8.84650000e-07
1.80003101e+00,8.84750000e-07
1.80002963e+00,8.84850000e-07
1.80002647e+00,8.84950000e-07
1.80002479e+00,8.85050000e-07
1.80002130e+00,8.85150000e-07
1.80001927e+00,8.85250000e-07
1.80001542e+00,8.85350000e-07
1.80001299e+00,8.85450000e-07
1.80000873e+00,8.85550000e-07
1.80000586e+00,8.85650000e-07
1.80000113e+00,8.85750000e-07
1.79999785e+00,8.85850000e-07
1.79999262e+00,8.85950000e-07
1.79998869e+00,8.86050000e-07
1.79998290e+00,8.86150000e-07
1.79997833e+00,8.86250000e-07
1.79997190e+00,8.86350000e-07
1.79996663e+00,8.86450000e-07
1.79995947e+00,8.86550000e-07
1.79995342e+00,8.86650000e-07
1.79994543e+00,8.86750000e-07
1.79993851e+00,8.86850000e-07
1.79992960e+00,8.86950000e-07
1.79992170e+00,8.87050000e-07
1.79991174e+00,8.87150000e-07
1.79990275e+00,8.87250000e-07
1.79989163e+00,8.87350000e-07
1.79988141e+00,8.87450000e-07
1.79986899e+00,8.87550000e-07
1.79985739e+00,8.87650000e-07
1.79984351e+00,8.87750000e-07
1.79983036e+00,8.87850000e-07
1.79981485e+00,8.87950000e-07
1.79979998e+00,8.88050000e-07
1.79978264e+00,8.88150000e-07
1.79976584e+00,8.88250000e-07
1.79974645e+00,8.88350000e-07
1.79972748e+00,8.88450000e-07
1.79970581e+00,8.88550000e-07
1.79968442e+00,8.88650000e-07
1.79966019e+00,8.88750000e-07
1.79963610e+00,8.88850000e-07
1.79960901e+00,8.88950000e-07
1.79958190e+00,8.89050000e-07
1.79955161e+00,8.89150000e-07
1.79952112e+00,8.89250000e-07
1.79948727e+00,8.89350000e-07
1.79945301e+00,8.89450000e-07
1.79941517e+00,8.89550000e-07
1.79937671e+00,8.89650000e-07
1.79933443e+00,8.89750000e-07
1.79929128e+00,8.89850000e-07
1.79924404e+00,8.89950000e-07
1.79919566e+00,8.90050000e-07
1.79914289e+00,8.90150000e-07
1.79908867e+00,8.90250000e-07
1.79902975e+00,8.90350000e-07
1.79896903e+00,8.90450000e-07
1.79890325e+00,8.90550000e-07
1.79883529e+00,8.90650000e-07
1.79876186e+00,8.90750000e-07
1.79868584e+00,8.90850000e-07
1.79860390e+00,8.90950000e-07
1.79851890e+00,8.91050000e-07
1.79842749e+00,8.91150000e-07
1.79833249e+00,8.91250000e-07
1.79823053e+00,8.91350000e-07
1.79812441e+00,8.91450000e-07
1.79801071e+00,8.91550000e-07
1.79789221e+00,8.91650000e-07
1.79776545e+00,8.91750000e-07
1.79763317e+00,8.91850000e-07
1.79749187e+00,8.91950000e-07
1.79734424e+00,8.92050000e-07
1.79718675e+00,8.92150000e-07
1.79702205e+00,8.92250000e-07
1.79684653e+00,8.92350000e-07
1.79666280e+00,8.92450000e-07
1.79646721e+00,8.92550000e-07
1.79626228e+00,8.92650000e-07
1.79604430e+00,8.92750000e-07
1.79581574e+00,8.92850000e-07
1.79557280e+00,8.92950000e-07
1.79531786e+00,8.93050000e-07
1.79504706e+00,8.93150000e-07
1.79476268e+00,8.93250000e-07
1.79446073e+00,8.93350000e-07
1.79414342e+00,8.93450000e-07
1.79380665e+00,8.93550000e-07
1.79345249e+00,8.93650000e-07
1.79307670e+00,8.93750000e-07
1.79268120e+00,8.93850000e-07
1.79226163e+00,8.93950000e-07
1.79181973e+00,8.94050000e-07
1.79135094e+00,8.94150000e-07
1.79085682e+00,8.94250000e-07
1.79033258e+00,8.94350000e-07
1.78977954e+00,8.94450000e-07
1.78919269e+00,8.94550000e-07
1.78857303e+00,8.94650000e-07
1.78791526e+00,8.94750000e-07
1.78722004e+00,8.94850000e-07
1.78648169e+00,8.94950000e-07
1.78570048e+00,8.95050000e-07
1.78487026e+00,8.95150000e-07
1.78399080e+00,8.95250000e-07
1.78305539e+00,8.95350000e-07
1.78206318e+00,8.95450000e-07
1.78100678e+00,8.95550000e-07
1.77988454e+00,8.95650000e-07
1.77868821e+00,8.95750000e-07
1.77741515e+00,8.95850000e-07
1.77605599e+00,8.95950000e-07
1.77460683e+00,8.96050000e-07
1.77305686e+00,8.96150000e-07
1.77140049e+00,8.96250000e-07
1.76962503e+00,8.96350000e-07
1.76772266e+00,8.96450000e-07
1.76567811e+00,8.96550000e-07
1.76348053e+00,8.96650000e-07
1.76111110e+00,8.96750000e-07
1.75855468e+00,8.96850000e-07
1.75578737e+00,8.96950000e-07
1.75278783e+00,8.97050000e-07
1.74952459e+00,8.97150000e-07
1.74596691e+00,8.97250000e-07
1.74207155e+00,8.97350000e-07
1.73779269e+00,8.97450000e-07
1.73306767e+00,8.97550000e-07
1.72782485e+00,8.97650000e-07
1.72196684e+00,8.97750000e-07
1.71537381e+00,8.97850000e-07
1.70787997e+00,8.97950000e-07
1.69926507e+00,8.98050000e-07
1.68921170e+00,8.98150000e-07
1.67726326e+00,8.98250000e-07
1.66272879e+00,8.98350000e-07
1.64457601e+00,8.98450000e-07
1.62136122e+00,8.98550000e-07
1.59155835e+00,8.98650000e-07
1.55445162e+00,8.98750000e-07
1.51066632e+00,8.98850000e-07
1.46147643e+00,8.98950000e-07
1.40793791e+00,8.99050000e-07
1.35067947e+00,8.99150000e-07
1.29006883e+00,8.99250000e-07
1.22640720e+00,8.99350000e-07
1.16015935e+00,8.99450000e-07
1.09226137e+00,8.99550000e-07
1.02460584e+00,8.99650000e-07
9.60575601e-01,8.99750000e-07
9.04926961e-01,8.99850000e-07
8.61047071e-01,8.99950000e-07
8.26968218e-01,9.00050000e-07
7.97264243e-01,9.00150000e-07
7.69051282e-01,9.00250000e-07
7.41986659e-01,9.00350000e-07
7.15852306e-01,9.00450000e-07
6.90623905e-01,9.00550000e-07
6.66553584e-01,9.00650000e-07
6.43961483e-01,9.00750000e-07
6.23126846e-01,9.00850000e-07
6.04312659e-01,9.00950000e-07
5.88112995e-01,9.01050000e-07
5.76428388e-01,9.01150000e-07
5.71534364e-01,9.01250000e-07
5.72275991e-01,9.01350000e-07
5.75195316e-01,9.01450000e-07
5.77991202e-01,9.01550000e-07
5.80225378e-01,9.01650000e-07
5.81914154e-01,9.01750000e-07
5.83059585e-01,9.01850000e-07
5.83672301e-01,9.01950000e-07
5.83766738e-01,9.02050000e-07
5.83353835e-01,9.02150000e-07
5.82456483e-01,9.02250000e-07
5.81113196e-01,9.02350000e-07
5.79379479e-01,9.02450000e-07
5.77318456e-01,9.02550000e-07
5.74997444e-01,9.02650000e-07
5.72478677e-01,9.02750000e-07
5.69820454e-01,9.02850000e-07
5.67070106e-01,9.02950000e-07
5.64269251e-01,9.03050000e-07
5.61450493e-01,9.03150000e-07
5.58641023e-01,9.03250000e-07
5.55860768e-01,9.03350000e-07
5.53126146e-01,9.03450000e-07
5.50448092e-01,9.03550000e-07
5.47835683e-01,9.03650000e-07
5.45293901e-01,9.03750000e-07
5.42827090e-01,9.03850000e-07
5.40436469e-01,9.03950000e-07
5.38123453e-01,9.04050000e-07
5.35886980e-01,9.04150000e-07
5.33726739e-01,9.04250000e-07
5.31640350e-01,9.04350000e-07
5.29626550e-01,9.04450000e-07
5.27682263e-01,9.04550000e-07
5.25805762e-01,9.04650000e-07
5.23993664e-01,9.04750000e-07
5.22244082e-01,9.04850000e-07
5.20553563e-01,9.04950000e-07
5.18920239e-01,9.05050000e-07
5.17340731e-01,9.05150000e-07
5.15813295e-01,9.05250000e-07
5.14334702e-01,9.05350000e-07
5.12903385e-01,9.05450000e-07
5.11516305e-01,9.05550000e-07
5.10172095e-01,9.05650000e-07
5.08867920e-01,9.05750000e-07
5.07602618e-01,9.05850000e-07
5.06373556e-01,9.05950000e-07
5.05179769e-01,9.06050000e-07
5.04018819e-01,9.06150000e-07
5.02889924e-01,9.06250000e-07
5.01790826e-01,9.06350000e-07
5.00720911e-01,9.06450000e-07
4.99678084e-01,9.06550000e-07
4.98661884e-01,9.06650000e-07
4.97670362e-01,9.06750000e-07
4.96703192e-01,9.06850000e-07
4.95758557e-01,9.06950000e-07
4.94836248e-01,9.07050000e-07
4.93934568e-01,9.07150000e-07
4.93053409e-01,9.07250000e-07
4.92191180e-01,9.07350000e-07
4.91347863e-01,9.07450000e-07
4.90521960e-01,9.07550000e-07
4.89713530e-01,9.07650000e-07
4.88921159e-01,9.07750000e-07
4.88144975e-01,9.07850000e-07
4.87383633e-01,9.07950000e-07
4.86637323e-01,9.08050000e-07
4.85904765e-01,9.08150000e-07
4.85186198e-01,9.08250000e-07
4.84480402e-01,9.08350000e-07
4.83787659e-01,9.08450000e-07
4.83106802e-01,9.08550000e-07
4.82438149e-01,9.08650000e-07
4.81780580e-01,9.08750000e-07
4.81134446e-01,9.08850000e-07
4.80498670e-01,9.08950000e-07
4.79873630e-01,9.09050000e-07
4.79258287e-01,9.09150000e-07
4.78653043e-01,9.09250000e-07
4.78056893e-01,9.09350000e-07
4.77470262e-01,9.09450000e-07
4.76892175e-01,9.09550000e-07
4.76323073e-01,9.09650000e-07
4.75762011e-01,9.09750000e-07
4.75209447e-01,9.09850000e-07
4.74664460e-01,9.09950000e-07
4.74127521e-01,9.10050000e-07
4.73597734e-01,9.10150000e-07
4.73075581e-01,9.10250000e-07
4.72560189e-01,9.10350000e-07
4.72052047e-01,9.10450000e-07
4.71550305e-01,9.10550000e-07
4.71055460e-01,9.10650000e-07
4.70566679e-01,9.10750000e-07
4.70084466e-01,9.10850000e-07
4.69608009e-01,9.10950000e-07
4.69137814e-01,9.11050000e-07
4.68673086e-01,9.11150000e-07
4.68214339e-01,9.11250000e-07
4.67760790e-01,9.11350000e-07
4.67312956e-01,9.11450000e-07
4.66870072e-01,9.11550000e-07
4.66432656e-01,9.11650000e-07
4.65999958e-01,9.11750000e-07
4.65572497e-01,9.11850000e-07
4.65149536e-01,9.11950000e-07
4.64731596e-01,9.12050000e-07
4.64317953e-01,9.12150000e-07
4.63909128e-01,9.12250000e-07
4.63504409e-01,9.12350000e-07
4.63104319e-01,9.12450000e-07
4.62708156e-01,9.12550000e-07
4.62316442e-01,9.12650000e-07
4.61928489e-01,9.12750000e-07
4.61544816e-01,9.12850000e-07
4.61164745e-01,9.12950000e-07
4.60788796e-01,9.13050000e-07
4.60416301e-01,9.13150000e-07
4.60047777e-01,9.13250000e-07
4.59682568e-01,9.13350000e-07
4.59321188e-01,9.13450000e-07
4.58962991e-01,9.13550000e-07
4.58608489e-01,9.13650000e-07
4.58257045e-01,9.13750000e-07
4.57909171e-01,9.13850000e-07
4.57564236e-01,9.13950000e-07
4.57222749e-01,9.14050000e-07
4.56884092e-01,9.14150000e-07
4.56548769e-01,9.14250000e-07
4.56216168e-01,9.14350000e-07
4.55886794e-01,9.14450000e-07
4.55560044e-01,9.14550000e-07
4.55236416e-01,9.14650000e-07
4.54915316e-01,9.14750000e-07
4.54597242e-01,9.14850000e-07
4.54281606e-01,9.14950000e-07
4.53968901e-01,9.15050000e-07
4.53658550e-01,9.15150000e-07
4.53351041e-01,9.15250000e-07
4.53045803e-01,9.15350000e-07
4.52743323e-01,9.15450000e-07
4.52443037e-01,9.15550000e-07
4.52145429e-01,9.15650000e-07
4.51849940e-01,9.15750000e-07
4.51557051e-01,9.15850000e-07
4.51266212e-01,9.15950000e-07
4.50977899e-01,9.16050000e-07
4.50691568e-01,9.16150000e-07
4.50407693e-01,9.16250000e-07
4.50125737e-01,9.16350000e-07
4.49846167e-01,9.16450000e-07
4.49568456e-01,9.16550000e-07
4.49293067e-01,9.16650000e-07
4.49019478e-01,9.16750000e-07
4.48748149e-01,9.16850000e-07
4.48478564e-01,9.16950000e-07
4.48211180e-01,9.17050000e-07
4.47945486e-01,9.17150000e-07
4.47681936e-01,9.17250000e-07
4.47420025e-01,9.17350000e-07
4.47160202e-01,9.17450000e-07
4.46901970e-01,9.17550000e-07
4.46645774e-01,9.17650000e-07
4.46391121e-01,9.17750000e-07
4.46138453e-01,9.17850000e-07
4.45887285e-01,9.17950000e-07
4.45638052e-01,9.18050000e-07
4.45390275e-01,9.18150000e-07
4.45144386e-01,9.18250000e-07
4.44899913e-01,9.18350000e-07
4.44657283e-01,9.18450000e-07
4.44416028e-01,9.18550000e-07
4.44176573e-01,9.18650000e-07
4.43938455e-01,9.18750000e-07
4.43702094e-01,9.18850000e-07
4.43467034e-01,9.18950000e-07
4.43233691e-01,9.19050000e-07
4.43001613e-01,9.19150000e-07
4.42771214e-01,9.19250000e-07
4.42542045e-01,9.19350000e-07
4.42314517e-01,9.19450000e-07
4.42088188e-01,9.19550000e-07
4.41863462e-01,9.19650000e-07
4.41639904e-01,9.19750000e-07
4.41417914e-01,9.19850000e-07
4.41197062e-01,9.19950000e-07
4.40977744e-01,9.20050000e-07
4.40759534e-01,9.20150000e-07
4.40542826e-01,9.20250000e-07
4.40327198e-01,9.20350000e-07
4.40113038e-01,9.20450000e-07
4.39899933e-01,9.20550000e-07
4.39688266e-01,9.20650000e-07
4.39477626e-01,9.20750000e-07
4.39268394e-01,9.20850000e-07
4.39060165e-01,9.20950000e-07
4.38853315e-01,9.21050000e-07
4.38647444e-01,9.21150000e-07
4.38442923e-01,9.21250000e-07
4.38239358e-01,9.21350000e-07
4.38037116e-01,9.21450000e-07
4.37835807e-01,9.21550000e-07
4.37635795e-01,9.21650000e-07
4.37436694e-01,9.21750000e-07
4.37238864e-01,9.21850000e-07
4.37041924e-01,9.21950000e-07
4.36846231e-01,9.22050000e-07
4.36651407e-01,9.22150000e-07
4.36457806e-01,9.22250000e-07
4.36265054e-01,9.22350000e-07
4.36073501e-01,9.22450000e-07
4.35882780e-01,9.22550000e-07
4.35693234e-01,9.22650000e-07
4.35504501e-01,9.22750000e-07
4.35316921e-01,9.22850000e-07
4.35130136e-01,9.22950000e-07
4.34944484e-01,9.23050000e-07
4.34759609e-01,9.23150000e-07
4.34575845e-01,9.23250000e-07
4.34392843e-01,9.23350000e-07
4.34210931e-01,9.23450000e-07
4.34029764e-01,9.23550000e-07
4.33849668e-01,9.23650000e-07
4.33670301e-01,9.23750000e-07
4.33491986e-01,9.23850000e-07
4.33314385e-01,9.23950000e-07
4.33137817e-01,9.24050000e-07
4.32961948e-01,9.24150000e-07
4.32787093e-01,9.24250000e-07
4.32612925e-01,9.24350000e-07
4.32439752e-01,9.24450000e-07
4.32267251e-01,9.24550000e-07
4.32095729e-01,9.24650000e-07
4.31924866e-01,9.24750000e-07
4.31754964e-01,9.24850000e-07
4.31585708e-01,9.24950000e-07
4.31417397e-01,9.25050000e-07
4.31249720e-01,9.25150000e-07
4.31082971e-01,9.25250000e-07
4.30916843e-01,9.25350000e-07
4.30751629e-01,9.25450000e-07
4.30587024e-01,9.25550000e-07
4.30423316e-01,9.25650000e-07
4.30260207e-01,9.25750000e-07
4.30097980e-01,9.25850000e-07
4.29936340e-01,9.25950000e-07
4.29775568e-01,9.26050000e-07
4.29615372e-01,9.26150000e-07
4.29456030e-01,9.26250000e-07
4.29297253e-01,9.26350000e-07
4.29139316e-01,9.26450000e-07
4.28981935e-01,9.26550000e-07
4.28825379e-01,9.26650000e-07
4.28669369e-01,9.26750000e-07
4.28514172e-01,9.26850000e-07
4.28359510e-01,9.26950000e-07
4.28205648e-01,9.27050000e-07
4.28052313e-01,9.27150000e-07
4.27899764e-01,9.27250000e-07
4.27747734e-01,9.27350000e-07
4.27596477e-01,9.27450000e-07
4.27445729e-01,9.27550000e-07
4.27295743e-01,9.27650000e-07
4.27146257e-01,9.27750000e-07
4.26997521e-01,9.27850000e-07
4.26849278e-01,9.27950000e-07
4.26701772e-01,9.28050000e-07
4.26554751e-01,9.28150000e-07
4.26408456e-01,9.28250000e-07
4.26262638e-01,9.28350000e-07
4.26117535e-01,9.28450000e-07
4.25972900e-01,9.28550000e-07
4.25828970e-01,9.28650000e-07
4.25685501e-01,9.28750000e-07
4.25542726e-01,9.28850000e-07
4.25400405e-01,9.28950000e-07
4.25258766e-01,9.29050000e-07
4.25117575e-01,9.29150000e-07
4.24977056e-01,9.29250000e-07
4.24836978e-01,9.29350000e-07
4.24697561e-01,9.29450000e-07
4.24558579e-01,9.29550000e-07
4.24420249e-01,9.29650000e-07
4.24282346e-01,9.29750000e-07
4.24145086e-01,9.29850000e-07
4.24008247e-01,9.29950000e-07
4.23872040e-01,9.30050000e-07
4.23736249e-01,9.30150000e-07
4.23601081e-01,9.30250000e-07
4.23466322e-01,9.30350000e-07
4.23332178e-01,9.30450000e-07
4.23198437e-01,9.30550000e-07
4.23065301e-01,9.30650000e-07
4.22932562e-01,9.30750000e-07
4.22800420e-01,9.30850000e-07
4.22668670e-01,9.30950000e-07
4.22537508e-01,9.31050000e-07
4.22406732e-01,9.31150000e-07
4.22276536e-01,9.31250000e-07
4.22146721e-01,9.31350000e-07
4.22017476e-01,9.31450000e-07
4.21888608e-01,9.31550000e-07
4.21760303e-01,9.31650000e-07
4.21632369e-01,9.31750000e-07
4.21504990e-01,9.31850000e-07
4.21377977e-01,9.31950000e-07
4.21251511e-01,9.32050000e-07
4.21125407e-01,9.32150000e-07
4.20999841e-01,9.32250000e-07
4.20874633e-01,9.32350000e-07
4.20749955e-01,9.32450000e-07
4.20625631e-01,9.32550000e-07
4.20501830e-01,9.32650000e-07
4.20378377e-01,9.32750000e-07
4.20255441e-01,9.32850000e-07
4.20132849e-01,9.32950000e-07
4.20010766e-01,9.33050000e-07
4.19889023e-01,9.33150000e-07
4.19767781e-01,9.33250000e-07
4.19646876e-01,9.33350000e-07
4.19526465e-01,9.33450000e-07
4.19406387e-01,9.33550000e-07
4.19286796e-01,9.33650000e-07
4.19167533e-01,9.33750000e-07
4.19048751e-01,9.33850000e-07
4.18930295e-01,9.33950000e-07
4.18812312e-01,9.34050000e-07
4.18694650e-01,9.34150000e-07
4.18577456e-01,9.34250000e-07
4.18460579e-01,9.34350000e-07
4.18344163e-01,9.34450000e-07
4.18228062e-01,9.34550000e-07
4.18112414e-01,9.34650000e-07
4.17997078e-01,9.34750000e-07
4.17882190e-01,9.34850000e-07
4.17767610e-01,9.34950000e-07
4.17653471e-01,9.35050000e-07
4.17539637e-01,9.35150000e-07
4.17426238e-01,9.35250000e-07
4.17313142e-01,9.35350000e-07
4.17200474e-01,9.35450000e-07
4.17088106e-01,9.35550000e-07
4.16976160e-01,9.35650000e-07
4.16864511e-01,9.35750000e-07
4.16753279e-01,9.35850000e-07
4.16642340e-01,9.35950000e-07
4.16531813e-01,9.36050000e-07
4.16421577e-01,9.36150000e-07
4.16311746e-01,9.36250000e-07
4.16202202e-01,9.36350000e-07
4.16093060e-01,9.36450000e-07
4.15984202e-01,9.36550000e-07
4.15875739e-01,9.36650000e-07
4.15767558e-01,9.36750000e-07
4.15659767e-01,9.36850000e-07
4.15552255e-01,9.36950000e-07
4.15445128e-01,9.37050000e-07
4.15338278e-01,9.37150000e-07
4.15231806e-01,9.37250000e-07
4.15125610e-01,9.37350000e-07
4.15019788e-01,9.37450000e-07
4.14914238e-01,9.37550000e-07
4.14809056e-01,9.37650000e-07
4.14704145e-01,9.37750000e-07
4.14599597e-01,9.37850000e-07
4.14495317e-01,9.37950000e-07
4.14391395e-01,9.38050000e-07
4.14287740e-01,9.38150000e-07
4.14184438e-01,9.38250000e-07
4.14081400e-01,9.38350000e-07
4.13978710e-01,9.38450000e-07
4.13876283e-01,9.38550000e-07
4.13774199e-01,9.38650000e-07
4.13672374e-01,9.38750000e-07
4.13570889e-01,9.38850000e-07
4.13469662e-01,9.38950000e-07
4.13368769e-01,9.39050000e-07
4.13268132e-01,9.39150000e-07
4.13167825e-01,9.39250000e-07
4.13067772e-01,9.39350000e-07
4.12968044e-01,9.39450000e-07
4.12868568e-01,9.39550000e-07
4.12769413e-01,9.39650000e-07
4.12670509e-01,9.39750000e-07
4.12571920e-01,9.39850000e-07
4.12473581e-01,9.39950000e-07
4.12375554e-01,9.40050000e-07
4.12277774e-01,9.40150000e-07
4.12180300e-01,9.40250000e-07
4.12083074e-01,9.40350000e-07
4.11986149e-01,9.40450000e-07
4.11889469e-01,9.40550000e-07
4.11793088e-01,9.40650000e-07
4.11696950e-01,9.40750000e-07
4.11601106e-01,9.40850000e-07
4.11505503e-01,9.40950000e-07
4.11410191e-01,9.41050000e-07
4.11315118e-01,9.41150000e-07
4.11220332e-01,9.41250000e-07
4.11125784e-01,9.41350000e-07
4.11031518e-01,9.41450000e-07
4.10937490e-01,9.41550000e-07
4.10843739e-01,9.41650000e-07
4.10750225e-01,9.41750000e-07
4.10656985e-01,9.41850000e-07
4.10563979e-01,9.41950000e-07
4.10471243e-01,9.42050000e-07
4.10378741e-01,9.42150000e-07
4.10286505e-01,9.42250000e-07
4.10194501e-01,9.42350000e-07
4.10102760e-01,9.42450000e-07
4.10011250e-01,9.42550000e-07
4.09919998e-01,9.42650000e-07
4.09828976e-01,9.42750000e-07
4.09738209e-01,9.42850000e-07
4.09647671e-01,9.42950000e-07
4.09557384e-01,9.43050000e-07
4.09467325e-01,9.43150000e-07
4.09377513e-01,9.43250000e-07
4.09287928e-01,9.43350000e-07
4.09198587e-01,9.43450000e-07
4.09109471e-01,9.43550000e-07
4.09020596e-01,9.43650000e-07
4.08931946e-01,9.43750000e-07
4.08843532e-01,9.43850000e-07
4.08755342e-01,9.43950000e-07
4.08667385e-01,9.44050000e-07
4.08579651e-01,9.44150000e-07
4.08492146e-01,9.44250000e-07
4.08404864e-01,9.44350000e-07
4.08317808e-01,9.44450000e-07
4.08230973e-01,9.44550000e-07
4.08144361e-01,9.44650000e-07
4.08057969e-01,9.44750000e-07
4.07971796e-01,9.44850000e-07
4.07885843e-01,9.44950000e-07
4.07800106e-01,9.45050000e-07
4.07714588e-01,9.45150000e-07
4.07629283e-01,9.45250000e-07
4.07544195e-01,9.45350000e-07
4.07459317e-01,9.45450000e-07
4.07374656e-01,9.45550000e-07
4.07290202e-01,9.45650000e-07
4.07205964e-01,9.45750000e-07
4.07121929e-01,9.45850000e-07
4.07038110e-01,9.45950000e-07
4.06954490e-01,9.46050000e-07
4.06871086e-01,9.46150000e-07
4.06787878e-01,9.46250000e-07
4.06704886e-01,9.46350000e-07
4.06622086e-01,9.46450000e-07
4.06539501e-01,9.46550000e-07
4.06457105e-01,9.46650000e-07
4.06374924e-01,9.46750000e-07
4.06292930e-01,9.46850000e-07
4.06211148e-01,9.46950000e-07
4.06129551e-01,9.47050000e-07
4.06048166e-01,9.47150000e-07
4.05966962e-01,9.47250000e-07
4.05885971e-01,9.47350000e-07
4.05805157e-01,9.47450000e-07
4.05724555e-01,9.47550000e-07
4.05644128e-01,9.47650000e-07
4.05563912e-01,9.47750000e-07
4.05483868e-01,9.47850000e-07
4.05404034e-01,9.47950000e-07
4.05324370e-01,9.48050000e-07
4.05244916e-01,9.48150000e-07
4.05165629e-01,9.48250000e-07
4.05086551e-01,9.48350000e-07
4.05007637e-01,9.48450000e-07
4.04928931e-01,9.48550000e-07
4.04850387e-01,9.48650000e-07
4.04772052e-01,9.48750000e-07
4.04693874e-01,9.48850000e-07
4.04615905e-01,9.48950000e-07
4.04538091e-01,9.49050000e-07
4.04460485e-01,9.49150000e-07
4.04383032e-01,9.49250000e-07
4.04305786e-01,9.49350000e-07
4.04228690e-01,9.49450000e-07
4.04151801e-01,9.49550000e-07
4.04075060e-01,9.49650000e-07
4.03998525e-01,9.49750000e-07
4.03922135e-01,9.49850000e-07
4.03845952e-01,9.49950000e-07
4.03769910e-01,9.50050000e-07
4.03694075e-01,9.50150000e-07
4.03618379e-01,9.50250000e-07
4.03542890e-01,9.50350000e-07
4.03467536e-01,9.50450000e-07
4.03392389e-01,9.50550000e-07
4.03317375e-01,9.50650000e-07
4.03242568e-01,9.50750000e-07
4.03167891e-01,9.50850000e-07
4.03093420e-01,9.50950000e-07
4.03019078e-01,9.51050000e-07
4.02944941e-01,9.51150000e-07
4.02870930e-01,9.51250000e-07
4.02797125e-01,9.51350000e-07
4.02723443e-01,9.51450000e-07
4.02649966e-01,9.51550000e-07
4.02576610e-01,9.51650000e-07
4.02503460e-01,9.51750000e-07
4.02430427e-01,9.51850000e-07
4.02357600e-01,9.51950000e-07
4.02284889e-01,9.52050000e-07
4.02212382e-01,9.52150000e-07
4.02139989e-01,9.52250000e-07
4.02067801e-01,9.52350000e-07
4.01995724e-01,9.52450000e-07
4.01923851e-01,9.52550000e-07
4.01852087e-01,9.52650000e-07
4.01780528e-01,9.52750000e-07
4.01709075e-01,9.52850000e-07
4.01637826e-01,9.52950000e-07
4.01566681e-01,9.53050000e-07
4.01495741e-01,9.53150000e-07
4.01424902e-01,9.53250000e-07
4.01354268e-01,9.53350000e-07
4.01283733e-01,9.53450000e-07
4.01213402e-01,9.53550000e-07
4.01143168e-01,9.53650000e-07
4.01073138e-01,9.53750000e-07
4.01003203e-01,9.53850000e-07
4.00933472e-01,9.53950000e-07
4.00863834e-01,9.54050000e-07
4.00794400e-01,9.54150000e-07
4.00725055e-01,9.54250000e-07
4.00655915e-01,9.54350000e-07
4.00586863e-01,9.54450000e-07
4.00518015e-01,9.54550000e-07
4.00449253e-01,9.54650000e-07
4.00380695e-01,9.54750000e-07
4.00312220e-01,9.54850000e-07
4.00243950e-01,9.54950000e-07
4.00175760e-01,9.55050000e-07
4.00107775e-01,9.55150000e-07
4.00039869e-01,9.55250000e-07
3.99972168e-01,9.55350000e-07
3.99904543e-01,9.55450000e-07
3.99837123e-01,9.55550000e-07
3.99769777e-01,9.55650000e-07
3.99702635e-01,9.55750000e-07
3.99635567e-01,9.55850000e-07
3.99568703e-01,9.55950000e-07
3.99501909e-01,9.56050000e-07
3.99435320e-01,9.56150000e-07
3.99368798e-01,9.56250000e-07
3.99302482e-01,9.56350000e-07
3.99236232e-01,9.56450000e-07
3.99170187e-01,9.56550000e-07
3.99104206e-01,9.56650000e-07
3.99038430e-01,9.56750000e-07
3.98972716e-01,9.56850000e-07
3.98907207e-01,9.56950000e-07
3.98841758e-01,9.57050000e-07
3.98776514e-01,9.57150000e-07
3.98711328e-01,9.57250000e-07
3.98646347e-01,9.57350000e-07
3.98581423e-01,9.57450000e-07
3.98516703e-01,9.57550000e-07
3.98452038e-01,9.57650000e-07
3.98387578e-01,9.57750000e-07
3.98323170e-01,9.57850000e-07
3.98258968e-01,9.57950000e-07
3.98194816e-01,9.58050000e-07
3.98130870e-01,9.58150000e-07
3.98066971e-01,9.58250000e-07
3.98003279e-01,9.58350000e-07
3.97939632e-01,9.58450000e-07
3.97876192e-01,9.58550000e-07
3.97812796e-01,9.58650000e-07
3.97749607e-01,9.58750000e-07
3.97686459e-01,9.58850000e-07
3.97623518e-01,9.58950000e-07
3.97560617e-01,9.59050000e-07
3.97497923e-01,9.59150000e-07
3.97435267e-01,9.59250000e-07
3.97372819e-01,9.59350000e-07
3.97310406e-01,9.59450000e-07
3.97248201e-01,9.59550000e-07
3.97186030e-01,9.59650000e-07
3.97124067e-01,9.59750000e-07
3.97062136e-01,9.59850000e-07
3.97000413e-01,9.59950000e-07
3.96938721e-01,9.60050000e-07
3.96877237e-01,9.60150000e-07
3.96815781e-01,9.60250000e-07
3.96754534e-01,9.60350000e-07
3.96693313e-01,9.60450000e-07
3.96632301e-01,9.60550000e-07
3.96571314e-01,9.60650000e-07
3.96510536e-01,9.60750000e-07
3.96449780e-01,9.60850000e-07
3.96389235e-01,9.60950000e-07
3.96328710e-01,9.61050000e-07
3.96268395e-01,9.61150000e-07
3.96208098e-01,9.61250000e-07
3.96148013e-01,9.61350000e-07
3.96087944e-01,9.61450000e-07
3.96028085e-01,9.61550000e-07
3.95968242e-01,9.61650000e-07
3.95908610e-01,9.61750000e-07
3.95848991e-01,9.61850000e-07
3.95789584e-01,9.61950000e-07
3.95730188e-01,9.62050000e-07
3.95671003e-01,9.62150000e-07
3.95611829e-01,9.62250000e-07
3.95552866e-01,9.62350000e-07
3.95493911e-01,9.62450000e-07
3.95435168e-01,9.62550000e-07
3.95376432e-01,9.62650000e-07
3.95317908e-01,9.62750000e-07
3.95259389e-01,9.62850000e-07
3.95201082e-01,9.62950000e-07
3.95142779e-01,9.63050000e-07
3.95084688e-01,9.63150000e-07
3.95026599e-01,9.63250000e-07
3.94968723e-01,9.63350000e-07
3.94910846e-01,9.63450000e-07
3.94853184e-01,9.63550000e-07
3.94795519e-01,9.63650000e-07
3.94738068e-01,9.63750000e-07
3.94680613e-01,9.63850000e-07
3.94623372e-01,9.63950000e-07
3.94566126e-01,9.64050000e-07
3.94509095e-01,9.64150000e-07
3.94452056e-01,9.64250000e-07
3.94395233e-01,9.64350000e-07
3.94338400e-01,9.64450000e-07
3.94281783e-01,9.64550000e-07
3.94225155e-01,9.64650000e-07
3.94168744e-01,9.64750000e-07
3.94112319e-01,9.64850000e-07
3.94056112e-01,9.64950000e-07
3.93999890e-01,9.65050000e-07
3.93943885e-01,9.65150000e-07
3.93887864e-01,9.65250000e-07
3.93832060e-01,9.65350000e-07
3.93776239e-01,9.65450000e-07
3.93720635e-01,9.65550000e-07
3.93665013e-01,9.65650000e-07
3.93609608e-01,9.65750000e-07
3.93554183e-01,9.65850000e-07
3.93498976e-01,9.65950000e-07
3.93443746e-01,9.66050000e-07
3.93388736e-01,9.66150000e-07
3.93333702e-01,9.66250000e-07
3.93278886e-01,9.66350000e-07
3.93224046e-01,9.66450000e-07
3.93169425e-01,9.66550000e-07
3.93114776e-01,9.66650000e-07
3.93060348e-01,9.66750000e-07
3.93005891e-01,9.66850000e-07
3.92951655e-01,9.66950000e-07
3.92897388e-01,9.67050000e-07
3.92843343e-01,9.67150000e-07
3.92789265e-01,9.67250000e-07
3.92735409e-01,9.67350000e-07
3.92681519e-01,9.67450000e-07
3.92627851e-01,9.67550000e-07
3.92574148e-01,9.67650000e-07
3.92520667e-01,9.67750000e-07
3.92467150e-01,9.67850000e-07
3.92413855e-01,9.67950000e-07
3.92360522e-01,9.68050000e-07
3.92307413e-01,9.68150000e-07
3.92254263e-01,9.68250000e-07
3.92201337e-01,9.68350000e-07
3.92148371e-01,9.68450000e-07
3.92095627e-01,9.68550000e-07
3.92042842e-01,9.68650000e-07
3.91990281e-01,9.68750000e-07
3.91937675e-01,9.68850000e-07
3.91885295e-01,9.68950000e-07
3.91832868e-01,9.69050000e-07
3.91780667e-01,9.69150000e-07
3.91728419e-01,9.69250000e-07
3.91676397e-01,9.69350000e-07
3.91624326e-01,9.69450000e-07
3.91572481e-01,9.69550000e-07
3.91520586e-01,9.69650000e-07
3.91468918e-01,9.69750000e-07
3.91417198e-01,9.69850000e-07
3.91365705e-01,9.69950000e-07
3.91314159e-01,9.70050000e-07
3.91262841e-01,9.70150000e-07
3.91211468e-01,9.70250000e-07
3.91160323e-01,9.70350000e-07
3.91109123e-01,9.70450000e-07
3.91058150e-01,9.70550000e-07
3.91007121e-01,9.70650000e-07
3.90956320e-01,9.70750000e-07
3.90905460e-01,9.70850000e-07
3.90854830e-01,9.70950000e-07
3.90804140e-01,9.71050000e-07
3.90753679e-01,9.71150000e-07
3.90703157e-01,9.71250000e-07
3.90652865e-01,9.71350000e-07
3.90602510e-01,9.71450000e-07
3.90552386e-01,9.71550000e-07
3.90502197e-01,9.71650000e-07
3.90452240e-01,9.71750000e-07
3.90402217e-01,9.71850000e-07
3.90352425e-01,9.71950000e-07
3.90302566e-01,9.72050000e-07
3.90252940e-01,9.72150000e-07
3.90203244e-01,9.72250000e-07
3.90153782e-01,9.72350000e-07
3.90104249e-01,9.72450000e-07
3.90054950e-01,9.72550000e-07
3.90005579e-01,9.72650000e-07
3.89956442e-01,9.72750000e-07
3.89907232e-01,9.72850000e-07
3.89858256e-01,9.72950000e-07
3.89809206e-01,9.73050000e-07
3.89760390e-01,9.73150000e-07
3.89711499e-01,9.73250000e-07
3.89662843e-01,9.73350000e-07
3.89614111e-01,9.73450000e-07
3.89565614e-01,9.73550000e-07
3.89517038e-01,9.73650000e-07
3.89468699e-01,9.73750000e-07
3.89420280e-01,9.73850000e-07
3.89372098e-01,9.73950000e-07
3.89323835e-01,9.74050000e-07
3.89275809e-01,9.74150000e-07
3.89227700e-01,9.74250000e-07
3.89179830e-01,9.74350000e-07
3.89131875e-01,9.74450000e-07
3.89084159e-01,9.74550000e-07
3.89036358e-01,9.74650000e-07
3.88988795e-01,9.74750000e-07
3.88941146e-01,9.74850000e-07
3.88893737e-01,9.74950000e-07
3.88846239e-01,9.75050000e-07
3.88798982e-01,9.75150000e-07
3.88751635e-01,9.75250000e-07
3.88704529e-01,9.75350000e-07
3.88657333e-01,9.75450000e-07
3.88610377e-01,9.75550000e-07
3.88563330e-01,9.75650000e-07
3.88516524e-01,9.75750000e-07
3.88469624e-01,9.75850000e-07
3.88422968e-01,9.75950000e-07
3.88376216e-01,9.76050000e-07
3.88329707e-01,9.76150000e-07
3.88283102e-01,9.76250000e-07
3.88236741e-01,9.76350000e-07
3.88190282e-01,9.76450000e-07
3.88144067e-01,9.76550000e-07
3.88097754e-01,9.76650000e-07
3.88051685e-01,9.76750000e-07
3.88005516e-01,9.76850000e-07
3.87959592e-01,9.76950000e-07
3.87913567e-01,9.77050000e-07
3.87867788e-01,9.77150000e-07
3.87821906e-01,9.77250000e-07
3.87776270e-01,9.77350000e-07
3.87730531e-01,9.77450000e-07
3.87685038e-01,9.77550000e-07
3.87639440e-01,9.77650000e-07
3.87594089e-01,9.77750000e-07
3.87548632e-01,9.77850000e-07
3.87503423e-01,9.77950000e-07
3.87458106e-01,9.78050000e-07
3.87413038e-01,9.78150000e-07
3.87367860e-01,9.78250000e-07
3.87322932e-01,9.78350000e-07
3.87277893e-01,9.78450000e-07
3.87233104e-01,9.78550000e-07
3.87188204e-01,9.78650000e-07
3.87143553e-01,9.78750000e-07
3.87098790e-01,9.78850000e-07
3.87054278e-01,9.78950000e-07
3.87009651e-01,9.79050000e-07
3.86965276e-01,9.79150000e-07
3.86920786e-01,9.79250000e-07
3.86876547e-01,9.79350000e-07
3.86832192e-01,9.79450000e-07
3.86788090e-01,9.79550000e-07
3.86743869e-01,9.79650000e-07
3.86699902e-01,9.79750000e-07
3.86655816e-01,9.79850000e-07
3.86611983e-01,9.79950000e-07
3.86568030e-01,9.80050000e-07
3.86524331e-01,9.80150000e-07
3.86480511e-01,9.80250000e-07
3.86436946e-01,9.80350000e-07
3.86393258e-01,9.80450000e-07
3.86349825e-01,9.80550000e-07
3.86306268e-01,9.80650000e-07
3.86262967e-01,9.80750000e-07
3.86219541e-01,9.80850000e-07
3.86176372e-01,9.80950000e-07
3.86133076e-01,9.81050000e-07
3.86090037e-01,9.81150000e-07
3.86046871e-01,9.81250000e-07
3.86003962e-01,9.81350000e-07
3.85960925e-01,9.81450000e-07
3.85918146e-01,9.81550000e-07
3.85875237e-01,9.81650000e-07
3.85832587e-01,9.81750000e-07
3.85789805e-01,9.81850000e-07
3.85747283e-01,9.81950000e-07
3.85704629e-01,9.82050000e-07
3.85662235e-01,9.82150000e-07
3.85619707e-01,9.82250000e-07
3.85577440e-01,9.82350000e-07
3.85535038e-01,9.82450000e-07
3.85492897e-01,9.82550000e-07
3.85450620e-01,9.82650000e-07
3.85408605e-01,9.82750000e-07
3.85366453e-01,9.82850000e-07
3.85324564e-01,9.82950000e-07
3.85282536e-01,9.83050000e-07
3.85240771e-01,9.83150000e-07
3.85198867e-01,9.83250000e-07
3.85157226e-01,9.83350000e-07
3.85115444e-01,9.83450000e-07
3.85073927e-01,9.83550000e-07
3.85032268e-01,9.83650000e-07
3.84990873e-01,9.83750000e-07
3.84949336e-01,9.83850000e-07
3.84908064e-01,9.83950000e-07
3.84866649e-01,9.84050000e-07
3.84825498e-01,9.84150000e-07
3.84784203e-01,9.84250000e-07
3.84743174e-01,9.84350000e-07
3.84701999e-01,9.84450000e-07
3.84661091e-01,9.84550000e-07
3.84620036e-01,9.84650000e-07
3.84579248e-01,9.84750000e-07
3.84538311e-01,9.84850000e-07
3.84497643e-01,9.84950000e-07
3.84456825e-01,9.85050000e-07
3.84416276e-01,9.85150000e-07
3.84375576e-01,9.85250000e-07
3.84335145e-01,9.85350000e-07
3.84294563e-01,9.85450000e-07
3.84254250e-01,9.85550000e-07
3.84213785e-01,9.85650000e-07
3.84173590e-01,9.85750000e-07
3.84133241e-01,9.85850000e-07
3.84093162e-01,9.85950000e-07
3.84052929e-01,9.86050000e-07
3.84012967e-01,9.86150000e-07
3.83972849e-01,9.86250000e-07
3.83933003e-01,9.86350000e-07
3.83893001e-01,9.86450000e-07
3.83853270e-01,9.86550000e-07
3.83813381e-01,9.86650000e-07
3.83773766e-01,9.86750000e-07
3.83733991e-01,9.86850000e-07
3.83694490e-01,9.86950000e-07
3.83654828e-01,9.87050000e-07
3.83615441e-01,9.87150000e-07
3.83575893e-01,9.87250000e-07
3.83536619e-01,9.87350000e-07
3.83497182e-01,9.87450000e-07
3.83458022e-01,9.87550000e-07
3.83418697e-01,9.87650000e-07
3.83379649e-01,9.87750000e-07
3.83340436e-01,9.87850000e-07
3.83301499e-01,9.87950000e-07
3.83262397e-01,9.88050000e-07
3.83223572e-01,9.88150000e-07
3.83184580e-01,9.88250000e-07
3.83145866e-01,9.88350000e-07
3.83106984e-01,9.88450000e-07
3.83068380e-01,9.88550000e-07
3.83029608e-01,9.88650000e-07
3.82991114e-01,9.88750000e-07
3.82952451e-01,9.88850000e-07
3.82914067e-01,9.88950000e-07
3.82875512e-01,9.89050000e-07
3.82837237e-01,9.89150000e-07
3.82798790e-01,9.89250000e-07
3.82760624e-01,9.89350000e-07
3.82722285e-01,9.89450000e-07
3.82684227e-01,9.89550000e-07
3.82645995e-01,9.89650000e-07
3.82608044e-01,9.89750000e-07
3.82569919e-01,9.89850000e-07
3.82532076e-01,9.89950000e-07
3.82494056e-01,9.90050000e-07
3.82456320e-01,9.90150000e-07
3.82418407e-01,9.90250000e-07
3.82380777e-01,9.90350000e-07
3.82342969e-01,9.90450000e-07
3.82305445e-01,9.90550000e-07
3.82267742e-01,9.90650000e-07
3.82230324e-01,9.90750000e-07
3.82192725e-01,9.90850000e-07
3.82155412e-01,9.90950000e-07
3.82117917e-01,9.91050000e-07
3.82080709e-01,9.91150000e-07
3.82043318e-01,9.91250000e-07
3.82006213e-01,9.91350000e-07
3.81968925e-01,9.91450000e-07
3.81931925e-01,9.91550000e-07
3.81894740e-01,9.91650000e-07
3.81857842e-01,9.91750000e-07
3.81820760e-01,9.91850000e-07
3.81783965e-01,9.91950000e-07
3.81746985e-01,9.92050000e-07
3.81710293e-01,9.92150000e-07
3.81673414e-01,9.92250000e-07
3.81636824e-01,9.92350000e-07
3.81600046e-01,9.92450000e-07
3.81563558e-01,9.92550000e-07
3.81526881e-01,9.92650000e-07
3.81490494e-01,9.92750000e-07
3.81453917e-01,9.92850000e-07
3.81417631e-01,9.92950000e-07
3.81381154e-01,9.93050000e-07
3.81344969e-01,9.93150000e-07
3.81308591e-01,9.93250000e-07
3.81272506e-01,9.93350000e-07
3.81236227e-01,9.93450000e-07
3.81200242e-01,9.93550000e-07
3.81164062e-01,9.93650000e-07
3.81128176e-01,9.93750000e-07
3.81092094e-01,9.93850000e-07
3.81056307e-01,9.93950000e-07
3.81020323e-01,9.94050000e-07
3.80984635e-01,9.94150000e-07
3.80948749e-01,9.94250000e-07
3.80913158e-01,9.94350000e-07
3.80877369e-01,9.94450000e-07
3.80841876e-01,9.94550000e-07
3.80806184e-01,9.94650000e-07
3.80770789e-01,9.94750000e-07
3.80735193e-01,9.94850000e-07
3.80699895e-01,9.94950000e-07
3.80664395e-01,9.95050000e-07
3.80629193e-01,9.95150000e-07
3.80593789e-01,9.95250000e-07
3.80558684e-01,9.95350000e-07
3.80523375e-01,9.95450000e-07
3.80488365e-01,9.95550000e-07
3.80453152e-01,9.95650000e-07
3.80418238e-01,9.95750000e-07
3.80383119e-01,9.95850000e-07
3.80348300e-01,9.95950000e-07
3.80313275e-01,9.96050000e-07
3.80278551e-01,9.96150000e-07
3.80243619e-01,9.96250000e-07
3.80208990e-01,9.96350000e-07
3.80174152e-01,9.96450000e-07
3.80139617e-01,9.96550000e-07
3.80104872e-01,9.96650000e-07
3.80070430e-01,9.96750000e-07
3.80035779e-01,9.96850000e-07
3.80001430e-01,9.96950000e-07
3.79966871e-01,9.97050000e-07
3.79932616e-01,9.97150000e-07
3.79898149e-01,9.97250000e-07
3.79863986e-01,9.97350000e-07
3.79829611e-01,9.97450000e-07
3.79795540e-01,9.97550000e-07
3.79761257e-01,9.97650000e-07
3.79727278e-01,9.97750000e-07
3.79693085e-01,9.97850000e-07
3.79659199e-01,9.97950000e-07
3.79625097e-01,9.98050000e-07
3.79591301e-01,9.98150000e-07
3.79557290e-01,9.98250000e-07
3.79523586e-01,9.98350000e-07
3.79489664e-01,9.98450000e-07
3.79456051e-01,9.98550000e-07
3.79422219e-01,9.98650000e-07
3.79388696e-01,9.98750000e-07
3.79354953e-01,9.98850000e-07
3.79321520e-01,9.98950000e-07
3.79287867e-01,9.99050000e-07
3.79254524e-01,9.99150000e-07
3.79220959e-01,9.99250000e-07
3.79187705e-01,9.99350000e-07
3.79154229e-01,9.99450000e-07
3.79121064e-01,9.99550000e-07
3.79087677e-01,9.99650000e-07
3.79054600e-01,9.99750000e-07
3.79021300e-01,9.99850000e-07
3.78988312e-01,9.99950000e-07
3.78955100e-01,1.00005000e-06
3.78922200e-01,1.00015000e-06
3.78889075e-01,1.00025000e-06
3.78856263e-01,1.00035000e-06
3.78823225e-01,1.00045000e-06
3.78790501e-01,1.00055000e-06
3.78757550e-01,1.00065000e-06
3.78724912e-01,1.00075000e-06
3.78692047e-01,1.00085000e-06
3.78659497e-01,1.00095000e-06
3.78626718e-01,1.00105000e-06
3.78594254e-01,1.00115000e-06
3.78561561e-01,1.00125000e-06
3.78529183e-01,1.00135000e-06
3.78496575e-01,1.00145000e-06
3.78464284e-01,1.00155000e-06
3.78431761e-01,1.00165000e-06
3.78399555e-01,1.00175000e-06
3.78367118e-01,1.00185000e-06
3.78334997e-01,1.00195000e-06
3.78302644e-01,1.00205000e-06
3.78270609e-01,1.00215000e-06
3.78238340e-01,1.00225000e-06
3.78206390e-01,1.00235000e-06
3.78174205e-01,1.00245000e-06
3.78142339e-01,1.00255000e-06
3.78110237e-01,1.00265000e-06
3.78078456e-01,1.00275000e-06
3.78046438e-01,1.00285000e-06
3.78014741e-01,1.00295000e-06
3.77982806e-01,1.00305000e-06
3.77951192e-01,1.00315000e-06
3.77919341e-01,1.00325000e-06
3.77887810e-01,1.00335000e-06
3.77856041e-01,1.00345000e-06
3.77824594e-01,1.00355000e-06
3.77792908e-01,1.00365000e-06
3.77761543e-01,1.00375000e-06
3.77729939e-01,1.00385000e-06
3.77698657e-01,1.00395000e-06
3.77667134e-01,1.00405000e-06
3.77635935e-01,1.00415000e-06
3.77604494e-01,1.00425000e-06
3.77573377e-01,1.00435000e-06
3.77542017e-01,1.00445000e-06
3.77510982e-01,1.00455000e-06
3.77479703e-01,1.00465000e-06
3.77448750e-01,1.00475000e-06
3.77417552e-01,1.00485000e-06
3.77386679e-01,1.00495000e-06
3.77355562e-01,1.00505000e-06
3.77324771e-01,1.00515000e-06
3.77293734e-01,1.00525000e-06
3.77263023e-01,1.00535000e-06
3.77232066e-01,1.00545000e-06
3.77201437e-01,1.00555000e-06
3.77170559e-01,1.00565000e-06
3.77140010e-01,1.00575000e-06
3.77109212e-01,1.00585000e-06
3.77078743e-01,1.00595000e-06
3.77048025e-01,1.00605000e-06
3.77017635e-01,1.00615000e-06
3.76986996e-01,1.00625000e-06
3.76956686e-01,1.00635000e-06
3.76926126e-01,1.00645000e-06
3.76895896e-01,1.00655000e-06
3.76865414e-01,1.00665000e-06
3.76835263e-01,1.00675000e-06
3.76804859e-01,1.00685000e-06
3.76774787e-01,1.00695000e-06
3.76744462e-01,1.00705000e-06
3.76714469e-01,1.00715000e-06
3.76684222e-01,1.00725000e-06
3.76654307e-01,1.00735000e-06
3.76624137e-01,1.00745000e-06
3.76594301e-01,1.00755000e-06
3.76564209e-01,1.00765000e-06
3.76534450e-01,1.00775000e-06
3.76504436e-01,1.00785000e-06
3.76474755e-01,1.00795000e-06
3.76444818e-01,1.00805000e-06
3.76415187e-01,1.00815000e-06
3.76385003e-01,1.00825000e-06
3.76355250e-01,1.00835000e-06
3.76325270e-01,1.00845000e-06
3.76295692e-01,1.00855000e-06
3.76265864e-01,1.00865000e-06
3.76236422e-01,1.00875000e-06
3.76206715e-01,1.00885000e-06
3.76177383e-01,1.00895000e-06
3.76147777e-01,1.00905000e-06
3.76118542e-01,1.00915000e-06
3.76089027e-01,1.00925000e-06
3.76059879e-01,1.00935000e-06
3.76030448e-01,1.00945000e-06
3.76001382e-01,1.00955000e-06
3.75972031e-01,1.00965000e-06
3.75943044e-01,1.00975000e-06
3.75913770e-01,1.00985000e-06
3.75884859e-01,1.00995000e-06
3.75855662e-01,1.01005000e-06
3.75826827e-01,1.01015000e-06
3.75797704e-01,1.01025000e-06
3.75768943e-01,1.01035000e-06
3.75739894e-01,1.01045000e-06
3.75711209e-01,1.01055000e-06
3.75682233e-01,1.01065000e-06
3.75653621e-01,1.01075000e-06
3.75624719e-01,1.01085000e-06
3.75596180e-01,1.01095000e-06
3.75567351e-01,1.01105000e-06
3.75538886e-01,1.01115000e-06
3.75510129e-01,1.01125000e-06
3.75481737e-01,1.01135000e-06
3.75453052e-01,1.01145000e-06
3.75424733e-01,1.01155000e-06
3.75396121e-01,1.01165000e-06
3.75367874e-01,1.01175000e-06
3.75339334e-01,1.01185000e-06
3.75311160e-01,1.01195000e-06
3.75282692e-01,1.01205000e-06
3.75254590e-01,1.01215000e-06
3.75226194e-01,1.01225000e-06
3.75198164e-01,1.01235000e-06
3.75169839e-01,1.01245000e-06
3.75141881e-01,1.01255000e-06
3.75113627e-01,1.01265000e-06
3.75085741e-01,1.01275000e-06
3.75057558e-01,1.01285000e-06
3.75029743e-01,1.01295000e-06
3.75001631e-01,1.01305000e-06
3.74973888e-01,1.01315000e-06
3.74945847e-01,1.01325000e-06
3.74918175e-01,1.01335000e-06
3.74890204e-01,1.01345000e-06
3.74862603e-01,1.01355000e-06
3.74834703e-01,1.01365000e-06
3.74807172e-01,1.01375000e-06
3.74779342e-01,1.01385000e-06
3.74751882e-01,1.01395000e-06
3.74724122e-01,1.01405000e-06
3.74696733e-01,1.01415000e-06
3.74669042e-01,1.01425000e-06
3.74641723e-01,1.01435000e-06
3.74614103e-01,1.01445000e-06
3.74586854e-01,1.01455000e-06
3.74559302e-01,1.01465000e-06
3.74532123e-01,1.01475000e-06
3.74504641e-01,1.01485000e-06
3.74477532e-01,1.01495000e-06
3.74450119e-01,1.01505000e-06
3.74423079e-01,1.01515000e-06
3.74395735e-01,1.01525000e-06
3.74368764e-01,1.01535000e-06
3.74341489e-01,1.01545000e-06
3.74314587e-01,1.01555000e-06
3.74287381e-01,1.01565000e-06
3.74260548e-01,1.01575000e-06
3.74233410e-01,1.01585000e-06
3.74206646e-01,1.01595000e-06
3.74179576e-01,1.01605000e-06
3.74152881e-01,1.01615000e-06
3.74125879e-01,1.01625000e-06
3.74099253e-01,1.01635000e-06
3.74072318e-01,1.01645000e-06
3.74045760e-01,1.01655000e-06
3.74018894e-01,1.01665000e-06
3.73992404e-01,1.01675000e-06
3.73965605e-01,1.01685000e-06
3.73939183e-01,1.01695000e-06
3.73912451e-01,1.01705000e-06
3.73886097e-01,1.01715000e-06
3.73859433e-01,1.01725000e-06
3.73833146e-01,1.01735000e-06
3.73806549e-01,1.01745000e-06
3.73780330e-01,1.01755000e-06
3.73753799e-01,1.01765000e-06
3.73727647e-01,1.01775000e-06
3.73701183e-01,1.01785000e-06
3.73675099e-01,1.01795000e-06
3.73648702e-01,1.01805000e-06
3.73622684e-01,1.01815000e-06
3.73596353e-01,1.01825000e-06
3.73570402e-01,1.01835000e-06
3.73544138e-01,1.01845000e-06
3.73518254e-01,1.01855000e-06
3.73492055e-01,1.01865000e-06
3.73466238e-01,1.01875000e-06
3.73440105e-01,1.01885000e-06
3.73414354e-01,1.01895000e-06
3.73388286e-01,1.01905000e-06
3.73362602e-01,1.01915000e-06
3.73336600e-01,1.01925000e-06
3.73310981e-01,1.01935000e-06
3.73285045e-01,1.01945000e-06
3.73259492e-01,1.01955000e-06
3.73233621e-01,1.01965000e-06
3.73208134e-01,1.01975000e-06
3.73182328e-01,1.01985000e-06
3.73156907e-01,1.01995000e-06
3.73131166e-01,1.02005000e-06
3.73105810e-01,1.02015000e-06
3.73080134e-01,1.02025000e-06
3.73054843e-01,1.02035000e-06
3.73029232e-01,1.02045000e-06
3.73004006e-01,1.02055000e-06
3.72978460e-01,1.02065000e-06
3.72953299e-01,1.02075000e-06
3.72927817e-01,1.02085000e-06
3.72902721e-01,1.02095000e-06
3.72877303e-01,1.02105000e-06
3.72852271e-01,1.02115000e-06
3.72826917e-01,1.02125000e-06
3.72801951e-01,1.02135000e-06
3.72776661e-01,1.02145000e-06
3.72751759e-01,1.02155000e-06
3.72726532e-01,1.02165000e-06
3.72701694e-01,1.02175000e-06
3.72676532e-01,1.02185000e-06
3.72651758e-01,1.02195000e-06
3.72626659e-01,1.02205000e-06
3.72601949e-01,1.02215000e-06
3.72576913e-01,1.02225000e-06
3.72552267e-01,1.02235000e-06
3.72527295e-01,1.02245000e-06
3.72502713e-01,1.02255000e-06
3.72477803e-01,1.02265000e-06
3.72453284e-01,1.02275000e-06
3.72428438e-01,1.02285000e-06
3.72403983e-01,1.02295000e-06
3.72379199e-01,1.02305000e-06
3.72354807e-01,1.02315000e-06
3.72330086e-01,1.02325000e-06
3.72305758e-01,1.02335000e-06
3.72281099e-01,1.02345000e-06
3.72256833e-01,1.02355000e-06
3.72232237e-01,1.02365000e-06
3.72208035e-01,1.02375000e-06
3.72183501e-01,1.02385000e-06
3.72159361e-01,1.02395000e-06
3.72134889e-01,1.02405000e-06
3.72110812e-01,1.02415000e-06
3.72086402e-01,1.02425000e-06
3.72062388e-01,1.02435000e-06
3.72038040e-01,1.02445000e-06
3.72014088e-01,1.02455000e-06
3.71989802e-01,1.02465000e-06
3.71965911e-01,1.02475000e-06
3.71941687e-01,1.02485000e-06
3.71917859e-01,1.02495000e-06
3.71893696e-01,1.02505000e-06
3.71869931e-01,1.02515000e-06
3.71845829e-01,1.02525000e-06
3.71822125e-01,1.02535000e-06
3.71798085e-01,1.02545000e-06
3.71774443e-01,1.02555000e-06
3.71750464e-01,1.02565000e-06
3.71726883e-01,1.02575000e-06
3.71702965e-01,1.02585000e-06
3.71679446e-01,1.02595000e-06
3.71655589e-01,1.02605000e-06
3.71632131e-01,1.02615000e-06
3.71608335e-01,1.02625000e-06
3.71584939e-01,1.02635000e-06
3.71561203e-01,1.02645000e-06
3.71537868e-01,1.02655000e-06
3.71514193e-01,1.02665000e-06
3.71490919e-01,1.02675000e-06
3.71467304e-01,1.02685000e-06
3.71444091e-01,1.02695000e-06
3.71420537e-01,1.02705000e-06
3.71397384e-01,1.02715000e-06
3.71373890e-01,1.02725000e-06
3.71350798e-01,1.02735000e-06
3.71327364e-01,1.02745000e-06
3.71304333e-01,1.02755000e-06
3.71280959e-01,1.02765000e-06
3.71257989e-01,1.02775000e-06
3.71234675e-01,1.02785000e-06
3.71211764e-01,1.02795000e-06
3.71188510e-01,1.02805000e-06
3.71165660e-01,1.02815000e-06
3.71142465e-01,1.02825000e-06
3.71119675e-01,1.02835000e-06
3.71096540e-01,1.02845000e-06
3.71073810e-01,1.02855000e-06
3.71050735e-01,1.02865000e-06
3.71028065e-01,1.02875000e-06
3.71005049e-01,1.02885000e-06
3.70982438e-01,1.02895000e-06
3.70959481e-01,1.02905000e-06
3.70936931e-01,1.02915000e-06
3.70914033e-01,1.02925000e-06
3.70891542e-01,1.02935000e-06
3.70868703e-01,1.02945000e-06
3.70846272e-01,1.02955000e-06
3.70823492e-01,1.02965000e-06
3.70801120e-01,1.02975000e-06
3.70778399e-01,1.02985000e-06
3.70756087e-01,1.02995000e-06
3.70733424e-01,1.03005000e-06
3.70711171e-01,1.03015000e-06
3.70688567e-01,1.03025000e-06
3.70666373e-01,1.03035000e-06
3.70643827e-01,1.03045000e-06
3.70621692e-01,1.03055000e-06
3.70599205e-01,1.03065000e-06
3.70577129e-01,1.03075000e-06
3.70554700e-01,1.03085000e-06
3.70532683e-01,1.03095000e-06
3.70510313e-01,1.03105000e-06
3.70488354e-01,1.03115000e-06
3.70466042e-01,1.03125000e-06
3.70444142e-01,1.03135000e-06
3.70421887e-01,1.03145000e-06
3.70400046e-01,1.03155000e-06
3.70377850e-01,1.03165000e-06
3.70356067e-01,1.03175000e-06
3.70333928e-01,1.03185000e-06
3.70312204e-01,1.03195000e-06
3.70290123e-01,1.03205000e-06
3.70268457e-01,1.03215000e-06
3.70246433e-01,1.03225000e-06
3.70224825e-01,1.03235000e-06
3.70202860e-01,1.03245000e-06
3.70181310e-01,1.03255000e-06
3.70159402e-01,1.03265000e-06
3.70137910e-01,1.03275000e-06
3.70116059e-01,1.03285000e-06
3.70094625e-01,1.03295000e-06
3.70072832e-01,1.03305000e-06
3.70051455e-01,1.03315000e-06
3.70029719e-01,1.03325000e-06
3.70008401e-01,1.03335000e-06
3.69986722e-01,1.03345000e-06
3.69965461e-01,1.03355000e-06
3.69943839e-01,1.03365000e-06
3.69922636e-01,1.03375000e-06
3.69901071e-01,1.03385000e-06
3.69879925e-01,1.03395000e-06
3.69858417e-01,1.03405000e-06
3.69837329e-01,1.03415000e-06
3.69815877e-01,1.03425000e-06
3.69794846e-01,1.03435000e-06
3.69773452e-01,1.03445000e-06
3.69752478e-01,1.03455000e-06
3.69731140e-01,1.03465000e-06
3.69710224e-01,1.03475000e-06
3.69688942e-01,1.03485000e-06
3.69668083e-01,1.03495000e-06
3.69646858e-01,1.03505000e-06
3.69626055e-01,1.03515000e-06
3.69604887e-01,1.03525000e-06
3.69584141e-01,1.03535000e-06
3.69563030e-01,1.03545000e-06
3.69542341e-01,1.03555000e-06
3.69521285e-01,1.03565000e-06
3.69500653e-01,1.03575000e-06
3.69479654e-01,1.03585000e-06
3.69459078e-01,1.03595000e-06
3.69438135e-01,1.03605000e-06
3.69417616e-01,1.03615000e-06
3.69396729e-01,1.03625000e-06
3.69376267e-01,1.03635000e-06
3.69355436e-01,1.03645000e-06
3.69335030e-01,1.03655000e-06
3.69314255e-01,1.03665000e-06
3.69293906e-01,1.03675000e-06
3.69273186e-01,1.03685000e-06
3.69252893e-01,1.03695000e-06
3.69232230e-01,1.03705000e-06
3.69211993e-01,1.03715000e-06
3.69191385e-01,1.03725000e-06
3.69171205e-01,1.03735000e-06
3.69150652e-01,1.03745000e-06
3.69130528e-01,1.03755000e-06
3.69110031e-01,1.03765000e-06
3.69089963e-01,1.03775000e-06
3.69069522e-01,1.03785000e-06
3.69049510e-01,1.03795000e-06
3.69029124e-01,1.03805000e-06
3.69009168e-01,1.03815000e-06
3.68988837e-01,1.03825000e-06
3.68968937e-01,1.03835000e-06
3.68948662e-01,1.03845000e-06
3.68928818e-01,1.03855000e-06
3.68908598e-01,1.03865000e-06
3.68888809e-01,1.03875000e-06
3.68868644e-01,1.03885000e-06
3.68848911e-01,1.03895000e-06
3.68828802e-01,1.03905000e-06
3.68809125e-01,1.03915000e-06
3.68789070e-01,1.03925000e-06
3.68769448e-01,1.03935000e-06
3.68749449e-01,1.03945000e-06
3.68729883e-01,1.03955000e-06
3.68709938e-01,1.03965000e-06
3.68690428e-01,1.03975000e-06
3.68670538e-01,1.03985000e-06
3.68651083e-01,1.03995000e-06
3.68631248e-01,1.04005000e-06
3.68611848e-01,1.04015000e-06
3.68592068e-01,1.04025000e-06
3.68572723e-01,1.04035000e-06
3.68552998e-01,1.04045000e-06
3.68533709e-01,1.04055000e-06
3.68514038e-01,1.04065000e-06
3.68494804e-01,1.04075000e-06
3.68475188e-01,1.04085000e-06
3.68456009e-01,1.04095000e-06
3.68436448e-01,1.04105000e-06
3.68417324e-01,1.04115000e-06
3.68397817e-01,1.04125000e-06
3.68378748e-01,1.04135000e-06
3.68359296e-01,1.04145000e-06
3.68340282e-01,1.04155000e-06
3.68320884e-01,1.04165000e-06
3.68301925e-01,1.04175000e-06
3.68282582e-01,1.04185000e-06
3.68263677e-01,1.04195000e-06
3.68244388e-01,1.04205000e-06
3.68225539e-01,1.04215000e-06
3.68206304e-01,1.04225000e-06
3.68187510e-01,1.04235000e-06
3.68168329e-01,1.04245000e-06
3.68149589e-01,1.04255000e-06
3.68130463e-01,1.04265000e-06
3.68111778e-01,1.04275000e-06
3.68092706e-01,1.04285000e-06
3.68074075e-01,1.04295000e-06
3.68055057e-01,1.04305000e-06
3.68036481e-01,1.04315000e-06
3.68017517e-01,1.04325000e-06
3.67998996e-01,1.04335000e-06
3.67980086e-01,1.04345000e-06
3.67961619e-01,1.04355000e-06
3.67942764e-01,1.04365000e-06
3.67924351e-01,1.04375000e-06
3.67905549e-01,1.04385000e-06
3.67887191e-01,1.04395000e-06
3.67868443e-01,1.04405000e-06
3.67850140e-01,1.04415000e-06
3.67831446e-01,1.04425000e-06
3.67813197e-01,1.04435000e-06
3.67794556e-01,1.04445000e-06
3.67776361e-01,1.04455000e-06
3.67757775e-01,1.04465000e-06
3.67739634e-01,1.04475000e-06
3.67721102e-01,1.04485000e-06
3.67703015e-01,1.04495000e-06
3.67684536e-01,1.04505000e-06
3.67666504e-01,1.04515000e-06
3.67648079e-01,1.04525000e-06
3.67630101e-01,1.04535000e-06
3.67611729e-01,1.04545000e-06
3.67593806e-01,1.04555000e-06
3.67575488e-01,1.04565000e-06
3.67557618e-01,1.04575000e-06
3.67539353e-01,1.04585000e-06
3.67521538e-01,1.04595000e-06
3.67503327e-01,1.04605000e-06
3.67485566e-01,1.04615000e-06
3.67467408e-01,1.04625000e-06
3.67449701e-01,1.04635000e-06
3.67431597e-01,1.04645000e-06
3.67413944e-01,1.04655000e-06
3.67395893e-01,1.04665000e-06
3.67378294e-01,1.04675000e-06
3.67360297e-01,1.04685000e-06
3.67342751e-01,1.04695000e-06
3.67324808e-01,1.04705000e-06
3.67307316e-01,1.04715000e-06
3.67289426e-01,1.04725000e-06
3.67271988e-01,1.04735000e-06
3.67254151e-01,1.04745000e-06
3.67236768e-01,1.04755000e-06
3.67218984e-01,1.04765000e-06
3.67201654e-01,1.04775000e-06
3.67183924e-01,1.04785000e-06
3.67166648e-01,1.04795000e-06
3.67148971e-01,1.04805000e-06
3.67131748e-01,1.04815000e-06
3.67114125e-01,1.04825000e-06
3.67096956e-01,1.04835000e-06
3.67079386e-01,1.04845000e-06
3.67062271e-01,1.04855000e-06
3.67044754e-01,1.04865000e-06
3.67027693e-01,1.04875000e-06
3.67010229e-01,1.04885000e-06
3.66993221e-01,1.04895000e-06
3.66975810e-01,1.04905000e-06
3.66958857e-01,1.04915000e-06
3.66941499e-01,1.04925000e-06
3.66924599e-01,1.04935000e-06
3.66907294e-01,1.04945000e-06
3.66890448e-01,1.04955000e-06
3.66873197e-01,1.04965000e-06
3.66856404e-01,1.04975000e-06
3.66839206e-01,1.04985000e-06
3.66822467e-01,1.04995000e-06
3.66805321e-01,1.05005000e-06
3.66788636e-01,1.05015000e-06
3.66771544e-01,1.05025000e-06
3.66754912e-01,1.05035000e-06
3.66737873e-01,1.05045000e-06
3.66721295e-01,1.05055000e-06
3.66704309e-01,1.05065000e-06
3.66687784e-01,1.05075000e-06
3.66670851e-01,1.05085000e-06
3.66654380e-01,1.05095000e-06
3.66637500e-01,1.05105000e-06
3.66621082e-01,1.05115000e-06
3.66604255e-01,1.05125000e-06
3.66587891e-01,1.05135000e-06
3.66571117e-01,1.05145000e-06
3.66554806e-01,1.05155000e-06
3.66538086e-01,1.05165000e-06
3.66521828e-01,1.05175000e-06
3.66505161e-01,1.05185000e-06
3.66488957e-01,1.05195000e-06
3.66472342e-01,1.05205000e-06
3.66456192e-01,1.05215000e-06
3.66439630e-01,1.05225000e-06
3.66423533e-01,1.05235000e-06
3.66407024e-01,1.05245000e-06
3.66390981e-01,1.05255000e-06
3.66374525e-01,1.05265000e-06
3.66358536e-01,1.05275000e-06
3.66342133e-01,1.05285000e-06
3.66326196e-01,1.05295000e-06
3.66309847e-01,1.05305000e-06
3.66293964e-01,1.05315000e-06
3.66277667e-01,1.05325000e-06
3.66261837e-01,1.05335000e-06
3.66245593e-01,1.05345000e-06
3.66229817e-01,1.05355000e-06
3.66213626e-01,1.05365000e-06
3.66197904e-01,1.05375000e-06
3.66181766e-01,1.05385000e-06
3.66166097e-01,1.05395000e-06
3.66150012e-01,1.05405000e-06
3.66134396e-01,1.05415000e-06
3.66118364e-01,1.05425000e-06
3.66102802e-01,1.05435000e-06
3.66086823e-01,1.05445000e-06
3.66071314e-01,1.05455000e-06
3.66055388e-01,1.05465000e-06
3.66039933e-01,1.05475000e-06
3.66024059e-01,1.05485000e-06
3.66008658e-01,1.05495000e-06
3.65992837e-01,1.05505000e-06
3.65977489e-01,1.05515000e-06
3.65961827e-01,1.05525000e-06
3.65946637e-01,1.05535000e-06
3.65931027e-01,1.05545000e-06
3.65915891e-01,1.05555000e-06
3.65900333e-01,1.05565000e-06
3.65885250e-01,1.05575000e-06
3.65869745e-01,1.05585000e-06
3.65854714e-01,1.05595000e-06
3.65839262e-01,1.05605000e-06
3.65824284e-01,1.05615000e-06
3.65808884e-01,1.05625000e-06
3.65793960e-01,1.05635000e-06
3.65778612e-01,1.05645000e-06
3.65763741e-01,1.05655000e-06
3.65748446e-01,1.05665000e-06
3.65733628e-01,1.05675000e-06
3.65718386e-01,1.05685000e-06
3.65703620e-01,1.05695000e-06
3.65688431e-01,1.05705000e-06
3.65673718e-01,1.05715000e-06
3.65658582e-01,1.05725000e-06
3.65643922e-01,1.05735000e-06
3.65628838e-01,1.05745000e-06
3.65614232e-01,1.05755000e-06
3.65599201e-01,1.05765000e-06
3.65584648e-01,1.05775000e-06
3.65569669e-01,1.05785000e-06
3.65555169e-01,1.05795000e-06
3.65540243e-01,1.05805000e-06
3.65525796e-01,1.05815000e-06
3.65510923e-01,1.05825000e-06
3.65496530e-01,1.05835000e-06
3.65481709e-01,1.05845000e-06
3.65467369e-01,1.05855000e-06
3.65452601e-01,1.05865000e-06
3.65438314e-01,1.05875000e-06
3.65423599e-01,1.05885000e-06
3.65409365e-01,1.05895000e-06
3.65394702e-01,1.05905000e-06
3.65380522e-01,1.05915000e-06
3.65365912e-01,1.05925000e-06
3.65351785e-01,1.05935000e-06
3.65337228e-01,1.05945000e-06
3.65323154e-01,1.05955000e-06
3.65308651e-01,1.05965000e-06
3.65294630e-01,1.05975000e-06
3.65280179e-01,1.05985000e-06
3.65266212e-01,1.05995000e-06
3.65251814e-01,1.06005000e-06
3.65237900e-01,1.06015000e-06
3.65223555e-01,1.06025000e-06
3.65209694e-01,1.06035000e-06
3.65195402e-01,1.06045000e-06
3.65181595e-01,1.06055000e-06
3.65167356e-01,1.06065000e-06
3.65153602e-01,1.06075000e-06
3.65139416e-01,1.06085000e-06
3.65125716e-01,1.06095000e-06
3.65111583e-01,1.06105000e-06
3.65097937e-01,1.06115000e-06
3.65083857e-01,1.06125000e-06
3.65070264e-01,1.06135000e-06
3.65056237e-01,1.06145000e-06
3.65042697e-01,1.06155000e-06
3.65028723e-01,1.06165000e-06
3.65015238e-01,1.06175000e-06
3.65001317e-01,1.06185000e-06
3.64987885e-01,1.06195000e-06
3.64974017e-01,1.06205000e-06
3.64960639e-01,1.06215000e-06
3.64946825e-01,1.06225000e-06
3.64933500e-01,1.06235000e-06
3.64919739e-01,1.06245000e-06
3.64906468e-01,1.06255000e-06
3.64892761e-01,1.06265000e-06
3.64879544e-01,1.06275000e-06
3.64865889e-01,1.06285000e-06
3.64852726e-01,1.06295000e-06
3.64839125e-01,1.06305000e-06
3.64826015e-01,1.06315000e-06
3.64812468e-01,1.06325000e-06
3.64799412e-01,1.06335000e-06
3.64785918e-01,1.06345000e-06
3.64772917e-01,1.06355000e-06
3.64759476e-01,1.06365000e-06
3.64746528e-01,1.06375000e-06
3.64733141e-01,1.06385000e-06
3.64720248e-01,1.06395000e-06
3.64706914e-01,1.06405000e-06
3.64694075e-01,1.06415000e-06
3.64680795e-01,1.06425000e-06
3.64668009e-01,1.06435000e-06
3.64654783e-01,1.06445000e-06
3.64642052e-01,1.06455000e-06
3.64628879e-01,1.06465000e-06
3.64616202e-01,1.06475000e-06
3.64603083e-01,1.06485000e-06
3.64590460e-01,1.06495000e-06
3.64577395e-01,1.06505000e-06
3.64564827e-01,1.06515000e-06
3.64551815e-01,1.06525000e-06
3.64539301e-01,1.06535000e-06
3.64526344e-01,1.06545000e-06
3.64513884e-01,1.06555000e-06
3.64500980e-01,1.06565000e-06
3.64488575e-01,1.06575000e-06
3.64475725e-01,1.06585000e-06
3.64463374e-01,1.06595000e-06
3.64450579e-01,1.06605000e-06
3.64438282e-01,1.06615000e-06
3.64425541e-01,1.06625000e-06
3.64413299e-01,1.06635000e-06
3.64400612e-01,1.06645000e-06
3.64388425e-01,1.06655000e-06
3.64375792e-01,1.06665000e-06
3.64363659e-01,1.06675000e-06
3.64351080e-01,1.06685000e-06
3.64339002e-01,1.06695000e-06
3.64326478e-01,1.06705000e-06
3.64314454e-01,1.06715000e-06
3.64301984e-01,1.06725000e-06
3.64290016e-01,1.06735000e-06
3.64277600e-01,1.06745000e-06
3.64265687e-01,1.06755000e-06
3.64253325e-01,1.06765000e-06
3.64241467e-01,1.06775000e-06
3.64229160e-01,1.06785000e-06
3.64217356e-01,1.06795000e-06
3.64205104e-01,1.06805000e-06
3.64193355e-01,1.06815000e-06
3.64181158e-01,1.06825000e-06
3.64169464e-01,1.06835000e-06
3.64157321e-01,1.06845000e-06
3.64145683e-01,1.06855000e-06
3.64133595e-01,1.06865000e-06
3.64122012e-01,1.06875000e-06
3.64109978e-01,1.06885000e-06
3.64098451e-01,1.06895000e-06
3.64086472e-01,1.06905000e-06
3.64075000e-01,1.06915000e-06
3.64063076e-01,1.06925000e-06
3.64051659e-01,1.06935000e-06
3.64039790e-01,1.06945000e-06
3.64028429e-01,1.06955000e-06
3.64016615e-01,1.06965000e-06
3.64005309e-01,1.06975000e-06
3.63993551e-01,1.06985000e-06
3.63982300e-01,1.06995000e-06
3.63970597e-01,1.07005000e-06
3.63959402e-01,1.07015000e-06
3.63947754e-01,1.07025000e-06
3.63936615e-01,1.07035000e-06
3.63925023e-01,1.07045000e-06
3.63913939e-01,1.07055000e-06
3.63902402e-01,1.07065000e-06
3.63891375e-01,1.07075000e-06
3.63879893e-01,1.07085000e-06
3.63868922e-01,1.07095000e-06
3.63857495e-01,1.07105000e-06
3.63846580e-01,1.07115000e-06
3.63835209e-01,1.07125000e-06
3.63824350e-01,1.07135000e-06
3.63813035e-01,1.07145000e-06
3.63802232e-01,1.07155000e-06
3.63790972e-01,1.07165000e-06
3.63780225e-01,1.07175000e-06
3.63769022e-01,1.07185000e-06
3.63758331e-01,1.07195000e-06
3.63747183e-01,1.07205000e-06
3.63736549e-01,1.07215000e-06
3.63725457e-01,1.07225000e-06
3.63714880e-01,1.07235000e-06
3.63703844e-01,1.07245000e-06
3.63693323e-01,1.07255000e-06
3.63682343e-01,1.07265000e-06
3.63671878e-01,1.07275000e-06
3.63660955e-01,1.07285000e-06
3.63650547e-01,1.07295000e-06
3.63639680e-01,1.07305000e-06
3.63629329e-01,1.07315000e-06
3.63618518e-01,1.07325000e-06
3.63608223e-01,1.07335000e-06
3.63597469e-01,1.07345000e-06
3.63587232e-01,1.07355000e-06
3.63576534e-01,1.07365000e-06
3.63566353e-01,1.07375000e-06
3.63555712e-01,1.07385000e-06
3.63545589e-01,1.07395000e-06
3.63535004e-01,1.07405000e-06
3.63524938e-01,1.07415000e-06
3.63514410e-01,1.07425000e-06
3.63504401e-01,1.07435000e-06
3.63493930e-01,1.07445000e-06
3.63483978e-01,1.07455000e-06
3.63473564e-01,1.07465000e-06
3.63463670e-01,1.07475000e-06
3.63453313e-01,1.07485000e-06
3.63443476e-01,1.07495000e-06
3.63433176e-01,1.07505000e-06
3.63423397e-01,1.07515000e-06
3.63413154e-01,1.07525000e-06
3.63403433e-01,1.07535000e-06
3.63393247e-01,1.07545000e-06
3.63383583e-01,1.07555000e-06
3.63373455e-01,1.07565000e-06
3.63363849e-01,1.07575000e-06
3.63353779e-01,1.07585000e-06
3.63344231e-01,1.07595000e-06
3.63334218e-01,1.07605000e-06
3.63324728e-01,1.07615000e-06
3.63314772e-01,1.07625000e-06
3.63305340e-01,1.07635000e-06
3.63295443e-01,1.07645000e-06
3.63286069e-01,1.07655000e-06
3.63276229e-01,1.07665000e-06
3.63266914e-01,1.07675000e-06
3.63257132e-01,1.07685000e-06
3.63247875e-01,1.07695000e-06
3.63238151e-01,1.07705000e-06
3.63228953e-01,1.07715000e-06
3.63219287e-01,1.07725000e-06
3.63210147e-01,1.07735000e-06
3.63200540e-01,1.07745000e-06
3.63191459e-01,1.07755000e-06
3.63181909e-01,1.07765000e-06
3.63172887e-01,1.07775000e-06
3.63163396e-01,1.07785000e-06
3.63154433e-01,1.07795000e-06
3.63145000e-01,1.07805000e-06
3.63136096e-01,1.07815000e-06
3.63126722e-01,1.07825000e-06
3.63117877e-01,1.07835000e-06
3.63108562e-01,1.07845000e-06
3.63099776e-01,1.07855000e-06
3.63090520e-01,1.07865000e-06
3.63081793e-01,1.07875000e-06
3.63072596e-01,1.07885000e-06
3.63063928e-01,1.07895000e-06
3.63054790e-01,1.07905000e-06
3.63046182e-01,1.07915000e-06
3.63037103e-01,1.07925000e-06
3.63028555e-01,1.07935000e-06
3.63019535e-01,1.07945000e-06
3.63011047e-01,1.07955000e-06
3.63002086e-01,1.07965000e-06
3.62993657e-01,1.07975000e-06
3.62984756e-01,1.07985000e-06
3.62976388e-01,1.07995000e-06
3.62967546e-01,1.08005000e-06
3.62959237e-01,1.08015000e-06
3.62950456e-01,1.08025000e-06
3.62942207e-01,1.08035000e-06
3.62933485e-01,1.08045000e-06
3.62925297e-01,1.08055000e-06
3.62916635e-01,1.08065000e-06
3.62908507e-01,1.08075000e-06
3.62899905e-01,1.08085000e-06
3.62891837e-01,1.08095000e-06
3.62883295e-01,1.08105000e-06
3.62875288e-01,1.08115000e-06
3.62866807e-01,1.08125000e-06
3.62858861e-01,1.08135000e-06
3.62850439e-01,1.08145000e-06
3.62842554e-01,1.08155000e-06
3.62834193e-01,1.08165000e-06
3.62826369e-01,1.08175000e-06
3.62818069e-01,1.08185000e-06
3.62810305e-01,1.08195000e-06
3.62802066e-01,1.08205000e-06
3.62794364e-01,1.08215000e-06
3.62786185e-01,1.08225000e-06
3.62778544e-01,1.08235000e-06
3.62770426e-01,1.08245000e-06
3.62762847e-01,1.08255000e-06
3.62754790e-01,1.08265000e-06
3.62747273e-01,1.08275000e-06
3.62739277e-01,1.08285000e-06
3.62731821e-01,1.08295000e-06
3.62723887e-01,1.08305000e-06
3.62716493e-01,1.08315000e-06
3.62708620e-01,1.08325000e-06
3.62701288e-01,1.08335000e-06
3.62693476e-01,1.08345000e-06
3.62686206e-01,1.08355000e-06
3.62678457e-01,1.08365000e-06
3.62671249e-01,1.08375000e-06
3.62663561e-01,1.08385000e-06
3.62656415e-01,1.08395000e-06
3.62648789e-01,1.08405000e-06
3.62641706e-01,1.08415000e-06
3.62634142e-01,1.08425000e-06
3.62627121e-01,1.08435000e-06
3.62619620e-01,1.08445000e-06
3.62612662e-01,1.08455000e-06
3.62605223e-01,1.08465000e-06
3.62598327e-01,1.08475000e-06
3.62590951e-01,1.08485000e-06
3.62584118e-01,1.08495000e-06
3.62576804e-01,1.08505000e-06
3.62570035e-01,1.08515000e-06
3.62562784e-01,1.08525000e-06
3.62556078e-01,1.08535000e-06
3.62548889e-01,1.08545000e-06
3.62542247e-01,1.08555000e-06
3.62535121e-01,1.08565000e-06
3.62528542e-01,1.08575000e-06
3.62521480e-01,1.08585000e-06
3.62514964e-01,1.08595000e-06
3.62507965e-01,1.08605000e-06
3.62501513e-01,1.08615000e-06
3.62494578e-01,1.08625000e-06
3.62488190e-01,1.08635000e-06
3.62481318e-01,1.08645000e-06
3.62474994e-01,1.08655000e-06
3.62468186e-01,1.08665000e-06
3.62461926e-01,1.08675000e-06
3.62455181e-01,1.08685000e-06
3.62448986e-01,1.08695000e-06
3.62442305e-01,1.08705000e-06
3.62436175e-01,1.08715000e-06
3.62429558e-01,1.08725000e-06
3.62423492e-01,1.08735000e-06
3.62416940e-01,1.08745000e-06
3.62410938e-01,1.08755000e-06
3.62404451e-01,1.08765000e-06
3.62398514e-01,1.08775000e-06
3.62392091e-01,1.08785000e-06
3.62386219e-01,1.08795000e-06
3.62379861e-01,1.08805000e-06
3.62374054e-01,1.08815000e-06
3.62367761e-01,1.08825000e-06
3.62362019e-01,1.08835000e-06
3.62355791e-01,1.08845000e-06
3.62350115e-01,1.08855000e-06
3.62343952e-01,1.08865000e-06
3.62338342e-01,1.08875000e-06
3.62332244e-01,1.08885000e-06
3.62326700e-01,1.08895000e-06
3.62320667e-01,1.08905000e-06
3.62315189e-01,1.08915000e-06
3.62309222e-01,1.08925000e-06
3.62303809e-01,1.08935000e-06
3.62297908e-01,1.08945000e-06
3.62292562e-01,1.08955000e-06
3.62286727e-01,1.08965000e-06
3.62281447e-01,1.08975000e-06
3.62275678e-01,1.08985000e-06
3.62270465e-01,1.08995000e-06
3.62264762e-01,1.09005000e-06
3.62259616e-01,1.09015000e-06
3.62253979e-01,1.09025000e-06
3.62248900e-01,1.09035000e-06
3.62243330e-01,1.09045000e-06
3.62238317e-01,1.09055000e-06
3.62232814e-01,1.09065000e-06
3.62227869e-01,1.09075000e-06
3.62222432e-01,1.09085000e-06
3.62217554e-01,1.09095000e-06
3.62212185e-01,1.09105000e-06
3.62207374e-01,1.09115000e-06
3.62202072e-01,1.09125000e-06
3.62197330e-01,1.09135000e-06
3.62192095e-01,1.09145000e-06
3.62187420e-01,1.09155000e-06
3.62182252e-01,1.09165000e-06
3.62177645e-01,1.09175000e-06
3.62172546e-01,1.09185000e-06
3.62168007e-01,1.09195000e-06
3.62162975e-01,1.09205000e-06
3.62158505e-01,1.09215000e-06
3.62153541e-01,1.09225000e-06
3.62149139e-01,1.09235000e-06
3.62144244e-01,1.09245000e-06
3.62139910e-01,1.09255000e-06
3.62135083e-01,1.09265000e-06
3.62130819e-01,1.09275000e-06
3.62126060e-01,1.09285000e-06
3.62121865e-01,1.09295000e-06
3.62117175e-01,1.09305000e-06
3.62113049e-01,1.09315000e-06
3.62108427e-01,1.09325000e-06
3.62104371e-01,1.09335000e-06
3.62099819e-01,1.09345000e-06
3.62095831e-01,1.09355000e-06
3.62091348e-01,1.09365000e-06
3.62087431e-01,1.09375000e-06
3.62083017e-01,1.09385000e-06
3.62079170e-01,1.09395000e-06
3.62074826e-01,1.09405000e-06
3.62071048e-01,1.09415000e-06
3.62066774e-01,1.09425000e-06
3.62063067e-01,1.09435000e-06
3.62058863e-01,1.09445000e-06
3.62055226e-01,1.09455000e-06
3.62051092e-01,1.09465000e-06
3.62047525e-01,1.09475000e-06
3.62043461e-01,1.09485000e-06
3.62039966e-01,1.09495000e-06
3.62035973e-01,1.09505000e-06
3.62032548e-01,1.09515000e-06
3.62028625e-01,1.09525000e-06
3.62025272e-01,1.09535000e-06
3.62021420e-01,1.09545000e-06
3.62018138e-01,1.09555000e-06
3.62014357e-01,1.09565000e-06
3.62011147e-01,1.09575000e-06
3.62007437e-01,1.09585000e-06
3.62004298e-01,1.09595000e-06
3.62000660e-01,1.09605000e-06
3.61997593e-01,1.09615000e-06
3.61994026e-01,1.09625000e-06
3.61991031e-01,1.09635000e-06
3.61987536e-01,1.09645000e-06
3.61984614e-01,1.09655000e-06
3.61981191e-01,1.09665000e-06
3.61978341e-01,1.09675000e-06
3.61974990e-01,1.09685000e-06
3.61972212e-01,1.09695000e-06
3.61968934e-01,1.09705000e-06
3.61966229e-01,1.09715000e-06
3.61963023e-01,1.09725000e-06
3.61960392e-01,1.09735000e-06
3.61957258e-01,1.09745000e-06
3.61954700e-01,1.09755000e-06
3.61951640e-01,1.09765000e-06
3.61949155e-01,1.09775000e-06
3.61946168e-01,1.09785000e-06
3.61943757e-01,1.09795000e-06
3.61940844e-01,1.09805000e-06
3.61938507e-01,1.09815000e-06
3.61935668e-01,1.09825000e-06
3.61933405e-01,1.09835000e-06
3.61930641e-01,1.09845000e-06
3.61928451e-01,1.09855000e-06
3.61925762e-01,1.09865000e-06
3.61923647e-01,1.09875000e-06
3.61921032e-01,1.09885000e-06
3.61918992e-01,1.09895000e-06
3.61916452e-01,1.09905000e-06
3.61914486e-01,1.09915000e-06
3.61912021e-01,1.09925000e-06
3.61910131e-01,1.09935000e-06
3.61907741e-01,1.09945000e-06
3.61905926e-01,1.09955000e-06
3.61903612e-01,1.09965000e-06
3.61901872e-01,1.09975000e-06
3.61899634e-01,1.09985000e-06
3.61897970e-01,1.09995000e-06
3.61895808e-01,1.10005000e-06
3.61894220e-01,1.10015000e-06
3.61892134e-01,1.10025000e-06
3.61890621e-01,1.10035000e-06
3.61888612e-01,1.10045000e-06
3.61887176e-01,1.10055000e-06
3.61885243e-01,1.10065000e-06
3.61883883e-01,1.10075000e-06
3.61882027e-01,1.10085000e-06
3.61880744e-01,1.10095000e-06
3.61878965e-01,1.10105000e-06
3.61877759e-01,1.10115000e-06
3.61876057e-01,1.10125000e-06
3.61874928e-01,1.10135000e-06
3.61873304e-01,1.10145000e-06
3.61872252e-01,1.10155000e-06
3.61870705e-01,1.10165000e-06
3.61869731e-01,1.10175000e-06
3.61868262e-01,1.10185000e-06
3.61867366e-01,1.10195000e-06
3.61865975e-01,1.10205000e-06
3.61865157e-01,1.10215000e-06
3.61863844e-01,1.10225000e-06
3.61863104e-01,1.10235000e-06
3.61861870e-01,1.10245000e-06
3.61861209e-01,1.10255000e-06
3.61860053e-01,1.10265000e-06
3.61859470e-01,1.10275000e-06
3.61858394e-01,1.10285000e-06
3.61857890e-01,1.10295000e-06
3.61856893e-01,1.10305000e-06
3.61856468e-01,1.10315000e-06
3.61855550e-01,1.10325000e-06
3.61855204e-01,1.10335000e-06
3.61854366e-01,1.10345000e-06
3.61854100e-01,1.10355000e-06
3.61853342e-01,1.10365000e-06
3.61853155e-01,1.10375000e-06
3.61852478e-01,1.10385000e-06
3.61852371e-01,1.10395000e-06
3.61851773e-01,1.10405000e-06
3.61851747e-01,1.10415000e-06
3.61851230e-01,1.10425000e-06
3.61851284e-01,1.10435000e-06
3.61850848e-01,1.10445000e-06
3.61850982e-01,1.10455000e-06
3.61850627e-01,1.10465000e-06
3.61850843e-01,1.10475000e-06
3.61850569e-01,1.10485000e-06
3.61850866e-01,1.10495000e-06
3.61850674e-01,1.10505000e-06
3.61851052e-01,1.10515000e-06
3.61850941e-01,1.10525000e-06
3.61851401e-01,1.10535000e-06
3.61851372e-01,1.10545000e-06
3.61851913e-01,1.10555000e-06
3.61851967e-01,1.10565000e-06
3.61852591e-01,1.10575000e-06
3.61852727e-01,1.10585000e-06
3.61853432e-01,1.10595000e-06
3.61853651e-01,1.10605000e-06
3.61854440e-01,1.10615000e-06
3.61854741e-01,1.10625000e-06
3.61855612e-01,1.10635000e-06
3.61855997e-01,1.10645000e-06
3.61856952e-01,1.10655000e-06
3.61857420e-01,1.10665000e-06
3.61858457e-01,1.10675000e-06
3.61859009e-01,1.10685000e-06
3.61860130e-01,1.10695000e-06
3.61860766e-01,1.10705000e-06
3.61861971e-01,1.10715000e-06
3.61862691e-01,1.10725000e-06
3.61863979e-01,1.10735000e-06
3.61864784e-01,1.10745000e-06
3.61866157e-01,1.10755000e-06
3.61867046e-01,1.10765000e-06
3.61868503e-01,1.10775000e-06
3.61869477e-01,1.10785000e-06
3.61871019e-01,1.10795000e-06
3.61872079e-01,1.10805000e-06
3.61873706e-01,1.10815000e-06
3.61874850e-01,1.10825000e-06
3.61876562e-01,1.10835000e-06
3.61877793e-01,1.10845000e-06
3.61879590e-01,1.10855000e-06
3.61880907e-01,1.10865000e-06
3.61882790e-01,1.10875000e-06
3.61884192e-01,1.10885000e-06
3.61886162e-01,1.10895000e-06
3.61887651e-01,1.10905000e-06
3.61889706e-01,1.10915000e-06
3.61891282e-01,1.10925000e-06
3.61893424e-01,1.10935000e-06
3.61895086e-01,1.10945000e-06
3.61897315e-01,1.10955000e-06
3.61899065e-01,1.10965000e-06
3.61901380e-01,1.10975000e-06
3.61903217e-01,1.10985000e-06
3.61905620e-01,1.10995000e-06
3.61907545e-01,1.11005000e-06
3.61910036e-01,1.11015000e-06
3.61912049e-01,1.11025000e-06
3.61914627e-01,1.11035000e-06
3.61916728e-01,1.11045000e-06
3.61919394e-01,1.11055000e-06
3.61921584e-01,1.11065000e-06
3.61924338e-01,1.11075000e-06
3.61926617e-01,1.11085000e-06
3.61929460e-01,1.11095000e-06
3.61931827e-01,1.11105000e-06
3.61934759e-01,1.11115000e-06
3.61937216e-01,1.11125000e-06
3.61940237e-01,1.11135000e-06
3.61942783e-01,1.11145000e-06
3.61945893e-01,1.11155000e-06
3.61948529e-01,1.11165000e-06
3.61951729e-01,1.11175000e-06
3.61954455e-01,1.11185000e-06
3.61957745e-01,1.11195000e-06
3.61960562e-01,1.11205000e-06
3.61963942e-01,1.11215000e-06
3.61966849e-01,1.11225000e-06
3.61970319e-01,1.11235000e-06
3.61973317e-01,1.11245000e-06
3.61976878e-01,1.11255000e-06
3.61979968e-01,1.11265000e-06
3.61983620e-01,1.11275000e-06
3.61986801e-01,1.11285000e-06
3.61990544e-01,1.11295000e-06
3.61993816e-01,1.11305000e-06
3.61997651e-01,1.11315000e-06
3.62001015e-01,1.11325000e-06
3.62004942e-01,1.11335000e-06
3.62008399e-01,1.11345000e-06
3.62012417e-01,1.11355000e-06
3.62015967e-01,1.11365000e-06
3.62020078e-01,1.11375000e-06
3.62023720e-01,1.11385000e-06
3.62027923e-01,1.11395000e-06
3.62031659e-01,1.11405000e-06
3.62035955e-01,1.11415000e-06
3.62039784e-01,1.11425000e-06
3.62044173e-01,1.11435000e-06
3.62048096e-01,1.11445000e-06
3.62052579e-01,1.11455000e-06
3.62056595e-01,1.11465000e-06
3.62061172e-01,1.11475000e-06
3.62065283e-01,1.11485000e-06
3.62069953e-01,1.11495000e-06
3.62074158e-01,1.11505000e-06
3.62078923e-01,1.11515000e-06
3.62083223e-01,1.11525000e-06
3.62088083e-01,1.11535000e-06
3.62092478e-01,1.11545000e-06
3.62097432e-01,1.11555000e-06
3.62101923e-01,1.11565000e-06
3.62106972e-01,1.11575000e-06
3.62111559e-01,1.11585000e-06
3.62116703e-01,1.11595000e-06
3.62121386e-01,1.11605000e-06
3.62126626e-01,1.11615000e-06
3.62131405e-01,1.11625000e-06
3.62136741e-01,1.11635000e-06
3.62141617e-01,1.11645000e-06
3.62147049e-01,1.11655000e-06
3.62152022e-01,1.11665000e-06
3.62157551e-01,1.11675000e-06
3.62162620e-01,1.11685000e-06
3.62168246e-01,1.11695000e-06
3.62173413e-01,1.11705000e-06
3.62179136e-01,1.11715000e-06
3.62184401e-01,1.11725000e-06
3.62190221e-01,1.11735000e-06
3.62195584e-01,1.11745000e-06
3.62201502e-01,1.11755000e-06
3.62206963e-01,1.11765000e-06
3.62212980e-01,1.11775000e-06
3.62218539e-01,1.11785000e-06
3.62224654e-01,1.11795000e-06
3.62230313e-01,1.11805000e-06
3.62236526e-01,1.11815000e-06
3.62242284e-01,1.11825000e-06
3.62248596e-01,1.11835000e-06
3.62254453e-01,1.11845000e-06
3.62260865e-01,1.11855000e-06
3.62266822e-01,1.11865000e-06
3.62273333e-01,1.11875000e-06
3.62279390e-01,1.11885000e-06
3.62286001e-01,1.11895000e-06
3.62292158e-01,1.11905000e-06
3.62298870e-01,1.11915000e-06
3.62305129e-01,1.11925000e-06
3.62311942e-01,1.11935000e-06
3.62318301e-01,1.11945000e-06
3.62325216e-01,1.11955000e-06
3.62331677e-01,1.11965000e-06
3.62338693e-01,1.11975000e-06
3.62345256e-01,1.11985000e-06
3.62352375e-01,1.11995000e-06
3.62359039e-01,1.12005000e-06
3.62366261e-01,1.12015000e-06
3.62373028e-01,1.12025000e-06
3.62380352e-01,1.12035000e-06
3.62387221e-01,1.12045000e-06
3.62394649e-01,1.12055000e-06
3.62401621e-01,1.12065000e-06
3.62409152e-01,1.12075000e-06
3.62416228e-01,1.12085000e-06
3.62423863e-01,1.12095000e-06
3.62431042e-01,1.12105000e-06
3.62438780e-01,1.12115000e-06
3.62446063e-01,1.12125000e-06
3.62453907e-01,1.12135000e-06
3.62461294e-01,1.12145000e-06
3.62469242e-01,1.12155000e-06
3.62476733e-01,1.12165000e-06
3.62484786e-01,1.12175000e-06
3.62492383e-01,1.12185000e-06
3.62500541e-01,1.12195000e-06
3.62508242e-01,1.12205000e-06
3.62516506e-01,1.12215000e-06
3.62524313e-01,1.12225000e-06
3.62532683e-01,1.12235000e-06
3.62540596e-01,1.12245000e-06
3.62549072e-01,1.12255000e-06
3.62557091e-01,1.12265000e-06
3.62565674e-01,1.12275000e-06
3.62573799e-01,1.12285000e-06
3.62582488e-01,1.12295000e-06
3.62590720e-01,1.12305000e-06
3.62599517e-01,1.12315000e-06
3.62607856e-01,1.12325000e-06
3.62616760e-01,1.12335000e-06
3.62625206e-01,1.12345000e-06
3.62634219e-01,1.12355000e-06
3.62642772e-01,1.12365000e-06
3.62651893e-01,1.12375000e-06
3.62660555e-01,1.12385000e-06
3.62669784e-01,1.12395000e-06
3.62678554e-01,1.12405000e-06
3.62687892e-01,1.12415000e-06
3.62696770e-01,1.12425000e-06
3.62706217e-01,1.12435000e-06
3.62715205e-01,1.12445000e-06
3.62724761e-01,1.12455000e-06
3.62733858e-01,1.12465000e-06
3.62743524e-01,1.12475000e-06
3.62752730e-01,1.12485000e-06
3.62762507e-01,1.12495000e-06
3.62771823e-01,1.12505000e-06
3.62781710e-01,1.12515000e-06
3.62791136e-01,1.12525000e-06
3.62801134e-01,1.12535000e-06
3.62810671e-01,1.12545000e-06
3.62820780e-01,1.12555000e-06
3.62830427e-01,1.12565000e-06
3.62840648e-01,1.12575000e-06
3.62850407e-01,1.12585000e-06
3.62860738e-01,1.12595000e-06
3.62870609e-01,1.12605000e-06
3.62881053e-01,1.12615000e-06
3.62891036e-01,1.12625000e-06
3.62901592e-01,1.12635000e-06
3.62911687e-01,1.12645000e-06
3.62922356e-01,1.12655000e-06
3.62932563e-01,1.12665000e-06
3.62943345e-01,1.12675000e-06
3.62953665e-01,1.12685000e-06
3.62964561e-01,1.12695000e-06
3.62974994e-01,1.12705000e-06
3.62986003e-01,1.12715000e-06
3.62996550e-01,1.12725000e-06
3.63007673e-01,1.12735000e-06
3.63018334e-01,1.12745000e-06
3.63029571e-01,1.12755000e-06
3.63040346e-01,1.12765000e-06
3.63051698e-01,1.12775000e-06
3.63062588e-01,1.12785000e-06
3.63074055e-01,1.12795000e-06
3.63085059e-01,1.12805000e-06
3.63096642e-01,1.12815000e-06
3.63107761e-01,1.12825000e-06
3.63119460e-01,1.12835000e-06
3.63130695e-01,1.12845000e-06
3.63142509e-01,1.12855000e-06
3.63153860e-01,1.12865000e-06
3.63165791e-01,1.12875000e-06
3.63177258e-01,1.12885000e-06
3.63189305e-01,1.12895000e-06
3.63200889e-01,1.12905000e-06
3.63213053e-01,1.12915000e-06
3.63224754e-01,1.12925000e-06
3.63237036e-01,1.12935000e-06
3.63248853e-01,1.12945000e-06
3.63261253e-01,1.12955000e-06
3.63273188e-01,1.12965000e-06
3.63285706e-01,1.12975000e-06
3.63297759e-01,1.12985000e-06
3.63310395e-01,1.12995000e-06
3.63322566e-01,1.13005000e-06
3.63335321e-01,1.13015000e-06
3.63347611e-01,1.13025000e-06
3.63360485e-01,1.13035000e-06
3.63372893e-01,1.13045000e-06
3.63385887e-01,1.13055000e-06
3.63398415e-01,1.13065000e-06
3.63411528e-01,1.13075000e-06
3.63424175e-01,1.13085000e-06
3.63437409e-01,1.13095000e-06
3.63450176e-01,1.13105000e-06
3.63463530e-01,1.13115000e-06
3.63476417e-01,1.13125000e-06
3.63489892e-01,1.13135000e-06
3.63502900e-01,1.13145000e-06
3.63516495e-01,1.13155000e-06
3.63529624e-01,1.13165000e-06
3.63543341e-01,1.13175000e-06
3.63556591e-01,1.13185000e-06
3.63570430e-01,1.13195000e-06
3.63583802e-01,1.13205000e-06
3.63597763e-01,1.13215000e-06
3.63611257e-01,1.13225000e-06
3.63625341e-01,1.13235000e-06
3.63638957e-01,1.13245000e-06
3.63653163e-01,1.13255000e-06
3.63666902e-01,1.13265000e-06
3.63681232e-01,1.13275000e-06
3.63695093e-01,1.13285000e-06
3.63709474e-01,1.13295000e-06
3.63723387e-01,1.13305000e-06
3.63737891e-01,1.13315000e-06
3.63751927e-01,1.13325000e-06
3.63766556e-01,1.13335000e-06
3.63780716e-01,1.13345000e-06
3.63795468e-01,1.13355000e-06
3.63809752e-01,1.13365000e-06
3.63824630e-01,1.13375000e-06
3.63839038e-01,1.13385000e-06
3.63854040e-01,1.13395000e-06
3.63868573e-01,1.13405000e-06
3.63883701e-01,1.13415000e-06
3.63898359e-01,1.13425000e-06
3.63913613e-01,1.13435000e-06
3.63928396e-01,1.13445000e-06
3.63943775e-01,1.13455000e-06
3.63958685e-01,1.13465000e-06
3.63974191e-01,1.13475000e-06
3.63989226e-01,1.13485000e-06
3.64004858e-01,1.13495000e-06
3.64020021e-01,1.13505000e-06
3.64035780e-01,1.13515000e-06
3.64051069e-01,1.13525000e-06
3.64066956e-01,1.13535000e-06
3.64082372e-01,1.13545000e-06
3.64098386e-01,1.13555000e-06
3.64113930e-01,1.13565000e-06
3.64130072e-01,1.13575000e-06
3.64145744e-01,1.13585000e-06
3.64162015e-01,1.13595000e-06
3.64177815e-01,1.13605000e-06
3.64194214e-01,1.13615000e-06
3.64210143e-01,1.13625000e-06
3.64226671e-01,1.13635000e-06
3.64242729e-01,1.13645000e-06
3.64259387e-01,1.13655000e-06
3.64275573e-01,1.13665000e-06
3.64292361e-01,1.13675000e-06
3.64308678e-01,1.13685000e-06
3.64325596e-01,1.13695000e-06
3.64342042e-01,1.13705000e-06
3.64359091e-01,1.13715000e-06
3.64375667e-01,1.13725000e-06
3.64392846e-01,1.13735000e-06
3.64409554e-01,1.13745000e-06
3.64426864e-01,1.13755000e-06
3.64443702e-01,1.13765000e-06
3.64461145e-01,1.13775000e-06
3.64478114e-01,1.13785000e-06
3.64495688e-01,1.13795000e-06
3.64512789e-01,1.13805000e-06
3.64530496e-01,1.13815000e-06
3.64547729e-01,1.13825000e-06
3.64565568e-01,1.13835000e-06
3.64582933e-01,1.13845000e-06
3.64600905e-01,1.13855000e-06
3.64618403e-01,1.13865000e-06
3.64636509e-01,1.13875000e-06
3.64654140e-01,1.13885000e-06
3.64672379e-01,1.13895000e-06
3.64690143e-01,1.13905000e-06
3.64708516e-01,1.13915000e-06
3.64726415e-01,1.13925000e-06
3.64744922e-01,1.13935000e-06
3.64762954e-01,1.13945000e-06
3.64781596e-01,1.13955000e-06
3.64799763e-01,1.13965000e-06
3.64818540e-01,1.13975000e-06
3.64836842e-01,1.13985000e-06
3.64855754e-01,1.13995000e-06
3.64874191e-01,1.14005000e-06
3.64893239e-01,1.14015000e-06
3.64911811e-01,1.14025000e-06
3.64930995e-01,1.14035000e-06
3.64949704e-01,1.14045000e-06
3.64969024e-01,1.14055000e-06
3.64987868e-01,1.14065000e-06
3.65007325e-01,1.14075000e-06
3.65026306e-01,1.14085000e-06
3.65045900e-01,1.14095000e-06
3.65065018e-01,1.14105000e-06
3.65084750e-01,1.14115000e-06
3.65104005e-01,1.14125000e-06
3.65123874e-01,1.14135000e-06
3.65143267e-01,1.14145000e-06
3.65163274e-01,1.14155000e-06
3.65182805e-01,1.14165000e-06
3.65202951e-01,1.14175000e-06
3.65222620e-01,1.14185000e-06
3.65242904e-01,1.14195000e-06
3.65262712e-01,1.14205000e-06
3.65283135e-01,1.14215000e-06
3.65303082e-01,1.14225000e-06
3.65323645e-01,1.14235000e-06
3.65343731e-01,1.14245000e-06
3.65364433e-01,1.14255000e-06
3.65384659e-01,1.14265000e-06
3.65405502e-01,1.14275000e-06
3.65425867e-01,1.14285000e-06
3.65446851e-01,1.14295000e-06
3.65467357e-01,1.14305000e-06
3.65488481e-01,1.14315000e-06
3.65509127e-01,1.14325000e-06
3.65530393e-01,1.14335000e-06
3.65551180e-01,1.14345000e-06
3.65572587e-01,1.14355000e-06
3.65593516e-01,1.14365000e-06
3.65615065e-01,1.14375000e-06
3.65636135e-01,1.14385000e-06
3.65657826e-01,1.14395000e-06
3.65679038e-01,1.14405000e-06
3.65700872e-01,1.14415000e-06
3.65722226e-01,1.14425000e-06
3.65744203e-01,1.14435000e-06
3.65765700e-01,1.14445000e-06
3.65787820e-01,1.14455000e-06
3.65809460e-01,1.14465000e-06
3.65831723e-01,1.14475000e-06
3.65853507e-01,1.14485000e-06
3.65875914e-01,1.14495000e-06
3.65897841e-01,1.14505000e-06
3.65920393e-01,1.14515000e-06
3.65942464e-01,1.14525000e-06
3.65965160e-01,1.14535000e-06
3.65987375e-01,1.14545000e-06
3.66010216e-01,1.14555000e-06
3.66032576e-01,1.14565000e-06
3.66055562e-01,1.14575000e-06
3.66078067e-01,1.14585000e-06
3.66101199e-01,1.14595000e-06
3.66123849e-01,1.14605000e-06
3.66147127e-01,1.14615000e-06
3.66169923e-01,1.14625000e-06
3.66193347e-01,1.14635000e-06
3.66216289e-01,1.14645000e-06
3.66239859e-01,1.14655000e-06
3.66262948e-01,1.14665000e-06
3.66286664e-01,1.14675000e-06
3.66309900e-01,1.14685000e-06
3.66333764e-01,1.14695000e-06
3.66357146e-01,1.14705000e-06
3.66381157e-01,1.14715000e-06
3.66404687e-01,1.14725000e-06
3.66428846e-01,1.14735000e-06
3.66452524e-01,1.14745000e-06
3.66476831e-01,1.14755000e-06
3.66500656e-01,1.14765000e-06
3.66525112e-01,1.14775000e-06
3.66549086e-01,1.14785000e-06
3.66573691e-01,1.14795000e-06
3.66597813e-01,1.14805000e-06
3.66622567e-01,1.14815000e-06
3.66646838e-01,1.14825000e-06
3.66671741e-01,1.14835000e-06
3.66696161e-01,1.14845000e-06
3.66721214e-01,1.14855000e-06
3.66745784e-01,1.14865000e-06
3.66770987e-01,1.14875000e-06
3.66795707e-01,1.14885000e-06
3.66821061e-01,1.14895000e-06
3.66845931e-01,1.14905000e-06
3.66871435e-01,1.14915000e-06
3.66896455e-01,1.14925000e-06
3.66922111e-01,1.14935000e-06
3.66947282e-01,1.14945000e-06
3.66973089e-01,1.14955000e-06
3.66998411e-01,1.14965000e-06
3.67024370e-01,1.14975000e-06
3.67049843e-01,1.14985000e-06
3.67075954e-01,1.14995000e-06
3.67101580e-01,1.15005000e-06
3.67127842e-01,1.15015000e-06
3.67153620e-01,1.15025000e-06
3.67180035e-01,1.15035000e-06
3.67205965e-01,1.15045000e-06
3.67232533e-01,1.15055000e-06
3.67258616e-01,1.15065000e-06
3.67285338e-01,1.15075000e-06
3.67311574e-01,1.15085000e-06
3.67338448e-01,1.15095000e-06
3.67364838e-01,1.15105000e-06
3.67391866e-01,1.15115000e-06
3.67418409e-01,1.15125000e-06
3.67445592e-01,1.15135000e-06
3.67472289e-01,1.15145000e-06
3.67499626e-01,1.15155000e-06
3.67526477e-01,1.15165000e-06
3.67553969e-01,1.15175000e-06
3.67580975e-01,1.15185000e-06
3.67608622e-01,1.15195000e-06
3.67635782e-01,1.15205000e-06
3.67663585e-01,1.15215000e-06
3.67690900e-01,1.15225000e-06
3.67718858e-01,1.15235000e-06
3.67746329e-01,1.15245000e-06
3.67774443e-01,1.15255000e-06
3.67802070e-01,1.15265000e-06
3.67830340e-01,1.15275000e-06
3.67858123e-01,1.15285000e-06
3.67886549e-01,1.15295000e-06
3.67914488e-01,1.15305000e-06
3.67943072e-01,1.15315000e-06
3.67971167e-01,1.15325000e-06
3.67999908e-01,1.15335000e-06
3.68028161e-01,1.15345000e-06
3.68057059e-01,1.15355000e-06
3.68085468e-01,1.15365000e-06
3.68114524e-01,1.15375000e-06
3.68143091e-01,1.15385000e-06
3.68172305e-01,1.15395000e-06
3.68201030e-01,1.15405000e-06
3.68230402e-01,1.15415000e-06
3.68259284e-01,1.15425000e-06
3.68288815e-01,1.15435000e-06
3.68317856e-01,1.15445000e-06
3.68347545e-01,1.15455000e-06
3.68376745e-01,1.15465000e-06
3.68406594e-01,1.15475000e-06
3.68435952e-01,1.15485000e-06
3.68465960e-01,1.15495000e-06
3.68495478e-01,1.15505000e-06
3.68525645e-01,1.15515000e-06
3.68555323e-01,1.15525000e-06
3.68585650e-01,1.15535000e-06
3.68615487e-01,1.15545000e-06
3.68645975e-01,1.15555000e-06
3.68675972e-01,1.15565000e-06
3.68706619e-01,1.15575000e-06
3.68736777e-01,1.15585000e-06
3.68767585e-01,1.15595000e-06
3.68797903e-01,1.15605000e-06
3.68828873e-01,1.15615000e-06
3.68859351e-01,1.15625000e-06
3.68890482e-01,1.15635000e-06
3.68921122e-01,1.15645000e-06
3.68952414e-01,1.15655000e-06
3.68983215e-01,1.15665000e-06
3.69014669e-01,1.15675000e-06
3.69045632e-01,1.15685000e-06
3.69077248e-01,1.15695000e-06
3.69108373e-01,1.15705000e-06
3.69140151e-01,1.15715000e-06
3.69171438e-01,1.15725000e-06
3.69203379e-01,1.15735000e-06
3.69234828e-01,1.15745000e-06
3.69266932e-01,1.15755000e-06
3.69298543e-01,1.15765000e-06
3.69330810e-01,1.15775000e-06
3.69362584e-01,1.15785000e-06
3.69395015e-01,1.15795000e-06
3.69426952e-01,1.15805000e-06
3.69459546e-01,1.15815000e-06
3.69491646e-01,1.15825000e-06
3.69524404e-01,1.15835000e-06
3.69556668e-01,1.15845000e-06
3.69589590e-01,1.15855000e-06
3.69622018e-01,1.15865000e-06
3.69655104e-01,1.15875000e-06
3.69687697e-01,1.15885000e-06
3.69720947e-01,1.15895000e-06
3.69753704e-01,1.15905000e-06
3.69787119e-01,1.15915000e-06
3.69820040e-01,1.15925000e-06
3.69853621e-01,1.15935000e-06
3.69886707e-01,1.15945000e-06
3.69920452e-01,1.15955000e-06
3.69953703e-01,1.15965000e-06
3.69987614e-01,1.15975000e-06
3.70021031e-01,1.15985000e-06
3.70055108e-01,1.15995000e-06
3.70088689e-01,1.16005000e-06
3.70122932e-01,1.16015000e-06
3.70156679e-01,1.16025000e-06
3.70191088e-01,1.16035000e-06
3.70225001e-01,1.16045000e-06
3.70259577e-01,1.16055000e-06
3.70293656e-01,1.16065000e-06
3.70328398e-01,1.16075000e-06
3.70362644e-01,1.16085000e-06
3.70397553e-01,1.16095000e-06
3.70431965e-01,1.16105000e-06
3.70467041e-01,1.16115000e-06
3.70501620e-01,1.16125000e-06
3.70536864e-01,1.16135000e-06
3.70571610e-01,1.16145000e-06
3.70607020e-01,1.16155000e-06
3.70641934e-01,1.16165000e-06
3.70677512e-01,1.16175000e-06
3.70712593e-01,1.16185000e-06
3.70748339e-01,1.16195000e-06
3.70783587e-01,1.16205000e-06
3.70819502e-01,1.16215000e-06
3.70854918e-01,1.16225000e-06
3.70891001e-01,1.16235000e-06
3.70926585e-01,1.16245000e-06
3.70962836e-01,1.16255000e-06
3.70998589e-01,1.16265000e-06
3.71035008e-01,1.16275000e-06
3.71070929e-01,1.16285000e-06
3.71107518e-01,1.16295000e-06
3.71143608e-01,1.16305000e-06
3.71180365e-01,1.16315000e-06
3.71216624e-01,1.16325000e-06
3.71253551e-01,1.16335000e-06
3.71289978e-01,1.16345000e-06
3.71327075e-01,1.16355000e-06
3.71363671e-01,1.16365000e-06
3.71400937e-01,1.16375000e-06
3.71437703e-01,1.16385000e-06
3.71475139e-01,1.16395000e-06
3.71512074e-01,1.16405000e-06
3.71549680e-01,1.16415000e-06
3.71586786e-01,1.16425000e-06
3.71624562e-01,1.16435000e-06
3.71661837e-01,1.16445000e-06
3.71699783e-01,1.16455000e-06
3.71737228e-01,1.16465000e-06
3.71775345e-01,1.16475000e-06
3.71812961e-01,1.16485000e-06
3.71851248e-01,1.16495000e-06
3.71889034e-01,1.16505000e-06
3.71927492e-01,1.16515000e-06
3.71965449e-01,1.16525000e-06
3.72004078e-01,1.16535000e-06
3.72042205e-01,1.16545000e-06
3.72081006e-01,1.16555000e-06
3.72119304e-01,1.16565000e-06
3.72158276e-01,1.16575000e-06
3.72196745e-01,1.16585000e-06
3.72235888e-01,1.16595000e-06
3.72274528e-01,1.16605000e-06
3.72313843e-01,1.16615000e-06
3.72352655e-01,1.16625000e-06
3.72392142e-01,1.16635000e-06
3.72431125e-01,1.16645000e-06
3.72470784e-01,1.16655000e-06
3.72509938e-01,1.16665000e-06
3.72549769e-01,1.16675000e-06
3.72589095e-01,1.16685000e-06
3.72629098e-01,1.16695000e-06
3.72668597e-01,1.16705000e-06
3.72708772e-01,1.16715000e-06
3.72748443e-01,1.16725000e-06
3.72788790e-01,1.16735000e-06
3.72828633e-01,1.16745000e-06
3.72869153e-01,1.16755000e-06
3.72909168e-01,1.16765000e-06
3.72949861e-01,1.16775000e-06
3.72990049e-01,1.16785000e-06
3.73030915e-01,1.16795000e-06
3.73071275e-01,1.16805000e-06
3.73112313e-01,1.16815000e-06
3.73152846e-01,1.16825000e-06
3.73194058e-01,1.16835000e-06
3.73234763e-01,1.16845000e-06
3.73276148e-01,1.16855000e-06
3.73317027e-01,1.16865000e-06
3.73358585e-01,1.16875000e-06
3.73399637e-01,1.16885000e-06
3.73441368e-01,1.16895000e-06
3.73482593e-01,1.16905000e-06
3.73524498e-01,1.16915000e-06
3.73565896e-01,1.16925000e-06
3.73607975e-01,1.16935000e-06
3.73649546e-01,1.16945000e-06
3.73691799e-01,1.16955000e-06
3.73733543e-01,1.16965000e-06
3.73775970e-01,1.16975000e-06
3.73817888e-01,1.16985000e-06
3.73860488e-01,1.16995000e-06
3.73902580e-01,1.17005000e-06
3.73945354e-01,1.17015000e-06
3.73987620e-01,1.17025000e-06
3.74030568e-01,1.17035000e-06
3.74073008e-01,1.17045000e-06
3.74116130e-01,1.17055000e-06
3.74158743e-01,1.17065000e-06
3.74202040e-01,1.17075000e-06
3.74244827e-01,1.17085000e-06
3.74288299e-01,1.17095000e-06
3.74331260e-01,1.17105000e-06
3.74374905e-01,1.17115000e-06
3.74418040e-01,1.17125000e-06
3.74461861e-01,1.17135000e-06
3.74505170e-01,1.17145000e-06
3.74549165e-01,1.17155000e-06
3.74592648e-01,1.17165000e-06
3.74636818e-01,1.17175000e-06
3.74680475e-01,1.17185000e-06
3.74724819e-01,1.17195000e-06
3.74768652e-01,1.17205000e-06
3.74813170e-01,1.17215000e-06
3.74857177e-01,1.17225000e-06
3.74901870e-01,1.17235000e-06
3.74946051e-01,1.17245000e-06
3.74990920e-01,1.17255000e-06
3.75035275e-01,1.17265000e-06
3.75080319e-01,1.17275000e-06
3.75124849e-01,1.17285000e-06
3.75170067e-01,1.17295000e-06
3.75214771e-01,1.17305000e-06
3.75260165e-01,1.17315000e-06
3.75305044e-01,1.17325000e-06
3.75350612e-01,1.17335000e-06
3.75395666e-01,1.17345000e-06
3.75441409e-01,1.17355000e-06
3.75486638e-01,1.17365000e-06
3.75532556e-01,1.17375000e-06
3.75577959e-01,1.17385000e-06
3.75624053e-01,1.17395000e-06
3.75669631e-01,1.17405000e-06
3.75715899e-01,1.17415000e-06
3.75761652e-01,1.17425000e-06
3.75808096e-01,1.17435000e-06
3.75854023e-01,1.17445000e-06
3.75900642e-01,1.17455000e-06
3.75946744e-01,1.17465000e-06
3.75993538e-01,1.17475000e-06
3.76039815e-01,1.17485000e-06
3.76086784e-01,1.17495000e-06
3.76133236e-01,1.17505000e-06
3.76180380e-01,1.17515000e-06
3.76227007e-01,1.17525000e-06
3.76274327e-01,1.17535000e-06
3.76321128e-01,1.17545000e-06
3.76368623e-01,1.17555000e-06
3.76415599e-01,1.17565000e-06
3.76463269e-01,1.17575000e-06
3.76510420e-01,1.17585000e-06
3.76558265e-01,1.17595000e-06
3.76605591e-01,1.17605000e-06
3.76653611e-01,1.17615000e-06
3.76701112e-01,1.17625000e-06
3.76749307e-01,1.17635000e-06
3.76796982e-01,1.17645000e-06
3.76845352e-01,1.17655000e-06
3.76893203e-01,1.17665000e-06
3.76941748e-01,1.17675000e-06
3.76989773e-01,1.17685000e-06
3.77038493e-01,1.17695000e-06
3.77086693e-01,1.17705000e-06
3.77135588e-01,1.17715000e-06
3.77183962e-01,1.17725000e-06
3.77233032e-01,1.17735000e-06
3.77281581e-01,1.17745000e-06
3.77330826e-01,1.17755000e-06
3.77379550e-01,1.17765000e-06
3.77428970e-01,1.17775000e-06
3.77477868e-01,1.17785000e-06
3.77527462e-01,1.17795000e-06
3.77576535e-01,1.17805000e-06
3.77626304e-01,1.17815000e-06
3.77675551e-01,1.17825000e-06
3.77725496e-01,1.17835000e-06
3.77774917e-01,1.17845000e-06
3.77825036e-01,1.17855000e-06
3.77874631e-01,1.17865000e-06
3.77924925e-01,1.17875000e-06
3.77974695e-01,1.17885000e-06
3.78025163e-01,1.17895000e-06
3.78075107e-01,1.17905000e-06
3.78125749e-01,1.17915000e-06
3.78175867e-01,1.17925000e-06
3.78226684e-01,1.17935000e-06
3.78276976e-01,1.17945000e-06
3.78327967e-01,1.17955000e-06
3.78378433e-01,1.17965000e-06
3.78429599e-01,1.17975000e-06
3.78480239e-01,1.17985000e-06
3.78531578e-01,1.17995000e-06
3.78582392e-01,1.18005000e-06
3.78633905e-01,1.18015000e-06
3.78684893e-01,1.18025000e-06
3.78736580e-01,1.18035000e-06
3.78787741e-01,1.18045000e-06
3.78839602e-01,1.18055000e-06
3.78890937e-01,1.18065000e-06
3.78942972e-01,1.18075000e-06
3.78994480e-01,1.18085000e-06
3.79046689e-01,1.18095000e-06
3.79098370e-01,1.18105000e-06
3.79150752e-01,1.18115000e-06
3.79202606e-01,1.18125000e-06
3.79255162e-01,1.18135000e-06
3.79307189e-01,1.18145000e-06
3.79359918e-01,1.18155000e-06
3.79412118e-01,1.18165000e-06
3.79465021e-01,1.18175000e-06
3.79517394e-01,1.18185000e-06
3.79570469e-01,1.18195000e-06
3.79623015e-01,1.18205000e-06
3.79676263e-01,1.18215000e-06
3.79728981e-01,1.18225000e-06
3.79782402e-01,1.18235000e-06
3.79835293e-01,1.18245000e-06
3.79888887e-01,1.18255000e-06
3.79941949e-01,1.18265000e-06
3.79995716e-01,1.18275000e-06
3.80048951e-01,1.18285000e-06
3.80102889e-01,1.18295000e-06
3.80156296e-01,1.18305000e-06
3.80210407e-01,1.18315000e-06
3.80263986e-01,1.18325000e-06
3.80318269e-01,1.18335000e-06
3.80372020e-01,1.18345000e-06
3.80426475e-01,1.18355000e-06
3.80480397e-01,1.18365000e-06
3.80535023e-01,1.18375000e-06
3.80589117e-01,1.18385000e-06
3.80643915e-01,1.18395000e-06
3.80698180e-01,1.18405000e-06
3.80753150e-01,1.18415000e-06
3.80807585e-01,1.18425000e-06
3.80862726e-01,1.18435000e-06
3.80917333e-01,1.18445000e-06
3.80972645e-01,1.18455000e-06
3.81027422e-01,1.18465000e-06
3.81082905e-01,1.18475000e-06
3.81137853e-01,1.18485000e-06
3.81193506e-01,1.18495000e-06
3.81248624e-01,1.18505000e-06
3.81304449e-01,1.18515000e-06
3.81359737e-01,1.18525000e-06
3.81415731e-01,1.18535000e-06
3.81471189e-01,1.18545000e-06
3.81527354e-01,1.18555000e-06
3.81582982e-01,1.18565000e-06
3.81639317e-01,1.18575000e-06
3.81695114e-01,1.18585000e-06
3.81751618e-01,1.18595000e-06
3.81807585e-01,1.18605000e-06
3.81864259e-01,1.18615000e-06
3.81920394e-01,1.18625000e-06
3.81977238e-01,1.18635000e-06
3.82033542e-01,1.18645000e-06
3.82090555e-01,1.18655000e-06
3.82147028e-01,1.18665000e-06
3.82204210e-01,1.18675000e-06
3.82260851e-01,1.18685000e-06
3.82318201e-01,1.18695000e-06
3.82375011e-01,1.18705000e-06
3.82432530e-01,1.18715000e-06
3.82489508e-01,1.18725000e-06
3.82547194e-01,1.18735000e-06
3.82604340e-01,1.18745000e-06
3.82662195e-01,1.18755000e-06
3.82719508e-01,1.18765000e-06
3.82777530e-01,1.18775000e-06
3.82835011e-01,1.18785000e-06
3.82893201e-01,1.18795000e-06
3.82950848e-01,1.18805000e-06
3.83009206e-01,1.18815000e-06
3.83067020e-01,1.18825000e-06
3.83125544e-01,1.18835000e-06
3.83183525e-01,1.18845000e-06
3.83242216e-01,1.18855000e-06
3.83300363e-01,1.18865000e-06
3.83359221e-01,1.18875000e-06
3.83417534e-01,1.18885000e-06
3.83476557e-01,1.18895000e-06
3.83535036e-01,1.18905000e-06
3.83594226e-01,1.18915000e-06
3.83652870e-01,1.18925000e-06
3.83712226e-01,1.18935000e-06
3.83771035e-01,1.18945000e-06
3.83830556e-01,1.18955000e-06
3.83889530e-01,1.18965000e-06
3.83949216e-01,1.18975000e-06
3.84008356e-01,1.18985000e-06
3.84068206e-01,1.18995000e-06
3.84127510e-01,1.19005000e-06
3.84187525e-01,1.19015000e-06
3.84246993e-01,1.19025000e-06
3.84307172e-01,1.19035000e-06
3.84366804e-01,1.19045000e-06
3.84427147e-01,1.19055000e-06
3.84486942e-01,1.19065000e-06
3.84547450e-01,1.19075000e-06
3.84607408e-01,1.19085000e-06
3.84668078e-01,1.19095000e-06
3.84728199e-01,1.19105000e-06
3.84789033e-01,1.19115000e-06
3.84849317e-01,1.19125000e-06
3.84910313e-01,1.19135000e-06
3.84970759e-01,1.19145000e-06
3.85031918e-01,1.19155000e-06
3.85092526e-01,1.19165000e-06
3.85153847e-01,1.19175000e-06
3.85214617e-01,1.19185000e-06
3.85276100e-01,1.19195000e-06
3.85337030e-01,1.19205000e-06
3.85398675e-01,1.19215000e-06
3.85459767e-01,1.19225000e-06
3.85521572e-01,1.19235000e-06
3.85582825e-01,1.19245000e-06
3.85644791e-01,1.19255000e-06
3.85706204e-01,1.19265000e-06
3.85768331e-01,1.19275000e-06
3.85829903e-01,1.19285000e-06
3.85892190e-01,1.19295000e-06
3.85953923e-01,1.19305000e-06
3.86016370e-01,1.19315000e-06
3.86078261e-01,1.19325000e-06
3.86140868e-01,1.19335000e-06
3.86202918e-01,1.19345000e-06
3.86265684e-01,1.19355000e-06
3.86327893e-01,1.19365000e-06
3.86390817e-01,1.19375000e-06
3.86453185e-01,1.19385000e-06
3.86516267e-01,1.19395000e-06
3.86578793e-01,1.19405000e-06
3.86642033e-01,1.19415000e-06
3.86704716e-01,1.19425000e-06
3.86768115e-01,1.19435000e-06
3.86830955e-01,1.19445000e-06
3.86894510e-01,1.19455000e-06
3.86957507e-01,1.19465000e-06
3.87021220e-01,1.19475000e-06
3.87084373e-01,1.19485000e-06
3.87148242e-01,1.19495000e-06
3.87211551e-01,1.19505000e-06
3.87275577e-01,1.19515000e-06
3.87339042e-01,1.19525000e-06
3.87403223e-01,1.19535000e-06
3.87466843e-01,1.19545000e-06
3.87531179e-01,1.19555000e-06
3.87594954e-01,1.19565000e-06
3.87659446e-01,1.19575000e-06
3.87723375e-01,1.19585000e-06
3.87788021e-01,1.19595000e-06
3.87852105e-01,1.19605000e-06
3.87916905e-01,1.19615000e-06
3.87981143e-01,1.19625000e-06
3.88046097e-01,1.19635000e-06
3.88110487e-01,1.19645000e-06
3.88175595e-01,1.19655000e-06
3.88240138e-01,1.19665000e-06
3.88305399e-01,1.19675000e-06
3.88370095e-01,1.19685000e-06
3.88435508e-01,1.19695000e-06
3.88500356e-01,1.19705000e-06
3.88565921e-01,1.19715000e-06
3.88630920e-01,1.19725000e-06
3.88696637e-01,1.19735000e-06
3.88761788e-01,1.19745000e-06
3.88827656e-01,1.19755000e-06
3.88892958e-01,1.19765000e-06
3.88958977e-01,1.19775000e-06
3.89024429e-01,1.19785000e-06
3.89090599e-01,1.19795000e-06
3.89156201e-01,1.19805000e-06
3.89222520e-01,1.19815000e-06
3.89288272e-01,1.19825000e-06
3.89354741e-01,1.19835000e-06
3.89420641e-01,1.19845000e-06
3.89487260e-01,1.19855000e-06
3.89553309e-01,1.19865000e-06
3.89620076e-01,1.19875000e-06
3.89686273e-01,1.19885000e-06
3.89753189e-01,1.19895000e-06
3.89819534e-01,1.19905000e-06
3.89886597e-01,1.19915000e-06
3.89953089e-01,1.19925000e-06
3.90020299e-01,1.19935000e-06
3.90086938e-01,1.19945000e-06
3.90154296e-01,1.19955000e-06
3.90221081e-01,1.19965000e-06
3.90288585e-01,1.19975000e-06
3.90355516e-01,1.19985000e-06
3.90423166e-01,1.19995000e-06
3.90490243e-01,1.20005000e-06
3.90558038e-01,1.20015000e-06
3.90625260e-01,1.20025000e-06
3.90693200e-01,1.20035000e-06
3.90760566e-01,1.20045000e-06
3.90828652e-01,1.20055000e-06
3.90896162e-01,1.20065000e-06
3.90964391e-01,1.20075000e-06
3.91032044e-01,1.20085000e-06
3.91100417e-01,1.20095000e-06
3.91168214e-01,1.20105000e-06
3.91236730e-01,1.20115000e-06
3.91304669e-01,1.20125000e-06
3.91373328e-01,1.20135000e-06
3.91441409e-01,1.20145000e-06
3.91510210e-01,1.20155000e-06
3.91578433e-01,1.20165000e-06
3.91647375e-01,1.20175000e-06
3.91715739e-01,1.20185000e-06
3.91784823e-01,1.20195000e-06
3.91853327e-01,1.20205000e-06
3.91922552e-01,1.20215000e-06
3.91991196e-01,1.20225000e-06
3.92060561e-01,1.20235000e-06
3.92129345e-01,1.20245000e-06
3.92198849e-01,1.20255000e-06
3.92267773e-01,1.20265000e-06
3.92337416e-01,1.20275000e-06
3.92406478e-01,1.20285000e-06
3.92476260e-01,1.20295000e-06
3.92545461e-01,1.20305000e-06
3.92615381e-01,1.20315000e-06
3.92684719e-01,1.20325000e-06
3.92754776e-01,1.20335000e-06
3.92824251e-01,1.20345000e-06
3.92894446e-01,1.20355000e-06
3.92964057e-01,1.20365000e-06
3.93034389e-01,1.20375000e-06
3.93104136e-01,1.20385000e-06
3.93174604e-01,1.20395000e-06
3.93244487e-01,1.20405000e-06
3.93315090e-01,1.20415000e-06
3.93385108e-01,1.20425000e-06
3.93455846e-01,1.20435000e-06
3.93525998e-01,1.20445000e-06
3.93596871e-01,1.20455000e-06
3.93667157e-01,1.20465000e-06
3.93738164e-01,1.20475000e-06
3.93808584e-01,1.20485000e-06
3.93879724e-01,1.20495000e-06
3.93950276e-01,1.20505000e-06
3.94021549e-01,1.20515000e-06
3.94092234e-01,1.20525000e-06
3.94163639e-01,1.20535000e-06
3.94234456e-01,1.20545000e-06
3.94305993e-01,1.20555000e-06
3.94376941e-01,1.20565000e-06
3.94448609e-01,1.20575000e-06
3.94519687e-01,1.20585000e-06
3.94591487e-01,1.20595000e-06
3.94662695e-01,1.20605000e-06
3.94734624e-01,1.20615000e-06
3.94805962e-01,1.20625000e-06
3.94878021e-01,1.20635000e-06
3.94949488e-01,1.20645000e-06
3.95021676e-01,1.20655000e-06
3.95093272e-01,1.20665000e-06
3.95165588e-01,1.20675000e-06
3.95237312e-01,1.20685000e-06
3.95309756e-01,1.20695000e-06
3.95381607e-01,1.20705000e-06
3.95454179e-01,1.20715000e-06
3.95526156e-01,1.20725000e-06
3.95598855e-01,1.20735000e-06
3.95670959e-01,1.20745000e-06
3.95743783e-01,1.20755000e-06
3.95816013e-01,1.20765000e-06
3.95888963e-01,1.20775000e-06
3.95961318e-01,1.20785000e-06
3.96034393e-01,1.20795000e-06
3.96106872e-01,1.20805000e-06
3.96180072e-01,1.20815000e-06
3.96252675e-01,1.20825000e-06
3.96325999e-01,1.20835000e-06
3.96398725e-01,1.20845000e-06
3.96472173e-01,1.20855000e-06
3.96545022e-01,1.20865000e-06
3.96618592e-01,1.20875000e-06
3.96691563e-01,1.20885000e-06
3.96765256e-01,1.20895000e-06
3.96838348e-01,1.20905000e-06
3.96912162e-01,1.20915000e-06
3.96985376e-01,1.20925000e-06
3.97059311e-01,1.20935000e-06
3.97132645e-01,1.20945000e-06
3.97206701e-01,1.20955000e-06
3.97280155e-01,1.20965000e-06
3.97354330e-01,1.20975000e-06
3.97427904e-01,1.20985000e-06
3.97502198e-01,1.20995000e-06
3.97575890e-01,1.21005000e-06
3.97650304e-01,1.21015000e-06
3.97724114e-01,1.21025000e-06
3.97798645e-01,1.21035000e-06
3.97872573e-01,1.21045000e-06
3.97947222e-01,1.21055000e-06
3.98021266e-01,1.21065000e-06
3.98096032e-01,1.21075000e-06
3.98170192e-01,1.21085000e-06
3.98245074e-01,1.21095000e-06
3.98319351e-01,1.21105000e-06
3.98394349e-01,1.21115000e-06
3.98468740e-01,1.21125000e-06
3.98543853e-01,1.21135000e-06
3.98618359e-01,1.21145000e-06
3.98693586e-01,1.21155000e-06
3.98768206e-01,1.21165000e-06
3.98843547e-01,1.21175000e-06
3.98918280e-01,1.21185000e-06
3.98993734e-01,1.21195000e-06
3.99068580e-01,1.21205000e-06
3.99144147e-01,1.21215000e-06
3.99219105e-01,1.21225000e-06
3.99294784e-01,1.21235000e-06
3.99369853e-01,1.21245000e-06
3.99445643e-01,1.21255000e-06
3.99520823e-01,1.21265000e-06
3.99596725e-01,1.21275000e-06
3.99672015e-01,1.21285000e-06
3.99748026e-01,1.21295000e-06
3.99823426e-01,1.21305000e-06
3.99899547e-01,1.21315000e-06
3.99975056e-01,1.21325000e-06
4.00051286e-01,1.21335000e-06
4.00126903e-01,1.21345000e-06
4.00203241e-01,1.21355000e-06
4.00278966e-01,1.21365000e-06
4.00355412e-01,1.21375000e-06
4.00431244e-01,1.21385000e-06
4.00507797e-01,1.21395000e-06
4.00583735e-01,1.21405000e-06
4.00660395e-01,1.21415000e-06
4.00736439e-01,1.21425000e-06
4.00813205e-01,1.21435000e-06
4.00889354e-01,1.21445000e-06
4.00966225e-01,1.21455000e-06
4.01042479e-01,1.21465000e-06
4.01119455e-01,1.21475000e-06
4.01195812e-01,1.21485000e-06
4.01272892e-01,1.21495000e-06
4.01349353e-01,1.21505000e-06
4.01426536e-01,1.21515000e-06
4.01503100e-01,1.21525000e-06
4.01580386e-01,1.21535000e-06
4.01657052e-01,1.21545000e-06
4.01734439e-01,1.21555000e-06
4.01811207e-01,1.21565000e-06
4.01888696e-01,1.21575000e-06
4.01965564e-01,1.21585000e-06
4.02043155e-01,1.21595000e-06
4.02120123e-01,1.21605000e-06
4.02197813e-01,1.21615000e-06
4.02274881e-01,1.21625000e-06
4.02352671e-01,1.21635000e-06
4.02429838e-01,1.21645000e-06
4.02507727e-01,1.21655000e-06
4.02584992e-01,1.21665000e-06
4.02662980e-01,1.21675000e-06
4.02740342e-01,1.21685000e-06
4.02818427e-01,1.21695000e-06
4.02895887e-01,1.21705000e-06
4.02974069e-01,1.21715000e-06
4.03051625e-01,1.21725000e-06
4.03129904e-01,1.21735000e-06
4.03207556e-01,1.21745000e-06
4.03285930e-01,1.21755000e-06
4.03363677e-01,1.21765000e-06
4.03442147e-01,1.21775000e-06
4.03519988e-01,1.21785000e-06
4.03598552e-01,1.21795000e-06
4.03676488e-01,1.21805000e-06
4.03755145e-01,1.21815000e-06
4.03833174e-01,1.21825000e-06
4.03911925e-01,1.21835000e-06
4.03990046e-01,1.21845000e-06
4.04068890e-01,1.21855000e-06
4.04147103e-01,1.21865000e-06
4.04226038e-01,1.21875000e-06
4.04304343e-01,1.21885000e-06
4.04383370e-01,1.21895000e-06
4.04461765e-01,1.21905000e-06
4.04540882e-01,1.21915000e-06
4.04619368e-01,1.21925000e-06
4.04698575e-01,1.21935000e-06
4.04777150e-01,1.21945000e-06
4.04856447e-01,1.21955000e-06
4.04935110e-01,1.21965000e-06
4.05014496e-01,1.21975000e-06
4.05093247e-01,1.21985000e-06
4.05172721e-01,1.21995000e-06
4.05251560e-01,1.22005000e-06
4.05331121e-01,1.22015000e-06
4.05410047e-01,1.22025000e-06
4.05489695e-01,1.22035000e-06
4.05568707e-01,1.22045000e-06
4.05648441e-01,1.22055000e-06
4.05727539e-01,1.22065000e-06
4.05807359e-01,1.22075000e-06
4.05886541e-01,1.22085000e-06
4.05966446e-01,1.22095000e-06
4.06045713e-01,1.22105000e-06
4.06125702e-01,1.22115000e-06
4.06205053e-01,1.22125000e-06
4.06285125e-01,1.22135000e-06
4.06364559e-01,1.22145000e-06
4.06444715e-01,1.22155000e-06
4.06524231e-01,1.22165000e-06
4.06604469e-01,1.22175000e-06
4.06684066e-01,1.22185000e-06
4.06764386e-01,1.22195000e-06
4.06844065e-01,1.22205000e-06
4.06924466e-01,1.22215000e-06
4.07004225e-01,1.22225000e-06
4.07084706e-01,1.22235000e-06
4.07164546e-01,1.22245000e-06
4.07245107e-01,1.22255000e-06
4.07325025e-01,1.22265000e-06
4.07405665e-01,1.22275000e-06
4.07485662e-01,1.22285000e-06
4.07566381e-01,1.22295000e-06
4.07646456e-01,1.22305000e-06
4.07727253e-01,1.22315000e-06
4.07807405e-01,1.22325000e-06
4.07888279e-01,1.22335000e-06
4.07968508e-01,1.22345000e-06
4.08049459e-01,1.22355000e-06
4.08129764e-01,1.22365000e-06
4.08210791e-01,1.22375000e-06
4.08291171e-01,1.22385000e-06
4.08372273e-01,1.22395000e-06
4.08452729e-01,1.22405000e-06
4.08533906e-01,1.22415000e-06
4.08614435e-01,1.22425000e-06
4.08695686e-01,1.22435000e-06
4.08776289e-01,1.22445000e-06
4.08857613e-01,1.22455000e-06
4.08938289e-01,1.22465000e-06
4.09019687e-01,1.22475000e-06
4.09100435e-01,1.22485000e-06
4.09181905e-01,1.22495000e-06
4.09262724e-01,1.22505000e-06
4.09344266e-01,1.22515000e-06
4.09425156e-01,1.22525000e-06
4.09506769e-01,1.22535000e-06
4.09587730e-01,1.22545000e-06
4.09669413e-01,1.22555000e-06
4.09750443e-01,1.22565000e-06
4.09832196e-01,1.22575000e-06
4.09913296e-01,1.22585000e-06
4.09995118e-01,1.22595000e-06
4.10076286e-01,1.22605000e-06
4.10158177e-01,1.22615000e-06
4.10239413e-01,1.22625000e-06
4.10321371e-01,1.22635000e-06
4.10402675e-01,1.22645000e-06
4.10484701e-01,1.22655000e-06
4.10566071e-01,1.22665000e-06
4.10648163e-01,1.22675000e-06
4.10729600e-01,1.22685000e-06
4.10811758e-01,1.22695000e-06
4.10893260e-01,1.22705000e-06
4.10975484e-01,1.22715000e-06
4.11057050e-01,1.22725000e-06
4.11139339e-01,1.22735000e-06
4.11220970e-01,1.22745000e-06
4.11303323e-01,1.22755000e-06
4.11385017e-01,1.22765000e-06
4.11467434e-01,1.22775000e-06
4.11549191e-01,1.22785000e-06
4.11631671e-01,1.22795000e-06
4.11713491e-01,1.22805000e-06
4.11796033e-01,1.22815000e-06
4.11877915e-01,1.22825000e-06
4.11960518e-01,1.22835000e-06
4.12042461e-01,1.22845000e-06
4.12125126e-01,1.22855000e-06
4.12207130e-01,1.22865000e-06
4.12289856e-01,1.22875000e-06
4.12371919e-01,1.22885000e-06
4.12454705e-01,1.22895000e-06
4.12536828e-01,1.22905000e-06
4.12619673e-01,1.22915000e-06
4.12701854e-01,1.22925000e-06
4.12784758e-01,1.22935000e-06
4.12866998e-01,1.22945000e-06
4.12949960e-01,1.22955000e-06
4.13032258e-01,1.22965000e-06
4.13115278e-01,1.22975000e-06
4.13197632e-01,1.22985000e-06
4.13280709e-01,1.22995000e-06
4.13363120e-01,1.23005000e-06
4.13446254e-01,1.23015000e-06
4.13528721e-01,1.23025000e-06
4.13611910e-01,1.23035000e-06
4.13694432e-01,1.23045000e-06
4.13777676e-01,1.23055000e-06
4.13860253e-01,1.23065000e-06
4.13943552e-01,1.23075000e-06
4.14026183e-01,1.23085000e-06
4.14109537e-01,1.23095000e-06
4.14192221e-01,1.23105000e-06
4.14275628e-01,1.23115000e-06
4.14358365e-01,1.23125000e-06
4.14441825e-01,1.23135000e-06
4.14524615e-01,1.23145000e-06
4.14608127e-01,1.23155000e-06
4.14690969e-01,1.23165000e-06
4.14774533e-01,1.23175000e-06
4.14857426e-01,1.23185000e-06
4.14941041e-01,1.23195000e-06
4.15023985e-01,1.23205000e-06
4.15107651e-01,1.23215000e-06
4.15190645e-01,1.23225000e-06
4.15274361e-01,1.23235000e-06
4.15357404e-01,1.23245000e-06
4.15441170e-01,1.23255000e-06
4.15524262e-01,1.23265000e-06
4.15608077e-01,1.23275000e-06
4.15691217e-01,1.23285000e-06
4.15775080e-01,1.23295000e-06
4.15858269e-01,1.23305000e-06
4.15942180e-01,1.23315000e-06
4.16025416e-01,1.23325000e-06
4.16109374e-01,1.23335000e-06
4.16192657e-01,1.23345000e-06
4.16276662e-01,1.23355000e-06
4.16359991e-01,1.23365000e-06
4.16444043e-01,1.23375000e-06
4.16527417e-01,1.23385000e-06
4.16611515e-01,1.23395000e-06
4.16694934e-01,1.23405000e-06
4.16779077e-01,1.23415000e-06
4.16862541e-01,1.23425000e-06
4.16946728e-01,1.23435000e-06
4.17030236e-01,1.23445000e-06
4.17114467e-01,1.23455000e-06
4.17198019e-01,1.23465000e-06
4.17282294e-01,1.23475000e-06
4.17365889e-01,1.23485000e-06
4.17450206e-01,1.23495000e-06
4.17533844e-01,1.23505000e-06
4.17618204e-01,1.23515000e-06
4.17701883e-01,1.23525000e-06
4.17786286e-01,1.23535000e-06
4.17870006e-01,1.23545000e-06
4.17954450e-01,1.23555000e-06
4.18038211e-01,1.23565000e-06
4.18122696e-01,1.23575000e-06
4.18206498e-01,1.23585000e-06
4.18291023e-01,1.23595000e-06
4.18374865e-01,1.23605000e-06
4.18459430e-01,1.23615000e-06
4.18543311e-01,1.23625000e-06
4.18627915e-01,1.23635000e-06
4.18711835e-01,1.23645000e-06
4.18796478e-01,1.23655000e-06
4.18880437e-01,1.23665000e-06
4.18965118e-01,1.23675000e-06
4.19049114e-01,1.23685000e-06
4.19133834e-01,1.23695000e-06
4.19217867e-01,1.23705000e-06
4.19302624e-01,1.23715000e-06
4.19386694e-01,1.23725000e-06
4.19471488e-01,1.23735000e-06
4.19555595e-01,1.23745000e-06
4.19640425e-01,1.23755000e-06
4.19724567e-01,1.23765000e-06
4.19809433e-01,1.23775000e-06
4.19893611e-01,1.23785000e-06
4.19978513e-01,1.23795000e-06
4.20062725e-01,1.23805000e-06
4.20147662e-01,1.23815000e-06
4.20231909e-01,1.23825000e-06
4.20316880e-01,1.23835000e-06
4.20401161e-01,1.23845000e-06
4.20486165e-01,1.23855000e-06
4.20570480e-01,1.23865000e-06
4.20655518e-01,1.23875000e-06
4.20739865e-01,1.23885000e-06
4.20824937e-01,1.23895000e-06
4.20909317e-01,1.23905000e-06
4.20994421e-01,1.23915000e-06
4.21078832e-01,1.23925000e-06
4.21163969e-01,1.23935000e-06
4.21248412e-01,1.23945000e-06
4.21333580e-01,1.23955000e-06
4.21418054e-01,1.23965000e-06
4.21503253e-01,1.23975000e-06
4.21587758e-01,1.23985000e-06
4.21672988e-01,1.23995000e-06
4.21757523e-01,1.24005000e-06
4.21842783e-01,1.24015000e-06
4.21927348e-01,1.24025000e-06
4.22012638e-01,1.24035000e-06
4.22097232e-01,1.24045000e-06
4.22182551e-01,1.24055000e-06
4.22267174e-01,1.24065000e-06
4.22352522e-01,1.24075000e-06
4.22437174e-01,1.24085000e-06
4.22522550e-01,1.24095000e-06
4.22607230e-01,1.24105000e-06
4.22692635e-01,1.24115000e-06
4.22777342e-01,1.24125000e-06
4.22862774e-01,1.24135000e-06
4.22947508e-01,1.24145000e-06
4.23032968e-01,1.24155000e-06
4.23117728e-01,1.24165000e-06
4.23203215e-01,1.24175000e-06
4.23288002e-01,1.24185000e-06
4.23373514e-01,1.24195000e-06
4.23458328e-01,1.24205000e-06
4.23543866e-01,1.24215000e-06
4.23628705e-01,1.24225000e-06
4.23714269e-01,1.24235000e-06
4.23799132e-01,1.24245000e-06
4.23884721e-01,1.24255000e-06
4.23969609e-01,1.24265000e-06
4.24055223e-01,1.24275000e-06
4.24140136e-01,1.24285000e-06
4.24225774e-01,1.24295000e-06
4.24310710e-01,1.24305000e-06
4.24396372e-01,1.24315000e-06
4.24481332e-01,1.24325000e-06
4.24567017e-01,1.24335000e-06
4.24652000e-01,1.24345000e-06
4.24737709e-01,1.24355000e-06
4.24822714e-01,1.24365000e-06
4.24908445e-01,1.24375000e-06
4.24993473e-01,1.24385000e-06
4.25079227e-01,1.24395000e-06
4.25164276e-01,1.24405000e-06
4.25250052e-01,1.24415000e-06
4.25335122e-01,1.24425000e-06
4.25420920e-01,1.24435000e-06
4.25506012e-01,1.24445000e-06
4.25591830e-01,1.24455000e-06
4.25676943e-01,1.24465000e-06
4.25762782e-01,1.24475000e-06
4.25847915e-01,1.24485000e-06
4.25933775e-01,1.24495000e-06
4.26018928e-01,1.24505000e-06
4.26104808e-01,1.24515000e-06
4.26189981e-01,1.24525000e-06
4.26275881e-01,1.24535000e-06
4.26361073e-01,1.24545000e-06
4.26446992e-01,1.24555000e-06
4.26532203e-01,1.24565000e-06
4.26618141e-01,1.24575000e-06
4.26703370e-01,1.24585000e-06
4.26789327e-01,1.24595000e-06
4.26874575e-01,1.24605000e-06
4.26960550e-01,1.24615000e-06
4.27045816e-01,1.24625000e-06
4.27131809e-01,1.24635000e-06
4.27217092e-01,1.24645000e-06
4.27303103e-01,1.24655000e-06
4.27388403e-01,1.24665000e-06
4.27474432e-01,1.24675000e-06
4.27559749e-01,1.24685000e-06
4.27645794e-01,1.24695000e-06
4.27731128e-01,1.24705000e-06
4.27817190e-01,1.24715000e-06
4.27902540e-01,1.24725000e-06
4.27988618e-01,1.24735000e-06
4.28073984e-01,1.24745000e-06
4.28160079e-01,1.24755000e-06
4.28245460e-01,1.24765000e-06
4.28331570e-01,1.24775000e-06
4.28416967e-01,1.24785000e-06
4.28503092e-01,1.24795000e-06
4.28588504e-01,1.24805000e-06
4.28674645e-01,1.24815000e-06
4.28760071e-01,1.24825000e-06
4.28846226e-01,1.24835000e-06
4.28931667e-01,1.24845000e-06
4.29017837e-01,1.24855000e-06
4.29103292e-01,1.24865000e-06
4.29189476e-01,1.24875000e-06
4.29274944e-01,1.24885000e-06
4.29361143e-01,1.24895000e-06
4.29446624e-01,1.24905000e-06
4.29532836e-01,1.24915000e-06
4.29618331e-01,1.24925000e-06
4.29704556e-01,1.24935000e-06
4.29790064e-01,1.24945000e-06
4.29876302e-01,1.24955000e-06
4.29961823e-01,1.24965000e-06
4.30048074e-01,1.24975000e-06
4.30133607e-01,1.24985000e-06
4.30219870e-01,1.24995000e-06
4.30305415e-01,1.25005000e-06
4.30391691e-01,1.25015000e-06
4.30477248e-01,1.25025000e-06
4.30563535e-01,1.25035000e-06
4.30649103e-01,1.25045000e-06
4.30735403e-01,1.25055000e-06
4.30820982e-01,1.25065000e-06
4.30907293e-01,1.25075000e-06
4.30992884e-01,1.25085000e-06
4.31079206e-01,1.25095000e-06
4.31164807e-01,1.25105000e-06
4.31251140e-01,1.25115000e-06
4.31336752e-01,1.25125000e-06
4.31423095e-01,1.25135000e-06
4.31508717e-01,1.25145000e-06
4.31595071e-01,1.25155000e-06
4.31680703e-01,1.25165000e-06
4.31767068e-01,1.25175000e-06
4.31852709e-01,1.25185000e-06
4.31939084e-01,1.25195000e-06
4.32024735e-01,1.25205000e-06
4.32111119e-01,1.25215000e-06
4.32196779e-01,1.25225000e-06
4.32283173e-01,1.25235000e-06
4.32368843e-01,1.25245000e-06
4.32455245e-01,1.25255000e-06
4.32540924e-01,1.25265000e-06
4.32627335e-01,1.25275000e-06
4.32713023e-01,1.25285000e-06
4.32799443e-01,1.25295000e-06
4.32885139e-01,1.25305000e-06
4.32971568e-01,1.25315000e-06
4.33057271e-01,1.25325000e-06
4.33143709e-01,1.25335000e-06
4.33229421e-01,1.25345000e-06
4.33315866e-01,1.25355000e-06
4.33401586e-01,1.25365000e-06
4.33488039e-01,1.25375000e-06
4.33573766e-01,1.25385000e-06
4.33660228e-01,1.25395000e-06
4.33745962e-01,1.25405000e-06
4.33832431e-01,1.25415000e-06
4.33918172e-01,1.25425000e-06
4.34004649e-01,1.25435000e-06
4.34090397e-01,1.25445000e-06
4.34176880e-01,1.25455000e-06
4.34262636e-01,1.25465000e-06
4.34349126e-01,1.25475000e-06
4.34434888e-01,1.25485000e-06
4.34521385e-01,1.25495000e-06
4.34607153e-01,1.25505000e-06
4.34693657e-01,1.25515000e-06
4.34779431e-01,1.25525000e-06
4.34865942e-01,1.25535000e-06
4.34951722e-01,1.25545000e-06
4.35038239e-01,1.25555000e-06
4.35124025e-01,1.25565000e-06
4.35210547e-01,1.25575000e-06
4.35296339e-01,1.25585000e-06
4.35382868e-01,1.25595000e-06
4.35468665e-01,1.25605000e-06
4.35555200e-01,1.25615000e-06
4.35641002e-01,1.25625000e-06
4.35727542e-01,1.25635000e-06
4.35813350e-01,1.25645000e-06
4.35899895e-01,1.25655000e-06
4.35985708e-01,1.25665000e-06
4.36072259e-01,1.25675000e-06
4.36158077e-01,1.25685000e-06
4.36244632e-01,1.25695000e-06
4.36330455e-01,1.25705000e-06
4.36417016e-01,1.25715000e-06
4.36502843e-01,1.25725000e-06
4.36589408e-01,1.25735000e-06
4.36675240e-01,1.25745000e-06
4.36761810e-01,1.25755000e-06
4.36847646e-01,1.25765000e-06
4.36934220e-01,1.25775000e-06
4.37020060e-01,1.25785000e-06
4.37106639e-01,1.25795000e-06
4.37192483e-01,1.25805000e-06
4.37279066e-01,1.25815000e-06
4.37364914e-01,1.25825000e-06
4.37451501e-01,1.25835000e-06
4.37537353e-01,1.25845000e-06
4.37623944e-01,1.25855000e-06
4.37709800e-01,1.25865000e-06
4.37796395e-01,1.25875000e-06
4.37882253e-01,1.25885000e-06
4.37968852e-01,1.25895000e-06
4.38054714e-01,1.25905000e-06
4.38141317e-01,1.25915000e-06
4.38227182e-01,1.25925000e-06
4.38313788e-01,1.25935000e-06
4.38399657e-01,1.25945000e-06
4.38486266e-01,1.25955000e-06
4.38572137e-01,1.25965000e-06
4.38658750e-01,1.25975000e-06
4.38744624e-01,1.25985000e-06
4.38831240e-01,1.25995000e-06
4.38917117e-01,1.26005000e-06
4.39003736e-01,1.26015000e-06
4.39089616e-01,1.26025000e-06
4.39176238e-01,1.26035000e-06
4.39262120e-01,1.26045000e-06
4.39348745e-01,1.26055000e-06
4.39434630e-01,1.26065000e-06
4.39521257e-01,1.26075000e-06
4.39607145e-01,1.26085000e-06
4.39693774e-01,1.26095000e-06
4.39779664e-01,1.26105000e-06
4.39866297e-01,1.26115000e-06
4.39952189e-01,1.26125000e-06
4.40038823e-01,1.26135000e-06
4.40124718e-01,1.26145000e-06
4.40211355e-01,1.26155000e-06
4.40297251e-01,1.26165000e-06
4.40383891e-01,1.26175000e-06
4.40469789e-01,1.26185000e-06
4.40556430e-01,1.26195000e-06
4.40642330e-01,1.26205000e-06
4.40728974e-01,1.26215000e-06
4.40814876e-01,1.26225000e-06
4.40901522e-01,1.26235000e-06
4.40987426e-01,1.26245000e-06
4.41074073e-01,1.26255000e-06
4.41159979e-01,1.26265000e-06
4.41246628e-01,1.26275000e-06
4.41332535e-01,1.26285000e-06
4.41419187e-01,1.26295000e-06
4.41505095e-01,1.26305000e-06
4.41591748e-01,1.26315000e-06
4.41677658e-01,1.26325000e-06
4.41764313e-01,1.26335000e-06
4.41850224e-01,1.26345000e-06
4.41936881e-01,1.26355000e-06
4.42022793e-01,1.26365000e-06
4.42109452e-01,1.26375000e-06
4.42195365e-01,1.26385000e-06
4.42282025e-01,1.26395000e-06
4.42367940e-01,1.26405000e-06
4.42454601e-01,1.26415000e-06
4.42540517e-01,1.26425000e-06
4.42627180e-01,1.26435000e-06
4.42713097e-01,1.26445000e-06
4.42799761e-01,1.26455000e-06
4.42885679e-01,1.26465000e-06
4.42972345e-01,1.26475000e-06
4.43058264e-01,1.26485000e-06
4.43144931e-01,1.26495000e-06
4.43230851e-01,1.26505000e-06
4.43317519e-01,1.26515000e-06
4.43403440e-01,1.26525000e-06
4.43490109e-01,1.26535000e-06
4.43576031e-01,1.26545000e-06
4.43662701e-01,1.26555000e-06
4.43748624e-01,1.26565000e-06
4.43835295e-01,1.26575000e-06
4.43921218e-01,1.26585000e-06
4.44007891e-01,1.26595000e-06
4.44093815e-01,1.26605000e-06
4.44180488e-01,1.26615000e-06
4.44266413e-01,1.26625000e-06
4.44353088e-01,1.26635000e-06
4.44439013e-01,1.26645000e-06
4.44525689e-01,1.26655000e-06
4.44611615e-01,1.26665000e-06
4.44698291e-01,1.26675000e-06
4.44784218e-01,1.26685000e-06
4.44870895e-01,1.26695000e-06
4.44956823e-01,1.26705000e-06
4.45043501e-01,1.26715000e-06
4.45129429e-01,1.26725000e-06
4.45216108e-01,1.26735000e-06
4.45302037e-01,1.26745000e-06
4.45388716e-01,1.26755000e-06
4.45474645e-01,1.26765000e-06
4.45561326e-01,1.26775000e-06
4.45647256e-01,1.26785000e-06
4.45733937e-01,1.26795000e-06
4.45819867e-01,1.26805000e-06
4.45906549e-01,1.26815000e-06
4.45992480e-01,1.26825000e-06
4.46079163e-01,1.26835000e-06
4.46165094e-01,1.26845000e-06
4.46251778e-01,1.26855000e-06
4.46337709e-01,1.26865000e-06
4.46424394e-01,1.26875000e-06
4.46510326e-01,1.26885000e-06
4.46597011e-01,1.26895000e-06
4.46682944e-01,1.26905000e-06
4.46769629e-01,1.26915000e-06
4.46855562e-01,1.26925000e-06
4.46942249e-01,1.26935000e-06
4.47028182e-01,1.26945000e-06
4.47114870e-01,1.26955000e-06
4.47200803e-01,1.26965000e-06
4.47287491e-01,1.26975000e-06
4.47373425e-01,1.26985000e-06
4.47460114e-01,1.26995000e-06
4.47546049e-01,1.27005000e-06
4.47632738e-01,1.27015000e-06
4.47718673e-01,1.27025000e-06
4.47805363e-01,1.27035000e-06
4.47891299e-01,1.27045000e-06
4.47977990e-01,1.27055000e-06
4.48063925e-01,1.27065000e-06
4.48150617e-01,1.27075000e-06
4.48236553e-01,1.27085000e-06
4.48323245e-01,1.27095000e-06
4.48409182e-01,1.27105000e-06
4.48495875e-01,1.27115000e-06
4.48581812e-01,1.27125000e-06
4.48668506e-01,1.27135000e-06
4.48754444e-01,1.27145000e-06
4.48841138e-01,1.27155000e-06
4.48927076e-01,1.27165000e-06
4.49013771e-01,1.27175000e-06
4.49099710e-01,1.27185000e-06
4.49186406e-01,1.27195000e-06
4.49272344e-01,1.27205000e-06
4.49359041e-01,1.27215000e-06
4.49444981e-01,1.27225000e-06
4.49531678e-01,1.27235000e-06
4.49617618e-01,1.27245000e-06
4.49704316e-01,1.27255000e-06
4.49790257e-01,1.27265000e-06
4.49876956e-01,1.27275000e-06
4.49962897e-01,1.27285000e-06
4.50049597e-01,1.27295000e-06
4.50135538e-01,1.27305000e-06
4.50222239e-01,1.27315000e-06
4.50308181e-01,1.27325000e-06
4.50394882e-01,1.27335000e-06
4.50480825e-01,1.27345000e-06
4.50567528e-01,1.27355000e-06
4.50653471e-01,1.27365000e-06
4.50740174e-01,1.27375000e-06
4.50826118e-01,1.27385000e-06
4.50912822e-01,1.27395000e-06
4.50998767e-01,1.27405000e-06
4.51085472e-01,1.27415000e-06
4.51171417e-01,1.27425000e-06
4.51258123e-01,1.27435000e-06
4.51344069e-01,1.27445000e-06
4.51430776e-01,1.27455000e-06
4.51516723e-01,1.27465000e-06
4.51603431e-01,1.27475000e-06
4.51689378e-01,1.27485000e-06
4.51776088e-01,1.27495000e-06
4.51862036e-01,1.27505000e-06
4.51948746e-01,1.27515000e-06
4.52034695e-01,1.27525000e-06
4.52121406e-01,1.27535000e-06
4.52207356e-01,1.27545000e-06
4.52294068e-01,1.27555000e-06
4.52380019e-01,1.27565000e-06
4.52466732e-01,1.27575000e-06
4.52552684e-01,1.27585000e-06
4.52639399e-01,1.27595000e-06
4.52725351e-01,1.27605000e-06
4.52812067e-01,1.27615000e-06
4.52898020e-01,1.27625000e-06
4.52984737e-01,1.27635000e-06
4.53070691e-01,1.27645000e-06
4.53157410e-01,1.27655000e-06
4.53243365e-01,1.27665000e-06
4.53330085e-01,1.27675000e-06
4.53416041e-01,1.27685000e-06
4.53502762e-01,1.27695000e-06
4.53588719e-01,1.27705000e-06
4.53675442e-01,1.27715000e-06
4.53761400e-01,1.27725000e-06
4.53848124e-01,1.27735000e-06
4.53934083e-01,1.27745000e-06
4.54020809e-01,1.27755000e-06
4.54106769e-01,1.27765000e-06
4.54193496e-01,1.27775000e-06
4.54279458e-01,1.27785000e-06
4.54366186e-01,1.27795000e-06
4.54452149e-01,1.27805000e-06
4.54538879e-01,1.27815000e-06
4.54624843e-01,1.27825000e-06
4.54711574e-01,1.27835000e-06
4.54797540e-01,1.27845000e-06
4.54884273e-01,1.27855000e-06
4.54970240e-01,1.27865000e-06
4.55056974e-01,1.27875000e-06
4.55142942e-01,1.27885000e-06
4.55229679e-01,1.27895000e-06
4.55315648e-01,1.27905000e-06
4.55402386e-01,1.27915000e-06
4.55488357e-01,1.27925000e-06
4.55575097e-01,1.27935000e-06
4.55661070e-01,1.27945000e-06
4.55747811e-01,1.27955000e-06
4.55833785e-01,1.27965000e-06
4.55920529e-01,1.27975000e-06
4.56006504e-01,1.27985000e-06
4.56093249e-01,1.27995000e-06
4.56179227e-01,1.28005000e-06
4.56265974e-01,1.28015000e-06
4.56351953e-01,1.28025000e-06
4.56438702e-01,1.28035000e-06
4.56524682e-01,1.28045000e-06
4.56611433e-01,1.28055000e-06
4.56697415e-01,1.28065000e-06
4.56784168e-01,1.28075000e-06
4.56870152e-01,1.28085000e-06
4.56956908e-01,1.28095000e-06
4.57042893e-01,1.28105000e-06
4.57129651e-01,1.28115000e-06
4.57215638e-01,1.28125000e-06
4.57302398e-01,1.28135000e-06
4.57388387e-01,1.28145000e-06
4.57475149e-01,1.28155000e-06
4.57561140e-01,1.28165000e-06
4.57647904e-01,1.28175000e-06
4.57733897e-01,1.28185000e-06
4.57820663e-01,1.28195000e-06
4.57906658e-01,1.28205000e-06
4.57993427e-01,1.28215000e-06
4.58079424e-01,1.28225000e-06
4.58166195e-01,1.28235000e-06
4.58252194e-01,1.28245000e-06
4.58338967e-01,1.28255000e-06
4.58424969e-01,1.28265000e-06
4.58511744e-01,1.28275000e-06
4.58597748e-01,1.28285000e-06
4.58684526e-01,1.28295000e-06
4.58770532e-01,1.28305000e-06
4.58857313e-01,1.28315000e-06
4.58943321e-01,1.28325000e-06
4.59030104e-01,1.28335000e-06
4.59116114e-01,1.28345000e-06
4.59202900e-01,1.28355000e-06
4.59288913e-01,1.28365000e-06
4.59375701e-01,1.28375000e-06
4.59461716e-01,1.28385000e-06
4.59548507e-01,1.28395000e-06
4.59634525e-01,1.28405000e-06
4.59721318e-01,1.28415000e-06
4.59807338e-01,1.28425000e-06
4.59894135e-01,1.28435000e-06
4.59980157e-01,1.28445000e-06
4.60066957e-01,1.28455000e-06
4.60152982e-01,1.28465000e-06
4.60239784e-01,1.28475000e-06
4.60325811e-01,1.28485000e-06
4.60412616e-01,1.28495000e-06
4.60498647e-01,1.28505000e-06
4.60585454e-01,1.28515000e-06
4.60671487e-01,1.28525000e-06
4.60758298e-01,1.28535000e-06
4.60844334e-01,1.28545000e-06
4.60931148e-01,1.28555000e-06
4.61017186e-01,1.28565000e-06
4.61104003e-01,1.28575000e-06
4.61190044e-01,1.28585000e-06
4.61276864e-01,1.28595000e-06
4.61362908e-01,1.28605000e-06
4.61449731e-01,1.28615000e-06
4.61535778e-01,1.28625000e-06
4.61622604e-01,1.28635000e-06
4.61708654e-01,1.28645000e-06
4.61795484e-01,1.28655000e-06
4.61881536e-01,1.28665000e-06
4.61968369e-01,1.28675000e-06
4.62054425e-01,1.28685000e-06
4.62141261e-01,1.28695000e-06
4.62227320e-01,1.28705000e-06
4.62314159e-01,1.28715000e-06
4.62400221e-01,1.28725000e-06
4.62487064e-01,1.28735000e-06
4.62573129e-01,1.28745000e-06
4.62659975e-01,1.28755000e-06
4.62746043e-01,1.28765000e-06
4.62832893e-01,1.28775000e-06
4.62918964e-01,1.28785000e-06
4.63005817e-01,1.28795000e-06
4.63091892e-01,1.28805000e-06
4.63178749e-01,1.28815000e-06
4.63264826e-01,1.28825000e-06
4.63351687e-01,1.28835000e-06
4.63437768e-01,1.28845000e-06
4.63524632e-01,1.28855000e-06
4.63610716e-01,1.28865000e-06
4.63697584e-01,1.28875000e-06
4.63783672e-01,1.28885000e-06
4.63870543e-01,1.28895000e-06
4.63956634e-01,1.28905000e-06
4.64043509e-01,1.28915000e-06
4.64129604e-01,1.28925000e-06
4.64216483e-01,1.28935000e-06
4.64302581e-01,1.28945000e-06
4.64389464e-01,1.28955000e-06
4.64475566e-01,1.28965000e-06
4.64562452e-01,1.28975000e-06
4.64648558e-01,1.28985000e-06
4.64735448e-01,1.28995000e-06
4.64821557e-01,1.29005000e-06
4.64908452e-01,1.29015000e-06
4.64994564e-01,1.29025000e-06
4.65081463e-01,1.29035000e-06
4.65167579e-01,1.29045000e-06
4.65254481e-01,1.29055000e-06
4.65340602e-01,1.29065000e-06
4.65427508e-01,1.29075000e-06
4.65513632e-01,1.29085000e-06
4.65600542e-01,1.29095000e-06
4.65686670e-01,1.29105000e-06
4.65773585e-01,1.29115000e-06
4.65859716e-01,1.29125000e-06
4.65946635e-01,1.29135000e-06
4.66032771e-01,1.29145000e-06
4.66119694e-01,1.29155000e-06
4.66205833e-01,1.29165000e-06
4.66292760e-01,1.29175000e-06
4.66378904e-01,1.29185000e-06
4.66465835e-01,1.29195000e-06
4.66551983e-01,1.29205000e-06
4.66638918e-01,1.29215000e-06
4.66725070e-01,1.29225000e-06
4.66812010e-01,1.29235000e-06
4.66898165e-01,1.29245000e-06
4.66985110e-01,1.29255000e-06
4.67071270e-01,1.29265000e-06
4.67158218e-01,1.29275000e-06
4.67244382e-01,1.29285000e-06
4.67331335e-01,1.29295000e-06
4.67417503e-01,1.29305000e-06
4.67504461e-01,1.29315000e-06
4.67590633e-01,1.29325000e-06
4.67677595e-01,1.29335000e-06
4.67763772e-01,1.29345000e-06
4.67850739e-01,1.29355000e-06
4.67936919e-01,1.29365000e-06
4.68023891e-01,1.29375000e-06
4.68110076e-01,1.29385000e-06
4.68197052e-01,1.29395000e-06
4.68283241e-01,1.29405000e-06
4.68370222e-01,1.29415000e-06
4.68456416e-01,1.29425000e-06
4.68543401e-01,1.29435000e-06
4.68629599e-01,1.29445000e-06
4.68716589e-01,1.29455000e-06
4.68802792e-01,1.29465000e-06
4.68889786e-01,1.29475000e-06
4.68975993e-01,1.29485000e-06
4.69062993e-01,1.29495000e-06
4.69149205e-01,1.29505000e-06
4.69236209e-01,1.29515000e-06
4.69322425e-01,1.29525000e-06
4.69409434e-01,1.29535000e-06
4.69495655e-01,1.29545000e-06
4.69582669e-01,1.29555000e-06
4.69668894e-01,1.29565000e-06
4.69755913e-01,1.29575000e-06
4.69842143e-01,1.29585000e-06
4.69929167e-01,1.29595000e-06
4.70015402e-01,1.29605000e-06
4.70102430e-01,1.29615000e-06
4.70188670e-01,1.29625000e-06
4.70275703e-01,1.29635000e-06
4.70361948e-01,1.29645000e-06
4.70448986e-01,1.29655000e-06
4.70535235e-01,1.29665000e-06
4.70622279e-01,1.29675000e-06
4.70708532e-01,1.29685000e-06
4.70795581e-01,1.29695000e-06
4.70881840e-01,1.29705000e-06
4.70968894e-01,1.29715000e-06
4.71055157e-01,1.29725000e-06
4.71142216e-01,1.29735000e-06
4.71228484e-01,1.29745000e-06
4.71315548e-01,1.29755000e-06
4.71401821e-01,1.29765000e-06
4.71488891e-01,1.29775000e-06
4.71575169e-01,1.29785000e-06
4.71662243e-01,1.29795000e-06
4.71748526e-01,1.29805000e-06
4.71835606e-01,1.29815000e-06
4.71921894e-01,1.29825000e-06
4.72008979e-01,1.29835000e-06
4.72095272e-01,1.29845000e-06
4.72182362e-01,1.29855000e-06
4.72268660e-01,1.29865000e-06
4.72355756e-01,1.29875000e-06
4.72442059e-01,1.29885000e-06
4.72529160e-01,1.29895000e-06
4.72615468e-01,1.29905000e-06
4.72702575e-01,1.29915000e-06
4.72788888e-01,1.29925000e-06
4.72875999e-01,1.29935000e-06
4.72962318e-01,1.29945000e-06
4.73049435e-01,1.29955000e-06
4.73135758e-01,1.29965000e-06
4.73222881e-01,1.29975000e-06
4.73309209e-01,1.29985000e-06
4.73396338e-01,1.29995000e-06
4.73482671e-01,1.30005000e-06
4.73569805e-01,1.30015000e-06
4.73656144e-01,1.30025000e-06
4.73743283e-01,1.30035000e-06
4.73829627e-01,1.30045000e-06
4.73916772e-01,1.30055000e-06
4.74003121e-01,1.30065000e-06
4.74090272e-01,1.30075000e-06
4.74176627e-01,1.30085000e-06
4.74263782e-01,1.30095000e-06
4.74350142e-01,1.30105000e-06
4.74437304e-01,1.30115000e-06
4.74523669e-01,1.30125000e-06
4.74610836e-01,1.30135000e-06
4.74697207e-01,1.30145000e-06
4.74784380e-01,1.30155000e-06
4.74870756e-01,1.30165000e-06
4.74957934e-01,1.30175000e-06
4.75044316e-01,1.30185000e-06
4.75131500e-01,1.30195000e-06
4.75217887e-01,1.30205000e-06
4.75305076e-01,1.30215000e-06
4.75391469e-01,1.30225000e-06
4.75478664e-01,1.30235000e-06
4.75565062e-01,1.30245000e-06
4.75652263e-01,1.30255000e-06
4.75738666e-01,1.30265000e-06
4.75825873e-01,1.30275000e-06
4.75912282e-01,1.30285000e-06
4.75999495e-01,1.30295000e-06
4.76085909e-01,1.30305000e-06
4.76173128e-01,1.30315000e-06
4.76259547e-01,1.30325000e-06
4.76346772e-01,1.30335000e-06
4.76433197e-01,1.30345000e-06
4.76520427e-01,1.30355000e-06
4.76606858e-01,1.30365000e-06
4.76694094e-01,1.30375000e-06
4.76780531e-01,1.30385000e-06
4.76867773e-01,1.30395000e-06
4.76954215e-01,1.30405000e-06
4.77041462e-01,1.30415000e-06
4.77127910e-01,1.30425000e-06
4.77215164e-01,1.30435000e-06
4.77301617e-01,1.30445000e-06
4.77388877e-01,1.30455000e-06
4.77475336e-01,1.30465000e-06
4.77562601e-01,1.30475000e-06
4.77649066e-01,1.30485000e-06
4.77736337e-01,1.30495000e-06
4.77822807e-01,1.30505000e-06
4.77910085e-01,1.30515000e-06
4.77996561e-01,1.30525000e-06
4.78083844e-01,1.30535000e-06
4.78170326e-01,1.30545000e-06
4.78257615e-01,1.30555000e-06
4.78344103e-01,1.30565000e-06
4.78431398e-01,1.30575000e-06
4.78517891e-01,1.30585000e-06
4.78605193e-01,1.30595000e-06
4.78691691e-01,1.30605000e-06
4.78778999e-01,1.30615000e-06
4.78865503e-01,1.30625000e-06
4.78952817e-01,1.30635000e-06
4.79039327e-01,1.30645000e-06
4.79126647e-01,1.30655000e-06
4.79213163e-01,1.30665000e-06
4.79300489e-01,1.30675000e-06
4.79387011e-01,1.30685000e-06
4.79474342e-01,1.30695000e-06
4.79560870e-01,1.30705000e-06
4.79648208e-01,1.30715000e-06
4.79734741e-01,1.30725000e-06
4.79822085e-01,1.30735000e-06
4.79908625e-01,1.30745000e-06
4.79995974e-01,1.30755000e-06
4.80082520e-01,1.30765000e-06
4.80169876e-01,1.30775000e-06
4.80256427e-01,1.30785000e-06
4.80343789e-01,1.30795000e-06
4.80430346e-01,1.30805000e-06
4.80517714e-01,1.30815000e-06
4.80604277e-01,1.30825000e-06
4.80691652e-01,1.30835000e-06
4.80778220e-01,1.30845000e-06
4.80865601e-01,1.30855000e-06
4.80952176e-01,1.30865000e-06
4.81039562e-01,1.30875000e-06
4.81126143e-01,1.30885000e-06
4.81213536e-01,1.30895000e-06
4.81300122e-01,1.30905000e-06
4.81387521e-01,1.30915000e-06
4.81474114e-01,1.30925000e-06
4.81561519e-01,1.30935000e-06
4.81648117e-01,1.30945000e-06
4.81735529e-01,1.30955000e-06
4.81822133e-01,1.30965000e-06
4.81909551e-01,1.30975000e-06
4.81996161e-01,1.30985000e-06
4.82083584e-01,1.30995000e-06
4.82170201e-01,1.31005000e-06
4.82257631e-01,1.31015000e-06
4.82344253e-01,1.31025000e-06
4.82431689e-01,1.31035000e-06
4.82518317e-01,1.31045000e-06
4.82605759e-01,1.31055000e-06
4.82692393e-01,1.31065000e-06
4.82779842e-01,1.31075000e-06
4.82866482e-01,1.31085000e-06
4.82953937e-01,1.31095000e-06
4.83040583e-01,1.31105000e-06
4.83128044e-01,1.31115000e-06
4.83214696e-01,1.31125000e-06
4.83302163e-01,1.31135000e-06
4.83388821e-01,1.31145000e-06
4.83476295e-01,1.31155000e-06
4.83562959e-01,1.31165000e-06
4.83650439e-01,1.31175000e-06
4.83737108e-01,1.31185000e-06
4.83824594e-01,1.31195000e-06
4.83911270e-01,1.31205000e-06
4.83998763e-01,1.31215000e-06
4.84085444e-01,1.31225000e-06
4.84172943e-01,1.31235000e-06
4.84259631e-01,1.31245000e-06
4.84347136e-01,1.31255000e-06
4.84433829e-01,1.31265000e-06
4.84521340e-01,1.31275000e-06
4.84608040e-01,1.31285000e-06
4.84695558e-01,1.31295000e-06
4.84782263e-01,1.31305000e-06
4.84869787e-01,1.31315000e-06
4.84956499e-01,1.31325000e-06
4.85044029e-01,1.31335000e-06
4.85130746e-01,1.31345000e-06
4.85218282e-01,1.31355000e-06
4.85305006e-01,1.31365000e-06
4.85392548e-01,1.31375000e-06
4.85479278e-01,1.31385000e-06
4.85566827e-01,1.31395000e-06
4.85653562e-01,1.31405000e-06
4.85741117e-01,1.31415000e-06
4.85827859e-01,1.31425000e-06
4.85915420e-01,1.31435000e-06
4.86002168e-01,1.31445000e-06
4.86089735e-01,1.31455000e-06
4.86176489e-01,1.31465000e-06
4.86264063e-01,1.31475000e-06
4.86350822e-01,1.31485000e-06
4.86438402e-01,1.31495000e-06
4.86525168e-01,1.31505000e-06
4.86612754e-01,1.31515000e-06
4.86699526e-01,1.31525000e-06
4.86787118e-01,1.31535000e-06
4.86873895e-01,1.31545000e-06
4.86961494e-01,1.31555000e-06
4.87048278e-01,1.31565000e-06
4.87135883e-01,1.31575000e-06
4.87222672e-01,1.31585000e-06
4.87310283e-01,1.31595000e-06
4.87397079e-01,1.31605000e-06
4.87484696e-01,1.31615000e-06
4.87571497e-01,1.31625000e-06
4.87659121e-01,1.31635000e-06
4.87745928e-01,1.31645000e-06
4.87833558e-01,1.31655000e-06
4.87920371e-01,1.31665000e-06
4.88008007e-01,1.31675000e-06
4.88094826e-01,1.31685000e-06
4.88182469e-01,1.31695000e-06
4.88269294e-01,1.31705000e-06
4.88356942e-01,1.31715000e-06
4.88443773e-01,1.31725000e-06
4.88531428e-01,1.31735000e-06
4.88618265e-01,1.31745000e-06
4.88705926e-01,1.31755000e-06
4.88792768e-01,1.31765000e-06
4.88880435e-01,1.31775000e-06
4.88967284e-01,1.31785000e-06
4.89054957e-01,1.31795000e-06
4.89141812e-01,1.31805000e-06
4.89229491e-01,1.31815000e-06
4.89316352e-01,1.31825000e-06
4.89404037e-01,1.31835000e-06
4.89490903e-01,1.31845000e-06
4.89578595e-01,1.31855000e-06
4.89665467e-01,1.31865000e-06
4.89753165e-01,1.31875000e-06
4.89840043e-01,1.31885000e-06
4.89927747e-01,1.31895000e-06
4.90014631e-01,1.31905000e-06
4.90102341e-01,1.31915000e-06
4.90189230e-01,1.31925000e-06
4.90276947e-01,1.31935000e-06
4.90363842e-01,1.31945000e-06
4.90451564e-01,1.31955000e-06
4.90538466e-01,1.31965000e-06
4.90626194e-01,1.31975000e-06
4.90713101e-01,1.31985000e-06
4.90800835e-01,1.31995000e-06
4.90887748e-01,1.32005000e-06
4.90975489e-01,1.32015000e-06
4.91062407e-01,1.32025000e-06
4.91150154e-01,1.32035000e-06
4.91237078e-01,1.32045000e-06
4.91324831e-01,1.32055000e-06
4.91411761e-01,1.32065000e-06
4.91499519e-01,1.32075000e-06
4.91586455e-01,1.32085000e-06
4.91674220e-01,1.32095000e-06
4.91761161e-01,1.32105000e-06
4.91848932e-01,1.32115000e-06
4.91935879e-01,1.32125000e-06
4.92023655e-01,1.32135000e-06
4.92110608e-01,1.32145000e-06
4.92198391e-01,1.32155000e-06
4.92285349e-01,1.32165000e-06
4.92373138e-01,1.32175000e-06
4.92460102e-01,1.32185000e-06
4.92547896e-01,1.32195000e-06
4.92634866e-01,1.32205000e-06
4.92722666e-01,1.32215000e-06
4.92809642e-01,1.32225000e-06
4.92897448e-01,1.32235000e-06
4.92984429e-01,1.32245000e-06
4.93072241e-01,1.32255000e-06
4.93159228e-01,1.32265000e-06
4.93247046e-01,1.32275000e-06
4.93334038e-01,1.32285000e-06
4.93421862e-01,1.32295000e-06
4.93508860e-01,1.32305000e-06
4.93596689e-01,1.32315000e-06
4.93683692e-01,1.32325000e-06
4.93771527e-01,1.32335000e-06
4.93858537e-01,1.32345000e-06
4.93946377e-01,1.32355000e-06
4.94033392e-01,1.32365000e-06
4.94121239e-01,1.32375000e-06
4.94208259e-01,1.32385000e-06
4.94296111e-01,1.32395000e-06
4.94383137e-01,1.32405000e-06
4.94470995e-01,1.32415000e-06
4.94558026e-01,1.32425000e-06
4.94645889e-01,1.32435000e-06
4.94732926e-01,1.32445000e-06
4.94820795e-01,1.32455000e-06
4.94907837e-01,1.32465000e-06
4.94995712e-01,1.32475000e-06
4.95082759e-01,1.32485000e-06
4.95170640e-01,1.32495000e-06
4.95257692e-01,1.32505000e-06
4.95345578e-01,1.32515000e-06
4.95432636e-01,1.32525000e-06
4.95520528e-01,1.32535000e-06
4.95607591e-01,1.32545000e-06
4.95695489e-01,1.32555000e-06
4.95782557e-01,1.32565000e-06
4.95870460e-01,1.32575000e-06
4.95957534e-01,1.32585000e-06
4.96045442e-01,1.32595000e-06
4.96132521e-01,1.32605000e-06
4.96220435e-01,1.32615000e-06
4.96307519e-01,1.32625000e-06
4.96395439e-01,1.32635000e-06
4.96482528e-01,1.32645000e-06
4.96570453e-01,1.32655000e-06
4.96657547e-01,1.32665000e-06
4.96745477e-01,1.32675000e-06
4.96832577e-01,1.32685000e-06
4.96920512e-01,1.32695000e-06
4.97007617e-01,1.32705000e-06
4.97095558e-01,1.32715000e-06
4.97182668e-01,1.32725000e-06
4.97270614e-01,1.32735000e-06
4.97357729e-01,1.32745000e-06
4.97445680e-01,1.32755000e-06
4.97532800e-01,1.32765000e-06
4.97620757e-01,1.32775000e-06
4.97707882e-01,1.32785000e-06
4.97795844e-01,1.32795000e-06
4.97882974e-01,1.32805000e-06
4.97970941e-01,1.32815000e-06
4.98058076e-01,1.32825000e-06
4.98146048e-01,1.32835000e-06
4.98233188e-01,1.32845000e-06
4.98321165e-01,1.32855000e-06
4.98408310e-01,1.32865000e-06
4.98496293e-01,1.32875000e-06
4.98583442e-01,1.32885000e-06
4.98671430e-01,1.32895000e-06
4.98758584e-01,1.32905000e-06
4.98846577e-01,1.32915000e-06
4.98933736e-01,1.32925000e-06
4.99021733e-01,1.32935000e-06
4.99108897e-01,1.32945000e-06
4.99196900e-01,1.32955000e-06
4.99284068e-01,1.32965000e-06
4.99372076e-01,1.32975000e-06
4.99459249e-01,1.32985000e-06
4.99547262e-01,1.32995000e-06
4.99634439e-01,1.33005000e-06
4.99722457e-01,1.33015000e-06
4.99809639e-01,1.33025000e-06
4.99897662e-01,1.33035000e-06
4.99984848e-01,1.33045000e-06
5.00072876e-01,1.33055000e-06
5.00160067e-01,1.33065000e-06
5.00248099e-01,1.33075000e-06
5.00335295e-01,1.33085000e-06
5.00423332e-01,1.33095000e-06
5.00510532e-01,1.33105000e-06
5.00598573e-01,1.33115000e-06
5.00685778e-01,1.33125000e-06
5.00773824e-01,1.33135000e-06
5.00861033e-01,1.33145000e-06
5.00949084e-01,1.33155000e-06
5.01036298e-01,1.33165000e-06
5.01124353e-01,1.33175000e-06
5.01211571e-01,1.33185000e-06
5.01299631e-01,1.33195000e-06
5.01386853e-01,1.33205000e-06
5.01474917e-01,1.33215000e-06
5.01562143e-01,1.33225000e-06
5.01650212e-01,1.33235000e-06
5.01737442e-01,1.33245000e-06
5.01825516e-01,1.33255000e-06
5.01912750e-01,1.33265000e-06
5.02000828e-01,1.33275000e-06
5.02088067e-01,1.33285000e-06
5.02176149e-01,1.33295000e-06
5.02263392e-01,1.33305000e-06
5.02351478e-01,1.33315000e-06
5.02438725e-01,1.33325000e-06
5.02526815e-01,1.33335000e-06
5.02614066e-01,1.33345000e-06
5.02702161e-01,1.33355000e-06
5.02789416e-01,1.33365000e-06
5.02877515e-01,1.33375000e-06
5.02964773e-01,1.33385000e-06
5.03052876e-01,1.33395000e-06
5.03140139e-01,1.33405000e-06
5.03228246e-01,1.33415000e-06
5.03315512e-01,1.33425000e-06
5.03403623e-01,1.33435000e-06
5.03490893e-01,1.33445000e-06
5.03579008e-01,1.33455000e-06
5.03666282e-01,1.33465000e-06
5.03754401e-01,1.33475000e-06
5.03841679e-01,1.33485000e-06
5.03929802e-01,1.33495000e-06
5.04017083e-01,1.33505000e-06
5.04105209e-01,1.33515000e-06
5.04192494e-01,1.33525000e-06
5.04280625e-01,1.33535000e-06
5.04367913e-01,1.33545000e-06
5.04456047e-01,1.33555000e-06
5.04543339e-01,1.33565000e-06
5.04631477e-01,1.33575000e-06
5.04718772e-01,1.33585000e-06
5.04806913e-01,1.33595000e-06
5.04894212e-01,1.33605000e-06
5.04982357e-01,1.33615000e-06
5.05069659e-01,1.33625000e-06
5.05157808e-01,1.33635000e-06
5.05245112e-01,1.33645000e-06
5.05333265e-01,1.33655000e-06
5.05420573e-01,1.33665000e-06
5.05508729e-01,1.33675000e-06
5.05596040e-01,1.33685000e-06
5.05684199e-01,1.33695000e-06
5.05771513e-01,1.33705000e-06
5.05859676e-01,1.33715000e-06
5.05946993e-01,1.33725000e-06
5.06035159e-01,1.33735000e-06
5.06122479e-01,1.33745000e-06
5.06210648e-01,1.33755000e-06
5.06297972e-01,1.33765000e-06
5.06386144e-01,1.33775000e-06
5.06473470e-01,1.33785000e-06
5.06561645e-01,1.33795000e-06
5.06648974e-01,1.33805000e-06
5.06737152e-01,1.33815000e-06
5.06824484e-01,1.33825000e-06
5.06912665e-01,1.33835000e-06
5.07000000e-01,1.33845000e-06
5.07088184e-01,1.33855000e-06
5.07175521e-01,1.33865000e-06
5.07263708e-01,1.33875000e-06
5.07351048e-01,1.33885000e-06
5.07439238e-01,1.33895000e-06
5.07526580e-01,1.33905000e-06
5.07614772e-01,1.33915000e-06
5.07702117e-01,1.33925000e-06
5.07790312e-01,1.33935000e-06
5.07877659e-01,1.33945000e-06
5.07965857e-01,1.33955000e-06
5.08053207e-01,1.33965000e-06
5.08141407e-01,1.33975000e-06
5.08228759e-01,1.33985000e-06
5.08316962e-01,1.33995000e-06
5.08404315e-01,1.34005000e-06
5.08492521e-01,1.34015000e-06
5.08579877e-01,1.34025000e-06
5.08668084e-01,1.34035000e-06
5.08755442e-01,1.34045000e-06
5.08843652e-01,1.34055000e-06
5.08931012e-01,1.34065000e-06
5.09019225e-01,1.34075000e-06
5.09106587e-01,1.34085000e-06
5.09194801e-01,1.34095000e-06
5.09282165e-01,1.34105000e-06
5.09370381e-01,1.34115000e-06
5.09457747e-01,1.34125000e-06
5.09545965e-01,1.34135000e-06
5.09633333e-01,1.34145000e-06
5.09721553e-01,1.34155000e-06
5.09808922e-01,1.34165000e-06
5.09897145e-01,1.34175000e-06
5.09984515e-01,1.34185000e-06
5.10072739e-01,1.34195000e-06
5.10160111e-01,1.34205000e-06
5.10248337e-01,1.34215000e-06
5.10335711e-01,1.34225000e-06
5.10423938e-01,1.34235000e-06
5.10511313e-01,1.34245000e-06
5.10599542e-01,1.34255000e-06
5.10686919e-01,1.34265000e-06
5.10775149e-01,1.34275000e-06
5.10862527e-01,1.34285000e-06
5.10950759e-01,1.34295000e-06
5.11038137e-01,1.34305000e-06
5.11126371e-01,1.34315000e-06
5.11213750e-01,1.34325000e-06
5.11301985e-01,1.34335000e-06
5.11389366e-01,1.34345000e-06
5.11477601e-01,1.34355000e-06
5.11564983e-01,1.34365000e-06
5.11653220e-01,1.34375000e-06
5.11740602e-01,1.34385000e-06
5.11828840e-01,1.34395000e-06
5.11916223e-01,1.34405000e-06
5.12004462e-01,1.34415000e-06
5.12091846e-01,1.34425000e-06
5.12180086e-01,1.34435000e-06
5.12267470e-01,1.34445000e-06
5.12355711e-01,1.34455000e-06
5.12443096e-01,1.34465000e-06
5.12531337e-01,1.34475000e-06
5.12618722e-01,1.34485000e-06
5.12706964e-01,1.34495000e-06
5.12794350e-01,1.34505000e-06
5.12882592e-01,1.34515000e-06
5.12969978e-01,1.34525000e-06
5.13058221e-01,1.34535000e-06
5.13145607e-01,1.34545000e-06
5.13233850e-01,1.34555000e-06
5.13321236e-01,1.34565000e-06
5.13409480e-01,1.34575000e-06
5.13496866e-01,1.34585000e-06
5.13585109e-01,1.34595000e-06
5.13672495e-01,1.34605000e-06
5.13760739e-01,1.34615000e-06
5.13848125e-01,1.34625000e-06
5.13936369e-01,1.34635000e-06
5.14023754e-01,1.34645000e-06
5.14111998e-01,1.34655000e-06
5.14199383e-01,1.34665000e-06
5.14287626e-01,1.34675000e-06
5.14375011e-01,1.34685000e-06
5.14463254e-01,1.34695000e-06
5.14550638e-01,1.34705000e-06
5.14638880e-01,1.34715000e-06
5.14726264e-01,1.34725000e-06
5.14814506e-01,1.34735000e-06
5.14901889e-01,1.34745000e-06
5.14990130e-01,1.34755000e-06
5.15077512e-01,1.34765000e-06
5.15165753e-01,1.34775000e-06
5.15253133e-01,1.34785000e-06
5.15341374e-01,1.34795000e-06
5.15428753e-01,1.34805000e-06
5.15516993e-01,1.34815000e-06
5.15604371e-01,1.34825000e-06
5.15692609e-01,1.34835000e-06
5.15779986e-01,1.34845000e-06
5.15868224e-01,1.34855000e-06
5.15955599e-01,1.34865000e-06
5.16043836e-01,1.34875000e-06
5.16131210e-01,1.34885000e-06
5.16219445e-01,1.34895000e-06
5.16306817e-01,1.34905000e-06
5.16395051e-01,1.34915000e-06
5.16482422e-01,1.34925000e-06
5.16570653e-01,1.34935000e-06
5.16658023e-01,1.34945000e-06
5.16746253e-01,1.34955000e-06
5.16833620e-01,1.34965000e-06
5.16921848e-01,1.34975000e-06
5.17009214e-01,1.34985000e-06
5.17097440e-01,1.34995000e-06
5.17184803e-01,1.35005000e-06
5.17273028e-01,1.35015000e-06
5.17360389e-01,1.35025000e-06
5.17448611e-01,1.35035000e-06
5.17535969e-01,1.35045000e-06
5.17624190e-01,1.35055000e-06
5.17711546e-01,1.35065000e-06
5.17799764e-01,1.35075000e-06
5.17887117e-01,1.35085000e-06
5.17975333e-01,1.35095000e-06
5.18062683e-01,1.35105000e-06
5.18150896e-01,1.35115000e-06
5.18238244e-01,1.35125000e-06
5.18326454e-01,1.35135000e-06
5.18413799e-01,1.35145000e-06
5.18502007e-01,1.35155000e-06
5.18589348e-01,1.35165000e-06
5.18677553e-01,1.35175000e-06
5.18764891e-01,1.35185000e-06
5.18853093e-01,1.35195000e-06
5.18940428e-01,1.35205000e-06
5.19028626e-01,1.35215000e-06
5.19115958e-01,1.35225000e-06
5.19204153e-01,1.35235000e-06
5.19291481e-01,1.35245000e-06
5.19379673e-01,1.35255000e-06
5.19466997e-01,1.35265000e-06
5.19555185e-01,1.35275000e-06
5.19642506e-01,1.35285000e-06
5.19730690e-01,1.35295000e-06
5.19818006e-01,1.35305000e-06
5.19906187e-01,1.35315000e-06
5.19993499e-01,1.35325000e-06
5.20081676e-01,1.35335000e-06
5.20168984e-01,1.35345000e-06
5.20257156e-01,1.35355000e-06
5.20344460e-01,1.35365000e-06
5.20432628e-01,1.35375000e-06
5.20519927e-01,1.35385000e-06
5.20608091e-01,1.35395000e-06
5.20695386e-01,1.35405000e-06
5.20783545e-01,1.35415000e-06
5.20870834e-01,1.35425000e-06
5.20958989e-01,1.35435000e-06
5.21046274e-01,1.35445000e-06
5.21134424e-01,1.35455000e-06
5.21221703e-01,1.35465000e-06
5.21309848e-01,1.35475000e-06
5.21397122e-01,1.35485000e-06
5.21485262e-01,1.35495000e-06
5.21572531e-01,1.35505000e-06
5.21660665e-01,1.35515000e-06
5.21747929e-01,1.35525000e-06
5.21836058e-01,1.35535000e-06
5.21923315e-01,1.35545000e-06
5.22011439e-01,1.35555000e-06
5.22098690e-01,1.35565000e-06
5.22186808e-01,1.35575000e-06
5.22274054e-01,1.35585000e-06
5.22362166e-01,1.35595000e-06
5.22449405e-01,1.35605000e-06
5.22537511e-01,1.35615000e-06
5.22624744e-01,1.35625000e-06
5.22712844e-01,1.35635000e-06
5.22800071e-01,1.35645000e-06
5.22888164e-01,1.35655000e-06
5.22975384e-01,1.35665000e-06
5.23063471e-01,1.35675000e-06
5.23150684e-01,1.35685000e-06
5.23238764e-01,1.35695000e-06
5.23325970e-01,1.35705000e-06
5.23414044e-01,1.35715000e-06
5.23501243e-01,1.35725000e-06
5.23589309e-01,1.35735000e-06
5.23676501e-01,1.35745000e-06
5.23764560e-01,1.35755000e-06
5.23851744e-01,1.35765000e-06
5.23939796e-01,1.35775000e-06
5.24026972e-01,1.35785000e-06
5.24115016e-01,1.35795000e-06
5.24202185e-01,1.35805000e-06
5.24290221e-01,1.35815000e-06
5.24377382e-01,1.35825000e-06
5.24465411e-01,1.35835000e-06
5.24552563e-01,1.35845000e-06
5.24640583e-01,1.35855000e-06
5.24727727e-01,1.35865000e-06
5.24815740e-01,1.35875000e-06
5.24902875e-01,1.35885000e-06
5.24990879e-01,1.35895000e-06
5.25078005e-01,1.35905000e-06
5.25166000e-01,1.35915000e-06
5.25253118e-01,1.35925000e-06
5.25341104e-01,1.35935000e-06
5.25428213e-01,1.35945000e-06
5.25516190e-01,1.35955000e-06
5.25603289e-01,1.35965000e-06
5.25691257e-01,1.35975000e-06
5.25778347e-01,1.35985000e-06
5.25866306e-01,1.35995000e-06
5.25953385e-01,1.36005000e-06
5.26041335e-01,1.36015000e-06
5.26128405e-01,1.36025000e-06
5.26216344e-01,1.36035000e-06
5.26303404e-01,1.36045000e-06
5.26391333e-01,1.36055000e-06
5.26478382e-01,1.36065000e-06
5.26566301e-01,1.36075000e-06
5.26653340e-01,1.36085000e-06
5.26741249e-01,1.36095000e-06
5.26828277e-01,1.36105000e-06
5.26916175e-01,1.36115000e-06
5.27003192e-01,1.36125000e-06
5.27091079e-01,1.36135000e-06
5.27178085e-01,1.36145000e-06
5.27265961e-01,1.36155000e-06
5.27352956e-01,1.36165000e-06
5.27440821e-01,1.36175000e-06
5.27527804e-01,1.36185000e-06
5.27615657e-01,1.36195000e-06
5.27702628e-01,1.36205000e-06
5.27790470e-01,1.36215000e-06
5.27877429e-01,1.36225000e-06
5.27965258e-01,1.36235000e-06
5.28052205e-01,1.36245000e-06
5.28140023e-01,1.36255000e-06
5.28226957e-01,1.36265000e-06
5.28314762e-01,1.36275000e-06
5.28401683e-01,1.36285000e-06
5.28489476e-01,1.36295000e-06
5.28576384e-01,1.36305000e-06
5.28664164e-01,1.36315000e-06
5.28751059e-01,1.36325000e-06
5.28838825e-01,1.36335000e-06
5.28925707e-01,1.36345000e-06
5.29013460e-01,1.36355000e-06
5.29100328e-01,1.36365000e-06
5.29188068e-01,1.36375000e-06
5.29274922e-01,1.36385000e-06
5.29362647e-01,1.36395000e-06
5.29449487e-01,1.36405000e-06
5.29537199e-01,1.36415000e-06
5.29624025e-01,1.36425000e-06
5.29711722e-01,1.36435000e-06
5.29798532e-01,1.36445000e-06
5.29886215e-01,1.36455000e-06
5.29973011e-01,1.36465000e-06
5.30060678e-01,1.36475000e-06
5.30147459e-01,1.36485000e-06
5.30235112e-01,1.36495000e-06
5.30321877e-01,1.36505000e-06
5.30409514e-01,1.36515000e-06
5.30496263e-01,1.36525000e-06
5.30583885e-01,1.36535000e-06
5.30670618e-01,1.36545000e-06
5.30758224e-01,1.36555000e-06
5.30844941e-01,1.36565000e-06
5.30932530e-01,1.36575000e-06
5.31019231e-01,1.36585000e-06
5.31106804e-01,1.36595000e-06
5.31193487e-01,1.36605000e-06
5.31281043e-01,1.36615000e-06
5.31367710e-01,1.36625000e-06
5.31455249e-01,1.36635000e-06
5.31541898e-01,1.36645000e-06
5.31629420e-01,1.36655000e-06
5.31716052e-01,1.36665000e-06
5.31803556e-01,1.36675000e-06
5.31890169e-01,1.36685000e-06
5.31977655e-01,1.36695000e-06
5.32064251e-01,1.36705000e-06
5.32151718e-01,1.36715000e-06
5.32238295e-01,1.36725000e-06
5.32325745e-01,1.36735000e-06
5.32412303e-01,1.36745000e-06
5.32499733e-01,1.36755000e-06
5.32586272e-01,1.36765000e-06
5.32673683e-01,1.36775000e-06
5.32760203e-01,1.36785000e-06
5.32847595e-01,1.36795000e-06
5.32934094e-01,1.36805000e-06
5.33021466e-01,1.36815000e-06
5.33107946e-01,1.36825000e-06
5.33195298e-01,1.36835000e-06
5.33281757e-01,1.36845000e-06
5.33369089e-01,1.36855000e-06
5.33455527e-01,1.36865000e-06
5.33542838e-01,1.36875000e-06
5.33629255e-01,1.36885000e-06
5.33716546e-01,1.36895000e-06
5.33802941e-01,1.36905000e-06
5.33890210e-01,1.36915000e-06
5.33976584e-01,1.36925000e-06
5.34063831e-01,1.36935000e-06
5.34150183e-01,1.36945000e-06
5.34237408e-01,1.36955000e-06
5.34323738e-01,1.36965000e-06
5.34410941e-01,1.36975000e-06
5.34497248e-01,1.36985000e-06
5.34584428e-01,1.36995000e-06
5.34670712e-01,1.37005000e-06
5.34757869e-01,1.37015000e-06
5.34844129e-01,1.37025000e-06
5.34931263e-01,1.37035000e-06
5.35017499e-01,1.37045000e-06
5.35104609e-01,1.37055000e-06
5.35190822e-01,1.37065000e-06
5.35277907e-01,1.37075000e-06
5.35364095e-01,1.37085000e-06
5.35451157e-01,1.37095000e-06
5.35537320e-01,1.37105000e-06
5.35624356e-01,1.37115000e-06
5.35710494e-01,1.37125000e-06
5.35797505e-01,1.37135000e-06
5.35883618e-01,1.37145000e-06
5.35970603e-01,1.37155000e-06
5.36056690e-01,1.37165000e-06
5.36143650e-01,1.37175000e-06
5.36229710e-01,1.37185000e-06
5.36316643e-01,1.37195000e-06
5.36402676e-01,1.37205000e-06
5.36489583e-01,1.37215000e-06
5.36575589e-01,1.37225000e-06
5.36662469e-01,1.37235000e-06
5.36748448e-01,1.37245000e-06
5.36835300e-01,1.37255000e-06
5.36921251e-01,1.37265000e-06
5.37008075e-01,1.37275000e-06
5.37093998e-01,1.37285000e-06
5.37180794e-01,1.37295000e-06
5.37266688e-01,1.37305000e-06
5.37353455e-01,1.37315000e-06
5.37439320e-01,1.37325000e-06
5.37526058e-01,1.37335000e-06
5.37611894e-01,1.37345000e-06
5.37698602e-01,1.37355000e-06
5.37784408e-01,1.37365000e-06
5.37871087e-01,1.37375000e-06
5.37956862e-01,1.37385000e-06
5.38043511e-01,1.37395000e-06
5.38129256e-01,1.37405000e-06
5.38215873e-01,1.37415000e-06
5.38301587e-01,1.37425000e-06
5.38388174e-01,1.37435000e-06
5.38473856e-01,1.37445000e-06
5.38560411e-01,1.37455000e-06
5.38646061e-01,1.37465000e-06
5.38732584e-01,1.37475000e-06
5.38818202e-01,1.37485000e-06
5.38904693e-01,1.37495000e-06
5.38990278e-01,1.37505000e-06
5.39076736e-01,1.37515000e-06
5.39162288e-01,1.37525000e-06
5.39248712e-01,1.37535000e-06
5.39334231e-01,1.37545000e-06
5.39420622e-01,1.37555000e-06
5.39506106e-01,1.37565000e-06
5.39592463e-01,1.37575000e-06
5.39677912e-01,1.37585000e-06
5.39764235e-01,1.37595000e-06
5.39849649e-01,1.37605000e-06
5.39935936e-01,1.37615000e-06
5.40021316e-01,1.37625000e-06
5.40107568e-01,1.37635000e-06
5.40192911e-01,1.37645000e-06
5.40279127e-01,1.37655000e-06
5.40364434e-01,1.37665000e-06
5.40450614e-01,1.37675000e-06
5.40535884e-01,1.37685000e-06
5.40622027e-01,1.37695000e-06
5.40707260e-01,1.37705000e-06
5.40793366e-01,1.37715000e-06
5.40878561e-01,1.37725000e-06
5.40964629e-01,1.37735000e-06
5.41049786e-01,1.37745000e-06
5.41135816e-01,1.37755000e-06
5.41220935e-01,1.37765000e-06
5.41306926e-01,1.37775000e-06
5.41392006e-01,1.37785000e-06
5.41477958e-01,1.37795000e-06
5.41562999e-01,1.37805000e-06
5.41648911e-01,1.37815000e-06
5.41733912e-01,1.37825000e-06
5.41819784e-01,1.37835000e-06
5.41904745e-01,1.37845000e-06
5.41990577e-01,1.37855000e-06
5.42075496e-01,1.37865000e-06
5.42161287e-01,1.37875000e-06
5.42246165e-01,1.37885000e-06
5.42331915e-01,1.37895000e-06
5.42416752e-01,1.37905000e-06
5.42502460e-01,1.37915000e-06
5.42587254e-01,1.37925000e-06
5.42672920e-01,1.37935000e-06
5.42757671e-01,1.37945000e-06
5.42843295e-01,1.37955000e-06
5.42928003e-01,1.37965000e-06
5.43013583e-01,1.37975000e-06
5.43098248e-01,1.37985000e-06
5.43183784e-01,1.37995000e-06
5.43268405e-01,1.38005000e-06
5.43353897e-01,1.38015000e-06
5.43438473e-01,1.38025000e-06
5.43523921e-01,1.38035000e-06
5.43608452e-01,1.38045000e-06
5.43693855e-01,1.38055000e-06
5.43778341e-01,1.38065000e-06
5.43863698e-01,1.38075000e-06
5.43948139e-01,1.38085000e-06
5.44033450e-01,1.38095000e-06
5.44117844e-01,1.38105000e-06
5.44203109e-01,1.38115000e-06
5.44287456e-01,1.38125000e-06
5.44372674e-01,1.38135000e-06
5.44456974e-01,1.38145000e-06
5.44542145e-01,1.38155000e-06
5.44626398e-01,1.38165000e-06
5.44711521e-01,1.38175000e-06
5.44795726e-01,1.38185000e-06
5.44880801e-01,1.38195000e-06
5.44964957e-01,1.38205000e-06
5.45049983e-01,1.38215000e-06
5.45134090e-01,1.38225000e-06
5.45219068e-01,1.38235000e-06
5.45303126e-01,1.38245000e-06
5.45388054e-01,1.38255000e-06
5.45472062e-01,1.38265000e-06
5.45556940e-01,1.38275000e-06
5.45640898e-01,1.38285000e-06
5.45725726e-01,1.38295000e-06
5.45809633e-01,1.38305000e-06
5.45894411e-01,1.38315000e-06
5.45978267e-01,1.38325000e-06
5.46062993e-01,1.38335000e-06
5.46146798e-01,1.38345000e-06
5.46231473e-01,1.38355000e-06
5.46315225e-01,1.38365000e-06
5.46399848e-01,1.38375000e-06
5.46483549e-01,1.38385000e-06
5.46568119e-01,1.38395000e-06
5.46651768e-01,1.38405000e-06
5.46736285e-01,1.38415000e-06
5.46819880e-01,1.38425000e-06
5.46904345e-01,1.38435000e-06
5.46987887e-01,1.38445000e-06
5.47072298e-01,1.38455000e-06
5.47155786e-01,1.38465000e-06
5.47240143e-01,1.38475000e-06
5.47323577e-01,1.38485000e-06
5.47407880e-01,1.38495000e-06
5.47491259e-01,1.38505000e-06
5.47575508e-01,1.38515000e-06
5.47658832e-01,1.38525000e-06
5.47743025e-01,1.38535000e-06
5.47826294e-01,1.38545000e-06
5.47910432e-01,1.38555000e-06
5.47993645e-01,1.38565000e-06
5.48077728e-01,1.38575000e-06
5.48160885e-01,1.38585000e-06
5.48244911e-01,1.38595000e-06
5.48328012e-01,1.38605000e-06
5.48411982e-01,1.38615000e-06
5.48495026e-01,1.38625000e-06
5.48578939e-01,1.38635000e-06
5.48661926e-01,1.38645000e-06
5.48745782e-01,1.38655000e-06
5.48828712e-01,1.38665000e-06
5.48912510e-01,1.38675000e-06
5.48995382e-01,1.38685000e-06
5.49079123e-01,1.38695000e-06
5.49161937e-01,1.38705000e-06
5.49245619e-01,1.38715000e-06
5.49328375e-01,1.38725000e-06
5.49411999e-01,1.38735000e-06
5.49494695e-01,1.38745000e-06
5.49578261e-01,1.38755000e-06
5.49660898e-01,1.38765000e-06
5.49744405e-01,1.38775000e-06
5.49826983e-01,1.38785000e-06
5.49910430e-01,1.38795000e-06
5.49992948e-01,1.38805000e-06
5.50076335e-01,1.38815000e-06
5.50158794e-01,1.38825000e-06
5.50242121e-01,1.38835000e-06
5.50324519e-01,1.38845000e-06
5.50407786e-01,1.38855000e-06
5.50490124e-01,1.38865000e-06
5.50573330e-01,1.38875000e-06
5.50655606e-01,1.38885000e-06
5.50738751e-01,1.38895000e-06
5.50820967e-01,1.38905000e-06
5.50904051e-01,1.38915000e-06
5.50986205e-01,1.38925000e-06
5.51069227e-01,1.38935000e-06
5.51151319e-01,1.38945000e-06
5.51234280e-01,1.38955000e-06
5.51316310e-01,1.38965000e-06
5.51399208e-01,1.38975000e-06
5.51481176e-01,1.38985000e-06
5.51564011e-01,1.38995000e-06
5.51645916e-01,1.39005000e-06
5.51728689e-01,1.39015000e-06
5.51810531e-01,1.39025000e-06
5.51893241e-01,1.39035000e-06
5.51975020e-01,1.39045000e-06
5.52057666e-01,1.39055000e-06
5.52139381e-01,1.39065000e-06
5.52221964e-01,1.39075000e-06
5.52303616e-01,1.39085000e-06
5.52386134e-01,1.39095000e-06
5.52467721e-01,1.39105000e-06
5.52550176e-01,1.39115000e-06
5.52631699e-01,1.39125000e-06
5.52714089e-01,1.39135000e-06
5.52795547e-01,1.39145000e-06
5.52877872e-01,1.39155000e-06
5.52959265e-01,1.39165000e-06
5.53041525e-01,1.39175000e-06
5.53122852e-01,1.39185000e-06
5.53205047e-01,1.39195000e-06
5.53286308e-01,1.39205000e-06
5.53368437e-01,1.39215000e-06
5.53449633e-01,1.39225000e-06
5.53531696e-01,1.39235000e-06
5.53612825e-01,1.39245000e-06
5.53694822e-01,1.39255000e-06
5.53775885e-01,1.39265000e-06
5.53857815e-01,1.39275000e-06
5.53938811e-01,1.39285000e-06
5.54020674e-01,1.39295000e-06
5.54101602e-01,1.39305000e-06
5.54183398e-01,1.39315000e-06
5.54264259e-01,1.39325000e-06
5.54345987e-01,1.39335000e-06
5.54426781e-01,1.39345000e-06
5.54508441e-01,1.39355000e-06
5.54589166e-01,1.39365000e-06
5.54670758e-01,1.39375000e-06
5.54751415e-01,1.39385000e-06
5.54832938e-01,1.39395000e-06
5.54913527e-01,1.39405000e-06
5.54994981e-01,1.39415000e-06
5.55075500e-01,1.39425000e-06
5.55156885e-01,1.39435000e-06
5.55237335e-01,1.39445000e-06
5.55318651e-01,1.39455000e-06
5.55399031e-01,1.39465000e-06
5.55480277e-01,1.39475000e-06
5.55560587e-01,1.39485000e-06
5.55641762e-01,1.39495000e-06
5.55722002e-01,1.39505000e-06
5.55803107e-01,1.39515000e-06
5.55883276e-01,1.39525000e-06
5.55964310e-01,1.39535000e-06
5.56044408e-01,1.39545000e-06
5.56125371e-01,1.39555000e-06
5.56205398e-01,1.39565000e-06
5.56286289e-01,1.39575000e-06
5.56366244e-01,1.39585000e-06
5.56447064e-01,1.39595000e-06
5.56526946e-01,1.39605000e-06
5.56607694e-01,1.39615000e-06
5.56687504e-01,1.39625000e-06
5.56768179e-01,1.39635000e-06
5.56847916e-01,1.39645000e-06
5.56928518e-01,1.39655000e-06
5.57008183e-01,1.39665000e-06
5.57088712e-01,1.39675000e-06
5.57168302e-01,1.39685000e-06
5.57248758e-01,1.39695000e-06
5.57328275e-01,1.39705000e-06
5.57408656e-01,1.39715000e-06
5.57488099e-01,1.39725000e-06
5.57568406e-01,1.39735000e-06
5.57647774e-01,1.39745000e-06
5.57728006e-01,1.39755000e-06
5.57807300e-01,1.39765000e-06
5.57887457e-01,1.39775000e-06
5.57966675e-01,1.39785000e-06
5.58046757e-01,1.39795000e-06
5.58125899e-01,1.39805000e-06
5.58205905e-01,1.39815000e-06
5.58284972e-01,1.39825000e-06
5.58364902e-01,1.39835000e-06
5.58443892e-01,1.39845000e-06
5.58523745e-01,1.39855000e-06
5.58602659e-01,1.39865000e-06
5.58682436e-01,1.39875000e-06
5.58761272e-01,1.39885000e-06
5.58840971e-01,1.39895000e-06
5.58919731e-01,1.39905000e-06
5.58999352e-01,1.39915000e-06
5.59078034e-01,1.39925000e-06
5.59157578e-01,1.39935000e-06
5.59236181e-01,1.39945000e-06
5.59315646e-01,1.39955000e-06
5.59394171e-01,1.39965000e-06
5.59473558e-01,1.39975000e-06
5.59552004e-01,1.39985000e-06
5.59631311e-01,1.39995000e-06
5.59709678e-01,1.40005000e-06
5.59788906e-01,1.40015000e-06
5.59867194e-01,1.40025000e-06
5.59946342e-01,1.40035000e-06
5.60024549e-01,1.40045000e-06
5.60103617e-01,1.40055000e-06
5.60181745e-01,1.40065000e-06
5.60260732e-01,1.40075000e-06
5.60338779e-01,1.40085000e-06
5.60417685e-01,1.40095000e-06
5.60495651e-01,1.40105000e-06
5.60574476e-01,1.40115000e-06
5.60652360e-01,1.40125000e-06
5.60731104e-01,1.40135000e-06
5.60808906e-01,1.40145000e-06
5.60887568e-01,1.40155000e-06
5.60965289e-01,1.40165000e-06
5.61043868e-01,1.40175000e-06
5.61121506e-01,1.40185000e-06
5.61200003e-01,1.40195000e-06
5.61277558e-01,1.40205000e-06
5.61355972e-01,1.40215000e-06
5.61433443e-01,1.40225000e-06
5.61511774e-01,1.40235000e-06
5.61589162e-01,1.40245000e-06
5.61667409e-01,1.40255000e-06
5.61744714e-01,1.40265000e-06
5.61822876e-01,1.40275000e-06
5.61900097e-01,1.40285000e-06
5.61978175e-01,1.40295000e-06
5.62055311e-01,1.40305000e-06
5.62133305e-01,1.40315000e-06
5.62210356e-01,1.40325000e-06
5.62288264e-01,1.40335000e-06
5.62365231e-01,1.40345000e-06
5.62443054e-01,1.40355000e-06
5.62519934e-01,1.40365000e-06
5.62597672e-01,1.40375000e-06
5.62674467e-01,1.40385000e-06
5.62752118e-01,1.40395000e-06
5.62828827e-01,1.40405000e-06
5.62906392e-01,1.40415000e-06
5.62983014e-01,1.40425000e-06
5.63060492e-01,1.40435000e-06
5.63137028e-01,1.40445000e-06
5.63214419e-01,1.40455000e-06
5.63290868e-01,1.40465000e-06
5.63368172e-01,1.40475000e-06
5.63444534e-01,1.40485000e-06
5.63521751e-01,1.40495000e-06
5.63598025e-01,1.40505000e-06
5.63675153e-01,1.40515000e-06
5.63751340e-01,1.40525000e-06
5.63828380e-01,1.40535000e-06
5.63904479e-01,1.40545000e-06
5.63981431e-01,1.40555000e-06
5.64057441e-01,1.40565000e-06
5.64134304e-01,1.40575000e-06
5.64210226e-01,1.40585000e-06
5.64287000e-01,1.40595000e-06
5.64362833e-01,1.40605000e-06
5.64439519e-01,1.40615000e-06
5.64515262e-01,1.40625000e-06
5.64591858e-01,1.40635000e-06
5.64667513e-01,1.40645000e-06
5.64744020e-01,1.40655000e-06
5.64819584e-01,1.40665000e-06
5.64896001e-01,1.40675000e-06
5.64971476e-01,1.40685000e-06
5.65047803e-01,1.40695000e-06
5.65123189e-01,1.40705000e-06
5.65199426e-01,1.40715000e-06
5.65274721e-01,1.40725000e-06
5.65350867e-01,1.40735000e-06
5.65426072e-01,1.40745000e-06
5.65502128e-01,1.40755000e-06
5.65577243e-01,1.40765000e-06
5.65653208e-01,1.40775000e-06
5.65728233e-01,1.40785000e-06
5.65804107e-01,1.40795000e-06
5.65879041e-01,1.40805000e-06
5.65954824e-01,1.40815000e-06
5.66029667e-01,1.40825000e-06
5.66105360e-01,1.40835000e-06
5.66180112e-01,1.40845000e-06
5.66255714e-01,1.40855000e-06
5.66330375e-01,1.40865000e-06
5.66405885e-01,1.40875000e-06
5.66480455e-01,1.40885000e-06
5.66555874e-01,1.40895000e-06
5.66630353e-01,1.40905000e-06
5.66705681e-01,1.40915000e-06
5.66780069e-01,1.40925000e-06
5.66855306e-01,1.40935000e-06
5.66929603e-01,1.40945000e-06
5.67004748e-01,1.40955000e-06
5.67078954e-01,1.40965000e-06
5.67154008e-01,1.40975000e-06
5.67228123e-01,1.40985000e-06
5.67303086e-01,1.40995000e-06
5.67377110e-01,1.41005000e-06
5.67451981e-01,1.41015000e-06
5.67525914e-01,1.41025000e-06
5.67600695e-01,1.41035000e-06
5.67674537e-01,1.41045000e-06
5.67749226e-01,1.41055000e-06
5.67822978e-01,1.41065000e-06
5.67897576e-01,1.41075000e-06
5.67971238e-01,1.41085000e-06
5.68045745e-01,1.41095000e-06
5.68119316e-01,1.41105000e-06
5.68193733e-01,1.41115000e-06
5.68267214e-01,1.41125000e-06
5.68341541e-01,1.41135000e-06
5.68414932e-01,1.41145000e-06
5.68489168e-01,1.41155000e-06
5.68562470e-01,1.41165000e-06
5.68636616e-01,1.41175000e-06
5.68709829e-01,1.41185000e-06
5.68783886e-01,1.41195000e-06
5.68857009e-01,1.41205000e-06
5.68930977e-01,1.41215000e-06
5.69004011e-01,1.41225000e-06
5.69077890e-01,1.41235000e-06
5.69150836e-01,1.41245000e-06
5.69224627e-01,1.41255000e-06
5.69297485e-01,1.41265000e-06
5.69371188e-01,1.41275000e-06
5.69443959e-01,1.41285000e-06
5.69517574e-01,1.41295000e-06
5.69590258e-01,1.41305000e-06
5.69663786e-01,1.41315000e-06
5.69736384e-01,1.41325000e-06
5.69809826e-01,1.41335000e-06
5.69882339e-01,1.41345000e-06
5.69955694e-01,1.41355000e-06
5.70028122e-01,1.41365000e-06
5.70101392e-01,1.41375000e-06
5.70173736e-01,1.41385000e-06
5.70246922e-01,1.41395000e-06
5.70319181e-01,1.41405000e-06
5.70392284e-01,1.41415000e-06
5.70464461e-01,1.41425000e-06
5.70537480e-01,1.41435000e-06
5.70609575e-01,1.41445000e-06
5.70682513e-01,1.41455000e-06
5.70754526e-01,1.41465000e-06
5.70827383e-01,1.41475000e-06
5.70899317e-01,1.41485000e-06
5.70972093e-01,1.41495000e-06
5.71043948e-01,1.41505000e-06
5.71116645e-01,1.41515000e-06
5.71188422e-01,1.41525000e-06
5.71261041e-01,1.41535000e-06
5.71332741e-01,1.41545000e-06
5.71405284e-01,1.41555000e-06
5.71476908e-01,1.41565000e-06
5.71549375e-01,1.41575000e-06
5.71620926e-01,1.41585000e-06
5.71693318e-01,1.41595000e-06
5.71764796e-01,1.41605000e-06
5.71837116e-01,1.41615000e-06
5.71908522e-01,1.41625000e-06
5.71980771e-01,1.41635000e-06
5.72052107e-01,1.41645000e-06
5.72124286e-01,1.41655000e-06
5.72195554e-01,1.41665000e-06
5.72267664e-01,1.41675000e-06
5.72338866e-01,1.41685000e-06
5.72410910e-01,1.41695000e-06
5.72482047e-01,1.41705000e-06
5.72554027e-01,1.41715000e-06
5.72625101e-01,1.41725000e-06
5.72697019e-01,1.41735000e-06
5.72768032e-01,1.41745000e-06
5.72839889e-01,1.41755000e-06
5.72910843e-01,1.41765000e-06
5.72982642e-01,1.41775000e-06
5.73053540e-01,1.41785000e-06
5.73125282e-01,1.41795000e-06
5.73196126e-01,1.41805000e-06
5.73267815e-01,1.41815000e-06
5.73338608e-01,1.41825000e-06
5.73410246e-01,1.41835000e-06
5.73480989e-01,1.41845000e-06
5.73552578e-01,1.41855000e-06
5.73623275e-01,1.41865000e-06
5.73694819e-01,1.41875000e-06
5.73765473e-01,1.41885000e-06
5.73836974e-01,1.41895000e-06
5.73907587e-01,1.41905000e-06
5.73979049e-01,1.41915000e-06
5.74049625e-01,1.41925000e-06
5.74121050e-01,1.41935000e-06
5.74191592e-01,1.41945000e-06
5.74262985e-01,1.41955000e-06
5.74333497e-01,1.41965000e-06
5.74404859e-01,1.41975000e-06
5.74475345e-01,1.41985000e-06
5.74546682e-01,1.41995000e-06
5.74617145e-01,1.42005000e-06
5.74688460e-01,1.42015000e-06
5.74758904e-01,1.42025000e-06
5.74830202e-01,1.42035000e-06
5.74900632e-01,1.42045000e-06
5.74971917e-01,1.42055000e-06
5.75042337e-01,1.42065000e-06
5.75113613e-01,1.42075000e-06
5.75184028e-01,1.42085000e-06
5.75255300e-01,1.42095000e-06
5.75325715e-01,1.42105000e-06
5.75396988e-01,1.42115000e-06
5.75467408e-01,1.42125000e-06
5.75538688e-01,1.42135000e-06
5.75609119e-01,1.42145000e-06
5.75680411e-01,1.42155000e-06
5.75750858e-01,1.42165000e-06
5.75822168e-01,1.42175000e-06
5.75892637e-01,1.42185000e-06
5.75963971e-01,1.42195000e-06
5.76034469e-01,1.42205000e-06
5.76105834e-01,1.42215000e-06
5.76176366e-01,1.42225000e-06
5.76247769e-01,1.42235000e-06
5.76318344e-01,1.42245000e-06
5.76389791e-01,1.42255000e-06
5.76460415e-01,1.42265000e-06
5.76531915e-01,1.42275000e-06
5.76602596e-01,1.42285000e-06
5.76674155e-01,1.42295000e-06
5.76744902e-01,1.42305000e-06
5.76816530e-01,1.42315000e-06
5.76887350e-01,1.42325000e-06
5.76959054e-01,1.42335000e-06
5.77029958e-01,1.42345000e-06
5.77101748e-01,1.42355000e-06
5.77172743e-01,1.42365000e-06
5.77244629e-01,1.42375000e-06
5.77315727e-01,1.42385000e-06
5.77387718e-01,1.42395000e-06
5.77458928e-01,1.42405000e-06
5.77531036e-01,1.42415000e-06
5.77602369e-01,1.42425000e-06
5.77674605e-01,1.42435000e-06
5.77746073e-01,1.42445000e-06
5.77818447e-01,1.42455000e-06
5.77890062e-01,1.42465000e-06
5.77962588e-01,1.42475000e-06
5.78034363e-01,1.42485000e-06
5.78107054e-01,1.42495000e-06
5.78179002e-01,1.42505000e-06
5.78251871e-01,1.42515000e-06
5.78324006e-01,1.42525000e-06
5.78397068e-01,1.42535000e-06
5.78469405e-01,1.42545000e-06
5.78542675e-01,1.42555000e-06
5.78615230e-01,1.42565000e-06
5.78688724e-01,1.42575000e-06
5.78761353e-01,1.42585000e-06
5.78834951e-01,1.42595000e-06
5.78907892e-01,1.42605000e-06
5.78981800e-01,1.42615000e-06
5.79055045e-01,1.42625000e-06
5.79129257e-01,1.42635000e-06
5.79202808e-01,1.42645000e-06
5.79277330e-01,1.42655000e-06
5.79351199e-01,1.42665000e-06
5.79426044e-01,1.42675000e-06
5.79500248e-01,1.42685000e-06
5.79575436e-01,1.42695000e-06
5.79649994e-01,1.42705000e-06
5.79725546e-01,1.42715000e-06
5.79800482e-01,1.42725000e-06
5.79876421e-01,1.42735000e-06
5.79951759e-01,1.42745000e-06
5.80028112e-01,1.42755000e-06
5.80103878e-01,1.42765000e-06
5.80180671e-01,1.42775000e-06
5.80256895e-01,1.42785000e-06
5.80334157e-01,1.42795000e-06
5.80410868e-01,1.42805000e-06
5.80488631e-01,1.42815000e-06
5.80565861e-01,1.42825000e-06
5.80644158e-01,1.42835000e-06
5.80721940e-01,1.42845000e-06
5.80800806e-01,1.42855000e-06
5.80879177e-01,1.42865000e-06
5.80958649e-01,1.42875000e-06
5.81037647e-01,1.42885000e-06
5.81117764e-01,1.42895000e-06
5.81197431e-01,1.42905000e-06
5.81278234e-01,1.42915000e-06
5.81358612e-01,1.42925000e-06
5.81440148e-01,1.42935000e-06
5.81521283e-01,1.42945000e-06
5.81603598e-01,1.42955000e-06
5.81685541e-01,1.42965000e-06
5.81768685e-01,1.42975000e-06
5.81851487e-01,1.42985000e-06
5.81935515e-01,1.42995000e-06
5.82019232e-01,1.43005000e-06
5.82104202e-01,1.43015000e-06
5.82188893e-01,1.43025000e-06
5.82274866e-01,1.43035000e-06
5.82360596e-01,1.43045000e-06
5.82447638e-01,1.43055000e-06
5.82534474e-01,1.43065000e-06
5.82622656e-01,1.43075000e-06
5.82710671e-01,1.43085000e-06
5.82800068e-01,1.43095000e-06
5.82889341e-01,1.43105000e-06
5.82980033e-01,1.43115000e-06
5.83070647e-01,1.43125000e-06
5.83162721e-01,1.43135000e-06
5.83254766e-01,1.43145000e-06
5.83348316e-01,1.43155000e-06
5.83441887e-01,1.43165000e-06
5.83537012e-01,1.43175000e-06
5.83632215e-01,1.43185000e-06
5.83729022e-01,1.43195000e-06
5.83825966e-01,1.43205000e-06
5.83924571e-01,1.43215000e-06
5.84023377e-01,1.43225000e-06
5.84123904e-01,1.43235000e-06
5.84224701e-01,1.43245000e-06
5.84327284e-01,1.43255000e-06
5.84430212e-01,1.43265000e-06
5.84534995e-01,1.43275000e-06
5.84640204e-01,1.43285000e-06
5.84747345e-01,1.43295000e-06
5.84854996e-01,1.43305000e-06
5.84964663e-01,1.43315000e-06
5.85074933e-01,1.43325000e-06
5.85187308e-01,1.43335000e-06
5.85300388e-01,1.43345000e-06
5.85415670e-01,1.43355000e-06
5.85531765e-01,1.43365000e-06
5.85650168e-01,1.43375000e-06
5.85769503e-01,1.43385000e-06
5.85891261e-01,1.43395000e-06
5.86014077e-01,1.43405000e-06
5.86139443e-01,1.43415000e-06
5.86266007e-01,1.43425000e-06
5.86395256e-01,1.43435000e-06
5.86525854e-01,1.43445000e-06
5.86659288e-01,1.43455000e-06
5.86794234e-01,1.43465000e-06
5.86932179e-01,1.43475000e-06
5.87071816e-01,1.43485000e-06
5.87214631e-01,1.43495000e-06
5.87359332e-01,1.43505000e-06
5.87507409e-01,1.43515000e-06
5.87657584e-01,1.43525000e-06
5.87811350e-01,1.43535000e-06
5.87967449e-01,1.43545000e-06
5.88127374e-01,1.43555000e-06
5.88289888e-01,1.43565000e-06
5.88456489e-01,1.43575000e-06
5.88625960e-01,1.43585000e-06
5.88799804e-01,1.43595000e-06
5.88976828e-01,1.43605000e-06
5.89158541e-01,1.43615000e-06
5.89343776e-01,1.43625000e-06
5.89534048e-01,1.43635000e-06
5.89728219e-01,1.43645000e-06
5.89927816e-01,1.43655000e-06
5.90131727e-01,1.43665000e-06
5.90341494e-01,1.43675000e-06
5.90556038e-01,1.43685000e-06
5.90776915e-01,1.43695000e-06
5.91003083e-01,1.43705000e-06
5.91236117e-01,1.43715000e-06
5.91475016e-01,1.43725000e-06
5.91721376e-01,1.43735000e-06
5.91974240e-01,1.43745000e-06
5.92235233e-01,1.43755000e-06
5.92503447e-01,1.43765000e-06
5.92780542e-01,1.43775000e-06
5.93065664e-01,1.43785000e-06
5.93360512e-01,1.43795000e-06
5.93664299e-01,1.43805000e-06
5.93978770e-01,1.43815000e-06
5.94303210e-01,1.43825000e-06
5.94639423e-01,1.43835000e-06
5.94986779e-01,1.43845000e-06
5.95347150e-01,1.43855000e-06
5.95720004e-01,1.43865000e-06
5.96107298e-01,1.43875000e-06
5.96508614e-01,1.43885000e-06
5.96926013e-01,1.43895000e-06
5.97359210e-01,1.43905000e-06
5.97810394e-01,1.43915000e-06
5.98279440e-01,1.43925000e-06
5.98768690e-01,1.43935000e-06
5.99278216e-01,1.43945000e-06
5.99810547e-01,1.43955000e-06
6.00365991e-01,1.43965000e-06
6.00947315e-01,1.43975000e-06
6.01555111e-01,1.43985000e-06
6.02192440e-01,1.43995000e-06
6.02860247e-01,1.44005000e-06
6.03561968e-01,1.44015000e-06
6.04298980e-01,1.44025000e-06
6.05075166e-01,1.44035000e-06
6.05892440e-01,1.44045000e-06
6.06755263e-01,1.44055000e-06
6.07666210e-01,1.44065000e-06
6.08630452e-01,1.44075000e-06
6.09651370e-01,1.44085000e-06
6.10734993e-01,1.44095000e-06
6.11885668e-01,1.44105000e-06
6.13110442e-01,1.44115000e-06
6.14414779e-01,1.44125000e-06
6.15806888e-01,1.44135000e-06
6.17293475e-01,1.44145000e-06
6.18884006e-01,1.44155000e-06
6.20586505e-01,1.44165000e-06
6.22411762e-01,1.44175000e-06
6.24369194e-01,1.44185000e-06
6.26471039e-01,1.44195000e-06
6.28728351e-01,1.44205000e-06
6.31155253e-01,1.44215000e-06
6.33765162e-01,1.44225000e-06
6.36575197e-01,1.44235000e-06
6.39602721e-01,1.44245000e-06
6.42870001e-01,1.44255000e-06
6.46401179e-01,1.44265000e-06
6.50227307e-01,1.44275000e-06
6.54383991e-01,1.44285000e-06
6.58917141e-01,1.44295000e-06
6.63881861e-01,1.44305000e-06
6.69349817e-01,1.44315000e-06
6.75410841e-01,1.44325000e-06
6.82184298e-01,1.44335000e-06
6.89827490e-01,1.44345000e-06
6.98558187e-01,1.44355000e-06
7.08683217e-01,1.44365000e-06
7.20658692e-01,1.44375000e-06
7.35195677e-01,1.44385000e-06
7.53492449e-01,1.44395000e-06
7.77804283e-01,1.44405000e-06
8.13033805e-01,1.44415000e-06
8.72835308e-01,1.44425000e-06
1.01316803e+00,1.44435000e-06
1.41184797e+00,1.44445000e-06
1.76317203e+00,1.44455000e-06
1.80162149e+00,1.44465000e-06
1.79115278e+00,1.44475000e-06
1.79954079e+00,1.44485000e-06
1.79617120e+00,1.44495000e-06
1.80025594e+00,1.44505000e-06
1.79831476e+00,1.44515000e-06
1.80052193e+00,1.44525000e-06
1.79914980e+00,1.44535000e-06
1.80046641e+00,1.44545000e-06
1.79950274e+00,1.44555000e-06
1.80034945e+00,1.44565000e-06
1.79968032e+00,1.44575000e-06
1.80024964e+00,1.44585000e-06
1.79978336e+00,1.44595000e-06
1.80017717e+00,1.44605000e-06
1.79984825e+00,1.44615000e-06
1.80012713e+00,1.44625000e-06
1.79989079e+00,1.44635000e-06
1.80009300e+00,1.44645000e-06
1.79991936e+00,1.44655000e-06
1.80006961e+00,1.44665000e-06
1.79993895e+00,1.44675000e-06
1.80005333e+00,1.44685000e-06
1.79995272e+00,1.44695000e-06
1.80004171e+00,1.44705000e-06
1.79996265e+00,1.44715000e-06
1.80003322e+00,1.44725000e-06
1.79996999e+00,1.44735000e-06
1.80002686e+00,1.44745000e-06
1.79997555e+00,1.44755000e-06
1.80002198e+00,1.44765000e-06
1.79997988e+00,1.44775000e-06
1.80001814e+00,1.44785000e-06
1.79998301e+00,1.44795000e-06
1.80001394e+00,1.44805000e-06
1.79998568e+00,1.44815000e-06
1.80001161e+00,1.44825000e-06
1.79998793e+00,1.44835000e-06
1.80000965e+00,1.44845000e-06
1.79998985e+00,1.44855000e-06
1.80000798e+00,1.44865000e-06
1.79999150e+00,1.44875000e-06
1.80000721e+00,1.44885000e-06
1.79999308e+00,1.44895000e-06
1.80000584e+00,1.44905000e-06
1.79999440e+00,1.44915000e-06
1.80000468e+00,1.44925000e-06
1.79999552e+00,1.44935000e-06
1.80000368e+00,1.44945000e-06
1.79999649e+00,1.44955000e-06
1.80000282e+00,1.44965000e-06
1.79999732e+00,1.44975000e-06
1.80000208e+00,1.44985000e-06
1.79999804e+00,1.44995000e-06
1.80000144e+00,1.45005000e-06
1.79999867e+00,1.45015000e-06
1.80000088e+00,1.45025000e-06
1.79999922e+00,1.45035000e-06
1.80000039e+00,1.45045000e-06
1.79999970e+00,1.45055000e-06
1.79999996e+00,1.45065000e-06
1.80000010e+00,1.45075000e-06
1.79999958e+00,1.45085000e-06
1.80000044e+00,1.45095000e-06
1.79999924e+00,1.45105000e-06
1.80000074e+00,1.45115000e-06
1.79999895e+00,1.45125000e-06
1.80000100e+00,1.45135000e-06
1.79999870e+00,1.45145000e-06
1.80000123e+00,1.45155000e-06
1.79999848e+00,1.45165000e-06
1.80000142e+00,1.45175000e-06
1.79999830e+00,1.45185000e-06
1.80000159e+00,1.45195000e-06
1.79999813e+00,1.45205000e-06
1.80000174e+00,1.45215000e-06
1.79999800e+00,1.45225000e-06
1.80000186e+00,1.45235000e-06
1.79999788e+00,1.45245000e-06
1.80000197e+00,1.45255000e-06
1.79999778e+00,1.45265000e-06
1.80000206e+00,1.45275000e-06
1.79999770e+00,1.45285000e-06
1.80000213e+00,1.45295000e-06
1.79999763e+00,1.45305000e-06
1.80000219e+00,1.45315000e-06
1.79999757e+00,1.45325000e-06
1.80000224e+00,1.45335000e-06
1.79999752e+00,1.45345000e-06
1.80000228e+00,1.45355000e-06
1.79999749e+00,1.45365000e-06
1.80000231e+00,1.45375000e-06
1.79999746e+00,1.45385000e-06
1.80000234e+00,1.45395000e-06
1.79999744e+00,1.45405000e-06
1.80000235e+00,1.45415000e-06
1.79999743e+00,1.45425000e-06
1.80000236e+00,1.45435000e-06
1.79999742e+00,1.45445000e-06
1.80000237e+00,1.45455000e-06
1.79999742e+00,1.45465000e-06
1.80000237e+00,1.45475000e-06
1.79999742e+00,1.45485000e-06
1.80000237e+00,1.45495000e-06
1.79999743e+00,1.45505000e-06
1.80000236e+00,1.45515000e-06
1.79999744e+00,1.45525000e-06
1.80000235e+00,1.45535000e-06
1.79999746e+00,1.45545000e-06
1.80000233e+00,1.45555000e-06
1.79999747e+00,1.45565000e-06
1.80000232e+00,1.45575000e-06
1.79999749e+00,1.45585000e-06
1.80000230e+00,1.45595000e-06
1.79999751e+00,1.45605000e-06
1.80000228e+00,1.45615000e-06
1.79999754e+00,1.45625000e-06
1.80000226e+00,1.45635000e-06
1.79999756e+00,1.45645000e-06
1.80000224e+00,1.45655000e-06
1.79999758e+00,1.45665000e-06
1.80000221e+00,1.45675000e-06
1.79999761e+00,1.45685000e-06
1.80000219e+00,1.45695000e-06
1.79999764e+00,1.45705000e-06
1.80000216e+00,1.45715000e-06
1.79999767e+00,1.45725000e-06
1.80000213e+00,1.45735000e-06
1.79999770e+00,1.45745000e-06
1.80000211e+00,1.45755000e-06
1.79999773e+00,1.45765000e-06
1.80000208e+00,1.45775000e-06
1.79999776e+00,1.45785000e-06
1.80000205e+00,1.45795000e-06
1.79999779e+00,1.45805000e-06
1.80000202e+00,1.45815000e-06
1.79999782e+00,1.45825000e-06
1.80000199e+00,1.45835000e-06
1.79999785e+00,1.45845000e-06
1.80000196e+00,1.45855000e-06
1.79999788e+00,1.45865000e-06
1.80000194e+00,1.45875000e-06
1.79999791e+00,1.45885000e-06
1.80000191e+00,1.45895000e-06
1.79999794e+00,1.45905000e-06
1.80000188e+00,1.45915000e-06
1.79999798e+00,1.45925000e-06
1.80000185e+00,1.45935000e-06
1.79999801e+00,1.45945000e-06
1.80000182e+00,1.45955000e-06
1.79999804e+00,1.45965000e-06
1.80000179e+00,1.45975000e-06
1.79999807e+00,1.45985000e-06
1.80000176e+00,1.45995000e-06
1.79999810e+00,1.46005000e-06
1.80000173e+00,1.46015000e-06
1.79999813e+00,1.46025000e-06
1.80000170e+00,1.46035000e-06
1.79999817e+00,1.46045000e-06
1.80000167e+00,1.46055000e-06
1.79999820e+00,1.46065000e-06
1.80000164e+00,1.46075000e-06
1.79999823e+00,1.46085000e-06
1.80000161e+00,1.46095000e-06
1.79999826e+00,1.46105000e-06
1.80000158e+00,1.46115000e-06
1.79999829e+00,1.46125000e-06
1.80000156e+00,1.46135000e-06
1.79999832e+00,1.46145000e-06
1.80000153e+00,1.46155000e-06
1.79999835e+00,1.46165000e-06
1.80000150e+00,1.46175000e-06
1.79999838e+00,1.46185000e-06
1.80000147e+00,1.46195000e-06
1.79999841e+00,1.46205000e-06
1.80000144e+00,1.46215000e-06
1.79999844e+00,1.46225000e-06
1.80000142e+00,1.46235000e-06
1.79999847e+00,1.46245000e-06
1.80000139e+00,1.46255000e-06
1.79999850e+00,1.46265000e-06
1.80000136e+00,1.46275000e-06
1.79999853e+00,1.46285000e-06
1.80000133e+00,1.46295000e-06
1.79999856e+00,1.46305000e-06
1.80000131e+00,1.46315000e-06
1.79999859e+00,1.46325000e-06
1.80000128e+00,1.46335000e-06
1.79999861e+00,1.46345000e-06
1.80000125e+00,1.46355000e-06
1.79999864e+00,1.46365000e-06
1.80000123e+00,1.46375000e-06
1.79999867e+00,1.46385000e-06
1.80000120e+00,1.46395000e-06
1.79999870e+00,1.46405000e-06
1.80000118e+00,1.46415000e-06
1.79999873e+00,1.46425000e-06
1.80000115e+00,1.46435000e-06
1.79999875e+00,1.46445000e-06
1.80000113e+00,1.46455000e-06
1.79999878e+00,1.46465000e-06
1.80000110e+00,1.46475000e-06
1.79999881e+00,1.46485000e-06
1.80000108e+00,1.46495000e-06
1.79999883e+00,1.46505000e-06
1.80000105e+00,1.46515000e-06
1.79999886e+00,1.46525000e-06
1.80000103e+00,1.46535000e-06
1.79999889e+00,1.46545000e-06
1.80000100e+00,1.46555000e-06
1.79999891e+00,1.46565000e-06
1.80000098e+00,1.46575000e-06
1.79999894e+00,1.46585000e-06
1.80000095e+00,1.46595000e-06
1.79999896e+00,1.46605000e-06
1.80000093e+00,1.46615000e-06
1.79999899e+00,1.46625000e-06
1.80000091e+00,1.46635000e-06
1.79999901e+00,1.46645000e-06
1.80000088e+00,1.46655000e-06
1.79999904e+00,1.46665000e-06
1.80000086e+00,1.46675000e-06
1.79999906e+00,1.46685000e-06
1.80000084e+00,1.46695000e-06
1.79999909e+00,1.46705000e-06
1.80000081e+00,1.46715000e-06
1.79999911e+00,1.46725000e-06
1.80000079e+00,1.46735000e-06
1.79999913e+00,1.46745000e-06
1.80000077e+00,1.46755000e-06
1.79999916e+00,1.46765000e-06
1.80000075e+00,1.46775000e-06
1.79999918e+00,1.46785000e-06
1.80000072e+00,1.46795000e-06
1.79999920e+00,1.46805000e-06
1.80000070e+00,1.46815000e-06
1.79999923e+00,1.46825000e-06
1.80000068e+00,1.46835000e-06
1.79999925e+00,1.46845000e-06
1.80000066e+00,1.46855000e-06
1.79999927e+00,1.46865000e-06
1.80000064e+00,1.46875000e-06
1.79999930e+00,1.46885000e-06
1.80000062e+00,1.46895000e-06
1.79999932e+00,1.46905000e-06
1.80000060e+00,1.46915000e-06
1.79999934e+00,1.46925000e-06
1.80000058e+00,1.46935000e-06
1.79999936e+00,1.46945000e-06
1.80000056e+00,1.46955000e-06
1.79999938e+00,1.46965000e-06
1.80000054e+00,1.46975000e-06
1.79999941e+00,1.46985000e-06
1.80000052e+00,1.46995000e-06
1.79999943e+00,1.47005000e-06
1.80000050e+00,1.47015000e-06
1.79999945e+00,1.47025000e-06
1.80000048e+00,1.47035000e-06
1.79999947e+00,1.47045000e-06
1.80000046e+00,1.47055000e-06
1.79999949e+00,1.47065000e-06
1.80000044e+00,1.47075000e-06
1.79999951e+00,1.47085000e-06
1.80000042e+00,1.47095000e-06
1.79999953e+00,1.47105000e-06
1.80000040e+00,1.47115000e-06
1.79999955e+00,1.47125000e-06
1.80000038e+00,1.47135000e-06
1.79999957e+00,1.47145000e-06
1.80000036e+00,1.47155000e-06
1.79999959e+00,1.47165000e-06
1.80000034e+00,1.47175000e-06
1.79999961e+00,1.47185000e-06
1.80000032e+00,1.47195000e-06
1.79999963e+00,1.47205000e-06
1.80000030e+00,1.47215000e-06
1.79999965e+00,1.47225000e-06
1.80000029e+00,1.47235000e-06
1.79999967e+00,1.47245000e-06
1.80000027e+00,1.47255000e-06
1.79999969e+00,1.47265000e-06
1.80000025e+00,1.47275000e-06
1.79999971e+00,1.47285000e-06
1.80000023e+00,1.47295000e-06
1.79999973e+00,1.47305000e-06
1.80000022e+00,1.47315000e-06
1.79999974e+00,1.47325000e-06
1.80000020e+00,1.47335000e-06
1.79999976e+00,1.47345000e-06
1.80000018e+00,1.47355000e-06
1.79999978e+00,1.47365000e-06
1.80000016e+00,1.47375000e-06
1.79999980e+00,1.47385000e-06
1.80000015e+00,1.47395000e-06
1.79999982e+00,1.47405000e-06
1.80000013e+00,1.47415000e-06
1.79999983e+00,1.47425000e-06
1.80000011e+00,1.47435000e-06
1.79999985e+00,1.47445000e-06
1.80000010e+00,1.47455000e-06
1.79999987e+00,1.47465000e-06
1.80000008e+00,1.47475000e-06
1.79999989e+00,1.47485000e-06
1.80000007e+00,1.47495000e-06
1.79999990e+00,1.47505000e-06
1.80000005e+00,1.47515000e-06
1.79999992e+00,1.47525000e-06
1.80000003e+00,1.47535000e-06
1.79999994e+00,1.47545000e-06
1.80000002e+00,1.47555000e-06
1.79999995e+00,1.47565000e-06
1.80000000e+00,1.47575000e-06
1.79999997e+00,1.47585000e-06
1.79999999e+00,1.47595000e-06
1.79999999e+00,1.47605000e-06
1.79999997e+00,1.47615000e-06
1.80000000e+00,1.47625000e-06
1.79999996e+00,1.47635000e-06
1.80000002e+00,1.47645000e-06
1.79999994e+00,1.47655000e-06
1.80000004e+00,1.47665000e-06
1.79999993e+00,1.47675000e-06
1.80000005e+00,1.47685000e-06
1.79999991e+00,1.47695000e-06
1.80000007e+00,1.47705000e-06
1.79999990e+00,1.47715000e-06
1.80000008e+00,1.47725000e-06
1.79999988e+00,1.47735000e-06
1.80000010e+00,1.47745000e-06
1.79999987e+00,1.47755000e-06
1.80000011e+00,1.47765000e-06
1.79999985e+00,1.47775000e-06
1.80000013e+00,1.47785000e-06
1.79999984e+00,1.47795000e-06
1.80000014e+00,1.47805000e-06
1.79999983e+00,1.47815000e-06
1.80000016e+00,1.47825000e-06
1.79999981e+00,1.47835000e-06
1.80000017e+00,1.47845000e-06
1.79999980e+00,1.47855000e-06
1.80000018e+00,1.47865000e-06
1.79999978e+00,1.47875000e-06
1.80000020e+00,1.47885000e-06
1.79999977e+00,1.47895000e-06
1.80000021e+00,1.47905000e-06
1.79999976e+00,1.47915000e-06
1.80000023e+00,1.47925000e-06
1.79999974e+00,1.47935000e-06
1.80000024e+00,1.47945000e-06
1.79999973e+00,1.47955000e-06
1.80000025e+00,1.47965000e-06
1.79999971e+00,1.47975000e-06
1.80000027e+00,1.47985000e-06
1.79999970e+00,1.47995000e-06
1.80000028e+00,1.48005000e-06
1.79999969e+00,1.48015000e-06
1.80000029e+00,1.48025000e-06
1.79999967e+00,1.48035000e-06
1.80000031e+00,1.48045000e-06
1.79999966e+00,1.48055000e-06
1.80000032e+00,1.48065000e-06
1.79999965e+00,1.48075000e-06
1.80000033e+00,1.48085000e-06
1.79999963e+00,1.48095000e-06
1.80000034e+00,1.48105000e-06
1.79999962e+00,1.48115000e-06
1.80000036e+00,1.48125000e-06
1.79999961e+00,1.48135000e-06
1.80000037e+00,1.48145000e-06
1.79999960e+00,1.48155000e-06
1.80000038e+00,1.48165000e-06
1.79999958e+00,1.48175000e-06
1.80000039e+00,1.48185000e-06
1.79999957e+00,1.48195000e-06
1.80000041e+00,1.48205000e-06
1.79999956e+00,1.48215000e-06
1.80000042e+00,1.48225000e-06
1.79999955e+00,1.48235000e-06
1.80000043e+00,1.48245000e-06
1.79999954e+00,1.48255000e-06
1.80000044e+00,1.48265000e-06
1.79999952e+00,1.48275000e-06
1.80000045e+00,1.48285000e-06
1.79999951e+00,1.48295000e-06
1.80000046e+00,1.48305000e-06
1.79999950e+00,1.48315000e-06
1.80000048e+00,1.48325000e-06
1.79999949e+00,1.48335000e-06
1.80000049e+00,1.48345000e-06
1.79999948e+00,1.48355000e-06
1.80000050e+00,1.48365000e-06
1.79999947e+00,1.48375000e-06
1.80000051e+00,1.48385000e-06
1.79999945e+00,1.48395000e-06
1.80000052e+00,1.48405000e-06
1.79999944e+00,1.48415000e-06
1.80000053e+00,1.48425000e-06
1.79999943e+00,1.48435000e-06
1.80000054e+00,1.48445000e-06
1.79999942e+00,1.48455000e-06
1.80000055e+00,1.48465000e-06
1.79999941e+00,1.48475000e-06
1.80000056e+00,1.48485000e-06
1.79999940e+00,1.48495000e-06
1.80000057e+00,1.48505000e-06
1.79999939e+00,1.48515000e-06
1.80000059e+00,1.48525000e-06
1.79999938e+00,1.48535000e-06
1.80000060e+00,1.48545000e-06
1.79999937e+00,1.48555000e-06
1.80000061e+00,1.48565000e-06
1.79999936e+00,1.48575000e-06
1.80000062e+00,1.48585000e-06
1.79999935e+00,1.48595000e-06
1.80000063e+00,1.48605000e-06
1.79999934e+00,1.48615000e-06
1.80000064e+00,1.48625000e-06
1.79999933e+00,1.48635000e-06
1.80000065e+00,1.48645000e-06
1.79999932e+00,1.48655000e-06
1.80000066e+00,1.48665000e-06
1.79999931e+00,1.48675000e-06
1.80000067e+00,1.48685000e-06
1.79999930e+00,1.48695000e-06
1.80000068e+00,1.48705000e-06
1.79999929e+00,1.48715000e-06
1.80000068e+00,1.48725000e-06
1.79999928e+00,1.48735000e-06
1.80000069e+00,1.48745000e-06
1.79999927e+00,1.48755000e-06
1.80000070e+00,1.48765000e-06
1.79999926e+00,1.48775000e-06
1.80000071e+00,1.48785000e-06
1.79999925e+00,1.48795000e-06
1.80000072e+00,1.48805000e-06
1.79999924e+00,1.48815000e-06
1.80000073e+00,1.48825000e-06
1.79999923e+00,1.48835000e-06
1.80000074e+00,1.48845000e-06
1.79999922e+00,1.48855000e-06
1.80000075e+00,1.48865000e-06
1.79999921e+00,1.48875000e-06
1.80000076e+00,1.48885000e-06
1.79999920e+00,1.48895000e-06
1.80000077e+00,1.48905000e-06
1.79999919e+00,1.48915000e-06
1.80000078e+00,1.48925000e-06
1.79999918e+00,1.48935000e-06
1.80000078e+00,1.48945000e-06
1.79999918e+00,1.48955000e-06
1.80000079e+00,1.48965000e-06
1.79999917e+00,1.48975000e-06
1.80000080e+00,1.48985000e-06
1.79999916e+00,1.48995000e-06
1.80000081e+00,1.49005000e-06
1.79999915e+00,1.49015000e-06
1.80000082e+00,1.49025000e-06
1.79999914e+00,1.49035000e-06
1.80000083e+00,1.49045000e-06
1.79999913e+00,1.49055000e-06
1.80000084e+00,1.49065000e-06
1.79999912e+00,1.49075000e-06
1.80000084e+00,1.49085000e-06
1.79999912e+00,1.49095000e-06
1.80000085e+00,1.49105000e-06
1.79999911e+00,1.49115000e-06
1.80000086e+00,1.49125000e-06
1.79999910e+00,1.49135000e-06
1.80000087e+00,1.49145000e-06
1.79999909e+00,1.49155000e-06
1.80000087e+00,1.49165000e-06
1.79999908e+00,1.49175000e-06
1.80000088e+00,1.49185000e-06
1.79999908e+00,1.49195000e-06
1.80000089e+00,1.49205000e-06
1.79999907e+00,1.49215000e-06
1.80000090e+00,1.49225000e-06
1.79999906e+00,1.49235000e-06
1.80000091e+00,1.49245000e-06
1.79999905e+00,1.49255000e-06
1.80000091e+00,1.49265000e-06
1.79999905e+00,1.49275000e-06
1.80000092e+00,1.49285000e-06
1.79999904e+00,1.49295000e-06
1.80000093e+00,1.49305000e-06
1.79999903e+00,1.49315000e-06
1.80000094e+00,1.49325000e-06
1.79999902e+00,1.49335000e-06
1.80000094e+00,1.49345000e-06
1.79999902e+00,1.49355000e-06
1.80000095e+00,1.49365000e-06
1.79999901e+00,1.49375000e-06
1.80000096e+00,1.49385000e-06
1.79999900e+00,1.49395000e-06
1.80000096e+00,1.49405000e-06
1.79999899e+00,1.49415000e-06
1.80000097e+00,1.49425000e-06
1.79999899e+00,1.49435000e-06
1.80000098e+00,1.49445000e-06
1.79999898e+00,1.49455000e-06
1.80000098e+00,1.49465000e-06
1.79999897e+00,1.49475000e-06
1.80000099e+00,1.49485000e-06
1.79999897e+00,1.49495000e-06
1.80000100e+00,1.49505000e-06
1.79999896e+00,1.49515000e-06
1.80000100e+00,1.49525000e-06
1.79999895e+00,1.49535000e-06
1.80000101e+00,1.49545000e-06
1.79999895e+00,1.49555000e-06
1.80000102e+00,1.49565000e-06
1.79999894e+00,1.49575000e-06
1.80000102e+00,1.49585000e-06
1.79999893e+00,1.49595000e-06
1.80000103e+00,1.49605000e-06
1.79999893e+00,1.49615000e-06
1.80000104e+00,1.49625000e-06
1.79999892e+00,1.49635000e-06
1.80000104e+00,1.49645000e-06
1.79999891e+00,1.49655000e-06
1.80000105e+00,1.49665000e-06
1.79999891e+00,1.49675000e-06
1.80000106e+00,1.49685000e-06
1.79999890e+00,1.49695000e-06
1.80000106e+00,1.49705000e-06
1.79999890e+00,1.49715000e-06
1.80000107e+00,1.49725000e-06
1.79999889e+00,1.49735000e-06
1.80000107e+00,1.49745000e-06
1.79999888e+00,1.49755000e-06
1.80000108e+00,1.49765000e-06
1.79999888e+00,1.49775000e-06
1.80000108e+00,1.49785000e-06
1.79999887e+00,1.49795000e-06
1.80000109e+00,1.49805000e-06
1.79999887e+00,1.49815000e-06
1.80000110e+00,1.49825000e-06
1.79999886e+00,1.49835000e-06
1.80000110e+00,1.49845000e-06
1.79999885e+00,1.49855000e-06
1.80000111e+00,1.49865000e-06
1.79999885e+00,1.49875000e-06
1.80000111e+00,1.49885000e-06
1.79999884e+00,1.49895000e-06
1.80000112e+00,1.49905000e-06
1.79999884e+00,1.49915000e-06
1.80000112e+00,1.49925000e-06
1.79999883e+00,1.49935000e-06
1.80000113e+00,1.49945000e-06
1.79999883e+00,1.49955000e-06
1.80000114e+00,1.49965000e-06
1.79999882e+00,1.49975000e-06
1.80000114e+00,1.49985000e-06
1.79999881e+00,1.49995000e-06
1.80000115e+00,1.50005000e-06
1.79999881e+00,1.50015000e-06
1.80000115e+00,1.50025000e-06
1.79999880e+00,1.50035000e-06
1.80000116e+00,1.50045000e-06
1.79999880e+00,1.50055000e-06
1.80000116e+00,1.50065000e-06
1.79999879e+00,1.50075000e-06
1.80000117e+00,1.50085000e-06
1.79999879e+00,1.50095000e-06
1.80000117e+00,1.50105000e-06
1.79999878e+00,1.50115000e-06
1.80000118e+00,1.50125000e-06
1.79999878e+00,1.50135000e-06
1.80000118e+00,1.50145000e-06
1.79999877e+00,1.50155000e-06
1.80000119e+00,1.50165000e-06
1.79999877e+00,1.50175000e-06
1.80000119e+00,1.50185000e-06
1.79999876e+00,1.50195000e-06
1.80000120e+00,1.50205000e-06
1.79999876e+00,1.50215000e-06
1.80000120e+00,1.50225000e-06
1.79999875e+00,1.50235000e-06
1.80000121e+00,1.50245000e-06
1.79999875e+00,1.50255000e-06
1.80000121e+00,1.50265000e-06
1.79999874e+00,1.50275000e-06
1.80000121e+00,1.50285000e-06
1.79999874e+00,1.50295000e-06
1.80000122e+00,1.50305000e-06
1.79999874e+00,1.50315000e-06
1.80000122e+00,1.50325000e-06
1.79999873e+00,1.50335000e-06
1.80000123e+00,1.50345000e-06
1.79999873e+00,1.50355000e-06
1.80000123e+00,1.50365000e-06
1.79999872e+00,1.50375000e-06
1.80000124e+00,1.50385000e-06
1.79999872e+00,1.50395000e-06
1.80000124e+00,1.50405000e-06
1.79999871e+00,1.50415000e-06
1.80000125e+00,1.50425000e-06
1.79999871e+00,1.50435000e-06
1.80000125e+00,1.50445000e-06
1.79999870e+00,1.50455000e-06
1.80000125e+00,1.50465000e-06
1.79999870e+00,1.50475000e-06
1.80000126e+00,1.50485000e-06
1.79999870e+00,1.50495000e-06
1.80000126e+00,1.50505000e-06
1.79999869e+00,1.50515000e-06
1.80000127e+00,1.50525000e-06
1.79999869e+00,1.50535000e-06
1.80000127e+00,1.50545000e-06
1.79999868e+00,1.50555000e-06
1.80000127e+00,1.50565000e-06
1.79999868e+00,1.50575000e-06
1.80000128e+00,1.50585000e-06
1.79999867e+00,1.50595000e-06
1.80000128e+00,1.50605000e-06
1.79999867e+00,1.50615000e-06
1.80000129e+00,1.50625000e-06
1.79999867e+00,1.50635000e-06
1.80000129e+00,1.50645000e-06
1.79999866e+00,1.50655000e-06
1.80000129e+00,1.50665000e-06
1.79999866e+00,1.50675000e-06
1.80000130e+00,1.50685000e-06
1.79999866e+00,1.50695000e-06
1.80000130e+00,1.50705000e-06
1.79999865e+00,1.50715000e-06
1.80000130e+00,1.50725000e-06
1.79999865e+00,1.50735000e-06
1.80000131e+00,1.50745000e-06
1.79999864e+00,1.50755000e-06
1.80000131e+00,1.50765000e-06
1.79999864e+00,1.50775000e-06
1.80000132e+00,1.50785000e-06
1.79999864e+00,1.50795000e-06
1.80000132e+00,1.50805000e-06
1.79999863e+00,1.50815000e-06
1.80000132e+00,1.50825000e-06
1.79999863e+00,1.50835000e-06
1.80000133e+00,1.50845000e-06
1.79999863e+00,1.50855000e-06
1.80000133e+00,1.50865000e-06
1.79999862e+00,1.50875000e-06
1.80000133e+00,1.50885000e-06
1.79999862e+00,1.50895000e-06
1.80000134e+00,1.50905000e-06
1.79999862e+00,1.50915000e-06
1.80000134e+00,1.50925000e-06
1.79999861e+00,1.50935000e-06
1.80000134e+00,1.50945000e-06
1.79999861e+00,1.50955000e-06
1.80000135e+00,1.50965000e-06
1.79999861e+00,1.50975000e-06
1.80000135e+00,1.50985000e-06
1.79999860e+00,1.50995000e-06
1.80000135e+00,1.51005000e-06
1.79999860e+00,1.51015000e-06
1.80000136e+00,1.51025000e-06
1.79999860e+00,1.51035000e-06
1.80000136e+00,1.51045000e-06
1.79999859e+00,1.51055000e-06
1.80000136e+00,1.51065000e-06
1.79999859e+00,1.51075000e-06
1.80000136e+00,1.51085000e-06
1.79999859e+00,1.51095000e-06
1.80000137e+00,1.51105000e-06
1.79999858e+00,1.51115000e-06
1.80000137e+00,1.51125000e-06
1.79999858e+00,1.51135000e-06
1.80000137e+00,1.51145000e-06
1.79999858e+00,1.51155000e-06
1.80000138e+00,1.51165000e-06
1.79999857e+00,1.51175000e-06
1.80000138e+00,1.51185000e-06
1.79999857e+00,1.51195000e-06
1.80000138e+00,1.51205000e-06
1.79999857e+00,1.51215000e-06
1.80000139e+00,1.51225000e-06
1.79999857e+00,1.51235000e-06
1.80000139e+00,1.51245000e-06
1.79999856e+00,1.51255000e-06
1.80000139e+00,1.51265000e-06
1.79999856e+00,1.51275000e-06
1.80000139e+00,1.51285000e-06
1.79999856e+00,1.51295000e-06
1.80000140e+00,1.51305000e-06
1.79999855e+00,1.51315000e-06
1.80000140e+00,1.51325000e-06
1.79999855e+00,1.51335000e-06
1.80000140e+00,1.51345000e-06
1.79999855e+00,1.51355000e-06
1.80000140e+00,1.51365000e-06
1.79999855e+00,1.51375000e-06
1.80000141e+00,1.51385000e-06
1.79999854e+00,1.51395000e-06
1.80000141e+00,1.51405000e-06
1.79999854e+00,1.51415000e-06
1.80000141e+00,1.51425000e-06
1.79999854e+00,1.51435000e-06
1.80000141e+00,1.51445000e-06
1.79999854e+00,1.51455000e-06
1.80000142e+00,1.51465000e-06
1.79999853e+00,1.51475000e-06
1.80000142e+00,1.51485000e-06
1.79999853e+00,1.51495000e-06
1.80000142e+00,1.51505000e-06
1.79999853e+00,1.51515000e-06
1.80000142e+00,1.51525000e-06
1.79999853e+00,1.51535000e-06
1.80000143e+00,1.51545000e-06
1.79999852e+00,1.51555000e-06
1.80000143e+00,1.51565000e-06
1.79999852e+00,1.51575000e-06
1.80000143e+00,1.51585000e-06
1.79999852e+00,1.51595000e-06
1.80000143e+00,1.51605000e-06
1.79999852e+00,1.51615000e-06
1.80000144e+00,1.51625000e-06
1.79999851e+00,1.51635000e-06
1.80000144e+00,1.51645000e-06
1.79999851e+00,1.51655000e-06
1.80000144e+00,1.51665000e-06
1.79999851e+00,1.51675000e-06
1.80000144e+00,1.51685000e-06
1.79999851e+00,1.51695000e-06
1.80000144e+00,1.51705000e-06
1.79999851e+00,1.51715000e-06
1.80000145e+00,1.51725000e-06
1.79999850e+00,1.51735000e-06
1.80000145e+00,1.51745000e-06
1.79999850e+00,1.51755000e-06
1.80000145e+00,1.51765000e-06
1.79999850e+00,1.51775000e-06
1.80000145e+00,1.51785000e-06
1.79999850e+00,1.51795000e-06
1.80000145e+00,1.51805000e-06
1.79999849e+00,1.51815000e-06
1.80000146e+00,1.51825000e-06
1.79999849e+00,1.51835000e-06
1.80000146e+00,1.51845000e-06
1.79999849e+00,1.51855000e-06
1.80000146e+00,1.51865000e-06
1.79999849e+00,1.51875000e-06
1.80000146e+00,1.51885000e-06
1.79999849e+00,1.51895000e-06
1.80000146e+00,1.51905000e-06
1.79999848e+00,1.51915000e-06
1.80000147e+00,1.51925000e-06
1.79999848e+00,1.51935000e-06
1.80000147e+00,1.51945000e-06
1.79999848e+00,1.51955000e-06
1.80000147e+00,1.51965000e-06
1.79999848e+00,1.51975000e-06
1.80000147e+00,1.51985000e-06
1.79999848e+00,1.51995000e-06
1.80000147e+00,1.52005000e-06
1.79999848e+00,1.52015000e-06
1.80000148e+00,1.52025000e-06
1.79999847e+00,1.52035000e-06
1.80000148e+00,1.52045000e-06
1.79999847e+00,1.52055000e-06
1.80000148e+00,1.52065000e-06
1.79999847e+00,1.52075000e-06
1.80000148e+00,1.52085000e-06
1.79999847e+00,1.52095000e-06
1.80000148e+00,1.52105000e-06
1.79999847e+00,1.52115000e-06
1.80000148e+00,1.52125000e-06
1.79999846e+00,1.52135000e-06
1.80000149e+00,1.52145000e-06
1.79999846e+00,1.52155000e-06
1.80000149e+00,1.52165000e-06
1.79999846e+00,1.52175000e-06
1.80000149e+00,1.52185000e-06
1.79999846e+00,1.52195000e-06
1.80000149e+00,1.52205000e-06
1.79999846e+00,1.52215000e-06
1.80000149e+00,1.52225000e-06
1.79999846e+00,1.52235000e-06
1.80000149e+00,1.52245000e-06
1.79999846e+00,1.52255000e-06
1.80000150e+00,1.52265000e-06
1.79999845e+00,1.52275000e-06
1.80000150e+00,1.52285000e-06
1.79999845e+00,1.52295000e-06
1.80000150e+00,1.52305000e-06
1.79999845e+00,1.52315000e-06
1.80000150e+00,1.52325000e-06
1.79999845e+00,1.52335000e-06
1.80000150e+00,1.52345000e-06
1.79999845e+00,1.52355000e-06
1.80000150e+00,1.52365000e-06
1.79999845e+00,1.52375000e-06
1.80000150e+00,1.52385000e-06
1.79999844e+00,1.52395000e-06
1.80000151e+00,1.52405000e-06
1.79999844e+00,1.52415000e-06
1.80000151e+00,1.52425000e-06
1.79999844e+00,1.52435000e-06
1.80000151e+00,1.52445000e-06
1.79999844e+00,1.52455000e-06
1.80000151e+00,1.52465000e-06
1.79999844e+00,1.52475000e-06
1.80000151e+00,1.52485000e-06
1.79999844e+00,1.52495000e-06
1.80000151e+00,1.52505000e-06
1.79999844e+00,1.52515000e-06
1.80000151e+00,1.52525000e-06
1.79999844e+00,1.52535000e-06
1.80000151e+00,1.52545000e-06
1.79999843e+00,1.52555000e-06
1.80000152e+00,1.52565000e-06
1.79999843e+00,1.52575000e-06
1.80000152e+00,1.52585000e-06
1.79999843e+00,1.52595000e-06
1.80000152e+00,1.52605000e-06
1.79999843e+00,1.52615000e-06
1.80000152e+00,1.52625000e-06
1.79999843e+00,1.52635000e-06
1.80000152e+00,1.52645000e-06
1.79999843e+00,1.52655000e-06
1.80000152e+00,1.52665000e-06
1.79999843e+00,1.52675000e-06
1.80000152e+00,1.52685000e-06
1.79999843e+00,1.52695000e-06
1.80000152e+00,1.52705000e-06
1.79999842e+00,1.52715000e-06
1.80000153e+00,1.52725000e-06
1.79999842e+00,1.52735000e-06
1.80000153e+00,1.52745000e-06
1.79999842e+00,1.52755000e-06
1.80000153e+00,1.52765000e-06
1.79999842e+00,1.52775000e-06
1.80000153e+00,1.52785000e-06
1.79999842e+00,1.52795000e-06
1.80000153e+00,1.52805000e-06
1.79999842e+00,1.52815000e-06
1.80000153e+00,1.52825000e-06
1.79999842e+00,1.52835000e-06
1.80000153e+00,1.52845000e-06
1.79999842e+00,1.52855000e-06
1.80000153e+00,1.52865000e-06
1.79999842e+00,1.52875000e-06
1.80000153e+00,1.52885000e-06
1.79999841e+00,1.52895000e-06
1.80000153e+00,1.52905000e-06
1.79999841e+00,1.52915000e-06
1.80000154e+00,1.52925000e-06
1.79999841e+00,1.52935000e-06
1.80000154e+00,1.52945000e-06
1.79999841e+00,1.52955000e-06
1.80000154e+00,1.52965000e-06
1.79999841e+00,1.52975000e-06
1.80000154e+00,1.52985000e-06
1.79999841e+00,1.52995000e-06
1.80000154e+00,1.53005000e-06
1.79999841e+00,1.53015000e-06
1.80000154e+00,1.53025000e-06
1.79999841e+00,1.53035000e-06
1.80000154e+00,1.53045000e-06
1.79999841e+00,1.53055000e-06
1.80000154e+00,1.53065000e-06
1.79999841e+00,1.53075000e-06
1.80000154e+00,1.53085000e-06
1.79999841e+00,1.53095000e-06
1.80000154e+00,1.53105000e-06
1.79999840e+00,1.53115000e-06
1.80000154e+00,1.53125000e-06
1.79999840e+00,1.53135000e-06
1.80000155e+00,1.53145000e-06
1.79999840e+00,1.53155000e-06
1.80000155e+00,1.53165000e-06
1.79999840e+00,1.53175000e-06
1.80000155e+00,1.53185000e-06
1.79999840e+00,1.53195000e-06
1.80000155e+00,1.53205000e-06
1.79999840e+00,1.53215000e-06
1.80000155e+00,1.53225000e-06
1.79999840e+00,1.53235000e-06
1.80000155e+00,1.53245000e-06
1.79999840e+00,1.53255000e-06
1.80000155e+00,1.53265000e-06
1.79999840e+00,1.53275000e-06
1.80000155e+00,1.53285000e-06
1.79999840e+00,1.53295000e-06
1.80000155e+00,1.53305000e-06
1.79999840e+00,1.53315000e-06
1.80000155e+00,1.53325000e-06
1.79999840e+00,1.53335000e-06
1.80000155e+00,1.53345000e-06
1.79999840e+00,1.53355000e-06
1.80000155e+00,1.53365000e-06
1.79999840e+00,1.53375000e-06
1.80000155e+00,1.53385000e-06
1.79999839e+00,1.53395000e-06
1.80000155e+00,1.53405000e-06
1.79999839e+00,1.53415000e-06
1.80000156e+00,1.53425000e-06
1.79999839e+00,1.53435000e-06
1.80000156e+00,1.53445000e-06
1.79999839e+00,1.53455000e-06
1.80000156e+00,1.53465000e-06
1.79999839e+00,1.53475000e-06
1.80000156e+00,1.53485000e-06
1.79999839e+00,1.53495000e-06
1.80000156e+00,1.53505000e-06
1.79999839e+00,1.53515000e-06
1.80000156e+00,1.53525000e-06
1.79999839e+00,1.53535000e-06
1.80000156e+00,1.53545000e-06
1.79999839e+00,1.53555000e-06
1.80000156e+00,1.53565000e-06
1.79999839e+00,1.53575000e-06
1.80000156e+00,1.53585000e-06
1.79999839e+00,1.53595000e-06
1.80000156e+00,1.53605000e-06
1.79999839e+00,1.53615000e-06
1.80000156e+00,1.53625000e-06
1.79999839e+00,1.53635000e-06
1.80000156e+00,1.53645000e-06
1.79999839e+00,1.53655000e-06
1.80000156e+00,1.53665000e-06
1.79999839e+00,1.53675000e-06
1.80000156e+00,1.53685000e-06
1.79999839e+00,1.53695000e-06
1.80000156e+00,1.53705000e-06
1.79999839e+00,1.53715000e-06
1.80000156e+00,1.53725000e-06
1.79999839e+00,1.53735000e-06
1.80000156e+00,1.53745000e-06
1.79999839e+00,1.53755000e-06
1.80000156e+00,1.53765000e-06
1.79999838e+00,1.53775000e-06
1.80000156e+00,1.53785000e-06
1.79999838e+00,1.53795000e-06
1.80000156e+00,1.53805000e-06
1.79999838e+00,1.53815000e-06
1.80000156e+00,1.53825000e-06
1.79999838e+00,1.53835000e-06
1.80000157e+00,1.53845000e-06
1.79999838e+00,1.53855000e-06
1.80000157e+00,1.53865000e-06
1.79999838e+00,1.53875000e-06
1.80000157e+00,1.53885000e-06
1.79999838e+00,1.53895000e-06
1.80000157e+00,1.53905000e-06
1.79999838e+00,1.53915000e-06
1.80000157e+00,1.53925000e-06
1.79999838e+00,1.53935000e-06
1.80000157e+00,1.53945000e-06
1.79999838e+00,1.53955000e-06
1.80000157e+00,1.53965000e-06
1.79999838e+00,1.53975000e-06
1.80000157e+00,1.53985000e-06
1.79999838e+00,1.53995000e-06
1.80000157e+00,1.54005000e-06
1.79999838e+00,1.54015000e-06
1.80000157e+00,1.54025000e-06
1.79999838e+00,1.54035000e-06
1.80000157e+00,1.54045000e-06
1.79999838e+00,1.54055000e-06
1.80000157e+00,1.54065000e-06
1.79999838e+00,1.54075000e-06
1.80000157e+00,1.54085000e-06
1.79999838e+00,1.54095000e-06
1.80000157e+00,1.54105000e-06
1.79999838e+00,1.54115000e-06
1.80000157e+00,1.54125000e-06
1.79999838e+00,1.54135000e-06
1.80000157e+00,1.54145000e-06
1.79999838e+00,1.54155000e-06
1.80000157e+00,1.54165000e-06
1.79999838e+00,1.54175000e-06
1.80000157e+00,1.54185000e-06
1.79999838e+00,1.54195000e-06
1.80000157e+00,1.54205000e-06
1.79999838e+00,1.54215000e-06
1.80000157e+00,1.54225000e-06
1.79999838e+00,1.54235000e-06
1.80000157e+00,1.54245000e-06
1.79999838e+00,1.54255000e-06
1.80000157e+00,1.54265000e-06
1.79999838e+00,1.54275000e-06
1.80000157e+00,1.54285000e-06
1.79999838e+00,1.54295000e-06
1.80000157e+00,1.54305000e-06
1.79999838e+00,1.54315000e-06
1.80000157e+00,1.54325000e-06
1.79999838e+00,1.54335000e-06
1.80000157e+00,1.54345000e-06
1.79999838e+00,1.54355000e-06
1.80000157e+00,1.54365000e-06
1.79999838e+00,1.54375000e-06
1.80000157e+00,1.54385000e-06
1.79999838e+00,1.54395000e-06
1.80000157e+00,1.54405000e-06
1.79999838e+00,1.54415000e-06
1.80000157e+00,1.54425000e-06
1.79999838e+00,1.54435000e-06
1.80000157e+00,1.54445000e-06
1.79999838e+00,1.54455000e-06
1.80000157e+00,1.54465000e-06
1.79999838e+00,1.54475000e-06
1.80000157e+00,1.54485000e-06
1.79999838e+00,1.54495000e-06
1.80000157e+00,1.54505000e-06
1.79999838e+00,1.54515000e-06
1.80000157e+00,1.54525000e-06
1.79999838e+00,1.54535000e-06
1.80000157e+00,1.54545000e-06
1.79999838e+00,1.54555000e-06
1.80000157e+00,1.54565000e-06
1.79999838e+00,1.54575000e-06
1.80000157e+00,1.54585000e-06
1.79999838e+00,1.54595000e-06
1.80000157e+00,1.54605000e-06
1.79999838e+00,1.54615000e-06
1.80000157e+00,1.54625000e-06
1.79999838e+00,1.54635000e-06
1.80000157e+00,1.54645000e-06
1.79999838e+00,1.54655000e-06
1.80000157e+00,1.54665000e-06
1.79999838e+00,1.54675000e-06
1.80000157e+00,1.54685000e-06
1.79999838e+00,1.54695000e-06
1.80000157e+00,1.54705000e-06
1.79999838e+00,1.54715000e-06
1.80000157e+00,1.54725000e-06
1.79999838e+00,1.54735000e-06
1.80000157e+00,1.54745000e-06
1.79999838e+00,1.54755000e-06
1.80000157e+00,1.54765000e-06
1.79999838e+00,1.54775000e-06
1.80000157e+00,1.54785000e-06
1.79999838e+00,1.54795000e-06
1.80000157e+00,1.54805000e-06
1.79999838e+00,1.54815000e-06
1.80000157e+00,1.54825000e-06
1.79999838e+00,1.54835000e-06
1.80000157e+00,1.54845000e-06
1.79999838e+00,1.54855000e-06
1.80000157e+00,1.54865000e-06
1.79999838e+00,1.54875000e-06
1.80000157e+00,1.54885000e-06
1.79999838e+00,1.54895000e-06
1.80000157e+00,1.54905000e-06
1.79999838e+00,1.54915000e-06
1.80000157e+00,1.54925000e-06
1.79999838e+00,1.54935000e-06
1.80000157e+00,1.54945000e-06
1.79999838e+00,1.54955000e-06
1.80000157e+00,1.54965000e-06
1.79999838e+00,1.54975000e-06
1.80000157e+00,1.54985000e-06
1.79999838e+00,1.54995000e-06
1.80000157e+00,1.55005000e-06
1.79999838e+00,1.55015000e-06
1.80000157e+00,1.55025000e-06
1.79999838e+00,1.55035000e-06
1.80000157e+00,1.55045000e-06
1.79999838e+00,1.55055000e-06
1.80000157e+00,1.55065000e-06
1.79999838e+00,1.55075000e-06
1.80000157e+00,1.55085000e-06
1.79999838e+00,1.55095000e-06
1.80000157e+00,1.55105000e-06
1.79999838e+00,1.55115000e-06
1.80000157e+00,1.55125000e-06
1.79999838e+00,1.55135000e-06
1.80000157e+00,1.55145000e-06
1.79999838e+00,1.55155000e-06
1.80000157e+00,1.55165000e-06
1.79999838e+00,1.55175000e-06
1.80000157e+00,1.55185000e-06
1.79999838e+00,1.55195000e-06
1.80000157e+00,1.55205000e-06
1.79999838e+00,1.55215000e-06
1.80000157e+00,1.55225000e-06
1.79999838e+00,1.55235000e-06
1.80000157e+00,1.55245000e-06
1.79999838e+00,1.55255000e-06
1.80000157e+00,1.55265000e-06
1.79999838e+00,1.55275000e-06
1.80000157e+00,1.55285000e-06
1.79999838e+00,1.55295000e-06
1.80000157e+00,1.55305000e-06
1.79999838e+00,1.55315000e-06
1.80000157e+00,1.55325000e-06
1.79999838e+00,1.55335000e-06
1.80000157e+00,1.55345000e-06
1.79999838e+00,1.55355000e-06
1.80000157e+00,1.55365000e-06
1.79999838e+00,1.55375000e-06
1.80000157e+00,1.55385000e-06
1.79999838e+00,1.55395000e-06
1.80000157e+00,1.55405000e-06
1.79999838e+00,1.55415000e-06
1.80000157e+00,1.55425000e-06
1.79999838e+00,1.55435000e-06
1.80000157e+00,1.55445000e-06
1.79999838e+00,1.55455000e-06
1.80000157e+00,1.55465000e-06
1.79999838e+00,1.55475000e-06
1.80000157e+00,1.55485000e-06
1.79999838e+00,1.55495000e-06
1.80000157e+00,1.55505000e-06
1.79999838e+00,1.55515000e-06
1.80000157e+00,1.55525000e-06
1.79999838e+00,1.55535000e-06
1.80000157e+00,1.55545000e-06
1.79999838e+00,1.55555000e-06
1.80000157e+00,1.55565000e-06
1.79999838e+00,1.55575000e-06
1.80000157e+00,1.55585000e-06
1.79999838e+00,1.55595000e-06
1.80000157e+00,1.55605000e-06
1.79999839e+00,1.55615000e-06
1.80000157e+00,1.55625000e-06
1.79999839e+00,1.55635000e-06
1.80000157e+00,1.55645000e-06
1.79999839e+00,1.55655000e-06
1.80000157e+00,1.55665000e-06
1.79999839e+00,1.55675000e-06
1.80000157e+00,1.55685000e-06
1.79999839e+00,1.55695000e-06
1.80000157e+00,1.55705000e-06
1.79999839e+00,1.55715000e-06
1.80000157e+00,1.55725000e-06
1.79999839e+00,1.55735000e-06
1.80000157e+00,1.55745000e-06
1.79999839e+00,1.55755000e-06
1.80000157e+00,1.55765000e-06
1.79999839e+00,1.55775000e-06
1.80000156e+00,1.55785000e-06
1.79999839e+00,1.55795000e-06
1.80000156e+00,1.55805000e-06
1.79999839e+00,1.55815000e-06
1.80000156e+00,1.55825000e-06
1.79999839e+00,1.55835000e-06
1.80000156e+00,1.55845000e-06
1.79999839e+00,1.55855000e-06
1.80000156e+00,1.55865000e-06
1.79999839e+00,1.55875000e-06
1.80000156e+00,1.55885000e-06
1.79999839e+00,1.55895000e-06
1.80000156e+00,1.55905000e-06
1.79999839e+00,1.55915000e-06
1.80000156e+00,1.55925000e-06
1.79999839e+00,1.55935000e-06
1.80000156e+00,1.55945000e-06
1.79999839e+00,1.55955000e-06
1.80000156e+00,1.55965000e-06
1.79999839e+00,1.55975000e-06
1.80000156e+00,1.55985000e-06
1.79999839e+00,1.55995000e-06
1.80000156e+00,1.56005000e-06
1.79999839e+00,1.56015000e-06
1.80000156e+00,1.56025000e-06
1.79999839e+00,1.56035000e-06
1.80000156e+00,1.56045000e-06
1.79999839e+00,1.56055000e-06
1.80000156e+00,1.56065000e-06
1.79999839e+00,1.56075000e-06
1.80000156e+00,1.56085000e-06
1.79999839e+00,1.56095000e-06
1.80000156e+00,1.56105000e-06
1.79999839e+00,1.56115000e-06
1.80000156e+00,1.56125000e-06
1.79999840e+00,1.56135000e-06
1.80000156e+00,1.56145000e-06
1.79999840e+00,1.56155000e-06
1.80000156e+00,1.56165000e-06
1.79999840e+00,1.56175000e-06
1.80000156e+00,1.56185000e-06
1.79999840e+00,1.56195000e-06
1.80000156e+00,1.56205000e-06
1.79999840e+00,1.56215000e-06
1.80000156e+00,1.56225000e-06
1.79999840e+00,1.56235000e-06
1.80000156e+00,1.56245000e-06
1.79999840e+00,1.56255000e-06
1.80000156e+00,1.56265000e-06
1.79999840e+00,1.56275000e-06
1.80000156e+00,1.56285000e-06
1.79999840e+00,1.56295000e-06
1.80000156e+00,1.56305000e-06
1.79999840e+00,1.56315000e-06
1.80000156e+00,1.56325000e-06
1.79999840e+00,1.56335000e-06
1.80000156e+00,1.56345000e-06
1.79999840e+00,1.56355000e-06
1.80000155e+00,1.56365000e-06
1.79999840e+00,1.56375000e-06
1.80000155e+00,1.56385000e-06
1.79999840e+00,1.56395000e-06
1.80000155e+00,1.56405000e-06
1.79999840e+00,1.56415000e-06
1.80000155e+00,1.56425000e-06
1.79999840e+00,1.56435000e-06
1.80000155e+00,1.56445000e-06
1.79999840e+00,1.56455000e-06
1.80000155e+00,1.56465000e-06
1.79999840e+00,1.56475000e-06
1.80000155e+00,1.56485000e-06
1.79999840e+00,1.56495000e-06
1.80000155e+00,1.56505000e-06
1.79999840e+00,1.56515000e-06
1.80000155e+00,1.56525000e-06
1.79999841e+00,1.56535000e-06
1.80000155e+00,1.56545000e-06
1.79999841e+00,1.56555000e-06
1.80000155e+00,1.56565000e-06
1.79999841e+00,1.56575000e-06
1.80000155e+00,1.56585000e-06
1.79999841e+00,1.56595000e-06
1.80000155e+00,1.56605000e-06
1.79999841e+00,1.56615000e-06
1.80000155e+00,1.56625000e-06
1.79999841e+00,1.56635000e-06
1.80000155e+00,1.56645000e-06
1.79999841e+00,1.56655000e-06
1.80000155e+00,1.56665000e-06
1.79999841e+00,1.56675000e-06
1.80000155e+00,1.56685000e-06
1.79999841e+00,1.56695000e-06
1.80000155e+00,1.56705000e-06
1.79999841e+00,1.56715000e-06
1.80000155e+00,1.56725000e-06
1.79999841e+00,1.56735000e-06
1.80000155e+00,1.56745000e-06
1.79999841e+00,1.56755000e-06
1.80000155e+00,1.56765000e-06
1.79999841e+00,1.56775000e-06
1.80000155e+00,1.56785000e-06
1.79999841e+00,1.56795000e-06
1.80000155e+00,1.56805000e-06
1.79999841e+00,1.56815000e-06
1.80000155e+00,1.56825000e-06
1.79999841e+00,1.56835000e-06
1.80000154e+00,1.56845000e-06
1.79999841e+00,1.56855000e-06
1.80000154e+00,1.56865000e-06
1.79999841e+00,1.56875000e-06
1.80000154e+00,1.56885000e-06
1.79999842e+00,1.56895000e-06
1.80000154e+00,1.56905000e-06
1.79999842e+00,1.56915000e-06
1.80000154e+00,1.56925000e-06
1.79999842e+00,1.56935000e-06
1.80000154e+00,1.56945000e-06
1.79999842e+00,1.56955000e-06
1.80000154e+00,1.56965000e-06
1.79999842e+00,1.56975000e-06
1.80000154e+00,1.56985000e-06
1.79999842e+00,1.56995000e-06
1.80000154e+00,1.57005000e-06
1.79999842e+00,1.57015000e-06
1.80000154e+00,1.57025000e-06
1.79999842e+00,1.57035000e-06
1.80000154e+00,1.57045000e-06
1.79999842e+00,1.57055000e-06
1.80000154e+00,1.57065000e-06
1.79999842e+00,1.57075000e-06
1.80000154e+00,1.57085000e-06
1.79999842e+00,1.57095000e-06
1.80000154e+00,1.57105000e-06
1.79999842e+00,1.57115000e-06
1.80000154e+00,1.57125000e-06
1.79999842e+00,1.57135000e-06
1.80000154e+00,1.57145000e-06
1.79999842e+00,1.57155000e-06
1.80000154e+00,1.57165000e-06
1.79999842e+00,1.57175000e-06
1.80000154e+00,1.57185000e-06
1.79999842e+00,1.57195000e-06
1.80000154e+00,1.57205000e-06
1.79999843e+00,1.57215000e-06
1.80000154e+00,1.57225000e-06
1.79999843e+00,1.57235000e-06
1.80000154e+00,1.57245000e-06
1.79999843e+00,1.57255000e-06
1.80000153e+00,1.57265000e-06
1.79999843e+00,1.57275000e-06
1.80000153e+00,1.57285000e-06
1.79999843e+00,1.57295000e-06
1.80000153e+00,1.57305000e-06
1.79999843e+00,1.57315000e-06
1.80000153e+00,1.57325000e-06
1.79999843e+00,1.57335000e-06
1.80000153e+00,1.57345000e-06
1.79999843e+00,1.57355000e-06
1.80000153e+00,1.57365000e-06
1.79999843e+00,1.57375000e-06
1.80000153e+00,1.57385000e-06
1.79999843e+00,1.57395000e-06
1.80000153e+00,1.57405000e-06
1.79999843e+00,1.57415000e-06
1.80000153e+00,1.57425000e-06
1.79999843e+00,1.57435000e-06
1.80000153e+00,1.57445000e-06
1.79999843e+00,1.57455000e-06
1.80000153e+00,1.57465000e-06
1.79999843e+00,1.57475000e-06
1.80000153e+00,1.57485000e-06
1.79999843e+00,1.57495000e-06
1.80000153e+00,1.57505000e-06
1.79999844e+00,1.57515000e-06
1.80000153e+00,1.57525000e-06
1.79999844e+00,1.57535000e-06
1.80000153e+00,1.57545000e-06
1.79999844e+00,1.57555000e-06
1.80000153e+00,1.57565000e-06
1.79999844e+00,1.57575000e-06
1.80000153e+00,1.57585000e-06
1.79999844e+00,1.57595000e-06
1.80000153e+00,1.57605000e-06
1.79999844e+00,1.57615000e-06
1.80000153e+00,1.57625000e-06
1.79999844e+00,1.57635000e-06
1.80000153e+00,1.57645000e-06
1.79999844e+00,1.57655000e-06
1.80000152e+00,1.57665000e-06
1.79999844e+00,1.57675000e-06
1.80000152e+00,1.57685000e-06
1.79999844e+00,1.57695000e-06
1.80000152e+00,1.57705000e-06
1.79999844e+00,1.57715000e-06
1.80000152e+00,1.57725000e-06
1.79999844e+00,1.57735000e-06
1.80000152e+00,1.57745000e-06
1.79999844e+00,1.57755000e-06
1.80000152e+00,1.57765000e-06
1.79999844e+00,1.57775000e-06
1.80000152e+00,1.57785000e-06
1.79999845e+00,1.57795000e-06
1.80000152e+00,1.57805000e-06
1.79999845e+00,1.57815000e-06
1.80000152e+00,1.57825000e-06
1.79999845e+00,1.57835000e-06
1.80000152e+00,1.57845000e-06
1.79999845e+00,1.57855000e-06
1.80000152e+00,1.57865000e-06
1.79999845e+00,1.57875000e-06
1.80000152e+00,1.57885000e-06
1.79999845e+00,1.57895000e-06
1.80000152e+00,1.57905000e-06
1.79999845e+00,1.57915000e-06
1.80000152e+00,1.57925000e-06
1.79999845e+00,1.57935000e-06
1.80000152e+00,1.57945000e-06
1.79999845e+00,1.57955000e-06
1.80000152e+00,1.57965000e-06
1.79999845e+00,1.57975000e-06
1.80000152e+00,1.57985000e-06
1.79999845e+00,1.57995000e-06
1.80000152e+00,1.58005000e-06
1.79999845e+00,1.58015000e-06
1.80000152e+00,1.58025000e-06
1.79999845e+00,1.58035000e-06
1.80000151e+00,1.58045000e-06
1.79999846e+00,1.58055000e-06
1.80000151e+00,1.58065000e-06
1.79999846e+00,1.58075000e-06
1.80000151e+00,1.58085000e-06
1.79999846e+00,1.58095000e-06
1.80000151e+00,1.58105000e-06
1.79999846e+00,1.58115000e-06
1.80000151e+00,1.58125000e-06
1.79999846e+00,1.58135000e-06
1.80000151e+00,1.58145000e-06
1.79999846e+00,1.58155000e-06
1.80000151e+00,1.58165000e-06
1.79999846e+00,1.58175000e-06
1.80000151e+00,1.58185000e-06
1.79999846e+00,1.58195000e-06
1.80000151e+00,1.58205000e-06
1.79999846e+00,1.58215000e-06
1.80000151e+00,1.58225000e-06
1.79999846e+00,1.58235000e-06
1.80000151e+00,1.58245000e-06
1.79999846e+00,1.58255000e-06
1.80000151e+00,1.58265000e-06
1.79999846e+00,1.58275000e-06
1.80000151e+00,1.58285000e-06
1.79999846e+00,1.58295000e-06
1.80000151e+00,1.58305000e-06
1.79999847e+00,1.58315000e-06
1.80000151e+00,1.58325000e-06
1.79999847e+00,1.58335000e-06
1.80000151e+00,1.58345000e-06
1.79999847e+00,1.58355000e-06
1.80000151e+00,1.58365000e-06
1.79999847e+00,1.58375000e-06
1.80000151e+00,1.58385000e-06
1.79999847e+00,1.58395000e-06
1.80000150e+00,1.58405000e-06
1.79999847e+00,1.58415000e-06
1.80000150e+00,1.58425000e-06
1.79999847e+00,1.58435000e-06
1.80000150e+00,1.58445000e-06
1.79999847e+00,1.58455000e-06
1.80000150e+00,1.58465000e-06
1.79999847e+00,1.58475000e-06
1.80000150e+00,1.58485000e-06
1.79999847e+00,1.58495000e-06
1.80000150e+00,1.58505000e-06
1.79999847e+00,1.58515000e-06
1.80000150e+00,1.58525000e-06
1.79999847e+00,1.58535000e-06
1.80000150e+00,1.58545000e-06
1.79999848e+00,1.58555000e-06
1.80000150e+00,1.58565000e-06
1.79999848e+00,1.58575000e-06
1.80000150e+00,1.58585000e-06
1.79999848e+00,1.58595000e-06
1.80000150e+00,1.58605000e-06
1.79999848e+00,1.58615000e-06
1.80000150e+00,1.58625000e-06
1.79999848e+00,1.58635000e-06
1.80000150e+00,1.58645000e-06
1.79999848e+00,1.58655000e-06
1.80000150e+00,1.58665000e-06
1.79999848e+00,1.58675000e-06
1.80000150e+00,1.58685000e-06
1.79999848e+00,1.58695000e-06
1.80000150e+00,1.58705000e-06
1.79999848e+00,1.58715000e-06
1.80000150e+00,1.58725000e-06
1.79999848e+00,1.58735000e-06
1.80000150e+00,1.58745000e-06
1.79999848e+00,1.58755000e-06
1.80000149e+00,1.58765000e-06
1.79999848e+00,1.58775000e-06
1.80000149e+00,1.58785000e-06
1.79999849e+00,1.58795000e-06
1.80000149e+00,1.58805000e-06
1.79999849e+00,1.58815000e-06
1.80000149e+00,1.58825000e-06
1.79999849e+00,1.58835000e-06
1.80000149e+00,1.58845000e-06
1.79999849e+00,1.58855000e-06
1.80000149e+00,1.58865000e-06
1.79999849e+00,1.58875000e-06
1.80000149e+00,1.58885000e-06
1.79999849e+00,1.58895000e-06
1.80000149e+00,1.58905000e-06
1.79999849e+00,1.58915000e-06
1.80000149e+00,1.58925000e-06
1.79999849e+00,1.58935000e-06
1.80000149e+00,1.58945000e-06
1.79999849e+00,1.58955000e-06
1.80000149e+00,1.58965000e-06
1.79999849e+00,1.58975000e-06
1.80000149e+00,1.58985000e-06
1.79999849e+00,1.58995000e-06
1.80000149e+00,1.59005000e-06
1.79999849e+00,1.59015000e-06
1.80000149e+00,1.59025000e-06
1.79999850e+00,1.59035000e-06
1.80000149e+00,1.59045000e-06
1.79999850e+00,1.59055000e-06
1.80000149e+00,1.59065000e-06
1.79999850e+00,1.59075000e-06
1.80000149e+00,1.59085000e-06
1.79999850e+00,1.59095000e-06
1.80000149e+00,1.59105000e-06
1.79999850e+00,1.59115000e-06
1.80000149e+00,1.59125000e-06
1.79999850e+00,1.59135000e-06
1.80000148e+00,1.59145000e-06
1.79999850e+00,1.59155000e-06
1.80000148e+00,1.59165000e-06
1.79999850e+00,1.59175000e-06
1.80000148e+00,1.59185000e-06
1.79999850e+00,1.59195000e-06
1.80000148e+00,1.59205000e-06
1.79999850e+00,1.59215000e-06
1.80000148e+00,1.59225000e-06
1.79999850e+00,1.59235000e-06
1.80000148e+00,1.59245000e-06
1.79999850e+00,1.59255000e-06
1.80000148e+00,1.59265000e-06
1.79999851e+00,1.59275000e-06
1.80000148e+00,1.59285000e-06
1.79999851e+00,1.59295000e-06
1.80000148e+00,1.59305000e-06
1.79999851e+00,1.59315000e-06
1.80000148e+00,1.59325000e-06
1.79999851e+00,1.59335000e-06
1.80000148e+00,1.59345000e-06
1.79999851e+00,1.59355000e-06
1.80000148e+00,1.59365000e-06
1.79999851e+00,1.59375000e-06
1.80000148e+00,1.59385000e-06
1.79999851e+00,1.59395000e-06
1.80000148e+00,1.59405000e-06
1.79999851e+00,1.59415000e-06
1.80000148e+00,1.59425000e-06
1.79999851e+00,1.59435000e-06
1.80000148e+00,1.59445000e-06
1.79999851e+00,1.59455000e-06
1.80000148e+00,1.59465000e-06
1.79999851e+00,1.59475000e-06
1.80000148e+00,1.59485000e-06
1.79999852e+00,1.59495000e-06
1.80000148e+00,1.59505000e-06
1.79999852e+00,1.59515000e-06
1.80000147e+00,1.59525000e-06
1.79999852e+00,1.59535000e-06
1.80000147e+00,1.59545000e-06
1.79999852e+00,1.59555000e-06
1.80000147e+00,1.59565000e-06
1.79999852e+00,1.59575000e-06
1.80000147e+00,1.59585000e-06
1.79999852e+00,1.59595000e-06
1.80000147e+00,1.59605000e-06
1.79999852e+00,1.59615000e-06
1.80000147e+00,1.59625000e-06
1.79999852e+00,1.59635000e-06
1.80000147e+00,1.59645000e-06
1.79999852e+00,1.59655000e-06
1.80000147e+00,1.59665000e-06
1.79999852e+00,1.59675000e-06
1.80000147e+00,1.59685000e-06
1.79999852e+00,1.59695000e-06
1.80000147e+00,1.59705000e-06
1.79999853e+00,1.59715000e-06
1.80000147e+00,1.59725000e-06
1.79999853e+00,1.59735000e-06
1.80000147e+00,1.59745000e-06
1.79999853e+00,1.59755000e-06
1.80000147e+00,1.59765000e-06
1.79999853e+00,1.59775000e-06
1.80000147e+00,1.59785000e-06
1.79999853e+00,1.59795000e-06
1.80000147e+00,1.59805000e-06
1.79999853e+00,1.59815000e-06
1.80000147e+00,1.59825000e-06
1.79999853e+00,1.59835000e-06
1.80000147e+00,1.59845000e-06
1.79999853e+00,1.59855000e-06
1.80000147e+00,1.59865000e-06
1.79999853e+00,1.59875000e-06
1.80000147e+00,1.59885000e-06
1.79999853e+00,1.59895000e-06
1.80000146e+00,1.59905000e-06
1.79999854e+00,1.59915000e-06
1.80000146e+00,1.59925000e-06
1.79999854e+00,1.59935000e-06
1.80000146e+00,1.59945000e-06
1.79999854e+00,1.59955000e-06
1.80000146e+00,1.59965000e-06
1.79999854e+00,1.59975000e-06
1.80000146e+00,1.59985000e-06
1.79999854e+00,1.59995000e-06
1.80000146e+00,1.60005000e-06
1.79999854e+00,1.60015000e-06
1.80000146e+00,1.60025000e-06
1.79999854e+00,1.60035000e-06
1.80000146e+00,1.60045000e-06
1.79999854e+00,1.60055000e-06
1.80000146e+00,1.60065000e-06
1.79999854e+00,1.60075000e-06
1.80000146e+00,1.60085000e-06
1.79999854e+00,1.60095000e-06
1.80000146e+00,1.60105000e-06
1.79999855e+00,1.60115000e-06
1.80000146e+00,1.60125000e-06
1.79999855e+00,1.60135000e-06
1.80000146e+00,1.60145000e-06
1.79999855e+00,1.60155000e-06
1.80000146e+00,1.60165000e-06
1.79999855e+00,1.60175000e-06
1.80000146e+00,1.60185000e-06
1.79999855e+00,1.60195000e-06
1.80000146e+00,1.60205000e-06
1.79999855e+00,1.60215000e-06
1.80000146e+00,1.60225000e-06
1.79999855e+00,1.60235000e-06
1.80000146e+00,1.60245000e-06
1.79999855e+00,1.60255000e-06
1.80000146e+00,1.60265000e-06
1.79999855e+00,1.60275000e-06
1.80000146e+00,1.60285000e-06
1.79999855e+00,1.60295000e-06
1.80000146e+00,1.60305000e-06
1.79999855e+00,1.60315000e-06
1.80000145e+00,1.60325000e-06
1.79999856e+00,1.60335000e-06
1.80000145e+00,1.60345000e-06
1.79999856e+00,1.60355000e-06
1.80000145e+00,1.60365000e-06
1.79999856e+00,1.60375000e-06
1.80000145e+00,1.60385000e-06
1.79999856e+00,1.60395000e-06
1.80000145e+00,1.60405000e-06
1.79999856e+00,1.60415000e-06
1.80000145e+00,1.60425000e-06
1.79999856e+00,1.60435000e-06
1.80000145e+00,1.60445000e-06
1.79999856e+00,1.60455000e-06
1.80000145e+00,1.60465000e-06
1.79999856e+00,1.60475000e-06
1.80000145e+00,1.60485000e-06
1.79999856e+00,1.60495000e-06
1.80000145e+00,1.60505000e-06
1.79999856e+00,1.60515000e-06
1.80000145e+00,1.60525000e-06
1.79999857e+00,1.60535000e-06
1.80000145e+00,1.60545000e-06
1.79999857e+00,1.60555000e-06
1.80000145e+00,1.60565000e-06
1.79999857e+00,1.60575000e-06
1.80000145e+00,1.60585000e-06
1.79999857e+00,1.60595000e-06
1.80000145e+00,1.60605000e-06
1.79999857e+00,1.60615000e-06
1.80000145e+00,1.60625000e-06
1.79999857e+00,1.60635000e-06
1.80000145e+00,1.60645000e-06
1.79999857e+00,1.60655000e-06
1.80000145e+00,1.60665000e-06
1.79999857e+00,1.60675000e-06
1.80000145e+00,1.60685000e-06
1.79999857e+00,1.60695000e-06
1.80000145e+00,1.60705000e-06
1.79999858e+00,1.60715000e-06
1.80000145e+00,1.60725000e-06
1.79999858e+00,1.60735000e-06
1.80000145e+00,1.60745000e-06
1.79999858e+00,1.60755000e-06
1.80000145e+00,1.60765000e-06
1.79999858e+00,1.60775000e-06
1.80000144e+00,1.60785000e-06
1.79999858e+00,1.60795000e-06
1.80000144e+00,1.60805000e-06
1.79999858e+00,1.60815000e-06
1.80000144e+00,1.60825000e-06
1.79999858e+00,1.60835000e-06
1.80000144e+00,1.60845000e-06
1.79999858e+00,1.60855000e-06
1.80000144e+00,1.60865000e-06
1.79999858e+00,1.60875000e-06
1.80000144e+00,1.60885000e-06
1.79999858e+00,1.60895000e-06
1.80000144e+00,1.60905000e-06
1.79999859e+00,1.60915000e-06
1.80000144e+00,1.60925000e-06
1.79999859e+00,1.60935000e-06
1.80000144e+00,1.60945000e-06
1.79999859e+00,1.60955000e-06
1.80000144e+00,1.60965000e-06
1.79999859e+00,1.60975000e-06
1.80000144e+00,1.60985000e-06
1.79999859e+00,1.60995000e-06
1.80000144e+00,1.61005000e-06
1.79999859e+00,1.61015000e-06
1.80000144e+00,1.61025000e-06
1.79999859e+00,1.61035000e-06
1.80000144e+00,1.61045000e-06
1.79999859e+00,1.61055000e-06
1.80000144e+00,1.61065000e-06
1.79999859e+00,1.61075000e-06
1.80000144e+00,1.61085000e-06
1.79999860e+00,1.61095000e-06
1.80000144e+00,1.61105000e-06
1.79999860e+00,1.61115000e-06
1.80000144e+00,1.61125000e-06
1.79999860e+00,1.61135000e-06
1.80000144e+00,1.61145000e-06
1.79999860e+00,1.61155000e-06
1.80000144e+00,1.61165000e-06
1.79999860e+00,1.61175000e-06
1.80000144e+00,1.61185000e-06
1.79999860e+00,1.61195000e-06
1.80000144e+00,1.61205000e-06
1.79999860e+00,1.61215000e-06
1.80000144e+00,1.61225000e-06
1.79999860e+00,1.61235000e-06
1.80000144e+00,1.61245000e-06
1.79999860e+00,1.61255000e-06
1.80000144e+00,1.61265000e-06
1.79999861e+00,1.61275000e-06
1.80000144e+00,1.61285000e-06
1.79999861e+00,1.61295000e-06
1.80000144e+00,1.61305000e-06
1.79999861e+00,1.61315000e-06
1.80000143e+00,1.61325000e-06
1.79999861e+00,1.61335000e-06
1.80000143e+00,1.61345000e-06
1.79999861e+00,1.61355000e-06
1.80000143e+00,1.61365000e-06
1.79999861e+00,1.61375000e-06
1.80000143e+00,1.61385000e-06
1.79999861e+00,1.61395000e-06
1.80000143e+00,1.61405000e-06
1.79999861e+00,1.61415000e-06
1.80000143e+00,1.61425000e-06
1.79999861e+00,1.61435000e-06
1.80000143e+00,1.61445000e-06
1.79999862e+00,1.61455000e-06
1.80000143e+00,1.61465000e-06
1.79999862e+00,1.61475000e-06
1.80000143e+00,1.61485000e-06
1.79999862e+00,1.61495000e-06
1.80000143e+00,1.61505000e-06
1.79999862e+00,1.61515000e-06
1.80000143e+00,1.61525000e-06
1.79999862e+00,1.61535000e-06
1.80000143e+00,1.61545000e-06
1.79999862e+00,1.61555000e-06
1.80000143e+00,1.61565000e-06
1.79999862e+00,1.61575000e-06
1.80000143e+00,1.61585000e-06
1.79999862e+00,1.61595000e-06
1.80000143e+00,1.61605000e-06
1.79999862e+00,1.61615000e-06
1.80000143e+00,1.61625000e-06
1.79999863e+00,1.61635000e-06
1.80000143e+00,1.61645000e-06
1.79999863e+00,1.61655000e-06
1.80000143e+00,1.61665000e-06
1.79999863e+00,1.61675000e-06
1.80000143e+00,1.61685000e-06
1.79999863e+00,1.61695000e-06
1.80000143e+00,1.61705000e-06
1.79999863e+00,1.61715000e-06
1.80000143e+00,1.61725000e-06
1.79999863e+00,1.61735000e-06
1.80000143e+00,1.61745000e-06
1.79999863e+00,1.61755000e-06
1.80000143e+00,1.61765000e-06
1.79999863e+00,1.61775000e-06
1.80000143e+00,1.61785000e-06
1.79999864e+00,1.61795000e-06
1.80000143e+00,1.61805000e-06
1.79999864e+00,1.61815000e-06
1.80000143e+00,1.61825000e-06
1.79999864e+00,1.61835000e-06
1.80000143e+00,1.61845000e-06
1.79999864e+00,1.61855000e-06
1.80000143e+00,1.61865000e-06
1.79999864e+00,1.61875000e-06
1.80000143e+00,1.61885000e-06
1.79999864e+00,1.61895000e-06
1.80000143e+00,1.61905000e-06
1.79999864e+00,1.61915000e-06
1.80000143e+00,1.61925000e-06
1.79999864e+00,1.61935000e-06
1.80000143e+00,1.61945000e-06
1.79999864e+00,1.61955000e-06
1.80000143e+00,1.61965000e-06
1.79999865e+00,1.61975000e-06
1.80000143e+00,1.61985000e-06
1.79999865e+00,1.61995000e-06
1.80000143e+00,1.62005000e-06
1.79999865e+00,1.62015000e-06
1.80000143e+00,1.62025000e-06
1.79999865e+00,1.62035000e-06
1.80000143e+00,1.62045000e-06
1.79999865e+00,1.62055000e-06
1.80000143e+00,1.62065000e-06
1.79999865e+00,1.62075000e-06
1.80000143e+00,1.62085000e-06
1.79999865e+00,1.62095000e-06
1.80000142e+00,1.62105000e-06
1.79999865e+00,1.62115000e-06
1.80000142e+00,1.62125000e-06
1.79999866e+00,1.62135000e-06
1.80000142e+00,1.62145000e-06
1.79999866e+00,1.62155000e-06
1.80000142e+00,1.62165000e-06
1.79999866e+00,1.62175000e-06
1.80000142e+00,1.62185000e-06
1.79999866e+00,1.62195000e-06
1.80000142e+00,1.62205000e-06
1.79999866e+00,1.62215000e-06
1.80000142e+00,1.62225000e-06
1.79999866e+00,1.62235000e-06
1.80000142e+00,1.62245000e-06
1.79999866e+00,1.62255000e-06
1.80000142e+00,1.62265000e-06
1.79999866e+00,1.62275000e-06
1.80000142e+00,1.62285000e-06
1.79999867e+00,1.62295000e-06
1.80000142e+00,1.62305000e-06
1.79999867e+00,1.62315000e-06
1.80000142e+00,1.62325000e-06
1.79999867e+00,1.62335000e-06
1.80000142e+00,1.62345000e-06
1.79999867e+00,1.62355000e-06
1.80000142e+00,1.62365000e-06
1.79999867e+00,1.62375000e-06
1.80000142e+00,1.62385000e-06
1.79999867e+00,1.62395000e-06
1.80000142e+00,1.62405000e-06
1.79999867e+00,1.62415000e-06
1.80000142e+00,1.62425000e-06
1.79999867e+00,1.62435000e-06
1.80000142e+00,1.62445000e-06
1.79999868e+00,1.62455000e-06
1.80000142e+00,1.62465000e-06
1.79999868e+00,1.62475000e-06
1.80000142e+00,1.62485000e-06
1.79999868e+00,1.62495000e-06
1.80000142e+00,1.62505000e-06
1.79999868e+00,1.62515000e-06
1.80000142e+00,1.62525000e-06
1.79999868e+00,1.62535000e-06
1.80000142e+00,1.62545000e-06
1.79999868e+00,1.62555000e-06
1.80000142e+00,1.62565000e-06
1.79999868e+00,1.62575000e-06
1.80000142e+00,1.62585000e-06
1.79999869e+00,1.62595000e-06
1.80000142e+00,1.62605000e-06
1.79999869e+00,1.62615000e-06
1.80000142e+00,1.62625000e-06
1.79999869e+00,1.62635000e-06
1.80000142e+00,1.62645000e-06
1.79999869e+00,1.62655000e-06
1.80000142e+00,1.62665000e-06
1.79999869e+00,1.62675000e-06
1.80000142e+00,1.62685000e-06
1.79999869e+00,1.62695000e-06
1.80000142e+00,1.62705000e-06
1.79999869e+00,1.62715000e-06
1.80000142e+00,1.62725000e-06
1.79999869e+00,1.62735000e-06
1.80000142e+00,1.62745000e-06
1.79999870e+00,1.62755000e-06
1.80000142e+00,1.62765000e-06
1.79999870e+00,1.62775000e-06
1.80000142e+00,1.62785000e-06
1.79999870e+00,1.62795000e-06
1.80000142e+00,1.62805000e-06
1.79999870e+00,1.62815000e-06
1.80000142e+00,1.62825000e-06
1.79999870e+00,1.62835000e-06
1.80000142e+00,1.62845000e-06
1.79999870e+00,1.62855000e-06
1.80000142e+00,1.62865000e-06
1.79999870e+00,1.62875000e-06
1.80000142e+00,1.62885000e-06
1.79999871e+00,1.62895000e-06
1.80000142e+00,1.62905000e-06
1.79999871e+00,1.62915000e-06
1.80000142e+00,1.62925000e-06
1.79999871e+00,1.62935000e-06
1.80000142e+00,1.62945000e-06
1.79999871e+00,1.62955000e-06
1.80000142e+00,1.62965000e-06
1.79999871e+00,1.62975000e-06
1.80000142e+00,1.62985000e-06
1.79999871e+00,1.62995000e-06
1.80000142e+00,1.63005000e-06
1.79999871e+00,1.63015000e-06
1.80000142e+00,1.63025000e-06
1.79999872e+00,1.63035000e-06
1.80000142e+00,1.63045000e-06
1.79999872e+00,1.63055000e-06
1.80000142e+00,1.63065000e-06
1.79999872e+00,1.63075000e-06
1.80000142e+00,1.63085000e-06
1.79999872e+00,1.63095000e-06
1.80000142e+00,1.63105000e-06
1.79999872e+00,1.63115000e-06
1.80000142e+00,1.63125000e-06
1.79999872e+00,1.63135000e-06
1.80000142e+00,1.63145000e-06
1.79999872e+00,1.63155000e-06
1.80000142e+00,1.63165000e-06
1.79999873e+00,1.63175000e-06
1.80000142e+00,1.63185000e-06
1.79999873e+00,1.63195000e-06
1.80000142e+00,1.63205000e-06
1.79999873e+00,1.63215000e-06
1.80000142e+00,1.63225000e-06
1.79999873e+00,1.63235000e-06
1.80000142e+00,1.63245000e-06
1.79999873e+00,1.63255000e-06
1.80000142e+00,1.63265000e-06
1.79999873e+00,1.63275000e-06
1.80000142e+00,1.63285000e-06
1.79999873e+00,1.63295000e-06
1.80000142e+00,1.63305000e-06
1.79999874e+00,1.63315000e-06
1.80000142e+00,1.63325000e-06
1.79999874e+00,1.63335000e-06
1.80000142e+00,1.63345000e-06
1.79999874e+00,1.63355000e-06
1.80000142e+00,1.63365000e-06
1.79999874e+00,1.63375000e-06
1.80000142e+00,1.63385000e-06
1.79999874e+00,1.63395000e-06
1.80000142e+00,1.63405000e-06
1.79999874e+00,1.63415000e-06
1.80000142e+00,1.63425000e-06
1.79999874e+00,1.63435000e-06
1.80000142e+00,1.63445000e-06
1.79999875e+00,1.63455000e-06
1.80000142e+00,1.63465000e-06
1.79999875e+00,1.63475000e-06
1.80000142e+00,1.63485000e-06
1.79999875e+00,1.63495000e-06
1.80000142e+00,1.63505000e-06
1.79999875e+00,1.63515000e-06
1.80000142e+00,1.63525000e-06
1.79999875e+00,1.63535000e-06
1.80000142e+00,1.63545000e-06
1.79999875e+00,1.63555000e-06
1.80000142e+00,1.63565000e-06
1.79999875e+00,1.63575000e-06
1.80000142e+00,1.63585000e-06
1.79999876e+00,1.63595000e-06
1.80000142e+00,1.63605000e-06
1.79999876e+00,1.63615000e-06
1.80000143e+00,1.63625000e-06
1.79999876e+00,1.63635000e-06
1.80000143e+00,1.63645000e-06
1.79999876e+00,1.63655000e-06
1.80000143e+00,1.63665000e-06
1.79999876e+00,1.63675000e-06
1.80000143e+00,1.63685000e-06
1.79999876e+00,1.63695000e-06
1.80000143e+00,1.63705000e-06
1.79999877e+00,1.63715000e-06
1.80000143e+00,1.63725000e-06
1.79999877e+00,1.63735000e-06
1.80000143e+00,1.63745000e-06
1.79999877e+00,1.63755000e-06
1.80000143e+00,1.63765000e-06
1.79999877e+00,1.63775000e-06
1.80000143e+00,1.63785000e-06
1.79999877e+00,1.63795000e-06
1.80000143e+00,1.63805000e-06
1.79999877e+00,1.63815000e-06
1.80000143e+00,1.63825000e-06
1.79999877e+00,1.63835000e-06
1.80000143e+00,1.63845000e-06
1.79999878e+00,1.63855000e-06
1.80000143e+00,1.63865000e-06
1.79999878e+00,1.63875000e-06
1.80000143e+00,1.63885000e-06
1.79999878e+00,1.63895000e-06
1.80000143e+00,1.63905000e-06
1.79999878e+00,1.63915000e-06
1.80000143e+00,1.63925000e-06
1.79999878e+00,1.63935000e-06
1.80000143e+00,1.63945000e-06
1.79999878e+00,1.63955000e-06
1.80000143e+00,1.63965000e-06
1.79999879e+00,1.63975000e-06
1.80000143e+00,1.63985000e-06
1.79999879e+00,1.63995000e-06
1.80000143e+00,1.64005000e-06
1.79999879e+00,1.64015000e-06
1.80000143e+00,1.64025000e-06
1.79999879e+00,1.64035000e-06
1.80000143e+00,1.64045000e-06
1.79999879e+00,1.64055000e-06
1.80000143e+00,1.64065000e-06
1.79999879e+00,1.64075000e-06
1.80000143e+00,1.64085000e-06
1.79999880e+00,1.64095000e-06
1.80000143e+00,1.64105000e-06
1.79999880e+00,1.64115000e-06
1.80000143e+00,1.64125000e-06
1.79999880e+00,1.64135000e-06
1.80000143e+00,1.64145000e-06
1.79999880e+00,1.64155000e-06
1.80000143e+00,1.64165000e-06
1.79999880e+00,1.64175000e-06
1.80000143e+00,1.64185000e-06
1.79999880e+00,1.64195000e-06
1.80000143e+00,1.64205000e-06
1.79999881e+00,1.64215000e-06
1.80000143e+00,1.64225000e-06
1.79999881e+00,1.64235000e-06
1.80000144e+00,1.64245000e-06
1.79999881e+00,1.64255000e-06
1.80000144e+00,1.64265000e-06
1.79999881e+00,1.64275000e-06
1.80000144e+00,1.64285000e-06
1.79999881e+00,1.64295000e-06
1.80000144e+00,1.64305000e-06
1.79999881e+00,1.64315000e-06
1.80000144e+00,1.64325000e-06
1.79999882e+00,1.64335000e-06
1.80000144e+00,1.64345000e-06
1.79999882e+00,1.64355000e-06
1.80000144e+00,1.64365000e-06
1.79999882e+00,1.64375000e-06
1.80000144e+00,1.64385000e-06
1.79999882e+00,1.64395000e-06
1.80000144e+00,1.64405000e-06
1.79999882e+00,1.64415000e-06
1.80000144e+00,1.64425000e-06
1.79999882e+00,1.64435000e-06
1.80000144e+00,1.64445000e-06
1.79999883e+00,1.64455000e-06
1.80000144e+00,1.64465000e-06
1.79999883e+00,1.64475000e-06
1.80000144e+00,1.64485000e-06
1.79999883e+00,1.64495000e-06
1.80000144e+00,1.64505000e-06
1.79999883e+00,1.64515000e-06
1.80000144e+00,1.64525000e-06
1.79999883e+00,1.64535000e-06
1.80000144e+00,1.64545000e-06
1.79999884e+00,1.64555000e-06
1.80000144e+00,1.64565000e-06
1.79999884e+00,1.64575000e-06
1.80000144e+00,1.64585000e-06
1.79999884e+00,1.64595000e-06
1.80000144e+00,1.64605000e-06
1.79999884e+00,1.64615000e-06
1.80000144e+00,1.64625000e-06
1.79999884e+00,1.64635000e-06
1.80000145e+00,1.64645000e-06
1.79999884e+00,1.64655000e-06
1.80000145e+00,1.64665000e-06
1.79999885e+00,1.64675000e-06
1.80000145e+00,1.64685000e-06
1.79999885e+00,1.64695000e-06
1.80000145e+00,1.64705000e-06
1.79999885e+00,1.64715000e-06
1.80000145e+00,1.64725000e-06
1.79999885e+00,1.64735000e-06
1.80000145e+00,1.64745000e-06
1.79999885e+00,1.64755000e-06
1.80000145e+00,1.64765000e-06
1.79999885e+00,1.64775000e-06
1.80000145e+00,1.64785000e-06
1.79999886e+00,1.64795000e-06
1.80000145e+00,1.64805000e-06
1.79999886e+00,1.64815000e-06
1.80000145e+00,1.64825000e-06
1.79999886e+00,1.64835000e-06
1.80000145e+00,1.64845000e-06
1.79999886e+00,1.64855000e-06
1.80000145e+00,1.64865000e-06
1.79999886e+00,1.64875000e-06
1.80000145e+00,1.64885000e-06
1.79999887e+00,1.64895000e-06
1.80000145e+00,1.64905000e-06
1.79999887e+00,1.64915000e-06
1.80000145e+00,1.64925000e-06
1.79999887e+00,1.64935000e-06
1.80000145e+00,1.64945000e-06
1.79999887e+00,1.64955000e-06
1.80000146e+00,1.64965000e-06
1.79999887e+00,1.64975000e-06
1.80000146e+00,1.64985000e-06
1.79999888e+00,1.64995000e-06
1.80000146e+00,1.65005000e-06
1.79999888e+00,1.65015000e-06
1.80000146e+00,1.65025000e-06
1.79999888e+00,1.65035000e-06
1.80000146e+00,1.65045000e-06
1.79999888e+00,1.65055000e-06
1.80000146e+00,1.65065000e-06
1.79999888e+00,1.65075000e-06
1.80000146e+00,1.65085000e-06
1.79999888e+00,1.65095000e-06
1.80000146e+00,1.65105000e-06
1.79999889e+00,1.65115000e-06
1.80000146e+00,1.65125000e-06
1.79999889e+00,1.65135000e-06
1.80000146e+00,1.65145000e-06
1.79999889e+00,1.65155000e-06
1.80000146e+00,1.65165000e-06
1.79999889e+00,1.65175000e-06
1.80000146e+00,1.65185000e-06
1.79999889e+00,1.65195000e-06
1.80000146e+00,1.65205000e-06
1.79999890e+00,1.65215000e-06
1.80000146e+00,1.65225000e-06
1.79999890e+00,1.65235000e-06
1.80000147e+00,1.65245000e-06
1.79999890e+00,1.65255000e-06
1.80000147e+00,1.65265000e-06
1.79999890e+00,1.65275000e-06
1.80000147e+00,1.65285000e-06
1.79999890e+00,1.65295000e-06
1.80000147e+00,1.65305000e-06
1.79999891e+00,1.65315000e-06
1.80000147e+00,1.65325000e-06
1.79999891e+00,1.65335000e-06
1.80000147e+00,1.65345000e-06
1.79999891e+00,1.65355000e-06
1.80000147e+00,1.65365000e-06
1.79999891e+00,1.65375000e-06
1.80000147e+00,1.65385000e-06
1.79999891e+00,1.65395000e-06
1.80000147e+00,1.65405000e-06
1.79999892e+00,1.65415000e-06
1.80000147e+00,1.65425000e-06
1.79999892e+00,1.65435000e-06
1.80000147e+00,1.65445000e-06
1.79999892e+00,1.65455000e-06
1.80000147e+00,1.65465000e-06
1.79999892e+00,1.65475000e-06
1.80000148e+00,1.65485000e-06
1.79999892e+00,1.65495000e-06
1.80000148e+00,1.65505000e-06
1.79999893e+00,1.65515000e-06
1.80000148e+00,1.65525000e-06
1.79999893e+00,1.65535000e-06
1.80000148e+00,1.65545000e-06
1.79999893e+00,1.65555000e-06
1.80000148e+00,1.65565000e-06
1.79999893e+00,1.65575000e-06
1.80000148e+00,1.65585000e-06
1.79999893e+00,1.65595000e-06
1.80000148e+00,1.65605000e-06
1.79999894e+00,1.65615000e-06
1.80000148e+00,1.65625000e-06
1.79999894e+00,1.65635000e-06
1.80000148e+00,1.65645000e-06
1.79999894e+00,1.65655000e-06
1.80000148e+00,1.65665000e-06
1.79999894e+00,1.65675000e-06
1.80000149e+00,1.65685000e-06
1.79999895e+00,1.65695000e-06
1.80000149e+00,1.65705000e-06
1.79999895e+00,1.65715000e-06
1.80000149e+00,1.65725000e-06
1.79999895e+00,1.65735000e-06
1.80000149e+00,1.65745000e-06
1.79999895e+00,1.65755000e-06
1.80000149e+00,1.65765000e-06
1.79999895e+00,1.65775000e-06
1.80000149e+00,1.65785000e-06
1.79999896e+00,1.65795000e-06
1.80000149e+00,1.65805000e-06
1.79999896e+00,1.65815000e-06
1.80000149e+00,1.65825000e-06
1.79999896e+00,1.65835000e-06
1.80000149e+00,1.65845000e-06
1.79999896e+00,1.65855000e-06
1.80000149e+00,1.65865000e-06
1.79999896e+00,1.65875000e-06
1.80000150e+00,1.65885000e-06
1.79999897e+00,1.65895000e-06
1.80000150e+00,1.65905000e-06
1.79999897e+00,1.65915000e-06
1.80000150e+00,1.65925000e-06
1.79999897e+00,1.65935000e-06
1.80000150e+00,1.65945000e-06
1.79999897e+00,1.65955000e-06
1.80000150e+00,1.65965000e-06
1.79999898e+00,1.65975000e-06
1.80000150e+00,1.65985000e-06
1.79999898e+00,1.65995000e-06
1.80000150e+00,1.66005000e-06
1.79999898e+00,1.66015000e-06
1.80000150e+00,1.66025000e-06
1.79999898e+00,1.66035000e-06
1.80000150e+00,1.66045000e-06
1.79999898e+00,1.66055000e-06
1.80000151e+00,1.66065000e-06
1.79999899e+00,1.66075000e-06
1.80000151e+00,1.66085000e-06
1.79999899e+00,1.66095000e-06
1.80000151e+00,1.66105000e-06
1.79999899e+00,1.66115000e-06
1.80000151e+00,1.66125000e-06
1.79999899e+00,1.66135000e-06
1.80000151e+00,1.66145000e-06
1.79999900e+00,1.66155000e-06
1.80000151e+00,1.66165000e-06
1.79999900e+00,1.66175000e-06
1.80000151e+00,1.66185000e-06
1.79999900e+00,1.66195000e-06
1.80000151e+00,1.66205000e-06
1.79999900e+00,1.66215000e-06
1.80000151e+00,1.66225000e-06
1.79999900e+00,1.66235000e-06
1.80000152e+00,1.66245000e-06
1.79999901e+00,1.66255000e-06
1.80000152e+00,1.66265000e-06
1.79999901e+00,1.66275000e-06
1.80000152e+00,1.66285000e-06
1.79999901e+00,1.66295000e-06
1.80000152e+00,1.66305000e-06
1.79999901e+00,1.66315000e-06
1.80000152e+00,1.66325000e-06
1.79999902e+00,1.66335000e-06
1.80000152e+00,1.66345000e-06
1.79999902e+00,1.66355000e-06
1.80000152e+00,1.66365000e-06
1.79999902e+00,1.66375000e-06
1.80000152e+00,1.66385000e-06
1.79999902e+00,1.66395000e-06
1.80000153e+00,1.66405000e-06
1.79999903e+00,1.66415000e-06
1.80000153e+00,1.66425000e-06
1.79999903e+00,1.66435000e-06
1.80000153e+00,1.66445000e-06
1.79999903e+00,1.66455000e-06
1.80000153e+00,1.66465000e-06
1.79999903e+00,1.66475000e-06
1.80000153e+00,1.66485000e-06
1.79999903e+00,1.66495000e-06
1.80000153e+00,1.66505000e-06
1.79999904e+00,1.66515000e-06
1.80000153e+00,1.66525000e-06
1.79999904e+00,1.66535000e-06
1.80000154e+00,1.66545000e-06
1.79999904e+00,1.66555000e-06
1.80000154e+00,1.66565000e-06
1.79999904e+00,1.66575000e-06
1.80000154e+00,1.66585000e-06
1.79999905e+00,1.66595000e-06
1.80000154e+00,1.66605000e-06
1.79999905e+00,1.66615000e-06
1.80000154e+00,1.66625000e-06
1.79999905e+00,1.66635000e-06
1.80000154e+00,1.66645000e-06
1.79999905e+00,1.66655000e-06
1.80000154e+00,1.66665000e-06
1.79999906e+00,1.66675000e-06
1.80000154e+00,1.66685000e-06
1.79999906e+00,1.66695000e-06
1.80000155e+00,1.66705000e-06
1.79999906e+00,1.66715000e-06
1.80000155e+00,1.66725000e-06
1.79999906e+00,1.66735000e-06
1.80000155e+00,1.66745000e-06
1.79999907e+00,1.66755000e-06
1.80000155e+00,1.66765000e-06
1.79999907e+00,1.66775000e-06
1.80000155e+00,1.66785000e-06
1.79999907e+00,1.66795000e-06
1.80000155e+00,1.66805000e-06
1.79999907e+00,1.66815000e-06
1.80000155e+00,1.66825000e-06
1.79999908e+00,1.66835000e-06
1.80000156e+00,1.66845000e-06
1.79999908e+00,1.66855000e-06
1.80000156e+00,1.66865000e-06
1.79999908e+00,1.66875000e-06
1.80000156e+00,1.66885000e-06
1.79999908e+00,1.66895000e-06
1.80000156e+00,1.66905000e-06
1.79999909e+00,1.66915000e-06
1.80000156e+00,1.66925000e-06
1.79999909e+00,1.66935000e-06
1.80000156e+00,1.66945000e-06
1.79999909e+00,1.66955000e-06
1.80000157e+00,1.66965000e-06
1.79999909e+00,1.66975000e-06
1.80000157e+00,1.66985000e-06
1.79999910e+00,1.66995000e-06
1.80000157e+00,1.67005000e-06
1.79999910e+00,1.67015000e-06
1.80000157e+00,1.67025000e-06
1.79999910e+00,1.67035000e-06
1.80000157e+00,1.67045000e-06
1.79999910e+00,1.67055000e-06
1.80000157e+00,1.67065000e-06
1.79999911e+00,1.67075000e-06
1.80000157e+00,1.67085000e-06
1.79999911e+00,1.67095000e-06
1.80000158e+00,1.67105000e-06
1.79999911e+00,1.67115000e-06
1.80000158e+00,1.67125000e-06
1.79999911e+00,1.67135000e-06
1.80000158e+00,1.67145000e-06
1.79999912e+00,1.67155000e-06
1.80000158e+00,1.67165000e-06
1.79999912e+00,1.67175000e-06
1.80000158e+00,1.67185000e-06
1.79999912e+00,1.67195000e-06
1.80000158e+00,1.67205000e-06
1.79999912e+00,1.67215000e-06
1.80000159e+00,1.67225000e-06
1.79999913e+00,1.67235000e-06
1.80000159e+00,1.67245000e-06
1.79999913e+00,1.67255000e-06
1.80000159e+00,1.67265000e-06
1.79999913e+00,1.67275000e-06
1.80000159e+00,1.67285000e-06
1.79999913e+00,1.67295000e-06
1.80000159e+00,1.67305000e-06
1.79999914e+00,1.67315000e-06
1.80000159e+00,1.67325000e-06
1.79999914e+00,1.67335000e-06
1.80000160e+00,1.67345000e-06
1.79999914e+00,1.67355000e-06
1.80000160e+00,1.67365000e-06
1.79999915e+00,1.67375000e-06
1.80000160e+00,1.67385000e-06
1.79999915e+00,1.67395000e-06
1.80000160e+00,1.67405000e-06
1.79999915e+00,1.67415000e-06
1.80000160e+00,1.67425000e-06
1.79999915e+00,1.67435000e-06
1.80000160e+00,1.67445000e-06
1.79999916e+00,1.67455000e-06
1.80000161e+00,1.67465000e-06
1.79999916e+00,1.67475000e-06
1.80000161e+00,1.67485000e-06
1.79999916e+00,1.67495000e-06
1.80000161e+00,1.67505000e-06
1.79999916e+00,1.67515000e-06
1.80000161e+00,1.67525000e-06
1.79999917e+00,1.67535000e-06
1.80000161e+00,1.67545000e-06
1.79999917e+00,1.67555000e-06
1.80000162e+00,1.67565000e-06
1.79999917e+00,1.67575000e-06
1.80000162e+00,1.67585000e-06
1.79999917e+00,1.67595000e-06
1.80000162e+00,1.67605000e-06
1.79999918e+00,1.67615000e-06
1.80000162e+00,1.67625000e-06
1.79999918e+00,1.67635000e-06
1.80000162e+00,1.67645000e-06
1.79999918e+00,1.67655000e-06
1.80000162e+00,1.67665000e-06
1.79999919e+00,1.67675000e-06
1.80000163e+00,1.67685000e-06
1.79999919e+00,1.67695000e-06
1.80000163e+00,1.67705000e-06
1.79999919e+00,1.67715000e-06
1.80000163e+00,1.67725000e-06
1.79999919e+00,1.67735000e-06
1.80000163e+00,1.67745000e-06
1.79999920e+00,1.67755000e-06
1.80000163e+00,1.67765000e-06
1.79999920e+00,1.67775000e-06
1.80000164e+00,1.67785000e-06
1.79999920e+00,1.67795000e-06
1.80000164e+00,1.67805000e-06
1.79999921e+00,1.67815000e-06
1.80000164e+00,1.67825000e-06
1.79999921e+00,1.67835000e-06
1.80000164e+00,1.67845000e-06
1.79999921e+00,1.67855000e-06
1.80000164e+00,1.67865000e-06
1.79999921e+00,1.67875000e-06
1.80000165e+00,1.67885000e-06
1.79999922e+00,1.67895000e-06
1.80000165e+00,1.67905000e-06
1.79999922e+00,1.67915000e-06
1.80000165e+00,1.67925000e-06
1.79999922e+00,1.67935000e-06
1.80000165e+00,1.67945000e-06
1.79999923e+00,1.67955000e-06
1.80000165e+00,1.67965000e-06
1.79999923e+00,1.67975000e-06
1.80000166e+00,1.67985000e-06
1.79999923e+00,1.67995000e-06
1.80000166e+00,1.68005000e-06
1.79999923e+00,1.68015000e-06
1.80000166e+00,1.68025000e-06
1.79999924e+00,1.68035000e-06
1.80000166e+00,1.68045000e-06
1.79999924e+00,1.68055000e-06
1.80000166e+00,1.68065000e-06
1.79999924e+00,1.68075000e-06
1.80000167e+00,1.68085000e-06
1.79999925e+00,1.68095000e-06
1.80000167e+00,1.68105000e-06
1.79999925e+00,1.68115000e-06
1.80000167e+00,1.68125000e-06
1.79999925e+00,1.68135000e-06
1.80000167e+00,1.68145000e-06
1.79999925e+00,1.68155000e-06
1.80000167e+00,1.68165000e-06
1.79999926e+00,1.68175000e-06
1.80000168e+00,1.68185000e-06
1.79999926e+00,1.68195000e-06
1.80000168e+00,1.68205000e-06
1.79999926e+00,1.68215000e-06
1.80000168e+00,1.68225000e-06
1.79999927e+00,1.68235000e-06
1.80000168e+00,1.68245000e-06
1.79999927e+00,1.68255000e-06
1.80000168e+00,1.68265000e-06
1.79999927e+00,1.68275000e-06
1.80000169e+00,1.68285000e-06
1.79999928e+00,1.68295000e-06
1.80000169e+00,1.68305000e-06
1.79999928e+00,1.68315000e-06
1.80000169e+00,1.68325000e-06
1.79999928e+00,1.68335000e-06
1.80000169e+00,1.68345000e-06
1.79999928e+00,1.68355000e-06
1.80000170e+00,1.68365000e-06
1.79999929e+00,1.68375000e-06
1.80000170e+00,1.68385000e-06
1.79999929e+00,1.68395000e-06
1.80000170e+00,1.68405000e-06
1.79999929e+00,1.68415000e-06
1.80000170e+00,1.68425000e-06
1.79999930e+00,1.68435000e-06
1.80000170e+00,1.68445000e-06
1.79999930e+00,1.68455000e-06
1.80000171e+00,1.68465000e-06
1.79999930e+00,1.68475000e-06
1.80000171e+00,1.68485000e-06
1.79999931e+00,1.68495000e-06
1.80000171e+00,1.68505000e-06
1.79999931e+00,1.68515000e-06
1.80000171e+00,1.68525000e-06
1.79999931e+00,1.68535000e-06
1.80000172e+00,1.68545000e-06
1.79999931e+00,1.68555000e-06
1.80000172e+00,1.68565000e-06
1.79999932e+00,1.68575000e-06
1.80000172e+00,1.68585000e-06
1.79999932e+00,1.68595000e-06
1.80000172e+00,1.68605000e-06
1.79999932e+00,1.68615000e-06
1.80000172e+00,1.68625000e-06
1.79999933e+00,1.68635000e-06
1.80000173e+00,1.68645000e-06
1.79999933e+00,1.68655000e-06
1.80000173e+00,1.68665000e-06
1.79999933e+00,1.68675000e-06
1.80000173e+00,1.68685000e-06
1.79999934e+00,1.68695000e-06
1.80000173e+00,1.68705000e-06
1.79999934e+00,1.68715000e-06
1.80000174e+00,1.68725000e-06
1.79999934e+00,1.68735000e-06
1.80000174e+00,1.68745000e-06
1.79999935e+00,1.68755000e-06
1.80000174e+00,1.68765000e-06
1.79999935e+00,1.68775000e-06
1.80000174e+00,1.68785000e-06
1.79999935e+00,1.68795000e-06
1.80000175e+00,1.68805000e-06
1.79999936e+00,1.68815000e-06
1.80000175e+00,1.68825000e-06
1.79999936e+00,1.68835000e-06
1.80000175e+00,1.68845000e-06
1.79999936e+00,1.68855000e-06
1.80000175e+00,1.68865000e-06
1.79999937e+00,1.68875000e-06
1.80000176e+00,1.68885000e-06
1.79999937e+00,1.68895000e-06
1.80000176e+00,1.68905000e-06
1.79999937e+00,1.68915000e-06
1.80000176e+00,1.68925000e-06
1.79999938e+00,1.68935000e-06
1.80000176e+00,1.68945000e-06
1.79999938e+00,1.68955000e-06
1.80000177e+00,1.68965000e-06
1.79999938e+00,1.68975000e-06
1.80000177e+00,1.68985000e-06
1.79999939e+00,1.68995000e-06
1.80000177e+00,1.69005000e-06
1.79999939e+00,1.69015000e-06
1.80000177e+00,1.69025000e-06
1.79999939e+00,1.69035000e-06
1.80000178e+00,1.69045000e-06
1.79999939e+00,1.69055000e-06
1.80000178e+00,1.69065000e-06
1.79999940e+00,1.69075000e-06
1.80000178e+00,1.69085000e-06
1.79999940e+00,1.69095000e-06
1.80000178e+00,1.69105000e-06
1.79999940e+00,1.69115000e-06
1.80000179e+00,1.69125000e-06
1.79999941e+00,1.69135000e-06
1.80000179e+00,1.69145000e-06
1.79999941e+00,1.69155000e-06
1.80000179e+00,1.69165000e-06
1.79999941e+00,1.69175000e-06
1.80000179e+00,1.69185000e-06
1.79999942e+00,1.69195000e-06
1.80000180e+00,1.69205000e-06
1.79999942e+00,1.69215000e-06
1.80000180e+00,1.69225000e-06
1.79999943e+00,1.69235000e-06
1.80000180e+00,1.69245000e-06
1.79999943e+00,1.69255000e-06
1.80000180e+00,1.69265000e-06
1.79999943e+00,1.69275000e-06
1.80000181e+00,1.69285000e-06
1.79999944e+00,1.69295000e-06
1.80000181e+00,1.69305000e-06
1.79999944e+00,1.69315000e-06
1.80000181e+00,1.69325000e-06
1.79999944e+00,1.69335000e-06
1.80000182e+00,1.69345000e-06
1.79999945e+00,1.69355000e-06
1.80000182e+00,1.69365000e-06
1.79999945e+00,1.69375000e-06
1.80000182e+00,1.69385000e-06
1.79999945e+00,1.69395000e-06
1.80000182e+00,1.69405000e-06
1.79999946e+00,1.69415000e-06
1.80000183e+00,1.69425000e-06
1.79999946e+00,1.69435000e-06
1.80000183e+00,1.69445000e-06
1.79999946e+00,1.69455000e-06
1.80000183e+00,1.69465000e-06
1.79999947e+00,1.69475000e-06
1.80000183e+00,1.69485000e-06
1.79999947e+00,1.69495000e-06
1.80000184e+00,1.69505000e-06
1.79999947e+00,1.69515000e-06
1.80000184e+00,1.69525000e-06
1.79999948e+00,1.69535000e-06
1.80000184e+00,1.69545000e-06
1.79999948e+00,1.69555000e-06
1.80000185e+00,1.69565000e-06
1.79999948e+00,1.69575000e-06
1.80000185e+00,1.69585000e-06
1.79999949e+00,1.69595000e-06
1.80000185e+00,1.69605000e-06
1.79999949e+00,1.69615000e-06
1.80000185e+00,1.69625000e-06
1.79999949e+00,1.69635000e-06
1.80000186e+00,1.69645000e-06
1.79999950e+00,1.69655000e-06
1.80000186e+00,1.69665000e-06
1.79999950e+00,1.69675000e-06
1.80000186e+00,1.69685000e-06
1.79999951e+00,1.69695000e-06
1.80000187e+00,1.69705000e-06
1.79999951e+00,1.69715000e-06
1.80000187e+00,1.69725000e-06
1.79999951e+00,1.69735000e-06
1.80000187e+00,1.69745000e-06
1.79999952e+00,1.69755000e-06
1.80000187e+00,1.69765000e-06
1.79999952e+00,1.69775000e-06
1.80000188e+00,1.69785000e-06
1.79999952e+00,1.69795000e-06
1.80000188e+00,1.69805000e-06
1.79999953e+00,1.69815000e-06
1.80000188e+00,1.69825000e-06
1.79999953e+00,1.69835000e-06
1.80000189e+00,1.69845000e-06
1.79999953e+00,1.69855000e-06
1.80000189e+00,1.69865000e-06
1.79999954e+00,1.69875000e-06
1.80000189e+00,1.69885000e-06
1.79999954e+00,1.69895000e-06
1.80000190e+00,1.69905000e-06
1.79999955e+00,1.69915000e-06
1.80000190e+00,1.69925000e-06
1.79999955e+00,1.69935000e-06
1.80000190e+00,1.69945000e-06
1.79999955e+00,1.69955000e-06
1.80000190e+00,1.69965000e-06
1.79999956e+00,1.69975000e-06
1.80000191e+00,1.69985000e-06
1.79999956e+00,1.69995000e-06
1.80000191e+00,1.70005000e-06
1.79999956e+00,1.70015000e-06
1.80000191e+00,1.70025000e-06
1.79999957e+00,1.70035000e-06
1.80000192e+00,1.70045000e-06
1.79999957e+00,1.70055000e-06
1.80000192e+00,1.70065000e-06
1.79999958e+00,1.70075000e-06
1.80000192e+00,1.70085000e-06
1.79999958e+00,1.70095000e-06
1.80000193e+00,1.70105000e-06
1.79999958e+00,1.70115000e-06
1.80000193e+00,1.70125000e-06
1.79999959e+00,1.70135000e-06
1.80000193e+00,1.70145000e-06
1.79999959e+00,1.70155000e-06
1.80000194e+00,1.70165000e-06
1.79999959e+00,1.70175000e-06
1.80000194e+00,1.70185000e-06
1.79999960e+00,1.70195000e-06
1.80000194e+00,1.70205000e-06
1.79999960e+00,1.70215000e-06
1.80000195e+00,1.70225000e-06
1.79999961e+00,1.70235000e-06
1.80000195e+00,1.70245000e-06
1.79999961e+00,1.70255000e-06
1.80000195e+00,1.70265000e-06
1.79999961e+00,1.70275000e-06
1.80000196e+00,1.70285000e-06
1.79999962e+00,1.70295000e-06
1.80000196e+00,1.70305000e-06
1.79999962e+00,1.70315000e-06
1.80000196e+00,1.70325000e-06
1.79999962e+00,1.70335000e-06
1.80000197e+00,1.70345000e-06
1.79999963e+00,1.70355000e-06
1.80000197e+00,1.70365000e-06
1.79999963e+00,1.70375000e-06
1.80000197e+00,1.70385000e-06
1.79999964e+00,1.70395000e-06
1.80000198e+00,1.70405000e-06
1.79999964e+00,1.70415000e-06
1.80000198e+00,1.70425000e-06
1.79999964e+00,1.70435000e-06
1.80000198e+00,1.70445000e-06
1.79999965e+00,1.70455000e-06
1.80000199e+00,1.70465000e-06
1.79999965e+00,1.70475000e-06
1.80000199e+00,1.70485000e-06
1.79999966e+00,1.70495000e-06
1.80000199e+00,1.70505000e-06
1.79999966e+00,1.70515000e-06
1.80000200e+00,1.70525000e-06
1.79999966e+00,1.70535000e-06
1.80000200e+00,1.70545000e-06
1.79999967e+00,1.70555000e-06
1.80000200e+00,1.70565000e-06
1.79999967e+00,1.70575000e-06
1.80000201e+00,1.70585000e-06
1.79999968e+00,1.70595000e-06
1.80000201e+00,1.70605000e-06
1.79999968e+00,1.70615000e-06
1.80000201e+00,1.70625000e-06
1.79999968e+00,1.70635000e-06
1.80000202e+00,1.70645000e-06
1.79999969e+00,1.70655000e-06
1.80000202e+00,1.70665000e-06
1.79999969e+00,1.70675000e-06
1.80000202e+00,1.70685000e-06
1.79999970e+00,1.70695000e-06
1.80000203e+00,1.70705000e-06
1.79999970e+00,1.70715000e-06
1.80000203e+00,1.70725000e-06
1.79999971e+00,1.70735000e-06
1.80000203e+00,1.70745000e-06
1.79999971e+00,1.70755000e-06
1.80000204e+00,1.70765000e-06
1.79999971e+00,1.70775000e-06
1.80000204e+00,1.70785000e-06
1.79999972e+00,1.70795000e-06
1.80000205e+00,1.70805000e-06
1.79999972e+00,1.70815000e-06
1.80000205e+00,1.70825000e-06
1.79999973e+00,1.70835000e-06
1.80000205e+00,1.70845000e-06
1.79999973e+00,1.70855000e-06
1.80000206e+00,1.70865000e-06
1.79999973e+00,1.70875000e-06
1.80000206e+00,1.70885000e-06
1.79999974e+00,1.70895000e-06
1.80000206e+00,1.70905000e-06
1.79999974e+00,1.70915000e-06
1.80000207e+00,1.70925000e-06
1.79999975e+00,1.70935000e-06
1.80000207e+00,1.70945000e-06
1.79999975e+00,1.70955000e-06
1.80000208e+00,1.70965000e-06
1.79999976e+00,1.70975000e-06
1.80000208e+00,1.70985000e-06
1.79999976e+00,1.70995000e-06
1.80000208e+00,1.71005000e-06
1.79999976e+00,1.71015000e-06
1.80000209e+00,1.71025000e-06
1.79999977e+00,1.71035000e-06
1.80000209e+00,1.71045000e-06
1.79999977e+00,1.71055000e-06
1.80000209e+00,1.71065000e-06
1.79999978e+00,1.71075000e-06
1.80000210e+00,1.71085000e-06
1.79999978e+00,1.71095000e-06
1.80000210e+00,1.71105000e-06
1.79999979e+00,1.71115000e-06
1.80000211e+00,1.71125000e-06
1.79999979e+00,1.71135000e-06
1.80000211e+00,1.71145000e-06
1.79999980e+00,1.71155000e-06
1.80000211e+00,1.71165000e-06
1.79999980e+00,1.71175000e-06
1.80000212e+00,1.71185000e-06
1.79999980e+00,1.71195000e-06
1.80000212e+00,1.71205000e-06
1.79999981e+00,1.71215000e-06
1.80000213e+00,1.71225000e-06
1.79999981e+00,1.71235000e-06
1.80000213e+00,1.71245000e-06
1.79999982e+00,1.71255000e-06
1.80000213e+00,1.71265000e-06
1.79999982e+00,1.71275000e-06
1.80000214e+00,1.71285000e-06
1.79999983e+00,1.71295000e-06
1.80000214e+00,1.71305000e-06
1.79999983e+00,1.71315000e-06
1.80000215e+00,1.71325000e-06
1.79999984e+00,1.71335000e-06
1.80000215e+00,1.71345000e-06
1.79999984e+00,1.71355000e-06
1.80000215e+00,1.71365000e-06
1.79999985e+00,1.71375000e-06
1.80000216e+00,1.71385000e-06
1.79999985e+00,1.71395000e-06
1.80000216e+00,1.71405000e-06
1.79999985e+00,1.71415000e-06
1.80000216e+00,1.71425000e-06
1.79999986e+00,1.71435000e-06
1.80000217e+00,1.71445000e-06
1.79999986e+00,1.71455000e-06
1.80000217e+00,1.71465000e-06
1.79999987e+00,1.71475000e-06
1.80000218e+00,1.71485000e-06
1.79999987e+00,1.71495000e-06
1.80000218e+00,1.71505000e-06
1.79999988e+00,1.71515000e-06
1.80000218e+00,1.71525000e-06
1.79999989e+00,1.71535000e-06
1.80000219e+00,1.71545000e-06
1.79999989e+00,1.71555000e-06
1.80000219e+00,1.71565000e-06
1.79999990e+00,1.71575000e-06
1.80000219e+00,1.71585000e-06
1.79999990e+00,1.71595000e-06
1.80000220e+00,1.71605000e-06
1.79999991e+00,1.71615000e-06
1.80000220e+00,1.71625000e-06
1.79999991e+00,1.71635000e-06
1.80000221e+00,1.71645000e-06
1.79999992e+00,1.71655000e-06
1.80000221e+00,1.71665000e-06
1.79999992e+00,1.71675000e-06
1.80000221e+00,1.71685000e-06
1.79999993e+00,1.71695000e-06
1.80000222e+00,1.71705000e-06
1.79999993e+00,1.71715000e-06
1.80000222e+00,1.71725000e-06
1.79999994e+00,1.71735000e-06
1.80000223e+00,1.71745000e-06
1.79999994e+00,1.71755000e-06
1.80000223e+00,1.71765000e-06
1.79999995e+00,1.71775000e-06
1.80000223e+00,1.71785000e-06
1.79999995e+00,1.71795000e-06
1.80000224e+00,1.71805000e-06
1.79999996e+00,1.71815000e-06
1.80000224e+00,1.71825000e-06
1.79999996e+00,1.71835000e-06
1.80000225e+00,1.71845000e-06
1.79999997e+00,1.71855000e-06
1.80000225e+00,1.71865000e-06
1.79999997e+00,1.71875000e-06
1.80000225e+00,1.71885000e-06
1.79999998e+00,1.71895000e-06
1.80000226e+00,1.71905000e-06
1.79999998e+00,1.71915000e-06
1.80000226e+00,1.71925000e-06
1.79999999e+00,1.71935000e-06
1.80000227e+00,1.71945000e-06
1.80000000e+00,1.71955000e-06
1.80000227e+00,1.71965000e-06
1.80000000e+00,1.71975000e-06
1.80000227e+00,1.71985000e-06
1.80000001e+00,1.71995000e-06
1.80000228e+00,1.72005000e-06
1.80000001e+00,1.72015000e-06
1.80000228e+00,1.72025000e-06
1.80000002e+00,1.72035000e-06
1.80000229e+00,1.72045000e-06
1.80000002e+00,1.72055000e-06
1.80000229e+00,1.72065000e-06
1.80000003e+00,1.72075000e-06
1.80000230e+00,1.72085000e-06
1.80000003e+00,1.72095000e-06
1.80000230e+00,1.72105000e-06
1.80000004e+00,1.72115000e-06
1.80000230e+00,1.72125000e-06
1.80000004e+00,1.72135000e-06
1.80000231e+00,1.72145000e-06
1.80000005e+00,1.72155000e-06
1.80000231e+00,1.72165000e-06
1.80000006e+00,1.72175000e-06
1.80000232e+00,1.72185000e-06
1.80000006e+00,1.72195000e-06
1.80000232e+00,1.72205000e-06
1.80000007e+00,1.72215000e-06
1.80000233e+00,1.72225000e-06
1.80000007e+00,1.72235000e-06
1.80000233e+00,1.72245000e-06
1.80000008e+00,1.72255000e-06
1.80000234e+00,1.72265000e-06
1.80000008e+00,1.72275000e-06
1.80000234e+00,1.72285000e-06
1.80000009e+00,1.72295000e-06
1.80000234e+00,1.72305000e-06
1.80000010e+00,1.72315000e-06
1.80000235e+00,1.72325000e-06
1.80000010e+00,1.72335000e-06
1.80000235e+00,1.72345000e-06
1.80000011e+00,1.72355000e-06
1.80000236e+00,1.72365000e-06
1.80000011e+00,1.72375000e-06
1.80000236e+00,1.72385000e-06
1.80000012e+00,1.72395000e-06
1.80000237e+00,1.72405000e-06
1.80000012e+00,1.72415000e-06
1.80000237e+00,1.72425000e-06
1.80000013e+00,1.72435000e-06
1.80000238e+00,1.72445000e-06
1.80000014e+00,1.72455000e-06
1.80000238e+00,1.72465000e-06
1.80000014e+00,1.72475000e-06
1.80000239e+00,1.72485000e-06
1.80000015e+00,1.72495000e-06
1.80000239e+00,1.72505000e-06
1.80000015e+00,1.72515000e-06
1.80000240e+00,1.72525000e-06
1.80000016e+00,1.72535000e-06
1.80000240e+00,1.72545000e-06
1.80000017e+00,1.72555000e-06
1.80000241e+00,1.72565000e-06
1.80000017e+00,1.72575000e-06
1.80000241e+00,1.72585000e-06
1.80000018e+00,1.72595000e-06
1.80000242e+00,1.72605000e-06
1.80000018e+00,1.72615000e-06
1.80000242e+00,1.72625000e-06
1.80000019e+00,1.72635000e-06
1.80000243e+00,1.72645000e-06
1.80000020e+00,1.72655000e-06
1.80000243e+00,1.72665000e-06
1.80000020e+00,1.72675000e-06
1.80000244e+00,1.72685000e-06
1.80000021e+00,1.72695000e-06
1.80000244e+00,1.72705000e-06
1.80000021e+00,1.72715000e-06
1.80000245e+00,1.72725000e-06
1.80000022e+00,1.72735000e-06
1.80000245e+00,1.72745000e-06
1.80000023e+00,1.72755000e-06
1.80000246e+00,1.72765000e-06
1.80000023e+00,1.72775000e-06
1.80000246e+00,1.72785000e-06
1.80000024e+00,1.72795000e-06
1.80000247e+00,1.72805000e-06
1.80000025e+00,1.72815000e-06
1.80000247e+00,1.72825000e-06
1.80000025e+00,1.72835000e-06
1.80000248e+00,1.72845000e-06
1.80000026e+00,1.72855000e-06
1.80000248e+00,1.72865000e-06
1.80000027e+00,1.72875000e-06
1.80000249e+00,1.72885000e-06
1.80000027e+00,1.72895000e-06
1.80000249e+00,1.72905000e-06
1.80000028e+00,1.72915000e-06
1.80000250e+00,1.72925000e-06
1.80000028e+00,1.72935000e-06
1.80000250e+00,1.72945000e-06
1.80000029e+00,1.72955000e-06
1.80000251e+00,1.72965000e-06
1.80000030e+00,1.72975000e-06
1.80000251e+00,1.72985000e-06
1.80000030e+00,1.72995000e-06
1.80000252e+00,1.73005000e-06
1.80000031e+00,1.73015000e-06
1.80000252e+00,1.73025000e-06
1.80000032e+00,1.73035000e-06
1.80000253e+00,1.73045000e-06
1.80000032e+00,1.73055000e-06
1.80000254e+00,1.73065000e-06
1.80000033e+00,1.73075000e-06
1.80000254e+00,1.73085000e-06
1.80000034e+00,1.73095000e-06
1.80000255e+00,1.73105000e-06
1.80000034e+00,1.73115000e-06
1.80000255e+00,1.73125000e-06
1.80000035e+00,1.73135000e-06
1.80000256e+00,1.73145000e-06
1.80000036e+00,1.73155000e-06
1.80000256e+00,1.73165000e-06
1.80000036e+00,1.73175000e-06
1.80000257e+00,1.73185000e-06
1.80000037e+00,1.73195000e-06
1.80000258e+00,1.73205000e-06
1.80000038e+00,1.73215000e-06
1.80000258e+00,1.73225000e-06
1.80000038e+00,1.73235000e-06
1.80000259e+00,1.73245000e-06
1.80000039e+00,1.73255000e-06
1.80000259e+00,1.73265000e-06
1.80000040e+00,1.73275000e-06
1.80000260e+00,1.73285000e-06
1.80000040e+00,1.73295000e-06
1.80000260e+00,1.73305000e-06
1.80000041e+00,1.73315000e-06
1.80000261e+00,1.73325000e-06
1.80000042e+00,1.73335000e-06
1.80000262e+00,1.73345000e-06
1.80000043e+00,1.73355000e-06
1.80000262e+00,1.73365000e-06
1.80000043e+00,1.73375000e-06
1.80000263e+00,1.73385000e-06
1.80000044e+00,1.73395000e-06
1.80000263e+00,1.73405000e-06
1.80000045e+00,1.73415000e-06
1.80000264e+00,1.73425000e-06
1.80000045e+00,1.73435000e-06
1.80000265e+00,1.73445000e-06
1.80000046e+00,1.73455000e-06
1.80000265e+00,1.73465000e-06
1.80000047e+00,1.73475000e-06
1.80000266e+00,1.73485000e-06
1.80000048e+00,1.73495000e-06
1.80000267e+00,1.73505000e-06
1.80000048e+00,1.73515000e-06
1.80000267e+00,1.73525000e-06
1.80000049e+00,1.73535000e-06
1.80000268e+00,1.73545000e-06
1.80000050e+00,1.73555000e-06
1.80000268e+00,1.73565000e-06
1.80000051e+00,1.73575000e-06
1.80000269e+00,1.73585000e-06
1.80000051e+00,1.73595000e-06
1.80000270e+00,1.73605000e-06
1.80000052e+00,1.73615000e-06
1.80000270e+00,1.73625000e-06
1.80000053e+00,1.73635000e-06
1.80000271e+00,1.73645000e-06
1.80000053e+00,1.73655000e-06
1.80000272e+00,1.73665000e-06
1.80000054e+00,1.73675000e-06
1.80000272e+00,1.73685000e-06
1.80000055e+00,1.73695000e-06
1.80000273e+00,1.73705000e-06
1.80000056e+00,1.73715000e-06
1.80000274e+00,1.73725000e-06
1.80000057e+00,1.73735000e-06
1.80000274e+00,1.73745000e-06
1.80000057e+00,1.73755000e-06
1.80000275e+00,1.73765000e-06
1.80000058e+00,1.73775000e-06
1.80000276e+00,1.73785000e-06
1.80000059e+00,1.73795000e-06
1.80000276e+00,1.73805000e-06
1.80000060e+00,1.73815000e-06
1.80000277e+00,1.73825000e-06
1.80000060e+00,1.73835000e-06
1.80000278e+00,1.73845000e-06
1.80000061e+00,1.73855000e-06
1.80000278e+00,1.73865000e-06
1.80000062e+00,1.73875000e-06
1.80000279e+00,1.73885000e-06
1.80000063e+00,1.73895000e-06
1.80000280e+00,1.73905000e-06
1.80000064e+00,1.73915000e-06
1.80000281e+00,1.73925000e-06
1.80000064e+00,1.73935000e-06
1.80000281e+00,1.73945000e-06
1.80000065e+00,1.73955000e-06
1.80000282e+00,1.73965000e-06
1.80000066e+00,1.73975000e-06
1.80000283e+00,1.73985000e-06
1.80000067e+00,1.73995000e-06
1.80000283e+00,1.74005000e-06
1.80000068e+00,1.74015000e-06
1.80000284e+00,1.74025000e-06
1.80000068e+00,1.74035000e-06
1.80000285e+00,1.74045000e-06
1.80000069e+00,1.74055000e-06
1.80000286e+00,1.74065000e-06
1.80000070e+00,1.74075000e-06
1.80000286e+00,1.74085000e-06
1.80000071e+00,1.74095000e-06
1.80000287e+00,1.74105000e-06
1.80000072e+00,1.74115000e-06
1.80000288e+00,1.74125000e-06
1.80000073e+00,1.74135000e-06
1.80000289e+00,1.74145000e-06
1.80000074e+00,1.74155000e-06
1.80000289e+00,1.74165000e-06
1.80000074e+00,1.74175000e-06
1.80000290e+00,1.74185000e-06
1.80000075e+00,1.74195000e-06
1.80000291e+00,1.74205000e-06
1.80000076e+00,1.74215000e-06
1.80000292e+00,1.74225000e-06
1.80000077e+00,1.74235000e-06
1.80000292e+00,1.74245000e-06
1.80000078e+00,1.74255000e-06
1.80000293e+00,1.74265000e-06
1.80000079e+00,1.74275000e-06
1.80000294e+00,1.74285000e-06
1.80000080e+00,1.74295000e-06
1.80000295e+00,1.74305000e-06
1.80000080e+00,1.74315000e-06
1.80000296e+00,1.74325000e-06
1.80000081e+00,1.74335000e-06
1.80000296e+00,1.74345000e-06
1.80000082e+00,1.74355000e-06
1.80000297e+00,1.74365000e-06
1.80000083e+00,1.74375000e-06
1.80000298e+00,1.74385000e-06
1.80000084e+00,1.74395000e-06
1.80000299e+00,1.74405000e-06
1.80000085e+00,1.74415000e-06
1.80000300e+00,1.74425000e-06
1.80000086e+00,1.74435000e-06
1.80000300e+00,1.74445000e-06
1.80000087e+00,1.74455000e-06
1.80000301e+00,1.74465000e-06
1.80000088e+00,1.74475000e-06
1.80000302e+00,1.74485000e-06
1.80000089e+00,1.74495000e-06
1.80000303e+00,1.74505000e-06
1.80000090e+00,1.74515000e-06
1.80000304e+00,1.74525000e-06
1.80000091e+00,1.74535000e-06
1.80000305e+00,1.74545000e-06
1.80000092e+00,1.74555000e-06
1.80000306e+00,1.74565000e-06
1.80000092e+00,1.74575000e-06
1.80000306e+00,1.74585000e-06
1.80000093e+00,1.74595000e-06
1.80000307e+00,1.74605000e-06
1.80000094e+00,1.74615000e-06
1.80000308e+00,1.74625000e-06
1.80000095e+00,1.74635000e-06
1.80000309e+00,1.74645000e-06
1.80000096e+00,1.74655000e-06
1.80000310e+00,1.74665000e-06
1.80000097e+00,1.74675000e-06
1.80000311e+00,1.74685000e-06
1.80000098e+00,1.74695000e-06
1.80000312e+00,1.74705000e-06
1.80000099e+00,1.74715000e-06
1.80000313e+00,1.74725000e-06
1.80000100e+00,1.74735000e-06
1.80000314e+00,1.74745000e-06
1.80000101e+00,1.74755000e-06
1.80000315e+00,1.74765000e-06
1.80000102e+00,1.74775000e-06
1.80000315e+00,1.74785000e-06
1.80000103e+00,1.74795000e-06
1.80000316e+00,1.74805000e-06
1.80000104e+00,1.74815000e-06
1.80000317e+00,1.74825000e-06
1.80000105e+00,1.74835000e-06
1.80000318e+00,1.74845000e-06
1.80000106e+00,1.74855000e-06
1.80000319e+00,1.74865000e-06
1.80000107e+00,1.74875000e-06
1.80000320e+00,1.74885000e-06
1.80000109e+00,1.74895000e-06
1.80000321e+00,1.74905000e-06
1.80000110e+00,1.74915000e-06
1.80000322e+00,1.74925000e-06
1.80000111e+00,1.74935000e-06
1.80000323e+00,1.74945000e-06
1.80000112e+00,1.74955000e-06
1.80000324e+00,1.74965000e-06
1.80000113e+00,1.74975000e-06
1.80000325e+00,1.74985000e-06
1.80000114e+00,1.74995000e-06
1.80000326e+00,1.75005000e-06
1.80000115e+00,1.75015000e-06
1.80000327e+00,1.75025000e-06
1.80000116e+00,1.75035000e-06
1.80000328e+00,1.75045000e-06
1.80000117e+00,1.75055000e-06
1.80000329e+00,1.75065000e-06
1.80000118e+00,1.75075000e-06
1.80000330e+00,1.75085000e-06
1.80000119e+00,1.75095000e-06
1.80000331e+00,1.75105000e-06
1.80000121e+00,1.75115000e-06
1.80000332e+00,1.75125000e-06
1.80000122e+00,1.75135000e-06
1.80000333e+00,1.75145000e-06
1.80000123e+00,1.75155000e-06
1.80000334e+00,1.75165000e-06
1.80000124e+00,1.75175000e-06
1.80000335e+00,1.75185000e-06
1.80000125e+00,1.75195000e-06
1.80000336e+00,1.75205000e-06
1.80000126e+00,1.75215000e-06
1.80000338e+00,1.75225000e-06
1.80000127e+00,1.75235000e-06
1.80000339e+00,1.75245000e-06
1.80000129e+00,1.75255000e-06
1.80000340e+00,1.75265000e-06
1.80000130e+00,1.75275000e-06
1.80000341e+00,1.75285000e-06
1.80000131e+00,1.75295000e-06
1.80000342e+00,1.75305000e-06
1.80000132e+00,1.75315000e-06
1.80000343e+00,1.75325000e-06
1.80000133e+00,1.75335000e-06
1.80000344e+00,1.75345000e-06
1.80000135e+00,1.75355000e-06
1.80000345e+00,1.75365000e-06
1.80000136e+00,1.75375000e-06
1.80000347e+00,1.75385000e-06
1.80000137e+00,1.75395000e-06
1.80000348e+00,1.75405000e-06
1.80000138e+00,1.75415000e-06
1.80000349e+00,1.75425000e-06
1.80000140e+00,1.75435000e-06
1.80000350e+00,1.75445000e-06
1.80000141e+00,1.75455000e-06
1.80000351e+00,1.75465000e-06
1.80000142e+00,1.75475000e-06
1.80000352e+00,1.75485000e-06
1.80000143e+00,1.75495000e-06
1.80000354e+00,1.75505000e-06
1.80000145e+00,1.75515000e-06
1.80000355e+00,1.75525000e-06
1.80000146e+00,1.75535000e-06
1.80000356e+00,1.75545000e-06
1.80000147e+00,1.75555000e-06
1.80000357e+00,1.75565000e-06
1.80000149e+00,1.75575000e-06
1.80000359e+00,1.75585000e-06
1.80000150e+00,1.75595000e-06
1.80000360e+00,1.75605000e-06
1.80000151e+00,1.75615000e-06
1.80000361e+00,1.75625000e-06
1.80000153e+00,1.75635000e-06
1.80000362e+00,1.75645000e-06
1.80000154e+00,1.75655000e-06
1.80000364e+00,1.75665000e-06
1.80000155e+00,1.75675000e-06
1.80000371e+00,1.75685000e-06
1.80000158e+00,1.75695000e-06
1.80000365e+00,1.75705000e-06
1.80000159e+00,1.75715000e-06
1.80000373e+00,1.75725000e-06
1.80000161e+00,1.75735000e-06
1.80000374e+00,1.75745000e-06
1.80000163e+00,1.75755000e-06
1.80000375e+00,1.75765000e-06
1.80000165e+00,1.75775000e-06
1.80000376e+00,1.75785000e-06
1.80000167e+00,1.75795000e-06
1.80000377e+00,1.75805000e-06
1.80000169e+00,1.75815000e-06
1.80000378e+00,1.75825000e-06
1.80000170e+00,1.75835000e-06
1.80000380e+00,1.75845000e-06
1.80000172e+00,1.75855000e-06
1.80000381e+00,1.75865000e-06
1.80000173e+00,1.75875000e-06
1.80000382e+00,1.75885000e-06
1.80000175e+00,1.75895000e-06
1.80000384e+00,1.75905000e-06
1.80000176e+00,1.75915000e-06
1.80000385e+00,1.75925000e-06
1.80000178e+00,1.75935000e-06
1.80000387e+00,1.75945000e-06
1.80000180e+00,1.75955000e-06
1.80000388e+00,1.75965000e-06
1.80000181e+00,1.75975000e-06
1.80000390e+00,1.75985000e-06
1.80000183e+00,1.75995000e-06
1.80000391e+00,1.76005000e-06
1.80000184e+00,1.76015000e-06
1.80000393e+00,1.76025000e-06
1.80000186e+00,1.76035000e-06
1.80000394e+00,1.76045000e-06
1.80000188e+00,1.76055000e-06
1.80000396e+00,1.76065000e-06
1.80000189e+00,1.76075000e-06
1.80000397e+00,1.76085000e-06
1.80000191e+00,1.76095000e-06
1.80000399e+00,1.76105000e-06
1.80000192e+00,1.76115000e-06
1.80000400e+00,1.76125000e-06
1.80000194e+00,1.76135000e-06
1.80000402e+00,1.76145000e-06
1.80000196e+00,1.76155000e-06
1.80000404e+00,1.76165000e-06
1.80000198e+00,1.76175000e-06
1.80000405e+00,1.76185000e-06
1.80000199e+00,1.76195000e-06
1.80000407e+00,1.76205000e-06
1.80000201e+00,1.76215000e-06
1.80000408e+00,1.76225000e-06
1.80000203e+00,1.76235000e-06
1.80000410e+00,1.76245000e-06
1.80000204e+00,1.76255000e-06
1.80000412e+00,1.76265000e-06
1.80000206e+00,1.76275000e-06
1.80000414e+00,1.76285000e-06
1.80000208e+00,1.76295000e-06
1.80000415e+00,1.76305000e-06
1.80000210e+00,1.76315000e-06
1.80000417e+00,1.76325000e-06
1.80000212e+00,1.76335000e-06
1.80000419e+00,1.76345000e-06
1.80000213e+00,1.76355000e-06
1.80000420e+00,1.76365000e-06
1.80000215e+00,1.76375000e-06
1.80000422e+00,1.76385000e-06
1.80000217e+00,1.76395000e-06
1.80000424e+00,1.76405000e-06
1.80000219e+00,1.76415000e-06
1.80000426e+00,1.76425000e-06
1.80000221e+00,1.76435000e-06
1.80000428e+00,1.76445000e-06
1.80000223e+00,1.76455000e-06
1.80000430e+00,1.76465000e-06
1.80000225e+00,1.76475000e-06
1.80000431e+00,1.76485000e-06
1.80000227e+00,1.76495000e-06
1.80000433e+00,1.76505000e-06
1.80000229e+00,1.76515000e-06
1.80000435e+00,1.76525000e-06
1.80000231e+00,1.76535000e-06
1.80000437e+00,1.76545000e-06
1.80000233e+00,1.76555000e-06
1.80000439e+00,1.76565000e-06
1.80000235e+00,1.76575000e-06
1.80000441e+00,1.76585000e-06
1.80000237e+00,1.76595000e-06
1.80000443e+00,1.76605000e-06
1.80000239e+00,1.76615000e-06
1.80000445e+00,1.76625000e-06
1.80000241e+00,1.76635000e-06
1.80000447e+00,1.76645000e-06
1.80000243e+00,1.76655000e-06
1.80000449e+00,1.76665000e-06
1.80000245e+00,1.76675000e-06
1.80000451e+00,1.76685000e-06
1.80000248e+00,1.76695000e-06
1.80000453e+00,1.76705000e-06
1.80000250e+00,1.76715000e-06
1.80000456e+00,1.76725000e-06
1.80000252e+00,1.76735000e-06
1.80000458e+00,1.76745000e-06
1.80000254e+00,1.76755000e-06
1.80000460e+00,1.76765000e-06
1.80000256e+00,1.76775000e-06
1.80000462e+00,1.76785000e-06
1.80000259e+00,1.76795000e-06
1.80000464e+00,1.76805000e-06
1.80000261e+00,1.76815000e-06
1.80000467e+00,1.76825000e-06
1.80000263e+00,1.76835000e-06
1.80000469e+00,1.76845000e-06
1.80000266e+00,1.76855000e-06
1.80000471e+00,1.76865000e-06
1.80000268e+00,1.76875000e-06
1.80000473e+00,1.76885000e-06
1.80000271e+00,1.76895000e-06
1.80000476e+00,1.76905000e-06
1.80000273e+00,1.76915000e-06
1.80000478e+00,1.76925000e-06
1.80000275e+00,1.76935000e-06
1.80000481e+00,1.76945000e-06
1.80000278e+00,1.76955000e-06
1.80000483e+00,1.76965000e-06
1.80000280e+00,1.76975000e-06
1.80000485e+00,1.76985000e-06
1.80000283e+00,1.76995000e-06
1.80000488e+00,1.77005000e-06
1.80000286e+00,1.77015000e-06
1.80000490e+00,1.77025000e-06
1.80000288e+00,1.77035000e-06
1.80000493e+00,1.77045000e-06
1.80000291e+00,1.77055000e-06
1.80000496e+00,1.77065000e-06
1.80000293e+00,1.77075000e-06
1.80000498e+00,1.77085000e-06
1.80000296e+00,1.77095000e-06
1.80000501e+00,1.77105000e-06
1.80000299e+00,1.77115000e-06
1.80000503e+00,1.77125000e-06
1.80000302e+00,1.77135000e-06
1.80000506e+00,1.77145000e-06
1.80000304e+00,1.77155000e-06
1.80000509e+00,1.77165000e-06
1.80000307e+00,1.77175000e-06
1.80000512e+00,1.77185000e-06
1.80000310e+00,1.77195000e-06
1.80000514e+00,1.77205000e-06
1.80000313e+00,1.77215000e-06
1.80000517e+00,1.77225000e-06
1.80000316e+00,1.77235000e-06
1.80000520e+00,1.77245000e-06
1.80000319e+00,1.77255000e-06
1.80000523e+00,1.77265000e-06
1.80000322e+00,1.77275000e-06
1.80000526e+00,1.77285000e-06
1.80000325e+00,1.77295000e-06
1.80000529e+00,1.77305000e-06
1.80000328e+00,1.77315000e-06
1.80000532e+00,1.77325000e-06
1.80000331e+00,1.77335000e-06
1.80000535e+00,1.77345000e-06
1.80000334e+00,1.77355000e-06
1.80000538e+00,1.77365000e-06
1.80000337e+00,1.77375000e-06
1.80000541e+00,1.77385000e-06
1.80000341e+00,1.77395000e-06
1.80000544e+00,1.77405000e-06
1.80000344e+00,1.77415000e-06
1.80000548e+00,1.77425000e-06
1.80000347e+00,1.77435000e-06
1.80000551e+00,1.77445000e-06
1.80000351e+00,1.77455000e-06
1.80000554e+00,1.77465000e-06
1.80000354e+00,1.77475000e-06
1.80000558e+00,1.77485000e-06
1.80000357e+00,1.77495000e-06
1.80000561e+00,1.77505000e-06
1.80000361e+00,1.77515000e-06
1.80000565e+00,1.77525000e-06
1.80000365e+00,1.77535000e-06
1.80000568e+00,1.77545000e-06
1.80000368e+00,1.77555000e-06
1.80000572e+00,1.77565000e-06
1.80000372e+00,1.77575000e-06
1.80000575e+00,1.77585000e-06
1.80000375e+00,1.77595000e-06
1.80000579e+00,1.77605000e-06
1.80000379e+00,1.77615000e-06
1.80000583e+00,1.77625000e-06
1.80000383e+00,1.77635000e-06
1.80000586e+00,1.77645000e-06
1.80000387e+00,1.77655000e-06
1.80000590e+00,1.77665000e-06
1.80000391e+00,1.77675000e-06
1.80000594e+00,1.77685000e-06
1.80000395e+00,1.77695000e-06
1.80000598e+00,1.77705000e-06
1.80000399e+00,1.77715000e-06
1.80000602e+00,1.77725000e-06
1.80000403e+00,1.77735000e-06
1.80000606e+00,1.77745000e-06
1.80000407e+00,1.77755000e-06
1.80000610e+00,1.77765000e-06
1.80000411e+00,1.77775000e-06
1.80000614e+00,1.77785000e-06
1.80000416e+00,1.77795000e-06
1.80000619e+00,1.77805000e-06
1.80000420e+00,1.77815000e-06
1.80000623e+00,1.77825000e-06
1.80000424e+00,1.77835000e-06
1.80000627e+00,1.77845000e-06
1.80000429e+00,1.77855000e-06
1.80000632e+00,1.77865000e-06
1.80000433e+00,1.77875000e-06
1.80000636e+00,1.77885000e-06
1.80000438e+00,1.77895000e-06
1.80000641e+00,1.77905000e-06
1.80000443e+00,1.77915000e-06
1.80000645e+00,1.77925000e-06
1.80000447e+00,1.77935000e-06
1.80000650e+00,1.77945000e-06
1.80000452e+00,1.77955000e-06
1.80000655e+00,1.77965000e-06
1.80000457e+00,1.77975000e-06
1.80000660e+00,1.77985000e-06
1.80000462e+00,1.77995000e-06
1.80000665e+00,1.78005000e-06
1.80000467e+00,1.78015000e-06
1.80000670e+00,1.78025000e-06
1.80000473e+00,1.78035000e-06
1.80000675e+00,1.78045000e-06
1.80000478e+00,1.78055000e-06
1.80000680e+00,1.78065000e-06
1.80000483e+00,1.78075000e-06
1.80000686e+00,1.78085000e-06
1.80000489e+00,1.78095000e-06
1.80000691e+00,1.78105000e-06
1.80000494e+00,1.78115000e-06
1.80000697e+00,1.78125000e-06
1.80000500e+00,1.78135000e-06
1.80000702e+00,1.78145000e-06
1.80000506e+00,1.78155000e-06
1.80000708e+00,1.78165000e-06
1.80000511e+00,1.78175000e-06
1.80000714e+00,1.78185000e-06
1.80000517e+00,1.78195000e-06
1.80000720e+00,1.78205000e-06
1.80000523e+00,1.78215000e-06
1.80000726e+00,1.78225000e-06
1.80000530e+00,1.78235000e-06
1.80000732e+00,1.78245000e-06
1.80000536e+00,1.78255000e-06
1.80000738e+00,1.78265000e-06
1.80000542e+00,1.78275000e-06
1.80000745e+00,1.78285000e-06
1.80000549e+00,1.78295000e-06
1.80000751e+00,1.78305000e-06
1.80000555e+00,1.78315000e-06
1.80000758e+00,1.78325000e-06
1.80000562e+00,1.78335000e-06
1.80000765e+00,1.78345000e-06
1.80000569e+00,1.78355000e-06
1.80000772e+00,1.78365000e-06
1.80000576e+00,1.78375000e-06
1.80000779e+00,1.78385000e-06
1.80000583e+00,1.78395000e-06
1.80000786e+00,1.78405000e-06
1.80000591e+00,1.78415000e-06
1.80000793e+00,1.78425000e-06
1.80000598e+00,1.78435000e-06
1.80000801e+00,1.78445000e-06
1.80000606e+00,1.78455000e-06
1.80000808e+00,1.78465000e-06
1.80000613e+00,1.78475000e-06
1.80000816e+00,1.78485000e-06
1.80000621e+00,1.78495000e-06
1.80000824e+00,1.78505000e-06
1.80000630e+00,1.78515000e-06
1.80000832e+00,1.78525000e-06
1.80000638e+00,1.78535000e-06
1.80000840e+00,1.78545000e-06
1.80000646e+00,1.78555000e-06
1.80000849e+00,1.78565000e-06
1.80000655e+00,1.78575000e-06
1.80000857e+00,1.78585000e-06
1.80000664e+00,1.78595000e-06
1.80000866e+00,1.78605000e-06
1.80000673e+00,1.78615000e-06
1.80000875e+00,1.78625000e-06
1.80000682e+00,1.78635000e-06
1.80000884e+00,1.78645000e-06
1.80000691e+00,1.78655000e-06
1.80000894e+00,1.78665000e-06
1.80000701e+00,1.78675000e-06
1.80000904e+00,1.78685000e-06
1.80000711e+00,1.78695000e-06
1.80000913e+00,1.78705000e-06
1.80000721e+00,1.78715000e-06
1.80000923e+00,1.78725000e-06
1.80000731e+00,1.78735000e-06
1.80000934e+00,1.78745000e-06
1.80000741e+00,1.78755000e-06
1.80000944e+00,1.78765000e-06
1.80000752e+00,1.78775000e-06
1.80000955e+00,1.78785000e-06
1.80000763e+00,1.78795000e-06
1.80000966e+00,1.78805000e-06
1.80000774e+00,1.78815000e-06
1.80000978e+00,1.78825000e-06
1.80000786e+00,1.78835000e-06
1.80000989e+00,1.78845000e-06
1.80000798e+00,1.78855000e-06
1.80001001e+00,1.78865000e-06
1.80000810e+00,1.78875000e-06
1.80001013e+00,1.78885000e-06
1.80000822e+00,1.78895000e-06
1.80001026e+00,1.78905000e-06
1.80000835e+00,1.78915000e-06
1.80001038e+00,1.78925000e-06
1.80000848e+00,1.78935000e-06
1.80001051e+00,1.78945000e-06
1.80000861e+00,1.78955000e-06
1.80001065e+00,1.78965000e-06
1.80000874e+00,1.78975000e-06
1.80001078e+00,1.78985000e-06
1.80000888e+00,1.78995000e-06
1.80001092e+00,1.79005000e-06
1.80000903e+00,1.79015000e-06
1.80001107e+00,1.79025000e-06
1.80000917e+00,1.79035000e-06
1.80001122e+00,1.79045000e-06
1.80000932e+00,1.79055000e-06
1.80001137e+00,1.79065000e-06
1.80000948e+00,1.79075000e-06
1.80001152e+00,1.79085000e-06
1.80000963e+00,1.79095000e-06
1.80001168e+00,1.79105000e-06
1.80000980e+00,1.79115000e-06
1.80001184e+00,1.79125000e-06
1.80000996e+00,1.79135000e-06
1.80001201e+00,1.79145000e-06
1.80001013e+00,1.79155000e-06
1.80001218e+00,1.79165000e-06
1.80001031e+00,1.79175000e-06
1.80001236e+00,1.79185000e-06
1.80001048e+00,1.79195000e-06
1.80001254e+00,1.79205000e-06
1.80001067e+00,1.79215000e-06
1.80001272e+00,1.79225000e-06
1.80001085e+00,1.79235000e-06
1.80001291e+00,1.79245000e-06
1.80001105e+00,1.79255000e-06
1.80001311e+00,1.79265000e-06
1.80001124e+00,1.79275000e-06
1.80001330e+00,1.79285000e-06
1.80001145e+00,1.79295000e-06
1.80001351e+00,1.79305000e-06
1.80001165e+00,1.79315000e-06
1.80001372e+00,1.79325000e-06
1.80001187e+00,1.79335000e-06
1.80001393e+00,1.79345000e-06
1.80001208e+00,1.79355000e-06
1.80001415e+00,1.79365000e-06
1.80001231e+00,1.79375000e-06
1.80001438e+00,1.79385000e-06
1.80001254e+00,1.79395000e-06
1.80001461e+00,1.79405000e-06
1.80001277e+00,1.79415000e-06
1.80001485e+00,1.79425000e-06
1.80001301e+00,1.79435000e-06
1.80001509e+00,1.79445000e-06
1.80001325e+00,1.79455000e-06
1.80001534e+00,1.79465000e-06
1.80001351e+00,1.79475000e-06
1.80001559e+00,1.79485000e-06
1.80001376e+00,1.79495000e-06
1.80001585e+00,1.79505000e-06
1.80001403e+00,1.79515000e-06
1.80001611e+00,1.79525000e-06
1.80001430e+00,1.79535000e-06
1.80001639e+00,1.79545000e-06
1.80001457e+00,1.79555000e-06
1.80001666e+00,1.79565000e-06
1.80001485e+00,1.79575000e-06
1.80001695e+00,1.79585000e-06
1.80001514e+00,1.79595000e-06
1.80001724e+00,1.79605000e-06
1.80001543e+00,1.79615000e-06
1.80001753e+00,1.79625000e-06
1.80001573e+00,1.79635000e-06
1.80001783e+00,1.79645000e-06
1.80001604e+00,1.79655000e-06
1.80001814e+00,1.79665000e-06
1.80001635e+00,1.79675000e-06
1.80001846e+00,1.79685000e-06
1.80001667e+00,1.79695000e-06
1.80001878e+00,1.79705000e-06
1.80001699e+00,1.79715000e-06
1.80001910e+00,1.79725000e-06
1.80001732e+00,1.79735000e-06
1.80001943e+00,1.79745000e-06
1.80001765e+00,1.79755000e-06
1.80001977e+00,1.79765000e-06
1.80001799e+00,1.79775000e-06
1.80002011e+00,1.79785000e-06
1.80001834e+00,1.79795000e-06
1.80002046e+00,1.79805000e-06
1.80001869e+00,1.79815000e-06
1.80002082e+00,1.79825000e-06
1.80001905e+00,1.79835000e-06
1.80002118e+00,1.79845000e-06
1.80001941e+00,1.79855000e-06
1.80002154e+00,1.79865000e-06
1.80001978e+00,1.79875000e-06
1.80002191e+00,1.79885000e-06
1.80002015e+00,1.79895000e-06
1.80002228e+00,1.79905000e-06
1.80002053e+00,1.79915000e-06
1.80002266e+00,1.79925000e-06
1.80002091e+00,1.79935000e-06
1.80002305e+00,1.79945000e-06
1.80002130e+00,1.79955000e-06
1.80002343e+00,1.79965000e-06
1.80002169e+00,1.79975000e-06
1.80002383e+00,1.79985000e-06
1.80002208e+00,1.79995000e-06
1.80002422e+00,1.80005000e-06
1.80002248e+00,1.80015000e-06
1.80002462e+00,1.80025000e-06
1.80002288e+00,1.80035000e-06
1.80002502e+00,1.80045000e-06
1.80002329e+00,1.80055000e-06
1.80002543e+00,1.80065000e-06
1.80002370e+00,1.80075000e-06
1.80002584e+00,1.80085000e-06
1.80002411e+00,1.80095000e-06
1.80002625e+00,1.80105000e-06
1.80002452e+00,1.80115000e-06
1.80002667e+00,1.80125000e-06
1.80002494e+00,1.80135000e-06
1.80002709e+00,1.80145000e-06
1.80002536e+00,1.80155000e-06
1.80002751e+00,1.80165000e-06
1.80002578e+00,1.80175000e-06
1.80002793e+00,1.80185000e-06
1.80002621e+00,1.80195000e-06
1.80002836e+00,1.80205000e-06
1.80002664e+00,1.80215000e-06
1.80002878e+00,1.80225000e-06
1.80002706e+00,1.80235000e-06
1.80002921e+00,1.80245000e-06
1.80002749e+00,1.80255000e-06
1.80002964e+00,1.80265000e-06
1.80002793e+00,1.80275000e-06
1.80003008e+00,1.80285000e-06
1.80002836e+00,1.80295000e-06
1.80003051e+00,1.80305000e-06
1.80002879e+00,1.80315000e-06
1.80003094e+00,1.80325000e-06
1.80002923e+00,1.80335000e-06
1.80003138e+00,1.80345000e-06
1.80002967e+00,1.80355000e-06
1.80003182e+00,1.80365000e-06
1.80003010e+00,1.80375000e-06
1.80003226e+00,1.80385000e-06
1.80003054e+00,1.80395000e-06
1.80003269e+00,1.80405000e-06
1.80003098e+00,1.80415000e-06
1.80003313e+00,1.80425000e-06
1.80003142e+00,1.80435000e-06
1.80003357e+00,1.80445000e-06
1.80003214e+00,1.80455000e-06
1.80003419e+00,1.80465000e-06
1.80003254e+00,1.80475000e-06
1.80003463e+00,1.80485000e-06
1.80003295e+00,1.80495000e-06
1.80003506e+00,1.80505000e-06
1.80003337e+00,1.80515000e-06
1.80003549e+00,1.80525000e-06
1.80003379e+00,1.80535000e-06
1.80003592e+00,1.80545000e-06
1.80003421e+00,1.80555000e-06
1.80003635e+00,1.80565000e-06
1.80003464e+00,1.80575000e-06
1.80003678e+00,1.80585000e-06
1.80003507e+00,1.80595000e-06
1.80003721e+00,1.80605000e-06
1.80003551e+00,1.80615000e-06
1.80003765e+00,1.80625000e-06
1.80003594e+00,1.80635000e-06
1.80003808e+00,1.80645000e-06
1.80003637e+00,1.80655000e-06
1.80003852e+00,1.80665000e-06
1.80003681e+00,1.80675000e-06
1.80003895e+00,1.80685000e-06
1.80003725e+00,1.80695000e-06
1.80003939e+00,1.80705000e-06
1.80003769e+00,1.80715000e-06
1.80003983e+00,1.80725000e-06
1.80003812e+00,1.80735000e-06
1.80004027e+00,1.80745000e-06
1.80003856e+00,1.80755000e-06
1.80004071e+00,1.80765000e-06
1.80003900e+00,1.80775000e-06
1.80004115e+00,1.80785000e-06
1.80003945e+00,1.80795000e-06
1.80004159e+00,1.80805000e-06
1.80003989e+00,1.80815000e-06
1.80004203e+00,1.80825000e-06
1.80004033e+00,1.80835000e-06
1.80004247e+00,1.80845000e-06
1.80004077e+00,1.80855000e-06
1.80004291e+00,1.80865000e-06
1.80004122e+00,1.80875000e-06
1.80004335e+00,1.80885000e-06
1.80004166e+00,1.80895000e-06
1.80004380e+00,1.80905000e-06
1.80004210e+00,1.80915000e-06
1.80004424e+00,1.80925000e-06
1.80004255e+00,1.80935000e-06
1.80004468e+00,1.80945000e-06
1.80004299e+00,1.80955000e-06
1.80004512e+00,1.80965000e-06
1.80004343e+00,1.80975000e-06
1.80004557e+00,1.80985000e-06
1.80004387e+00,1.80995000e-06
1.80004601e+00,1.81005000e-06
1.80004432e+00,1.81015000e-06
1.80004645e+00,1.81025000e-06
1.80004476e+00,1.81035000e-06
1.80004689e+00,1.81045000e-06
1.80004520e+00,1.81055000e-06
1.80004733e+00,1.81065000e-06
1.80004563e+00,1.81075000e-06
1.80004776e+00,1.81085000e-06
1.80004607e+00,1.81095000e-06
1.80004820e+00,1.81105000e-06
1.80004650e+00,1.81115000e-06
1.80004863e+00,1.81125000e-06
1.80004694e+00,1.81135000e-06
1.80004906e+00,1.81145000e-06
1.80004736e+00,1.81155000e-06
1.80004948e+00,1.81165000e-06
1.80004779e+00,1.81175000e-06
1.80004990e+00,1.81185000e-06
1.80004821e+00,1.81195000e-06
1.80005032e+00,1.81205000e-06
1.80004862e+00,1.81215000e-06
1.80005073e+00,1.81225000e-06
1.80004903e+00,1.81235000e-06
1.80005113e+00,1.81245000e-06
1.80004943e+00,1.81255000e-06
1.80005153e+00,1.81265000e-06
1.80004982e+00,1.81275000e-06
1.80005192e+00,1.81285000e-06
1.80005020e+00,1.81295000e-06
1.80005229e+00,1.81305000e-06
1.80005057e+00,1.81315000e-06
1.80005266e+00,1.81325000e-06
1.80005093e+00,1.81335000e-06
1.80005301e+00,1.81345000e-06
1.80005128e+00,1.81355000e-06
1.80005335e+00,1.81365000e-06
1.80005161e+00,1.81375000e-06
1.80005367e+00,1.81385000e-06
1.80005192e+00,1.81395000e-06
1.80005397e+00,1.81405000e-06
1.80005221e+00,1.81415000e-06
1.80005424e+00,1.81425000e-06
1.80005247e+00,1.81435000e-06
1.80005449e+00,1.81445000e-06
1.80005271e+00,1.81455000e-06
1.80005472e+00,1.81465000e-06
1.80005292e+00,1.81475000e-06
1.80005491e+00,1.81485000e-06
1.80005309e+00,1.81495000e-06
1.80005506e+00,1.81505000e-06
1.80005323e+00,1.81515000e-06
1.80005518e+00,1.81525000e-06
1.80005332e+00,1.81535000e-06
1.80005524e+00,1.81545000e-06
1.80005336e+00,1.81555000e-06
1.80005526e+00,1.81565000e-06
1.80005335e+00,1.81575000e-06
1.80005521e+00,1.81585000e-06
1.80005327e+00,1.81595000e-06
1.80005510e+00,1.81605000e-06
1.80005313e+00,1.81615000e-06
1.80005492e+00,1.81625000e-06
1.80005290e+00,1.81635000e-06
1.80005465e+00,1.81645000e-06
1.80005259e+00,1.81655000e-06
1.80005429e+00,1.81665000e-06
1.80005218e+00,1.81675000e-06
1.80005382e+00,1.81685000e-06
1.80005165e+00,1.81695000e-06
1.80005323e+00,1.81705000e-06
1.80005100e+00,1.81715000e-06
1.80005251e+00,1.81725000e-06
1.80005021e+00,1.81735000e-06
1.80005165e+00,1.81745000e-06
1.80004926e+00,1.81755000e-06
1.80005061e+00,1.81765000e-06
1.80004814e+00,1.81775000e-06
1.80004939e+00,1.81785000e-06
1.80004682e+00,1.81795000e-06
1.80004796e+00,1.81805000e-06
1.80004527e+00,1.81815000e-06
1.80004629e+00,1.81825000e-06
1.80004348e+00,1.81835000e-06
1.80004437e+00,1.81845000e-06
1.80004141e+00,1.81855000e-06
1.80004214e+00,1.81865000e-06
1.80003903e+00,1.81875000e-06
1.80003959e+00,1.81885000e-06
1.80003630e+00,1.81895000e-06
1.80003667e+00,1.81905000e-06
1.80003318e+00,1.81915000e-06
1.80003334e+00,1.81925000e-06
1.80002963e+00,1.81935000e-06
1.80002955e+00,1.81945000e-06
1.80002558e+00,1.81955000e-06
1.80002524e+00,1.81965000e-06
1.80002099e+00,1.81975000e-06
1.80002035e+00,1.81985000e-06
1.80001579e+00,1.81995000e-06
1.80001481e+00,1.82005000e-06
1.80000990e+00,1.82015000e-06
1.80000856e+00,1.82025000e-06
1.80000326e+00,1.82035000e-06
1.80000145e+00,1.82045000e-06
1.79999586e+00,1.82055000e-06
1.79999353e+00,1.82065000e-06
1.79998746e+00,1.82075000e-06
1.79998453e+00,1.82085000e-06
1.79997797e+00,1.82095000e-06
1.79997442e+00,1.82105000e-06
1.79996727e+00,1.82115000e-06
1.79996306e+00,1.82125000e-06
1.79995524e+00,1.82135000e-06
1.79995030e+00,1.82145000e-06
1.79994172e+00,1.82155000e-06
1.79993597e+00,1.82165000e-06
1.79992654e+00,1.82175000e-06
1.79991989e+00,1.82185000e-06
1.79990950e+00,1.82195000e-06
1.79990185e+00,1.82205000e-06
1.79989040e+00,1.82215000e-06
1.79988163e+00,1.82225000e-06
1.79986899e+00,1.82235000e-06
1.79985897e+00,1.82245000e-06
1.79984501e+00,1.82255000e-06
1.79983358e+00,1.82265000e-06
1.79981815e+00,1.82275000e-06
1.79980517e+00,1.82285000e-06
1.79978810e+00,1.82295000e-06
1.79977338e+00,1.82305000e-06
1.79975447e+00,1.82315000e-06
1.79973782e+00,1.82325000e-06
1.79971687e+00,1.82335000e-06
1.79969806e+00,1.82345000e-06
1.79967484e+00,1.82355000e-06
1.79965363e+00,1.82365000e-06
1.79962787e+00,1.82375000e-06
1.79960399e+00,1.82385000e-06
1.79957542e+00,1.82395000e-06
1.79954856e+00,1.82405000e-06
1.79951685e+00,1.82415000e-06
1.79948669e+00,1.82425000e-06
1.79945149e+00,1.82435000e-06
1.79941765e+00,1.82445000e-06
1.79937857e+00,1.82455000e-06
1.79934064e+00,1.82465000e-06
1.79929725e+00,1.82475000e-06
1.79925477e+00,1.82485000e-06
1.79920659e+00,1.82495000e-06
1.79915907e+00,1.82505000e-06
1.79910556e+00,1.82515000e-06
1.79905244e+00,1.82525000e-06
1.79899302e+00,1.82535000e-06
1.79893367e+00,1.82545000e-06
1.79886770e+00,1.82555000e-06
1.79880144e+00,1.82565000e-06
1.79872819e+00,1.82575000e-06
1.79865427e+00,1.82585000e-06
1.79857295e+00,1.82595000e-06
1.79849051e+00,1.82605000e-06
1.79840023e+00,1.82615000e-06
1.79830837e+00,1.82625000e-06
1.79820815e+00,1.82635000e-06
1.79810582e+00,1.82645000e-06
1.79799458e+00,1.82655000e-06
1.79788064e+00,1.82665000e-06
1.79775717e+00,1.82675000e-06
1.79763035e+00,1.82685000e-06
1.79749333e+00,1.82695000e-06
1.79735222e+00,1.82705000e-06
1.79720015e+00,1.82715000e-06
1.79704319e+00,1.82725000e-06
1.79687441e+00,1.82735000e-06
1.79669986e+00,1.82745000e-06
1.79651254e+00,1.82755000e-06
1.79631844e+00,1.82765000e-06
1.79611051e+00,1.82775000e-06
1.79589470e+00,1.82785000e-06
1.79566387e+00,1.82795000e-06
1.79542390e+00,1.82805000e-06
1.79516760e+00,1.82815000e-06
1.79490075e+00,1.82825000e-06
1.79461608e+00,1.82835000e-06
1.79431929e+00,1.82845000e-06
1.79400299e+00,1.82855000e-06
1.79367279e+00,1.82865000e-06
1.79332119e+00,1.82875000e-06
1.79295368e+00,1.82885000e-06
1.79256262e+00,1.82895000e-06
1.79215335e+00,1.82905000e-06
1.79171810e+00,1.82915000e-06
1.79126204e+00,1.82925000e-06
1.79077720e+00,1.82935000e-06
1.79026858e+00,1.82945000e-06
1.78972798e+00,1.82955000e-06
1.78916017e+00,1.82965000e-06
1.78855672e+00,1.82975000e-06
1.78792209e+00,1.82985000e-06
1.78724756e+00,1.82995000e-06
1.78653727e+00,1.83005000e-06
1.78578211e+00,1.83015000e-06
1.78498584e+00,1.83025000e-06
1.78413890e+00,1.83035000e-06
1.78324454e+00,1.83045000e-06
1.78229266e+00,1.83055000e-06
1.78128591e+00,1.83065000e-06
1.78021349e+00,1.83075000e-06
1.77907730e+00,1.83085000e-06
1.77786568e+00,1.83095000e-06
1.77657956e+00,1.83105000e-06
1.77520617e+00,1.83115000e-06
1.77374523e+00,1.83125000e-06
1.77218252e+00,1.83135000e-06
1.77051615e+00,1.83145000e-06
1.76873002e+00,1.83155000e-06
1.76682008e+00,1.83165000e-06
1.76476769e+00,1.83175000e-06
1.76256586e+00,1.83185000e-06
1.76019244e+00,1.83195000e-06
1.75763630e+00,1.83205000e-06
1.75487028e+00,1.83215000e-06
1.75187724e+00,1.83225000e-06
1.74862260e+00,1.83235000e-06
1.74508014e+00,1.83245000e-06
1.74120375e+00,1.83255000e-06
1.73695264e+00,1.83265000e-06
1.73226178e+00,1.83275000e-06
1.72706550e+00,1.83285000e-06
1.72126512e+00,1.83295000e-06
1.71474871e+00,1.83305000e-06
1.70735181e+00,1.83315000e-06
1.69886680e+00,1.83325000e-06
1.68898491e+00,1.83335000e-06
1.67727572e+00,1.83345000e-06
1.66307983e+00,1.83355000e-06
1.64543016e+00,1.83365000e-06
1.62295981e+00,1.83375000e-06
1.59420191e+00,1.83385000e-06
1.55837699e+00,1.83395000e-06
1.51598348e+00,1.83405000e-06
1.46820146e+00,1.83415000e-06
1.41607025e+00,1.83425000e-06
1.36020696e+00,1.83435000e-06
1.30096881e+00,1.83445000e-06
1.23860870e+00,1.83455000e-06
1.17350745e+00,1.83465000e-06
1.10641574e+00,1.83475000e-06
1.03892713e+00,1.83485000e-06
9.74003518e-01,1.83495000e-06
9.16175260e-01,1.83505000e-06
8.69565743e-01,1.83515000e-06
8.33655418e-01,1.83525000e-06
8.03199239e-01,1.83535000e-06
7.74422213e-01,1.83545000e-06
7.46782790e-01,1.83555000e-06
7.20143525e-01,1.83565000e-06
6.94379477e-01,1.83575000e-06
6.69728641e-01,1.83585000e-06
6.46549635e-01,1.83595000e-06
6.25157441e-01,1.83605000e-06
6.05822090e-01,1.83615000e-06
5.89123775e-01,1.83625000e-06
5.76938525e-01,1.83635000e-06
5.71720326e-01,1.83645000e-06
5.72410285e-01,1.83655000e-06
5.75412684e-01,1.83665000e-06
5.78263842e-01,1.83675000e-06
5.80520695e-01,1.83685000e-06
5.82201566e-01,1.83695000e-06
5.83321329e-01,1.83705000e-06
5.83891378e-01,1.83715000e-06
5.83938086e-01,1.83725000e-06
5.83470986e-01,1.83735000e-06
5.82524175e-01,1.83745000e-06
5.81132248e-01,1.83755000e-06
5.79358105e-01,1.83765000e-06
5.77260439e-01,1.83775000e-06
5.74912972e-01,1.83785000e-06
5.72371028e-01,1.83795000e-06
5.69697960e-01,1.83805000e-06
5.66934504e-01,1.83815000e-06
5.64128263e-01,1.83825000e-06
5.61304066e-01,1.83835000e-06
5.58494759e-01,1.83845000e-06
5.55713393e-01,1.83855000e-06
5.52982233e-01,1.83865000e-06
5.50305535e-01,1.83875000e-06
5.47698379e-01,1.83885000e-06
5.45159214e-01,1.83895000e-06
5.42698495e-01,1.83905000e-06
5.40311004e-01,1.83915000e-06
5.38004345e-01,1.83925000e-06
5.35771075e-01,1.83935000e-06
5.33617120e-01,1.83945000e-06
5.31533759e-01,1.83955000e-06
5.29525996e-01,1.83965000e-06
5.27584435e-01,1.83975000e-06
5.25713638e-01,1.83985000e-06
5.23903912e-01,1.83995000e-06
5.22159671e-01,1.84005000e-06
5.20471158e-01,1.84015000e-06
5.18842818e-01,1.84025000e-06
5.17264964e-01,1.84035000e-06
5.15742175e-01,1.84045000e-06
5.14264911e-01,1.84055000e-06
5.12837933e-01,1.84065000e-06
5.11451886e-01,1.84075000e-06
5.10111740e-01,1.84085000e-06
5.08808337e-01,1.84095000e-06
5.07546855e-01,1.84105000e-06
5.06318333e-01,1.84115000e-06
5.05128152e-01,1.84125000e-06
5.03967539e-01,1.84135000e-06
5.02842064e-01,1.84145000e-06
5.01743126e-01,1.84155000e-06
5.00676468e-01,1.84165000e-06
4.99633647e-01,1.84175000e-06
4.98620562e-01,1.84185000e-06
4.97628911e-01,1.84195000e-06
4.96664732e-01,1.84205000e-06
4.95719850e-01,1.84215000e-06
4.94800425e-01,1.84225000e-06
4.93898394e-01,1.84235000e-06
4.93020025e-01,1.84245000e-06
4.92157354e-01,1.84255000e-06
4.91316745e-01,1.84265000e-06
4.90490319e-01,1.84275000e-06
4.89684525e-01,1.84285000e-06
4.88891560e-01,1.84295000e-06
4.88117946e-01,1.84305000e-06
4.87355948e-01,1.84315000e-06
4.86612152e-01,1.84325000e-06
4.85878881e-01,1.84335000e-06
4.85162778e-01,1.84345000e-06
4.84456219e-01,1.84355000e-06
4.83765895e-01,1.84365000e-06
4.83084229e-01,1.84375000e-06
4.82417954e-01,1.84385000e-06
4.81759536e-01,1.84395000e-06
4.81115744e-01,1.84405000e-06
4.80479082e-01,1.84415000e-06
4.79856351e-01,1.84425000e-06
4.79240089e-01,1.84435000e-06
4.78637124e-01,1.84445000e-06
4.78040026e-01,1.84455000e-06
4.77455647e-01,1.84465000e-06
4.76876583e-01,1.84475000e-06
4.76309709e-01,1.84485000e-06
4.75747645e-01,1.84495000e-06
4.75197286e-01,1.84505000e-06
4.74651274e-01,1.84515000e-06
4.74116520e-01,1.84525000e-06
4.73585687e-01,1.84535000e-06
4.73065700e-01,1.84545000e-06
4.72549242e-01,1.84555000e-06
4.72043250e-01,1.84565000e-06
4.71540424e-01,1.84575000e-06
4.71047712e-01,1.84585000e-06
4.70557830e-01,1.84595000e-06
4.70077737e-01,1.84605000e-06
4.69600163e-01,1.84615000e-06
4.69132074e-01,1.84625000e-06
4.68666215e-01,1.84635000e-06
4.68209561e-01,1.84645000e-06
4.67754868e-01,1.84655000e-06
4.67309116e-01,1.84665000e-06
4.66865075e-01,1.84675000e-06
4.66429731e-01,1.84685000e-06
4.65995864e-01,1.84695000e-06
4.65570464e-01,1.84705000e-06
4.65146323e-01,1.84715000e-06
4.64730436e-01,1.84725000e-06
4.64315603e-01,1.84735000e-06
4.63908822e-01,1.84745000e-06
4.63502904e-01,1.84755000e-06
4.63104849e-01,1.84765000e-06
4.62707478e-01,1.84775000e-06
4.62317793e-01,1.84785000e-06
4.61928622e-01,1.84795000e-06
4.61546971e-01,1.84805000e-06
4.61165675e-01,1.84815000e-06
4.60791741e-01,1.84825000e-06
4.60418013e-01,1.84835000e-06
4.60051499e-01,1.84845000e-06
4.59685050e-01,1.84855000e-06
4.59325673e-01,1.84865000e-06
4.58966230e-01,1.84875000e-06
4.58613726e-01,1.84885000e-06
4.58261030e-01,1.84895000e-06
4.57915148e-01,1.84905000e-06
4.57568955e-01,1.84915000e-06
4.57229457e-01,1.84925000e-06
4.56889536e-01,1.84935000e-06
4.56556196e-01,1.84945000e-06
4.56222327e-01,1.84955000e-06
4.55894932e-01,1.84965000e-06
4.55566907e-01,1.84975000e-06
4.55245254e-01,1.84985000e-06
4.54922876e-01,1.84995000e-06
4.54606773e-01,1.85005000e-06
4.54289853e-01,1.85015000e-06
4.53979117e-01,1.85025000e-06
4.53667477e-01,1.85035000e-06
4.53361933e-01,1.85045000e-06
4.53055403e-01,1.85055000e-06
4.52754885e-01,1.85065000e-06
4.52453303e-01,1.85075000e-06
4.52157653e-01,1.85085000e-06
4.51860865e-01,1.85095000e-06
4.51569931e-01,1.85105000e-06
4.51277789e-01,1.85115000e-06
4.50991428e-01,1.85125000e-06
4.50703792e-01,1.85135000e-06
4.50421866e-01,1.85145000e-06
4.50138601e-01,1.85155000e-06
4.49860979e-01,1.85165000e-06
4.49581955e-01,1.85175000e-06
4.49308512e-01,1.85185000e-06
4.49033607e-01,1.85195000e-06
4.48764221e-01,1.85205000e-06
4.48493318e-01,1.85215000e-06
4.48227874e-01,1.85225000e-06
4.47960860e-01,1.85235000e-06
4.47699248e-01,1.85245000e-06
4.47436013e-01,1.85255000e-06
4.47178127e-01,1.85265000e-06
4.46918570e-01,1.85275000e-06
4.46664308e-01,1.85285000e-06
4.46408327e-01,1.85295000e-06
4.46157592e-01,1.85305000e-06
4.45905093e-01,1.85315000e-06
4.45657792e-01,1.85325000e-06
4.45408682e-01,1.85335000e-06
4.45164723e-01,1.85345000e-06
4.44918916e-01,1.85355000e-06
4.44678213e-01,1.85365000e-06
4.44435622e-01,1.85375000e-06
4.44198093e-01,1.85385000e-06
4.43958637e-01,1.85395000e-06
4.43724201e-01,1.85405000e-06
4.43487801e-01,1.85415000e-06
4.43256381e-01,1.85425000e-06
4.43022962e-01,1.85435000e-06
4.42794484e-01,1.85445000e-06
4.42563972e-01,1.85455000e-06
4.42338365e-01,1.85465000e-06
4.42110691e-01,1.85475000e-06
4.41887884e-01,1.85485000e-06
4.41662980e-01,1.85495000e-06
4.41442908e-01,1.85505000e-06
4.41220708e-01,1.85515000e-06
4.41003306e-01,1.85525000e-06
4.40783747e-01,1.85535000e-06
4.40568954e-01,1.85545000e-06
4.40351975e-01,1.85555000e-06
4.40139730e-01,1.85565000e-06
4.39925273e-01,1.85575000e-06
4.39715519e-01,1.85585000e-06
4.39503526e-01,1.85595000e-06
4.39296206e-01,1.85605000e-06
4.39086623e-01,1.85615000e-06
4.38881684e-01,1.85625000e-06
4.38674457e-01,1.85635000e-06
4.38471847e-01,1.85645000e-06
4.38266924e-01,1.85655000e-06
4.38066592e-01,1.85665000e-06
4.37863925e-01,1.85675000e-06
4.37665821e-01,1.85685000e-06
4.37465361e-01,1.85695000e-06
4.37269438e-01,1.85705000e-06
4.37071138e-01,1.85715000e-06
4.36877351e-01,1.85725000e-06
4.36681166e-01,1.85735000e-06
4.36489470e-01,1.85745000e-06
4.36295357e-01,1.85755000e-06
4.36105709e-01,1.85765000e-06
4.35913624e-01,1.85775000e-06
4.35725982e-01,1.85785000e-06
4.35535885e-01,1.85795000e-06
4.35350208e-01,1.85805000e-06
4.35162059e-01,1.85815000e-06
4.34978308e-01,1.85825000e-06
4.34792068e-01,1.85835000e-06
4.34610206e-01,1.85845000e-06
4.34425837e-01,1.85855000e-06
4.34245825e-01,1.85865000e-06
4.34063291e-01,1.85875000e-06
4.33885095e-01,1.85885000e-06
4.33704360e-01,1.85895000e-06
4.33527944e-01,1.85905000e-06
4.33348974e-01,1.85915000e-06
4.33174304e-01,1.85925000e-06
4.32997066e-01,1.85935000e-06
4.32824109e-01,1.85945000e-06
4.32648570e-01,1.85955000e-06
4.32477294e-01,1.85965000e-06
4.32303422e-01,1.85975000e-06
4.32133796e-01,1.85985000e-06
4.31961561e-01,1.85995000e-06
4.31793555e-01,1.86005000e-06
4.31622927e-01,1.86015000e-06
4.31456510e-01,1.86025000e-06
4.31287460e-01,1.86035000e-06
4.31122605e-01,1.86045000e-06
4.30955105e-01,1.86055000e-06
4.30791783e-01,1.86065000e-06
4.30625804e-01,1.86075000e-06
4.30463989e-01,1.86085000e-06
4.30299506e-01,1.86095000e-06
4.30139171e-01,1.86105000e-06
4.29976156e-01,1.86115000e-06
4.29817275e-01,1.86125000e-06
4.29655703e-01,1.86135000e-06
4.29498251e-01,1.86145000e-06
4.29338099e-01,1.86155000e-06
4.29182052e-01,1.86165000e-06
4.29023294e-01,1.86175000e-06
4.28868627e-01,1.86185000e-06
4.28711240e-01,1.86195000e-06
4.28557931e-01,1.86205000e-06
4.28401892e-01,1.86215000e-06
4.28249918e-01,1.86225000e-06
4.28095205e-01,1.86235000e-06
4.27944543e-01,1.86245000e-06
4.27791134e-01,1.86255000e-06
4.27641764e-01,1.86265000e-06
4.27489637e-01,1.86275000e-06
4.27341537e-01,1.86285000e-06
4.27190672e-01,1.86295000e-06
4.27043822e-01,1.86305000e-06
4.26894199e-01,1.86315000e-06
4.26748578e-01,1.86325000e-06
4.26600176e-01,1.86335000e-06
4.26455766e-01,1.86345000e-06
4.26308567e-01,1.86355000e-06
4.26165347e-01,1.86365000e-06
4.26019332e-01,1.86375000e-06
4.25877284e-01,1.86385000e-06
4.25732434e-01,1.86395000e-06
4.25591541e-01,1.86405000e-06
4.25447839e-01,1.86415000e-06
4.25308082e-01,1.86425000e-06
4.25165509e-01,1.86435000e-06
4.25026871e-01,1.86445000e-06
4.24885410e-01,1.86455000e-06
4.24747874e-01,1.86465000e-06
4.24607510e-01,1.86475000e-06
4.24471059e-01,1.86485000e-06
4.24331774e-01,1.86495000e-06
4.24196392e-01,1.86505000e-06
4.24058170e-01,1.86515000e-06
4.23923842e-01,1.86525000e-06
4.23786668e-01,1.86535000e-06
4.23653378e-01,1.86545000e-06
4.23517235e-01,1.86555000e-06
4.23384968e-01,1.86565000e-06
4.23249843e-01,1.86575000e-06
4.23118583e-01,1.86585000e-06
4.22984461e-01,1.86595000e-06
4.22854195e-01,1.86605000e-06
4.22721060e-01,1.86615000e-06
4.22591773e-01,1.86625000e-06
4.22459613e-01,1.86635000e-06
4.22331291e-01,1.86645000e-06
4.22200092e-01,1.86655000e-06
4.22072721e-01,1.86665000e-06
4.21942469e-01,1.86675000e-06
4.21816037e-01,1.86685000e-06
4.21686718e-01,1.86695000e-06
4.21561211e-01,1.86705000e-06
4.21432813e-01,1.86715000e-06
4.21308219e-01,1.86725000e-06
4.21180729e-01,1.86735000e-06
4.21057035e-01,1.86745000e-06
4.20930441e-01,1.86755000e-06
4.20807634e-01,1.86765000e-06
4.20681924e-01,1.86775000e-06
4.20559993e-01,1.86785000e-06
4.20435155e-01,1.86795000e-06
4.20314088e-01,1.86805000e-06
4.20190110e-01,1.86815000e-06
4.20069896e-01,1.86825000e-06
4.19946767e-01,1.86835000e-06
4.19827393e-01,1.86845000e-06
4.19705102e-01,1.86855000e-06
4.19586559e-01,1.86865000e-06
4.19465094e-01,1.86875000e-06
4.19347370e-01,1.86885000e-06
4.19226721e-01,1.86895000e-06
4.19109805e-01,1.86905000e-06
4.18989962e-01,1.86915000e-06
4.18873845e-01,1.86925000e-06
4.18754796e-01,1.86935000e-06
4.18639467e-01,1.86945000e-06
4.18521203e-01,1.86955000e-06
4.18406652e-01,1.86965000e-06
4.18289163e-01,1.86975000e-06
4.18175380e-01,1.86985000e-06
4.18058656e-01,1.86995000e-06
4.17945632e-01,1.87005000e-06
4.17829664e-01,1.87015000e-06
4.17717388e-01,1.87025000e-06
4.17602167e-01,1.87035000e-06
4.17490630e-01,1.87045000e-06
4.17376146e-01,1.87055000e-06
4.17265340e-01,1.87065000e-06
4.17151584e-01,1.87075000e-06
4.17041500e-01,1.87085000e-06
4.16928463e-01,1.87095000e-06
4.16819091e-01,1.87105000e-06
4.16706765e-01,1.87115000e-06
4.16598097e-01,1.87125000e-06
4.16486472e-01,1.87135000e-06
4.16378501e-01,1.87145000e-06
4.16267570e-01,1.87155000e-06
4.16160286e-01,1.87165000e-06
4.16050039e-01,1.87175000e-06
4.15943434e-01,1.87185000e-06
4.15833865e-01,1.87195000e-06
4.15727932e-01,1.87205000e-06
4.15619032e-01,1.87215000e-06
4.15513761e-01,1.87225000e-06
4.15405523e-01,1.87235000e-06
4.15300908e-01,1.87245000e-06
4.15193323e-01,1.87255000e-06
4.15089356e-01,1.87265000e-06
4.14982418e-01,1.87275000e-06
4.14879091e-01,1.87285000e-06
4.14772792e-01,1.87295000e-06
4.14670098e-01,1.87305000e-06
4.14564430e-01,1.87315000e-06
4.14462362e-01,1.87325000e-06
4.14357318e-01,1.87335000e-06
4.14255870e-01,1.87345000e-06
4.14151443e-01,1.87355000e-06
4.14050606e-01,1.87365000e-06
4.13946790e-01,1.87375000e-06
4.13846558e-01,1.87385000e-06
4.13743345e-01,1.87395000e-06
4.13643711e-01,1.87405000e-06
4.13541096e-01,1.87415000e-06
4.13442053e-01,1.87425000e-06
4.13340028e-01,1.87435000e-06
4.13241571e-01,1.87445000e-06
4.13140129e-01,1.87455000e-06
4.13042251e-01,1.87465000e-06
4.12941387e-01,1.87475000e-06
4.12844081e-01,1.87485000e-06
4.12743788e-01,1.87495000e-06
4.12647048e-01,1.87505000e-06
4.12547320e-01,1.87515000e-06
4.12451141e-01,1.87525000e-06
4.12351972e-01,1.87535000e-06
4.12256346e-01,1.87545000e-06
4.12157731e-01,1.87555000e-06
4.12062653e-01,1.87565000e-06
4.11964585e-01,1.87575000e-06
4.11870050e-01,1.87585000e-06
4.11772523e-01,1.87595000e-06
4.11678524e-01,1.87605000e-06
4.11581533e-01,1.87615000e-06
4.11488066e-01,1.87625000e-06
4.11391605e-01,1.87635000e-06
4.11298663e-01,1.87645000e-06
4.11202727e-01,1.87655000e-06
4.11110305e-01,1.87665000e-06
4.11014888e-01,1.87675000e-06
4.10922981e-01,1.87685000e-06
4.10828078e-01,1.87695000e-06
4.10736680e-01,1.87705000e-06
4.10642287e-01,1.87715000e-06
4.10551393e-01,1.87725000e-06
4.10457503e-01,1.87735000e-06
4.10367108e-01,1.87745000e-06
4.10273716e-01,1.87755000e-06
4.10183815e-01,1.87765000e-06
4.10090917e-01,1.87775000e-06
4.10001506e-01,1.87785000e-06
4.09909096e-01,1.87795000e-06
4.09820169e-01,1.87805000e-06
4.09728243e-01,1.87815000e-06
4.09639795e-01,1.87825000e-06
4.09548348e-01,1.87835000e-06
4.09460375e-01,1.87845000e-06
4.09369402e-01,1.87855000e-06
4.09281899e-01,1.87865000e-06
4.09191396e-01,1.87875000e-06
4.09104358e-01,1.87885000e-06
4.09014320e-01,1.87895000e-06
4.08927743e-01,1.87905000e-06
4.08838166e-01,1.87915000e-06
4.08752045e-01,1.87925000e-06
4.08662924e-01,1.87935000e-06
4.08577255e-01,1.87945000e-06
4.08488586e-01,1.87955000e-06
4.08403364e-01,1.87965000e-06
4.08315143e-01,1.87975000e-06
4.08230365e-01,1.87985000e-06
4.08142586e-01,1.87995000e-06
4.08058247e-01,1.88005000e-06
4.07970908e-01,1.88015000e-06
4.07887004e-01,1.88025000e-06
4.07800099e-01,1.88035000e-06
4.07716626e-01,1.88045000e-06
4.07630153e-01,1.88055000e-06
4.07547106e-01,1.88065000e-06
4.07461060e-01,1.88075000e-06
4.07378436e-01,1.88085000e-06
4.07292812e-01,1.88095000e-06
4.07210608e-01,1.88105000e-06
4.07125403e-01,1.88115000e-06
4.07043614e-01,1.88125000e-06
4.06958824e-01,1.88135000e-06
4.06877446e-01,1.88145000e-06
4.06793068e-01,1.88155000e-06
4.06712097e-01,1.88165000e-06
4.06628127e-01,1.88175000e-06
4.06547560e-01,1.88185000e-06
4.06463993e-01,1.88195000e-06
4.06383827e-01,1.88205000e-06
4.06300661e-01,1.88215000e-06
4.06220891e-01,1.88225000e-06
4.06138121e-01,1.88235000e-06
4.06058744e-01,1.88245000e-06
4.05976368e-01,1.88255000e-06
4.05897380e-01,1.88265000e-06
4.05815394e-01,1.88275000e-06
4.05736792e-01,1.88285000e-06
4.05655192e-01,1.88295000e-06
4.05576973e-01,1.88305000e-06
4.05495756e-01,1.88315000e-06
4.05417916e-01,1.88325000e-06
4.05337079e-01,1.88335000e-06
4.05259615e-01,1.88345000e-06
4.05179154e-01,1.88355000e-06
4.05102063e-01,1.88365000e-06
4.05021974e-01,1.88375000e-06
4.04945253e-01,1.88385000e-06
4.04865534e-01,1.88395000e-06
4.04789179e-01,1.88405000e-06
4.04709827e-01,1.88415000e-06
4.04633834e-01,1.88425000e-06
4.04554846e-01,1.88435000e-06
4.04479214e-01,1.88445000e-06
4.04400585e-01,1.88455000e-06
4.04325310e-01,1.88465000e-06
4.04247039e-01,1.88475000e-06
4.04172118e-01,1.88485000e-06
4.04094201e-01,1.88495000e-06
4.04019631e-01,1.88505000e-06
4.03942066e-01,1.88515000e-06
4.03867843e-01,1.88525000e-06
4.03790627e-01,1.88535000e-06
4.03716749e-01,1.88545000e-06
4.03639878e-01,1.88555000e-06
4.03566342e-01,1.88565000e-06
4.03489814e-01,1.88575000e-06
4.03416618e-01,1.88585000e-06
4.03340429e-01,1.88595000e-06
4.03267570e-01,1.88605000e-06
4.03191718e-01,1.88615000e-06
4.03119192e-01,1.88625000e-06
4.03043675e-01,1.88635000e-06
4.02971480e-01,1.88645000e-06
4.02896295e-01,1.88655000e-06
4.02824428e-01,1.88665000e-06
4.02749572e-01,1.88675000e-06
4.02678031e-01,1.88685000e-06
4.02603501e-01,1.88695000e-06
4.02532282e-01,1.88705000e-06
4.02458076e-01,1.88715000e-06
4.02387178e-01,1.88725000e-06
4.02313293e-01,1.88735000e-06
4.02242713e-01,1.88745000e-06
4.02169146e-01,1.88755000e-06
4.02098881e-01,1.88765000e-06
4.02025631e-01,1.88775000e-06
4.01955679e-01,1.88785000e-06
4.01882741e-01,1.88795000e-06
4.01813100e-01,1.88805000e-06
4.01740474e-01,1.88815000e-06
4.01671140e-01,1.88825000e-06
4.01598822e-01,1.88835000e-06
4.01529794e-01,1.88845000e-06
4.01457783e-01,1.88855000e-06
4.01389057e-01,1.88865000e-06
4.01317350e-01,1.88875000e-06
4.01248925e-01,1.88885000e-06
4.01177519e-01,1.88895000e-06
4.01109393e-01,1.88905000e-06
4.01038286e-01,1.88915000e-06
4.00970456e-01,1.88925000e-06
4.00899646e-01,1.88935000e-06
4.00832110e-01,1.88945000e-06
4.00761595e-01,1.88955000e-06
4.00694350e-01,1.88965000e-06
4.00624127e-01,1.88975000e-06
4.00557171e-01,1.88985000e-06
4.00487239e-01,1.88995000e-06
4.00420570e-01,1.89005000e-06
4.00350926e-01,1.89015000e-06
4.00284542e-01,1.89025000e-06
4.00215183e-01,1.89035000e-06
4.00149083e-01,1.89045000e-06
4.00080007e-01,1.89055000e-06
4.00014187e-01,1.89065000e-06
3.99945394e-01,1.89075000e-06
3.99879852e-01,1.89085000e-06
3.99811338e-01,1.89095000e-06
3.99746073e-01,1.89105000e-06
3.99677837e-01,1.89115000e-06
3.99612846e-01,1.89125000e-06
3.99544885e-01,1.89135000e-06
3.99480167e-01,1.89145000e-06
3.99412479e-01,1.89155000e-06
3.99348032e-01,1.89165000e-06
3.99280615e-01,1.89175000e-06
3.99216436e-01,1.89185000e-06
3.99149289e-01,1.89195000e-06
3.99085376e-01,1.89205000e-06
3.99018497e-01,1.89215000e-06
3.98954848e-01,1.89225000e-06
3.98888235e-01,1.89235000e-06
3.98824849e-01,1.89245000e-06
3.98758499e-01,1.89255000e-06
3.98695374e-01,1.89265000e-06
3.98629285e-01,1.89275000e-06
3.98566419e-01,1.89285000e-06
3.98500591e-01,1.89295000e-06
3.98437982e-01,1.89305000e-06
3.98372411e-01,1.89315000e-06
3.98310057e-01,1.89325000e-06
3.98244743e-01,1.89335000e-06
3.98182643e-01,1.89345000e-06
3.98117583e-01,1.89355000e-06
3.98055734e-01,1.89365000e-06
3.97990927e-01,1.89375000e-06
3.97929328e-01,1.89385000e-06
3.97864771e-01,1.89395000e-06
3.97803420e-01,1.89405000e-06
3.97739113e-01,1.89415000e-06
3.97678008e-01,1.89425000e-06
3.97613948e-01,1.89435000e-06
3.97553088e-01,1.89445000e-06
3.97489274e-01,1.89455000e-06
3.97428657e-01,1.89465000e-06
3.97365087e-01,1.89475000e-06
3.97304711e-01,1.89485000e-06
3.97241383e-01,1.89495000e-06
3.97181247e-01,1.89505000e-06
3.97118160e-01,1.89515000e-06
3.97058261e-01,1.89525000e-06
3.96995413e-01,1.89535000e-06
3.96935751e-01,1.89545000e-06
3.96873141e-01,1.89555000e-06
3.96813713e-01,1.89565000e-06
3.96751339e-01,1.89575000e-06
3.96692144e-01,1.89585000e-06
3.96630004e-01,1.89595000e-06
3.96571041e-01,1.89605000e-06
3.96509133e-01,1.89615000e-06
3.96450400e-01,1.89625000e-06
3.96388724e-01,1.89635000e-06
3.96330219e-01,1.89645000e-06
3.96268772e-01,1.89655000e-06
3.96210494e-01,1.89665000e-06
3.96149276e-01,1.89675000e-06
3.96091223e-01,1.89685000e-06
3.96030231e-01,1.89695000e-06
3.95972402e-01,1.89705000e-06
3.95911635e-01,1.89715000e-06
3.95854029e-01,1.89725000e-06
3.95793486e-01,1.89735000e-06
3.95736101e-01,1.89745000e-06
3.95675779e-01,1.89755000e-06
3.95618614e-01,1.89765000e-06
3.95558513e-01,1.89775000e-06
3.95501565e-01,1.89785000e-06
3.95441684e-01,1.89795000e-06
3.95384953e-01,1.89805000e-06
3.95325290e-01,1.89815000e-06
3.95268774e-01,1.89825000e-06
3.95209327e-01,1.89835000e-06
3.95153025e-01,1.89845000e-06
3.95093793e-01,1.89855000e-06
3.95037703e-01,1.89865000e-06
3.94978685e-01,1.89875000e-06
3.94922807e-01,1.89885000e-06
3.94864001e-01,1.89895000e-06
3.94808332e-01,1.89905000e-06
3.94749738e-01,1.89915000e-06
3.94694277e-01,1.89925000e-06
3.94635892e-01,1.89935000e-06
3.94580639e-01,1.89945000e-06
3.94522462e-01,1.89955000e-06
3.94467415e-01,1.89965000e-06
3.94409445e-01,1.89975000e-06
3.94354602e-01,1.89985000e-06
3.94296838e-01,1.89995000e-06
3.94242199e-01,1.90005000e-06
3.94184639e-01,1.90015000e-06
3.94130201e-01,1.90025000e-06
3.94072845e-01,1.90035000e-06
3.94018608e-01,1.90045000e-06
3.93961453e-01,1.90055000e-06
3.93907416e-01,1.90065000e-06
3.93850462e-01,1.90075000e-06
3.93796622e-01,1.90085000e-06
3.93739868e-01,1.90095000e-06
3.93686226e-01,1.90105000e-06
3.93629670e-01,1.90115000e-06
3.93576223e-01,1.90125000e-06
3.93519864e-01,1.90135000e-06
3.93466612e-01,1.90145000e-06
3.93410449e-01,1.90155000e-06
3.93357390e-01,1.90165000e-06
3.93301422e-01,1.90175000e-06
3.93248554e-01,1.90185000e-06
3.93192780e-01,1.90195000e-06
3.93140104e-01,1.90205000e-06
3.93084522e-01,1.90215000e-06
3.93032035e-01,1.90225000e-06
3.92976644e-01,1.90235000e-06
3.92924347e-01,1.90245000e-06
3.92869146e-01,1.90255000e-06
3.92817036e-01,1.90265000e-06
3.92762024e-01,1.90275000e-06
3.92710100e-01,1.90285000e-06
3.92655276e-01,1.90295000e-06
3.92603538e-01,1.90305000e-06
3.92548901e-01,1.90315000e-06
3.92497346e-01,1.90325000e-06
3.92442895e-01,1.90335000e-06
3.92391524e-01,1.90345000e-06
3.92337256e-01,1.90355000e-06
3.92286068e-01,1.90365000e-06
3.92231984e-01,1.90375000e-06
3.92180976e-01,1.90385000e-06
3.92127074e-01,1.90395000e-06
3.92076246e-01,1.90405000e-06
3.92022526e-01,1.90415000e-06
3.91971877e-01,1.90425000e-06
3.91918337e-01,1.90435000e-06
3.91867866e-01,1.90445000e-06
3.91814505e-01,1.90455000e-06
3.91764211e-01,1.90465000e-06
3.91711028e-01,1.90475000e-06
3.91660909e-01,1.90485000e-06
3.91607904e-01,1.90495000e-06
3.91557960e-01,1.90505000e-06
3.91505131e-01,1.90515000e-06
3.91455361e-01,1.90525000e-06
3.91402707e-01,1.90535000e-06
3.91353109e-01,1.90545000e-06
3.91300630e-01,1.90555000e-06
3.91251204e-01,1.90565000e-06
3.91198897e-01,1.90575000e-06
3.91149642e-01,1.90585000e-06
3.91097508e-01,1.90595000e-06
3.91048423e-01,1.90605000e-06
3.90996460e-01,1.90615000e-06
3.90947544e-01,1.90625000e-06
3.90895751e-01,1.90635000e-06
3.90847003e-01,1.90645000e-06
3.90795379e-01,1.90655000e-06
3.90746798e-01,1.90665000e-06
3.90695343e-01,1.90675000e-06
3.90646927e-01,1.90685000e-06
3.90595640e-01,1.90695000e-06
3.90547390e-01,1.90705000e-06
3.90496269e-01,1.90715000e-06
3.90448183e-01,1.90725000e-06
3.90397228e-01,1.90735000e-06
3.90349305e-01,1.90745000e-06
3.90298514e-01,1.90755000e-06
3.90250754e-01,1.90765000e-06
3.90200127e-01,1.90775000e-06
3.90152528e-01,1.90785000e-06
3.90102064e-01,1.90795000e-06
3.90054626e-01,1.90805000e-06
3.90004324e-01,1.90815000e-06
3.89957046e-01,1.90825000e-06
3.89906905e-01,1.90835000e-06
3.89859785e-01,1.90845000e-06
3.89809805e-01,1.90855000e-06
3.89762843e-01,1.90865000e-06
3.89713023e-01,1.90875000e-06
3.89666218e-01,1.90885000e-06
3.89616556e-01,1.90895000e-06
3.89569908e-01,1.90905000e-06
3.89520403e-01,1.90915000e-06
3.89473910e-01,1.90925000e-06
3.89424563e-01,1.90935000e-06
3.89378225e-01,1.90945000e-06
3.89329033e-01,1.90955000e-06
3.89282849e-01,1.90965000e-06
3.89233813e-01,1.90975000e-06
3.89187781e-01,1.90985000e-06
3.89138900e-01,1.90995000e-06
3.89093020e-01,1.91005000e-06
3.89044292e-01,1.91015000e-06
3.88998564e-01,1.91025000e-06
3.88949989e-01,1.91035000e-06
3.88904411e-01,1.91045000e-06
3.88855989e-01,1.91055000e-06
3.88810561e-01,1.91065000e-06
3.88762289e-01,1.91075000e-06
3.88717010e-01,1.91085000e-06
3.88668889e-01,1.91095000e-06
3.88623758e-01,1.91105000e-06
3.88575787e-01,1.91115000e-06
3.88530803e-01,1.91125000e-06
3.88482981e-01,1.91135000e-06
3.88438144e-01,1.91145000e-06
3.88390470e-01,1.91155000e-06
3.88345779e-01,1.91165000e-06
3.88298252e-01,1.91175000e-06
3.88253706e-01,1.91185000e-06
3.88206326e-01,1.91195000e-06
3.88161925e-01,1.91205000e-06
3.88114691e-01,1.91215000e-06
3.88070433e-01,1.91225000e-06
3.88023344e-01,1.91235000e-06
3.87979229e-01,1.91245000e-06
3.87932284e-01,1.91255000e-06
3.87888312e-01,1.91265000e-06
3.87841511e-01,1.91275000e-06
3.87797680e-01,1.91285000e-06
3.87751022e-01,1.91295000e-06
3.87707331e-01,1.91305000e-06
3.87660816e-01,1.91315000e-06
3.87617265e-01,1.91325000e-06
3.87570891e-01,1.91335000e-06
3.87527480e-01,1.91345000e-06
3.87481247e-01,1.91355000e-06
3.87437975e-01,1.91365000e-06
3.87391882e-01,1.91375000e-06
3.87348747e-01,1.91385000e-06
3.87302794e-01,1.91395000e-06
3.87259797e-01,1.91405000e-06
3.87213982e-01,1.91415000e-06
3.87171122e-01,1.91425000e-06
3.87125445e-01,1.91435000e-06
3.87082720e-01,1.91445000e-06
3.87037182e-01,1.91455000e-06
3.86994592e-01,1.91465000e-06
3.86949190e-01,1.91475000e-06
3.86906735e-01,1.91485000e-06
3.86861469e-01,1.91495000e-06
3.86819148e-01,1.91505000e-06
3.86774017e-01,1.91515000e-06
3.86731829e-01,1.91525000e-06
3.86686834e-01,1.91535000e-06
3.86644778e-01,1.91545000e-06
3.86599917e-01,1.91555000e-06
3.86557993e-01,1.91565000e-06
3.86513266e-01,1.91575000e-06
3.86471474e-01,1.91585000e-06
3.86426879e-01,1.91595000e-06
3.86385217e-01,1.91605000e-06
3.86340755e-01,1.91615000e-06
3.86299223e-01,1.91625000e-06
3.86254892e-01,1.91635000e-06
3.86213490e-01,1.91645000e-06
3.86169290e-01,1.91655000e-06
3.86128017e-01,1.91665000e-06
3.86083947e-01,1.91675000e-06
3.86042803e-01,1.91685000e-06
3.85998863e-01,1.91695000e-06
3.85957845e-01,1.91705000e-06
3.85914035e-01,1.91715000e-06
3.85873144e-01,1.91725000e-06
3.85829462e-01,1.91735000e-06
3.85788698e-01,1.91745000e-06
3.85745144e-01,1.91755000e-06
3.85704506e-01,1.91765000e-06
3.85661080e-01,1.91775000e-06
3.85620567e-01,1.91785000e-06
3.85577267e-01,1.91795000e-06
3.85536879e-01,1.91805000e-06
3.85493705e-01,1.91815000e-06
3.85453441e-01,1.91825000e-06
3.85410393e-01,1.91835000e-06
3.85370252e-01,1.91845000e-06
3.85327329e-01,1.91855000e-06
3.85287311e-01,1.91865000e-06
3.85244513e-01,1.91875000e-06
3.85204617e-01,1.91885000e-06
3.85161943e-01,1.91895000e-06
3.85122169e-01,1.91905000e-06
3.85079618e-01,1.91915000e-06
3.85039965e-01,1.91925000e-06
3.84997537e-01,1.91935000e-06
3.84958005e-01,1.91945000e-06
3.84915699e-01,1.91955000e-06
3.84876287e-01,1.91965000e-06
3.84834103e-01,1.91975000e-06
3.84794811e-01,1.91985000e-06
3.84752748e-01,1.91995000e-06
3.84713574e-01,1.92005000e-06
3.84671632e-01,1.92015000e-06
3.84632577e-01,1.92025000e-06
3.84590755e-01,1.92035000e-06
3.84551818e-01,1.92045000e-06
3.84510115e-01,1.92055000e-06
3.84471296e-01,1.92065000e-06
3.84429712e-01,1.92075000e-06
3.84391009e-01,1.92085000e-06
3.84349544e-01,1.92095000e-06
3.84310958e-01,1.92105000e-06
3.84269611e-01,1.92115000e-06
3.84231141e-01,1.92125000e-06
3.84189911e-01,1.92135000e-06
3.84151556e-01,1.92145000e-06
3.84110443e-01,1.92155000e-06
3.84072203e-01,1.92165000e-06
3.84031207e-01,1.92175000e-06
3.83993081e-01,1.92185000e-06
3.83952201e-01,1.92195000e-06
3.83914189e-01,1.92205000e-06
3.83873424e-01,1.92215000e-06
3.83835526e-01,1.92225000e-06
3.83794876e-01,1.92235000e-06
3.83757090e-01,1.92245000e-06
3.83716555e-01,1.92255000e-06
3.83678882e-01,1.92265000e-06
3.83638460e-01,1.92275000e-06
3.83600899e-01,1.92285000e-06
3.83560591e-01,1.92295000e-06
3.83523141e-01,1.92305000e-06
3.83482946e-01,1.92315000e-06
3.83445607e-01,1.92325000e-06
3.83405525e-01,1.92335000e-06
3.83368296e-01,1.92345000e-06
3.83328326e-01,1.92355000e-06
3.83291207e-01,1.92365000e-06
3.83251348e-01,1.92375000e-06
3.83214339e-01,1.92385000e-06
3.83174592e-01,1.92395000e-06
3.83137691e-01,1.92405000e-06
3.83098055e-01,1.92415000e-06
3.83061263e-01,1.92425000e-06
3.83021737e-01,1.92435000e-06
3.82985053e-01,1.92445000e-06
3.82945636e-01,1.92455000e-06
3.82909060e-01,1.92465000e-06
3.82869753e-01,1.92475000e-06
3.82833284e-01,1.92485000e-06
3.82794086e-01,1.92495000e-06
3.82757724e-01,1.92505000e-06
3.82718634e-01,1.92515000e-06
3.82682378e-01,1.92525000e-06
3.82643396e-01,1.92535000e-06
3.82607247e-01,1.92545000e-06
3.82568372e-01,1.92555000e-06
3.82532328e-01,1.92565000e-06
3.82493560e-01,1.92575000e-06
3.82457621e-01,1.92585000e-06
3.82418960e-01,1.92595000e-06
3.82383126e-01,1.92605000e-06
3.82344571e-01,1.92615000e-06
3.82308841e-01,1.92625000e-06
3.82270392e-01,1.92635000e-06
3.82234765e-01,1.92645000e-06
3.82196422e-01,1.92655000e-06
3.82160899e-01,1.92665000e-06
3.82122660e-01,1.92675000e-06
3.82087240e-01,1.92685000e-06
3.82049106e-01,1.92695000e-06
3.82013788e-01,1.92705000e-06
3.81975758e-01,1.92715000e-06
3.81940543e-01,1.92725000e-06
3.81902617e-01,1.92735000e-06
3.81867502e-01,1.92745000e-06
3.81829680e-01,1.92755000e-06
3.81794667e-01,1.92765000e-06
3.81756947e-01,1.92775000e-06
3.81722035e-01,1.92785000e-06
3.81684418e-01,1.92795000e-06
3.81649607e-01,1.92805000e-06
3.81612092e-01,1.92815000e-06
3.81577380e-01,1.92825000e-06
3.81539967e-01,1.92835000e-06
3.81505355e-01,1.92845000e-06
3.81468043e-01,1.92855000e-06
3.81433531e-01,1.92865000e-06
3.81396320e-01,1.92875000e-06
3.81361906e-01,1.92885000e-06
3.81324796e-01,1.92895000e-06
3.81290481e-01,1.92905000e-06
3.81253471e-01,1.92915000e-06
3.81219254e-01,1.92925000e-06
3.81182344e-01,1.92935000e-06
3.81148225e-01,1.92945000e-06
3.81111414e-01,1.92955000e-06
3.81077392e-01,1.92965000e-06
3.81040680e-01,1.92975000e-06
3.81006756e-01,1.92985000e-06
3.80970142e-01,1.92995000e-06
3.80936315e-01,1.93005000e-06
3.80899800e-01,1.93015000e-06
3.80866068e-01,1.93025000e-06
3.80829651e-01,1.93035000e-06
3.80796016e-01,1.93045000e-06
3.80759696e-01,1.93055000e-06
3.80726156e-01,1.93065000e-06
3.80689934e-01,1.93075000e-06
3.80656489e-01,1.93085000e-06
3.80620364e-01,1.93095000e-06
3.80587014e-01,1.93105000e-06
3.80550986e-01,1.93115000e-06
3.80517730e-01,1.93125000e-06
3.80481798e-01,1.93135000e-06
3.80448637e-01,1.93145000e-06
3.80412800e-01,1.93155000e-06
3.80379733e-01,1.93165000e-06
3.80343991e-01,1.93175000e-06
3.80311018e-01,1.93185000e-06
3.80275372e-01,1.93195000e-06
3.80242491e-01,1.93205000e-06
3.80206940e-01,1.93215000e-06
3.80174152e-01,1.93225000e-06
3.80138695e-01,1.93235000e-06
3.80106000e-01,1.93245000e-06
3.80070637e-01,1.93255000e-06
3.80038034e-01,1.93265000e-06
3.80002765e-01,1.93275000e-06
3.79970254e-01,1.93285000e-06
3.79935079e-01,1.93295000e-06
3.79902659e-01,1.93305000e-06
3.79867577e-01,1.93315000e-06
3.79835248e-01,1.93325000e-06
3.79800259e-01,1.93335000e-06
3.79768022e-01,1.93345000e-06
3.79733125e-01,1.93355000e-06
3.79700978e-01,1.93365000e-06
3.79666173e-01,1.93375000e-06
3.79634117e-01,1.93385000e-06
3.79599404e-01,1.93395000e-06
3.79567437e-01,1.93405000e-06
3.79532816e-01,1.93415000e-06
3.79500939e-01,1.93425000e-06
3.79466409e-01,1.93435000e-06
3.79434622e-01,1.93445000e-06
3.79400183e-01,1.93455000e-06
3.79368484e-01,1.93465000e-06
3.79334136e-01,1.93475000e-06
3.79302526e-01,1.93485000e-06
3.79268269e-01,1.93495000e-06
3.79236747e-01,1.93505000e-06
3.79202580e-01,1.93515000e-06
3.79171147e-01,1.93525000e-06
3.79137069e-01,1.93535000e-06
3.79105724e-01,1.93545000e-06
3.79071736e-01,1.93555000e-06
3.79040478e-01,1.93565000e-06
3.79006580e-01,1.93575000e-06
3.78975409e-01,1.93585000e-06
3.78941600e-01,1.93595000e-06
3.78910516e-01,1.93605000e-06
3.78876796e-01,1.93615000e-06
3.78845799e-01,1.93625000e-06
3.78812087e-01,1.93635000e-06
3.78780866e-01,1.93645000e-06
3.78747096e-01,1.93655000e-06
3.78716084e-01,1.93665000e-06
3.78682497e-01,1.93675000e-06
3.78651644e-01,1.93685000e-06
3.78618200e-01,1.93695000e-06
3.78587477e-01,1.93705000e-06
3.78554154e-01,1.93715000e-06
3.78523542e-01,1.93725000e-06
3.78490325e-01,1.93735000e-06
3.78459813e-01,1.93745000e-06
3.78426694e-01,1.93755000e-06
3.78396275e-01,1.93765000e-06
3.78363248e-01,1.93775000e-06
3.78332918e-01,1.93785000e-06
3.78299981e-01,1.93795000e-06
3.78269737e-01,1.93805000e-06
3.78236887e-01,1.93815000e-06
3.78206728e-01,1.93825000e-06
3.78173964e-01,1.93835000e-06
3.78143889e-01,1.93845000e-06
3.78111210e-01,1.93855000e-06
3.78081218e-01,1.93865000e-06
3.78048623e-01,1.93875000e-06
3.78018714e-01,1.93885000e-06
3.77986203e-01,1.93895000e-06
3.77956375e-01,1.93905000e-06
3.77923948e-01,1.93915000e-06
3.77894202e-01,1.93925000e-06
3.77861859e-01,1.93935000e-06
3.77832194e-01,1.93945000e-06
3.77799933e-01,1.93955000e-06
3.77770350e-01,1.93965000e-06
3.77738172e-01,1.93975000e-06
3.77708669e-01,1.93985000e-06
3.77676574e-01,1.93995000e-06
3.77647152e-01,1.94005000e-06
3.77615138e-01,1.94015000e-06
3.77585797e-01,1.94025000e-06
3.77553866e-01,1.94035000e-06
3.77524604e-01,1.94045000e-06
3.77492754e-01,1.94055000e-06
3.77463573e-01,1.94065000e-06
3.77431805e-01,1.94075000e-06
3.77402703e-01,1.94085000e-06
3.77371016e-01,1.94095000e-06
3.77341994e-01,1.94105000e-06
3.77310388e-01,1.94115000e-06
3.77281445e-01,1.94125000e-06
3.77249919e-01,1.94135000e-06
3.77221055e-01,1.94145000e-06
3.77189610e-01,1.94155000e-06
3.77160825e-01,1.94165000e-06
3.77129461e-01,1.94175000e-06
3.77100754e-01,1.94185000e-06
3.77069469e-01,1.94195000e-06
3.77040841e-01,1.94205000e-06
3.77009636e-01,1.94215000e-06
3.76981086e-01,1.94225000e-06
3.76949961e-01,1.94235000e-06
3.76921488e-01,1.94245000e-06
3.76890443e-01,1.94255000e-06
3.76862048e-01,1.94265000e-06
3.76831081e-01,1.94275000e-06
3.76802763e-01,1.94285000e-06
3.76771876e-01,1.94295000e-06
3.76743635e-01,1.94305000e-06
3.76712827e-01,1.94315000e-06
3.76684663e-01,1.94325000e-06
3.76653933e-01,1.94335000e-06
3.76625846e-01,1.94345000e-06
3.76595194e-01,1.94355000e-06
3.76567183e-01,1.94365000e-06
3.76536610e-01,1.94375000e-06
3.76508675e-01,1.94385000e-06
3.76478179e-01,1.94395000e-06
3.76450321e-01,1.94405000e-06
3.76419903e-01,1.94415000e-06
3.76392120e-01,1.94425000e-06
3.76361779e-01,1.94435000e-06
3.76334072e-01,1.94445000e-06
3.76303809e-01,1.94455000e-06
3.76276177e-01,1.94465000e-06
3.76245990e-01,1.94475000e-06
3.76218434e-01,1.94485000e-06
3.76188324e-01,1.94495000e-06
3.76160842e-01,1.94505000e-06
3.76130809e-01,1.94515000e-06
3.76103402e-01,1.94525000e-06
3.76073445e-01,1.94535000e-06
3.76046113e-01,1.94545000e-06
3.76016232e-01,1.94555000e-06
3.75988974e-01,1.94565000e-06
3.75959169e-01,1.94575000e-06
3.75931985e-01,1.94585000e-06
3.75902256e-01,1.94595000e-06
3.75875146e-01,1.94605000e-06
3.75845493e-01,1.94615000e-06
3.75818456e-01,1.94625000e-06
3.75788878e-01,1.94635000e-06
3.75761915e-01,1.94645000e-06
3.75732412e-01,1.94655000e-06
3.75705523e-01,1.94665000e-06
3.75676094e-01,1.94675000e-06
3.75649278e-01,1.94685000e-06
3.75619925e-01,1.94695000e-06
3.75593181e-01,1.94705000e-06
3.75563902e-01,1.94715000e-06
3.75537231e-01,1.94725000e-06
3.75508027e-01,1.94735000e-06
3.75481429e-01,1.94745000e-06
3.75452298e-01,1.94755000e-06
3.75425772e-01,1.94765000e-06
3.75396715e-01,1.94775000e-06
3.75370262e-01,1.94785000e-06
3.75341279e-01,1.94795000e-06
3.75314897e-01,1.94805000e-06
3.75285987e-01,1.94815000e-06
3.75259678e-01,1.94825000e-06
3.75230841e-01,1.94835000e-06
3.75204603e-01,1.94845000e-06
3.75175840e-01,1.94855000e-06
3.75149673e-01,1.94865000e-06
3.75120983e-01,1.94875000e-06
3.75094887e-01,1.94885000e-06
3.75066270e-01,1.94895000e-06
3.75040245e-01,1.94905000e-06
3.75011701e-01,1.94915000e-06
3.74985747e-01,1.94925000e-06
3.74957275e-01,1.94935000e-06
3.74931391e-01,1.94945000e-06
3.74902991e-01,1.94955000e-06
3.74877178e-01,1.94965000e-06
3.74848850e-01,1.94975000e-06
3.74823108e-01,1.94985000e-06
3.74794852e-01,1.94995000e-06
3.74769179e-01,1.95005000e-06
3.74740995e-01,1.95015000e-06
3.74715392e-01,1.95025000e-06
3.74687280e-01,1.95035000e-06
3.74661747e-01,1.95045000e-06
3.74633706e-01,1.95055000e-06
3.74608242e-01,1.95065000e-06
3.74580272e-01,1.95075000e-06
3.74554878e-01,1.95085000e-06
3.74526979e-01,1.95095000e-06
3.74501654e-01,1.95105000e-06
3.74473826e-01,1.95115000e-06
3.74448570e-01,1.95125000e-06
3.74420813e-01,1.95135000e-06
3.74395626e-01,1.95145000e-06
3.74367939e-01,1.95155000e-06
3.74342821e-01,1.95165000e-06
3.74315204e-01,1.95175000e-06
3.74290154e-01,1.95185000e-06
3.74262608e-01,1.95195000e-06
3.74237627e-01,1.95205000e-06
3.74210150e-01,1.95215000e-06
3.74185237e-01,1.95225000e-06
3.74157830e-01,1.95235000e-06
3.74132986e-01,1.95245000e-06
3.74105649e-01,1.95255000e-06
3.74080871e-01,1.95265000e-06
3.74053604e-01,1.95275000e-06
3.74028895e-01,1.95285000e-06
3.74001697e-01,1.95295000e-06
3.73977055e-01,1.95305000e-06
3.73949926e-01,1.95315000e-06
3.73925352e-01,1.95325000e-06
3.73898292e-01,1.95335000e-06
3.73873785e-01,1.95345000e-06
3.73846794e-01,1.95355000e-06
3.73822354e-01,1.95365000e-06
3.73795431e-01,1.95375000e-06
3.73771058e-01,1.95385000e-06
3.73744205e-01,1.95395000e-06
3.73719899e-01,1.95405000e-06
3.73693113e-01,1.95415000e-06
3.73668874e-01,1.95425000e-06
3.73642157e-01,1.95435000e-06
3.73617984e-01,1.95445000e-06
3.73591335e-01,1.95455000e-06
3.73567228e-01,1.95465000e-06
3.73540647e-01,1.95475000e-06
3.73516607e-01,1.95485000e-06
3.73490094e-01,1.95495000e-06
3.73466119e-01,1.95505000e-06
3.73439674e-01,1.95515000e-06
3.73415765e-01,1.95525000e-06
3.73389387e-01,1.95535000e-06
3.73365545e-01,1.95545000e-06
3.73339234e-01,1.95555000e-06
3.73315457e-01,1.95565000e-06
3.73289214e-01,1.95575000e-06
3.73265502e-01,1.95585000e-06
3.73239326e-01,1.95595000e-06
3.73215680e-01,1.95605000e-06
3.73189571e-01,1.95615000e-06
3.73165989e-01,1.95625000e-06
3.73139947e-01,1.95635000e-06
3.73116431e-01,1.95645000e-06
3.73090455e-01,1.95655000e-06
3.73067004e-01,1.95665000e-06
3.73041095e-01,1.95675000e-06
3.73017709e-01,1.95685000e-06
3.72991866e-01,1.95695000e-06
3.72968544e-01,1.95705000e-06
3.72942768e-01,1.95715000e-06
3.72919511e-01,1.95725000e-06
3.72893801e-01,1.95735000e-06
3.72870608e-01,1.95745000e-06
3.72844964e-01,1.95755000e-06
3.72821835e-01,1.95765000e-06
3.72796257e-01,1.95775000e-06
3.72773192e-01,1.95785000e-06
3.72747680e-01,1.95795000e-06
3.72724679e-01,1.95805000e-06
3.72699232e-01,1.95815000e-06
3.72676296e-01,1.95825000e-06
3.72650914e-01,1.95835000e-06
3.72628041e-01,1.95845000e-06
3.72602725e-01,1.95855000e-06
3.72579916e-01,1.95865000e-06
3.72554665e-01,1.95875000e-06
3.72531919e-01,1.95885000e-06
3.72506734e-01,1.95895000e-06
3.72484051e-01,1.95905000e-06
3.72458931e-01,1.95915000e-06
3.72436311e-01,1.95925000e-06
3.72411256e-01,1.95935000e-06
3.72388699e-01,1.95945000e-06
3.72363708e-01,1.95955000e-06
3.72341215e-01,1.95965000e-06
3.72316289e-01,1.95975000e-06
3.72293859e-01,1.95985000e-06
3.72268997e-01,1.95995000e-06
3.72246629e-01,1.96005000e-06
3.72221832e-01,1.96015000e-06
3.72199527e-01,1.96025000e-06
3.72174794e-01,1.96035000e-06
3.72152551e-01,1.96045000e-06
3.72127882e-01,1.96055000e-06
3.72105702e-01,1.96065000e-06
3.72081097e-01,1.96075000e-06
3.72058980e-01,1.96085000e-06
3.72034439e-01,1.96095000e-06
3.72012383e-01,1.96105000e-06
3.71987906e-01,1.96115000e-06
3.71965913e-01,1.96125000e-06
3.71941499e-01,1.96135000e-06
3.71919568e-01,1.96145000e-06
3.71895218e-01,1.96155000e-06
3.71873348e-01,1.96165000e-06
3.71849062e-01,1.96175000e-06
3.71827254e-01,1.96185000e-06
3.71803031e-01,1.96195000e-06
3.71781285e-01,1.96205000e-06
3.71757125e-01,1.96215000e-06
3.71735440e-01,1.96225000e-06
3.71711343e-01,1.96235000e-06
3.71689720e-01,1.96245000e-06
3.71665687e-01,1.96255000e-06
3.71644125e-01,1.96265000e-06
3.71620154e-01,1.96275000e-06
3.71598653e-01,1.96285000e-06
3.71574746e-01,1.96295000e-06
3.71553306e-01,1.96305000e-06
3.71529461e-01,1.96315000e-06
3.71508083e-01,1.96325000e-06
3.71484300e-01,1.96335000e-06
3.71462983e-01,1.96345000e-06
3.71439263e-01,1.96355000e-06
3.71418006e-01,1.96365000e-06
3.71394349e-01,1.96375000e-06
3.71373152e-01,1.96385000e-06
3.71349557e-01,1.96395000e-06
3.71328422e-01,1.96405000e-06
3.71304889e-01,1.96415000e-06
3.71283814e-01,1.96425000e-06
3.71260344e-01,1.96435000e-06
3.71239329e-01,1.96445000e-06
3.71215920e-01,1.96455000e-06
3.71194966e-01,1.96465000e-06
3.71171620e-01,1.96475000e-06
3.71150726e-01,1.96485000e-06
3.71127441e-01,1.96495000e-06
3.71106607e-01,1.96505000e-06
3.71083384e-01,1.96515000e-06
3.71062610e-01,1.96525000e-06
3.71039449e-01,1.96535000e-06
3.71018735e-01,1.96545000e-06
3.70995636e-01,1.96555000e-06
3.70974982e-01,1.96565000e-06
3.70951944e-01,1.96575000e-06
3.70931350e-01,1.96585000e-06
3.70908373e-01,1.96595000e-06
3.70887839e-01,1.96605000e-06
3.70864923e-01,1.96615000e-06
3.70844448e-01,1.96625000e-06
3.70821594e-01,1.96635000e-06
3.70801179e-01,1.96645000e-06
3.70778386e-01,1.96655000e-06
3.70758030e-01,1.96665000e-06
3.70735299e-01,1.96675000e-06
3.70715002e-01,1.96685000e-06
3.70692331e-01,1.96695000e-06
3.70672094e-01,1.96705000e-06
3.70649484e-01,1.96715000e-06
3.70629306e-01,1.96725000e-06
3.70606757e-01,1.96735000e-06
3.70586638e-01,1.96745000e-06
3.70564150e-01,1.96755000e-06
3.70544090e-01,1.96765000e-06
3.70521662e-01,1.96775000e-06
3.70501661e-01,1.96785000e-06
3.70479294e-01,1.96795000e-06
3.70459352e-01,1.96805000e-06
3.70437046e-01,1.96815000e-06
3.70417163e-01,1.96825000e-06
3.70394917e-01,1.96835000e-06
3.70375092e-01,1.96845000e-06
3.70352907e-01,1.96855000e-06
3.70333141e-01,1.96865000e-06
3.70311015e-01,1.96875000e-06
3.70291308e-01,1.96885000e-06
3.70269243e-01,1.96895000e-06
3.70249594e-01,1.96905000e-06
3.70227589e-01,1.96915000e-06
3.70207999e-01,1.96925000e-06
3.70186054e-01,1.96935000e-06
3.70166522e-01,1.96945000e-06
3.70144637e-01,1.96955000e-06
3.70125164e-01,1.96965000e-06
3.70103339e-01,1.96975000e-06
3.70083924e-01,1.96985000e-06
3.70062158e-01,1.96995000e-06
3.70042801e-01,1.97005000e-06
3.70021096e-01,1.97015000e-06
3.70001797e-01,1.97025000e-06
3.69980151e-01,1.97035000e-06
3.69960910e-01,1.97045000e-06
3.69939324e-01,1.97055000e-06
3.69920141e-01,1.97065000e-06
3.69898615e-01,1.97075000e-06
3.69879490e-01,1.97085000e-06
3.69858023e-01,1.97095000e-06
3.69838956e-01,1.97105000e-06
3.69817548e-01,1.97115000e-06
3.69798539e-01,1.97125000e-06
3.69777191e-01,1.97135000e-06
3.69758239e-01,1.97145000e-06
3.69736951e-01,1.97155000e-06
3.69718056e-01,1.97165000e-06
3.69696827e-01,1.97175000e-06
3.69677991e-01,1.97185000e-06
3.69656821e-01,1.97195000e-06
3.69638042e-01,1.97205000e-06
3.69616931e-01,1.97215000e-06
3.69598209e-01,1.97225000e-06
3.69577157e-01,1.97235000e-06
3.69558493e-01,1.97245000e-06
3.69537501e-01,1.97255000e-06
3.69518894e-01,1.97265000e-06
3.69497960e-01,1.97275000e-06
3.69479411e-01,1.97285000e-06
3.69458536e-01,1.97295000e-06
3.69440044e-01,1.97305000e-06
3.69419228e-01,1.97315000e-06
3.69400793e-01,1.97325000e-06
3.69380036e-01,1.97335000e-06
3.69361658e-01,1.97345000e-06
3.69340960e-01,1.97355000e-06
3.69322639e-01,1.97365000e-06
3.69302000e-01,1.97375000e-06
3.69283736e-01,1.97385000e-06
3.69263155e-01,1.97395000e-06
3.69244949e-01,1.97405000e-06
3.69224427e-01,1.97415000e-06
3.69206277e-01,1.97425000e-06
3.69185813e-01,1.97435000e-06
3.69167721e-01,1.97445000e-06
3.69147316e-01,1.97455000e-06
3.69129280e-01,1.97465000e-06
3.69108933e-01,1.97475000e-06
3.69090954e-01,1.97485000e-06
3.69070666e-01,1.97495000e-06
3.69052744e-01,1.97505000e-06
3.69032514e-01,1.97515000e-06
3.69014649e-01,1.97525000e-06
3.68994477e-01,1.97535000e-06
3.68976668e-01,1.97545000e-06
3.68956555e-01,1.97555000e-06
3.68938803e-01,1.97565000e-06
3.68918748e-01,1.97575000e-06
3.68901053e-01,1.97585000e-06
3.68881056e-01,1.97595000e-06
3.68863417e-01,1.97605000e-06
3.68843479e-01,1.97615000e-06
3.68825896e-01,1.97625000e-06
3.68806016e-01,1.97635000e-06
3.68788490e-01,1.97645000e-06
3.68768668e-01,1.97655000e-06
3.68751198e-01,1.97665000e-06
3.68731434e-01,1.97675000e-06
3.68714021e-01,1.97685000e-06
3.68694315e-01,1.97695000e-06
3.68676958e-01,1.97705000e-06
3.68657310e-01,1.97715000e-06
3.68640010e-01,1.97725000e-06
3.68620420e-01,1.97735000e-06
3.68603176e-01,1.97745000e-06
3.68583643e-01,1.97755000e-06
3.68566456e-01,1.97765000e-06
3.68546981e-01,1.97775000e-06
3.68529850e-01,1.97785000e-06
3.68510433e-01,1.97795000e-06
3.68493358e-01,1.97805000e-06
3.68473999e-01,1.97815000e-06
3.68456980e-01,1.97825000e-06
3.68437679e-01,1.97835000e-06
3.68420716e-01,1.97845000e-06
3.68401473e-01,1.97855000e-06
3.68384566e-01,1.97865000e-06
3.68365381e-01,1.97875000e-06
3.68348530e-01,1.97885000e-06
3.68329403e-01,1.97895000e-06
3.68312608e-01,1.97905000e-06
3.68293538e-01,1.97915000e-06
3.68276799e-01,1.97925000e-06
3.68257787e-01,1.97935000e-06
3.68241105e-01,1.97945000e-06
3.68222150e-01,1.97955000e-06
3.68205523e-01,1.97965000e-06
3.68186626e-01,1.97975000e-06
3.68170056e-01,1.97985000e-06
3.68151216e-01,1.97995000e-06
3.68134701e-01,1.98005000e-06
3.68115919e-01,1.98015000e-06
3.68099461e-01,1.98025000e-06
3.68080736e-01,1.98035000e-06
3.68064333e-01,1.98045000e-06
3.68045667e-01,1.98055000e-06
3.68029320e-01,1.98065000e-06
3.68010710e-01,1.98075000e-06
3.67994419e-01,1.98085000e-06
3.67975867e-01,1.98095000e-06
3.67959632e-01,1.98105000e-06
3.67941137e-01,1.98115000e-06
3.67924958e-01,1.98125000e-06
3.67906521e-01,1.98135000e-06
3.67890397e-01,1.98145000e-06
3.67872018e-01,1.98155000e-06
3.67855950e-01,1.98165000e-06
3.67837628e-01,1.98175000e-06
3.67821616e-01,1.98185000e-06
3.67803351e-01,1.98195000e-06
3.67787394e-01,1.98205000e-06
3.67769187e-01,1.98215000e-06
3.67753286e-01,1.98225000e-06
3.67735136e-01,1.98235000e-06
3.67719292e-01,1.98245000e-06
3.67701199e-01,1.98255000e-06
3.67685410e-01,1.98265000e-06
3.67667374e-01,1.98275000e-06
3.67651641e-01,1.98285000e-06
3.67633663e-01,1.98295000e-06
3.67617985e-01,1.98305000e-06
3.67600065e-01,1.98315000e-06
3.67584443e-01,1.98325000e-06
3.67566579e-01,1.98335000e-06
3.67551013e-01,1.98345000e-06
3.67533207e-01,1.98355000e-06
3.67517696e-01,1.98365000e-06
3.67499948e-01,1.98375000e-06
3.67484493e-01,1.98385000e-06
3.67466801e-01,1.98395000e-06
3.67451402e-01,1.98405000e-06
3.67433768e-01,1.98415000e-06
3.67418424e-01,1.98425000e-06
3.67400847e-01,1.98435000e-06
3.67385559e-01,1.98445000e-06
3.67368040e-01,1.98455000e-06
3.67352807e-01,1.98465000e-06
3.67335345e-01,1.98475000e-06
3.67320168e-01,1.98485000e-06
3.67302763e-01,1.98495000e-06
3.67287642e-01,1.98505000e-06
3.67270294e-01,1.98515000e-06
3.67255229e-01,1.98525000e-06
3.67237939e-01,1.98535000e-06
3.67222929e-01,1.98545000e-06
3.67205696e-01,1.98555000e-06
3.67190742e-01,1.98565000e-06
3.67173566e-01,1.98575000e-06
3.67158667e-01,1.98585000e-06
3.67141548e-01,1.98595000e-06
3.67126706e-01,1.98605000e-06
3.67109644e-01,1.98615000e-06
3.67094857e-01,1.98625000e-06
3.67077853e-01,1.98635000e-06
3.67063122e-01,1.98645000e-06
3.67046175e-01,1.98655000e-06
3.67031499e-01,1.98665000e-06
3.67014609e-01,1.98675000e-06
3.66999990e-01,1.98685000e-06
3.66983157e-01,1.98695000e-06
3.66968593e-01,1.98705000e-06
3.66951818e-01,1.98715000e-06
3.66937309e-01,1.98725000e-06
3.66920592e-01,1.98735000e-06
3.66906139e-01,1.98745000e-06
3.66889478e-01,1.98755000e-06
3.66875081e-01,1.98765000e-06
3.66858478e-01,1.98775000e-06
3.66844137e-01,1.98785000e-06
3.66827591e-01,1.98795000e-06
3.66813305e-01,1.98805000e-06
3.66796817e-01,1.98815000e-06
3.66782587e-01,1.98825000e-06
3.66766156e-01,1.98835000e-06
3.66751982e-01,1.98845000e-06
3.66735608e-01,1.98855000e-06
3.66721490e-01,1.98865000e-06
3.66705173e-01,1.98875000e-06
3.66691111e-01,1.98885000e-06
3.66674852e-01,1.98895000e-06
3.66660845e-01,1.98905000e-06
3.66644644e-01,1.98915000e-06
3.66630693e-01,1.98925000e-06
3.66614549e-01,1.98935000e-06
3.66600654e-01,1.98945000e-06
3.66584567e-01,1.98955000e-06
3.66570728e-01,1.98965000e-06
3.66554699e-01,1.98975000e-06
3.66540916e-01,1.98985000e-06
3.66524944e-01,1.98995000e-06
3.66511217e-01,1.99005000e-06
3.66495303e-01,1.99015000e-06
3.66481631e-01,1.99025000e-06
3.66465775e-01,1.99035000e-06
3.66452159e-01,1.99045000e-06
3.66436360e-01,1.99055000e-06
3.66422801e-01,1.99065000e-06
3.66407059e-01,1.99075000e-06
3.66393556e-01,1.99085000e-06
3.66377872e-01,1.99095000e-06
3.66364424e-01,1.99105000e-06
3.66348798e-01,1.99115000e-06
3.66335506e-01,1.99125000e-06
3.66320036e-01,1.99135000e-06
3.66306799e-01,1.99145000e-06
3.66291386e-01,1.99155000e-06
3.66278205e-01,1.99165000e-06
3.66262849e-01,1.99175000e-06
3.66249723e-01,1.99185000e-06
3.66234425e-01,1.99195000e-06
3.66221355e-01,1.99205000e-06
3.66206114e-01,1.99215000e-06
3.66193100e-01,1.99225000e-06
3.66177916e-01,1.99235000e-06
3.66164957e-01,1.99245000e-06
3.66149831e-01,1.99255000e-06
3.66136928e-01,1.99265000e-06
3.66121859e-01,1.99275000e-06
3.66109012e-01,1.99285000e-06
3.66094000e-01,1.99295000e-06
3.66081209e-01,1.99305000e-06
3.66066255e-01,1.99315000e-06
3.66053519e-01,1.99325000e-06
3.66038623e-01,1.99335000e-06
3.66025943e-01,1.99345000e-06
3.66011104e-01,1.99355000e-06
3.65998481e-01,1.99365000e-06
3.65983699e-01,1.99375000e-06
3.65971132e-01,1.99385000e-06
3.65956408e-01,1.99395000e-06
3.65943896e-01,1.99405000e-06
3.65929230e-01,1.99415000e-06
3.65916775e-01,1.99425000e-06
3.65902166e-01,1.99435000e-06
3.65889767e-01,1.99445000e-06
3.65875215e-01,1.99455000e-06
3.65862873e-01,1.99465000e-06
3.65848379e-01,1.99475000e-06
3.65836092e-01,1.99485000e-06
3.65821657e-01,1.99495000e-06
3.65809426e-01,1.99505000e-06
3.65795049e-01,1.99515000e-06
3.65782874e-01,1.99525000e-06
3.65768554e-01,1.99535000e-06
3.65756437e-01,1.99545000e-06
3.65742175e-01,1.99555000e-06
3.65730113e-01,1.99565000e-06
3.65715909e-01,1.99575000e-06
3.65703904e-01,1.99585000e-06
3.65689758e-01,1.99595000e-06
3.65677809e-01,1.99605000e-06
3.65663721e-01,1.99615000e-06
3.65651829e-01,1.99625000e-06
3.65637799e-01,1.99635000e-06
3.65625964e-01,1.99645000e-06
3.65611992e-01,1.99655000e-06
3.65600213e-01,1.99665000e-06
3.65586300e-01,1.99675000e-06
3.65574578e-01,1.99685000e-06
3.65560722e-01,1.99695000e-06
3.65549057e-01,1.99705000e-06
3.65535260e-01,1.99715000e-06
3.65523651e-01,1.99725000e-06
3.65509912e-01,1.99735000e-06
3.65498360e-01,1.99745000e-06
3.65484680e-01,1.99755000e-06
3.65473185e-01,1.99765000e-06
3.65459564e-01,1.99775000e-06
3.65448125e-01,1.99785000e-06
3.65434562e-01,1.99795000e-06
3.65423181e-01,1.99805000e-06
3.65409676e-01,1.99815000e-06
3.65398352e-01,1.99825000e-06
3.65384906e-01,1.99835000e-06
3.65373639e-01,1.99845000e-06
3.65360252e-01,1.99855000e-06
3.65349042e-01,1.99865000e-06
3.65335713e-01,1.99875000e-06
3.65324561e-01,1.99885000e-06
3.65311291e-01,1.99895000e-06
3.65300196e-01,1.99905000e-06
3.65286985e-01,1.99915000e-06
3.65275947e-01,1.99925000e-06
3.65262795e-01,1.99935000e-06
3.65251814e-01,1.99945000e-06
3.65238721e-01,1.99955000e-06
3.65227798e-01,1.99965000e-06
3.65214764e-01,1.99975000e-06
3.65203898e-01,1.99985000e-06
3.65190924e-01,1.99995000e-06
3.65180116e-01,2.00005000e-06
3.65167200e-01,2.00015000e-06
3.65156449e-01,2.00025000e-06
3.65143593e-01,2.00035000e-06
3.65132900e-01,2.00045000e-06
3.65120103e-01,2.00055000e-06
3.65109468e-01,2.00065000e-06
3.65096731e-01,2.00075000e-06
3.65086154e-01,2.00085000e-06
3.65073475e-01,2.00095000e-06
3.65062956e-01,2.00105000e-06
3.65050338e-01,2.00115000e-06
3.65039877e-01,2.00125000e-06
3.65027317e-01,2.00135000e-06
3.65016914e-01,2.00145000e-06
3.65004415e-01,2.00155000e-06
3.64994070e-01,2.00165000e-06
3.64981630e-01,2.00175000e-06
3.64971344e-01,2.00185000e-06
3.64958964e-01,2.00195000e-06
3.64948735e-01,2.00205000e-06
3.64936415e-01,2.00215000e-06
3.64926245e-01,2.00225000e-06
3.64913985e-01,2.00235000e-06
3.64903873e-01,2.00245000e-06
3.64891673e-01,2.00255000e-06
3.64881620e-01,2.00265000e-06
3.64869480e-01,2.00275000e-06
3.64859486e-01,2.00285000e-06
3.64847406e-01,2.00295000e-06
3.64837470e-01,2.00305000e-06
3.64825450e-01,2.00315000e-06
3.64815573e-01,2.00325000e-06
3.64803614e-01,2.00335000e-06
3.64793796e-01,2.00345000e-06
3.64781897e-01,2.00355000e-06
3.64772138e-01,2.00365000e-06
3.64760299e-01,2.00375000e-06
3.64750599e-01,2.00385000e-06
3.64738821e-01,2.00395000e-06
3.64729180e-01,2.00405000e-06
3.64717463e-01,2.00415000e-06
3.64707881e-01,2.00425000e-06
3.64696224e-01,2.00435000e-06
3.64686701e-01,2.00445000e-06
3.64675106e-01,2.00455000e-06
3.64665642e-01,2.00465000e-06
3.64654108e-01,2.00475000e-06
3.64644704e-01,2.00485000e-06
3.64633230e-01,2.00495000e-06
3.64623885e-01,2.00505000e-06
3.64612473e-01,2.00515000e-06
3.64603188e-01,2.00525000e-06
3.64591836e-01,2.00535000e-06
3.64582611e-01,2.00545000e-06
3.64571321e-01,2.00555000e-06
3.64562155e-01,2.00565000e-06
3.64550926e-01,2.00575000e-06
3.64541821e-01,2.00585000e-06
3.64530653e-01,2.00595000e-06
3.64521608e-01,2.00605000e-06
3.64510502e-01,2.00615000e-06
3.64501516e-01,2.00625000e-06
3.64490472e-01,2.00635000e-06
3.64481546e-01,2.00645000e-06
3.64470564e-01,2.00655000e-06
3.64461699e-01,2.00665000e-06
3.64450778e-01,2.00675000e-06
3.64441973e-01,2.00685000e-06
3.64431114e-01,2.00695000e-06
3.64422369e-01,2.00705000e-06
3.64411572e-01,2.00715000e-06
3.64402889e-01,2.00725000e-06
3.64392154e-01,2.00735000e-06
3.64383530e-01,2.00745000e-06
3.64372858e-01,2.00755000e-06
3.64364295e-01,2.00765000e-06
3.64353685e-01,2.00775000e-06
3.64345183e-01,2.00785000e-06
3.64334635e-01,2.00795000e-06
3.64326195e-01,2.00805000e-06
3.64315709e-01,2.00815000e-06
3.64307329e-01,2.00825000e-06
3.64296906e-01,2.00835000e-06
3.64288588e-01,2.00845000e-06
3.64278228e-01,2.00855000e-06
3.64269970e-01,2.00865000e-06
3.64259673e-01,2.00875000e-06
3.64251477e-01,2.00885000e-06
3.64241242e-01,2.00895000e-06
3.64233108e-01,2.00905000e-06
3.64222936e-01,2.00915000e-06
3.64214863e-01,2.00925000e-06
3.64204755e-01,2.00935000e-06
3.64196744e-01,2.00945000e-06
3.64186699e-01,2.00955000e-06
3.64178749e-01,2.00965000e-06
3.64168767e-01,2.00975000e-06
3.64160880e-01,2.00985000e-06
3.64150961e-01,2.00995000e-06
3.64143136e-01,2.01005000e-06
3.64133281e-01,2.01015000e-06
3.64125517e-01,2.01025000e-06
3.64115726e-01,2.01035000e-06
3.64108025e-01,2.01045000e-06
3.64098298e-01,2.01055000e-06
3.64090659e-01,2.01065000e-06
3.64080995e-01,2.01075000e-06
3.64073419e-01,2.01085000e-06
3.64063819e-01,2.01095000e-06
3.64056305e-01,2.01105000e-06
3.64046770e-01,2.01115000e-06
3.64039319e-01,2.01125000e-06
3.64029848e-01,2.01135000e-06
3.64022459e-01,2.01145000e-06
3.64013052e-01,2.01155000e-06
3.64005727e-01,2.01165000e-06
3.63996385e-01,2.01175000e-06
3.63989122e-01,2.01185000e-06
3.63979845e-01,2.01195000e-06
3.63972645e-01,2.01205000e-06
3.63963432e-01,2.01215000e-06
3.63956296e-01,2.01225000e-06
3.63947148e-01,2.01235000e-06
3.63940075e-01,2.01245000e-06
3.63930992e-01,2.01255000e-06
3.63923983e-01,2.01265000e-06
3.63914965e-01,2.01275000e-06
3.63908020e-01,2.01285000e-06
3.63899067e-01,2.01295000e-06
3.63892185e-01,2.01305000e-06
3.63883297e-01,2.01315000e-06
3.63876480e-01,2.01325000e-06
3.63867658e-01,2.01335000e-06
3.63860904e-01,2.01345000e-06
3.63852147e-01,2.01355000e-06
3.63845458e-01,2.01365000e-06
3.63836767e-01,2.01375000e-06
3.63830142e-01,2.01385000e-06
3.63821517e-01,2.01395000e-06
3.63814956e-01,2.01405000e-06
3.63806397e-01,2.01415000e-06
3.63799900e-01,2.01425000e-06
3.63791408e-01,2.01435000e-06
3.63784976e-01,2.01445000e-06
3.63776549e-01,2.01455000e-06
3.63770182e-01,2.01465000e-06
3.63761822e-01,2.01475000e-06
3.63755520e-01,2.01485000e-06
3.63747226e-01,2.01495000e-06
3.63740990e-01,2.01505000e-06
3.63732763e-01,2.01515000e-06
3.63726591e-01,2.01525000e-06
3.63718431e-01,2.01535000e-06
3.63712324e-01,2.01545000e-06
3.63704231e-01,2.01555000e-06
3.63698190e-01,2.01565000e-06
3.63690164e-01,2.01575000e-06
3.63684188e-01,2.01585000e-06
3.63676229e-01,2.01595000e-06
3.63670320e-01,2.01605000e-06
3.63662428e-01,2.01615000e-06
3.63656584e-01,2.01625000e-06
3.63648760e-01,2.01635000e-06
3.63642983e-01,2.01645000e-06
3.63635226e-01,2.01655000e-06
3.63629515e-01,2.01665000e-06
3.63621826e-01,2.01675000e-06
3.63616181e-01,2.01685000e-06
3.63608560e-01,2.01695000e-06
3.63602981e-01,2.01705000e-06
3.63595428e-01,2.01715000e-06
3.63589916e-01,2.01725000e-06
3.63582431e-01,2.01735000e-06
3.63576986e-01,2.01745000e-06
3.63569570e-01,2.01755000e-06
3.63564192e-01,2.01765000e-06
3.63556844e-01,2.01775000e-06
3.63551533e-01,2.01785000e-06
3.63544253e-01,2.01795000e-06
3.63539009e-01,2.01805000e-06
3.63531799e-01,2.01815000e-06
3.63526622e-01,2.01825000e-06
3.63519481e-01,2.01835000e-06
3.63514372e-01,2.01845000e-06
3.63507299e-01,2.01855000e-06
3.63502258e-01,2.01865000e-06
3.63495255e-01,2.01875000e-06
3.63490281e-01,2.01885000e-06
3.63483347e-01,2.01895000e-06
3.63478442e-01,2.01905000e-06
3.63471578e-01,2.01915000e-06
3.63466740e-01,2.01925000e-06
3.63459946e-01,2.01935000e-06
3.63455177e-01,2.01945000e-06
3.63448452e-01,2.01955000e-06
3.63443751e-01,2.01965000e-06
3.63437097e-01,2.01975000e-06
3.63432465e-01,2.01985000e-06
3.63425880e-01,2.01995000e-06
3.63421317e-01,2.02005000e-06
3.63414803e-01,2.02015000e-06
3.63410309e-01,2.02025000e-06
3.63403865e-01,2.02035000e-06
3.63399440e-01,2.02045000e-06
3.63393067e-01,2.02055000e-06
3.63388711e-01,2.02065000e-06
3.63382409e-01,2.02075000e-06
3.63378122e-01,2.02085000e-06
3.63371891e-01,2.02095000e-06
3.63367674e-01,2.02105000e-06
3.63361514e-01,2.02115000e-06
3.63357367e-01,2.02125000e-06
3.63351278e-01,2.02135000e-06
3.63347201e-01,2.02145000e-06
3.63341184e-01,2.02155000e-06
3.63337177e-01,2.02165000e-06
3.63331231e-01,2.02175000e-06
3.63327295e-01,2.02185000e-06
3.63321421e-01,2.02195000e-06
3.63317555e-01,2.02205000e-06
3.63311753e-01,2.02215000e-06
3.63307957e-01,2.02225000e-06
3.63302228e-01,2.02235000e-06
3.63298503e-01,2.02245000e-06
3.63292846e-01,2.02255000e-06
3.63289192e-01,2.02265000e-06
3.63283607e-01,2.02275000e-06
3.63280024e-01,2.02285000e-06
3.63274512e-01,2.02295000e-06
3.63271001e-01,2.02305000e-06
3.63265561e-01,2.02315000e-06
3.63262122e-01,2.02325000e-06
3.63256755e-01,2.02335000e-06
3.63253387e-01,2.02345000e-06
3.63248094e-01,2.02355000e-06
3.63244798e-01,2.02365000e-06
3.63239578e-01,2.02375000e-06
3.63236354e-01,2.02385000e-06
3.63231208e-01,2.02395000e-06
3.63228056e-01,2.02405000e-06
3.63222983e-01,2.02415000e-06
3.63219904e-01,2.02425000e-06
3.63214905e-01,2.02435000e-06
3.63211898e-01,2.02445000e-06
3.63206974e-01,2.02455000e-06
3.63204040e-01,2.02465000e-06
3.63199190e-01,2.02475000e-06
3.63196328e-01,2.02485000e-06
3.63191553e-01,2.02495000e-06
3.63188765e-01,2.02505000e-06
3.63184064e-01,2.02515000e-06
3.63181349e-01,2.02525000e-06
3.63176723e-01,2.02535000e-06
3.63174082e-01,2.02545000e-06
3.63169531e-01,2.02555000e-06
3.63166963e-01,2.02565000e-06
3.63162487e-01,2.02575000e-06
3.63159994e-01,2.02585000e-06
3.63155593e-01,2.02595000e-06
3.63153174e-01,2.02605000e-06
3.63148849e-01,2.02615000e-06
3.63146504e-01,2.02625000e-06
3.63142255e-01,2.02635000e-06
3.63139984e-01,2.02645000e-06
3.63135811e-01,2.02655000e-06
3.63133615e-01,2.02665000e-06
3.63129518e-01,2.02675000e-06
3.63127397e-01,2.02685000e-06
3.63123377e-01,2.02695000e-06
3.63121330e-01,2.02705000e-06
3.63117387e-01,2.02715000e-06
3.63115415e-01,2.02725000e-06
3.63111549e-01,2.02735000e-06
3.63109653e-01,2.02745000e-06
3.63105863e-01,2.02755000e-06
3.63104043e-01,2.02765000e-06
3.63100331e-01,2.02775000e-06
3.63098586e-01,2.02785000e-06
3.63094951e-01,2.02795000e-06
3.63093284e-01,2.02805000e-06
3.63089726e-01,2.02815000e-06
3.63088136e-01,2.02825000e-06
3.63084656e-01,2.02835000e-06
3.63083143e-01,2.02845000e-06
3.63079741e-01,2.02855000e-06
3.63078305e-01,2.02865000e-06
3.63074981e-01,2.02875000e-06
3.63073623e-01,2.02885000e-06
3.63070378e-01,2.02895000e-06
3.63069097e-01,2.02905000e-06
3.63065930e-01,2.02915000e-06
3.63064727e-01,2.02925000e-06
3.63061640e-01,2.02935000e-06
3.63060515e-01,2.02945000e-06
3.63057506e-01,2.02955000e-06
3.63056460e-01,2.02965000e-06
3.63053530e-01,2.02975000e-06
3.63052562e-01,2.02985000e-06
3.63049713e-01,2.02995000e-06
3.63048823e-01,2.03005000e-06
3.63046053e-01,2.03015000e-06
3.63045243e-01,2.03025000e-06
3.63042553e-01,2.03035000e-06
3.63041822e-01,2.03045000e-06
3.63039212e-01,2.03055000e-06
3.63038560e-01,2.03065000e-06
3.63036030e-01,2.03075000e-06
3.63035458e-01,2.03085000e-06
3.63033009e-01,2.03095000e-06
3.63032517e-01,2.03105000e-06
3.63030148e-01,2.03115000e-06
3.63029736e-01,2.03125000e-06
3.63027449e-01,2.03135000e-06
3.63027117e-01,2.03145000e-06
3.63024911e-01,2.03155000e-06
3.63024659e-01,2.03165000e-06
3.63022534e-01,2.03175000e-06
3.63022364e-01,2.03185000e-06
3.63020321e-01,2.03195000e-06
3.63020231e-01,2.03205000e-06
3.63018270e-01,2.03215000e-06
3.63018261e-01,2.03225000e-06
3.63016382e-01,2.03235000e-06
3.63016455e-01,2.03245000e-06
3.63014658e-01,2.03255000e-06
3.63014812e-01,2.03265000e-06
3.63013098e-01,2.03275000e-06
3.63013334e-01,2.03285000e-06
3.63011703e-01,2.03295000e-06
3.63012021e-01,2.03305000e-06
3.63010472e-01,2.03315000e-06
3.63010873e-01,2.03325000e-06
3.63009408e-01,2.03335000e-06
3.63009891e-01,2.03345000e-06
3.63008509e-01,2.03355000e-06
3.63009076e-01,2.03365000e-06
3.63007777e-01,2.03375000e-06
3.63008426e-01,2.03385000e-06
3.63007212e-01,2.03395000e-06
3.63007944e-01,2.03405000e-06
3.63006814e-01,2.03415000e-06
3.63007630e-01,2.03425000e-06
3.63006584e-01,2.03435000e-06
3.63007484e-01,2.03445000e-06
3.63006522e-01,2.03455000e-06
3.63007506e-01,2.03465000e-06
3.63006629e-01,2.03475000e-06
3.63007698e-01,2.03485000e-06
3.63006906e-01,2.03495000e-06
3.63008058e-01,2.03505000e-06
3.63007352e-01,2.03515000e-06
3.63008589e-01,2.03525000e-06
3.63007968e-01,2.03535000e-06
3.63009291e-01,2.03545000e-06
3.63008756e-01,2.03555000e-06
3.63010163e-01,2.03565000e-06
3.63009714e-01,2.03575000e-06
3.63011207e-01,2.03585000e-06
3.63010844e-01,2.03595000e-06
3.63012423e-01,2.03605000e-06
3.63012146e-01,2.03615000e-06
3.63013811e-01,2.03625000e-06
3.63013621e-01,2.03635000e-06
3.63015372e-01,2.03645000e-06
3.63015269e-01,2.03655000e-06
3.63017106e-01,2.03665000e-06
3.63017091e-01,2.03675000e-06
3.63019015e-01,2.03685000e-06
3.63019087e-01,2.03695000e-06
3.63021098e-01,2.03705000e-06
3.63021258e-01,2.03715000e-06
3.63023355e-01,2.03725000e-06
3.63023603e-01,2.03735000e-06
3.63025789e-01,2.03745000e-06
3.63026125e-01,2.03755000e-06
3.63028398e-01,2.03765000e-06
3.63028822e-01,2.03775000e-06
3.63031183e-01,2.03785000e-06
3.63031697e-01,2.03795000e-06
3.63034146e-01,2.03805000e-06
3.63034748e-01,2.03815000e-06
3.63037286e-01,2.03825000e-06
3.63037977e-01,2.03835000e-06
3.63040603e-01,2.03845000e-06
3.63041385e-01,2.03855000e-06
3.63044100e-01,2.03865000e-06
3.63044971e-01,2.03875000e-06
3.63047775e-01,2.03885000e-06
3.63048736e-01,2.03895000e-06
3.63051630e-01,2.03905000e-06
3.63052681e-01,2.03915000e-06
3.63055665e-01,2.03925000e-06
3.63056806e-01,2.03935000e-06
3.63059880e-01,2.03945000e-06
3.63061113e-01,2.03955000e-06
3.63064276e-01,2.03965000e-06
3.63065600e-01,2.03975000e-06
3.63068854e-01,2.03985000e-06
3.63070270e-01,2.03995000e-06
3.63073615e-01,2.04005000e-06
3.63075121e-01,2.04015000e-06
3.63078557e-01,2.04025000e-06
3.63080156e-01,2.04035000e-06
3.63083683e-01,2.04045000e-06
3.63085374e-01,2.04055000e-06
3.63088993e-01,2.04065000e-06
3.63090776e-01,2.04075000e-06
3.63094487e-01,2.04085000e-06
3.63096363e-01,2.04095000e-06
3.63100166e-01,2.04105000e-06
3.63102135e-01,2.04115000e-06
3.63106030e-01,2.04125000e-06
3.63108092e-01,2.04135000e-06
3.63112080e-01,2.04145000e-06
3.63114235e-01,2.04155000e-06
3.63118316e-01,2.04165000e-06
3.63120565e-01,2.04175000e-06
3.63124740e-01,2.04185000e-06
3.63127083e-01,2.04195000e-06
3.63131351e-01,2.04205000e-06
3.63133788e-01,2.04215000e-06
3.63138150e-01,2.04225000e-06
3.63140682e-01,2.04235000e-06
3.63145137e-01,2.04245000e-06
3.63147764e-01,2.04255000e-06
3.63152314e-01,2.04265000e-06
3.63155036e-01,2.04275000e-06
3.63159681e-01,2.04285000e-06
3.63162498e-01,2.04295000e-06
3.63167237e-01,2.04305000e-06
3.63170150e-01,2.04315000e-06
3.63174985e-01,2.04325000e-06
3.63177994e-01,2.04335000e-06
3.63182924e-01,2.04345000e-06
3.63186029e-01,2.04355000e-06
3.63191055e-01,2.04365000e-06
3.63194257e-01,2.04375000e-06
3.63199379e-01,2.04385000e-06
3.63202677e-01,2.04395000e-06
3.63207895e-01,2.04405000e-06
3.63211291e-01,2.04415000e-06
3.63216606e-01,2.04425000e-06
3.63220099e-01,2.04435000e-06
3.63225511e-01,2.04445000e-06
3.63229101e-01,2.04455000e-06
3.63234610e-01,2.04465000e-06
3.63238298e-01,2.04475000e-06
3.63243905e-01,2.04485000e-06
3.63247691e-01,2.04495000e-06
3.63253396e-01,2.04505000e-06
3.63257281e-01,2.04515000e-06
3.63263083e-01,2.04525000e-06
3.63267067e-01,2.04535000e-06
3.63272968e-01,2.04545000e-06
3.63277050e-01,2.04555000e-06
3.63283050e-01,2.04565000e-06
3.63287232e-01,2.04575000e-06
3.63293330e-01,2.04585000e-06
3.63297612e-01,2.04595000e-06
3.63303810e-01,2.04605000e-06
3.63308191e-01,2.04615000e-06
3.63314489e-01,2.04625000e-06
3.63318971e-01,2.04635000e-06
3.63325368e-01,2.04645000e-06
3.63329950e-01,2.04655000e-06
3.63336447e-01,2.04665000e-06
3.63341131e-01,2.04675000e-06
3.63347728e-01,2.04685000e-06
3.63352513e-01,2.04695000e-06
3.63359211e-01,2.04705000e-06
3.63364097e-01,2.04715000e-06
3.63370896e-01,2.04725000e-06
3.63375884e-01,2.04735000e-06
3.63382784e-01,2.04745000e-06
3.63387874e-01,2.04755000e-06
3.63394876e-01,2.04765000e-06
3.63400068e-01,2.04775000e-06
3.63407172e-01,2.04785000e-06
3.63412467e-01,2.04795000e-06
3.63419673e-01,2.04805000e-06
3.63425070e-01,2.04815000e-06
3.63432379e-01,2.04825000e-06
3.63437881e-01,2.04835000e-06
3.63445292e-01,2.04845000e-06
3.63450898e-01,2.04855000e-06
3.63458413e-01,2.04865000e-06
3.63464124e-01,2.04875000e-06
3.63471742e-01,2.04885000e-06
3.63477558e-01,2.04895000e-06
3.63485280e-01,2.04905000e-06
3.63491201e-01,2.04915000e-06
3.63499027e-01,2.04925000e-06
3.63505054e-01,2.04935000e-06
3.63512984e-01,2.04945000e-06
3.63519117e-01,2.04955000e-06
3.63527152e-01,2.04965000e-06
3.63533391e-01,2.04975000e-06
3.63541532e-01,2.04985000e-06
3.63547877e-01,2.04995000e-06
3.63556123e-01,2.05005000e-06
3.63562575e-01,2.05015000e-06
3.63570927e-01,2.05025000e-06
3.63577486e-01,2.05035000e-06
3.63585944e-01,2.05045000e-06
3.63592611e-01,2.05055000e-06
3.63601175e-01,2.05065000e-06
3.63607950e-01,2.05075000e-06
3.63616620e-01,2.05085000e-06
3.63623503e-01,2.05095000e-06
3.63632280e-01,2.05105000e-06
3.63639272e-01,2.05115000e-06
3.63648156e-01,2.05125000e-06
3.63655257e-01,2.05135000e-06
3.63664249e-01,2.05145000e-06
3.63671458e-01,2.05155000e-06
3.63680558e-01,2.05165000e-06
3.63687877e-01,2.05175000e-06
3.63697085e-01,2.05185000e-06
3.63704514e-01,2.05195000e-06
3.63713830e-01,2.05205000e-06
3.63721369e-01,2.05215000e-06
3.63730794e-01,2.05225000e-06
3.63738444e-01,2.05235000e-06
3.63747978e-01,2.05245000e-06
3.63755738e-01,2.05255000e-06
3.63765382e-01,2.05265000e-06
3.63773252e-01,2.05275000e-06
3.63783006e-01,2.05285000e-06
3.63790988e-01,2.05295000e-06
3.63800852e-01,2.05305000e-06
3.63808946e-01,2.05315000e-06
3.63818920e-01,2.05325000e-06
3.63827126e-01,2.05335000e-06
3.63837211e-01,2.05345000e-06
3.63845529e-01,2.05355000e-06
3.63855725e-01,2.05365000e-06
3.63864155e-01,2.05375000e-06
3.63874463e-01,2.05385000e-06
3.63883006e-01,2.05395000e-06
3.63893425e-01,2.05405000e-06
3.63902082e-01,2.05415000e-06
3.63912613e-01,2.05425000e-06
3.63921384e-01,2.05435000e-06
3.63932027e-01,2.05445000e-06
3.63940912e-01,2.05455000e-06
3.63951668e-01,2.05465000e-06
3.63960666e-01,2.05475000e-06
3.63971535e-01,2.05485000e-06
3.63980649e-01,2.05495000e-06
3.63991631e-01,2.05505000e-06
3.64000859e-01,2.05515000e-06
3.64011955e-01,2.05525000e-06
3.64021299e-01,2.05535000e-06
3.64032509e-01,2.05545000e-06
3.64041968e-01,2.05555000e-06
3.64053292e-01,2.05565000e-06
3.64062867e-01,2.05575000e-06
3.64074306e-01,2.05585000e-06
3.64083997e-01,2.05595000e-06
3.64095551e-01,2.05605000e-06
3.64105359e-01,2.05615000e-06
3.64117028e-01,2.05625000e-06
3.64126953e-01,2.05635000e-06
3.64138738e-01,2.05645000e-06
3.64148780e-01,2.05655000e-06
3.64160681e-01,2.05665000e-06
3.64170840e-01,2.05675000e-06
3.64182857e-01,2.05685000e-06
3.64193134e-01,2.05695000e-06
3.64205268e-01,2.05705000e-06
3.64215664e-01,2.05715000e-06
3.64227915e-01,2.05725000e-06
3.64238429e-01,2.05735000e-06
3.64250797e-01,2.05745000e-06
3.64261430e-01,2.05755000e-06
3.64273916e-01,2.05765000e-06
3.64284667e-01,2.05775000e-06
3.64297271e-01,2.05785000e-06
3.64308143e-01,2.05795000e-06
3.64320865e-01,2.05805000e-06
3.64331856e-01,2.05815000e-06
3.64344698e-01,2.05825000e-06
3.64355809e-01,2.05835000e-06
3.64368769e-01,2.05845000e-06
3.64380001e-01,2.05855000e-06
3.64393080e-01,2.05865000e-06
3.64404433e-01,2.05875000e-06
3.64417632e-01,2.05885000e-06
3.64429106e-01,2.05895000e-06
3.64442425e-01,2.05905000e-06
3.64454021e-01,2.05915000e-06
3.64467461e-01,2.05925000e-06
3.64479178e-01,2.05935000e-06
3.64492738e-01,2.05945000e-06
3.64504578e-01,2.05955000e-06
3.64518259e-01,2.05965000e-06
3.64530222e-01,2.05975000e-06
3.64544024e-01,2.05985000e-06
3.64556110e-01,2.05995000e-06
3.64570034e-01,2.06005000e-06
3.64582242e-01,2.06015000e-06
3.64596289e-01,2.06025000e-06
3.64608621e-01,2.06035000e-06
3.64622789e-01,2.06045000e-06
3.64635245e-01,2.06055000e-06
3.64649537e-01,2.06065000e-06
3.64662117e-01,2.06075000e-06
3.64676532e-01,2.06085000e-06
3.64689237e-01,2.06095000e-06
3.64703774e-01,2.06105000e-06
3.64716604e-01,2.06115000e-06
3.64731266e-01,2.06125000e-06
3.64744221e-01,2.06135000e-06
3.64759007e-01,2.06145000e-06
3.64772088e-01,2.06155000e-06
3.64786998e-01,2.06165000e-06
3.64800205e-01,2.06175000e-06
3.64815240e-01,2.06185000e-06
3.64828500e-01,2.06195000e-06
3.64843588e-01,2.06205000e-06
3.64856975e-01,2.06215000e-06
3.64872187e-01,2.06225000e-06
3.64885701e-01,2.06235000e-06
3.64901039e-01,2.06245000e-06
3.64914680e-01,2.06255000e-06
3.64930144e-01,2.06265000e-06
3.64943912e-01,2.06275000e-06
3.64959502e-01,2.06285000e-06
3.64973398e-01,2.06295000e-06
3.64989115e-01,2.06305000e-06
3.65003139e-01,2.06315000e-06
3.65018982e-01,2.06325000e-06
3.65033135e-01,2.06335000e-06
3.65049106e-01,2.06345000e-06
3.65063387e-01,2.06355000e-06
3.65079486e-01,2.06365000e-06
3.65093896e-01,2.06375000e-06
3.65110122e-01,2.06385000e-06
3.65124662e-01,2.06395000e-06
3.65141017e-01,2.06405000e-06
3.65155687e-01,2.06415000e-06
3.65172170e-01,2.06425000e-06
3.65186970e-01,2.06435000e-06
3.65203582e-01,2.06445000e-06
3.65218513e-01,2.06455000e-06
3.65235254e-01,2.06465000e-06
3.65250315e-01,2.06475000e-06
3.65267187e-01,2.06485000e-06
3.65282379e-01,2.06495000e-06
3.65299380e-01,2.06505000e-06
3.65314704e-01,2.06515000e-06
3.65331836e-01,2.06525000e-06
3.65347292e-01,2.06535000e-06
3.65364554e-01,2.06545000e-06
3.65380142e-01,2.06555000e-06
3.65397535e-01,2.06565000e-06
3.65413256e-01,2.06575000e-06
3.65430781e-01,2.06585000e-06
3.65446634e-01,2.06595000e-06
3.65464291e-01,2.06605000e-06
3.65480277e-01,2.06615000e-06
3.65498066e-01,2.06625000e-06
3.65514186e-01,2.06635000e-06
3.65532107e-01,2.06645000e-06
3.65548362e-01,2.06655000e-06
3.65566415e-01,2.06665000e-06
3.65582804e-01,2.06675000e-06
3.65600991e-01,2.06685000e-06
3.65617514e-01,2.06695000e-06
3.65635834e-01,2.06705000e-06
3.65652493e-01,2.06715000e-06
3.65670947e-01,2.06725000e-06
3.65687740e-01,2.06735000e-06
3.65706329e-01,2.06745000e-06
3.65723258e-01,2.06755000e-06
3.65741981e-01,2.06765000e-06
3.65759046e-01,2.06775000e-06
3.65777903e-01,2.06785000e-06
3.65795105e-01,2.06795000e-06
3.65814098e-01,2.06805000e-06
3.65831436e-01,2.06815000e-06
3.65850564e-01,2.06825000e-06
3.65868040e-01,2.06835000e-06
3.65887304e-01,2.06845000e-06
3.65904917e-01,2.06855000e-06
3.65924317e-01,2.06865000e-06
3.65942067e-01,2.06875000e-06
3.65961604e-01,2.06885000e-06
3.65979493e-01,2.06895000e-06
3.65999167e-01,2.06905000e-06
3.66017194e-01,2.06915000e-06
3.66037005e-01,2.06925000e-06
3.66055170e-01,2.06935000e-06
3.66075119e-01,2.06945000e-06
3.66093424e-01,2.06955000e-06
3.66113510e-01,2.06965000e-06
3.66131955e-01,2.06975000e-06
3.66152179e-01,2.06985000e-06
3.66170764e-01,2.06995000e-06
3.66191127e-01,2.07005000e-06
3.66209851e-01,2.07015000e-06
3.66230353e-01,2.07025000e-06
3.66249218e-01,2.07035000e-06
3.66269860e-01,2.07045000e-06
3.66288865e-01,2.07055000e-06
3.66309646e-01,2.07065000e-06
3.66328793e-01,2.07075000e-06
3.66349714e-01,2.07085000e-06
3.66369002e-01,2.07095000e-06
3.66390064e-01,2.07105000e-06
3.66409494e-01,2.07115000e-06
3.66430696e-01,2.07125000e-06
3.66450268e-01,2.07135000e-06
3.66471611e-01,2.07145000e-06
3.66491326e-01,2.07155000e-06
3.66512810e-01,2.07165000e-06
3.66532668e-01,2.07175000e-06
3.66554294e-01,2.07185000e-06
3.66574294e-01,2.07195000e-06
3.66596062e-01,2.07205000e-06
3.66616207e-01,2.07215000e-06
3.66638117e-01,2.07225000e-06
3.66658405e-01,2.07235000e-06
3.66680458e-01,2.07245000e-06
3.66700890e-01,2.07255000e-06
3.66723086e-01,2.07265000e-06
3.66743663e-01,2.07275000e-06
3.66766002e-01,2.07285000e-06
3.66786724e-01,2.07295000e-06
3.66809207e-01,2.07305000e-06
3.66830074e-01,2.07315000e-06
3.66852701e-01,2.07325000e-06
3.66873713e-01,2.07335000e-06
3.66896484e-01,2.07345000e-06
3.66917642e-01,2.07355000e-06
3.66940558e-01,2.07365000e-06
3.66961863e-01,2.07375000e-06
3.66984924e-01,2.07385000e-06
3.67006375e-01,2.07395000e-06
3.67029581e-01,2.07405000e-06
3.67051178e-01,2.07415000e-06
3.67074530e-01,2.07425000e-06
3.67096275e-01,2.07435000e-06
3.67119773e-01,2.07445000e-06
3.67141665e-01,2.07455000e-06
3.67165310e-01,2.07465000e-06
3.67187350e-01,2.07475000e-06
3.67211141e-01,2.07485000e-06
3.67233329e-01,2.07495000e-06
3.67257267e-01,2.07505000e-06
3.67279604e-01,2.07515000e-06
3.67303689e-01,2.07525000e-06
3.67326174e-01,2.07535000e-06
3.67350407e-01,2.07545000e-06
3.67373042e-01,2.07555000e-06
3.67397423e-01,2.07565000e-06
3.67420207e-01,2.07575000e-06
3.67444736e-01,2.07585000e-06
3.67467670e-01,2.07595000e-06
3.67492347e-01,2.07605000e-06
3.67515431e-01,2.07615000e-06
3.67540258e-01,2.07625000e-06
3.67563492e-01,2.07635000e-06
3.67588468e-01,2.07645000e-06
3.67611853e-01,2.07655000e-06
3.67636978e-01,2.07665000e-06
3.67660514e-01,2.07675000e-06
3.67685789e-01,2.07685000e-06
3.67709477e-01,2.07695000e-06
3.67734902e-01,2.07705000e-06
3.67758742e-01,2.07715000e-06
3.67784317e-01,2.07725000e-06
3.67808309e-01,2.07735000e-06
3.67834035e-01,2.07745000e-06
3.67858179e-01,2.07755000e-06
3.67884056e-01,2.07765000e-06
3.67908353e-01,2.07775000e-06
3.67934382e-01,2.07785000e-06
3.67958831e-01,2.07795000e-06
3.67985012e-01,2.07805000e-06
3.68009614e-01,2.07815000e-06
3.68035947e-01,2.07825000e-06
3.68060703e-01,2.07835000e-06
3.68087188e-01,2.07845000e-06
3.68112098e-01,2.07855000e-06
3.68138736e-01,2.07865000e-06
3.68163800e-01,2.07875000e-06
3.68190591e-01,2.07885000e-06
3.68215810e-01,2.07895000e-06
3.68242754e-01,2.07905000e-06
3.68268127e-01,2.07915000e-06
3.68295225e-01,2.07925000e-06
3.68320753e-01,2.07935000e-06
3.68348005e-01,2.07945000e-06
3.68373689e-01,2.07955000e-06
3.68401095e-01,2.07965000e-06
3.68426934e-01,2.07975000e-06
3.68454495e-01,2.07985000e-06
3.68480490e-01,2.07995000e-06
3.68508205e-01,2.08005000e-06
3.68534357e-01,2.08015000e-06
3.68562227e-01,2.08025000e-06
3.68588536e-01,2.08035000e-06
3.68616561e-01,2.08045000e-06
3.68643027e-01,2.08055000e-06
3.68671208e-01,2.08065000e-06
3.68697831e-01,2.08075000e-06
3.68726168e-01,2.08085000e-06
3.68752948e-01,2.08095000e-06
3.68781442e-01,2.08105000e-06
3.68808379e-01,2.08115000e-06
3.68837029e-01,2.08125000e-06
3.68864125e-01,2.08135000e-06
3.68892932e-01,2.08145000e-06
3.68920186e-01,2.08155000e-06
3.68949151e-01,2.08165000e-06
3.68976563e-01,2.08175000e-06
3.69005685e-01,2.08185000e-06
3.69033257e-01,2.08195000e-06
3.69062536e-01,2.08205000e-06
3.69090267e-01,2.08215000e-06
3.69119704e-01,2.08225000e-06
3.69147595e-01,2.08235000e-06
3.69177190e-01,2.08245000e-06
3.69205241e-01,2.08255000e-06
3.69234995e-01,2.08265000e-06
3.69263205e-01,2.08275000e-06
3.69293118e-01,2.08285000e-06
3.69321488e-01,2.08295000e-06
3.69351561e-01,2.08305000e-06
3.69380092e-01,2.08315000e-06
3.69410323e-01,2.08325000e-06
3.69439015e-01,2.08335000e-06
3.69469407e-01,2.08345000e-06
3.69498260e-01,2.08355000e-06
3.69528811e-01,2.08365000e-06
3.69557825e-01,2.08375000e-06
3.69588537e-01,2.08385000e-06
3.69617713e-01,2.08395000e-06
3.69648585e-01,2.08405000e-06
3.69677923e-01,2.08415000e-06
3.69708956e-01,2.08425000e-06
3.69738456e-01,2.08435000e-06
3.69769650e-01,2.08445000e-06
3.69799313e-01,2.08455000e-06
3.69830667e-01,2.08465000e-06
3.69860493e-01,2.08475000e-06
3.69892010e-01,2.08485000e-06
3.69921998e-01,2.08495000e-06
3.69953676e-01,2.08505000e-06
3.69983828e-01,2.08515000e-06
3.70015669e-01,2.08525000e-06
3.70045984e-01,2.08535000e-06
3.70077987e-01,2.08545000e-06
3.70108466e-01,2.08555000e-06
3.70140631e-01,2.08565000e-06
3.70171274e-01,2.08575000e-06
3.70203602e-01,2.08585000e-06
3.70234410e-01,2.08595000e-06
3.70266901e-01,2.08605000e-06
3.70297873e-01,2.08615000e-06
3.70330527e-01,2.08625000e-06
3.70361664e-01,2.08635000e-06
3.70394482e-01,2.08645000e-06
3.70425784e-01,2.08655000e-06
3.70458765e-01,2.08665000e-06
3.70490232e-01,2.08675000e-06
3.70523378e-01,2.08685000e-06
3.70555011e-01,2.08695000e-06
3.70588321e-01,2.08705000e-06
3.70620119e-01,2.08715000e-06
3.70653594e-01,2.08725000e-06
3.70685558e-01,2.08735000e-06
3.70719197e-01,2.08745000e-06
3.70751328e-01,2.08755000e-06
3.70785132e-01,2.08765000e-06
3.70817429e-01,2.08775000e-06
3.70851398e-01,2.08785000e-06
3.70883862e-01,2.08795000e-06
3.70917997e-01,2.08805000e-06
3.70950627e-01,2.08815000e-06
3.70984928e-01,2.08825000e-06
3.71017725e-01,2.08835000e-06
3.71052192e-01,2.08845000e-06
3.71085157e-01,2.08855000e-06
3.71119790e-01,2.08865000e-06
3.71152922e-01,2.08875000e-06
3.71187721e-01,2.08885000e-06
3.71221021e-01,2.08895000e-06
3.71255987e-01,2.08905000e-06
3.71289455e-01,2.08915000e-06
3.71324588e-01,2.08925000e-06
3.71358224e-01,2.08935000e-06
3.71393523e-01,2.08945000e-06
3.71427328e-01,2.08955000e-06
3.71462795e-01,2.08965000e-06
3.71496768e-01,2.08975000e-06
3.71532402e-01,2.08985000e-06
3.71566544e-01,2.08995000e-06
3.71602346e-01,2.09005000e-06
3.71636657e-01,2.09015000e-06
3.71672627e-01,2.09025000e-06
3.71707107e-01,2.09035000e-06
3.71743245e-01,2.09045000e-06
3.71777895e-01,2.09055000e-06
3.71814200e-01,2.09065000e-06
3.71849020e-01,2.09075000e-06
3.71885494e-01,2.09085000e-06
3.71920483e-01,2.09095000e-06
3.71957126e-01,2.09105000e-06
3.71992286e-01,2.09115000e-06
3.72029097e-01,2.09125000e-06
3.72064427e-01,2.09135000e-06
3.72101407e-01,2.09145000e-06
3.72136907e-01,2.09155000e-06
3.72174057e-01,2.09165000e-06
3.72209728e-01,2.09175000e-06
3.72247046e-01,2.09185000e-06
3.72282888e-01,2.09195000e-06
3.72320376e-01,2.09205000e-06
3.72356389e-01,2.09215000e-06
3.72394047e-01,2.09225000e-06
3.72430230e-01,2.09235000e-06
3.72468058e-01,2.09245000e-06
3.72504413e-01,2.09255000e-06
3.72542411e-01,2.09265000e-06
3.72578938e-01,2.09275000e-06
3.72617106e-01,2.09285000e-06
3.72653804e-01,2.09295000e-06
3.72692143e-01,2.09305000e-06
3.72729012e-01,2.09315000e-06
3.72767521e-01,2.09325000e-06
3.72804563e-01,2.09335000e-06
3.72843243e-01,2.09345000e-06
3.72880457e-01,2.09355000e-06
3.72919308e-01,2.09365000e-06
3.72956694e-01,2.09375000e-06
3.72995716e-01,2.09385000e-06
3.73033274e-01,2.09395000e-06
3.73072467e-01,2.09405000e-06
3.73110198e-01,2.09415000e-06
3.73149562e-01,2.09425000e-06
3.73187466e-01,2.09435000e-06
3.73227002e-01,2.09445000e-06
3.73265079e-01,2.09455000e-06
3.73304786e-01,2.09465000e-06
3.73343036e-01,2.09475000e-06
3.73382915e-01,2.09485000e-06
3.73421338e-01,2.09495000e-06
3.73461389e-01,2.09505000e-06
3.73499985e-01,2.09515000e-06
3.73540208e-01,2.09525000e-06
3.73578978e-01,2.09535000e-06
3.73619373e-01,2.09545000e-06
3.73658316e-01,2.09555000e-06
3.73698884e-01,2.09565000e-06
3.73738000e-01,2.09575000e-06
3.73778740e-01,2.09585000e-06
3.73818031e-01,2.09595000e-06
3.73858944e-01,2.09605000e-06
3.73898408e-01,2.09615000e-06
3.73939493e-01,2.09625000e-06
3.73979132e-01,2.09635000e-06
3.74020390e-01,2.09645000e-06
3.74060203e-01,2.09655000e-06
3.74101634e-01,2.09665000e-06
3.74141620e-01,2.09675000e-06
3.74183224e-01,2.09685000e-06
3.74223386e-01,2.09695000e-06
3.74265163e-01,2.09705000e-06
3.74305499e-01,2.09715000e-06
3.74347449e-01,2.09725000e-06
3.74387959e-01,2.09735000e-06
3.74430083e-01,2.09745000e-06
3.74470768e-01,2.09755000e-06
3.74513065e-01,2.09765000e-06
3.74553925e-01,2.09775000e-06
3.74596396e-01,2.09785000e-06
3.74637430e-01,2.09795000e-06
3.74680075e-01,2.09805000e-06
3.74721284e-01,2.09815000e-06
3.74764102e-01,2.09825000e-06
3.74805487e-01,2.09835000e-06
3.74848479e-01,2.09845000e-06
3.74890039e-01,2.09855000e-06
3.74933204e-01,2.09865000e-06
3.74974939e-01,2.09875000e-06
3.75018279e-01,2.09885000e-06
3.75060189e-01,2.09895000e-06
3.75103703e-01,2.09905000e-06
3.75145788e-01,2.09915000e-06
3.75189476e-01,2.09925000e-06
3.75231737e-01,2.09935000e-06
3.75275599e-01,2.09945000e-06
3.75318036e-01,2.09955000e-06
3.75362072e-01,2.09965000e-06
3.75404684e-01,2.09975000e-06
3.75448895e-01,2.09985000e-06
3.75491682e-01,2.09995000e-06
3.75536067e-01,2.10005000e-06
3.75579031e-01,2.10015000e-06
3.75623590e-01,2.10025000e-06
3.75666729e-01,2.10035000e-06
3.75711463e-01,2.10045000e-06
3.75754778e-01,2.10055000e-06
3.75799686e-01,2.10065000e-06
3.75843177e-01,2.10075000e-06
3.75888260e-01,2.10085000e-06
3.75931927e-01,2.10095000e-06
3.75977184e-01,2.10105000e-06
3.76021026e-01,2.10115000e-06
3.76066458e-01,2.10125000e-06
3.76110477e-01,2.10135000e-06
3.76156084e-01,2.10145000e-06
3.76200278e-01,2.10155000e-06
3.76246060e-01,2.10165000e-06
3.76290430e-01,2.10175000e-06
3.76336386e-01,2.10185000e-06
3.76380933e-01,2.10195000e-06
3.76427064e-01,2.10205000e-06
3.76471787e-01,2.10215000e-06
3.76518092e-01,2.10225000e-06
3.76562991e-01,2.10235000e-06
3.76609471e-01,2.10245000e-06
3.76654546e-01,2.10255000e-06
3.76701202e-01,2.10265000e-06
3.76746453e-01,2.10275000e-06
3.76793283e-01,2.10285000e-06
3.76838710e-01,2.10295000e-06
3.76885715e-01,2.10305000e-06
3.76931318e-01,2.10315000e-06
3.76978498e-01,2.10325000e-06
3.77024277e-01,2.10335000e-06
3.77071631e-01,2.10345000e-06
3.77117587e-01,2.10355000e-06
3.77165116e-01,2.10365000e-06
3.77211248e-01,2.10375000e-06
3.77258952e-01,2.10385000e-06
3.77305260e-01,2.10395000e-06
3.77353139e-01,2.10405000e-06
3.77399623e-01,2.10415000e-06
3.77447676e-01,2.10425000e-06
3.77494336e-01,2.10435000e-06
3.77542565e-01,2.10445000e-06
3.77589401e-01,2.10455000e-06
3.77637804e-01,2.10465000e-06
3.77684816e-01,2.10475000e-06
3.77733394e-01,2.10485000e-06
3.77780582e-01,2.10495000e-06
3.77829335e-01,2.10505000e-06
3.77876699e-01,2.10515000e-06
3.77925626e-01,2.10525000e-06
3.77973166e-01,2.10535000e-06
3.78022268e-01,2.10545000e-06
3.78069983e-01,2.10555000e-06
3.78119260e-01,2.10565000e-06
3.78167151e-01,2.10575000e-06
3.78216602e-01,2.10585000e-06
3.78264670e-01,2.10595000e-06
3.78314295e-01,2.10605000e-06
3.78362539e-01,2.10615000e-06
3.78412338e-01,2.10625000e-06
3.78460757e-01,2.10635000e-06
3.78510731e-01,2.10645000e-06
3.78559326e-01,2.10655000e-06
3.78609475e-01,2.10665000e-06
3.78658245e-01,2.10675000e-06
3.78708567e-01,2.10685000e-06
3.78757513e-01,2.10695000e-06
3.78808010e-01,2.10705000e-06
3.78857131e-01,2.10715000e-06
3.78907802e-01,2.10725000e-06
3.78957099e-01,2.10735000e-06
3.79007944e-01,2.10745000e-06
3.79057415e-01,2.10755000e-06
3.79108434e-01,2.10765000e-06
3.79158081e-01,2.10775000e-06
3.79209274e-01,2.10785000e-06
3.79259096e-01,2.10795000e-06
3.79310463e-01,2.10805000e-06
3.79360460e-01,2.10815000e-06
3.79412000e-01,2.10825000e-06
3.79462172e-01,2.10835000e-06
3.79513886e-01,2.10845000e-06
3.79564233e-01,2.10855000e-06
3.79616120e-01,2.10865000e-06
3.79666642e-01,2.10875000e-06
3.79718703e-01,2.10885000e-06
3.79769399e-01,2.10895000e-06
3.79821633e-01,2.10905000e-06
3.79872504e-01,2.10915000e-06
3.79924911e-01,2.10925000e-06
3.79975956e-01,2.10935000e-06
3.80028536e-01,2.10945000e-06
3.80079756e-01,2.10955000e-06
3.80132509e-01,2.10965000e-06
3.80183903e-01,2.10975000e-06
3.80236829e-01,2.10985000e-06
3.80288396e-01,2.10995000e-06
3.80341495e-01,2.11005000e-06
3.80393237e-01,2.11015000e-06
3.80446508e-01,2.11025000e-06
3.80498423e-01,2.11035000e-06
3.80551867e-01,2.11045000e-06
3.80603956e-01,2.11055000e-06
3.80657572e-01,2.11065000e-06
3.80709834e-01,2.11075000e-06
3.80763622e-01,2.11085000e-06
3.80816058e-01,2.11095000e-06
3.80870018e-01,2.11105000e-06
3.80922628e-01,2.11115000e-06
3.80976760e-01,2.11125000e-06
3.81029542e-01,2.11135000e-06
3.81083845e-01,2.11145000e-06
3.81136800e-01,2.11155000e-06
3.81191276e-01,2.11165000e-06
3.81244403e-01,2.11175000e-06
3.81299050e-01,2.11185000e-06
3.81352350e-01,2.11195000e-06
3.81407168e-01,2.11205000e-06
3.81460641e-01,2.11215000e-06
3.81515630e-01,2.11225000e-06
3.81569275e-01,2.11235000e-06
3.81624435e-01,2.11245000e-06
3.81678252e-01,2.11255000e-06
3.81733582e-01,2.11265000e-06
3.81787571e-01,2.11275000e-06
3.81843072e-01,2.11285000e-06
3.81897233e-01,2.11295000e-06
3.81952904e-01,2.11305000e-06
3.82007236e-01,2.11315000e-06
3.82063077e-01,2.11325000e-06
3.82117581e-01,2.11335000e-06
3.82173592e-01,2.11345000e-06
3.82228267e-01,2.11355000e-06
3.82284448e-01,2.11365000e-06
3.82339293e-01,2.11375000e-06
3.82395644e-01,2.11385000e-06
3.82450660e-01,2.11395000e-06
3.82507180e-01,2.11405000e-06
3.82562367e-01,2.11415000e-06
3.82619056e-01,2.11425000e-06
3.82674413e-01,2.11435000e-06
3.82731271e-01,2.11445000e-06
3.82786798e-01,2.11455000e-06
3.82843825e-01,2.11465000e-06
3.82899522e-01,2.11475000e-06
3.82956717e-01,2.11485000e-06
3.83012584e-01,2.11495000e-06
3.83069947e-01,2.11505000e-06
3.83125983e-01,2.11515000e-06
3.83183514e-01,2.11525000e-06
3.83239720e-01,2.11535000e-06
3.83297419e-01,2.11545000e-06
3.83353793e-01,2.11555000e-06
3.83411660e-01,2.11565000e-06
3.83468203e-01,2.11575000e-06
3.83526237e-01,2.11585000e-06
3.83582948e-01,2.11595000e-06
3.83641149e-01,2.11605000e-06
3.83698029e-01,2.11615000e-06
3.83756396e-01,2.11625000e-06
3.83813444e-01,2.11635000e-06
3.83871978e-01,2.11645000e-06
3.83929194e-01,2.11655000e-06
3.83987894e-01,2.11665000e-06
3.84045277e-01,2.11675000e-06
3.84104144e-01,2.11685000e-06
3.84161694e-01,2.11695000e-06
3.84220726e-01,2.11705000e-06
3.84278443e-01,2.11715000e-06
3.84337641e-01,2.11725000e-06
3.84395525e-01,2.11735000e-06
3.84454888e-01,2.11745000e-06
3.84512938e-01,2.11755000e-06
3.84572466e-01,2.11765000e-06
3.84630682e-01,2.11775000e-06
3.84690375e-01,2.11785000e-06
3.84748757e-01,2.11795000e-06
3.84808614e-01,2.11805000e-06
3.84867161e-01,2.11815000e-06
3.84927182e-01,2.11825000e-06
3.84985895e-01,2.11835000e-06
3.85046080e-01,2.11845000e-06
3.85104958e-01,2.11855000e-06
3.85165306e-01,2.11865000e-06
3.85224348e-01,2.11875000e-06
3.85284860e-01,2.11885000e-06
3.85344067e-01,2.11895000e-06
3.85404741e-01,2.11905000e-06
3.85464112e-01,2.11915000e-06
3.85524949e-01,2.11925000e-06
3.85584484e-01,2.11935000e-06
3.85645483e-01,2.11945000e-06
3.85705181e-01,2.11955000e-06
3.85766342e-01,2.11965000e-06
3.85826203e-01,2.11975000e-06
3.85887526e-01,2.11985000e-06
3.85947550e-01,2.11995000e-06
3.86009035e-01,2.12005000e-06
3.86069220e-01,2.12015000e-06
3.86130866e-01,2.12025000e-06
3.86191214e-01,2.12035000e-06
3.86253020e-01,2.12045000e-06
3.86313530e-01,2.12055000e-06
3.86375497e-01,2.12065000e-06
3.86436168e-01,2.12075000e-06
3.86498295e-01,2.12085000e-06
3.86559127e-01,2.12095000e-06
3.86621413e-01,2.12105000e-06
3.86682406e-01,2.12115000e-06
3.86744852e-01,2.12125000e-06
3.86806006e-01,2.12135000e-06
3.86868610e-01,2.12145000e-06
3.86929924e-01,2.12155000e-06
3.86992687e-01,2.12165000e-06
3.87054160e-01,2.12175000e-06
3.87117082e-01,2.12185000e-06
3.87178714e-01,2.12195000e-06
3.87241794e-01,2.12205000e-06
3.87303585e-01,2.12215000e-06
3.87366822e-01,2.12225000e-06
3.87428772e-01,2.12235000e-06
3.87492166e-01,2.12245000e-06
3.87554275e-01,2.12255000e-06
3.87617826e-01,2.12265000e-06
3.87680092e-01,2.12275000e-06
3.87743799e-01,2.12285000e-06
3.87806223e-01,2.12295000e-06
3.87870086e-01,2.12305000e-06
3.87932667e-01,2.12315000e-06
3.87996686e-01,2.12325000e-06
3.88059424e-01,2.12335000e-06
3.88123598e-01,2.12345000e-06
3.88186492e-01,2.12355000e-06
3.88250821e-01,2.12365000e-06
3.88313871e-01,2.12375000e-06
3.88378354e-01,2.12385000e-06
3.88441560e-01,2.12395000e-06
3.88506197e-01,2.12405000e-06
3.88569558e-01,2.12415000e-06
3.88634349e-01,2.12425000e-06
3.88697865e-01,2.12435000e-06
3.88762809e-01,2.12445000e-06
3.88826479e-01,2.12455000e-06
3.88891576e-01,2.12465000e-06
3.88955400e-01,2.12475000e-06
3.89020650e-01,2.12485000e-06
3.89084627e-01,2.12495000e-06
3.89150029e-01,2.12505000e-06
3.89214159e-01,2.12515000e-06
3.89279713e-01,2.12525000e-06
3.89343996e-01,2.12535000e-06
3.89409700e-01,2.12545000e-06
3.89474136e-01,2.12555000e-06
3.89539991e-01,2.12565000e-06
3.89604578e-01,2.12575000e-06
3.89670584e-01,2.12585000e-06
3.89735323e-01,2.12595000e-06
3.89801478e-01,2.12605000e-06
3.89866368e-01,2.12615000e-06
3.89932673e-01,2.12625000e-06
3.89997713e-01,2.12635000e-06
3.90064167e-01,2.12645000e-06
3.90129357e-01,2.12655000e-06
3.90195960e-01,2.12665000e-06
3.90261300e-01,2.12675000e-06
3.90328051e-01,2.12685000e-06
3.90393540e-01,2.12695000e-06
3.90460438e-01,2.12705000e-06
3.90526076e-01,2.12715000e-06
3.90593122e-01,2.12725000e-06
3.90658908e-01,2.12735000e-06
3.90726101e-01,2.12745000e-06
3.90792035e-01,2.12755000e-06
3.90859374e-01,2.12765000e-06
3.90925455e-01,2.12775000e-06
3.90992940e-01,2.12785000e-06
3.91059168e-01,2.12795000e-06
3.91126798e-01,2.12805000e-06
3.91193173e-01,2.12815000e-06
3.91260948e-01,2.12825000e-06
3.91327469e-01,2.12835000e-06
3.91395388e-01,2.12845000e-06
3.91462054e-01,2.12855000e-06
3.91530118e-01,2.12865000e-06
3.91596929e-01,2.12875000e-06
3.91665137e-01,2.12885000e-06
3.91732092e-01,2.12895000e-06
3.91800442e-01,2.12905000e-06
3.91867542e-01,2.12915000e-06
3.91936035e-01,2.12925000e-06
3.92003278e-01,2.12935000e-06
3.92071913e-01,2.12945000e-06
3.92139299e-01,2.12955000e-06
3.92208076e-01,2.12965000e-06
3.92275605e-01,2.12975000e-06
3.92344523e-01,2.12985000e-06
3.92412193e-01,2.12995000e-06
3.92481252e-01,2.13005000e-06
3.92549064e-01,2.13015000e-06
3.92618263e-01,2.13025000e-06
3.92686216e-01,2.13035000e-06
3.92755554e-01,2.13045000e-06
3.92823648e-01,2.13055000e-06
3.92893125e-01,2.13065000e-06
3.92961360e-01,2.13075000e-06
3.93030975e-01,2.13085000e-06
3.93099349e-01,2.13095000e-06
3.93169103e-01,2.13105000e-06
3.93237616e-01,2.13115000e-06
3.93307507e-01,2.13125000e-06
3.93376159e-01,2.13135000e-06
3.93446187e-01,2.13145000e-06
3.93514977e-01,2.13155000e-06
3.93585141e-01,2.13165000e-06
3.93654069e-01,2.13175000e-06
3.93724369e-01,2.13185000e-06
3.93793433e-01,2.13195000e-06
3.93863870e-01,2.13205000e-06
3.93933070e-01,2.13215000e-06
3.94003641e-01,2.13225000e-06
3.94072978e-01,2.13235000e-06
3.94143684e-01,2.13245000e-06
3.94213155e-01,2.13255000e-06
3.94283995e-01,2.13265000e-06
3.94353602e-01,2.13275000e-06
3.94424575e-01,2.13285000e-06
3.94494316e-01,2.13295000e-06
3.94565421e-01,2.13305000e-06
3.94635296e-01,2.13315000e-06
3.94706534e-01,2.13325000e-06
3.94776542e-01,2.13335000e-06
3.94847912e-01,2.13345000e-06
3.94918053e-01,2.13355000e-06
3.94989554e-01,2.13365000e-06
3.95059827e-01,2.13375000e-06
3.95131458e-01,2.13385000e-06
3.95201863e-01,2.13395000e-06
3.95273625e-01,2.13405000e-06
3.95344160e-01,2.13415000e-06
3.95416051e-01,2.13425000e-06
3.95486718e-01,2.13435000e-06
3.95558738e-01,2.13445000e-06
3.95629534e-01,2.13455000e-06
3.95701682e-01,2.13465000e-06
3.95772608e-01,2.13475000e-06
3.95844884e-01,2.13485000e-06
3.95915939e-01,2.13495000e-06
3.95988343e-01,2.13505000e-06
3.96059525e-01,2.13515000e-06
3.96132056e-01,2.13525000e-06
3.96203366e-01,2.13535000e-06
3.96276023e-01,2.13545000e-06
3.96347460e-01,2.13555000e-06
3.96420242e-01,2.13565000e-06
3.96491807e-01,2.13575000e-06
3.96564714e-01,2.13585000e-06
3.96636404e-01,2.13595000e-06
3.96709435e-01,2.13605000e-06
3.96781251e-01,2.13615000e-06
3.96854407e-01,2.13625000e-06
3.96926347e-01,2.13635000e-06
3.96999626e-01,2.13645000e-06
3.97071691e-01,2.13655000e-06
3.97145092e-01,2.13665000e-06
3.97217281e-01,2.13675000e-06
3.97290804e-01,2.13685000e-06
3.97363116e-01,2.13695000e-06
3.97436761e-01,2.13705000e-06
3.97509195e-01,2.13715000e-06
3.97582961e-01,2.13725000e-06
3.97655517e-01,2.13735000e-06
3.97729404e-01,2.13745000e-06
3.97802081e-01,2.13755000e-06
3.97876088e-01,2.13765000e-06
3.97948886e-01,2.13775000e-06
3.98023011e-01,2.13785000e-06
3.98095929e-01,2.13795000e-06
3.98170174e-01,2.13805000e-06
3.98243211e-01,2.13815000e-06
3.98317574e-01,2.13825000e-06
3.98390731e-01,2.13835000e-06
3.98465210e-01,2.13845000e-06
3.98538485e-01,2.13855000e-06
3.98613082e-01,2.13865000e-06
3.98686475e-01,2.13875000e-06
3.98761188e-01,2.13885000e-06
3.98834698e-01,2.13895000e-06
3.98909526e-01,2.13905000e-06
3.98983153e-01,2.13915000e-06
3.99058096e-01,2.13925000e-06
3.99131839e-01,2.13935000e-06
3.99206897e-01,2.13945000e-06
3.99280755e-01,2.13955000e-06
3.99355927e-01,2.13965000e-06
3.99429900e-01,2.13975000e-06
3.99505184e-01,2.13985000e-06
3.99579271e-01,2.13995000e-06
3.99654669e-01,2.14005000e-06
3.99728869e-01,2.14015000e-06
3.99804379e-01,2.14025000e-06
3.99878692e-01,2.14035000e-06
3.99954313e-01,2.14045000e-06
4.00028739e-01,2.14055000e-06
4.00104471e-01,2.14065000e-06
4.00179008e-01,2.14075000e-06
4.00254850e-01,2.14085000e-06
4.00329498e-01,2.14095000e-06
4.00405450e-01,2.14105000e-06
4.00480209e-01,2.14115000e-06
4.00556269e-01,2.14125000e-06
4.00631138e-01,2.14135000e-06
4.00707306e-01,2.14145000e-06
4.00782285e-01,2.14155000e-06
4.00858561e-01,2.14165000e-06
4.00933648e-01,2.14175000e-06
4.01010031e-01,2.14185000e-06
4.01085226e-01,2.14195000e-06
4.01161715e-01,2.14205000e-06
4.01237018e-01,2.14215000e-06
4.01313613e-01,2.14225000e-06
4.01389022e-01,2.14235000e-06
4.01465723e-01,2.14245000e-06
4.01541238e-01,2.14255000e-06
4.01618043e-01,2.14265000e-06
4.01693664e-01,2.14275000e-06
4.01770573e-01,2.14285000e-06
4.01846298e-01,2.14295000e-06
4.01923311e-01,2.14305000e-06
4.01999140e-01,2.14315000e-06
4.02076256e-01,2.14325000e-06
4.02152189e-01,2.14335000e-06
4.02229406e-01,2.14345000e-06
4.02305443e-01,2.14355000e-06
4.02382761e-01,2.14365000e-06
4.02458900e-01,2.14375000e-06
4.02536320e-01,2.14385000e-06
4.02612560e-01,2.14395000e-06
4.02690080e-01,2.14405000e-06
4.02766421e-01,2.14415000e-06
4.02844040e-01,2.14425000e-06
4.02920482e-01,2.14435000e-06
4.02998200e-01,2.14445000e-06
4.03074742e-01,2.14455000e-06
4.03152559e-01,2.14465000e-06
4.03229200e-01,2.14475000e-06
4.03307114e-01,2.14485000e-06
4.03383853e-01,2.14495000e-06
4.03461864e-01,2.14505000e-06
4.03538702e-01,2.14515000e-06
4.03616809e-01,2.14525000e-06
4.03693744e-01,2.14535000e-06
4.03771947e-01,2.14545000e-06
4.03848979e-01,2.14555000e-06
4.03927277e-01,2.14565000e-06
4.04004405e-01,2.14575000e-06
4.04082797e-01,2.14585000e-06
4.04160020e-01,2.14595000e-06
4.04238507e-01,2.14605000e-06
4.04315824e-01,2.14615000e-06
4.04394404e-01,2.14625000e-06
4.04471816e-01,2.14635000e-06
4.04550489e-01,2.14645000e-06
4.04627994e-01,2.14655000e-06
4.04706758e-01,2.14665000e-06
4.04784356e-01,2.14675000e-06
4.04863212e-01,2.14685000e-06
4.04940902e-01,2.14695000e-06
4.05019848e-01,2.14705000e-06
4.05097630e-01,2.14715000e-06
4.05176666e-01,2.14725000e-06
4.05254539e-01,2.14735000e-06
4.05333665e-01,2.14745000e-06
4.05411628e-01,2.14755000e-06
4.05490842e-01,2.14765000e-06
4.05568895e-01,2.14775000e-06
4.05648198e-01,2.14785000e-06
4.05726339e-01,2.14795000e-06
4.05805729e-01,2.14805000e-06
4.05883959e-01,2.14815000e-06
4.05963436e-01,2.14825000e-06
4.06041754e-01,2.14835000e-06
4.06121317e-01,2.14845000e-06
4.06199722e-01,2.14855000e-06
4.06279371e-01,2.14865000e-06
4.06357862e-01,2.14875000e-06
4.06437596e-01,2.14885000e-06
4.06516173e-01,2.14895000e-06
4.06595991e-01,2.14905000e-06
4.06674653e-01,2.14915000e-06
4.06754555e-01,2.14925000e-06
4.06833302e-01,2.14935000e-06
4.06913286e-01,2.14945000e-06
4.06992117e-01,2.14955000e-06
4.07072184e-01,2.14965000e-06
4.07151098e-01,2.14975000e-06
4.07231247e-01,2.14985000e-06
4.07310244e-01,2.14995000e-06
4.07390473e-01,2.15005000e-06
4.07469552e-01,2.15015000e-06
4.07549863e-01,2.15025000e-06
4.07629023e-01,2.15035000e-06
4.07709413e-01,2.15045000e-06
4.07788654e-01,2.15055000e-06
4.07869123e-01,2.15065000e-06
4.07948444e-01,2.15075000e-06
4.08028992e-01,2.15085000e-06
4.08108393e-01,2.15095000e-06
4.08189018e-01,2.15105000e-06
4.08268498e-01,2.15115000e-06
4.08349201e-01,2.15125000e-06
4.08428759e-01,2.15135000e-06
4.08509538e-01,2.15145000e-06
4.08589174e-01,2.15155000e-06
4.08670030e-01,2.15165000e-06
4.08749742e-01,2.15175000e-06
4.08830673e-01,2.15185000e-06
4.08910462e-01,2.15195000e-06
4.08991468e-01,2.15205000e-06
4.09071332e-01,2.15215000e-06
4.09152412e-01,2.15225000e-06
4.09232351e-01,2.15235000e-06
4.09313505e-01,2.15245000e-06
4.09393519e-01,2.15255000e-06
4.09474746e-01,2.15265000e-06
4.09554833e-01,2.15275000e-06
4.09636132e-01,2.15285000e-06
4.09716293e-01,2.15295000e-06
4.09797664e-01,2.15305000e-06
4.09877897e-01,2.15315000e-06
4.09959339e-01,2.15325000e-06
4.10039644e-01,2.15335000e-06
4.10121156e-01,2.15345000e-06
4.10201533e-01,2.15355000e-06
4.10283115e-01,2.15365000e-06
4.10363562e-01,2.15375000e-06
4.10445213e-01,2.15385000e-06
4.10525731e-01,2.15395000e-06
4.10607450e-01,2.15405000e-06
4.10688037e-01,2.15415000e-06
4.10769825e-01,2.15425000e-06
4.10850481e-01,2.15435000e-06
4.10932336e-01,2.15445000e-06
4.11013060e-01,2.15455000e-06
4.11094981e-01,2.15465000e-06
4.11175773e-01,2.15475000e-06
4.11257761e-01,2.15485000e-06
4.11338620e-01,2.15495000e-06
4.11420673e-01,2.15505000e-06
4.11501598e-01,2.15515000e-06
4.11583716e-01,2.15525000e-06
4.11664707e-01,2.15535000e-06
4.11746890e-01,2.15545000e-06
4.11827946e-01,2.15555000e-06
4.11910192e-01,2.15565000e-06
4.11991313e-01,2.15575000e-06
4.12073622e-01,2.15585000e-06
4.12154806e-01,2.15595000e-06
4.12237178e-01,2.15605000e-06
4.12318426e-01,2.15615000e-06
4.12400860e-01,2.15625000e-06
4.12482171e-01,2.15635000e-06
4.12564665e-01,2.15645000e-06
4.12646039e-01,2.15655000e-06
4.12728594e-01,2.15665000e-06
4.12810029e-01,2.15675000e-06
4.12892644e-01,2.15685000e-06
4.12974140e-01,2.15695000e-06
4.13056815e-01,2.15705000e-06
4.13138371e-01,2.15715000e-06
4.13221105e-01,2.15725000e-06
4.13302720e-01,2.15735000e-06
4.13385513e-01,2.15745000e-06
4.13467188e-01,2.15755000e-06
4.13550037e-01,2.15765000e-06
4.13631771e-01,2.15775000e-06
4.13714678e-01,2.15785000e-06
4.13796470e-01,2.15795000e-06
4.13879433e-01,2.15805000e-06
4.13961282e-01,2.15815000e-06
4.14044302e-01,2.15825000e-06
4.14126208e-01,2.15835000e-06
4.14209283e-01,2.15845000e-06
4.14291245e-01,2.15855000e-06
4.14374374e-01,2.15865000e-06
4.14456392e-01,2.15875000e-06
4.14539576e-01,2.15885000e-06
4.14621649e-01,2.15895000e-06
4.14704887e-01,2.15905000e-06
4.14787014e-01,2.15915000e-06
4.14870305e-01,2.15925000e-06
4.14952486e-01,2.15935000e-06
4.15035829e-01,2.15945000e-06
4.15118065e-01,2.15955000e-06
4.15201459e-01,2.15965000e-06
4.15283747e-01,2.15975000e-06
4.15367193e-01,2.15985000e-06
4.15449534e-01,2.15995000e-06
4.15533031e-01,2.16005000e-06
4.15615423e-01,2.16015000e-06
4.15698970e-01,2.16025000e-06
4.15781413e-01,2.16035000e-06
4.15865010e-01,2.16045000e-06
4.15947503e-01,2.16055000e-06
4.16031149e-01,2.16065000e-06
4.16113693e-01,2.16075000e-06
4.16197388e-01,2.16085000e-06
4.16279981e-01,2.16095000e-06
4.16363723e-01,2.16105000e-06
4.16446366e-01,2.16115000e-06
4.16530155e-01,2.16125000e-06
4.16612846e-01,2.16135000e-06
4.16696683e-01,2.16145000e-06
4.16779421e-01,2.16155000e-06
4.16863304e-01,2.16165000e-06
4.16946090e-01,2.16175000e-06
4.17030019e-01,2.16185000e-06
4.17112852e-01,2.16195000e-06
4.17196826e-01,2.16205000e-06
4.17279704e-01,2.16215000e-06
4.17363723e-01,2.16225000e-06
4.17446648e-01,2.16235000e-06
4.17530711e-01,2.16245000e-06
4.17613681e-01,2.16255000e-06
4.17697787e-01,2.16265000e-06
4.17780802e-01,2.16275000e-06
4.17864952e-01,2.16285000e-06
4.17948010e-01,2.16295000e-06
4.18032202e-01,2.16305000e-06
4.18115304e-01,2.16315000e-06
4.18199539e-01,2.16325000e-06
4.18282684e-01,2.16335000e-06
4.18366960e-01,2.16345000e-06
4.18450147e-01,2.16355000e-06
4.18534465e-01,2.16365000e-06
4.18617694e-01,2.16375000e-06
4.18702052e-01,2.16385000e-06
4.18785323e-01,2.16395000e-06
4.18869721e-01,2.16405000e-06
4.18953033e-01,2.16415000e-06
4.19037470e-01,2.16425000e-06
4.19120822e-01,2.16435000e-06
4.19205299e-01,2.16445000e-06
4.19288691e-01,2.16455000e-06
4.19373206e-01,2.16465000e-06
4.19456638e-01,2.16475000e-06
4.19541191e-01,2.16485000e-06
4.19624661e-01,2.16495000e-06
4.19709252e-01,2.16505000e-06
4.19792761e-01,2.16515000e-06
4.19877388e-01,2.16525000e-06
4.19960936e-01,2.16535000e-06
4.20045600e-01,2.16545000e-06
4.20129184e-01,2.16555000e-06
4.20213884e-01,2.16565000e-06
4.20297506e-01,2.16575000e-06
4.20382242e-01,2.16585000e-06
4.20465900e-01,2.16595000e-06
4.20550670e-01,2.16605000e-06
4.20634364e-01,2.16615000e-06
4.20719170e-01,2.16625000e-06
4.20802900e-01,2.16635000e-06
4.20887739e-01,2.16645000e-06
4.20971504e-01,2.16655000e-06
4.21056377e-01,2.16665000e-06
4.21140176e-01,2.16675000e-06
4.21225082e-01,2.16685000e-06
4.21308916e-01,2.16695000e-06
4.21393855e-01,2.16705000e-06
4.21477722e-01,2.16715000e-06
4.21562693e-01,2.16725000e-06
4.21646594e-01,2.16735000e-06
4.21731597e-01,2.16745000e-06
4.21815530e-01,2.16755000e-06
4.21900564e-01,2.16765000e-06
4.21984530e-01,2.16775000e-06
4.22069595e-01,2.16785000e-06
4.22153592e-01,2.16795000e-06
4.22238688e-01,2.16805000e-06
4.22322717e-01,2.16815000e-06
4.22407842e-01,2.16825000e-06
4.22491902e-01,2.16835000e-06
4.22577057e-01,2.16845000e-06
4.22661148e-01,2.16855000e-06
4.22746332e-01,2.16865000e-06
4.22830452e-01,2.16875000e-06
4.22915665e-01,2.16885000e-06
4.22999815e-01,2.16895000e-06
4.23085056e-01,2.16905000e-06
4.23169235e-01,2.16915000e-06
4.23254504e-01,2.16925000e-06
4.23338712e-01,2.16935000e-06
4.23424009e-01,2.16945000e-06
4.23508245e-01,2.16955000e-06
4.23593568e-01,2.16965000e-06
4.23677833e-01,2.16975000e-06
4.23763182e-01,2.16985000e-06
4.23847474e-01,2.16995000e-06
4.23932850e-01,2.17005000e-06
4.24017169e-01,2.17015000e-06
4.24102571e-01,2.17025000e-06
4.24186916e-01,2.17035000e-06
4.24272343e-01,2.17045000e-06
4.24356715e-01,2.17055000e-06
4.24442167e-01,2.17065000e-06
4.24526565e-01,2.17075000e-06
4.24612041e-01,2.17085000e-06
4.24696465e-01,2.17095000e-06
4.24781965e-01,2.17105000e-06
4.24866413e-01,2.17115000e-06
4.24951937e-01,2.17125000e-06
4.25036411e-01,2.17135000e-06
4.25121958e-01,2.17145000e-06
4.25206455e-01,2.17155000e-06
4.25292026e-01,2.17165000e-06
4.25376547e-01,2.17175000e-06
4.25462140e-01,2.17185000e-06
4.25546685e-01,2.17195000e-06
4.25632300e-01,2.17205000e-06
4.25716868e-01,2.17215000e-06
4.25802505e-01,2.17225000e-06
4.25887096e-01,2.17235000e-06
4.25972754e-01,2.17245000e-06
4.26057367e-01,2.17255000e-06
4.26143047e-01,2.17265000e-06
4.26227682e-01,2.17275000e-06
4.26313382e-01,2.17285000e-06
4.26398039e-01,2.17295000e-06
4.26483759e-01,2.17305000e-06
4.26568438e-01,2.17315000e-06
4.26654178e-01,2.17325000e-06
4.26738877e-01,2.17335000e-06
4.26824637e-01,2.17345000e-06
4.26909357e-01,2.17355000e-06
4.26995136e-01,2.17365000e-06
4.27079876e-01,2.17375000e-06
4.27165674e-01,2.17385000e-06
4.27250434e-01,2.17395000e-06
4.27336251e-01,2.17405000e-06
4.27421031e-01,2.17415000e-06
4.27506866e-01,2.17425000e-06
4.27591664e-01,2.17435000e-06
4.27677517e-01,2.17445000e-06
4.27762335e-01,2.17455000e-06
4.27848205e-01,2.17465000e-06
4.27933042e-01,2.17475000e-06
4.28018929e-01,2.17485000e-06
4.28103784e-01,2.17495000e-06
4.28189688e-01,2.17505000e-06
4.28274561e-01,2.17515000e-06
4.28360482e-01,2.17525000e-06
4.28445372e-01,2.17535000e-06
4.28531309e-01,2.17545000e-06
4.28616216e-01,2.17555000e-06
4.28702170e-01,2.17565000e-06
4.28787094e-01,2.17575000e-06
4.28873063e-01,2.17585000e-06
4.28958004e-01,2.17595000e-06
4.29043988e-01,2.17605000e-06
4.29128946e-01,2.17615000e-06
4.29214945e-01,2.17625000e-06
4.29299918e-01,2.17635000e-06
4.29385932e-01,2.17645000e-06
4.29470921e-01,2.17655000e-06
4.29556950e-01,2.17665000e-06
4.29641954e-01,2.17675000e-06
4.29727997e-01,2.17685000e-06
4.29813017e-01,2.17695000e-06
4.29899073e-01,2.17705000e-06
4.29984108e-01,2.17715000e-06
4.30070178e-01,2.17725000e-06
4.30155227e-01,2.17735000e-06
4.30241310e-01,2.17745000e-06
4.30326374e-01,2.17755000e-06
4.30412470e-01,2.17765000e-06
4.30497548e-01,2.17775000e-06
4.30583657e-01,2.17785000e-06
4.30668748e-01,2.17795000e-06
4.30754869e-01,2.17805000e-06
4.30839974e-01,2.17815000e-06
4.30926108e-01,2.17825000e-06
4.31011226e-01,2.17835000e-06
4.31097372e-01,2.17845000e-06
4.31182503e-01,2.17855000e-06
4.31268660e-01,2.17865000e-06
4.31353804e-01,2.17875000e-06
4.31439972e-01,2.17885000e-06
4.31525129e-01,2.17895000e-06
4.31611308e-01,2.17905000e-06
4.31696477e-01,2.17915000e-06
4.31782668e-01,2.17925000e-06
4.31867848e-01,2.17935000e-06
4.31954049e-01,2.17945000e-06
4.32039242e-01,2.17955000e-06
4.32125453e-01,2.17965000e-06
4.32210657e-01,2.17975000e-06
4.32296879e-01,2.17985000e-06
4.32382094e-01,2.17995000e-06
4.32468326e-01,2.18005000e-06
4.32553552e-01,2.18015000e-06
4.32639793e-01,2.18025000e-06
4.32725030e-01,2.18035000e-06
4.32811281e-01,2.18045000e-06
4.32896529e-01,2.18055000e-06
4.32982789e-01,2.18065000e-06
4.33068047e-01,2.18075000e-06
4.33154316e-01,2.18085000e-06
4.33239584e-01,2.18095000e-06
4.33325862e-01,2.18105000e-06
4.33411139e-01,2.18115000e-06
4.33497426e-01,2.18125000e-06
4.33582714e-01,2.18135000e-06
4.33669009e-01,2.18145000e-06
4.33754306e-01,2.18155000e-06
4.33840609e-01,2.18165000e-06
4.33925915e-01,2.18175000e-06
4.34012226e-01,2.18185000e-06
4.34097542e-01,2.18195000e-06
4.34183861e-01,2.18205000e-06
4.34269185e-01,2.18215000e-06
4.34355511e-01,2.18225000e-06
4.34440844e-01,2.18235000e-06
4.34527178e-01,2.18245000e-06
4.34612519e-01,2.18255000e-06
4.34698861e-01,2.18265000e-06
4.34784210e-01,2.18275000e-06
4.34870559e-01,2.18285000e-06
4.34955916e-01,2.18295000e-06
4.35042271e-01,2.18305000e-06
4.35127637e-01,2.18315000e-06
4.35213999e-01,2.18325000e-06
4.35299372e-01,2.18335000e-06
4.35385740e-01,2.18345000e-06
4.35471121e-01,2.18355000e-06
4.35557496e-01,2.18365000e-06
4.35642884e-01,2.18375000e-06
4.35729264e-01,2.18385000e-06
4.35814660e-01,2.18395000e-06
4.35901047e-01,2.18405000e-06
4.35986449e-01,2.18415000e-06
4.36072842e-01,2.18425000e-06
4.36158251e-01,2.18435000e-06
4.36244649e-01,2.18445000e-06
4.36330065e-01,2.18455000e-06
4.36416469e-01,2.18465000e-06
4.36501891e-01,2.18475000e-06
4.36588300e-01,2.18485000e-06
4.36673729e-01,2.18495000e-06
4.36760144e-01,2.18505000e-06
4.36845579e-01,2.18515000e-06
4.36931998e-01,2.18525000e-06
4.37017440e-01,2.18535000e-06
4.37103864e-01,2.18545000e-06
4.37189311e-01,2.18555000e-06
4.37275740e-01,2.18565000e-06
4.37361193e-01,2.18575000e-06
4.37447627e-01,2.18585000e-06
4.37533086e-01,2.18595000e-06
4.37619524e-01,2.18605000e-06
4.37704988e-01,2.18615000e-06
4.37791430e-01,2.18625000e-06
4.37876900e-01,2.18635000e-06
4.37963347e-01,2.18645000e-06
4.38048822e-01,2.18655000e-06
4.38135273e-01,2.18665000e-06
4.38220753e-01,2.18675000e-06
4.38307207e-01,2.18685000e-06
4.38392693e-01,2.18695000e-06
4.38479151e-01,2.18705000e-06
4.38564642e-01,2.18715000e-06
4.38651104e-01,2.18725000e-06
4.38736599e-01,2.18735000e-06
4.38823064e-01,2.18745000e-06
4.38908564e-01,2.18755000e-06
4.38995034e-01,2.18765000e-06
4.39080538e-01,2.18775000e-06
4.39167011e-01,2.18785000e-06
4.39252519e-01,2.18795000e-06
4.39338995e-01,2.18805000e-06
4.39424509e-01,2.18815000e-06
4.39510988e-01,2.18825000e-06
4.39596505e-01,2.18835000e-06
4.39682987e-01,2.18845000e-06
4.39768509e-01,2.18855000e-06
4.39854994e-01,2.18865000e-06
4.39940520e-01,2.18875000e-06
4.40027008e-01,2.18885000e-06
4.40112537e-01,2.18895000e-06
4.40199028e-01,2.18905000e-06
4.40284562e-01,2.18915000e-06
4.40371055e-01,2.18925000e-06
4.40456592e-01,2.18935000e-06
4.40543088e-01,2.18945000e-06
4.40628630e-01,2.18955000e-06
4.40715128e-01,2.18965000e-06
4.40800673e-01,2.18975000e-06
4.40887173e-01,2.18985000e-06
4.40972722e-01,2.18995000e-06
4.41059225e-01,2.19005000e-06
4.41144777e-01,2.19015000e-06
4.41231282e-01,2.19025000e-06
4.41316837e-01,2.19035000e-06
4.41403345e-01,2.19045000e-06
4.41488903e-01,2.19055000e-06
4.41575413e-01,2.19065000e-06
4.41660975e-01,2.19075000e-06
4.41747486e-01,2.19085000e-06
4.41833051e-01,2.19095000e-06
4.41919565e-01,2.19105000e-06
4.42005133e-01,2.19115000e-06
4.42091648e-01,2.19125000e-06
4.42177219e-01,2.19135000e-06
4.42263737e-01,2.19145000e-06
4.42349311e-01,2.19155000e-06
4.42435830e-01,2.19165000e-06
4.42521407e-01,2.19175000e-06
4.42607928e-01,2.19185000e-06
4.42693507e-01,2.19195000e-06
4.42780030e-01,2.19205000e-06
4.42865612e-01,2.19215000e-06
4.42952136e-01,2.19225000e-06
4.43037721e-01,2.19235000e-06
4.43124247e-01,2.19245000e-06
4.43209835e-01,2.19255000e-06
4.43296362e-01,2.19265000e-06
4.43381953e-01,2.19275000e-06
4.43468481e-01,2.19285000e-06
4.43554074e-01,2.19295000e-06
4.43640604e-01,2.19305000e-06
4.43726200e-01,2.19315000e-06
4.43812731e-01,2.19325000e-06
4.43898329e-01,2.19335000e-06
4.43984862e-01,2.19345000e-06
4.44070463e-01,2.19355000e-06
4.44156997e-01,2.19365000e-06
4.44242600e-01,2.19375000e-06
4.44329135e-01,2.19385000e-06
4.44414740e-01,2.19395000e-06
4.44501276e-01,2.19405000e-06
4.44586884e-01,2.19415000e-06
4.44673422e-01,2.19425000e-06
4.44759032e-01,2.19435000e-06
4.44845570e-01,2.19445000e-06
4.44931182e-01,2.19455000e-06
4.45017722e-01,2.19465000e-06
4.45103337e-01,2.19475000e-06
4.45189877e-01,2.19485000e-06
4.45275494e-01,2.19495000e-06
4.45362036e-01,2.19505000e-06
4.45447655e-01,2.19515000e-06
4.45534198e-01,2.19525000e-06
4.45619819e-01,2.19535000e-06
4.45706362e-01,2.19545000e-06
4.45791986e-01,2.19555000e-06
4.45878530e-01,2.19565000e-06
4.45964155e-01,2.19575000e-06
4.46050701e-01,2.19585000e-06
4.46136329e-01,2.19595000e-06
4.46222875e-01,2.19605000e-06
4.46308505e-01,2.19615000e-06
4.46395052e-01,2.19625000e-06
4.46480684e-01,2.19635000e-06
4.46567232e-01,2.19645000e-06
4.46652866e-01,2.19655000e-06
4.46739415e-01,2.19665000e-06
4.46825050e-01,2.19675000e-06
4.46911601e-01,2.19685000e-06
4.46997238e-01,2.19695000e-06
4.47083789e-01,2.19705000e-06
4.47169429e-01,2.19715000e-06
4.47255981e-01,2.19725000e-06
4.47341622e-01,2.19735000e-06
4.47428175e-01,2.19745000e-06
4.47513818e-01,2.19755000e-06
4.47600372e-01,2.19765000e-06
4.47686017e-01,2.19775000e-06
4.47772572e-01,2.19785000e-06
4.47858219e-01,2.19795000e-06
4.47944775e-01,2.19805000e-06
4.48030424e-01,2.19815000e-06
4.48116980e-01,2.19825000e-06
4.48202631e-01,2.19835000e-06
4.48289188e-01,2.19845000e-06
4.48374842e-01,2.19855000e-06
4.48461399e-01,2.19865000e-06
4.48547055e-01,2.19875000e-06
4.48633613e-01,2.19885000e-06
4.48719270e-01,2.19895000e-06
4.48805830e-01,2.19905000e-06
4.48891489e-01,2.19915000e-06
4.48978049e-01,2.19925000e-06
4.49063710e-01,2.19935000e-06
4.49150271e-01,2.19945000e-06
4.49235934e-01,2.19955000e-06
4.49322496e-01,2.19965000e-06
4.49408161e-01,2.19975000e-06
4.49494724e-01,2.19985000e-06
4.49580391e-01,2.19995000e-06
4.49666955e-01,2.20005000e-06
4.49752624e-01,2.20015000e-06
4.49839189e-01,2.20025000e-06
4.49924860e-01,2.20035000e-06
4.50011425e-01,2.20045000e-06
4.50097098e-01,2.20055000e-06
4.50183665e-01,2.20065000e-06
4.50269340e-01,2.20075000e-06
4.50355907e-01,2.20085000e-06
4.50441584e-01,2.20095000e-06
4.50528152e-01,2.20105000e-06
4.50613831e-01,2.20115000e-06
4.50700401e-01,2.20125000e-06
4.50786082e-01,2.20135000e-06
4.50872652e-01,2.20145000e-06
4.50958335e-01,2.20155000e-06
4.51044906e-01,2.20165000e-06
4.51130592e-01,2.20175000e-06
4.51217164e-01,2.20185000e-06
4.51302851e-01,2.20195000e-06
4.51389425e-01,2.20205000e-06
4.51475114e-01,2.20215000e-06
4.51561688e-01,2.20225000e-06
4.51647380e-01,2.20235000e-06
4.51733955e-01,2.20245000e-06
4.51819649e-01,2.20255000e-06
4.51906226e-01,2.20265000e-06
4.51991922e-01,2.20275000e-06
4.52078499e-01,2.20285000e-06
4.52164198e-01,2.20295000e-06
4.52250776e-01,2.20305000e-06
4.52336477e-01,2.20315000e-06
4.52423056e-01,2.20325000e-06
4.52508760e-01,2.20335000e-06
4.52595340e-01,2.20345000e-06
4.52681046e-01,2.20355000e-06
4.52767627e-01,2.20365000e-06
4.52853335e-01,2.20375000e-06
4.52939918e-01,2.20385000e-06
4.53025628e-01,2.20395000e-06
4.53112213e-01,2.20405000e-06
4.53197925e-01,2.20415000e-06
4.53284511e-01,2.20425000e-06
4.53370225e-01,2.20435000e-06
4.53456812e-01,2.20445000e-06
4.53542529e-01,2.20455000e-06
4.53629118e-01,2.20465000e-06
4.53714837e-01,2.20475000e-06
4.53801427e-01,2.20485000e-06
4.53887149e-01,2.20495000e-06
4.53973740e-01,2.20505000e-06
4.54059465e-01,2.20515000e-06
4.54146057e-01,2.20525000e-06
4.54231784e-01,2.20535000e-06
4.54318378e-01,2.20545000e-06
4.54404108e-01,2.20555000e-06
4.54490703e-01,2.20565000e-06
4.54576436e-01,2.20575000e-06
4.54663032e-01,2.20585000e-06
4.54748767e-01,2.20595000e-06
4.54835366e-01,2.20605000e-06
4.54921103e-01,2.20615000e-06
4.55007703e-01,2.20625000e-06
4.55093444e-01,2.20635000e-06
4.55180045e-01,2.20645000e-06
4.55265788e-01,2.20655000e-06
4.55352391e-01,2.20665000e-06
4.55438137e-01,2.20675000e-06
4.55524742e-01,2.20685000e-06
4.55610491e-01,2.20695000e-06
4.55697097e-01,2.20705000e-06
4.55782849e-01,2.20715000e-06
4.55869457e-01,2.20725000e-06
4.55955212e-01,2.20735000e-06
4.56041822e-01,2.20745000e-06
4.56127579e-01,2.20755000e-06
4.56214191e-01,2.20765000e-06
4.56299951e-01,2.20775000e-06
4.56386564e-01,2.20785000e-06
4.56472328e-01,2.20795000e-06
4.56558943e-01,2.20805000e-06
4.56644710e-01,2.20815000e-06
4.56731327e-01,2.20825000e-06
4.56817096e-01,2.20835000e-06
4.56903716e-01,2.20845000e-06
4.56989488e-01,2.20855000e-06
4.57076109e-01,2.20865000e-06
4.57161885e-01,2.20875000e-06
4.57248508e-01,2.20885000e-06
4.57334287e-01,2.20895000e-06
4.57420912e-01,2.20905000e-06
4.57506694e-01,2.20915000e-06
4.57593322e-01,2.20925000e-06
4.57679107e-01,2.20935000e-06
4.57765736e-01,2.20945000e-06
4.57851525e-01,2.20955000e-06
4.57938157e-01,2.20965000e-06
4.58023948e-01,2.20975000e-06
4.58110582e-01,2.20985000e-06
4.58196377e-01,2.20995000e-06
4.58283013e-01,2.21005000e-06
4.58368812e-01,2.21015000e-06
4.58455450e-01,2.21025000e-06
4.58541252e-01,2.21035000e-06
4.58627893e-01,2.21045000e-06
4.58713698e-01,2.21055000e-06
4.58800342e-01,2.21065000e-06
4.58886150e-01,2.21075000e-06
4.58972796e-01,2.21085000e-06
4.59058608e-01,2.21095000e-06
4.59145256e-01,2.21105000e-06
4.59231072e-01,2.21115000e-06
4.59317723e-01,2.21125000e-06
4.59403542e-01,2.21135000e-06
4.59490195e-01,2.21145000e-06
4.59576018e-01,2.21155000e-06
4.59662674e-01,2.21165000e-06
4.59748501e-01,2.21175000e-06
4.59835159e-01,2.21185000e-06
4.59920989e-01,2.21195000e-06
4.60007650e-01,2.21205000e-06
4.60093484e-01,2.21215000e-06
4.60180148e-01,2.21225000e-06
4.60265986e-01,2.21235000e-06
4.60352652e-01,2.21245000e-06
4.60438494e-01,2.21255000e-06
4.60525163e-01,2.21265000e-06
4.60611008e-01,2.21275000e-06
4.60697680e-01,2.21285000e-06
4.60783530e-01,2.21295000e-06
4.60870204e-01,2.21305000e-06
4.60956058e-01,2.21315000e-06
4.61042735e-01,2.21325000e-06
4.61128593e-01,2.21335000e-06
4.61215273e-01,2.21345000e-06
4.61301135e-01,2.21355000e-06
4.61387818e-01,2.21365000e-06
4.61473684e-01,2.21375000e-06
4.61560370e-01,2.21385000e-06
4.61646240e-01,2.21395000e-06
4.61732929e-01,2.21405000e-06
4.61818803e-01,2.21415000e-06
4.61905495e-01,2.21425000e-06
4.61991373e-01,2.21435000e-06
4.62078069e-01,2.21445000e-06
4.62163951e-01,2.21455000e-06
4.62250649e-01,2.21465000e-06
4.62336536e-01,2.21475000e-06
4.62423238e-01,2.21485000e-06
4.62509128e-01,2.21495000e-06
4.62595833e-01,2.21505000e-06
4.62681728e-01,2.21515000e-06
4.62768436e-01,2.21525000e-06
4.62854336e-01,2.21535000e-06
4.62941047e-01,2.21545000e-06
4.63026951e-01,2.21555000e-06
4.63113666e-01,2.21565000e-06
4.63199575e-01,2.21575000e-06
4.63286293e-01,2.21585000e-06
4.63372205e-01,2.21595000e-06
4.63458927e-01,2.21605000e-06
4.63544844e-01,2.21615000e-06
4.63631569e-01,2.21625000e-06
4.63717491e-01,2.21635000e-06
4.63804219e-01,2.21645000e-06
4.63890146e-01,2.21655000e-06
4.63976878e-01,2.21665000e-06
4.64062809e-01,2.21675000e-06
4.64149544e-01,2.21685000e-06
4.64235480e-01,2.21695000e-06
4.64322219e-01,2.21705000e-06
4.64408160e-01,2.21715000e-06
4.64494902e-01,2.21725000e-06
4.64580847e-01,2.21735000e-06
4.64667594e-01,2.21745000e-06
4.64753544e-01,2.21755000e-06
4.64840294e-01,2.21765000e-06
4.64926248e-01,2.21775000e-06
4.65013002e-01,2.21785000e-06
4.65098962e-01,2.21795000e-06
4.65185719e-01,2.21805000e-06
4.65271684e-01,2.21815000e-06
4.65358445e-01,2.21825000e-06
4.65444414e-01,2.21835000e-06
4.65531179e-01,2.21845000e-06
4.65617154e-01,2.21855000e-06
4.65703922e-01,2.21865000e-06
4.65789902e-01,2.21875000e-06
4.65876675e-01,2.21885000e-06
4.65962659e-01,2.21895000e-06
4.66049436e-01,2.21905000e-06
4.66135425e-01,2.21915000e-06
4.66222206e-01,2.21925000e-06
4.66308200e-01,2.21935000e-06
4.66394985e-01,2.21945000e-06
4.66480985e-01,2.21955000e-06
4.66567773e-01,2.21965000e-06
4.66653778e-01,2.21975000e-06
4.66740571e-01,2.21985000e-06
4.66826581e-01,2.21995000e-06
4.66913378e-01,2.22005000e-06
4.66999393e-01,2.22015000e-06
4.67086194e-01,2.22025000e-06
4.67172214e-01,2.22035000e-06
4.67259019e-01,2.22045000e-06
4.67345045e-01,2.22055000e-06
4.67431854e-01,2.22065000e-06
4.67517885e-01,2.22075000e-06
4.67604699e-01,2.22085000e-06
4.67690735e-01,2.22095000e-06
4.67777553e-01,2.22105000e-06
4.67863595e-01,2.22115000e-06
4.67950417e-01,2.22125000e-06
4.68036464e-01,2.22135000e-06
4.68123290e-01,2.22145000e-06
4.68209343e-01,2.22155000e-06
4.68296174e-01,2.22165000e-06
4.68382232e-01,2.22175000e-06
4.68469067e-01,2.22185000e-06
4.68555130e-01,2.22195000e-06
4.68641970e-01,2.22205000e-06
4.68728039e-01,2.22215000e-06
4.68814883e-01,2.22225000e-06
4.68900958e-01,2.22235000e-06
4.68987806e-01,2.22245000e-06
4.69073886e-01,2.22255000e-06
4.69160739e-01,2.22265000e-06
4.69246825e-01,2.22275000e-06
4.69333683e-01,2.22285000e-06
4.69419774e-01,2.22295000e-06
4.69506636e-01,2.22305000e-06
4.69592733e-01,2.22315000e-06
4.69679600e-01,2.22325000e-06
4.69765703e-01,2.22335000e-06
4.69852574e-01,2.22345000e-06
4.69938683e-01,2.22355000e-06
4.70025559e-01,2.22365000e-06
4.70111673e-01,2.22375000e-06
4.70198553e-01,2.22385000e-06
4.70284673e-01,2.22395000e-06
4.70371559e-01,2.22405000e-06
4.70457685e-01,2.22415000e-06
4.70544575e-01,2.22425000e-06
4.70630706e-01,2.22435000e-06
4.70717601e-01,2.22445000e-06
4.70803739e-01,2.22455000e-06
4.70890638e-01,2.22465000e-06
4.70976782e-01,2.22475000e-06
4.71063686e-01,2.22485000e-06
4.71149836e-01,2.22495000e-06
4.71236745e-01,2.22505000e-06
4.71322900e-01,2.22515000e-06
4.71409814e-01,2.22525000e-06
4.71495976e-01,2.22535000e-06
4.71582895e-01,2.22545000e-06
4.71669062e-01,2.22555000e-06
4.71755986e-01,2.22565000e-06
4.71842159e-01,2.22575000e-06
4.71929088e-01,2.22585000e-06
4.72015267e-01,2.22595000e-06
4.72102201e-01,2.22605000e-06
4.72188387e-01,2.22615000e-06
4.72275325e-01,2.22625000e-06
4.72361517e-01,2.22635000e-06
4.72448461e-01,2.22645000e-06
4.72534658e-01,2.22655000e-06
4.72621607e-01,2.22665000e-06
4.72707811e-01,2.22675000e-06
4.72794765e-01,2.22685000e-06
4.72880975e-01,2.22695000e-06
4.72967934e-01,2.22705000e-06
4.73054150e-01,2.22715000e-06
4.73141114e-01,2.22725000e-06
4.73227336e-01,2.22735000e-06
4.73314305e-01,2.22745000e-06
4.73400534e-01,2.22755000e-06
4.73487508e-01,2.22765000e-06
4.73573743e-01,2.22775000e-06
4.73660722e-01,2.22785000e-06
4.73746963e-01,2.22795000e-06
4.73833948e-01,2.22805000e-06
4.73920195e-01,2.22815000e-06
4.74007185e-01,2.22825000e-06
4.74093439e-01,2.22835000e-06
4.74180434e-01,2.22845000e-06
4.74266694e-01,2.22855000e-06
4.74353695e-01,2.22865000e-06
4.74439961e-01,2.22875000e-06
4.74526966e-01,2.22885000e-06
4.74613239e-01,2.22895000e-06
4.74700250e-01,2.22905000e-06
4.74786529e-01,2.22915000e-06
4.74873545e-01,2.22925000e-06
4.74959831e-01,2.22935000e-06
4.75046852e-01,2.22945000e-06
4.75133144e-01,2.22955000e-06
4.75220171e-01,2.22965000e-06
4.75306469e-01,2.22975000e-06
4.75393502e-01,2.22985000e-06
4.75479806e-01,2.22995000e-06
4.75566844e-01,2.23005000e-06
4.75653155e-01,2.23015000e-06
4.75740199e-01,2.23025000e-06
4.75826516e-01,2.23035000e-06
4.75913565e-01,2.23045000e-06
4.75999889e-01,2.23055000e-06
4.76086943e-01,2.23065000e-06
4.76173274e-01,2.23075000e-06
4.76260334e-01,2.23085000e-06
4.76346671e-01,2.23095000e-06
4.76433736e-01,2.23105000e-06
4.76520079e-01,2.23115000e-06
4.76607150e-01,2.23125000e-06
4.76693500e-01,2.23135000e-06
4.76780576e-01,2.23145000e-06
4.76866933e-01,2.23155000e-06
4.76954015e-01,2.23165000e-06
4.77040378e-01,2.23175000e-06
4.77127465e-01,2.23185000e-06
4.77213836e-01,2.23195000e-06
4.77300928e-01,2.23205000e-06
4.77387305e-01,2.23215000e-06
4.77474403e-01,2.23225000e-06
4.77560787e-01,2.23235000e-06
4.77647890e-01,2.23245000e-06
4.77734280e-01,2.23255000e-06
4.77821390e-01,2.23265000e-06
4.77907786e-01,2.23275000e-06
4.77994902e-01,2.23285000e-06
4.78081305e-01,2.23295000e-06
4.78168426e-01,2.23305000e-06
4.78254836e-01,2.23315000e-06
4.78341962e-01,2.23325000e-06
4.78428379e-01,2.23335000e-06
4.78515511e-01,2.23345000e-06
4.78601934e-01,2.23355000e-06
4.78689072e-01,2.23365000e-06
4.78775502e-01,2.23375000e-06
4.78862645e-01,2.23385000e-06
4.78949082e-01,2.23395000e-06
4.79036231e-01,2.23405000e-06
4.79122675e-01,2.23415000e-06
4.79209830e-01,2.23425000e-06
4.79296280e-01,2.23435000e-06
4.79383440e-01,2.23445000e-06
4.79469898e-01,2.23455000e-06
4.79557064e-01,2.23465000e-06
4.79643528e-01,2.23475000e-06
4.79730700e-01,2.23485000e-06
4.79817170e-01,2.23495000e-06
4.79904348e-01,2.23505000e-06
4.79990825e-01,2.23515000e-06
4.80078009e-01,2.23525000e-06
4.80164493e-01,2.23535000e-06
4.80251682e-01,2.23545000e-06
4.80338173e-01,2.23555000e-06
4.80425368e-01,2.23565000e-06
4.80511866e-01,2.23575000e-06
4.80599067e-01,2.23585000e-06
4.80685572e-01,2.23595000e-06
4.80772778e-01,2.23605000e-06
4.80859290e-01,2.23615000e-06
4.80946502e-01,2.23625000e-06
4.81033020e-01,2.23635000e-06
4.81120238e-01,2.23645000e-06
4.81206764e-01,2.23655000e-06
4.81293987e-01,2.23665000e-06
4.81380520e-01,2.23675000e-06
4.81467749e-01,2.23685000e-06
4.81554288e-01,2.23695000e-06
4.81641524e-01,2.23705000e-06
4.81728070e-01,2.23715000e-06
4.81815311e-01,2.23725000e-06
4.81901864e-01,2.23735000e-06
4.81989111e-01,2.23745000e-06
4.82075671e-01,2.23755000e-06
4.82162924e-01,2.23765000e-06
4.82249490e-01,2.23775000e-06
4.82336749e-01,2.23785000e-06
4.82423322e-01,2.23795000e-06
4.82510587e-01,2.23805000e-06
4.82597167e-01,2.23815000e-06
4.82684438e-01,2.23825000e-06
4.82771025e-01,2.23835000e-06
4.82858301e-01,2.23845000e-06
4.82944895e-01,2.23855000e-06
4.83032177e-01,2.23865000e-06
4.83118779e-01,2.23875000e-06
4.83206066e-01,2.23885000e-06
4.83292675e-01,2.23895000e-06
4.83379968e-01,2.23905000e-06
4.83466583e-01,2.23915000e-06
4.83553883e-01,2.23925000e-06
4.83640505e-01,2.23935000e-06
4.83727810e-01,2.23945000e-06
4.83814439e-01,2.23955000e-06
4.83901750e-01,2.23965000e-06
4.83988386e-01,2.23975000e-06
4.84075703e-01,2.23985000e-06
4.84162346e-01,2.23995000e-06
4.84249669e-01,2.24005000e-06
4.84336318e-01,2.24015000e-06
4.84423647e-01,2.24025000e-06
4.84510304e-01,2.24035000e-06
4.84597639e-01,2.24045000e-06
4.84684302e-01,2.24055000e-06
4.84771643e-01,2.24065000e-06
4.84858313e-01,2.24075000e-06
4.84945660e-01,2.24085000e-06
4.85032337e-01,2.24095000e-06
4.85119689e-01,2.24105000e-06
4.85206373e-01,2.24115000e-06
4.85293731e-01,2.24125000e-06
4.85380423e-01,2.24135000e-06
4.85467787e-01,2.24145000e-06
4.85554485e-01,2.24155000e-06
4.85641854e-01,2.24165000e-06
4.85728559e-01,2.24175000e-06
4.85815935e-01,2.24185000e-06
4.85902647e-01,2.24195000e-06
4.85990029e-01,2.24205000e-06
4.86076747e-01,2.24215000e-06
4.86164135e-01,2.24225000e-06
4.86250860e-01,2.24235000e-06
4.86338254e-01,2.24245000e-06
4.86424986e-01,2.24255000e-06
4.86512385e-01,2.24265000e-06
4.86599125e-01,2.24275000e-06
4.86686530e-01,2.24285000e-06
4.86773276e-01,2.24295000e-06
4.86860687e-01,2.24305000e-06
4.86947440e-01,2.24315000e-06
4.87034857e-01,2.24325000e-06
4.87121617e-01,2.24335000e-06
4.87209039e-01,2.24345000e-06
4.87295806e-01,2.24355000e-06
4.87383235e-01,2.24365000e-06
4.87470008e-01,2.24375000e-06
4.87557443e-01,2.24385000e-06
4.87644223e-01,2.24395000e-06
4.87731663e-01,2.24405000e-06
4.87818451e-01,2.24415000e-06
4.87905896e-01,2.24425000e-06
4.87992691e-01,2.24435000e-06
4.88080142e-01,2.24445000e-06
4.88166944e-01,2.24455000e-06
4.88254401e-01,2.24465000e-06
4.88341209e-01,2.24475000e-06
4.88428672e-01,2.24485000e-06
4.88515487e-01,2.24495000e-06
4.88602956e-01,2.24505000e-06
4.88689777e-01,2.24515000e-06
4.88777252e-01,2.24525000e-06
4.88864081e-01,2.24535000e-06
4.88951561e-01,2.24545000e-06
4.89038396e-01,2.24555000e-06
4.89125882e-01,2.24565000e-06
4.89212724e-01,2.24575000e-06
4.89300216e-01,2.24585000e-06
4.89387065e-01,2.24595000e-06
4.89474563e-01,2.24605000e-06
4.89561418e-01,2.24615000e-06
4.89648922e-01,2.24625000e-06
4.89735784e-01,2.24635000e-06
4.89823293e-01,2.24645000e-06
4.89910162e-01,2.24655000e-06
4.89997677e-01,2.24665000e-06
4.90084553e-01,2.24675000e-06
4.90172073e-01,2.24685000e-06
4.90258956e-01,2.24695000e-06
4.90346482e-01,2.24705000e-06
4.90433371e-01,2.24715000e-06
4.90520903e-01,2.24725000e-06
4.90607799e-01,2.24735000e-06
4.90695336e-01,2.24745000e-06
4.90782239e-01,2.24755000e-06
4.90869782e-01,2.24765000e-06
4.90956691e-01,2.24775000e-06
4.91044240e-01,2.24785000e-06
4.91131156e-01,2.24795000e-06
4.91218710e-01,2.24805000e-06
4.91305633e-01,2.24815000e-06
4.91393193e-01,2.24825000e-06
4.91480122e-01,2.24835000e-06
4.91567687e-01,2.24845000e-06
4.91654623e-01,2.24855000e-06
4.91742194e-01,2.24865000e-06
4.91829137e-01,2.24875000e-06
4.91916713e-01,2.24885000e-06
4.92003662e-01,2.24895000e-06
4.92091244e-01,2.24905000e-06
4.92178200e-01,2.24915000e-06
4.92265788e-01,2.24925000e-06
4.92352750e-01,2.24935000e-06
4.92440343e-01,2.24945000e-06
4.92527311e-01,2.24955000e-06
4.92614910e-01,2.24965000e-06
4.92701885e-01,2.24975000e-06
4.92789489e-01,2.24985000e-06
4.92876471e-01,2.24995000e-06
4.92964081e-01,2.25005000e-06
4.93051069e-01,2.25015000e-06
4.93138684e-01,2.25025000e-06
4.93225678e-01,2.25035000e-06
4.93313299e-01,2.25045000e-06
4.93400300e-01,2.25055000e-06
4.93487926e-01,2.25065000e-06
4.93574933e-01,2.25075000e-06
4.93662564e-01,2.25085000e-06
4.93749578e-01,2.25095000e-06
4.93837215e-01,2.25105000e-06
4.93924235e-01,2.25115000e-06
4.94011877e-01,2.25125000e-06
4.94098903e-01,2.25135000e-06
4.94186551e-01,2.25145000e-06
4.94273584e-01,2.25155000e-06
4.94361236e-01,2.25165000e-06
4.94448275e-01,2.25175000e-06
4.94535933e-01,2.25185000e-06
4.94622979e-01,2.25195000e-06
4.94710642e-01,2.25205000e-06
4.94797693e-01,2.25215000e-06
4.94885362e-01,2.25225000e-06
4.94972420e-01,2.25235000e-06
4.95060093e-01,2.25245000e-06
4.95147158e-01,2.25255000e-06
4.95234836e-01,2.25265000e-06
4.95321907e-01,2.25275000e-06
4.95409591e-01,2.25285000e-06
4.95496667e-01,2.25295000e-06
4.95584356e-01,2.25305000e-06
4.95671439e-01,2.25315000e-06
4.95759133e-01,2.25325000e-06
4.95846222e-01,2.25335000e-06
4.95933921e-01,2.25345000e-06
4.96021016e-01,2.25355000e-06
4.96108721e-01,2.25365000e-06
4.96195822e-01,2.25375000e-06
4.96283531e-01,2.25385000e-06
4.96370638e-01,2.25395000e-06
4.96458352e-01,2.25405000e-06
4.96545466e-01,2.25415000e-06
4.96633185e-01,2.25425000e-06
4.96720304e-01,2.25435000e-06
4.96808028e-01,2.25445000e-06
4.96895153e-01,2.25455000e-06
4.96982883e-01,2.25465000e-06
4.97070014e-01,2.25475000e-06
4.97157748e-01,2.25485000e-06
4.97244885e-01,2.25495000e-06
4.97332624e-01,2.25505000e-06
4.97419767e-01,2.25515000e-06
4.97507511e-01,2.25525000e-06
4.97594659e-01,2.25535000e-06
4.97682408e-01,2.25545000e-06
4.97769562e-01,2.25555000e-06
4.97857316e-01,2.25565000e-06
4.97944476e-01,2.25575000e-06
4.98032235e-01,2.25585000e-06
4.98119401e-01,2.25595000e-06
4.98207164e-01,2.25605000e-06
4.98294335e-01,2.25615000e-06
4.98382103e-01,2.25625000e-06
4.98469281e-01,2.25635000e-06
4.98557053e-01,2.25645000e-06
4.98644236e-01,2.25655000e-06
4.98732013e-01,2.25665000e-06
4.98819202e-01,2.25675000e-06
4.98906983e-01,2.25685000e-06
4.98994178e-01,2.25695000e-06
4.99081964e-01,2.25705000e-06
4.99169164e-01,2.25715000e-06
4.99256954e-01,2.25725000e-06
4.99344160e-01,2.25735000e-06
4.99431955e-01,2.25745000e-06
4.99519166e-01,2.25755000e-06
4.99606966e-01,2.25765000e-06
4.99694182e-01,2.25775000e-06
4.99781986e-01,2.25785000e-06
4.99869208e-01,2.25795000e-06
4.99957017e-01,2.25805000e-06
5.00044244e-01,2.25815000e-06
5.00132057e-01,2.25825000e-06
5.00219289e-01,2.25835000e-06
5.00307107e-01,2.25845000e-06
5.00394345e-01,2.25855000e-06
5.00482166e-01,2.25865000e-06
5.00569409e-01,2.25875000e-06
5.00657235e-01,2.25885000e-06
5.00744483e-01,2.25895000e-06
5.00832313e-01,2.25905000e-06
5.00919567e-01,2.25915000e-06
5.01007401e-01,2.25925000e-06
5.01094660e-01,2.25935000e-06
5.01182498e-01,2.25945000e-06
5.01269762e-01,2.25955000e-06
5.01357604e-01,2.25965000e-06
5.01444873e-01,2.25975000e-06
5.01532719e-01,2.25985000e-06
5.01619993e-01,2.25995000e-06
5.01707844e-01,2.26005000e-06
5.01795123e-01,2.26015000e-06
5.01882977e-01,2.26025000e-06
5.01970261e-01,2.26035000e-06
5.02058119e-01,2.26045000e-06
5.02145408e-01,2.26055000e-06
5.02233270e-01,2.26065000e-06
5.02320564e-01,2.26075000e-06
5.02408430e-01,2.26085000e-06
5.02495729e-01,2.26095000e-06
5.02583599e-01,2.26105000e-06
5.02670902e-01,2.26115000e-06
5.02758776e-01,2.26125000e-06
5.02846084e-01,2.26135000e-06
5.02933961e-01,2.26145000e-06
5.03021274e-01,2.26155000e-06
5.03109155e-01,2.26165000e-06
5.03196472e-01,2.26175000e-06
5.03284357e-01,2.26185000e-06
5.03371679e-01,2.26195000e-06
5.03459567e-01,2.26205000e-06
5.03546894e-01,2.26215000e-06
5.03634785e-01,2.26225000e-06
5.03722116e-01,2.26235000e-06
5.03810012e-01,2.26245000e-06
5.03897347e-01,2.26255000e-06
5.03985246e-01,2.26265000e-06
5.04072586e-01,2.26275000e-06
5.04160488e-01,2.26285000e-06
5.04247832e-01,2.26295000e-06
5.04335737e-01,2.26305000e-06
5.04423086e-01,2.26315000e-06
5.04510995e-01,2.26325000e-06
5.04598348e-01,2.26335000e-06
5.04686259e-01,2.26345000e-06
5.04773617e-01,2.26355000e-06
5.04861532e-01,2.26365000e-06
5.04948893e-01,2.26375000e-06
5.05036811e-01,2.26385000e-06
5.05124176e-01,2.26395000e-06
5.05212098e-01,2.26405000e-06
5.05299467e-01,2.26415000e-06
5.05387391e-01,2.26425000e-06
5.05474765e-01,2.26435000e-06
5.05562692e-01,2.26445000e-06
5.05650069e-01,2.26455000e-06
5.05737999e-01,2.26465000e-06
5.05825381e-01,2.26475000e-06
5.05913313e-01,2.26485000e-06
5.06000699e-01,2.26495000e-06
5.06088634e-01,2.26505000e-06
5.06176023e-01,2.26515000e-06
5.06263962e-01,2.26525000e-06
5.06351354e-01,2.26535000e-06
5.06439295e-01,2.26545000e-06
5.06526692e-01,2.26555000e-06
5.06614636e-01,2.26565000e-06
5.06702035e-01,2.26575000e-06
5.06789982e-01,2.26585000e-06
5.06877385e-01,2.26595000e-06
5.06965334e-01,2.26605000e-06
5.07052741e-01,2.26615000e-06
5.07140692e-01,2.26625000e-06
5.07228103e-01,2.26635000e-06
5.07316056e-01,2.26645000e-06
5.07403470e-01,2.26655000e-06
5.07491426e-01,2.26665000e-06
5.07578843e-01,2.26675000e-06
5.07666801e-01,2.26685000e-06
5.07754222e-01,2.26695000e-06
5.07842182e-01,2.26705000e-06
5.07929606e-01,2.26715000e-06
5.08017568e-01,2.26725000e-06
5.08104995e-01,2.26735000e-06
5.08192960e-01,2.26745000e-06
5.08280389e-01,2.26755000e-06
5.08368356e-01,2.26765000e-06
5.08455788e-01,2.26775000e-06
5.08543757e-01,2.26785000e-06
5.08631192e-01,2.26795000e-06
5.08719163e-01,2.26805000e-06
5.08806601e-01,2.26815000e-06
5.08894574e-01,2.26825000e-06
5.08982015e-01,2.26835000e-06
5.09069989e-01,2.26845000e-06
5.09157433e-01,2.26855000e-06
5.09245409e-01,2.26865000e-06
5.09332855e-01,2.26875000e-06
5.09420833e-01,2.26885000e-06
5.09508282e-01,2.26895000e-06
5.09596261e-01,2.26905000e-06
5.09683712e-01,2.26915000e-06
5.09771693e-01,2.26925000e-06
5.09859147e-01,2.26935000e-06
5.09947129e-01,2.26945000e-06
5.10034585e-01,2.26955000e-06
5.10122568e-01,2.26965000e-06
5.10210027e-01,2.26975000e-06
5.10298011e-01,2.26985000e-06
5.10385472e-01,2.26995000e-06
5.10473458e-01,2.27005000e-06
5.10560920e-01,2.27015000e-06
5.10648907e-01,2.27025000e-06
5.10736372e-01,2.27035000e-06
5.10824360e-01,2.27045000e-06
5.10911827e-01,2.27055000e-06
5.10999816e-01,2.27065000e-06
5.11087285e-01,2.27075000e-06
5.11175274e-01,2.27085000e-06
5.11262745e-01,2.27095000e-06
5.11350735e-01,2.27105000e-06
5.11438208e-01,2.27115000e-06
5.11526199e-01,2.27125000e-06
5.11613673e-01,2.27135000e-06
5.11701665e-01,2.27145000e-06
5.11789140e-01,2.27155000e-06
5.11877133e-01,2.27165000e-06
5.11964610e-01,2.27175000e-06
5.12052603e-01,2.27185000e-06
5.12140081e-01,2.27195000e-06
5.12228075e-01,2.27205000e-06
5.12315554e-01,2.27215000e-06
5.12403548e-01,2.27225000e-06
5.12491029e-01,2.27235000e-06
5.12579023e-01,2.27245000e-06
5.12666505e-01,2.27255000e-06
5.12754499e-01,2.27265000e-06
5.12841982e-01,2.27275000e-06
5.12929976e-01,2.27285000e-06
5.13017461e-01,2.27295000e-06
5.13105455e-01,2.27305000e-06
5.13192940e-01,2.27315000e-06
5.13280934e-01,2.27325000e-06
5.13368420e-01,2.27335000e-06
5.13456414e-01,2.27345000e-06
5.13543900e-01,2.27355000e-06
5.13631894e-01,2.27365000e-06
5.13719381e-01,2.27375000e-06
5.13807374e-01,2.27385000e-06
5.13894862e-01,2.27395000e-06
5.13982854e-01,2.27405000e-06
5.14070343e-01,2.27415000e-06
5.14158335e-01,2.27425000e-06
5.14245823e-01,2.27435000e-06
5.14333815e-01,2.27445000e-06
5.14421303e-01,2.27455000e-06
5.14509294e-01,2.27465000e-06
5.14596783e-01,2.27475000e-06
5.14684773e-01,2.27485000e-06
5.14772262e-01,2.27495000e-06
5.14860251e-01,2.27505000e-06
5.14947740e-01,2.27515000e-06
5.15035727e-01,2.27525000e-06
5.15123216e-01,2.27535000e-06
5.15211203e-01,2.27545000e-06
5.15298691e-01,2.27555000e-06
5.15386677e-01,2.27565000e-06
5.15474165e-01,2.27575000e-06
5.15562149e-01,2.27585000e-06
5.15649637e-01,2.27595000e-06
5.15737619e-01,2.27605000e-06
5.15825106e-01,2.27615000e-06
5.15913087e-01,2.27625000e-06
5.16000574e-01,2.27635000e-06
5.16088553e-01,2.27645000e-06
5.16176039e-01,2.27655000e-06
5.16264017e-01,2.27665000e-06
5.16351502e-01,2.27675000e-06
5.16439477e-01,2.27685000e-06
5.16526961e-01,2.27695000e-06
5.16614935e-01,2.27705000e-06
5.16702418e-01,2.27715000e-06
5.16790389e-01,2.27725000e-06
5.16877871e-01,2.27735000e-06
5.16965840e-01,2.27745000e-06
5.17053320e-01,2.27755000e-06
5.17141287e-01,2.27765000e-06
5.17228766e-01,2.27775000e-06
5.17316731e-01,2.27785000e-06
5.17404208e-01,2.27795000e-06
5.17492170e-01,2.27805000e-06
5.17579646e-01,2.27815000e-06
5.17667605e-01,2.27825000e-06
5.17755079e-01,2.27835000e-06
5.17843036e-01,2.27845000e-06
5.17930508e-01,2.27855000e-06
5.18018461e-01,2.27865000e-06
5.18105931e-01,2.27875000e-06
5.18193882e-01,2.27885000e-06
5.18281350e-01,2.27895000e-06
5.18369297e-01,2.27905000e-06
5.18456763e-01,2.27915000e-06
5.18544707e-01,2.27925000e-06
5.18632170e-01,2.27935000e-06
5.18720111e-01,2.27945000e-06
5.18807572e-01,2.27955000e-06
5.18895509e-01,2.27965000e-06
5.18982967e-01,2.27975000e-06
5.19070901e-01,2.27985000e-06
5.19158356e-01,2.27995000e-06
5.19246286e-01,2.28005000e-06
5.19333739e-01,2.28015000e-06
5.19421665e-01,2.28025000e-06
5.19509114e-01,2.28035000e-06
5.19597036e-01,2.28045000e-06
5.19684482e-01,2.28055000e-06
5.19772400e-01,2.28065000e-06
5.19859843e-01,2.28075000e-06
5.19947756e-01,2.28085000e-06
5.20035196e-01,2.28095000e-06
5.20123105e-01,2.28105000e-06
5.20210541e-01,2.28115000e-06
5.20298445e-01,2.28125000e-06
5.20385877e-01,2.28135000e-06
5.20473777e-01,2.28145000e-06
5.20561206e-01,2.28155000e-06
5.20649100e-01,2.28165000e-06
5.20736525e-01,2.28175000e-06
5.20824415e-01,2.28185000e-06
5.20911835e-01,2.28195000e-06
5.20999720e-01,2.28205000e-06
5.21087136e-01,2.28215000e-06
5.21175015e-01,2.28225000e-06
5.21262427e-01,2.28235000e-06
5.21350301e-01,2.28245000e-06
5.21437708e-01,2.28255000e-06
5.21525576e-01,2.28265000e-06
5.21612978e-01,2.28275000e-06
5.21700841e-01,2.28285000e-06
5.21788238e-01,2.28295000e-06
5.21876095e-01,2.28305000e-06
5.21963488e-01,2.28315000e-06
5.22051338e-01,2.28325000e-06
5.22138725e-01,2.28335000e-06
5.22226570e-01,2.28345000e-06
5.22313952e-01,2.28355000e-06
5.22401790e-01,2.28365000e-06
5.22489167e-01,2.28375000e-06
5.22576998e-01,2.28385000e-06
5.22664369e-01,2.28395000e-06
5.22752194e-01,2.28405000e-06
5.22839559e-01,2.28415000e-06
5.22927377e-01,2.28425000e-06
5.23014736e-01,2.28435000e-06
5.23102547e-01,2.28445000e-06
5.23189900e-01,2.28455000e-06
5.23277704e-01,2.28465000e-06
5.23365051e-01,2.28475000e-06
5.23452847e-01,2.28485000e-06
5.23540187e-01,2.28495000e-06
5.23627977e-01,2.28505000e-06
5.23715310e-01,2.28515000e-06
5.23803092e-01,2.28525000e-06
5.23890418e-01,2.28535000e-06
5.23978192e-01,2.28545000e-06
5.24065511e-01,2.28555000e-06
5.24153277e-01,2.28565000e-06
5.24240589e-01,2.28575000e-06
5.24328347e-01,2.28585000e-06
5.24415652e-01,2.28595000e-06
5.24503401e-01,2.28605000e-06
5.24590698e-01,2.28615000e-06
5.24678439e-01,2.28625000e-06
5.24765729e-01,2.28635000e-06
5.24853461e-01,2.28645000e-06
5.24940742e-01,2.28655000e-06
5.25028465e-01,2.28665000e-06
5.25115739e-01,2.28675000e-06
5.25203453e-01,2.28685000e-06
5.25290718e-01,2.28695000e-06
5.25378423e-01,2.28705000e-06
5.25465680e-01,2.28715000e-06
5.25553375e-01,2.28725000e-06
5.25640623e-01,2.28735000e-06
5.25728308e-01,2.28745000e-06
5.25815548e-01,2.28755000e-06
5.25903223e-01,2.28765000e-06
5.25990454e-01,2.28775000e-06
5.26078119e-01,2.28785000e-06
5.26165340e-01,2.28795000e-06
5.26252995e-01,2.28805000e-06
5.26340207e-01,2.28815000e-06
5.26427851e-01,2.28825000e-06
5.26515053e-01,2.28835000e-06
5.26602687e-01,2.28845000e-06
5.26689879e-01,2.28855000e-06
5.26777502e-01,2.28865000e-06
5.26864684e-01,2.28875000e-06
5.26952296e-01,2.28885000e-06
5.27039467e-01,2.28895000e-06
5.27127068e-01,2.28905000e-06
5.27214229e-01,2.28915000e-06
5.27301818e-01,2.28925000e-06
5.27388969e-01,2.28935000e-06
5.27476546e-01,2.28945000e-06
5.27563685e-01,2.28955000e-06
5.27651251e-01,2.28965000e-06
5.27738379e-01,2.28975000e-06
5.27825932e-01,2.28985000e-06
5.27913049e-01,2.28995000e-06
5.28000589e-01,2.29005000e-06
5.28087694e-01,2.29015000e-06
5.28175222e-01,2.29025000e-06
5.28262316e-01,2.29035000e-06
5.28349831e-01,2.29045000e-06
5.28436912e-01,2.29055000e-06
5.28524414e-01,2.29065000e-06
5.28611483e-01,2.29075000e-06
5.28698971e-01,2.29085000e-06
5.28786028e-01,2.29095000e-06
5.28873503e-01,2.29105000e-06
5.28960546e-01,2.29115000e-06
5.29048007e-01,2.29125000e-06
5.29135038e-01,2.29135000e-06
5.29222485e-01,2.29145000e-06
5.29309502e-01,2.29155000e-06
5.29396935e-01,2.29165000e-06
5.29483939e-01,2.29175000e-06
5.29571357e-01,2.29185000e-06
5.29658347e-01,2.29195000e-06
5.29745750e-01,2.29205000e-06
5.29832726e-01,2.29215000e-06
5.29920114e-01,2.29225000e-06
5.30007075e-01,2.29235000e-06
5.30094448e-01,2.29245000e-06
5.30181395e-01,2.29255000e-06
5.30268753e-01,2.29265000e-06
5.30355685e-01,2.29275000e-06
5.30443026e-01,2.29285000e-06
5.30529943e-01,2.29295000e-06
5.30617268e-01,2.29305000e-06
5.30704170e-01,2.29315000e-06
5.30791479e-01,2.29325000e-06
5.30878365e-01,2.29335000e-06
5.30965657e-01,2.29345000e-06
5.31052527e-01,2.29355000e-06
5.31139802e-01,2.29365000e-06
5.31226656e-01,2.29375000e-06
5.31313914e-01,2.29385000e-06
5.31400751e-01,2.29395000e-06
5.31487992e-01,2.29405000e-06
5.31574812e-01,2.29415000e-06
5.31662035e-01,2.29425000e-06
5.31748838e-01,2.29435000e-06
5.31836043e-01,2.29445000e-06
5.31922829e-01,2.29455000e-06
5.32010015e-01,2.29465000e-06
5.32096784e-01,2.29475000e-06
5.32183951e-01,2.29485000e-06
5.32270702e-01,2.29495000e-06
5.32357850e-01,2.29505000e-06
5.32444582e-01,2.29515000e-06
5.32531712e-01,2.29525000e-06
5.32618425e-01,2.29535000e-06
5.32705535e-01,2.29545000e-06
5.32792230e-01,2.29555000e-06
5.32879320e-01,2.29565000e-06
5.32965995e-01,2.29575000e-06
5.33053065e-01,2.29585000e-06
5.33139721e-01,2.29595000e-06
5.33226770e-01,2.29605000e-06
5.33313406e-01,2.29615000e-06
5.33400435e-01,2.29625000e-06
5.33487051e-01,2.29635000e-06
5.33574058e-01,2.29645000e-06
5.33660654e-01,2.29655000e-06
5.33747640e-01,2.29665000e-06
5.33834214e-01,2.29675000e-06
5.33921178e-01,2.29685000e-06
5.34007732e-01,2.29695000e-06
5.34094674e-01,2.29705000e-06
5.34181206e-01,2.29715000e-06
5.34268125e-01,2.29725000e-06
5.34354636e-01,2.29735000e-06
5.34441532e-01,2.29745000e-06
5.34528021e-01,2.29755000e-06
5.34614894e-01,2.29765000e-06
5.34701360e-01,2.29775000e-06
5.34788210e-01,2.29785000e-06
5.34874653e-01,2.29795000e-06
5.34961479e-01,2.29805000e-06
5.35047899e-01,2.29815000e-06
5.35134700e-01,2.29825000e-06
5.35221097e-01,2.29835000e-06
5.35307874e-01,2.29845000e-06
5.35394246e-01,2.29855000e-06
5.35480998e-01,2.29865000e-06
5.35567347e-01,2.29875000e-06
5.35654073e-01,2.29885000e-06
5.35740397e-01,2.29895000e-06
5.35827098e-01,2.29905000e-06
5.35913397e-01,2.29915000e-06
5.36000072e-01,2.29925000e-06
5.36086345e-01,2.29935000e-06
5.36172994e-01,2.29945000e-06
5.36259242e-01,2.29955000e-06
5.36345864e-01,2.29965000e-06
5.36432085e-01,2.29975000e-06
5.36518680e-01,2.29985000e-06
5.36604875e-01,2.29995000e-06
5.36691442e-01,2.30005000e-06
5.36777610e-01,2.30015000e-06
5.36864149e-01,2.30025000e-06
5.36950290e-01,2.30035000e-06
5.37036801e-01,2.30045000e-06
5.37122914e-01,2.30055000e-06
5.37209396e-01,2.30065000e-06
5.37295481e-01,2.30075000e-06
5.37381934e-01,2.30085000e-06
5.37467991e-01,2.30095000e-06
5.37554414e-01,2.30105000e-06
5.37640442e-01,2.30115000e-06
5.37726835e-01,2.30125000e-06
5.37812834e-01,2.30135000e-06
5.37899197e-01,2.30145000e-06
5.37985166e-01,2.30155000e-06
5.38071498e-01,2.30165000e-06
5.38157437e-01,2.30175000e-06
5.38243738e-01,2.30185000e-06
5.38329646e-01,2.30195000e-06
5.38415916e-01,2.30205000e-06
5.38501793e-01,2.30215000e-06
5.38588031e-01,2.30225000e-06
5.38673876e-01,2.30235000e-06
5.38760082e-01,2.30245000e-06
5.38845895e-01,2.30255000e-06
5.38932068e-01,2.30265000e-06
5.39017850e-01,2.30275000e-06
5.39103989e-01,2.30285000e-06
5.39189738e-01,2.30295000e-06
5.39275844e-01,2.30305000e-06
5.39361559e-01,2.30315000e-06
5.39447631e-01,2.30325000e-06
5.39533313e-01,2.30335000e-06
5.39619350e-01,2.30345000e-06
5.39704998e-01,2.30355000e-06
5.39791000e-01,2.30365000e-06
5.39876614e-01,2.30375000e-06
5.39962581e-01,2.30385000e-06
5.40048159e-01,2.30395000e-06
5.40134090e-01,2.30405000e-06
5.40219634e-01,2.30415000e-06
5.40305528e-01,2.30425000e-06
5.40391036e-01,2.30435000e-06
5.40476894e-01,2.30445000e-06
5.40562365e-01,2.30455000e-06
5.40648186e-01,2.30465000e-06
5.40733621e-01,2.30475000e-06
5.40819403e-01,2.30485000e-06
5.40904801e-01,2.30495000e-06
5.40990546e-01,2.30505000e-06
5.41075906e-01,2.30515000e-06
5.41161612e-01,2.30525000e-06
5.41246935e-01,2.30535000e-06
5.41332601e-01,2.30545000e-06
5.41417885e-01,2.30555000e-06
5.41503513e-01,2.30565000e-06
5.41588758e-01,2.30575000e-06
5.41674345e-01,2.30585000e-06
5.41759551e-01,2.30595000e-06
5.41845098e-01,2.30605000e-06
5.41930264e-01,2.30615000e-06
5.42015770e-01,2.30625000e-06
5.42100896e-01,2.30635000e-06
5.42186361e-01,2.30645000e-06
5.42271445e-01,2.30655000e-06
5.42356869e-01,2.30665000e-06
5.42441912e-01,2.30675000e-06
5.42527293e-01,2.30685000e-06
5.42612295e-01,2.30695000e-06
5.42697633e-01,2.30705000e-06
5.42782593e-01,2.30715000e-06
5.42867888e-01,2.30725000e-06
5.42952805e-01,2.30735000e-06
5.43038057e-01,2.30745000e-06
5.43122931e-01,2.30755000e-06
5.43208138e-01,2.30765000e-06
5.43292969e-01,2.30775000e-06
5.43378132e-01,2.30785000e-06
5.43462919e-01,2.30795000e-06
5.43548037e-01,2.30805000e-06
5.43632779e-01,2.30815000e-06
5.43717851e-01,2.30825000e-06
5.43802549e-01,2.30835000e-06
5.43887576e-01,2.30845000e-06
5.43972228e-01,2.30855000e-06
5.44057208e-01,2.30865000e-06
5.44141815e-01,2.30875000e-06
5.44226748e-01,2.30885000e-06
5.44311308e-01,2.30895000e-06
5.44396195e-01,2.30905000e-06
5.44480708e-01,2.30915000e-06
5.44565547e-01,2.30925000e-06
5.44650014e-01,2.30935000e-06
5.44734804e-01,2.30945000e-06
5.44819223e-01,2.30955000e-06
5.44903966e-01,2.30965000e-06
5.44988337e-01,2.30975000e-06
5.45073030e-01,2.30985000e-06
5.45157352e-01,2.30995000e-06
5.45241996e-01,2.31005000e-06
5.45326270e-01,2.31015000e-06
5.45410864e-01,2.31025000e-06
5.45495089e-01,2.31035000e-06
5.45579633e-01,2.31045000e-06
5.45663807e-01,2.31055000e-06
5.45748301e-01,2.31065000e-06
5.45832425e-01,2.31075000e-06
5.45916868e-01,2.31085000e-06
5.46000942e-01,2.31095000e-06
5.46085332e-01,2.31105000e-06
5.46169356e-01,2.31115000e-06
5.46253695e-01,2.31125000e-06
5.46337666e-01,2.31135000e-06
5.46421953e-01,2.31145000e-06
5.46505873e-01,2.31155000e-06
5.46590107e-01,2.31165000e-06
5.46673975e-01,2.31175000e-06
5.46758156e-01,2.31185000e-06
5.46841971e-01,2.31195000e-06
5.46926099e-01,2.31205000e-06
5.47009861e-01,2.31215000e-06
5.47093935e-01,2.31225000e-06
5.47177644e-01,2.31235000e-06
5.47261664e-01,2.31245000e-06
5.47345319e-01,2.31255000e-06
5.47429284e-01,2.31265000e-06
5.47512885e-01,2.31275000e-06
5.47596795e-01,2.31285000e-06
5.47680342e-01,2.31295000e-06
5.47764196e-01,2.31305000e-06
5.47847689e-01,2.31315000e-06
5.47931487e-01,2.31325000e-06
5.48014925e-01,2.31335000e-06
5.48098667e-01,2.31345000e-06
5.48182049e-01,2.31355000e-06
5.48265735e-01,2.31365000e-06
5.48349061e-01,2.31375000e-06
5.48432690e-01,2.31385000e-06
5.48515959e-01,2.31395000e-06
5.48599532e-01,2.31405000e-06
5.48682745e-01,2.31415000e-06
5.48766259e-01,2.31425000e-06
5.48849415e-01,2.31435000e-06
5.48932872e-01,2.31445000e-06
5.49015971e-01,2.31455000e-06
5.49099370e-01,2.31465000e-06
5.49182411e-01,2.31475000e-06
5.49265751e-01,2.31485000e-06
5.49348735e-01,2.31495000e-06
5.49432016e-01,2.31505000e-06
5.49514941e-01,2.31515000e-06
5.49598164e-01,2.31525000e-06
5.49681030e-01,2.31535000e-06
5.49764193e-01,2.31545000e-06
5.49847001e-01,2.31555000e-06
5.49930104e-01,2.31565000e-06
5.50012853e-01,2.31575000e-06
5.50095896e-01,2.31585000e-06
5.50178585e-01,2.31595000e-06
5.50261568e-01,2.31605000e-06
5.50344197e-01,2.31615000e-06
5.50427119e-01,2.31625000e-06
5.50509688e-01,2.31635000e-06
5.50592549e-01,2.31645000e-06
5.50675057e-01,2.31655000e-06
5.50757857e-01,2.31665000e-06
5.50840305e-01,2.31675000e-06
5.50923043e-01,2.31685000e-06
5.51005430e-01,2.31695000e-06
5.51088107e-01,2.31705000e-06
5.51170432e-01,2.31715000e-06
5.51253046e-01,2.31725000e-06
5.51335310e-01,2.31735000e-06
5.51417862e-01,2.31745000e-06
5.51500064e-01,2.31755000e-06
5.51582553e-01,2.31765000e-06
5.51664692e-01,2.31775000e-06
5.51747118e-01,2.31785000e-06
5.51829195e-01,2.31795000e-06
5.51911558e-01,2.31805000e-06
5.51993572e-01,2.31815000e-06
5.52075871e-01,2.31825000e-06
5.52157822e-01,2.31835000e-06
5.52240057e-01,2.31845000e-06
5.52321945e-01,2.31855000e-06
5.52404115e-01,2.31865000e-06
5.52485939e-01,2.31875000e-06
5.52568046e-01,2.31885000e-06
5.52649806e-01,2.31895000e-06
5.52731847e-01,2.31905000e-06
5.52813543e-01,2.31915000e-06
5.52895519e-01,2.31925000e-06
5.52977150e-01,2.31935000e-06
5.53059060e-01,2.31945000e-06
5.53140627e-01,2.31955000e-06
5.53222471e-01,2.31965000e-06
5.53303972e-01,2.31975000e-06
5.53385751e-01,2.31985000e-06
5.53467187e-01,2.31995000e-06
5.53548899e-01,2.32005000e-06
5.53630269e-01,2.32015000e-06
5.53711915e-01,2.32025000e-06
5.53793218e-01,2.32035000e-06
5.53874797e-01,2.32045000e-06
5.53956034e-01,2.32055000e-06
5.54037546e-01,2.32065000e-06
5.54118716e-01,2.32075000e-06
5.54200161e-01,2.32085000e-06
5.54281264e-01,2.32095000e-06
5.54362640e-01,2.32105000e-06
5.54443676e-01,2.32115000e-06
5.54524984e-01,2.32125000e-06
5.54605952e-01,2.32135000e-06
5.54687192e-01,2.32145000e-06
5.54768092e-01,2.32155000e-06
5.54849263e-01,2.32165000e-06
5.54930095e-01,2.32175000e-06
5.55011197e-01,2.32185000e-06
5.55091960e-01,2.32195000e-06
5.55172992e-01,2.32205000e-06
5.55253686e-01,2.32215000e-06
5.55334649e-01,2.32225000e-06
5.55415274e-01,2.32235000e-06
5.55496166e-01,2.32245000e-06
5.55576721e-01,2.32255000e-06
5.55657543e-01,2.32265000e-06
5.55738029e-01,2.32275000e-06
5.55818780e-01,2.32285000e-06
5.55899195e-01,2.32295000e-06
5.55979875e-01,2.32305000e-06
5.56060219e-01,2.32315000e-06
5.56140828e-01,2.32325000e-06
5.56221101e-01,2.32335000e-06
5.56301638e-01,2.32345000e-06
5.56381840e-01,2.32355000e-06
5.56462305e-01,2.32365000e-06
5.56542435e-01,2.32375000e-06
5.56622827e-01,2.32385000e-06
5.56702886e-01,2.32395000e-06
5.56783205e-01,2.32405000e-06
5.56863191e-01,2.32415000e-06
5.56943438e-01,2.32425000e-06
5.57023351e-01,2.32435000e-06
5.57103524e-01,2.32445000e-06
5.57183364e-01,2.32455000e-06
5.57263463e-01,2.32465000e-06
5.57343230e-01,2.32475000e-06
5.57423254e-01,2.32485000e-06
5.57502947e-01,2.32495000e-06
5.57582898e-01,2.32505000e-06
5.57662516e-01,2.32515000e-06
5.57742392e-01,2.32525000e-06
5.57821936e-01,2.32535000e-06
5.57901736e-01,2.32545000e-06
5.57981206e-01,2.32555000e-06
5.58060930e-01,2.32565000e-06
5.58140324e-01,2.32575000e-06
5.58219973e-01,2.32585000e-06
5.58299291e-01,2.32595000e-06
5.58378863e-01,2.32605000e-06
5.58458106e-01,2.32615000e-06
5.58537602e-01,2.32625000e-06
5.58616768e-01,2.32635000e-06
5.58696186e-01,2.32645000e-06
5.58775276e-01,2.32655000e-06
5.58854617e-01,2.32665000e-06
5.58933630e-01,2.32675000e-06
5.59012893e-01,2.32685000e-06
5.59091828e-01,2.32695000e-06
5.59171013e-01,2.32705000e-06
5.59249871e-01,2.32715000e-06
5.59328977e-01,2.32725000e-06
5.59407756e-01,2.32735000e-06
5.59486784e-01,2.32745000e-06
5.59565485e-01,2.32755000e-06
5.59644433e-01,2.32765000e-06
5.59723055e-01,2.32775000e-06
5.59801924e-01,2.32785000e-06
5.59880466e-01,2.32795000e-06
5.59959255e-01,2.32805000e-06
5.60037718e-01,2.32815000e-06
5.60116427e-01,2.32825000e-06
5.60194810e-01,2.32835000e-06
5.60273438e-01,2.32845000e-06
5.60351740e-01,2.32855000e-06
5.60430287e-01,2.32865000e-06
5.60508509e-01,2.32875000e-06
5.60586974e-01,2.32885000e-06
5.60665116e-01,2.32895000e-06
5.60743499e-01,2.32905000e-06
5.60821559e-01,2.32915000e-06
5.60899860e-01,2.32925000e-06
5.60977838e-01,2.32935000e-06
5.61056057e-01,2.32945000e-06
5.61133953e-01,2.32955000e-06
5.61212089e-01,2.32965000e-06
5.61289902e-01,2.32975000e-06
5.61367955e-01,2.32985000e-06
5.61445686e-01,2.32995000e-06
5.61523655e-01,2.33005000e-06
5.61601302e-01,2.33015000e-06
5.61679188e-01,2.33025000e-06
5.61756752e-01,2.33035000e-06
5.61834553e-01,2.33045000e-06
5.61912033e-01,2.33055000e-06
5.61989750e-01,2.33065000e-06
5.62067146e-01,2.33075000e-06
5.62144778e-01,2.33085000e-06
5.62222089e-01,2.33095000e-06
5.62299636e-01,2.33105000e-06
5.62376862e-01,2.33115000e-06
5.62454324e-01,2.33125000e-06
5.62531465e-01,2.33135000e-06
5.62608840e-01,2.33145000e-06
5.62685896e-01,2.33155000e-06
5.62763186e-01,2.33165000e-06
5.62840156e-01,2.33175000e-06
5.62917359e-01,2.33185000e-06
5.62994242e-01,2.33195000e-06
5.63071359e-01,2.33205000e-06
5.63148156e-01,2.33215000e-06
5.63225185e-01,2.33225000e-06
5.63301896e-01,2.33235000e-06
5.63378838e-01,2.33245000e-06
5.63455462e-01,2.33255000e-06
5.63532316e-01,2.33265000e-06
5.63608853e-01,2.33275000e-06
5.63685619e-01,2.33285000e-06
5.63762068e-01,2.33295000e-06
5.63838746e-01,2.33305000e-06
5.63915108e-01,2.33315000e-06
5.63991697e-01,2.33325000e-06
5.64067970e-01,2.33335000e-06
5.64144472e-01,2.33345000e-06
5.64220656e-01,2.33355000e-06
5.64297069e-01,2.33365000e-06
5.64373165e-01,2.33375000e-06
5.64449488e-01,2.33385000e-06
5.64525495e-01,2.33395000e-06
5.64601729e-01,2.33405000e-06
5.64677648e-01,2.33415000e-06
5.64753792e-01,2.33425000e-06
5.64829621e-01,2.33435000e-06
5.64905676e-01,2.33445000e-06
5.64981415e-01,2.33455000e-06
5.65057380e-01,2.33465000e-06
5.65133030e-01,2.33475000e-06
5.65208904e-01,2.33485000e-06
5.65284464e-01,2.33495000e-06
5.65360248e-01,2.33505000e-06
5.65435718e-01,2.33515000e-06
5.65511412e-01,2.33525000e-06
5.65586792e-01,2.33535000e-06
5.65662395e-01,2.33545000e-06
5.65737685e-01,2.33555000e-06
5.65813197e-01,2.33565000e-06
5.65888396e-01,2.33575000e-06
5.65963818e-01,2.33585000e-06
5.66038926e-01,2.33595000e-06
5.66114257e-01,2.33605000e-06
5.66189275e-01,2.33615000e-06
5.66264514e-01,2.33625000e-06
5.66339441e-01,2.33635000e-06
5.66414590e-01,2.33645000e-06
5.66489426e-01,2.33655000e-06
5.66564484e-01,2.33665000e-06
5.66639229e-01,2.33675000e-06
5.66714195e-01,2.33685000e-06
5.66788850e-01,2.33695000e-06
5.66863725e-01,2.33705000e-06
5.66938288e-01,2.33715000e-06
5.67013072e-01,2.33725000e-06
5.67087545e-01,2.33735000e-06
5.67162238e-01,2.33745000e-06
5.67236619e-01,2.33755000e-06
5.67311221e-01,2.33765000e-06
5.67385512e-01,2.33775000e-06
5.67460022e-01,2.33785000e-06
5.67534223e-01,2.33795000e-06
5.67608642e-01,2.33805000e-06
5.67682752e-01,2.33815000e-06
5.67757080e-01,2.33825000e-06
5.67831100e-01,2.33835000e-06
5.67905337e-01,2.33845000e-06
5.67979266e-01,2.33855000e-06
5.68053414e-01,2.33865000e-06
5.68127252e-01,2.33875000e-06
5.68201309e-01,2.33885000e-06
5.68275058e-01,2.33895000e-06
5.68349024e-01,2.33905000e-06
5.68422683e-01,2.33915000e-06
5.68496560e-01,2.33925000e-06
5.68570129e-01,2.33935000e-06
5.68643917e-01,2.33945000e-06
5.68717397e-01,2.33955000e-06
5.68791095e-01,2.33965000e-06
5.68864486e-01,2.33975000e-06
5.68938095e-01,2.33985000e-06
5.69011397e-01,2.33995000e-06
5.69084918e-01,2.34005000e-06
5.69158132e-01,2.34015000e-06
5.69231565e-01,2.34025000e-06
5.69304691e-01,2.34035000e-06
5.69378036e-01,2.34045000e-06
5.69451075e-01,2.34055000e-06
5.69524333e-01,2.34065000e-06
5.69597285e-01,2.34075000e-06
5.69670456e-01,2.34085000e-06
5.69743322e-01,2.34095000e-06
5.69816407e-01,2.34105000e-06
5.69889188e-01,2.34115000e-06
5.69962187e-01,2.34125000e-06
5.70034883e-01,2.34135000e-06
5.70107797e-01,2.34145000e-06
5.70180409e-01,2.34155000e-06
5.70253239e-01,2.34165000e-06
5.70325767e-01,2.34175000e-06
5.70398514e-01,2.34185000e-06
5.70470959e-01,2.34195000e-06
5.70543624e-01,2.34205000e-06
5.70615987e-01,2.34215000e-06
5.70688571e-01,2.34225000e-06
5.70760853e-01,2.34235000e-06
5.70833356e-01,2.34245000e-06
5.70905557e-01,2.34255000e-06
5.70977981e-01,2.34265000e-06
5.71050103e-01,2.34275000e-06
5.71122448e-01,2.34285000e-06
5.71194493e-01,2.34295000e-06
5.71266760e-01,2.34305000e-06
5.71338728e-01,2.34315000e-06
5.71410919e-01,2.34325000e-06
5.71482811e-01,2.34335000e-06
5.71554928e-01,2.34345000e-06
5.71626745e-01,2.34355000e-06
5.71698788e-01,2.34365000e-06
5.71770533e-01,2.34375000e-06
5.71842504e-01,2.34385000e-06
5.71914177e-01,2.34395000e-06
5.71986077e-01,2.34405000e-06
5.72057680e-01,2.34415000e-06
5.72129511e-01,2.34425000e-06
5.72201046e-01,2.34435000e-06
5.72272810e-01,2.34445000e-06
5.72344278e-01,2.34455000e-06
5.72415976e-01,2.34465000e-06
5.72487380e-01,2.34475000e-06
5.72559014e-01,2.34485000e-06
5.72630355e-01,2.34495000e-06
5.72701927e-01,2.34505000e-06
5.72773207e-01,2.34515000e-06
5.72844720e-01,2.34525000e-06
5.72915941e-01,2.34535000e-06
5.72987396e-01,2.34545000e-06
5.73058560e-01,2.34555000e-06
5.73129960e-01,2.34565000e-06
5.73201070e-01,2.34575000e-06
5.73272418e-01,2.34585000e-06
5.73343476e-01,2.34595000e-06
5.73414773e-01,2.34605000e-06
5.73485783e-01,2.34615000e-06
5.73557032e-01,2.34625000e-06
5.73627995e-01,2.34635000e-06
5.73699200e-01,2.34645000e-06
5.73770119e-01,2.34655000e-06
5.73841282e-01,2.34665000e-06
5.73912161e-01,2.34675000e-06
5.73983286e-01,2.34685000e-06
5.74054127e-01,2.34695000e-06
5.74125216e-01,2.34705000e-06
5.74196024e-01,2.34715000e-06
5.74267081e-01,2.34725000e-06
5.74337858e-01,2.34735000e-06
5.74408887e-01,2.34745000e-06
5.74479638e-01,2.34755000e-06
5.74550642e-01,2.34765000e-06
5.74621370e-01,2.34775000e-06
5.74692354e-01,2.34785000e-06
5.74763062e-01,2.34795000e-06
5.74834030e-01,2.34805000e-06
5.74904724e-01,2.34815000e-06
5.74975680e-01,2.34825000e-06
5.75046364e-01,2.34835000e-06
5.75117313e-01,2.34845000e-06
5.75187991e-01,2.34855000e-06
5.75258938e-01,2.34865000e-06
5.75329616e-01,2.34875000e-06
5.75400565e-01,2.34885000e-06
5.75471248e-01,2.34895000e-06
5.75542205e-01,2.34905000e-06
5.75612898e-01,2.34915000e-06
5.75683869e-01,2.34925000e-06
5.75754578e-01,2.34935000e-06
5.75825569e-01,2.34945000e-06
5.75896300e-01,2.34955000e-06
5.75967316e-01,2.34965000e-06
5.76038076e-01,2.34975000e-06
5.76109124e-01,2.34985000e-06
5.76179919e-01,2.34995000e-06
5.76251006e-01,2.35005000e-06
5.76321843e-01,2.35015000e-06
5.76392977e-01,2.35025000e-06
5.76463862e-01,2.35035000e-06
5.76535050e-01,2.35045000e-06
5.76605993e-01,2.35055000e-06
5.76677243e-01,2.35065000e-06
5.76748250e-01,2.35075000e-06
5.76819570e-01,2.35085000e-06
5.76890652e-01,2.35095000e-06
5.76962050e-01,2.35105000e-06
5.77033214e-01,2.35115000e-06
5.77104701e-01,2.35125000e-06
5.77175957e-01,2.35135000e-06
5.77247541e-01,2.35145000e-06
5.77318899e-01,2.35155000e-06
5.77390591e-01,2.35165000e-06
5.77462061e-01,2.35175000e-06
5.77533871e-01,2.35185000e-06
5.77605465e-01,2.35195000e-06
5.77677405e-01,2.35205000e-06
5.77749133e-01,2.35215000e-06
5.77821215e-01,2.35225000e-06
5.77893090e-01,2.35235000e-06
5.77965326e-01,2.35245000e-06
5.78037360e-01,2.35255000e-06
5.78109764e-01,2.35265000e-06
5.78181971e-01,2.35275000e-06
5.78254555e-01,2.35285000e-06
5.78326949e-01,2.35295000e-06
5.78399730e-01,2.35305000e-06
5.78472326e-01,2.35315000e-06
5.78545317e-01,2.35325000e-06
5.78618131e-01,2.35335000e-06
5.78691323e-01,2.35345000e-06
5.78764204e-01,2.35355000e-06
5.78837546e-01,2.35365000e-06
5.78910741e-01,2.35375000e-06
5.78984391e-01,2.35385000e-06
5.79057889e-01,2.35395000e-06
5.79131844e-01,2.35405000e-06
5.79205647e-01,2.35415000e-06
5.79279915e-01,2.35425000e-06
5.79354035e-01,2.35435000e-06
5.79428630e-01,2.35445000e-06
5.79503085e-01,2.35455000e-06
5.79578025e-01,2.35465000e-06
5.79652835e-01,2.35475000e-06
5.79728142e-01,2.35485000e-06
5.79803330e-01,2.35495000e-06
5.79879029e-01,2.35505000e-06
5.79954618e-01,2.35515000e-06
5.80030734e-01,2.35525000e-06
5.80106753e-01,2.35535000e-06
5.80183314e-01,2.35545000e-06
5.80259790e-01,2.35555000e-06
5.80336825e-01,2.35565000e-06
5.80413789e-01,2.35575000e-06
5.80491329e-01,2.35585000e-06
5.80568813e-01,2.35595000e-06
5.80646890e-01,2.35605000e-06
5.80724928e-01,2.35615000e-06
5.80803579e-01,2.35625000e-06
5.80882207e-01,2.35635000e-06
5.80961469e-01,2.35645000e-06
5.81040725e-01,2.35655000e-06
5.81120637e-01,2.35665000e-06
5.81200562e-01,2.35675000e-06
5.81281167e-01,2.35685000e-06
5.81361805e-01,2.35695000e-06
5.81443147e-01,2.35705000e-06
5.81524544e-01,2.35715000e-06
5.81606671e-01,2.35725000e-06
5.81688876e-01,2.35735000e-06
5.81771840e-01,2.35745000e-06
5.81854906e-01,2.35755000e-06
5.81938760e-01,2.35765000e-06
5.82022743e-01,2.35775000e-06
5.82107545e-01,2.35785000e-06
5.82192505e-01,2.35795000e-06
5.82278318e-01,2.35805000e-06
5.82364319e-01,2.35815000e-06
5.82451208e-01,2.35825000e-06
5.82538318e-01,2.35835000e-06
5.82626354e-01,2.35845000e-06
5.82714646e-01,2.35855000e-06
5.82803906e-01,2.35865000e-06
5.82893458e-01,2.35875000e-06
5.82984022e-01,2.35885000e-06
5.83074920e-01,2.35895000e-06
5.83166875e-01,2.35905000e-06
5.83259207e-01,2.35915000e-06
5.83352647e-01,2.35925000e-06
5.83446510e-01,2.35935000e-06
5.83541535e-01,2.35945000e-06
5.83637034e-01,2.35955000e-06
5.83733752e-01,2.35965000e-06
5.83830999e-01,2.35975000e-06
5.83929525e-01,2.35985000e-06
5.84028639e-01,2.35995000e-06
5.84129100e-01,2.36005000e-06
5.84230212e-01,2.36015000e-06
5.84332741e-01,2.36025000e-06
5.84435990e-01,2.36035000e-06
5.84540733e-01,2.36045000e-06
5.84646270e-01,2.36055000e-06
5.84753385e-01,2.36065000e-06
5.84861374e-01,2.36075000e-06
5.84971029e-01,2.36085000e-06
5.85081646e-01,2.36095000e-06
5.85194026e-01,2.36105000e-06
5.85307462e-01,2.36115000e-06
5.85422766e-01,2.36125000e-06
5.85539229e-01,2.36135000e-06
5.85657673e-01,2.36145000e-06
5.85777387e-01,2.36155000e-06
5.85899205e-01,2.36165000e-06
5.86022414e-01,2.36175000e-06
5.86147861e-01,2.36185000e-06
5.86274832e-01,2.36195000e-06
5.86404185e-01,2.36205000e-06
5.86535207e-01,2.36215000e-06
5.86668767e-01,2.36225000e-06
5.86804155e-01,2.36235000e-06
5.86942254e-01,2.36245000e-06
5.87082352e-01,2.36255000e-06
5.87225348e-01,2.36265000e-06
5.87370532e-01,2.36275000e-06
5.87518819e-01,2.36285000e-06
5.87669502e-01,2.36295000e-06
5.87823510e-01,2.36305000e-06
5.87980142e-01,2.36315000e-06
5.88140346e-01,2.36325000e-06
5.88303422e-01,2.36335000e-06
5.88470339e-01,2.36345000e-06
5.88640404e-01,2.36355000e-06
5.88814606e-01,2.36365000e-06
5.88992260e-01,2.36375000e-06
5.89174376e-01,2.36385000e-06
5.89360279e-01,2.36395000e-06
5.89551005e-01,2.36405000e-06
5.89745888e-01,2.36415000e-06
5.89945992e-01,2.36425000e-06
5.90150663e-01,2.36435000e-06
5.90360997e-01,2.36445000e-06
5.90576355e-01,2.36455000e-06
5.90797864e-01,2.36465000e-06
5.91024907e-01,2.36475000e-06
5.91258646e-01,2.36485000e-06
5.91498486e-01,2.36495000e-06
5.91745630e-01,2.36505000e-06
5.91999512e-01,2.36515000e-06
5.92261378e-01,2.36525000e-06
5.92530695e-01,2.36535000e-06
5.92808762e-01,2.36545000e-06
5.93095082e-01,2.36555000e-06
5.93391014e-01,2.36565000e-06
5.93696107e-01,2.36575000e-06
5.94011786e-01,2.36585000e-06
5.94337656e-01,2.36595000e-06
5.94675219e-01,2.36605000e-06
5.95024144e-01,2.36615000e-06
5.95386025e-01,2.36625000e-06
5.95760610e-01,2.36635000e-06
5.96149596e-01,2.36645000e-06
5.96552828e-01,2.36655000e-06
5.96972128e-01,2.36665000e-06
5.97407458e-01,2.36675000e-06
5.97860784e-01,2.36685000e-06
5.98332212e-01,2.36695000e-06
5.98823886e-01,2.36705000e-06
5.99336086e-01,2.36715000e-06
5.99871170e-01,2.36725000e-06
6.00429635e-01,2.36735000e-06
6.01014099e-01,2.36745000e-06
6.01625326e-01,2.36755000e-06
6.02266255e-01,2.36765000e-06
6.02937985e-01,2.36775000e-06
6.03643854e-01,2.36785000e-06
6.04385382e-01,2.36795000e-06
6.05166377e-01,2.36805000e-06
6.05988880e-01,2.36815000e-06
6.06857310e-01,2.36825000e-06
6.07774355e-01,2.36835000e-06
6.08745171e-01,2.36845000e-06
6.09773240e-01,2.36855000e-06
6.10864610e-01,2.36865000e-06
6.12023712e-01,2.36875000e-06
6.13257644e-01,2.36885000e-06
6.14571941e-01,2.36895000e-06
6.15974891e-01,2.36905000e-06
6.17473252e-01,2.36915000e-06
6.19076598e-01,2.36925000e-06
6.20792983e-01,2.36935000e-06
6.22633332e-01,2.36945000e-06
6.24607074e-01,2.36955000e-06
6.26726620e-01,2.36965000e-06
6.29003036e-01,2.36975000e-06
6.31450687e-01,2.36985000e-06
6.34083044e-01,2.36995000e-06
6.36917583e-01,2.37005000e-06
6.39971826e-01,2.37015000e-06
6.43268592e-01,2.37025000e-06
6.46832367e-01,2.37035000e-06
6.50695059e-01,2.37045000e-06
6.54892941e-01,2.37055000e-06
6.59473282e-01,2.37065000e-06
6.64492448e-01,2.37075000e-06
6.70024383e-01,2.37085000e-06
6.76161412e-01,2.37095000e-06
6.83027106e-01,2.37105000e-06
6.90784122e-01,2.37115000e-06
6.99659159e-01,2.37125000e-06
7.09972272e-01,2.37135000e-06
7.22202787e-01,2.37145000e-06
7.37102604e-01,2.37155000e-06
7.55952709e-01,2.37165000e-06
7.81199897e-01,2.37175000e-06
8.18285338e-01,2.37185000e-06
8.82947792e-01,2.37195000e-06
1.04219525e+00,2.37205000e-06
1.48388736e+00,2.37215000e-06
1.77999319e+00,2.37225000e-06
1.79706495e+00,2.37235000e-06
1.79389227e+00,2.37245000e-06
1.79814905e+00,2.37255000e-06
1.79735485e+00,2.37265000e-06
1.79955957e+00,2.37275000e-06
1.79895065e+00,2.37285000e-06
1.80008576e+00,2.37295000e-06
1.79952929e+00,2.37305000e-06
1.80018245e+00,2.37315000e-06
1.79973900e+00,2.37325000e-06
1.80016570e+00,2.37335000e-06
1.79983000e+00,2.37345000e-06
1.80013140e+00,2.37355000e-06
1.79987888e+00,2.37365000e-06
1.80010118e+00,2.37375000e-06
1.79990940e+00,2.37385000e-06
1.80007837e+00,2.37395000e-06
1.79992997e+00,2.37405000e-06
1.80006172e+00,2.37415000e-06
1.79994448e+00,2.37425000e-06
1.80004954e+00,2.37435000e-06
1.79995507e+00,2.37445000e-06
1.80004045e+00,2.37455000e-06
1.79996305e+00,2.37465000e-06
1.80003345e+00,2.37475000e-06
1.79996928e+00,2.37485000e-06
1.80002789e+00,2.37495000e-06
1.79997428e+00,2.37505000e-06
1.80002339e+00,2.37515000e-06
1.79997838e+00,2.37525000e-06
1.80001967e+00,2.37535000e-06
1.79998178e+00,2.37545000e-06
1.80001656e+00,2.37555000e-06
1.79998464e+00,2.37565000e-06
1.80001286e+00,2.37575000e-06
1.79998661e+00,2.37585000e-06
1.80001079e+00,2.37595000e-06
1.79998866e+00,2.37605000e-06
1.80000899e+00,2.37615000e-06
1.79999045e+00,2.37625000e-06
1.80000740e+00,2.37635000e-06
1.79999203e+00,2.37645000e-06
1.80000602e+00,2.37655000e-06
1.79999341e+00,2.37665000e-06
1.80000548e+00,2.37675000e-06
1.79999476e+00,2.37685000e-06
1.80000430e+00,2.37695000e-06
1.79999591e+00,2.37705000e-06
1.80000330e+00,2.37715000e-06
1.79999688e+00,2.37725000e-06
1.80000244e+00,2.37735000e-06
1.79999771e+00,2.37745000e-06
1.80000170e+00,2.37755000e-06
1.79999842e+00,2.37765000e-06
1.80000107e+00,2.37775000e-06
1.79999903e+00,2.37785000e-06
1.80000052e+00,2.37795000e-06
1.79999956e+00,2.37805000e-06
1.80000006e+00,2.37815000e-06
1.80000001e+00,2.37825000e-06
1.79999965e+00,2.37835000e-06
1.80000040e+00,2.37845000e-06
1.79999930e+00,2.37855000e-06
1.80000071e+00,2.37865000e-06
1.79999900e+00,2.37875000e-06
1.80000098e+00,2.37885000e-06
1.79999874e+00,2.37895000e-06
1.80000121e+00,2.37905000e-06
1.79999852e+00,2.37915000e-06
1.80000140e+00,2.37925000e-06
1.79999834e+00,2.37935000e-06
1.80000156e+00,2.37945000e-06
1.79999819e+00,2.37955000e-06
1.80000169e+00,2.37965000e-06
1.79999807e+00,2.37975000e-06
1.80000180e+00,2.37985000e-06
1.79999797e+00,2.37995000e-06
1.80000189e+00,2.38005000e-06
1.79999789e+00,2.38015000e-06
1.80000196e+00,2.38025000e-06
1.79999783e+00,2.38035000e-06
1.80000201e+00,2.38045000e-06
1.79999779e+00,2.38055000e-06
1.80000204e+00,2.38065000e-06
1.79999776e+00,2.38075000e-06
1.80000206e+00,2.38085000e-06
1.79999774e+00,2.38095000e-06
1.80000207e+00,2.38105000e-06
1.79999774e+00,2.38115000e-06
1.80000207e+00,2.38125000e-06
1.79999775e+00,2.38135000e-06
1.80000206e+00,2.38145000e-06
1.79999776e+00,2.38155000e-06
1.80000205e+00,2.38165000e-06
1.79999778e+00,2.38175000e-06
1.80000203e+00,2.38185000e-06
1.79999781e+00,2.38195000e-06
1.80000200e+00,2.38205000e-06
1.79999784e+00,2.38215000e-06
1.80000196e+00,2.38225000e-06
1.79999788e+00,2.38235000e-06
1.80000192e+00,2.38245000e-06
1.79999793e+00,2.38255000e-06
1.80000188e+00,2.38265000e-06
1.79999798e+00,2.38275000e-06
1.80000183e+00,2.38285000e-06
1.79999803e+00,2.38295000e-06
1.80000179e+00,2.38305000e-06
1.79999808e+00,2.38315000e-06
1.80000173e+00,2.38325000e-06
1.79999814e+00,2.38335000e-06
1.80000168e+00,2.38345000e-06
1.79999819e+00,2.38355000e-06
1.80000163e+00,2.38365000e-06
1.79999825e+00,2.38375000e-06
1.80000157e+00,2.38385000e-06
1.79999831e+00,2.38395000e-06
1.80000151e+00,2.38405000e-06
1.79999838e+00,2.38415000e-06
1.80000145e+00,2.38425000e-06
1.79999844e+00,2.38435000e-06
1.80000139e+00,2.38445000e-06
1.79999850e+00,2.38455000e-06
1.80000133e+00,2.38465000e-06
1.79999857e+00,2.38475000e-06
1.80000127e+00,2.38485000e-06
1.79999863e+00,2.38495000e-06
1.80000121e+00,2.38505000e-06
1.79999870e+00,2.38515000e-06
1.80000115e+00,2.38525000e-06
1.79999876e+00,2.38535000e-06
1.80000109e+00,2.38545000e-06
1.79999883e+00,2.38555000e-06
1.80000102e+00,2.38565000e-06
1.79999889e+00,2.38575000e-06
1.80000096e+00,2.38585000e-06
1.79999896e+00,2.38595000e-06
1.80000090e+00,2.38605000e-06
1.79999902e+00,2.38615000e-06
1.80000084e+00,2.38625000e-06
1.79999909e+00,2.38635000e-06
1.80000078e+00,2.38645000e-06
1.79999915e+00,2.38655000e-06
1.80000072e+00,2.38665000e-06
1.79999922e+00,2.38675000e-06
1.80000066e+00,2.38685000e-06
1.79999928e+00,2.38695000e-06
1.80000060e+00,2.38705000e-06
1.79999934e+00,2.38715000e-06
1.80000054e+00,2.38725000e-06
1.79999941e+00,2.38735000e-06
1.80000048e+00,2.38745000e-06
1.79999947e+00,2.38755000e-06
1.80000042e+00,2.38765000e-06
1.79999953e+00,2.38775000e-06
1.80000036e+00,2.38785000e-06
1.79999959e+00,2.38795000e-06
1.80000030e+00,2.38805000e-06
1.79999965e+00,2.38815000e-06
1.80000025e+00,2.38825000e-06
1.79999971e+00,2.38835000e-06
1.80000019e+00,2.38845000e-06
1.79999977e+00,2.38855000e-06
1.80000013e+00,2.38865000e-06
1.79999982e+00,2.38875000e-06
1.80000007e+00,2.38885000e-06
1.79999988e+00,2.38895000e-06
1.80000002e+00,2.38905000e-06
1.79999993e+00,2.38915000e-06
1.79999996e+00,2.38925000e-06
1.79999999e+00,2.38935000e-06
1.79999990e+00,2.38945000e-06
1.80000004e+00,2.38955000e-06
1.79999985e+00,2.38965000e-06
1.80000010e+00,2.38975000e-06
1.79999979e+00,2.38985000e-06
1.80000015e+00,2.38995000e-06
1.79999974e+00,2.39005000e-06
1.80000021e+00,2.39015000e-06
1.79999968e+00,2.39025000e-06
1.80000026e+00,2.39035000e-06
1.79999963e+00,2.39045000e-06
1.80000031e+00,2.39055000e-06
1.79999958e+00,2.39065000e-06
1.80000036e+00,2.39075000e-06
1.79999952e+00,2.39085000e-06
1.80000041e+00,2.39095000e-06
1.79999947e+00,2.39105000e-06
1.80000046e+00,2.39115000e-06
1.79999942e+00,2.39125000e-06
1.80000051e+00,2.39135000e-06
1.79999937e+00,2.39145000e-06
1.80000056e+00,2.39155000e-06
1.79999932e+00,2.39165000e-06
1.80000061e+00,2.39175000e-06
1.79999927e+00,2.39185000e-06
1.80000066e+00,2.39195000e-06
1.79999922e+00,2.39205000e-06
1.80000071e+00,2.39215000e-06
1.79999917e+00,2.39225000e-06
1.80000075e+00,2.39235000e-06
1.79999912e+00,2.39245000e-06
1.80000080e+00,2.39255000e-06
1.79999908e+00,2.39265000e-06
1.80000085e+00,2.39275000e-06
1.79999903e+00,2.39285000e-06
1.80000089e+00,2.39295000e-06
1.79999898e+00,2.39305000e-06
1.80000094e+00,2.39315000e-06
1.79999894e+00,2.39325000e-06
1.80000098e+00,2.39335000e-06
1.79999889e+00,2.39345000e-06
1.80000103e+00,2.39355000e-06
1.79999885e+00,2.39365000e-06
1.80000107e+00,2.39375000e-06
1.79999880e+00,2.39385000e-06
1.80000111e+00,2.39395000e-06
1.79999876e+00,2.39405000e-06
1.80000116e+00,2.39415000e-06
1.79999871e+00,2.39425000e-06
1.80000120e+00,2.39435000e-06
1.79999867e+00,2.39445000e-06
1.80000124e+00,2.39455000e-06
1.79999863e+00,2.39465000e-06
1.80000128e+00,2.39475000e-06
1.79999859e+00,2.39485000e-06
1.80000132e+00,2.39495000e-06
1.79999855e+00,2.39505000e-06
1.80000136e+00,2.39515000e-06
1.79999850e+00,2.39525000e-06
1.80000140e+00,2.39535000e-06
1.79999846e+00,2.39545000e-06
1.80000144e+00,2.39555000e-06
1.79999842e+00,2.39565000e-06
1.80000148e+00,2.39575000e-06
1.79999838e+00,2.39585000e-06
1.80000152e+00,2.39595000e-06
1.79999835e+00,2.39605000e-06
1.80000155e+00,2.39615000e-06
1.79999831e+00,2.39625000e-06
1.80000159e+00,2.39635000e-06
1.79999827e+00,2.39645000e-06
1.80000163e+00,2.39655000e-06
1.79999823e+00,2.39665000e-06
1.80000166e+00,2.39675000e-06
1.79999819e+00,2.39685000e-06
1.80000170e+00,2.39695000e-06
1.79999816e+00,2.39705000e-06
1.80000174e+00,2.39715000e-06
1.79999812e+00,2.39725000e-06
1.80000177e+00,2.39735000e-06
1.79999809e+00,2.39745000e-06
1.80000180e+00,2.39755000e-06
1.79999805e+00,2.39765000e-06
1.80000184e+00,2.39775000e-06
1.79999802e+00,2.39785000e-06
1.80000187e+00,2.39795000e-06
1.79999798e+00,2.39805000e-06
1.80000191e+00,2.39815000e-06
1.79999795e+00,2.39825000e-06
1.80000194e+00,2.39835000e-06
1.79999791e+00,2.39845000e-06
1.80000197e+00,2.39855000e-06
1.79999788e+00,2.39865000e-06
1.80000200e+00,2.39875000e-06
1.79999785e+00,2.39885000e-06
1.80000204e+00,2.39895000e-06
1.79999781e+00,2.39905000e-06
1.80000207e+00,2.39915000e-06
1.79999778e+00,2.39925000e-06
1.80000210e+00,2.39935000e-06
1.79999775e+00,2.39945000e-06
1.80000213e+00,2.39955000e-06
1.79999772e+00,2.39965000e-06
1.80000216e+00,2.39975000e-06
1.79999769e+00,2.39985000e-06
1.80000219e+00,2.39995000e-06
1.79999766e+00,2.40005000e-06
1.80000222e+00,2.40015000e-06
1.79999763e+00,2.40025000e-06
1.80000225e+00,2.40035000e-06
1.79999760e+00,2.40045000e-06
1.80000228e+00,2.40055000e-06
1.79999757e+00,2.40065000e-06
1.80000230e+00,2.40075000e-06
1.79999754e+00,2.40085000e-06
1.80000233e+00,2.40095000e-06
1.79999751e+00,2.40105000e-06
1.80000236e+00,2.40115000e-06
1.79999748e+00,2.40125000e-06
1.80000239e+00,2.40135000e-06
1.79999746e+00,2.40145000e-06
1.80000241e+00,2.40155000e-06
1.79999743e+00,2.40165000e-06
1.80000244e+00,2.40175000e-06
1.79999740e+00,2.40185000e-06
1.80000247e+00,2.40195000e-06
1.79999738e+00,2.40205000e-06
1.80000249e+00,2.40215000e-06
1.79999735e+00,2.40225000e-06
1.80000252e+00,2.40235000e-06
1.79999732e+00,2.40245000e-06
1.80000254e+00,2.40255000e-06
1.79999730e+00,2.40265000e-06
1.80000257e+00,2.40275000e-06
1.79999727e+00,2.40285000e-06
1.80000259e+00,2.40295000e-06
1.79999725e+00,2.40305000e-06
1.80000262e+00,2.40315000e-06
1.79999722e+00,2.40325000e-06
1.80000264e+00,2.40335000e-06
1.79999720e+00,2.40345000e-06
1.80000266e+00,2.40355000e-06
1.79999717e+00,2.40365000e-06
1.80000269e+00,2.40375000e-06
1.79999715e+00,2.40385000e-06
1.80000271e+00,2.40395000e-06
1.79999713e+00,2.40405000e-06
1.80000273e+00,2.40415000e-06
1.79999710e+00,2.40425000e-06
1.80000276e+00,2.40435000e-06
1.79999708e+00,2.40445000e-06
1.80000278e+00,2.40455000e-06
1.79999706e+00,2.40465000e-06
1.80000280e+00,2.40475000e-06
1.79999704e+00,2.40485000e-06
1.80000282e+00,2.40495000e-06
1.79999701e+00,2.40505000e-06
1.80000284e+00,2.40515000e-06
1.79999699e+00,2.40525000e-06
1.80000286e+00,2.40535000e-06
1.79999697e+00,2.40545000e-06
1.80000288e+00,2.40555000e-06
1.79999695e+00,2.40565000e-06
1.80000290e+00,2.40575000e-06
1.79999693e+00,2.40585000e-06
1.80000292e+00,2.40595000e-06
1.79999691e+00,2.40605000e-06
1.80000294e+00,2.40615000e-06
1.79999689e+00,2.40625000e-06
1.80000296e+00,2.40635000e-06
1.79999687e+00,2.40645000e-06
1.80000298e+00,2.40655000e-06
1.79999685e+00,2.40665000e-06
1.80000300e+00,2.40675000e-06
1.79999683e+00,2.40685000e-06
1.80000302e+00,2.40695000e-06
1.79999681e+00,2.40705000e-06
1.80000304e+00,2.40715000e-06
1.79999679e+00,2.40725000e-06
1.80000306e+00,2.40735000e-06
1.79999678e+00,2.40745000e-06
1.80000307e+00,2.40755000e-06
1.79999676e+00,2.40765000e-06
1.80000309e+00,2.40775000e-06
1.79999674e+00,2.40785000e-06
1.80000311e+00,2.40795000e-06
1.79999672e+00,2.40805000e-06
1.80000313e+00,2.40815000e-06
1.79999670e+00,2.40825000e-06
1.80000314e+00,2.40835000e-06
1.79999669e+00,2.40845000e-06
1.80000316e+00,2.40855000e-06
1.79999667e+00,2.40865000e-06
1.80000318e+00,2.40875000e-06
1.79999665e+00,2.40885000e-06
1.80000319e+00,2.40895000e-06
1.79999664e+00,2.40905000e-06
1.80000321e+00,2.40915000e-06
1.79999662e+00,2.40925000e-06
1.80000322e+00,2.40935000e-06
1.79999661e+00,2.40945000e-06
1.80000324e+00,2.40955000e-06
1.79999659e+00,2.40965000e-06
1.80000325e+00,2.40975000e-06
1.79999657e+00,2.40985000e-06
1.80000327e+00,2.40995000e-06
1.79999656e+00,2.41005000e-06
1.80000328e+00,2.41015000e-06
1.79999654e+00,2.41025000e-06
1.80000330e+00,2.41035000e-06
1.79999653e+00,2.41045000e-06
1.80000331e+00,2.41055000e-06
1.79999652e+00,2.41065000e-06
1.80000333e+00,2.41075000e-06
1.79999650e+00,2.41085000e-06
1.80000334e+00,2.41095000e-06
1.79999649e+00,2.41105000e-06
1.80000335e+00,2.41115000e-06
1.79999647e+00,2.41125000e-06
1.80000337e+00,2.41135000e-06
1.79999646e+00,2.41145000e-06
1.80000338e+00,2.41155000e-06
1.79999645e+00,2.41165000e-06
1.80000339e+00,2.41175000e-06
1.79999643e+00,2.41185000e-06
1.80000340e+00,2.41195000e-06
1.79999642e+00,2.41205000e-06
1.80000342e+00,2.41215000e-06
1.79999641e+00,2.41225000e-06
1.80000343e+00,2.41235000e-06
1.79999640e+00,2.41245000e-06
1.80000344e+00,2.41255000e-06
1.79999638e+00,2.41265000e-06
1.80000345e+00,2.41275000e-06
1.79999637e+00,2.41285000e-06
1.80000347e+00,2.41295000e-06
1.79999636e+00,2.41305000e-06
1.80000348e+00,2.41315000e-06
1.79999635e+00,2.41325000e-06
1.80000349e+00,2.41335000e-06
1.79999634e+00,2.41345000e-06
1.80000350e+00,2.41355000e-06
1.79999633e+00,2.41365000e-06
1.80000351e+00,2.41375000e-06
1.79999631e+00,2.41385000e-06
1.80000352e+00,2.41395000e-06
1.79999630e+00,2.41405000e-06
1.80000353e+00,2.41415000e-06
1.79999629e+00,2.41425000e-06
1.80000354e+00,2.41435000e-06
1.79999628e+00,2.41445000e-06
1.80000355e+00,2.41455000e-06
1.79999627e+00,2.41465000e-06
1.80000356e+00,2.41475000e-06
1.79999626e+00,2.41485000e-06
1.80000357e+00,2.41495000e-06
1.79999625e+00,2.41505000e-06
1.80000358e+00,2.41515000e-06
1.79999624e+00,2.41525000e-06
1.80000359e+00,2.41535000e-06
1.79999623e+00,2.41545000e-06
1.80000360e+00,2.41555000e-06
1.79999622e+00,2.41565000e-06
1.80000361e+00,2.41575000e-06
1.79999621e+00,2.41585000e-06
1.80000362e+00,2.41595000e-06
1.79999621e+00,2.41605000e-06
1.80000363e+00,2.41615000e-06
1.79999620e+00,2.41625000e-06
1.80000364e+00,2.41635000e-06
1.79999619e+00,2.41645000e-06
1.80000364e+00,2.41655000e-06
1.79999618e+00,2.41665000e-06
1.80000365e+00,2.41675000e-06
1.79999617e+00,2.41685000e-06
1.80000366e+00,2.41695000e-06
1.79999616e+00,2.41705000e-06
1.80000367e+00,2.41715000e-06
1.79999615e+00,2.41725000e-06
1.80000368e+00,2.41735000e-06
1.79999615e+00,2.41745000e-06
1.80000368e+00,2.41755000e-06
1.79999614e+00,2.41765000e-06
1.80000369e+00,2.41775000e-06
1.79999613e+00,2.41785000e-06
1.80000370e+00,2.41795000e-06
1.79999612e+00,2.41805000e-06
1.80000371e+00,2.41815000e-06
1.79999612e+00,2.41825000e-06
1.80000371e+00,2.41835000e-06
1.79999611e+00,2.41845000e-06
1.80000372e+00,2.41855000e-06
1.79999610e+00,2.41865000e-06
1.80000373e+00,2.41875000e-06
1.79999610e+00,2.41885000e-06
1.80000373e+00,2.41895000e-06
1.79999609e+00,2.41905000e-06
1.80000374e+00,2.41915000e-06
1.79999608e+00,2.41925000e-06
1.80000375e+00,2.41935000e-06
1.79999608e+00,2.41945000e-06
1.80000375e+00,2.41955000e-06
1.79999607e+00,2.41965000e-06
1.80000376e+00,2.41975000e-06
1.79999606e+00,2.41985000e-06
1.80000376e+00,2.41995000e-06
1.79999606e+00,2.42005000e-06
1.80000377e+00,2.42015000e-06
1.79999605e+00,2.42025000e-06
1.80000378e+00,2.42035000e-06
1.79999605e+00,2.42045000e-06
1.80000378e+00,2.42055000e-06
1.79999604e+00,2.42065000e-06
1.80000379e+00,2.42075000e-06
1.79999604e+00,2.42085000e-06
1.80000379e+00,2.42095000e-06
1.79999603e+00,2.42105000e-06
1.80000380e+00,2.42115000e-06
1.79999603e+00,2.42125000e-06
1.80000380e+00,2.42135000e-06
1.79999602e+00,2.42145000e-06
1.80000381e+00,2.42155000e-06
1.79999602e+00,2.42165000e-06
1.80000381e+00,2.42175000e-06
1.79999601e+00,2.42185000e-06
1.80000382e+00,2.42195000e-06
1.79999601e+00,2.42205000e-06
1.80000382e+00,2.42215000e-06
1.79999600e+00,2.42225000e-06
1.80000382e+00,2.42235000e-06
1.79999600e+00,2.42245000e-06
1.80000383e+00,2.42255000e-06
1.79999599e+00,2.42265000e-06
1.80000383e+00,2.42275000e-06
1.79999599e+00,2.42285000e-06
1.80000384e+00,2.42295000e-06
1.79999599e+00,2.42305000e-06
1.80000384e+00,2.42315000e-06
1.79999598e+00,2.42325000e-06
1.80000384e+00,2.42335000e-06
1.79999598e+00,2.42345000e-06
1.80000385e+00,2.42355000e-06
1.79999598e+00,2.42365000e-06
1.80000385e+00,2.42375000e-06
1.79999597e+00,2.42385000e-06
1.80000386e+00,2.42395000e-06
1.79999597e+00,2.42405000e-06
1.80000386e+00,2.42415000e-06
1.79999597e+00,2.42425000e-06
1.80000386e+00,2.42435000e-06
1.79999596e+00,2.42445000e-06
1.80000386e+00,2.42455000e-06
1.79999596e+00,2.42465000e-06
1.80000387e+00,2.42475000e-06
1.79999596e+00,2.42485000e-06
1.80000387e+00,2.42495000e-06
1.79999595e+00,2.42505000e-06
1.80000387e+00,2.42515000e-06
1.79999595e+00,2.42525000e-06
1.80000388e+00,2.42535000e-06
1.79999595e+00,2.42545000e-06
1.80000388e+00,2.42555000e-06
1.79999595e+00,2.42565000e-06
1.80000388e+00,2.42575000e-06
1.79999594e+00,2.42585000e-06
1.80000388e+00,2.42595000e-06
1.79999594e+00,2.42605000e-06
1.80000389e+00,2.42615000e-06
1.79999594e+00,2.42625000e-06
1.80000389e+00,2.42635000e-06
1.79999594e+00,2.42645000e-06
1.80000389e+00,2.42655000e-06
1.79999593e+00,2.42665000e-06
1.80000389e+00,2.42675000e-06
1.79999593e+00,2.42685000e-06
1.80000389e+00,2.42695000e-06
1.79999593e+00,2.42705000e-06
1.80000390e+00,2.42715000e-06
1.79999593e+00,2.42725000e-06
1.80000390e+00,2.42735000e-06
1.79999593e+00,2.42745000e-06
1.80000390e+00,2.42755000e-06
1.79999593e+00,2.42765000e-06
1.80000390e+00,2.42775000e-06
1.79999592e+00,2.42785000e-06
1.80000390e+00,2.42795000e-06
1.79999592e+00,2.42805000e-06
1.80000390e+00,2.42815000e-06
1.79999592e+00,2.42825000e-06
1.80000390e+00,2.42835000e-06
1.79999592e+00,2.42845000e-06
1.80000391e+00,2.42855000e-06
1.79999592e+00,2.42865000e-06
1.80000391e+00,2.42875000e-06
1.79999592e+00,2.42885000e-06
1.80000391e+00,2.42895000e-06
1.79999592e+00,2.42905000e-06
1.80000391e+00,2.42915000e-06
1.79999592e+00,2.42925000e-06
1.80000391e+00,2.42935000e-06
1.79999592e+00,2.42945000e-06
1.80000391e+00,2.42955000e-06
1.79999592e+00,2.42965000e-06
1.80000391e+00,2.42975000e-06
1.79999592e+00,2.42985000e-06
1.80000391e+00,2.42995000e-06
1.79999592e+00,2.43005000e-06
1.80000391e+00,2.43015000e-06
1.79999591e+00,2.43025000e-06
1.80000391e+00,2.43035000e-06
1.79999591e+00,2.43045000e-06
1.80000391e+00,2.43055000e-06
1.79999591e+00,2.43065000e-06
1.80000391e+00,2.43075000e-06
1.79999591e+00,2.43085000e-06
1.80000391e+00,2.43095000e-06
1.79999591e+00,2.43105000e-06
1.80000391e+00,2.43115000e-06
1.79999591e+00,2.43125000e-06
1.80000391e+00,2.43135000e-06
1.79999591e+00,2.43145000e-06
1.80000391e+00,2.43155000e-06
1.79999591e+00,2.43165000e-06
1.80000391e+00,2.43175000e-06
1.79999591e+00,2.43185000e-06
1.80000391e+00,2.43195000e-06
1.79999591e+00,2.43205000e-06
1.80000391e+00,2.43215000e-06
1.79999592e+00,2.43225000e-06
1.80000391e+00,2.43235000e-06
1.79999592e+00,2.43245000e-06
1.80000391e+00,2.43255000e-06
1.79999592e+00,2.43265000e-06
1.80000391e+00,2.43275000e-06
1.79999592e+00,2.43285000e-06
1.80000391e+00,2.43295000e-06
1.79999592e+00,2.43305000e-06
1.80000391e+00,2.43315000e-06
1.79999592e+00,2.43325000e-06
1.80000391e+00,2.43335000e-06
1.79999592e+00,2.43345000e-06
1.80000391e+00,2.43355000e-06
1.79999592e+00,2.43365000e-06
1.80000391e+00,2.43375000e-06
1.79999592e+00,2.43385000e-06
1.80000391e+00,2.43395000e-06
1.79999592e+00,2.43405000e-06
1.80000391e+00,2.43415000e-06
1.79999592e+00,2.43425000e-06
1.80000390e+00,2.43435000e-06
1.79999592e+00,2.43445000e-06
1.80000390e+00,2.43455000e-06
1.79999593e+00,2.43465000e-06
1.80000390e+00,2.43475000e-06
1.79999593e+00,2.43485000e-06
1.80000390e+00,2.43495000e-06
1.79999593e+00,2.43505000e-06
1.80000390e+00,2.43515000e-06
1.79999593e+00,2.43525000e-06
1.80000390e+00,2.43535000e-06
1.79999593e+00,2.43545000e-06
1.80000390e+00,2.43555000e-06
1.79999593e+00,2.43565000e-06
1.80000390e+00,2.43575000e-06
1.79999593e+00,2.43585000e-06
1.80000389e+00,2.43595000e-06
1.79999594e+00,2.43605000e-06
1.80000389e+00,2.43615000e-06
1.79999594e+00,2.43625000e-06
1.80000389e+00,2.43635000e-06
1.79999594e+00,2.43645000e-06
1.80000389e+00,2.43655000e-06
1.79999594e+00,2.43665000e-06
1.80000389e+00,2.43675000e-06
1.79999594e+00,2.43685000e-06
1.80000389e+00,2.43695000e-06
1.79999594e+00,2.43705000e-06
1.80000388e+00,2.43715000e-06
1.79999595e+00,2.43725000e-06
1.80000388e+00,2.43735000e-06
1.79999595e+00,2.43745000e-06
1.80000388e+00,2.43755000e-06
1.79999595e+00,2.43765000e-06
1.80000388e+00,2.43775000e-06
1.79999595e+00,2.43785000e-06
1.80000388e+00,2.43795000e-06
1.79999596e+00,2.43805000e-06
1.80000387e+00,2.43815000e-06
1.79999596e+00,2.43825000e-06
1.80000387e+00,2.43835000e-06
1.79999596e+00,2.43845000e-06
1.80000387e+00,2.43855000e-06
1.79999596e+00,2.43865000e-06
1.80000387e+00,2.43875000e-06
1.79999596e+00,2.43885000e-06
1.80000387e+00,2.43895000e-06
1.79999597e+00,2.43905000e-06
1.80000386e+00,2.43915000e-06
1.79999597e+00,2.43925000e-06
1.80000386e+00,2.43935000e-06
1.79999597e+00,2.43945000e-06
1.80000386e+00,2.43955000e-06
1.79999597e+00,2.43965000e-06
1.80000386e+00,2.43975000e-06
1.79999598e+00,2.43985000e-06
1.80000385e+00,2.43995000e-06
1.79999598e+00,2.44005000e-06
1.80000385e+00,2.44015000e-06
1.79999598e+00,2.44025000e-06
1.80000385e+00,2.44035000e-06
1.79999599e+00,2.44045000e-06
1.80000385e+00,2.44055000e-06
1.79999599e+00,2.44065000e-06
1.80000384e+00,2.44075000e-06
1.79999599e+00,2.44085000e-06
1.80000384e+00,2.44095000e-06
1.79999599e+00,2.44105000e-06
1.80000384e+00,2.44115000e-06
1.79999600e+00,2.44125000e-06
1.80000383e+00,2.44135000e-06
1.79999600e+00,2.44145000e-06
1.80000383e+00,2.44155000e-06
1.79999600e+00,2.44165000e-06
1.80000383e+00,2.44175000e-06
1.79999601e+00,2.44185000e-06
1.80000383e+00,2.44195000e-06
1.79999601e+00,2.44205000e-06
1.80000382e+00,2.44215000e-06
1.79999601e+00,2.44225000e-06
1.80000382e+00,2.44235000e-06
1.79999601e+00,2.44245000e-06
1.80000382e+00,2.44255000e-06
1.79999602e+00,2.44265000e-06
1.80000381e+00,2.44275000e-06
1.79999602e+00,2.44285000e-06
1.80000381e+00,2.44295000e-06
1.79999602e+00,2.44305000e-06
1.80000381e+00,2.44315000e-06
1.79999603e+00,2.44325000e-06
1.80000380e+00,2.44335000e-06
1.79999603e+00,2.44345000e-06
1.80000380e+00,2.44355000e-06
1.79999603e+00,2.44365000e-06
1.80000380e+00,2.44375000e-06
1.79999604e+00,2.44385000e-06
1.80000379e+00,2.44395000e-06
1.79999604e+00,2.44405000e-06
1.80000379e+00,2.44415000e-06
1.79999605e+00,2.44425000e-06
1.80000379e+00,2.44435000e-06
1.79999605e+00,2.44445000e-06
1.80000378e+00,2.44455000e-06
1.79999605e+00,2.44465000e-06
1.80000378e+00,2.44475000e-06
1.79999606e+00,2.44485000e-06
1.80000378e+00,2.44495000e-06
1.79999606e+00,2.44505000e-06
1.80000377e+00,2.44515000e-06
1.79999606e+00,2.44525000e-06
1.80000377e+00,2.44535000e-06
1.79999607e+00,2.44545000e-06
1.80000377e+00,2.44555000e-06
1.79999607e+00,2.44565000e-06
1.80000376e+00,2.44575000e-06
1.79999607e+00,2.44585000e-06
1.80000376e+00,2.44595000e-06
1.79999608e+00,2.44605000e-06
1.80000376e+00,2.44615000e-06
1.79999608e+00,2.44625000e-06
1.80000375e+00,2.44635000e-06
1.79999609e+00,2.44645000e-06
1.80000375e+00,2.44655000e-06
1.79999609e+00,2.44665000e-06
1.80000375e+00,2.44675000e-06
1.79999609e+00,2.44685000e-06
1.80000374e+00,2.44695000e-06
1.79999610e+00,2.44705000e-06
1.80000374e+00,2.44715000e-06
1.79999610e+00,2.44725000e-06
1.80000373e+00,2.44735000e-06
1.79999611e+00,2.44745000e-06
1.80000373e+00,2.44755000e-06
1.79999611e+00,2.44765000e-06
1.80000373e+00,2.44775000e-06
1.79999611e+00,2.44785000e-06
1.80000372e+00,2.44795000e-06
1.79999612e+00,2.44805000e-06
1.80000372e+00,2.44815000e-06
1.79999612e+00,2.44825000e-06
1.80000371e+00,2.44835000e-06
1.79999613e+00,2.44845000e-06
1.80000371e+00,2.44855000e-06
1.79999613e+00,2.44865000e-06
1.80000371e+00,2.44875000e-06
1.79999613e+00,2.44885000e-06
1.80000370e+00,2.44895000e-06
1.79999614e+00,2.44905000e-06
1.80000370e+00,2.44915000e-06
1.79999614e+00,2.44925000e-06
1.80000369e+00,2.44935000e-06
1.79999615e+00,2.44945000e-06
1.80000369e+00,2.44955000e-06
1.79999615e+00,2.44965000e-06
1.80000369e+00,2.44975000e-06
1.79999616e+00,2.44985000e-06
1.80000368e+00,2.44995000e-06
1.79999616e+00,2.45005000e-06
1.80000368e+00,2.45015000e-06
1.79999616e+00,2.45025000e-06
1.80000367e+00,2.45035000e-06
1.79999617e+00,2.45045000e-06
1.80000367e+00,2.45055000e-06
1.79999617e+00,2.45065000e-06
1.80000367e+00,2.45075000e-06
1.79999618e+00,2.45085000e-06
1.80000366e+00,2.45095000e-06
1.79999618e+00,2.45105000e-06
1.80000366e+00,2.45115000e-06
1.79999619e+00,2.45125000e-06
1.80000365e+00,2.45135000e-06
1.79999619e+00,2.45145000e-06
1.80000365e+00,2.45155000e-06
1.79999620e+00,2.45165000e-06
1.80000364e+00,2.45175000e-06
1.79999620e+00,2.45185000e-06
1.80000364e+00,2.45195000e-06
1.79999620e+00,2.45205000e-06
1.80000364e+00,2.45215000e-06
1.79999621e+00,2.45225000e-06
1.80000363e+00,2.45235000e-06
1.79999621e+00,2.45245000e-06
1.80000363e+00,2.45255000e-06
1.79999622e+00,2.45265000e-06
1.80000362e+00,2.45275000e-06
1.79999622e+00,2.45285000e-06
1.80000362e+00,2.45295000e-06
1.79999623e+00,2.45305000e-06
1.80000361e+00,2.45315000e-06
1.79999623e+00,2.45325000e-06
1.80000361e+00,2.45335000e-06
1.79999624e+00,2.45345000e-06
1.80000360e+00,2.45355000e-06
1.79999624e+00,2.45365000e-06
1.80000360e+00,2.45375000e-06
1.79999625e+00,2.45385000e-06
1.80000359e+00,2.45395000e-06
1.79999625e+00,2.45405000e-06
1.80000359e+00,2.45415000e-06
1.79999626e+00,2.45425000e-06
1.80000359e+00,2.45435000e-06
1.79999626e+00,2.45445000e-06
1.80000358e+00,2.45455000e-06
1.79999627e+00,2.45465000e-06
1.80000358e+00,2.45475000e-06
1.79999627e+00,2.45485000e-06
1.80000357e+00,2.45495000e-06
1.79999628e+00,2.45505000e-06
1.80000357e+00,2.45515000e-06
1.79999628e+00,2.45525000e-06
1.80000356e+00,2.45535000e-06
1.79999629e+00,2.45545000e-06
1.80000356e+00,2.45555000e-06
1.79999629e+00,2.45565000e-06
1.80000355e+00,2.45575000e-06
1.79999630e+00,2.45585000e-06
1.80000355e+00,2.45595000e-06
1.79999630e+00,2.45605000e-06
1.80000354e+00,2.45615000e-06
1.79999630e+00,2.45625000e-06
1.80000354e+00,2.45635000e-06
1.79999631e+00,2.45645000e-06
1.80000353e+00,2.45655000e-06
1.79999631e+00,2.45665000e-06
1.80000353e+00,2.45675000e-06
1.79999632e+00,2.45685000e-06
1.80000353e+00,2.45695000e-06
1.79999632e+00,2.45705000e-06
1.80000352e+00,2.45715000e-06
1.79999633e+00,2.45725000e-06
1.80000352e+00,2.45735000e-06
1.79999633e+00,2.45745000e-06
1.80000351e+00,2.45755000e-06
1.79999634e+00,2.45765000e-06
1.80000351e+00,2.45775000e-06
1.79999634e+00,2.45785000e-06
1.80000350e+00,2.45795000e-06
1.79999635e+00,2.45805000e-06
1.80000350e+00,2.45815000e-06
1.79999635e+00,2.45825000e-06
1.80000349e+00,2.45835000e-06
1.79999636e+00,2.45845000e-06
1.80000349e+00,2.45855000e-06
1.79999636e+00,2.45865000e-06
1.80000348e+00,2.45875000e-06
1.79999637e+00,2.45885000e-06
1.80000348e+00,2.45895000e-06
1.79999638e+00,2.45905000e-06
1.80000347e+00,2.45915000e-06
1.79999638e+00,2.45925000e-06
1.80000347e+00,2.45935000e-06
1.79999639e+00,2.45945000e-06
1.80000346e+00,2.45955000e-06
1.79999639e+00,2.45965000e-06
1.80000346e+00,2.45975000e-06
1.79999640e+00,2.45985000e-06
1.80000345e+00,2.45995000e-06
1.79999640e+00,2.46005000e-06
1.80000345e+00,2.46015000e-06
1.79999641e+00,2.46025000e-06
1.80000344e+00,2.46035000e-06
1.79999641e+00,2.46045000e-06
1.80000344e+00,2.46055000e-06
1.79999642e+00,2.46065000e-06
1.80000343e+00,2.46075000e-06
1.79999642e+00,2.46085000e-06
1.80000343e+00,2.46095000e-06
1.79999643e+00,2.46105000e-06
1.80000342e+00,2.46115000e-06
1.79999643e+00,2.46125000e-06
1.80000342e+00,2.46135000e-06
1.79999644e+00,2.46145000e-06
1.80000341e+00,2.46155000e-06
1.79999644e+00,2.46165000e-06
1.80000341e+00,2.46175000e-06
1.79999645e+00,2.46185000e-06
1.80000340e+00,2.46195000e-06
1.79999645e+00,2.46205000e-06
1.80000340e+00,2.46215000e-06
1.79999646e+00,2.46225000e-06
1.80000339e+00,2.46235000e-06
1.79999646e+00,2.46245000e-06
1.80000339e+00,2.46255000e-06
1.79999647e+00,2.46265000e-06
1.80000338e+00,2.46275000e-06
1.79999647e+00,2.46285000e-06
1.80000338e+00,2.46295000e-06
1.79999648e+00,2.46305000e-06
1.80000337e+00,2.46315000e-06
1.79999648e+00,2.46325000e-06
1.80000337e+00,2.46335000e-06
1.79999649e+00,2.46345000e-06
1.80000336e+00,2.46355000e-06
1.79999650e+00,2.46365000e-06
1.80000336e+00,2.46375000e-06
1.79999650e+00,2.46385000e-06
1.80000335e+00,2.46395000e-06
1.79999651e+00,2.46405000e-06
1.80000335e+00,2.46415000e-06
1.79999651e+00,2.46425000e-06
1.80000334e+00,2.46435000e-06
1.79999652e+00,2.46445000e-06
1.80000334e+00,2.46455000e-06
1.79999652e+00,2.46465000e-06
1.80000333e+00,2.46475000e-06
1.79999653e+00,2.46485000e-06
1.80000333e+00,2.46495000e-06
1.79999653e+00,2.46505000e-06
1.80000332e+00,2.46515000e-06
1.79999654e+00,2.46525000e-06
1.80000332e+00,2.46535000e-06
1.79999654e+00,2.46545000e-06
1.80000331e+00,2.46555000e-06
1.79999655e+00,2.46565000e-06
1.80000331e+00,2.46575000e-06
1.79999655e+00,2.46585000e-06
1.80000330e+00,2.46595000e-06
1.79999656e+00,2.46605000e-06
1.80000330e+00,2.46615000e-06
1.79999656e+00,2.46625000e-06
1.80000329e+00,2.46635000e-06
1.79999657e+00,2.46645000e-06
1.80000329e+00,2.46655000e-06
1.79999658e+00,2.46665000e-06
1.80000328e+00,2.46675000e-06
1.79999658e+00,2.46685000e-06
1.80000328e+00,2.46695000e-06
1.79999659e+00,2.46705000e-06
1.80000327e+00,2.46715000e-06
1.79999659e+00,2.46725000e-06
1.80000327e+00,2.46735000e-06
1.79999660e+00,2.46745000e-06
1.80000326e+00,2.46755000e-06
1.79999660e+00,2.46765000e-06
1.80000325e+00,2.46775000e-06
1.79999661e+00,2.46785000e-06
1.80000325e+00,2.46795000e-06
1.79999661e+00,2.46805000e-06
1.80000324e+00,2.46815000e-06
1.79999662e+00,2.46825000e-06
1.80000324e+00,2.46835000e-06
1.79999662e+00,2.46845000e-06
1.80000323e+00,2.46855000e-06
1.79999663e+00,2.46865000e-06
1.80000323e+00,2.46875000e-06
1.79999663e+00,2.46885000e-06
1.80000322e+00,2.46895000e-06
1.79999664e+00,2.46905000e-06
1.80000322e+00,2.46915000e-06
1.79999665e+00,2.46925000e-06
1.80000321e+00,2.46935000e-06
1.79999665e+00,2.46945000e-06
1.80000321e+00,2.46955000e-06
1.79999666e+00,2.46965000e-06
1.80000320e+00,2.46975000e-06
1.79999666e+00,2.46985000e-06
1.80000320e+00,2.46995000e-06
1.79999667e+00,2.47005000e-06
1.80000319e+00,2.47015000e-06
1.79999667e+00,2.47025000e-06
1.80000319e+00,2.47035000e-06
1.79999668e+00,2.47045000e-06
1.80000318e+00,2.47055000e-06
1.79999668e+00,2.47065000e-06
1.80000318e+00,2.47075000e-06
1.79999669e+00,2.47085000e-06
1.80000317e+00,2.47095000e-06
1.79999669e+00,2.47105000e-06
1.80000317e+00,2.47115000e-06
1.79999670e+00,2.47125000e-06
1.80000316e+00,2.47135000e-06
1.79999671e+00,2.47145000e-06
1.80000316e+00,2.47155000e-06
1.79999671e+00,2.47165000e-06
1.80000315e+00,2.47175000e-06
1.79999672e+00,2.47185000e-06
1.80000315e+00,2.47195000e-06
1.79999672e+00,2.47205000e-06
1.80000314e+00,2.47215000e-06
1.79999673e+00,2.47225000e-06
1.80000314e+00,2.47235000e-06
1.79999673e+00,2.47245000e-06
1.80000313e+00,2.47255000e-06
1.79999674e+00,2.47265000e-06
1.80000312e+00,2.47275000e-06
1.79999674e+00,2.47285000e-06
1.80000312e+00,2.47295000e-06
1.79999675e+00,2.47305000e-06
1.80000311e+00,2.47315000e-06
1.79999675e+00,2.47325000e-06
1.80000311e+00,2.47335000e-06
1.79999676e+00,2.47345000e-06
1.80000310e+00,2.47355000e-06
1.79999677e+00,2.47365000e-06
1.80000310e+00,2.47375000e-06
1.79999677e+00,2.47385000e-06
1.80000309e+00,2.47395000e-06
1.79999678e+00,2.47405000e-06
1.80000309e+00,2.47415000e-06
1.79999678e+00,2.47425000e-06
1.80000308e+00,2.47435000e-06
1.79999679e+00,2.47445000e-06
1.80000308e+00,2.47455000e-06
1.79999679e+00,2.47465000e-06
1.80000307e+00,2.47475000e-06
1.79999680e+00,2.47485000e-06
1.80000307e+00,2.47495000e-06
1.79999680e+00,2.47505000e-06
1.80000306e+00,2.47515000e-06
1.79999681e+00,2.47525000e-06
1.80000306e+00,2.47535000e-06
1.79999681e+00,2.47545000e-06
1.80000305e+00,2.47555000e-06
1.79999682e+00,2.47565000e-06
1.80000305e+00,2.47575000e-06
1.79999683e+00,2.47585000e-06
1.80000304e+00,2.47595000e-06
1.79999683e+00,2.47605000e-06
1.80000304e+00,2.47615000e-06
1.79999684e+00,2.47625000e-06
1.80000303e+00,2.47635000e-06
1.79999684e+00,2.47645000e-06
1.80000303e+00,2.47655000e-06
1.79999685e+00,2.47665000e-06
1.80000302e+00,2.47675000e-06
1.79999685e+00,2.47685000e-06
1.80000302e+00,2.47695000e-06
1.79999686e+00,2.47705000e-06
1.80000301e+00,2.47715000e-06
1.79999686e+00,2.47725000e-06
1.80000301e+00,2.47735000e-06
1.79999687e+00,2.47745000e-06
1.80000300e+00,2.47755000e-06
1.79999687e+00,2.47765000e-06
1.80000300e+00,2.47775000e-06
1.79999688e+00,2.47785000e-06
1.80000299e+00,2.47795000e-06
1.79999689e+00,2.47805000e-06
1.80000298e+00,2.47815000e-06
1.79999689e+00,2.47825000e-06
1.80000298e+00,2.47835000e-06
1.79999690e+00,2.47845000e-06
1.80000297e+00,2.47855000e-06
1.79999690e+00,2.47865000e-06
1.80000297e+00,2.47875000e-06
1.79999691e+00,2.47885000e-06
1.80000296e+00,2.47895000e-06
1.79999691e+00,2.47905000e-06
1.80000296e+00,2.47915000e-06
1.79999692e+00,2.47925000e-06
1.80000295e+00,2.47935000e-06
1.79999692e+00,2.47945000e-06
1.80000295e+00,2.47955000e-06
1.79999693e+00,2.47965000e-06
1.80000294e+00,2.47975000e-06
1.79999693e+00,2.47985000e-06
1.80000294e+00,2.47995000e-06
1.79999694e+00,2.48005000e-06
1.80000293e+00,2.48015000e-06
1.79999694e+00,2.48025000e-06
1.80000293e+00,2.48035000e-06
1.79999695e+00,2.48045000e-06
1.80000292e+00,2.48055000e-06
1.79999696e+00,2.48065000e-06
1.80000292e+00,2.48075000e-06
1.79999696e+00,2.48085000e-06
1.80000291e+00,2.48095000e-06
1.79999697e+00,2.48105000e-06
1.80000291e+00,2.48115000e-06
1.79999697e+00,2.48125000e-06
1.80000290e+00,2.48135000e-06
1.79999698e+00,2.48145000e-06
1.80000290e+00,2.48155000e-06
1.79999698e+00,2.48165000e-06
1.80000289e+00,2.48175000e-06
1.79999699e+00,2.48185000e-06
1.80000289e+00,2.48195000e-06
1.79999699e+00,2.48205000e-06
1.80000288e+00,2.48215000e-06
1.79999700e+00,2.48225000e-06
1.80000288e+00,2.48235000e-06
1.79999700e+00,2.48245000e-06
1.80000287e+00,2.48255000e-06
1.79999701e+00,2.48265000e-06
1.80000287e+00,2.48275000e-06
1.79999701e+00,2.48285000e-06
1.80000286e+00,2.48295000e-06
1.79999702e+00,2.48305000e-06
1.80000286e+00,2.48315000e-06
1.79999703e+00,2.48325000e-06
1.80000285e+00,2.48335000e-06
1.79999703e+00,2.48345000e-06
1.80000285e+00,2.48355000e-06
1.79999704e+00,2.48365000e-06
1.80000284e+00,2.48375000e-06
1.79999704e+00,2.48385000e-06
1.80000284e+00,2.48395000e-06
1.79999705e+00,2.48405000e-06
1.80000283e+00,2.48415000e-06
1.79999705e+00,2.48425000e-06
1.80000283e+00,2.48435000e-06
1.79999706e+00,2.48445000e-06
1.80000282e+00,2.48455000e-06
1.79999706e+00,2.48465000e-06
1.80000282e+00,2.48475000e-06
1.79999707e+00,2.48485000e-06
1.80000281e+00,2.48495000e-06
1.79999707e+00,2.48505000e-06
1.80000281e+00,2.48515000e-06
1.79999708e+00,2.48525000e-06
1.80000280e+00,2.48535000e-06
1.79999708e+00,2.48545000e-06
1.80000280e+00,2.48555000e-06
1.79999709e+00,2.48565000e-06
1.80000279e+00,2.48575000e-06
1.79999710e+00,2.48585000e-06
1.80000279e+00,2.48595000e-06
1.79999710e+00,2.48605000e-06
1.80000278e+00,2.48615000e-06
1.79999711e+00,2.48625000e-06
1.80000278e+00,2.48635000e-06
1.79999711e+00,2.48645000e-06
1.80000277e+00,2.48655000e-06
1.79999712e+00,2.48665000e-06
1.80000277e+00,2.48675000e-06
1.79999712e+00,2.48685000e-06
1.80000276e+00,2.48695000e-06
1.79999713e+00,2.48705000e-06
1.80000276e+00,2.48715000e-06
1.79999713e+00,2.48725000e-06
1.80000275e+00,2.48735000e-06
1.79999714e+00,2.48745000e-06
1.80000275e+00,2.48755000e-06
1.79999714e+00,2.48765000e-06
1.80000274e+00,2.48775000e-06
1.79999715e+00,2.48785000e-06
1.80000274e+00,2.48795000e-06
1.79999715e+00,2.48805000e-06
1.80000273e+00,2.48815000e-06
1.79999716e+00,2.48825000e-06
1.80000273e+00,2.48835000e-06
1.79999716e+00,2.48845000e-06
1.80000272e+00,2.48855000e-06
1.79999717e+00,2.48865000e-06
1.80000272e+00,2.48875000e-06
1.79999717e+00,2.48885000e-06
1.80000271e+00,2.48895000e-06
1.79999718e+00,2.48905000e-06
1.80000271e+00,2.48915000e-06
1.79999718e+00,2.48925000e-06
1.80000270e+00,2.48935000e-06
1.79999719e+00,2.48945000e-06
1.80000270e+00,2.48955000e-06
1.79999720e+00,2.48965000e-06
1.80000269e+00,2.48975000e-06
1.79999720e+00,2.48985000e-06
1.80000269e+00,2.48995000e-06
1.79999721e+00,2.49005000e-06
1.80000268e+00,2.49015000e-06
1.79999721e+00,2.49025000e-06
1.80000268e+00,2.49035000e-06
1.79999722e+00,2.49045000e-06
1.80000267e+00,2.49055000e-06
1.79999722e+00,2.49065000e-06
1.80000267e+00,2.49075000e-06
1.79999723e+00,2.49085000e-06
1.80000266e+00,2.49095000e-06
1.79999723e+00,2.49105000e-06
1.80000266e+00,2.49115000e-06
1.79999724e+00,2.49125000e-06
1.80000265e+00,2.49135000e-06
1.79999724e+00,2.49145000e-06
1.80000265e+00,2.49155000e-06
1.79999725e+00,2.49165000e-06
1.80000264e+00,2.49175000e-06
1.79999725e+00,2.49185000e-06
1.80000264e+00,2.49195000e-06
1.79999726e+00,2.49205000e-06
1.80000263e+00,2.49215000e-06
1.79999726e+00,2.49225000e-06
1.80000263e+00,2.49235000e-06
1.79999727e+00,2.49245000e-06
1.80000262e+00,2.49255000e-06
1.79999727e+00,2.49265000e-06
1.80000262e+00,2.49275000e-06
1.79999728e+00,2.49285000e-06
1.80000261e+00,2.49295000e-06
1.79999728e+00,2.49305000e-06
1.80000261e+00,2.49315000e-06
1.79999729e+00,2.49325000e-06
1.80000260e+00,2.49335000e-06
1.79999729e+00,2.49345000e-06
1.80000260e+00,2.49355000e-06
1.79999730e+00,2.49365000e-06
1.80000259e+00,2.49375000e-06
1.79999730e+00,2.49385000e-06
1.80000259e+00,2.49395000e-06
1.79999731e+00,2.49405000e-06
1.80000258e+00,2.49415000e-06
1.79999731e+00,2.49425000e-06
1.80000258e+00,2.49435000e-06
1.79999732e+00,2.49445000e-06
1.80000257e+00,2.49455000e-06
1.79999732e+00,2.49465000e-06
1.80000257e+00,2.49475000e-06
1.79999733e+00,2.49485000e-06
1.80000256e+00,2.49495000e-06
1.79999733e+00,2.49505000e-06
1.80000256e+00,2.49515000e-06
1.79999734e+00,2.49525000e-06
1.80000255e+00,2.49535000e-06
1.79999734e+00,2.49545000e-06
1.80000255e+00,2.49555000e-06
1.79999735e+00,2.49565000e-06
1.80000255e+00,2.49575000e-06
1.79999735e+00,2.49585000e-06
1.80000254e+00,2.49595000e-06
1.79999736e+00,2.49605000e-06
1.80000254e+00,2.49615000e-06
1.79999737e+00,2.49625000e-06
1.80000253e+00,2.49635000e-06
1.79999737e+00,2.49645000e-06
1.80000253e+00,2.49655000e-06
1.79999738e+00,2.49665000e-06
1.80000252e+00,2.49675000e-06
1.79999738e+00,2.49685000e-06
1.80000252e+00,2.49695000e-06
1.79999739e+00,2.49705000e-06
1.80000251e+00,2.49715000e-06
1.79999739e+00,2.49725000e-06
1.80000251e+00,2.49735000e-06
1.79999740e+00,2.49745000e-06
1.80000250e+00,2.49755000e-06
1.79999740e+00,2.49765000e-06
1.80000250e+00,2.49775000e-06
1.79999741e+00,2.49785000e-06
1.80000249e+00,2.49795000e-06
1.79999741e+00,2.49805000e-06
1.80000249e+00,2.49815000e-06
1.79999742e+00,2.49825000e-06
1.80000248e+00,2.49835000e-06
1.79999742e+00,2.49845000e-06
1.80000248e+00,2.49855000e-06
1.79999743e+00,2.49865000e-06
1.80000247e+00,2.49875000e-06
1.79999743e+00,2.49885000e-06
1.80000247e+00,2.49895000e-06
1.79999744e+00,2.49905000e-06
1.80000247e+00,2.49915000e-06
1.79999744e+00,2.49925000e-06
1.80000246e+00,2.49935000e-06
1.79999745e+00,2.49945000e-06
1.80000246e+00,2.49955000e-06
1.79999745e+00,2.49965000e-06
1.80000245e+00,2.49975000e-06
1.79999746e+00,2.49985000e-06
1.80000245e+00,2.49995000e-06
1.79999741e+00,2.50000000e-06
