time,v(vpre)
0.00000000e+00,1.79467587e+00
1.00000000e-12,1.79467587e+00
2.00000000e-12,1.79467587e+00
4.00000000e-12,1.79467587e+00
8.00000000e-12,1.79467587e+00
1.60000000e-11,1.79467587e+00
3.20000000e-11,1.79467587e+00
6.40000000e-11,1.79467587e+00
1.28000000e-10,1.79467587e+00
2.28000000e-10,1.79467587e+00
3.28000000e-10,1.79467587e+00
4.28000000e-10,1.79467587e+00
5.28000000e-10,1.79467587e+00
6.28000000e-10,1.79467587e+00
7.28000000e-10,1.79467587e+00
8.28000000e-10,1.79467587e+00
9.28000000e-10,1.79467587e+00
1.02800000e-09,1.79467587e+00
1.12800000e-09,1.79467587e+00
1.22800000e-09,1.79467587e+00
1.32800000e-09,1.79467587e+00
1.42800000e-09,1.79467587e+00
1.52800000e-09,1.79467587e+00
1.62800000e-09,1.79467587e+00
1.72800000e-09,1.79467587e+00
1.82800000e-09,1.79467587e+00
1.92800000e-09,1.79467587e+00
2.02800000e-09,1.79467587e+00
2.12800000e-09,1.79467587e+00
2.22800000e-09,1.79467587e+00
2.32800000e-09,1.79467587e+00
2.42800000e-09,1.79467587e+00
2.52800000e-09,1.79467587e+00
2.62800000e-09,1.79467587e+00
2.72800000e-09,1.79467587e+00
2.82800000e-09,1.79467587e+00
2.92800000e-09,1.79467587e+00
3.02800000e-09,1.79467587e+00
3.12800000e-09,1.79467587e+00
3.22800000e-09,1.79467587e+00
3.32800000e-09,1.79467587e+00
3.42800000e-09,1.79467587e+00
3.52800000e-09,1.79467587e+00
3.62800000e-09,1.79467587e+00
3.72800000e-09,1.79467587e+00
3.82800000e-09,1.79467587e+00
3.92800000e-09,1.79467587e+00
4.02800000e-09,1.79467587e+00
4.12800000e-09,1.79467587e+00
4.22800000e-09,1.79467587e+00
4.32800000e-09,1.79467587e+00
4.42800000e-09,1.79467587e+00
4.52800000e-09,1.79467587e+00
4.62800000e-09,1.79467587e+00
4.72800000e-09,1.79467587e+00
4.82800000e-09,1.79467587e+00
4.92800000e-09,1.79467587e+00
5.02800000e-09,1.79467587e+00
5.12800000e-09,1.79467587e+00
5.22800000e-09,1.79467587e+00
5.32800000e-09,1.79467587e+00
5.42800000e-09,1.79467587e+00
5.52800000e-09,1.79467587e+00
5.62800000e-09,1.79467587e+00
5.72800000e-09,1.79467587e+00
5.82800000e-09,1.79467587e+00
5.92800000e-09,1.79467587e+00
6.02800000e-09,1.79467587e+00
6.12800000e-09,1.79467587e+00
6.22800000e-09,1.79467587e+00
6.32800000e-09,1.79467587e+00
6.42800000e-09,1.79467587e+00
6.52800000e-09,1.79467587e+00
6.62800000e-09,1.79467587e+00
6.72800000e-09,1.79467587e+00
6.82800000e-09,1.79467587e+00
6.92800000e-09,1.79467587e+00
7.02800000e-09,1.79467587e+00
7.12800000e-09,1.79467587e+00
7.22800000e-09,1.79467587e+00
7.32800000e-09,1.79467587e+00
7.42800000e-09,1.79467587e+00
7.52800000e-09,1.79467587e+00
7.62800000e-09,1.79467587e+00
7.72800000e-09,1.79467587e+00
7.82800000e-09,1.79467587e+00
7.92800000e-09,1.79467587e+00
8.02800000e-09,1.79467587e+00
8.12800000e-09,1.79467587e+00
8.22800000e-09,1.79467587e+00
8.32800000e-09,1.79467587e+00
8.42800000e-09,1.79467587e+00
8.52800000e-09,1.79467587e+00
8.62800000e-09,1.79467587e+00
8.72800000e-09,1.79467587e+00
8.82800000e-09,1.79467587e+00
8.92800000e-09,1.79467587e+00
9.02800000e-09,1.79467587e+00
9.12800000e-09,1.79467587e+00
9.22800000e-09,1.79467587e+00
9.32800000e-09,1.79467587e+00
9.42800000e-09,1.79467587e+00
9.52800000e-09,1.79467587e+00
9.62800000e-09,1.79467587e+00
9.72800000e-09,1.79467587e+00
9.82800000e-09,1.79467587e+00
9.92800000e-09,1.79467587e+00
1.00280000e-08,1.79467587e+00
1.01280000e-08,1.79467587e+00
1.02280000e-08,1.79467587e+00
1.03280000e-08,1.79467587e+00
1.04280000e-08,1.79467587e+00
1.05280000e-08,1.79467587e+00
1.06280000e-08,1.79467587e+00
1.07280000e-08,1.79467587e+00
1.08280000e-08,1.79467587e+00
1.09280000e-08,1.79467587e+00
1.10280000e-08,1.79467587e+00
1.11280000e-08,1.79467587e+00
1.12280000e-08,1.79467587e+00
1.13280000e-08,1.79467587e+00
1.14280000e-08,1.79467587e+00
1.15280000e-08,1.79467587e+00
1.16280000e-08,1.79467587e+00
1.17280000e-08,1.79467587e+00
1.18280000e-08,1.79467587e+00
1.19280000e-08,1.79467587e+00
1.20280000e-08,1.79467587e+00
1.21280000e-08,1.79467587e+00
1.22280000e-08,1.79467587e+00
1.23280000e-08,1.79467587e+00
1.24280000e-08,1.79467587e+00
1.25280000e-08,1.79467587e+00
1.26280000e-08,1.79467587e+00
1.27280000e-08,1.79467587e+00
1.28280000e-08,1.79467587e+00
1.29280000e-08,1.79467587e+00
1.30280000e-08,1.79467587e+00
1.31280000e-08,1.79467587e+00
1.32280000e-08,1.79467587e+00
1.33280000e-08,1.79467587e+00
1.34280000e-08,1.79467587e+00
1.35280000e-08,1.79467587e+00
1.36280000e-08,1.79467587e+00
1.37280000e-08,1.79467587e+00
1.38280000e-08,1.79467587e+00
1.39280000e-08,1.79467587e+00
1.40280000e-08,1.79467587e+00
1.41280000e-08,1.79467587e+00
1.42280000e-08,1.79467587e+00
1.43280000e-08,1.79467587e+00
1.44280000e-08,1.79467587e+00
1.45280000e-08,1.79467587e+00
1.46280000e-08,1.79467587e+00
1.47280000e-08,1.79467587e+00
1.48280000e-08,1.79467587e+00
1.49280000e-08,1.79467587e+00
1.50280000e-08,1.79467587e+00
1.51280000e-08,1.79467587e+00
1.52280000e-08,1.79467587e+00
1.53280000e-08,1.79467587e+00
1.54280000e-08,1.79467587e+00
1.55280000e-08,1.79467587e+00
1.56280000e-08,1.79467587e+00
1.57280000e-08,1.79467587e+00
1.58280000e-08,1.79467587e+00
1.59280000e-08,1.79467587e+00
1.60280000e-08,1.79467587e+00
1.61280000e-08,1.79467587e+00
1.62280000e-08,1.79467587e+00
1.63280000e-08,1.79467587e+00
1.64280000e-08,1.79467587e+00
1.65280000e-08,1.79467587e+00
1.66280000e-08,1.79467587e+00
1.67280000e-08,1.79467587e+00
1.68280000e-08,1.79467587e+00
1.69280000e-08,1.79467587e+00
1.70280000e-08,1.79467587e+00
1.71280000e-08,1.79467587e+00
1.72280000e-08,1.79467587e+00
1.73280000e-08,1.79467587e+00
1.74280000e-08,1.79467587e+00
1.75280000e-08,1.79467587e+00
1.76280000e-08,1.79467587e+00
1.77280000e-08,1.79467587e+00
1.78280000e-08,1.79467587e+00
1.79280000e-08,1.79467587e+00
1.80280000e-08,1.79467587e+00
1.81280000e-08,1.79467587e+00
1.82280000e-08,1.79467587e+00
1.83280000e-08,1.79467587e+00
1.84280000e-08,1.79467587e+00
1.85280000e-08,1.79467587e+00
1.86280000e-08,1.79467587e+00
1.87280000e-08,1.79467587e+00
1.88280000e-08,1.79467587e+00
1.89280000e-08,1.79467587e+00
1.90280000e-08,1.79467587e+00
1.91280000e-08,1.79467587e+00
1.92280000e-08,1.79467587e+00
1.93280000e-08,1.79467587e+00
1.94280000e-08,1.79467587e+00
1.95280000e-08,1.79467587e+00
1.96280000e-08,1.79467587e+00
1.97280000e-08,1.79467587e+00
1.98280000e-08,1.79467587e+00
1.99280000e-08,1.79467587e+00
2.00280000e-08,1.79467587e+00
2.01280000e-08,1.79467587e+00
2.02280000e-08,1.79467587e+00
2.03280000e-08,1.79467587e+00
2.04280000e-08,1.79467587e+00
2.05280000e-08,1.79467587e+00
2.06280000e-08,1.79467587e+00
2.07280000e-08,1.79467587e+00
2.08280000e-08,1.79467587e+00
2.09280000e-08,1.79467587e+00
2.10280000e-08,1.79467587e+00
2.11280000e-08,1.79467587e+00
2.12280000e-08,1.79467587e+00
2.13280000e-08,1.79467587e+00
2.14280000e-08,1.79467587e+00
2.15280000e-08,1.79467587e+00
2.16280000e-08,1.79467587e+00
2.17280000e-08,1.79467587e+00
2.18280000e-08,1.79467587e+00
2.19280000e-08,1.79467587e+00
2.20280000e-08,1.79467587e+00
2.21280000e-08,1.79467587e+00
2.22280000e-08,1.79467587e+00
2.23280000e-08,1.79467587e+00
2.24280000e-08,1.79467587e+00
2.25280000e-08,1.79467587e+00
2.26280000e-08,1.79467587e+00
2.27280000e-08,1.79467587e+00
2.28280000e-08,1.79467587e+00
2.29280000e-08,1.79467587e+00
2.30280000e-08,1.79467587e+00
2.31280000e-08,1.79467587e+00
2.32280000e-08,1.79467587e+00
2.33280000e-08,1.79467587e+00
2.34280000e-08,1.79467587e+00
2.35280000e-08,1.79467587e+00
2.36280000e-08,1.79467587e+00
2.37280000e-08,1.79467587e+00
2.38280000e-08,1.79467587e+00
2.39280000e-08,1.79467587e+00
2.40280000e-08,1.79467587e+00
2.41280000e-08,1.79467587e+00
2.42280000e-08,1.79467587e+00
2.43280000e-08,1.79467587e+00
2.44280000e-08,1.79467587e+00
2.45280000e-08,1.79467587e+00
2.46280000e-08,1.79467587e+00
2.47280000e-08,1.79467587e+00
2.48280000e-08,1.79467587e+00
2.49280000e-08,1.79467587e+00
2.50280000e-08,1.79467587e+00
2.51280000e-08,1.79467587e+00
2.52280000e-08,1.79467587e+00
2.53280000e-08,1.79467587e+00
2.54280000e-08,1.79467587e+00
2.55280000e-08,1.79467587e+00
2.56280000e-08,1.79467587e+00
2.57280000e-08,1.79467587e+00
2.58280000e-08,1.79467587e+00
2.59280000e-08,1.79467587e+00
2.60280000e-08,1.79467587e+00
2.61280000e-08,1.79467587e+00
2.62280000e-08,1.79467587e+00
2.63280000e-08,1.79467587e+00
2.64280000e-08,1.79467587e+00
2.65280000e-08,1.79467587e+00
2.66280000e-08,1.79467587e+00
2.67280000e-08,1.79467587e+00
2.68280000e-08,1.79467587e+00
2.69280000e-08,1.79467587e+00
2.70280000e-08,1.79467587e+00
2.71280000e-08,1.79467587e+00
2.72280000e-08,1.79467587e+00
2.73280000e-08,1.79467587e+00
2.74280000e-08,1.79467587e+00
2.75280000e-08,1.79467587e+00
2.76280000e-08,1.79467587e+00
2.77280000e-08,1.79467587e+00
2.78280000e-08,1.79467587e+00
2.79280000e-08,1.79467587e+00
2.80280000e-08,1.79467587e+00
2.81280000e-08,1.79467587e+00
2.82280000e-08,1.79467587e+00
2.83280000e-08,1.79467587e+00
2.84280000e-08,1.79467587e+00
2.85280000e-08,1.79467587e+00
2.86280000e-08,1.79467587e+00
2.87280000e-08,1.79467587e+00
2.88280000e-08,1.79467587e+00
2.89280000e-08,1.79467587e+00
2.90280000e-08,1.79467587e+00
2.91280000e-08,1.79467587e+00
2.92280000e-08,1.79467587e+00
2.93280000e-08,1.79467587e+00
2.94280000e-08,1.79467587e+00
2.95280000e-08,1.79467587e+00
2.96280000e-08,1.79467587e+00
2.97280000e-08,1.79467587e+00
2.98280000e-08,1.79467587e+00
2.99280000e-08,1.79467587e+00
3.00280000e-08,1.79467587e+00
3.01280000e-08,1.79467587e+00
3.02280000e-08,1.79467587e+00
3.03280000e-08,1.79467587e+00
3.04280000e-08,1.79467587e+00
3.05280000e-08,1.79467587e+00
3.06280000e-08,1.79467587e+00
3.07280000e-08,1.79467587e+00
3.08280000e-08,1.79467587e+00
3.09280000e-08,1.79467587e+00
3.10280000e-08,1.79467587e+00
3.11280000e-08,1.79467587e+00
3.12280000e-08,1.79467587e+00
3.13280000e-08,1.79467587e+00
3.14280000e-08,1.79467587e+00
3.15280000e-08,1.79467587e+00
3.16280000e-08,1.79467587e+00
3.17280000e-08,1.79467587e+00
3.18280000e-08,1.79467587e+00
3.19280000e-08,1.79467587e+00
3.20280000e-08,1.79467587e+00
3.21280000e-08,1.79467587e+00
3.22280000e-08,1.79467587e+00
3.23280000e-08,1.79467587e+00
3.24280000e-08,1.79467587e+00
3.25280000e-08,1.79467587e+00
3.26280000e-08,1.79467587e+00
3.27280000e-08,1.79467587e+00
3.28280000e-08,1.79467587e+00
3.29280000e-08,1.79467587e+00
3.30280000e-08,1.79467587e+00
3.31280000e-08,1.79467587e+00
3.32280000e-08,1.79467587e+00
3.33280000e-08,1.79467587e+00
3.34280000e-08,1.79467587e+00
3.35280000e-08,1.79467587e+00
3.36280000e-08,1.79467587e+00
3.37280000e-08,1.79467587e+00
3.38280000e-08,1.79467587e+00
3.39280000e-08,1.79467587e+00
3.40280000e-08,1.79467587e+00
3.41280000e-08,1.79467587e+00
3.42280000e-08,1.79467587e+00
3.43280000e-08,1.79467587e+00
3.44280000e-08,1.79467587e+00
3.45280000e-08,1.79467587e+00
3.46280000e-08,1.79467587e+00
3.47280000e-08,1.79467587e+00
3.48280000e-08,1.79467587e+00
3.49280000e-08,1.79467587e+00
3.50280000e-08,1.79467587e+00
3.51280000e-08,1.79467587e+00
3.52280000e-08,1.79467587e+00
3.53280000e-08,1.79467587e+00
3.54280000e-08,1.79467587e+00
3.55280000e-08,1.79467587e+00
3.56280000e-08,1.79467587e+00
3.57280000e-08,1.79467587e+00
3.58280000e-08,1.79467587e+00
3.59280000e-08,1.79467587e+00
3.60280000e-08,1.79467587e+00
3.61280000e-08,1.79467587e+00
3.62280000e-08,1.79467587e+00
3.63280000e-08,1.79467587e+00
3.64280000e-08,1.79467587e+00
3.65280000e-08,1.79467587e+00
3.66280000e-08,1.79467587e+00
3.67280000e-08,1.79467587e+00
3.68280000e-08,1.79467587e+00
3.69280000e-08,1.79467587e+00
3.70280000e-08,1.79467587e+00
3.71280000e-08,1.79467587e+00
3.72280000e-08,1.79467587e+00
3.73280000e-08,1.79467587e+00
3.74280000e-08,1.79467587e+00
3.75280000e-08,1.79467587e+00
3.76280000e-08,1.79467587e+00
3.77280000e-08,1.79467587e+00
3.78280000e-08,1.79467587e+00
3.79280000e-08,1.79467587e+00
3.80280000e-08,1.79467587e+00
3.81280000e-08,1.79467587e+00
3.82280000e-08,1.79467587e+00
3.83280000e-08,1.79467587e+00
3.84280000e-08,1.79467587e+00
3.85280000e-08,1.79467587e+00
3.86280000e-08,1.79467587e+00
3.87280000e-08,1.79467587e+00
3.88280000e-08,1.79467587e+00
3.89280000e-08,1.79467587e+00
3.90280000e-08,1.79467587e+00
3.91280000e-08,1.79467587e+00
3.92280000e-08,1.79467587e+00
3.93280000e-08,1.79467587e+00
3.94280000e-08,1.79467587e+00
3.95280000e-08,1.79467587e+00
3.96280000e-08,1.79467587e+00
3.97280000e-08,1.79467587e+00
3.98280000e-08,1.79467587e+00
3.99280000e-08,1.79467587e+00
4.00280000e-08,1.79467587e+00
4.01280000e-08,1.79467587e+00
4.02280000e-08,1.79467587e+00
4.03280000e-08,1.79467587e+00
4.04280000e-08,1.79467587e+00
4.05280000e-08,1.79467587e+00
4.06280000e-08,1.79467587e+00
4.07280000e-08,1.79467587e+00
4.08280000e-08,1.79467587e+00
4.09280000e-08,1.79467587e+00
4.10280000e-08,1.79467587e+00
4.11280000e-08,1.79467587e+00
4.12280000e-08,1.79467587e+00
4.13280000e-08,1.79467587e+00
4.14280000e-08,1.79467587e+00
4.15280000e-08,1.79467587e+00
4.16280000e-08,1.79467587e+00
4.17280000e-08,1.79467587e+00
4.18280000e-08,1.79467587e+00
4.19280000e-08,1.79467587e+00
4.20280000e-08,1.79467587e+00
4.21280000e-08,1.79467587e+00
4.22280000e-08,1.79467587e+00
4.23280000e-08,1.79467587e+00
4.24280000e-08,1.79467587e+00
4.25280000e-08,1.79467587e+00
4.26280000e-08,1.79467587e+00
4.27280000e-08,1.79467587e+00
4.28280000e-08,1.79467587e+00
4.29280000e-08,1.79467587e+00
4.30280000e-08,1.79467587e+00
4.31280000e-08,1.79467587e+00
4.32280000e-08,1.79467587e+00
4.33280000e-08,1.79467587e+00
4.34280000e-08,1.79467587e+00
4.35280000e-08,1.79467587e+00
4.36280000e-08,1.79467587e+00
4.37280000e-08,1.79467587e+00
4.38280000e-08,1.79467587e+00
4.39280000e-08,1.79467587e+00
4.40280000e-08,1.79467587e+00
4.41280000e-08,1.79467587e+00
4.42280000e-08,1.79467587e+00
4.43280000e-08,1.79467587e+00
4.44280000e-08,1.79467587e+00
4.45280000e-08,1.79467587e+00
4.46280000e-08,1.79467587e+00
4.47280000e-08,1.79467587e+00
4.48280000e-08,1.79467587e+00
4.49280000e-08,1.79467587e+00
4.50280000e-08,1.79467587e+00
4.51280000e-08,1.79467587e+00
4.52280000e-08,1.79467587e+00
4.53280000e-08,1.79467587e+00
4.54280000e-08,1.79467587e+00
4.55280000e-08,1.79467587e+00
4.56280000e-08,1.79467587e+00
4.57280000e-08,1.79467587e+00
4.58280000e-08,1.79467587e+00
4.59280000e-08,1.79467587e+00
4.60280000e-08,1.79467587e+00
4.61280000e-08,1.79467587e+00
4.62280000e-08,1.79467587e+00
4.63280000e-08,1.79467587e+00
4.64280000e-08,1.79467587e+00
4.65280000e-08,1.79467587e+00
4.66280000e-08,1.79467587e+00
4.67280000e-08,1.79467587e+00
4.68280000e-08,1.79467587e+00
4.69280000e-08,1.79467587e+00
4.70280000e-08,1.79467587e+00
4.71280000e-08,1.79467587e+00
4.72280000e-08,1.79467587e+00
4.73280000e-08,1.79467587e+00
4.74280000e-08,1.79467587e+00
4.75280000e-08,1.79467587e+00
4.76280000e-08,1.79467587e+00
4.77280000e-08,1.79467587e+00
4.78280000e-08,1.79467587e+00
4.79280000e-08,1.79467587e+00
4.80280000e-08,1.79467587e+00
4.81280000e-08,1.79467587e+00
4.82280000e-08,1.79467587e+00
4.83280000e-08,1.79467587e+00
4.84280000e-08,1.79467587e+00
4.85280000e-08,1.79467587e+00
4.86280000e-08,1.79467587e+00
4.87280000e-08,1.79467587e+00
4.88280000e-08,1.79467587e+00
4.89280000e-08,1.79467587e+00
4.90280000e-08,1.79467587e+00
4.91280000e-08,1.79467587e+00
4.92280000e-08,1.79467587e+00
4.93280000e-08,1.79467587e+00
4.94280000e-08,1.79467587e+00
4.95280000e-08,1.79467587e+00
4.96280000e-08,1.79467587e+00
4.97280000e-08,1.79467587e+00
4.98280000e-08,1.79467587e+00
4.99280000e-08,1.79467587e+00
5.00280000e-08,1.79467587e+00
5.01280000e-08,1.79467587e+00
5.02280000e-08,1.79467587e+00
5.03280000e-08,1.79467587e+00
5.04280000e-08,1.79467587e+00
5.05280000e-08,1.79467587e+00
5.06280000e-08,1.79467587e+00
5.07280000e-08,1.79467587e+00
5.08280000e-08,1.79467587e+00
5.09280000e-08,1.79467587e+00
5.10280000e-08,1.79467587e+00
5.11280000e-08,1.79467587e+00
5.12280000e-08,1.79467587e+00
5.13280000e-08,1.79467587e+00
5.14280000e-08,1.79467587e+00
5.15280000e-08,1.79467587e+00
5.16280000e-08,1.79467587e+00
5.17280000e-08,1.79467587e+00
5.18280000e-08,1.79467587e+00
5.19280000e-08,1.79467587e+00
5.20280000e-08,1.79467587e+00
5.21280000e-08,1.79467587e+00
5.22280000e-08,1.79467587e+00
5.23280000e-08,1.79467587e+00
5.24280000e-08,1.79467587e+00
5.25280000e-08,1.79467587e+00
5.26280000e-08,1.79467587e+00
5.27280000e-08,1.79467587e+00
5.28280000e-08,1.79467587e+00
5.29280000e-08,1.79467587e+00
5.30280000e-08,1.79467587e+00
5.31280000e-08,1.79467587e+00
5.32280000e-08,1.79467587e+00
5.33280000e-08,1.79467587e+00
5.34280000e-08,1.79467587e+00
5.35280000e-08,1.79467587e+00
5.36280000e-08,1.79467587e+00
5.37280000e-08,1.79467587e+00
5.38280000e-08,1.79467587e+00
5.39280000e-08,1.79467587e+00
5.40280000e-08,1.79467587e+00
5.41280000e-08,1.79467587e+00
5.42280000e-08,1.79467587e+00
5.43280000e-08,1.79467587e+00
5.44280000e-08,1.79467587e+00
5.45280000e-08,1.79467587e+00
5.46280000e-08,1.79467587e+00
5.47280000e-08,1.79467587e+00
5.48280000e-08,1.79467587e+00
5.49280000e-08,1.79467587e+00
5.50280000e-08,1.79467587e+00
5.51280000e-08,1.79467587e+00
5.52280000e-08,1.79467587e+00
5.53280000e-08,1.79467587e+00
5.54280000e-08,1.79467587e+00
5.55280000e-08,1.79467587e+00
5.56280000e-08,1.79467587e+00
5.57280000e-08,1.79467587e+00
5.58280000e-08,1.79467587e+00
5.59280000e-08,1.79467587e+00
5.60280000e-08,1.79467587e+00
5.61280000e-08,1.79467587e+00
5.62280000e-08,1.79467587e+00
5.63280000e-08,1.79467587e+00
5.64280000e-08,1.79467587e+00
5.65280000e-08,1.79467587e+00
5.66280000e-08,1.79467587e+00
5.67280000e-08,1.79467587e+00
5.68280000e-08,1.79467587e+00
5.69280000e-08,1.79467587e+00
5.70280000e-08,1.79467587e+00
5.71280000e-08,1.79467587e+00
5.72280000e-08,1.79467587e+00
5.73280000e-08,1.79467587e+00
5.74280000e-08,1.79467587e+00
5.75280000e-08,1.79467587e+00
5.76280000e-08,1.79467587e+00
5.77280000e-08,1.79467587e+00
5.78280000e-08,1.79467587e+00
5.79280000e-08,1.79467587e+00
5.80280000e-08,1.79467587e+00
5.81280000e-08,1.79467587e+00
5.82280000e-08,1.79467587e+00
5.83280000e-08,1.79467587e+00
5.84280000e-08,1.79467587e+00
5.85280000e-08,1.79467587e+00
5.86280000e-08,1.79467587e+00
5.87280000e-08,1.79467587e+00
5.88280000e-08,1.79467587e+00
5.89280000e-08,1.79467587e+00
5.90280000e-08,1.79467587e+00
5.91280000e-08,1.79467587e+00
5.92280000e-08,1.79467587e+00
5.93280000e-08,1.79467587e+00
5.94280000e-08,1.79467587e+00
5.95280000e-08,1.79467587e+00
5.96280000e-08,1.79467587e+00
5.97280000e-08,1.79467587e+00
5.98280000e-08,1.79467587e+00
5.99280000e-08,1.79467587e+00
6.00280000e-08,1.79467587e+00
6.01280000e-08,1.79467587e+00
6.02280000e-08,1.79467587e+00
6.03280000e-08,1.79467587e+00
6.04280000e-08,1.79467587e+00
6.05280000e-08,1.79467587e+00
6.06280000e-08,1.79467587e+00
6.07280000e-08,1.79467587e+00
6.08280000e-08,1.79467587e+00
6.09280000e-08,1.79467587e+00
6.10280000e-08,1.79467587e+00
6.11280000e-08,1.79467587e+00
6.12280000e-08,1.79467587e+00
6.13280000e-08,1.79467587e+00
6.14280000e-08,1.79467587e+00
6.15280000e-08,1.79467587e+00
6.16280000e-08,1.79467587e+00
6.17280000e-08,1.79467587e+00
6.18280000e-08,1.79467587e+00
6.19280000e-08,1.79467587e+00
6.20280000e-08,1.79467587e+00
6.21280000e-08,1.79467587e+00
6.22280000e-08,1.79467587e+00
6.23280000e-08,1.79467587e+00
6.24280000e-08,1.79467587e+00
6.25280000e-08,1.79467587e+00
6.26280000e-08,1.79467587e+00
6.27280000e-08,1.79467587e+00
6.28280000e-08,1.79467587e+00
6.29280000e-08,1.79467587e+00
6.30280000e-08,1.79467587e+00
6.31280000e-08,1.79467587e+00
6.32280000e-08,1.79467587e+00
6.33280000e-08,1.79467587e+00
6.34280000e-08,1.79467587e+00
6.35280000e-08,1.79467587e+00
6.36280000e-08,1.79467587e+00
6.37280000e-08,1.79467587e+00
6.38280000e-08,1.79467587e+00
6.39280000e-08,1.79467587e+00
6.40280000e-08,1.79467587e+00
6.41280000e-08,1.79467587e+00
6.42280000e-08,1.79467587e+00
6.43280000e-08,1.79467587e+00
6.44280000e-08,1.79467587e+00
6.45280000e-08,1.79467587e+00
6.46280000e-08,1.79467587e+00
6.47280000e-08,1.79467587e+00
6.48280000e-08,1.79467587e+00
6.49280000e-08,1.79467587e+00
6.50280000e-08,1.79467587e+00
6.51280000e-08,1.79467587e+00
6.52280000e-08,1.79467587e+00
6.53280000e-08,1.79467587e+00
6.54280000e-08,1.79467587e+00
6.55280000e-08,1.79467587e+00
6.56280000e-08,1.79467587e+00
6.57280000e-08,1.79467587e+00
6.58280000e-08,1.79467587e+00
6.59280000e-08,1.79467587e+00
6.60280000e-08,1.79467587e+00
6.61280000e-08,1.79467587e+00
6.62280000e-08,1.79467587e+00
6.63280000e-08,1.79467587e+00
6.64280000e-08,1.79467587e+00
6.65280000e-08,1.79467587e+00
6.66280000e-08,1.79467587e+00
6.67280000e-08,1.79467587e+00
6.68280000e-08,1.79467587e+00
6.69280000e-08,1.79467587e+00
6.70280000e-08,1.79467587e+00
6.71280000e-08,1.79467587e+00
6.72280000e-08,1.79467587e+00
6.73280000e-08,1.79467587e+00
6.74280000e-08,1.79467587e+00
6.75280000e-08,1.79467587e+00
6.76280000e-08,1.79467587e+00
6.77280000e-08,1.79467587e+00
6.78280000e-08,1.79467587e+00
6.79280000e-08,1.79467587e+00
6.80280000e-08,1.79467587e+00
6.81280000e-08,1.79467587e+00
6.82280000e-08,1.79467587e+00
6.83280000e-08,1.79467587e+00
6.84280000e-08,1.79467587e+00
6.85280000e-08,1.79467587e+00
6.86280000e-08,1.79467587e+00
6.87280000e-08,1.79467587e+00
6.88280000e-08,1.79467587e+00
6.89280000e-08,1.79467587e+00
6.90280000e-08,1.79467587e+00
6.91280000e-08,1.79467587e+00
6.92280000e-08,1.79467587e+00
6.93280000e-08,1.79467587e+00
6.94280000e-08,1.79467587e+00
6.95280000e-08,1.79467587e+00
6.96280000e-08,1.79467587e+00
6.97280000e-08,1.79467587e+00
6.98280000e-08,1.79467587e+00
6.99280000e-08,1.79467587e+00
7.00280000e-08,1.79467587e+00
7.01280000e-08,1.79467587e+00
7.02280000e-08,1.79467587e+00
7.03280000e-08,1.79467587e+00
7.04280000e-08,1.79467587e+00
7.05280000e-08,1.79467587e+00
7.06280000e-08,1.79467587e+00
7.07280000e-08,1.79467587e+00
7.08280000e-08,1.79467587e+00
7.09280000e-08,1.79467587e+00
7.10280000e-08,1.79467587e+00
7.11280000e-08,1.79467587e+00
7.12280000e-08,1.79467587e+00
7.13280000e-08,1.79467587e+00
7.14280000e-08,1.79467587e+00
7.15280000e-08,1.79467587e+00
7.16280000e-08,1.79467587e+00
7.17280000e-08,1.79467587e+00
7.18280000e-08,1.79467587e+00
7.19280000e-08,1.79467587e+00
7.20280000e-08,1.79467587e+00
7.21280000e-08,1.79467587e+00
7.22280000e-08,1.79467587e+00
7.23280000e-08,1.79467587e+00
7.24280000e-08,1.79467587e+00
7.25280000e-08,1.79467587e+00
7.26280000e-08,1.79467587e+00
7.27280000e-08,1.79467587e+00
7.28280000e-08,1.79467587e+00
7.29280000e-08,1.79467587e+00
7.30280000e-08,1.79467587e+00
7.31280000e-08,1.79467587e+00
7.32280000e-08,1.79467587e+00
7.33280000e-08,1.79467587e+00
7.34280000e-08,1.79467587e+00
7.35280000e-08,1.79467587e+00
7.36280000e-08,1.79467587e+00
7.37280000e-08,1.79467587e+00
7.38280000e-08,1.79467587e+00
7.39280000e-08,1.79467587e+00
7.40280000e-08,1.79467587e+00
7.41280000e-08,1.79467587e+00
7.42280000e-08,1.79467587e+00
7.43280000e-08,1.79467587e+00
7.44280000e-08,1.79467587e+00
7.45280000e-08,1.79467587e+00
7.46280000e-08,1.79467587e+00
7.47280000e-08,1.79467587e+00
7.48280000e-08,1.79467587e+00
7.49280000e-08,1.79467587e+00
7.50280000e-08,1.79467587e+00
7.51280000e-08,1.79467587e+00
7.52280000e-08,1.79467587e+00
7.53280000e-08,1.79467587e+00
7.54280000e-08,1.79467587e+00
7.55280000e-08,1.79467587e+00
7.56280000e-08,1.79467587e+00
7.57280000e-08,1.79467587e+00
7.58280000e-08,1.79467587e+00
7.59280000e-08,1.79467587e+00
7.60280000e-08,1.79467587e+00
7.61280000e-08,1.79467587e+00
7.62280000e-08,1.79467587e+00
7.63280000e-08,1.79467587e+00
7.64280000e-08,1.79467587e+00
7.65280000e-08,1.79467587e+00
7.66280000e-08,1.79467587e+00
7.67280000e-08,1.79467587e+00
7.68280000e-08,1.79467587e+00
7.69280000e-08,1.79467587e+00
7.70280000e-08,1.79467587e+00
7.71280000e-08,1.79467587e+00
7.72280000e-08,1.79467587e+00
7.73280000e-08,1.79467587e+00
7.74280000e-08,1.79467587e+00
7.75280000e-08,1.79467587e+00
7.76280000e-08,1.79467587e+00
7.77280000e-08,1.79467587e+00
7.78280000e-08,1.79467587e+00
7.79280000e-08,1.79467587e+00
7.80280000e-08,1.79467587e+00
7.81280000e-08,1.79467587e+00
7.82280000e-08,1.79467587e+00
7.83280000e-08,1.79467587e+00
7.84280000e-08,1.79467587e+00
7.85280000e-08,1.79467587e+00
7.86280000e-08,1.79467587e+00
7.87280000e-08,1.79467587e+00
7.88280000e-08,1.79467587e+00
7.89280000e-08,1.79467587e+00
7.90280000e-08,1.79467587e+00
7.91280000e-08,1.79467587e+00
7.92280000e-08,1.79467587e+00
7.93280000e-08,1.79467587e+00
7.94280000e-08,1.79467587e+00
7.95280000e-08,1.79467587e+00
7.96280000e-08,1.79467587e+00
7.97280000e-08,1.79467587e+00
7.98280000e-08,1.79467587e+00
7.99280000e-08,1.79467587e+00
8.00280000e-08,1.79467587e+00
8.01280000e-08,1.79467587e+00
8.02280000e-08,1.79467587e+00
8.03280000e-08,1.79467587e+00
8.04280000e-08,1.79467587e+00
8.05280000e-08,1.79467587e+00
8.06280000e-08,1.79467587e+00
8.07280000e-08,1.79467587e+00
8.08280000e-08,1.79467587e+00
8.09280000e-08,1.79467587e+00
8.10280000e-08,1.79467587e+00
8.11280000e-08,1.79467587e+00
8.12280000e-08,1.79467587e+00
8.13280000e-08,1.79467587e+00
8.14280000e-08,1.79467587e+00
8.15280000e-08,1.79467587e+00
8.16280000e-08,1.79467587e+00
8.17280000e-08,1.79467587e+00
8.18280000e-08,1.79467587e+00
8.19280000e-08,1.79467587e+00
8.20280000e-08,1.79467587e+00
8.21280000e-08,1.79467587e+00
8.22280000e-08,1.79467587e+00
8.23280000e-08,1.79467587e+00
8.24280000e-08,1.79467587e+00
8.25280000e-08,1.79467587e+00
8.26280000e-08,1.79467587e+00
8.27280000e-08,1.79467587e+00
8.28280000e-08,1.79467587e+00
8.29280000e-08,1.79467587e+00
8.30280000e-08,1.79467587e+00
8.31280000e-08,1.79467587e+00
8.32280000e-08,1.79467587e+00
8.33280000e-08,1.79467587e+00
8.34280000e-08,1.79467587e+00
8.35280000e-08,1.79467587e+00
8.36280000e-08,1.79467587e+00
8.37280000e-08,1.79467587e+00
8.38280000e-08,1.79467587e+00
8.39280000e-08,1.79467587e+00
8.40280000e-08,1.79467587e+00
8.41280000e-08,1.79467587e+00
8.42280000e-08,1.79467587e+00
8.43280000e-08,1.79467587e+00
8.44280000e-08,1.79467587e+00
8.45280000e-08,1.79467587e+00
8.46280000e-08,1.79467587e+00
8.47280000e-08,1.79467587e+00
8.48280000e-08,1.79467587e+00
8.49280000e-08,1.79467587e+00
8.50280000e-08,1.79467587e+00
8.51280000e-08,1.79467587e+00
8.52280000e-08,1.79467587e+00
8.53280000e-08,1.79467587e+00
8.54280000e-08,1.79467587e+00
8.55280000e-08,1.79467587e+00
8.56280000e-08,1.79467587e+00
8.57280000e-08,1.79467587e+00
8.58280000e-08,1.79467587e+00
8.59280000e-08,1.79467587e+00
8.60280000e-08,1.79467587e+00
8.61280000e-08,1.79467587e+00
8.62280000e-08,1.79467587e+00
8.63280000e-08,1.79467587e+00
8.64280000e-08,1.79467587e+00
8.65280000e-08,1.79467587e+00
8.66280000e-08,1.79467587e+00
8.67280000e-08,1.79467587e+00
8.68280000e-08,1.79467587e+00
8.69280000e-08,1.79467587e+00
8.70280000e-08,1.79467587e+00
8.71280000e-08,1.79467587e+00
8.72280000e-08,1.79467587e+00
8.73280000e-08,1.79467587e+00
8.74280000e-08,1.79467587e+00
8.75280000e-08,1.79467587e+00
8.76280000e-08,1.79467587e+00
8.77280000e-08,1.79467587e+00
8.78280000e-08,1.79467587e+00
8.79280000e-08,1.79467587e+00
8.80280000e-08,1.79467587e+00
8.81280000e-08,1.79467587e+00
8.82280000e-08,1.79467587e+00
8.83280000e-08,1.79467587e+00
8.84280000e-08,1.79467587e+00
8.85280000e-08,1.79467587e+00
8.86280000e-08,1.79467587e+00
8.87280000e-08,1.79467587e+00
8.88280000e-08,1.79467587e+00
8.89280000e-08,1.79467587e+00
8.90280000e-08,1.79467587e+00
8.91280000e-08,1.79467587e+00
8.92280000e-08,1.79467587e+00
8.93280000e-08,1.79467587e+00
8.94280000e-08,1.79467587e+00
8.95280000e-08,1.79467587e+00
8.96280000e-08,1.79467587e+00
8.97280000e-08,1.79467587e+00
8.98280000e-08,1.79467587e+00
8.99280000e-08,1.79467587e+00
9.00280000e-08,1.79467587e+00
9.01280000e-08,1.79467587e+00
9.02280000e-08,1.79467587e+00
9.03280000e-08,1.79467587e+00
9.04280000e-08,1.79467587e+00
9.05280000e-08,1.79467587e+00
9.06280000e-08,1.79467587e+00
9.07280000e-08,1.79467587e+00
9.08280000e-08,1.79467587e+00
9.09280000e-08,1.79467587e+00
9.10280000e-08,1.79467587e+00
9.11280000e-08,1.79467587e+00
9.12280000e-08,1.79467587e+00
9.13280000e-08,1.79467587e+00
9.14280000e-08,1.79467587e+00
9.15280000e-08,1.79467587e+00
9.16280000e-08,1.79467587e+00
9.17280000e-08,1.79467587e+00
9.18280000e-08,1.79467587e+00
9.19280000e-08,1.79467587e+00
9.20280000e-08,1.79467587e+00
9.21280000e-08,1.79467587e+00
9.22280000e-08,1.79467587e+00
9.23280000e-08,1.79467587e+00
9.24280000e-08,1.79467587e+00
9.25280000e-08,1.79467587e+00
9.26280000e-08,1.79467587e+00
9.27280000e-08,1.79467587e+00
9.28280000e-08,1.79467587e+00
9.29280000e-08,1.79467587e+00
9.30280000e-08,1.79467587e+00
9.31280000e-08,1.79467587e+00
9.32280000e-08,1.79467587e+00
9.33280000e-08,1.79467587e+00
9.34280000e-08,1.79467587e+00
9.35280000e-08,1.79467587e+00
9.36280000e-08,1.79467587e+00
9.37280000e-08,1.79467587e+00
9.38280000e-08,1.79467587e+00
9.39280000e-08,1.79467587e+00
9.40280000e-08,1.79467587e+00
9.41280000e-08,1.79467587e+00
9.42280000e-08,1.79467587e+00
9.43280000e-08,1.79467587e+00
9.44280000e-08,1.79467587e+00
9.45280000e-08,1.79467587e+00
9.46280000e-08,1.79467587e+00
9.47280000e-08,1.79467587e+00
9.48280000e-08,1.79467587e+00
9.49280000e-08,1.79467587e+00
9.50280000e-08,1.79467587e+00
9.51280000e-08,1.79467587e+00
9.52280000e-08,1.79467587e+00
9.53280000e-08,1.79467587e+00
9.54280000e-08,1.79467587e+00
9.55280000e-08,1.79467587e+00
9.56280000e-08,1.79467587e+00
9.57280000e-08,1.79467587e+00
9.58280000e-08,1.79467587e+00
9.59280000e-08,1.79467587e+00
9.60280000e-08,1.79467587e+00
9.61280000e-08,1.79467587e+00
9.62280000e-08,1.79467587e+00
9.63280000e-08,1.79467587e+00
9.64280000e-08,1.79467587e+00
9.65280000e-08,1.79467587e+00
9.66280000e-08,1.79467587e+00
9.67280000e-08,1.79467587e+00
9.68280000e-08,1.79467587e+00
9.69280000e-08,1.79467587e+00
9.70280000e-08,1.79467587e+00
9.71280000e-08,1.79467587e+00
9.72280000e-08,1.79467587e+00
9.73280000e-08,1.79467587e+00
9.74280000e-08,1.79467587e+00
9.75280000e-08,1.79467587e+00
9.76280000e-08,1.79467587e+00
9.77280000e-08,1.79467587e+00
9.78280000e-08,1.79467587e+00
9.79280000e-08,1.79467587e+00
9.80280000e-08,1.79467587e+00
9.81280000e-08,1.79467587e+00
9.82280000e-08,1.79467587e+00
9.83280000e-08,1.79467587e+00
9.84280000e-08,1.79467587e+00
9.85280000e-08,1.79467587e+00
9.86280000e-08,1.79467587e+00
9.87280000e-08,1.79467587e+00
9.88280000e-08,1.79467587e+00
9.89280000e-08,1.79467587e+00
9.90280000e-08,1.79467587e+00
9.91280000e-08,1.79467587e+00
9.92280000e-08,1.79467587e+00
9.93280000e-08,1.79467587e+00
9.94280000e-08,1.79467587e+00
9.95280000e-08,1.79467587e+00
9.96280000e-08,1.79467587e+00
9.97280000e-08,1.79467587e+00
9.98280000e-08,1.79467587e+00
9.99280000e-08,1.79467587e+00
1.00028000e-07,1.79467587e+00
1.00128000e-07,1.79467587e+00
1.00228000e-07,1.79467587e+00
1.00328000e-07,1.79467587e+00
1.00428000e-07,1.79467587e+00
1.00528000e-07,1.79467587e+00
1.00628000e-07,1.79467587e+00
1.00728000e-07,1.79467587e+00
1.00828000e-07,1.79467587e+00
1.00928000e-07,1.79467587e+00
1.01028000e-07,1.79467587e+00
1.01128000e-07,1.79467587e+00
1.01228000e-07,1.79467587e+00
1.01328000e-07,1.79467587e+00
1.01428000e-07,1.79467587e+00
1.01528000e-07,1.79467587e+00
1.01628000e-07,1.79467587e+00
1.01728000e-07,1.79467587e+00
1.01828000e-07,1.79467587e+00
1.01928000e-07,1.79467587e+00
1.02028000e-07,1.79467587e+00
1.02128000e-07,1.79467587e+00
1.02228000e-07,1.79467587e+00
1.02328000e-07,1.79467587e+00
1.02428000e-07,1.79467587e+00
1.02528000e-07,1.79467587e+00
1.02628000e-07,1.79467587e+00
1.02728000e-07,1.79467587e+00
1.02828000e-07,1.79467587e+00
1.02928000e-07,1.79467587e+00
1.03028000e-07,1.79467587e+00
1.03128000e-07,1.79467587e+00
1.03228000e-07,1.79467587e+00
1.03328000e-07,1.79467587e+00
1.03428000e-07,1.79467587e+00
1.03528000e-07,1.79467587e+00
1.03628000e-07,1.79467587e+00
1.03728000e-07,1.79467587e+00
1.03828000e-07,1.79467587e+00
1.03928000e-07,1.79467587e+00
1.04028000e-07,1.79467587e+00
1.04128000e-07,1.79467587e+00
1.04228000e-07,1.79467587e+00
1.04328000e-07,1.79467587e+00
1.04428000e-07,1.79467587e+00
1.04528000e-07,1.79467587e+00
1.04628000e-07,1.79467587e+00
1.04728000e-07,1.79467587e+00
1.04828000e-07,1.79467587e+00
1.04928000e-07,1.79467587e+00
1.05028000e-07,1.79467587e+00
1.05128000e-07,1.79467587e+00
1.05228000e-07,1.79467587e+00
1.05328000e-07,1.79467587e+00
1.05428000e-07,1.79467587e+00
1.05528000e-07,1.79467587e+00
1.05628000e-07,1.79467587e+00
1.05728000e-07,1.79467587e+00
1.05828000e-07,1.79467587e+00
1.05928000e-07,1.79467587e+00
1.06028000e-07,1.79467587e+00
1.06128000e-07,1.79467587e+00
1.06228000e-07,1.79467587e+00
1.06328000e-07,1.79467587e+00
1.06428000e-07,1.79467587e+00
1.06528000e-07,1.79467587e+00
1.06628000e-07,1.79467587e+00
1.06728000e-07,1.79467587e+00
1.06828000e-07,1.79467587e+00
1.06928000e-07,1.79467587e+00
1.07028000e-07,1.79467587e+00
1.07128000e-07,1.79467587e+00
1.07228000e-07,1.79467587e+00
1.07328000e-07,1.79467587e+00
1.07428000e-07,1.79467587e+00
1.07528000e-07,1.79467587e+00
1.07628000e-07,1.79467587e+00
1.07728000e-07,1.79467587e+00
1.07828000e-07,1.79467587e+00
1.07928000e-07,1.79467587e+00
1.08028000e-07,1.79467587e+00
1.08128000e-07,1.79467587e+00
1.08228000e-07,1.79467587e+00
1.08328000e-07,1.79467587e+00
1.08428000e-07,1.79467587e+00
1.08528000e-07,1.79467587e+00
1.08628000e-07,1.79467587e+00
1.08728000e-07,1.79467587e+00
1.08828000e-07,1.79467587e+00
1.08928000e-07,1.79467587e+00
1.09028000e-07,1.79467587e+00
1.09128000e-07,1.79467587e+00
1.09228000e-07,1.79467587e+00
1.09328000e-07,1.79467587e+00
1.09428000e-07,1.79467587e+00
1.09528000e-07,1.79467587e+00
1.09628000e-07,1.79467587e+00
1.09728000e-07,1.79467587e+00
1.09828000e-07,1.79467587e+00
1.09928000e-07,1.79467587e+00
1.10028000e-07,1.79467587e+00
1.10128000e-07,1.79467587e+00
1.10228000e-07,1.79467587e+00
1.10328000e-07,1.79467587e+00
1.10428000e-07,1.79467587e+00
1.10528000e-07,1.79467587e+00
1.10628000e-07,1.79467587e+00
1.10728000e-07,1.79467587e+00
1.10828000e-07,1.79467587e+00
1.10928000e-07,1.79467587e+00
1.11028000e-07,1.79467587e+00
1.11128000e-07,1.79467587e+00
1.11228000e-07,1.79467587e+00
1.11328000e-07,1.79467587e+00
1.11428000e-07,1.79467587e+00
1.11528000e-07,1.79467587e+00
1.11628000e-07,1.79467587e+00
1.11728000e-07,1.79467587e+00
1.11828000e-07,1.79467587e+00
1.11928000e-07,1.79467587e+00
1.12028000e-07,1.79467587e+00
1.12128000e-07,1.79467587e+00
1.12228000e-07,1.79467587e+00
1.12328000e-07,1.79467587e+00
1.12428000e-07,1.79467587e+00
1.12528000e-07,1.79467587e+00
1.12628000e-07,1.79467587e+00
1.12728000e-07,1.79467587e+00
1.12828000e-07,1.79467587e+00
1.12928000e-07,1.79467587e+00
1.13028000e-07,1.79467587e+00
1.13128000e-07,1.79467587e+00
1.13228000e-07,1.79467587e+00
1.13328000e-07,1.79467587e+00
1.13428000e-07,1.79467587e+00
1.13528000e-07,1.79467587e+00
1.13628000e-07,1.79467587e+00
1.13728000e-07,1.79467587e+00
1.13828000e-07,1.79467587e+00
1.13928000e-07,1.79467587e+00
1.14028000e-07,1.79467587e+00
1.14128000e-07,1.79467587e+00
1.14228000e-07,1.79467587e+00
1.14328000e-07,1.79467587e+00
1.14428000e-07,1.79467587e+00
1.14528000e-07,1.79467587e+00
1.14628000e-07,1.79467587e+00
1.14728000e-07,1.79467587e+00
1.14828000e-07,1.79467587e+00
1.14928000e-07,1.79467587e+00
1.15028000e-07,1.79467587e+00
1.15128000e-07,1.79467587e+00
1.15228000e-07,1.79467587e+00
1.15328000e-07,1.79467587e+00
1.15428000e-07,1.79467587e+00
1.15528000e-07,1.79467587e+00
1.15628000e-07,1.79467587e+00
1.15728000e-07,1.79467587e+00
1.15828000e-07,1.79467587e+00
1.15928000e-07,1.79467587e+00
1.16028000e-07,1.79467587e+00
1.16128000e-07,1.79467587e+00
1.16228000e-07,1.79467587e+00
1.16328000e-07,1.79467587e+00
1.16428000e-07,1.79467587e+00
1.16528000e-07,1.79467587e+00
1.16628000e-07,1.79467587e+00
1.16728000e-07,1.79467587e+00
1.16828000e-07,1.79467587e+00
1.16928000e-07,1.79467587e+00
1.17028000e-07,1.79467587e+00
1.17128000e-07,1.79467587e+00
1.17228000e-07,1.79467587e+00
1.17328000e-07,1.79467587e+00
1.17428000e-07,1.79467587e+00
1.17528000e-07,1.79467587e+00
1.17628000e-07,1.79467587e+00
1.17728000e-07,1.79467587e+00
1.17828000e-07,1.79467587e+00
1.17928000e-07,1.79467587e+00
1.18028000e-07,1.79467587e+00
1.18128000e-07,1.79467587e+00
1.18228000e-07,1.79467587e+00
1.18328000e-07,1.79467587e+00
1.18428000e-07,1.79467587e+00
1.18528000e-07,1.79467587e+00
1.18628000e-07,1.79467587e+00
1.18728000e-07,1.79467587e+00
1.18828000e-07,1.79467587e+00
1.18928000e-07,1.79467587e+00
1.19028000e-07,1.79467587e+00
1.19128000e-07,1.79467587e+00
1.19228000e-07,1.79467587e+00
1.19328000e-07,1.79467587e+00
1.19428000e-07,1.79467587e+00
1.19528000e-07,1.79467587e+00
1.19628000e-07,1.79467587e+00
1.19728000e-07,1.79467587e+00
1.19828000e-07,1.79467587e+00
1.19928000e-07,1.79467587e+00
1.20028000e-07,1.79467587e+00
1.20128000e-07,1.79467587e+00
1.20228000e-07,1.79467587e+00
1.20328000e-07,1.79467587e+00
1.20428000e-07,1.79467587e+00
1.20528000e-07,1.79467587e+00
1.20628000e-07,1.79467587e+00
1.20728000e-07,1.79467587e+00
1.20828000e-07,1.79467587e+00
1.20928000e-07,1.79467587e+00
1.21028000e-07,1.79467587e+00
1.21128000e-07,1.79467587e+00
1.21228000e-07,1.79467587e+00
1.21328000e-07,1.79467587e+00
1.21428000e-07,1.79467587e+00
1.21528000e-07,1.79467587e+00
1.21628000e-07,1.79467587e+00
1.21728000e-07,1.79467587e+00
1.21828000e-07,1.79467587e+00
1.21928000e-07,1.79467587e+00
1.22028000e-07,1.79467587e+00
1.22128000e-07,1.79467587e+00
1.22228000e-07,1.79467587e+00
1.22328000e-07,1.79467587e+00
1.22428000e-07,1.79467587e+00
1.22528000e-07,1.79467587e+00
1.22628000e-07,1.79467587e+00
1.22728000e-07,1.79467587e+00
1.22828000e-07,1.79467587e+00
1.22928000e-07,1.79467587e+00
1.23028000e-07,1.79467587e+00
1.23128000e-07,1.79467587e+00
1.23228000e-07,1.79467587e+00
1.23328000e-07,1.79467587e+00
1.23428000e-07,1.79467587e+00
1.23528000e-07,1.79467587e+00
1.23628000e-07,1.79467587e+00
1.23728000e-07,1.79467587e+00
1.23828000e-07,1.79467587e+00
1.23928000e-07,1.79467587e+00
1.24028000e-07,1.79467587e+00
1.24128000e-07,1.79467587e+00
1.24228000e-07,1.79467587e+00
1.24328000e-07,1.79467587e+00
1.24428000e-07,1.79467587e+00
1.24528000e-07,1.79467587e+00
1.24628000e-07,1.79467587e+00
1.24728000e-07,1.79467587e+00
1.24828000e-07,1.79467587e+00
1.24928000e-07,1.79467587e+00
1.25028000e-07,1.79467587e+00
1.25128000e-07,1.79467587e+00
1.25228000e-07,1.79467587e+00
1.25328000e-07,1.79467587e+00
1.25428000e-07,1.79467587e+00
1.25528000e-07,1.79467587e+00
1.25628000e-07,1.79467587e+00
1.25728000e-07,1.79467587e+00
1.25828000e-07,1.79467587e+00
1.25928000e-07,1.79467587e+00
1.26028000e-07,1.79467587e+00
1.26128000e-07,1.79467587e+00
1.26228000e-07,1.79467587e+00
1.26328000e-07,1.79467587e+00
1.26428000e-07,1.79467587e+00
1.26528000e-07,1.79467587e+00
1.26628000e-07,1.79467587e+00
1.26728000e-07,1.79467587e+00
1.26828000e-07,1.79467587e+00
1.26928000e-07,1.79467587e+00
1.27028000e-07,1.79467587e+00
1.27128000e-07,1.79467587e+00
1.27228000e-07,1.79467587e+00
1.27328000e-07,1.79467587e+00
1.27428000e-07,1.79467587e+00
1.27528000e-07,1.79467587e+00
1.27628000e-07,1.79467587e+00
1.27728000e-07,1.79467587e+00
1.27828000e-07,1.79467587e+00
1.27928000e-07,1.79467587e+00
1.28028000e-07,1.79467587e+00
1.28128000e-07,1.79467587e+00
1.28228000e-07,1.79467587e+00
1.28328000e-07,1.79467587e+00
1.28428000e-07,1.79467587e+00
1.28528000e-07,1.79467587e+00
1.28628000e-07,1.79467587e+00
1.28728000e-07,1.79467587e+00
1.28828000e-07,1.79467587e+00
1.28928000e-07,1.79467587e+00
1.29028000e-07,1.79467587e+00
1.29128000e-07,1.79467587e+00
1.29228000e-07,1.79467587e+00
1.29328000e-07,1.79467587e+00
1.29428000e-07,1.79467587e+00
1.29528000e-07,1.79467587e+00
1.29628000e-07,1.79467587e+00
1.29728000e-07,1.79467587e+00
1.29828000e-07,1.79467587e+00
1.29928000e-07,1.79467587e+00
1.30028000e-07,1.79467587e+00
1.30128000e-07,1.79467587e+00
1.30228000e-07,1.79467587e+00
1.30328000e-07,1.79467587e+00
1.30428000e-07,1.79467587e+00
1.30528000e-07,1.79467587e+00
1.30628000e-07,1.79467587e+00
1.30728000e-07,1.79467587e+00
1.30828000e-07,1.79467587e+00
1.30928000e-07,1.79467587e+00
1.31028000e-07,1.79467587e+00
1.31128000e-07,1.79467587e+00
1.31228000e-07,1.79467587e+00
1.31328000e-07,1.79467587e+00
1.31428000e-07,1.79467587e+00
1.31528000e-07,1.79467587e+00
1.31628000e-07,1.79467587e+00
1.31728000e-07,1.79467587e+00
1.31828000e-07,1.79467587e+00
1.31928000e-07,1.79467587e+00
1.32028000e-07,1.79467587e+00
1.32128000e-07,1.79467587e+00
1.32228000e-07,1.79467587e+00
1.32328000e-07,1.79467587e+00
1.32428000e-07,1.79467587e+00
1.32528000e-07,1.79467587e+00
1.32628000e-07,1.79467587e+00
1.32728000e-07,1.79467587e+00
1.32828000e-07,1.79467587e+00
1.32928000e-07,1.79467587e+00
1.33028000e-07,1.79467587e+00
1.33128000e-07,1.79467587e+00
1.33228000e-07,1.79467587e+00
1.33328000e-07,1.79467587e+00
1.33428000e-07,1.79467587e+00
1.33528000e-07,1.79467587e+00
1.33628000e-07,1.79467587e+00
1.33728000e-07,1.79467587e+00
1.33828000e-07,1.79467587e+00
1.33928000e-07,1.79467587e+00
1.34028000e-07,1.79467587e+00
1.34128000e-07,1.79467587e+00
1.34228000e-07,1.79467587e+00
1.34328000e-07,1.79467587e+00
1.34428000e-07,1.79467587e+00
1.34528000e-07,1.79467587e+00
1.34628000e-07,1.79467587e+00
1.34728000e-07,1.79467587e+00
1.34828000e-07,1.79467587e+00
1.34928000e-07,1.79467587e+00
1.35028000e-07,1.79467587e+00
1.35128000e-07,1.79467587e+00
1.35228000e-07,1.79467587e+00
1.35328000e-07,1.79467587e+00
1.35428000e-07,1.79467587e+00
1.35528000e-07,1.79467587e+00
1.35628000e-07,1.79467587e+00
1.35728000e-07,1.79467587e+00
1.35828000e-07,1.79467587e+00
1.35928000e-07,1.79467587e+00
1.36028000e-07,1.79467587e+00
1.36128000e-07,1.79467587e+00
1.36228000e-07,1.79467587e+00
1.36328000e-07,1.79467587e+00
1.36428000e-07,1.79467587e+00
1.36528000e-07,1.79467587e+00
1.36628000e-07,1.79467587e+00
1.36728000e-07,1.79467587e+00
1.36828000e-07,1.79467587e+00
1.36928000e-07,1.79467587e+00
1.37028000e-07,1.79467587e+00
1.37128000e-07,1.79467587e+00
1.37228000e-07,1.79467587e+00
1.37328000e-07,1.79467587e+00
1.37428000e-07,1.79467587e+00
1.37528000e-07,1.79467587e+00
1.37628000e-07,1.79467587e+00
1.37728000e-07,1.79467587e+00
1.37828000e-07,1.79467587e+00
1.37928000e-07,1.79467587e+00
1.38028000e-07,1.79467587e+00
1.38128000e-07,1.79467587e+00
1.38228000e-07,1.79467587e+00
1.38328000e-07,1.79467587e+00
1.38428000e-07,1.79467587e+00
1.38528000e-07,1.79467587e+00
1.38628000e-07,1.79467587e+00
1.38728000e-07,1.79467587e+00
1.38828000e-07,1.79467587e+00
1.38928000e-07,1.79467587e+00
1.39028000e-07,1.79467587e+00
1.39128000e-07,1.79467587e+00
1.39228000e-07,1.79467587e+00
1.39328000e-07,1.79467587e+00
1.39428000e-07,1.79467587e+00
1.39528000e-07,1.79467587e+00
1.39628000e-07,1.79467587e+00
1.39728000e-07,1.79467587e+00
1.39828000e-07,1.79467587e+00
1.39928000e-07,1.79467587e+00
1.40028000e-07,1.79467587e+00
1.40128000e-07,1.79467587e+00
1.40228000e-07,1.79467587e+00
1.40328000e-07,1.79467587e+00
1.40428000e-07,1.79467587e+00
1.40528000e-07,1.79467587e+00
1.40628000e-07,1.79467587e+00
1.40728000e-07,1.79467587e+00
1.40828000e-07,1.79467587e+00
1.40928000e-07,1.79467587e+00
1.41028000e-07,1.79467587e+00
1.41128000e-07,1.79467587e+00
1.41228000e-07,1.79467587e+00
1.41328000e-07,1.79467587e+00
1.41428000e-07,1.79467587e+00
1.41528000e-07,1.79467587e+00
1.41628000e-07,1.79467587e+00
1.41728000e-07,1.79467587e+00
1.41828000e-07,1.79467587e+00
1.41928000e-07,1.79467587e+00
1.42028000e-07,1.79467587e+00
1.42128000e-07,1.79467587e+00
1.42228000e-07,1.79467587e+00
1.42328000e-07,1.79467587e+00
1.42428000e-07,1.79467587e+00
1.42528000e-07,1.79467587e+00
1.42628000e-07,1.79467587e+00
1.42728000e-07,1.79467587e+00
1.42828000e-07,1.79467587e+00
1.42928000e-07,1.79467587e+00
1.43028000e-07,1.79467587e+00
1.43128000e-07,1.79467587e+00
1.43228000e-07,1.79467587e+00
1.43328000e-07,1.79467587e+00
1.43428000e-07,1.79467587e+00
1.43528000e-07,1.79467587e+00
1.43628000e-07,1.79467587e+00
1.43728000e-07,1.79467587e+00
1.43828000e-07,1.79467587e+00
1.43928000e-07,1.79467587e+00
1.44028000e-07,1.79467587e+00
1.44128000e-07,1.79467587e+00
1.44228000e-07,1.79467587e+00
1.44328000e-07,1.79467587e+00
1.44428000e-07,1.79467587e+00
1.44528000e-07,1.79467587e+00
1.44628000e-07,1.79467587e+00
1.44728000e-07,1.79467587e+00
1.44828000e-07,1.79467587e+00
1.44928000e-07,1.79467587e+00
1.45028000e-07,1.79467587e+00
1.45128000e-07,1.79467587e+00
1.45228000e-07,1.79467587e+00
1.45328000e-07,1.79467587e+00
1.45428000e-07,1.79467587e+00
1.45528000e-07,1.79467587e+00
1.45628000e-07,1.79467587e+00
1.45728000e-07,1.79467587e+00
1.45828000e-07,1.79467587e+00
1.45928000e-07,1.79467587e+00
1.46028000e-07,1.79467587e+00
1.46128000e-07,1.79467587e+00
1.46228000e-07,1.79467587e+00
1.46328000e-07,1.79467587e+00
1.46428000e-07,1.79467587e+00
1.46528000e-07,1.79467587e+00
1.46628000e-07,1.79467587e+00
1.46728000e-07,1.79467587e+00
1.46828000e-07,1.79467587e+00
1.46928000e-07,1.79467587e+00
1.47028000e-07,1.79467587e+00
1.47128000e-07,1.79467587e+00
1.47228000e-07,1.79467587e+00
1.47328000e-07,1.79467587e+00
1.47428000e-07,1.79467587e+00
1.47528000e-07,1.79467587e+00
1.47628000e-07,1.79467587e+00
1.47728000e-07,1.79467587e+00
1.47828000e-07,1.79467587e+00
1.47928000e-07,1.79467587e+00
1.48028000e-07,1.79467587e+00
1.48128000e-07,1.79467587e+00
1.48228000e-07,1.79467587e+00
1.48328000e-07,1.79467587e+00
1.48428000e-07,1.79467587e+00
1.48528000e-07,1.79467587e+00
1.48628000e-07,1.79467587e+00
1.48728000e-07,1.79467587e+00
1.48828000e-07,1.79467587e+00
1.48928000e-07,1.79467587e+00
1.49028000e-07,1.79467587e+00
1.49128000e-07,1.79467587e+00
1.49228000e-07,1.79467587e+00
1.49328000e-07,1.79467587e+00
1.49428000e-07,1.79467587e+00
1.49528000e-07,1.79467587e+00
1.49628000e-07,1.79467587e+00
1.49728000e-07,1.79467587e+00
1.49828000e-07,1.79467587e+00
1.49928000e-07,1.79467587e+00
1.50028000e-07,1.79467587e+00
1.50128000e-07,1.79467587e+00
1.50228000e-07,1.79467587e+00
1.50328000e-07,1.79467587e+00
1.50428000e-07,1.79467587e+00
1.50528000e-07,1.79467587e+00
1.50628000e-07,1.79467587e+00
1.50728000e-07,1.79467587e+00
1.50828000e-07,1.79467587e+00
1.50928000e-07,1.79467587e+00
1.51028000e-07,1.79467587e+00
1.51128000e-07,1.79467587e+00
1.51228000e-07,1.79467587e+00
1.51328000e-07,1.79467587e+00
1.51428000e-07,1.79467587e+00
1.51528000e-07,1.79467587e+00
1.51628000e-07,1.79467587e+00
1.51728000e-07,1.79467587e+00
1.51828000e-07,1.79467587e+00
1.51928000e-07,1.79467587e+00
1.52028000e-07,1.79467587e+00
1.52128000e-07,1.79467587e+00
1.52228000e-07,1.79467587e+00
1.52328000e-07,1.79467587e+00
1.52428000e-07,1.79467587e+00
1.52528000e-07,1.79467587e+00
1.52628000e-07,1.79467587e+00
1.52728000e-07,1.79467587e+00
1.52828000e-07,1.79467587e+00
1.52928000e-07,1.79467587e+00
1.53028000e-07,1.79467587e+00
1.53128000e-07,1.79467587e+00
1.53228000e-07,1.79467587e+00
1.53328000e-07,1.79467587e+00
1.53428000e-07,1.79467587e+00
1.53528000e-07,1.79467587e+00
1.53628000e-07,1.79467587e+00
1.53728000e-07,1.79467587e+00
1.53828000e-07,1.79467587e+00
1.53928000e-07,1.79467587e+00
1.54028000e-07,1.79467587e+00
1.54128000e-07,1.79467587e+00
1.54228000e-07,1.79467587e+00
1.54328000e-07,1.79467587e+00
1.54428000e-07,1.79467587e+00
1.54528000e-07,1.79467587e+00
1.54628000e-07,1.79467587e+00
1.54728000e-07,1.79467587e+00
1.54828000e-07,1.79467587e+00
1.54928000e-07,1.79467587e+00
1.55028000e-07,1.79467587e+00
1.55128000e-07,1.79467587e+00
1.55228000e-07,1.79467587e+00
1.55328000e-07,1.79467587e+00
1.55428000e-07,1.79467587e+00
1.55528000e-07,1.79467587e+00
1.55628000e-07,1.79467587e+00
1.55728000e-07,1.79467587e+00
1.55828000e-07,1.79467587e+00
1.55928000e-07,1.79467587e+00
1.56028000e-07,1.79467587e+00
1.56128000e-07,1.79467587e+00
1.56228000e-07,1.79467587e+00
1.56328000e-07,1.79467587e+00
1.56428000e-07,1.79467587e+00
1.56528000e-07,1.79467587e+00
1.56628000e-07,1.79467587e+00
1.56728000e-07,1.79467587e+00
1.56828000e-07,1.79467587e+00
1.56928000e-07,1.79467587e+00
1.57028000e-07,1.79467587e+00
1.57128000e-07,1.79467587e+00
1.57228000e-07,1.79467587e+00
1.57328000e-07,1.79467587e+00
1.57428000e-07,1.79467587e+00
1.57528000e-07,1.79467587e+00
1.57628000e-07,1.79467587e+00
1.57728000e-07,1.79467587e+00
1.57828000e-07,1.79467587e+00
1.57928000e-07,1.79467587e+00
1.58028000e-07,1.79467587e+00
1.58128000e-07,1.79467587e+00
1.58228000e-07,1.79467587e+00
1.58328000e-07,1.79467587e+00
1.58428000e-07,1.79467587e+00
1.58528000e-07,1.79467587e+00
1.58628000e-07,1.79467587e+00
1.58728000e-07,1.79467587e+00
1.58828000e-07,1.79467587e+00
1.58928000e-07,1.79467587e+00
1.59028000e-07,1.79467587e+00
1.59128000e-07,1.79467587e+00
1.59228000e-07,1.79467587e+00
1.59328000e-07,1.79467587e+00
1.59428000e-07,1.79467587e+00
1.59528000e-07,1.79467587e+00
1.59628000e-07,1.79467587e+00
1.59728000e-07,1.79467587e+00
1.59828000e-07,1.79467587e+00
1.59928000e-07,1.79467587e+00
1.60028000e-07,1.79467587e+00
1.60128000e-07,1.79467587e+00
1.60228000e-07,1.79467587e+00
1.60328000e-07,1.79467587e+00
1.60428000e-07,1.79467587e+00
1.60528000e-07,1.79467587e+00
1.60628000e-07,1.79467587e+00
1.60728000e-07,1.79467587e+00
1.60828000e-07,1.79467587e+00
1.60928000e-07,1.79467587e+00
1.61028000e-07,1.79467587e+00
1.61128000e-07,1.79467587e+00
1.61228000e-07,1.79467587e+00
1.61328000e-07,1.79467587e+00
1.61428000e-07,1.79467587e+00
1.61528000e-07,1.79467587e+00
1.61628000e-07,1.79467587e+00
1.61728000e-07,1.79467587e+00
1.61828000e-07,1.79467587e+00
1.61928000e-07,1.79467587e+00
1.62028000e-07,1.79467587e+00
1.62128000e-07,1.79467587e+00
1.62228000e-07,1.79467587e+00
1.62328000e-07,1.79467587e+00
1.62428000e-07,1.79467587e+00
1.62528000e-07,1.79467587e+00
1.62628000e-07,1.79467587e+00
1.62728000e-07,1.79467587e+00
1.62828000e-07,1.79467587e+00
1.62928000e-07,1.79467587e+00
1.63028000e-07,1.79467587e+00
1.63128000e-07,1.79467587e+00
1.63228000e-07,1.79467587e+00
1.63328000e-07,1.79467587e+00
1.63428000e-07,1.79467587e+00
1.63528000e-07,1.79467587e+00
1.63628000e-07,1.79467587e+00
1.63728000e-07,1.79467587e+00
1.63828000e-07,1.79467587e+00
1.63928000e-07,1.79467587e+00
1.64028000e-07,1.79467587e+00
1.64128000e-07,1.79467587e+00
1.64228000e-07,1.79467587e+00
1.64328000e-07,1.79467587e+00
1.64428000e-07,1.79467587e+00
1.64528000e-07,1.79467587e+00
1.64628000e-07,1.79467587e+00
1.64728000e-07,1.79467587e+00
1.64828000e-07,1.79467587e+00
1.64928000e-07,1.79467587e+00
1.65028000e-07,1.79467587e+00
1.65128000e-07,1.79467587e+00
1.65228000e-07,1.79467587e+00
1.65328000e-07,1.79467587e+00
1.65428000e-07,1.79467587e+00
1.65528000e-07,1.79467587e+00
1.65628000e-07,1.79467587e+00
1.65728000e-07,1.79467587e+00
1.65828000e-07,1.79467587e+00
1.65928000e-07,1.79467587e+00
1.66028000e-07,1.79467587e+00
1.66128000e-07,1.79467587e+00
1.66228000e-07,1.79467587e+00
1.66328000e-07,1.79467587e+00
1.66428000e-07,1.79467587e+00
1.66528000e-07,1.79467587e+00
1.66628000e-07,1.79467587e+00
1.66728000e-07,1.79467587e+00
1.66828000e-07,1.79467587e+00
1.66928000e-07,1.79467587e+00
1.67028000e-07,1.79467587e+00
1.67128000e-07,1.79467587e+00
1.67228000e-07,1.79467587e+00
1.67328000e-07,1.79467587e+00
1.67428000e-07,1.79467587e+00
1.67528000e-07,1.79467587e+00
1.67628000e-07,1.79467587e+00
1.67728000e-07,1.79467587e+00
1.67828000e-07,1.79467587e+00
1.67928000e-07,1.79467587e+00
1.68028000e-07,1.79467587e+00
1.68128000e-07,1.79467587e+00
1.68228000e-07,1.79467587e+00
1.68328000e-07,1.79467587e+00
1.68428000e-07,1.79467587e+00
1.68528000e-07,1.79467587e+00
1.68628000e-07,1.79467587e+00
1.68728000e-07,1.79467587e+00
1.68828000e-07,1.79467587e+00
1.68928000e-07,1.79467587e+00
1.69028000e-07,1.79467587e+00
1.69128000e-07,1.79467587e+00
1.69228000e-07,1.79467587e+00
1.69328000e-07,1.79467587e+00
1.69428000e-07,1.79467587e+00
1.69528000e-07,1.79467587e+00
1.69628000e-07,1.79467587e+00
1.69728000e-07,1.79467587e+00
1.69828000e-07,1.79467587e+00
1.69928000e-07,1.79467587e+00
1.70028000e-07,1.79467587e+00
1.70128000e-07,1.79467587e+00
1.70228000e-07,1.79467587e+00
1.70328000e-07,1.79467587e+00
1.70428000e-07,1.79467587e+00
1.70528000e-07,1.79467587e+00
1.70628000e-07,1.79467587e+00
1.70728000e-07,1.79467587e+00
1.70828000e-07,1.79467587e+00
1.70928000e-07,1.79467587e+00
1.71028000e-07,1.79467587e+00
1.71128000e-07,1.79467587e+00
1.71228000e-07,1.79467587e+00
1.71328000e-07,1.79467587e+00
1.71428000e-07,1.79467587e+00
1.71528000e-07,1.79467587e+00
1.71628000e-07,1.79467587e+00
1.71728000e-07,1.79467587e+00
1.71828000e-07,1.79467587e+00
1.71928000e-07,1.79467587e+00
1.72028000e-07,1.79467587e+00
1.72128000e-07,1.79467587e+00
1.72228000e-07,1.79467587e+00
1.72328000e-07,1.79467587e+00
1.72428000e-07,1.79467587e+00
1.72528000e-07,1.79467587e+00
1.72628000e-07,1.79467587e+00
1.72728000e-07,1.79467587e+00
1.72828000e-07,1.79467587e+00
1.72928000e-07,1.79467587e+00
1.73028000e-07,1.79467587e+00
1.73128000e-07,1.79467587e+00
1.73228000e-07,1.79467587e+00
1.73328000e-07,1.79467587e+00
1.73428000e-07,1.79467587e+00
1.73528000e-07,1.79467587e+00
1.73628000e-07,1.79467587e+00
1.73728000e-07,1.79467587e+00
1.73828000e-07,1.79467587e+00
1.73928000e-07,1.79467587e+00
1.74028000e-07,1.79467587e+00
1.74128000e-07,1.79467587e+00
1.74228000e-07,1.79467587e+00
1.74328000e-07,1.79467587e+00
1.74428000e-07,1.79467587e+00
1.74528000e-07,1.79467587e+00
1.74628000e-07,1.79467587e+00
1.74728000e-07,1.79467587e+00
1.74828000e-07,1.79467587e+00
1.74928000e-07,1.79467587e+00
1.75028000e-07,1.79467587e+00
1.75128000e-07,1.79467587e+00
1.75228000e-07,1.79467587e+00
1.75328000e-07,1.79467587e+00
1.75428000e-07,1.79467587e+00
1.75528000e-07,1.79467587e+00
1.75628000e-07,1.79467587e+00
1.75728000e-07,1.79467587e+00
1.75828000e-07,1.79467587e+00
1.75928000e-07,1.79467587e+00
1.76028000e-07,1.79467587e+00
1.76128000e-07,1.79467587e+00
1.76228000e-07,1.79467587e+00
1.76328000e-07,1.79467587e+00
1.76428000e-07,1.79467587e+00
1.76528000e-07,1.79467587e+00
1.76628000e-07,1.79467587e+00
1.76728000e-07,1.79467587e+00
1.76828000e-07,1.79467587e+00
1.76928000e-07,1.79467587e+00
1.77028000e-07,1.79467587e+00
1.77128000e-07,1.79467587e+00
1.77228000e-07,1.79467587e+00
1.77328000e-07,1.79467587e+00
1.77428000e-07,1.79467587e+00
1.77528000e-07,1.79467587e+00
1.77628000e-07,1.79467587e+00
1.77728000e-07,1.79467587e+00
1.77828000e-07,1.79467587e+00
1.77928000e-07,1.79467587e+00
1.78028000e-07,1.79467587e+00
1.78128000e-07,1.79467587e+00
1.78228000e-07,1.79467587e+00
1.78328000e-07,1.79467587e+00
1.78428000e-07,1.79467587e+00
1.78528000e-07,1.79467587e+00
1.78628000e-07,1.79467587e+00
1.78728000e-07,1.79467587e+00
1.78828000e-07,1.79467587e+00
1.78928000e-07,1.79467587e+00
1.79028000e-07,1.79467587e+00
1.79128000e-07,1.79467587e+00
1.79228000e-07,1.79467587e+00
1.79328000e-07,1.79467587e+00
1.79428000e-07,1.79467587e+00
1.79528000e-07,1.79467587e+00
1.79628000e-07,1.79467587e+00
1.79728000e-07,1.79467587e+00
1.79828000e-07,1.79467587e+00
1.79928000e-07,1.79467587e+00
1.80028000e-07,1.79467587e+00
1.80128000e-07,1.79467587e+00
1.80228000e-07,1.79467587e+00
1.80328000e-07,1.79467587e+00
1.80428000e-07,1.79467587e+00
1.80528000e-07,1.79467587e+00
1.80628000e-07,1.79467587e+00
1.80728000e-07,1.79467587e+00
1.80828000e-07,1.79467587e+00
1.80928000e-07,1.79467587e+00
1.81028000e-07,1.79467587e+00
1.81128000e-07,1.79467587e+00
1.81228000e-07,1.79467587e+00
1.81328000e-07,1.79467587e+00
1.81428000e-07,1.79467587e+00
1.81528000e-07,1.79467587e+00
1.81628000e-07,1.79467587e+00
1.81728000e-07,1.79467587e+00
1.81828000e-07,1.79467587e+00
1.81928000e-07,1.79467587e+00
1.82028000e-07,1.79467587e+00
1.82128000e-07,1.79467587e+00
1.82228000e-07,1.79467587e+00
1.82328000e-07,1.79467587e+00
1.82428000e-07,1.79467587e+00
1.82528000e-07,1.79467587e+00
1.82628000e-07,1.79467587e+00
1.82728000e-07,1.79467587e+00
1.82828000e-07,1.79467587e+00
1.82928000e-07,1.79467587e+00
1.83028000e-07,1.79467587e+00
1.83128000e-07,1.79467587e+00
1.83228000e-07,1.79467587e+00
1.83328000e-07,1.79467587e+00
1.83428000e-07,1.79467587e+00
1.83528000e-07,1.79467587e+00
1.83628000e-07,1.79467587e+00
1.83728000e-07,1.79467587e+00
1.83828000e-07,1.79467587e+00
1.83928000e-07,1.79467587e+00
1.84028000e-07,1.79467587e+00
1.84128000e-07,1.79467587e+00
1.84228000e-07,1.79467587e+00
1.84328000e-07,1.79467587e+00
1.84428000e-07,1.79467587e+00
1.84528000e-07,1.79467587e+00
1.84628000e-07,1.79467587e+00
1.84728000e-07,1.79467587e+00
1.84828000e-07,1.79467587e+00
1.84928000e-07,1.79467587e+00
1.85028000e-07,1.79467587e+00
1.85128000e-07,1.79467587e+00
1.85228000e-07,1.79467587e+00
1.85328000e-07,1.79467587e+00
1.85428000e-07,1.79467587e+00
1.85528000e-07,1.79467587e+00
1.85628000e-07,1.79467587e+00
1.85728000e-07,1.79467587e+00
1.85828000e-07,1.79467587e+00
1.85928000e-07,1.79467587e+00
1.86028000e-07,1.79467587e+00
1.86128000e-07,1.79467587e+00
1.86228000e-07,1.79467587e+00
1.86328000e-07,1.79467587e+00
1.86428000e-07,1.79467587e+00
1.86528000e-07,1.79467587e+00
1.86628000e-07,1.79467587e+00
1.86728000e-07,1.79467587e+00
1.86828000e-07,1.79467587e+00
1.86928000e-07,1.79467587e+00
1.87028000e-07,1.79467587e+00
1.87128000e-07,1.79467587e+00
1.87228000e-07,1.79467587e+00
1.87328000e-07,1.79467587e+00
1.87428000e-07,1.79467587e+00
1.87528000e-07,1.79467587e+00
1.87628000e-07,1.79467587e+00
1.87728000e-07,1.79467587e+00
1.87828000e-07,1.79467587e+00
1.87928000e-07,1.79467587e+00
1.88028000e-07,1.79467587e+00
1.88128000e-07,1.79467587e+00
1.88228000e-07,1.79467587e+00
1.88328000e-07,1.79467587e+00
1.88428000e-07,1.79467587e+00
1.88528000e-07,1.79467587e+00
1.88628000e-07,1.79467587e+00
1.88728000e-07,1.79467587e+00
1.88828000e-07,1.79467587e+00
1.88928000e-07,1.79467587e+00
1.89028000e-07,1.79467587e+00
1.89128000e-07,1.79467587e+00
1.89228000e-07,1.79467587e+00
1.89328000e-07,1.79467587e+00
1.89428000e-07,1.79467587e+00
1.89528000e-07,1.79467587e+00
1.89628000e-07,1.79467587e+00
1.89728000e-07,1.79467587e+00
1.89828000e-07,1.79467587e+00
1.89928000e-07,1.79467587e+00
1.90028000e-07,1.79467587e+00
1.90128000e-07,1.79467587e+00
1.90228000e-07,1.79467587e+00
1.90328000e-07,1.79467587e+00
1.90428000e-07,1.79467587e+00
1.90528000e-07,1.79467587e+00
1.90628000e-07,1.79467587e+00
1.90728000e-07,1.79467587e+00
1.90828000e-07,1.79467587e+00
1.90928000e-07,1.79467587e+00
1.91028000e-07,1.79467587e+00
1.91128000e-07,1.79467587e+00
1.91228000e-07,1.79467587e+00
1.91328000e-07,1.79467587e+00
1.91428000e-07,1.79467587e+00
1.91528000e-07,1.79467587e+00
1.91628000e-07,1.79467587e+00
1.91728000e-07,1.79467587e+00
1.91828000e-07,1.79467587e+00
1.91928000e-07,1.79467587e+00
1.92028000e-07,1.79467587e+00
1.92128000e-07,1.79467587e+00
1.92228000e-07,1.79467587e+00
1.92328000e-07,1.79467587e+00
1.92428000e-07,1.79467587e+00
1.92528000e-07,1.79467587e+00
1.92628000e-07,1.79467587e+00
1.92728000e-07,1.79467587e+00
1.92828000e-07,1.79467587e+00
1.92928000e-07,1.79467587e+00
1.93028000e-07,1.79467587e+00
1.93128000e-07,1.79467587e+00
1.93228000e-07,1.79467587e+00
1.93328000e-07,1.79467587e+00
1.93428000e-07,1.79467587e+00
1.93528000e-07,1.79467587e+00
1.93628000e-07,1.79467587e+00
1.93728000e-07,1.79467587e+00
1.93828000e-07,1.79467587e+00
1.93928000e-07,1.79467587e+00
1.94028000e-07,1.79467587e+00
1.94128000e-07,1.79467587e+00
1.94228000e-07,1.79467587e+00
1.94328000e-07,1.79467587e+00
1.94428000e-07,1.79467587e+00
1.94528000e-07,1.79467587e+00
1.94628000e-07,1.79467587e+00
1.94728000e-07,1.79467587e+00
1.94828000e-07,1.79467587e+00
1.94928000e-07,1.79467587e+00
1.95028000e-07,1.79467587e+00
1.95128000e-07,1.79467587e+00
1.95228000e-07,1.79467587e+00
1.95328000e-07,1.79467587e+00
1.95428000e-07,1.79467587e+00
1.95528000e-07,1.79467587e+00
1.95628000e-07,1.79467587e+00
1.95728000e-07,1.79467587e+00
1.95828000e-07,1.79467587e+00
1.95928000e-07,1.79467587e+00
1.96028000e-07,1.79467587e+00
1.96128000e-07,1.79467587e+00
1.96228000e-07,1.79467587e+00
1.96328000e-07,1.79467587e+00
1.96428000e-07,1.79467587e+00
1.96528000e-07,1.79467587e+00
1.96628000e-07,1.79467587e+00
1.96728000e-07,1.79467587e+00
1.96828000e-07,1.79467587e+00
1.96928000e-07,1.79467587e+00
1.97028000e-07,1.79467587e+00
1.97128000e-07,1.79467587e+00
1.97228000e-07,1.79467587e+00
1.97328000e-07,1.79467587e+00
1.97428000e-07,1.79467587e+00
1.97528000e-07,1.79467587e+00
1.97628000e-07,1.79467587e+00
1.97728000e-07,1.79467587e+00
1.97828000e-07,1.79467587e+00
1.97928000e-07,1.79467587e+00
1.98028000e-07,1.79467587e+00
1.98128000e-07,1.79467587e+00
1.98228000e-07,1.79467587e+00
1.98328000e-07,1.79467587e+00
1.98428000e-07,1.79467587e+00
1.98528000e-07,1.79467587e+00
1.98628000e-07,1.79467587e+00
1.98728000e-07,1.79467587e+00
1.98828000e-07,1.79467587e+00
1.98928000e-07,1.79467587e+00
1.99028000e-07,1.79467587e+00
1.99128000e-07,1.79467587e+00
1.99228000e-07,1.79467587e+00
1.99328000e-07,1.79467587e+00
1.99428000e-07,1.79467587e+00
1.99528000e-07,1.79467587e+00
1.99628000e-07,1.79467587e+00
1.99728000e-07,1.79467587e+00
1.99828000e-07,1.79467587e+00
1.99928000e-07,1.79467587e+00
2.00028000e-07,1.79467587e+00
2.00128000e-07,1.79467587e+00
2.00228000e-07,1.79467587e+00
2.00328000e-07,1.79467587e+00
2.00428000e-07,1.79467587e+00
2.00528000e-07,1.79467587e+00
2.00628000e-07,1.79467587e+00
2.00728000e-07,1.79467587e+00
2.00828000e-07,1.79467587e+00
2.00928000e-07,1.79467587e+00
2.01028000e-07,1.79467587e+00
2.01128000e-07,1.79467587e+00
2.01228000e-07,1.79467587e+00
2.01328000e-07,1.79467587e+00
2.01428000e-07,1.79467587e+00
2.01528000e-07,1.79467587e+00
2.01628000e-07,1.79467587e+00
2.01728000e-07,1.79467587e+00
2.01828000e-07,1.79467587e+00
2.01928000e-07,1.79467587e+00
2.02028000e-07,1.79467587e+00
2.02128000e-07,1.79467587e+00
2.02228000e-07,1.79467587e+00
2.02328000e-07,1.79467587e+00
2.02428000e-07,1.79467587e+00
2.02528000e-07,1.79467587e+00
2.02628000e-07,1.79467587e+00
2.02728000e-07,1.79467587e+00
2.02828000e-07,1.79467587e+00
2.02928000e-07,1.79467587e+00
2.03028000e-07,1.79467587e+00
2.03128000e-07,1.79467587e+00
2.03228000e-07,1.79467587e+00
2.03328000e-07,1.79467587e+00
2.03428000e-07,1.79467587e+00
2.03528000e-07,1.79467587e+00
2.03628000e-07,1.79467587e+00
2.03728000e-07,1.79467587e+00
2.03828000e-07,1.79467587e+00
2.03928000e-07,1.79467587e+00
2.04028000e-07,1.79467587e+00
2.04128000e-07,1.79467587e+00
2.04228000e-07,1.79467587e+00
2.04328000e-07,1.79467587e+00
2.04428000e-07,1.79467587e+00
2.04528000e-07,1.79467587e+00
2.04628000e-07,1.79467587e+00
2.04728000e-07,1.79467587e+00
2.04828000e-07,1.79467587e+00
2.04928000e-07,1.79467587e+00
2.05028000e-07,1.79467587e+00
2.05128000e-07,1.79467587e+00
2.05228000e-07,1.79467587e+00
2.05328000e-07,1.79467587e+00
2.05428000e-07,1.79467587e+00
2.05528000e-07,1.79467587e+00
2.05628000e-07,1.79467587e+00
2.05728000e-07,1.79467587e+00
2.05828000e-07,1.79467587e+00
2.05928000e-07,1.79467587e+00
2.06028000e-07,1.79467587e+00
2.06128000e-07,1.79467587e+00
2.06228000e-07,1.79467587e+00
2.06328000e-07,1.79467587e+00
2.06428000e-07,1.79467587e+00
2.06528000e-07,1.79467587e+00
2.06628000e-07,1.79467587e+00
2.06728000e-07,1.79467587e+00
2.06828000e-07,1.79467587e+00
2.06928000e-07,1.79467587e+00
2.07028000e-07,1.79467587e+00
2.07128000e-07,1.79467587e+00
2.07228000e-07,1.79467587e+00
2.07328000e-07,1.79467587e+00
2.07428000e-07,1.79467587e+00
2.07528000e-07,1.79467587e+00
2.07628000e-07,1.79467587e+00
2.07728000e-07,1.79467587e+00
2.07828000e-07,1.79467587e+00
2.07928000e-07,1.79467587e+00
2.08028000e-07,1.79467587e+00
2.08128000e-07,1.79467587e+00
2.08228000e-07,1.79467587e+00
2.08328000e-07,1.79467587e+00
2.08428000e-07,1.79467587e+00
2.08528000e-07,1.79467587e+00
2.08628000e-07,1.79467587e+00
2.08728000e-07,1.79467587e+00
2.08828000e-07,1.79467587e+00
2.08928000e-07,1.79467587e+00
2.09028000e-07,1.79467587e+00
2.09128000e-07,1.79467587e+00
2.09228000e-07,1.79467587e+00
2.09328000e-07,1.79467587e+00
2.09428000e-07,1.79467587e+00
2.09528000e-07,1.79467587e+00
2.09628000e-07,1.79467587e+00
2.09728000e-07,1.79467587e+00
2.09828000e-07,1.79467587e+00
2.09928000e-07,1.79467587e+00
2.10028000e-07,1.79467587e+00
2.10128000e-07,1.79467587e+00
2.10228000e-07,1.79467587e+00
2.10328000e-07,1.79467587e+00
2.10428000e-07,1.79467587e+00
2.10528000e-07,1.79467587e+00
2.10628000e-07,1.79467587e+00
2.10728000e-07,1.79467587e+00
2.10828000e-07,1.79467587e+00
2.10928000e-07,1.79467587e+00
2.11028000e-07,1.79467587e+00
2.11128000e-07,1.79467587e+00
2.11228000e-07,1.79467587e+00
2.11328000e-07,1.79467587e+00
2.11428000e-07,1.79467587e+00
2.11528000e-07,1.79467587e+00
2.11628000e-07,1.79467587e+00
2.11728000e-07,1.79467587e+00
2.11828000e-07,1.79467587e+00
2.11928000e-07,1.79467587e+00
2.12028000e-07,1.79467587e+00
2.12128000e-07,1.79467587e+00
2.12228000e-07,1.79467587e+00
2.12328000e-07,1.79467587e+00
2.12428000e-07,1.79467587e+00
2.12528000e-07,1.79467587e+00
2.12628000e-07,1.79467587e+00
2.12728000e-07,1.79467587e+00
2.12828000e-07,1.79467587e+00
2.12928000e-07,1.79467587e+00
2.13028000e-07,1.79467587e+00
2.13128000e-07,1.79467587e+00
2.13228000e-07,1.79467587e+00
2.13328000e-07,1.79467587e+00
2.13428000e-07,1.79467587e+00
2.13528000e-07,1.79467587e+00
2.13628000e-07,1.79467587e+00
2.13728000e-07,1.79467587e+00
2.13828000e-07,1.79467587e+00
2.13928000e-07,1.79467587e+00
2.14028000e-07,1.79467587e+00
2.14128000e-07,1.79467587e+00
2.14228000e-07,1.79467587e+00
2.14328000e-07,1.79467587e+00
2.14428000e-07,1.79467587e+00
2.14528000e-07,1.79467587e+00
2.14628000e-07,1.79467587e+00
2.14728000e-07,1.79467587e+00
2.14828000e-07,1.79467587e+00
2.14928000e-07,1.79467587e+00
2.15028000e-07,1.79467587e+00
2.15128000e-07,1.79467587e+00
2.15228000e-07,1.79467587e+00
2.15328000e-07,1.79467587e+00
2.15428000e-07,1.79467587e+00
2.15528000e-07,1.79467587e+00
2.15628000e-07,1.79467587e+00
2.15728000e-07,1.79467587e+00
2.15828000e-07,1.79467587e+00
2.15928000e-07,1.79467587e+00
2.16028000e-07,1.79467587e+00
2.16128000e-07,1.79467587e+00
2.16228000e-07,1.79467587e+00
2.16328000e-07,1.79467587e+00
2.16428000e-07,1.79467587e+00
2.16528000e-07,1.79467587e+00
2.16628000e-07,1.79467587e+00
2.16728000e-07,1.79467587e+00
2.16828000e-07,1.79467587e+00
2.16928000e-07,1.79467587e+00
2.17028000e-07,1.79467587e+00
2.17128000e-07,1.79467587e+00
2.17228000e-07,1.79467587e+00
2.17328000e-07,1.79467587e+00
2.17428000e-07,1.79467587e+00
2.17528000e-07,1.79467587e+00
2.17628000e-07,1.79467587e+00
2.17728000e-07,1.79467587e+00
2.17828000e-07,1.79467587e+00
2.17928000e-07,1.79467587e+00
2.18028000e-07,1.79467587e+00
2.18128000e-07,1.79467587e+00
2.18228000e-07,1.79467587e+00
2.18328000e-07,1.79467587e+00
2.18428000e-07,1.79467587e+00
2.18528000e-07,1.79467587e+00
2.18628000e-07,1.79467587e+00
2.18728000e-07,1.79467587e+00
2.18828000e-07,1.79467587e+00
2.18928000e-07,1.79467587e+00
2.19028000e-07,1.79467587e+00
2.19128000e-07,1.79467587e+00
2.19228000e-07,1.79467587e+00
2.19328000e-07,1.79467587e+00
2.19428000e-07,1.79467587e+00
2.19528000e-07,1.79467587e+00
2.19628000e-07,1.79467587e+00
2.19728000e-07,1.79467587e+00
2.19828000e-07,1.79467587e+00
2.19928000e-07,1.79467587e+00
2.20028000e-07,1.79467587e+00
2.20128000e-07,1.79467587e+00
2.20228000e-07,1.79467587e+00
2.20328000e-07,1.79467587e+00
2.20428000e-07,1.79467587e+00
2.20528000e-07,1.79467587e+00
2.20628000e-07,1.79467587e+00
2.20728000e-07,1.79467587e+00
2.20828000e-07,1.79467587e+00
2.20928000e-07,1.79467587e+00
2.21028000e-07,1.79467587e+00
2.21128000e-07,1.79467587e+00
2.21228000e-07,1.79467587e+00
2.21328000e-07,1.79467587e+00
2.21428000e-07,1.79467587e+00
2.21528000e-07,1.79467587e+00
2.21628000e-07,1.79467587e+00
2.21728000e-07,1.79467587e+00
2.21828000e-07,1.79467587e+00
2.21928000e-07,1.79467587e+00
2.22028000e-07,1.79467587e+00
2.22128000e-07,1.79467587e+00
2.22228000e-07,1.79467587e+00
2.22328000e-07,1.79467587e+00
2.22428000e-07,1.79467587e+00
2.22528000e-07,1.79467587e+00
2.22628000e-07,1.79467587e+00
2.22728000e-07,1.79467587e+00
2.22828000e-07,1.79467587e+00
2.22928000e-07,1.79467587e+00
2.23028000e-07,1.79467587e+00
2.23128000e-07,1.79467587e+00
2.23228000e-07,1.79467587e+00
2.23328000e-07,1.79467587e+00
2.23428000e-07,1.79467587e+00
2.23528000e-07,1.79467587e+00
2.23628000e-07,1.79467587e+00
2.23728000e-07,1.79467587e+00
2.23828000e-07,1.79467587e+00
2.23928000e-07,1.79467587e+00
2.24028000e-07,1.79467587e+00
2.24128000e-07,1.79467587e+00
2.24228000e-07,1.79467587e+00
2.24328000e-07,1.79467587e+00
2.24428000e-07,1.79467587e+00
2.24528000e-07,1.79467587e+00
2.24628000e-07,1.79467587e+00
2.24728000e-07,1.79467587e+00
2.24828000e-07,1.79467587e+00
2.24928000e-07,1.79467587e+00
2.25028000e-07,1.79467587e+00
2.25128000e-07,1.79467587e+00
2.25228000e-07,1.79467587e+00
2.25328000e-07,1.79467587e+00
2.25428000e-07,1.79467587e+00
2.25528000e-07,1.79467587e+00
2.25628000e-07,1.79467587e+00
2.25728000e-07,1.79467587e+00
2.25828000e-07,1.79467587e+00
2.25928000e-07,1.79467587e+00
2.26028000e-07,1.79467587e+00
2.26128000e-07,1.79467587e+00
2.26228000e-07,1.79467587e+00
2.26328000e-07,1.79467587e+00
2.26428000e-07,1.79467587e+00
2.26528000e-07,1.79467587e+00
2.26628000e-07,1.79467587e+00
2.26728000e-07,1.79467587e+00
2.26828000e-07,1.79467587e+00
2.26928000e-07,1.79467587e+00
2.27028000e-07,1.79467587e+00
2.27128000e-07,1.79467587e+00
2.27228000e-07,1.79467587e+00
2.27328000e-07,1.79467587e+00
2.27428000e-07,1.79467587e+00
2.27528000e-07,1.79467587e+00
2.27628000e-07,1.79467587e+00
2.27728000e-07,1.79467587e+00
2.27828000e-07,1.79467587e+00
2.27928000e-07,1.79467587e+00
2.28028000e-07,1.79467587e+00
2.28128000e-07,1.79467587e+00
2.28228000e-07,1.79467587e+00
2.28328000e-07,1.79467587e+00
2.28428000e-07,1.79467587e+00
2.28528000e-07,1.79467587e+00
2.28628000e-07,1.79467587e+00
2.28728000e-07,1.79467587e+00
2.28828000e-07,1.79467587e+00
2.28928000e-07,1.79467587e+00
2.29028000e-07,1.79467587e+00
2.29128000e-07,1.79467587e+00
2.29228000e-07,1.79467587e+00
2.29328000e-07,1.79467587e+00
2.29428000e-07,1.79467587e+00
2.29528000e-07,1.79467587e+00
2.29628000e-07,1.79467587e+00
2.29728000e-07,1.79467587e+00
2.29828000e-07,1.79467587e+00
2.29928000e-07,1.79467587e+00
2.30028000e-07,1.79467587e+00
2.30128000e-07,1.79467587e+00
2.30228000e-07,1.79467587e+00
2.30328000e-07,1.79467587e+00
2.30428000e-07,1.79467587e+00
2.30528000e-07,1.79467587e+00
2.30628000e-07,1.79467587e+00
2.30728000e-07,1.79467587e+00
2.30828000e-07,1.79467587e+00
2.30928000e-07,1.79467587e+00
2.31028000e-07,1.79467587e+00
2.31128000e-07,1.79467587e+00
2.31228000e-07,1.79467587e+00
2.31328000e-07,1.79467587e+00
2.31428000e-07,1.79467587e+00
2.31528000e-07,1.79467587e+00
2.31628000e-07,1.79467587e+00
2.31728000e-07,1.79467587e+00
2.31828000e-07,1.79467587e+00
2.31928000e-07,1.79467587e+00
2.32028000e-07,1.79467587e+00
2.32128000e-07,1.79467587e+00
2.32228000e-07,1.79467587e+00
2.32328000e-07,1.79467587e+00
2.32428000e-07,1.79467587e+00
2.32528000e-07,1.79467587e+00
2.32628000e-07,1.79467587e+00
2.32728000e-07,1.79467587e+00
2.32828000e-07,1.79467587e+00
2.32928000e-07,1.79467587e+00
2.33028000e-07,1.79467587e+00
2.33128000e-07,1.79467587e+00
2.33228000e-07,1.79467587e+00
2.33328000e-07,1.79467587e+00
2.33428000e-07,1.79467587e+00
2.33528000e-07,1.79467587e+00
2.33628000e-07,1.79467587e+00
2.33728000e-07,1.79467587e+00
2.33828000e-07,1.79467587e+00
2.33928000e-07,1.79467587e+00
2.34028000e-07,1.79467587e+00
2.34128000e-07,1.79467587e+00
2.34228000e-07,1.79467587e+00
2.34328000e-07,1.79467587e+00
2.34428000e-07,1.79467587e+00
2.34528000e-07,1.79467587e+00
2.34628000e-07,1.79467587e+00
2.34728000e-07,1.79467587e+00
2.34828000e-07,1.79467587e+00
2.34928000e-07,1.79467587e+00
2.35028000e-07,1.79467587e+00
2.35128000e-07,1.79467587e+00
2.35228000e-07,1.79467587e+00
2.35328000e-07,1.79467587e+00
2.35428000e-07,1.79467587e+00
2.35528000e-07,1.79467587e+00
2.35628000e-07,1.79467587e+00
2.35728000e-07,1.79467587e+00
2.35828000e-07,1.79467587e+00
2.35928000e-07,1.79467587e+00
2.36028000e-07,1.79467587e+00
2.36128000e-07,1.79467587e+00
2.36228000e-07,1.79467587e+00
2.36328000e-07,1.79467587e+00
2.36428000e-07,1.79467587e+00
2.36528000e-07,1.79467587e+00
2.36628000e-07,1.79467587e+00
2.36728000e-07,1.79467587e+00
2.36828000e-07,1.79467587e+00
2.36928000e-07,1.79467587e+00
2.37028000e-07,1.79467587e+00
2.37128000e-07,1.79467587e+00
2.37228000e-07,1.79467587e+00
2.37328000e-07,1.79467587e+00
2.37428000e-07,1.79467587e+00
2.37528000e-07,1.79467587e+00
2.37628000e-07,1.79467587e+00
2.37728000e-07,1.79467587e+00
2.37828000e-07,1.79467587e+00
2.37928000e-07,1.79467587e+00
2.38028000e-07,1.79467587e+00
2.38128000e-07,1.79467587e+00
2.38228000e-07,1.79467587e+00
2.38328000e-07,1.79467587e+00
2.38428000e-07,1.79467587e+00
2.38528000e-07,1.79467587e+00
2.38628000e-07,1.79467587e+00
2.38728000e-07,1.79467587e+00
2.38828000e-07,1.79467587e+00
2.38928000e-07,1.79467587e+00
2.39028000e-07,1.79467587e+00
2.39128000e-07,1.79467587e+00
2.39228000e-07,1.79467587e+00
2.39328000e-07,1.79467587e+00
2.39428000e-07,1.79467587e+00
2.39528000e-07,1.79467587e+00
2.39628000e-07,1.79467587e+00
2.39728000e-07,1.79467587e+00
2.39828000e-07,1.79467587e+00
2.39928000e-07,1.79467587e+00
2.40028000e-07,1.79467587e+00
2.40128000e-07,1.79467587e+00
2.40228000e-07,1.79467587e+00
2.40328000e-07,1.79467587e+00
2.40428000e-07,1.79467587e+00
2.40528000e-07,1.79467587e+00
2.40628000e-07,1.79467587e+00
2.40728000e-07,1.79467587e+00
2.40828000e-07,1.79467587e+00
2.40928000e-07,1.79467587e+00
2.41028000e-07,1.79467587e+00
2.41128000e-07,1.79467587e+00
2.41228000e-07,1.79467587e+00
2.41328000e-07,1.79467587e+00
2.41428000e-07,1.79467587e+00
2.41528000e-07,1.79467587e+00
2.41628000e-07,1.79467587e+00
2.41728000e-07,1.79467587e+00
2.41828000e-07,1.79467587e+00
2.41928000e-07,1.79467587e+00
2.42028000e-07,1.79467587e+00
2.42128000e-07,1.79467587e+00
2.42228000e-07,1.79467587e+00
2.42328000e-07,1.79467587e+00
2.42428000e-07,1.79467587e+00
2.42528000e-07,1.79467587e+00
2.42628000e-07,1.79467587e+00
2.42728000e-07,1.79467587e+00
2.42828000e-07,1.79467587e+00
2.42928000e-07,1.79467587e+00
2.43028000e-07,1.79467587e+00
2.43128000e-07,1.79467587e+00
2.43228000e-07,1.79467587e+00
2.43328000e-07,1.79467587e+00
2.43428000e-07,1.79467587e+00
2.43528000e-07,1.79467587e+00
2.43628000e-07,1.79467587e+00
2.43728000e-07,1.79467587e+00
2.43828000e-07,1.79467587e+00
2.43928000e-07,1.79467587e+00
2.44028000e-07,1.79467587e+00
2.44128000e-07,1.79467587e+00
2.44228000e-07,1.79467587e+00
2.44328000e-07,1.79467587e+00
2.44428000e-07,1.79467587e+00
2.44528000e-07,1.79467587e+00
2.44628000e-07,1.79467587e+00
2.44728000e-07,1.79467587e+00
2.44828000e-07,1.79467587e+00
2.44928000e-07,1.79467587e+00
2.45028000e-07,1.79467587e+00
2.45128000e-07,1.79467587e+00
2.45228000e-07,1.79467587e+00
2.45328000e-07,1.79467587e+00
2.45428000e-07,1.79467587e+00
2.45528000e-07,1.79467587e+00
2.45628000e-07,1.79467587e+00
2.45728000e-07,1.79467587e+00
2.45828000e-07,1.79467587e+00
2.45928000e-07,1.79467587e+00
2.46028000e-07,1.79467587e+00
2.46128000e-07,1.79467587e+00
2.46228000e-07,1.79467587e+00
2.46328000e-07,1.79467587e+00
2.46428000e-07,1.79467587e+00
2.46528000e-07,1.79467587e+00
2.46628000e-07,1.79467587e+00
2.46728000e-07,1.79467587e+00
2.46828000e-07,1.79467587e+00
2.46928000e-07,1.79467587e+00
2.47028000e-07,1.79467587e+00
2.47128000e-07,1.79467587e+00
2.47228000e-07,1.79467587e+00
2.47328000e-07,1.79467587e+00
2.47428000e-07,1.79467587e+00
2.47528000e-07,1.79467587e+00
2.47628000e-07,1.79467587e+00
2.47728000e-07,1.79467587e+00
2.47828000e-07,1.79467587e+00
2.47928000e-07,1.79467587e+00
2.48028000e-07,1.79467587e+00
2.48128000e-07,1.79467587e+00
2.48228000e-07,1.79467587e+00
2.48328000e-07,1.79467587e+00
2.48428000e-07,1.79467587e+00
2.48528000e-07,1.79467587e+00
2.48628000e-07,1.79467587e+00
2.48728000e-07,1.79467587e+00
2.48828000e-07,1.79467587e+00
2.48928000e-07,1.79467587e+00
2.49028000e-07,1.79467587e+00
2.49128000e-07,1.79467587e+00
2.49228000e-07,1.79467587e+00
2.49328000e-07,1.79467587e+00
2.49428000e-07,1.79467587e+00
2.49528000e-07,1.79467587e+00
2.49628000e-07,1.79467587e+00
2.49728000e-07,1.79467587e+00
2.49828000e-07,1.79467587e+00
2.49928000e-07,1.79467587e+00
2.50028000e-07,1.79467587e+00
2.50128000e-07,1.79467587e+00
2.50228000e-07,1.79467587e+00
2.50328000e-07,1.79467587e+00
2.50428000e-07,1.79467587e+00
2.50528000e-07,1.79467587e+00
2.50628000e-07,1.79467587e+00
2.50728000e-07,1.79467587e+00
2.50828000e-07,1.79467587e+00
2.50928000e-07,1.79467587e+00
2.51028000e-07,1.79467587e+00
2.51128000e-07,1.79467587e+00
2.51228000e-07,1.79467587e+00
2.51328000e-07,1.79467587e+00
2.51428000e-07,1.79467587e+00
2.51528000e-07,1.79467587e+00
2.51628000e-07,1.79467587e+00
2.51728000e-07,1.79467587e+00
2.51828000e-07,1.79467587e+00
2.51928000e-07,1.79467587e+00
2.52028000e-07,1.79467587e+00
2.52128000e-07,1.79467587e+00
2.52228000e-07,1.79467587e+00
2.52328000e-07,1.79467587e+00
2.52428000e-07,1.79467587e+00
2.52528000e-07,1.79467587e+00
2.52628000e-07,1.79467587e+00
2.52728000e-07,1.79467587e+00
2.52828000e-07,1.79467587e+00
2.52928000e-07,1.79467587e+00
2.53028000e-07,1.79467587e+00
2.53128000e-07,1.79467587e+00
2.53228000e-07,1.79467587e+00
2.53328000e-07,1.79467587e+00
2.53428000e-07,1.79467587e+00
2.53528000e-07,1.79467587e+00
2.53628000e-07,1.79467587e+00
2.53728000e-07,1.79467587e+00
2.53828000e-07,1.79467587e+00
2.53928000e-07,1.79467587e+00
2.54028000e-07,1.79467587e+00
2.54128000e-07,1.79467587e+00
2.54228000e-07,1.79467587e+00
2.54328000e-07,1.79467587e+00
2.54428000e-07,1.79467587e+00
2.54528000e-07,1.79467587e+00
2.54628000e-07,1.79467587e+00
2.54728000e-07,1.79467587e+00
2.54828000e-07,1.79467587e+00
2.54928000e-07,1.79467587e+00
2.55028000e-07,1.79467587e+00
2.55128000e-07,1.79467587e+00
2.55228000e-07,1.79467587e+00
2.55328000e-07,1.79467587e+00
2.55428000e-07,1.79467587e+00
2.55528000e-07,1.79467587e+00
2.55628000e-07,1.79467587e+00
2.55728000e-07,1.79467587e+00
2.55828000e-07,1.79467587e+00
2.55928000e-07,1.79467587e+00
2.56028000e-07,1.79467587e+00
2.56128000e-07,1.79467587e+00
2.56228000e-07,1.79467587e+00
2.56328000e-07,1.79467587e+00
2.56428000e-07,1.79467587e+00
2.56528000e-07,1.79467587e+00
2.56628000e-07,1.79467587e+00
2.56728000e-07,1.79467587e+00
2.56828000e-07,1.79467587e+00
2.56928000e-07,1.79467587e+00
2.57028000e-07,1.79467587e+00
2.57128000e-07,1.79467587e+00
2.57228000e-07,1.79467587e+00
2.57328000e-07,1.79467587e+00
2.57428000e-07,1.79467587e+00
2.57528000e-07,1.79467587e+00
2.57628000e-07,1.79467587e+00
2.57728000e-07,1.79467587e+00
2.57828000e-07,1.79467587e+00
2.57928000e-07,1.79467587e+00
2.58028000e-07,1.79467587e+00
2.58128000e-07,1.79467587e+00
2.58228000e-07,1.79467587e+00
2.58328000e-07,1.79467587e+00
2.58428000e-07,1.79467587e+00
2.58528000e-07,1.79467587e+00
2.58628000e-07,1.79467587e+00
2.58728000e-07,1.79467587e+00
2.58828000e-07,1.79467587e+00
2.58928000e-07,1.79467587e+00
2.59028000e-07,1.79467587e+00
2.59128000e-07,1.79467587e+00
2.59228000e-07,1.79467587e+00
2.59328000e-07,1.79467587e+00
2.59428000e-07,1.79467587e+00
2.59528000e-07,1.79467587e+00
2.59628000e-07,1.79467587e+00
2.59728000e-07,1.79467587e+00
2.59828000e-07,1.79467587e+00
2.59928000e-07,1.79467587e+00
2.60028000e-07,1.79467587e+00
2.60128000e-07,1.79467587e+00
2.60228000e-07,1.79467587e+00
2.60328000e-07,1.79467587e+00
2.60428000e-07,1.79467587e+00
2.60528000e-07,1.79467587e+00
2.60628000e-07,1.79467587e+00
2.60728000e-07,1.79467587e+00
2.60828000e-07,1.79467587e+00
2.60928000e-07,1.79467587e+00
2.61028000e-07,1.79467587e+00
2.61128000e-07,1.79467587e+00
2.61228000e-07,1.79467587e+00
2.61328000e-07,1.79467587e+00
2.61428000e-07,1.79467587e+00
2.61528000e-07,1.79467587e+00
2.61628000e-07,1.79467587e+00
2.61728000e-07,1.79467587e+00
2.61828000e-07,1.79467587e+00
2.61928000e-07,1.79467587e+00
2.62028000e-07,1.79467587e+00
2.62128000e-07,1.79467587e+00
2.62228000e-07,1.79467587e+00
2.62328000e-07,1.79467587e+00
2.62428000e-07,1.79467587e+00
2.62528000e-07,1.79467587e+00
2.62628000e-07,1.79467587e+00
2.62728000e-07,1.79467587e+00
2.62828000e-07,1.79467587e+00
2.62928000e-07,1.79467587e+00
2.63028000e-07,1.79467587e+00
2.63128000e-07,1.79467587e+00
2.63228000e-07,1.79467587e+00
2.63328000e-07,1.79467587e+00
2.63428000e-07,1.79467587e+00
2.63528000e-07,1.79467587e+00
2.63628000e-07,1.79467587e+00
2.63728000e-07,1.79467587e+00
2.63828000e-07,1.79467587e+00
2.63928000e-07,1.79467587e+00
2.64028000e-07,1.79467587e+00
2.64128000e-07,1.79467587e+00
2.64228000e-07,1.79467587e+00
2.64328000e-07,1.79467587e+00
2.64428000e-07,1.79467587e+00
2.64528000e-07,1.79467587e+00
2.64628000e-07,1.79467587e+00
2.64728000e-07,1.79467587e+00
2.64828000e-07,1.79467587e+00
2.64928000e-07,1.79467587e+00
2.65028000e-07,1.79467587e+00
2.65128000e-07,1.79467587e+00
2.65228000e-07,1.79467587e+00
2.65328000e-07,1.79467587e+00
2.65428000e-07,1.79467587e+00
2.65528000e-07,1.79467587e+00
2.65628000e-07,1.79467587e+00
2.65728000e-07,1.79467587e+00
2.65828000e-07,1.79467587e+00
2.65928000e-07,1.79467587e+00
2.66028000e-07,1.79467587e+00
2.66128000e-07,1.79467587e+00
2.66228000e-07,1.79467587e+00
2.66328000e-07,1.79467587e+00
2.66428000e-07,1.79467587e+00
2.66528000e-07,1.79467587e+00
2.66628000e-07,1.79467587e+00
2.66728000e-07,1.79467587e+00
2.66828000e-07,1.79467587e+00
2.66928000e-07,1.79467587e+00
2.67028000e-07,1.79467587e+00
2.67128000e-07,1.79467587e+00
2.67228000e-07,1.79467587e+00
2.67328000e-07,1.79467587e+00
2.67428000e-07,1.79467587e+00
2.67528000e-07,1.79467587e+00
2.67628000e-07,1.79467587e+00
2.67728000e-07,1.79467587e+00
2.67828000e-07,1.79467587e+00
2.67928000e-07,1.79467587e+00
2.68028000e-07,1.79467587e+00
2.68128000e-07,1.79467587e+00
2.68228000e-07,1.79467587e+00
2.68328000e-07,1.79467587e+00
2.68428000e-07,1.79467587e+00
2.68528000e-07,1.79467587e+00
2.68628000e-07,1.79467587e+00
2.68728000e-07,1.79467587e+00
2.68828000e-07,1.79467587e+00
2.68928000e-07,1.79467587e+00
2.69028000e-07,1.79467587e+00
2.69128000e-07,1.79467587e+00
2.69228000e-07,1.79467587e+00
2.69328000e-07,1.79467587e+00
2.69428000e-07,1.79467587e+00
2.69528000e-07,1.79467587e+00
2.69628000e-07,1.79467587e+00
2.69728000e-07,1.79467587e+00
2.69828000e-07,1.79467587e+00
2.69928000e-07,1.79467587e+00
2.70028000e-07,1.79467587e+00
2.70128000e-07,1.79467587e+00
2.70228000e-07,1.79467587e+00
2.70328000e-07,1.79467587e+00
2.70428000e-07,1.79467587e+00
2.70528000e-07,1.79467587e+00
2.70628000e-07,1.79467587e+00
2.70728000e-07,1.79467587e+00
2.70828000e-07,1.79467587e+00
2.70928000e-07,1.79467587e+00
2.71028000e-07,1.79467587e+00
2.71128000e-07,1.79467587e+00
2.71228000e-07,1.79467587e+00
2.71328000e-07,1.79467587e+00
2.71428000e-07,1.79467587e+00
2.71528000e-07,1.79467587e+00
2.71628000e-07,1.79467587e+00
2.71728000e-07,1.79467587e+00
2.71828000e-07,1.79467587e+00
2.71928000e-07,1.79467587e+00
2.72028000e-07,1.79467587e+00
2.72128000e-07,1.79467587e+00
2.72228000e-07,1.79467587e+00
2.72328000e-07,1.79467587e+00
2.72428000e-07,1.79467587e+00
2.72528000e-07,1.79467587e+00
2.72628000e-07,1.79467587e+00
2.72728000e-07,1.79467587e+00
2.72828000e-07,1.79467587e+00
2.72928000e-07,1.79467587e+00
2.73028000e-07,1.79467587e+00
2.73128000e-07,1.79467587e+00
2.73228000e-07,1.79467587e+00
2.73328000e-07,1.79467587e+00
2.73428000e-07,1.79467587e+00
2.73528000e-07,1.79467587e+00
2.73628000e-07,1.79467587e+00
2.73728000e-07,1.79467587e+00
2.73828000e-07,1.79467587e+00
2.73928000e-07,1.79467587e+00
2.74028000e-07,1.79467587e+00
2.74128000e-07,1.79467587e+00
2.74228000e-07,1.79467587e+00
2.74328000e-07,1.79467587e+00
2.74428000e-07,1.79467587e+00
2.74528000e-07,1.79467587e+00
2.74628000e-07,1.79467587e+00
2.74728000e-07,1.79467587e+00
2.74828000e-07,1.79467587e+00
2.74928000e-07,1.79467587e+00
2.75028000e-07,1.79467587e+00
2.75128000e-07,1.79467587e+00
2.75228000e-07,1.79467587e+00
2.75328000e-07,1.79467587e+00
2.75428000e-07,1.79467587e+00
2.75528000e-07,1.79467587e+00
2.75628000e-07,1.79467587e+00
2.75728000e-07,1.79467587e+00
2.75828000e-07,1.79467587e+00
2.75928000e-07,1.79467587e+00
2.76028000e-07,1.79467587e+00
2.76128000e-07,1.79467587e+00
2.76228000e-07,1.79467587e+00
2.76328000e-07,1.79467587e+00
2.76428000e-07,1.79467587e+00
2.76528000e-07,1.79467587e+00
2.76628000e-07,1.79467587e+00
2.76728000e-07,1.79467587e+00
2.76828000e-07,1.79467587e+00
2.76928000e-07,1.79467587e+00
2.77028000e-07,1.79467587e+00
2.77128000e-07,1.79467587e+00
2.77228000e-07,1.79467587e+00
2.77328000e-07,1.79467587e+00
2.77428000e-07,1.79467587e+00
2.77528000e-07,1.79467587e+00
2.77628000e-07,1.79467587e+00
2.77728000e-07,1.79467587e+00
2.77828000e-07,1.79467587e+00
2.77928000e-07,1.79467587e+00
2.78028000e-07,1.79467587e+00
2.78128000e-07,1.79467587e+00
2.78228000e-07,1.79467587e+00
2.78328000e-07,1.79467587e+00
2.78428000e-07,1.79467587e+00
2.78528000e-07,1.79467587e+00
2.78628000e-07,1.79467587e+00
2.78728000e-07,1.79467587e+00
2.78828000e-07,1.79467587e+00
2.78928000e-07,1.79467587e+00
2.79028000e-07,1.79467587e+00
2.79128000e-07,1.79467587e+00
2.79228000e-07,1.79467587e+00
2.79328000e-07,1.79467587e+00
2.79428000e-07,1.79467587e+00
2.79528000e-07,1.79467587e+00
2.79628000e-07,1.79467587e+00
2.79728000e-07,1.79467587e+00
2.79828000e-07,1.79467587e+00
2.79928000e-07,1.79467587e+00
2.80028000e-07,1.79467587e+00
2.80128000e-07,1.79467587e+00
2.80228000e-07,1.79467587e+00
2.80328000e-07,1.79467587e+00
2.80428000e-07,1.79467587e+00
2.80528000e-07,1.79467587e+00
2.80628000e-07,1.79467587e+00
2.80728000e-07,1.79467587e+00
2.80828000e-07,1.79467587e+00
2.80928000e-07,1.79467587e+00
2.81028000e-07,1.79467587e+00
2.81128000e-07,1.79467587e+00
2.81228000e-07,1.79467587e+00
2.81328000e-07,1.79467587e+00
2.81428000e-07,1.79467587e+00
2.81528000e-07,1.79467587e+00
2.81628000e-07,1.79467587e+00
2.81728000e-07,1.79467587e+00
2.81828000e-07,1.79467587e+00
2.81928000e-07,1.79467587e+00
2.82028000e-07,1.79467587e+00
2.82128000e-07,1.79467587e+00
2.82228000e-07,1.79467587e+00
2.82328000e-07,1.79467587e+00
2.82428000e-07,1.79467587e+00
2.82528000e-07,1.79467587e+00
2.82628000e-07,1.79467587e+00
2.82728000e-07,1.79467587e+00
2.82828000e-07,1.79467587e+00
2.82928000e-07,1.79467587e+00
2.83028000e-07,1.79467587e+00
2.83128000e-07,1.79467587e+00
2.83228000e-07,1.79467587e+00
2.83328000e-07,1.79467587e+00
2.83428000e-07,1.79467587e+00
2.83528000e-07,1.79467587e+00
2.83628000e-07,1.79467587e+00
2.83728000e-07,1.79467587e+00
2.83828000e-07,1.79467587e+00
2.83928000e-07,1.79467587e+00
2.84028000e-07,1.79467587e+00
2.84128000e-07,1.79467587e+00
2.84228000e-07,1.79467587e+00
2.84328000e-07,1.79467587e+00
2.84428000e-07,1.79467587e+00
2.84528000e-07,1.79467587e+00
2.84628000e-07,1.79467587e+00
2.84728000e-07,1.79467587e+00
2.84828000e-07,1.79467587e+00
2.84928000e-07,1.79467587e+00
2.85028000e-07,1.79467587e+00
2.85128000e-07,1.79467587e+00
2.85228000e-07,1.79467587e+00
2.85328000e-07,1.79467587e+00
2.85428000e-07,1.79467587e+00
2.85528000e-07,1.79467587e+00
2.85628000e-07,1.79467587e+00
2.85728000e-07,1.79467587e+00
2.85828000e-07,1.79467587e+00
2.85928000e-07,1.79467587e+00
2.86028000e-07,1.79467587e+00
2.86128000e-07,1.79467587e+00
2.86228000e-07,1.79467587e+00
2.86328000e-07,1.79467587e+00
2.86428000e-07,1.79467587e+00
2.86528000e-07,1.79467587e+00
2.86628000e-07,1.79467587e+00
2.86728000e-07,1.79467587e+00
2.86828000e-07,1.79467587e+00
2.86928000e-07,1.79467587e+00
2.87028000e-07,1.79467587e+00
2.87128000e-07,1.79467587e+00
2.87228000e-07,1.79467587e+00
2.87328000e-07,1.79467587e+00
2.87428000e-07,1.79467587e+00
2.87528000e-07,1.79467587e+00
2.87628000e-07,1.79467587e+00
2.87728000e-07,1.79467587e+00
2.87828000e-07,1.79467587e+00
2.87928000e-07,1.79467587e+00
2.88028000e-07,1.79467587e+00
2.88128000e-07,1.79467587e+00
2.88228000e-07,1.79467587e+00
2.88328000e-07,1.79467587e+00
2.88428000e-07,1.79467587e+00
2.88528000e-07,1.79467587e+00
2.88628000e-07,1.79467587e+00
2.88728000e-07,1.79467587e+00
2.88828000e-07,1.79467587e+00
2.88928000e-07,1.79467587e+00
2.89028000e-07,1.79467587e+00
2.89128000e-07,1.79467587e+00
2.89228000e-07,1.79467587e+00
2.89328000e-07,1.79467587e+00
2.89428000e-07,1.79467587e+00
2.89528000e-07,1.79467587e+00
2.89628000e-07,1.79467587e+00
2.89728000e-07,1.79467587e+00
2.89828000e-07,1.79467587e+00
2.89928000e-07,1.79467587e+00
2.90028000e-07,1.79467587e+00
2.90128000e-07,1.79467587e+00
2.90228000e-07,1.79467587e+00
2.90328000e-07,1.79467587e+00
2.90428000e-07,1.79467587e+00
2.90528000e-07,1.79467587e+00
2.90628000e-07,1.79467587e+00
2.90728000e-07,1.79467587e+00
2.90828000e-07,1.79467587e+00
2.90928000e-07,1.79467587e+00
2.91028000e-07,1.79467587e+00
2.91128000e-07,1.79467587e+00
2.91228000e-07,1.79467587e+00
2.91328000e-07,1.79467587e+00
2.91428000e-07,1.79467587e+00
2.91528000e-07,1.79467587e+00
2.91628000e-07,1.79467587e+00
2.91728000e-07,1.79467587e+00
2.91828000e-07,1.79467587e+00
2.91928000e-07,1.79467587e+00
2.92028000e-07,1.79467587e+00
2.92128000e-07,1.79467587e+00
2.92228000e-07,1.79467587e+00
2.92328000e-07,1.79467587e+00
2.92428000e-07,1.79467587e+00
2.92528000e-07,1.79467587e+00
2.92628000e-07,1.79467587e+00
2.92728000e-07,1.79467587e+00
2.92828000e-07,1.79467587e+00
2.92928000e-07,1.79467587e+00
2.93028000e-07,1.79467587e+00
2.93128000e-07,1.79467587e+00
2.93228000e-07,1.79467587e+00
2.93328000e-07,1.79467587e+00
2.93428000e-07,1.79467587e+00
2.93528000e-07,1.79467587e+00
2.93628000e-07,1.79467587e+00
2.93728000e-07,1.79467587e+00
2.93828000e-07,1.79467587e+00
2.93928000e-07,1.79467587e+00
2.94028000e-07,1.79467587e+00
2.94128000e-07,1.79467587e+00
2.94228000e-07,1.79467587e+00
2.94328000e-07,1.79467587e+00
2.94428000e-07,1.79467587e+00
2.94528000e-07,1.79467587e+00
2.94628000e-07,1.79467587e+00
2.94728000e-07,1.79467587e+00
2.94828000e-07,1.79467587e+00
2.94928000e-07,1.79467587e+00
2.95028000e-07,1.79467587e+00
2.95128000e-07,1.79467587e+00
2.95228000e-07,1.79467587e+00
2.95328000e-07,1.79467587e+00
2.95428000e-07,1.79467587e+00
2.95528000e-07,1.79467587e+00
2.95628000e-07,1.79467587e+00
2.95728000e-07,1.79467587e+00
2.95828000e-07,1.79467587e+00
2.95928000e-07,1.79467587e+00
2.96028000e-07,1.79467587e+00
2.96128000e-07,1.79467587e+00
2.96228000e-07,1.79467587e+00
2.96328000e-07,1.79467587e+00
2.96428000e-07,1.79467587e+00
2.96528000e-07,1.79467587e+00
2.96628000e-07,1.79467587e+00
2.96728000e-07,1.79467587e+00
2.96828000e-07,1.79467587e+00
2.96928000e-07,1.79467587e+00
2.97028000e-07,1.79467587e+00
2.97128000e-07,1.79467587e+00
2.97228000e-07,1.79467587e+00
2.97328000e-07,1.79467587e+00
2.97428000e-07,1.79467587e+00
2.97528000e-07,1.79467587e+00
2.97628000e-07,1.79467587e+00
2.97728000e-07,1.79467587e+00
2.97828000e-07,1.79467587e+00
2.97928000e-07,1.79467587e+00
2.98028000e-07,1.79467587e+00
2.98128000e-07,1.79467587e+00
2.98228000e-07,1.79467587e+00
2.98328000e-07,1.79467587e+00
2.98428000e-07,1.79467587e+00
2.98528000e-07,1.79467587e+00
2.98628000e-07,1.79467587e+00
2.98728000e-07,1.79467587e+00
2.98828000e-07,1.79467587e+00
2.98928000e-07,1.79467587e+00
2.99028000e-07,1.79467587e+00
2.99128000e-07,1.79467587e+00
2.99228000e-07,1.79467587e+00
2.99328000e-07,1.79467587e+00
2.99428000e-07,1.79467587e+00
2.99528000e-07,1.79467587e+00
2.99628000e-07,1.79467587e+00
2.99728000e-07,1.79467587e+00
2.99828000e-07,1.79467587e+00
2.99928000e-07,1.79467587e+00
3.00028000e-07,1.79467587e+00
3.00128000e-07,1.79467587e+00
3.00228000e-07,1.79467587e+00
3.00328000e-07,1.79467587e+00
3.00428000e-07,1.79467587e+00
3.00528000e-07,1.79467587e+00
3.00628000e-07,1.79467587e+00
3.00728000e-07,1.79467587e+00
3.00828000e-07,1.79467587e+00
3.00928000e-07,1.79467587e+00
3.01028000e-07,1.79467587e+00
3.01128000e-07,1.79467587e+00
3.01228000e-07,1.79467587e+00
3.01328000e-07,1.79467587e+00
3.01428000e-07,1.79467587e+00
3.01528000e-07,1.79467587e+00
3.01628000e-07,1.79467587e+00
3.01728000e-07,1.79467587e+00
3.01828000e-07,1.79467587e+00
3.01928000e-07,1.79467587e+00
3.02028000e-07,1.79467587e+00
3.02128000e-07,1.79467587e+00
3.02228000e-07,1.79467587e+00
3.02328000e-07,1.79467587e+00
3.02428000e-07,1.79467587e+00
3.02528000e-07,1.79467587e+00
3.02628000e-07,1.79467587e+00
3.02728000e-07,1.79467587e+00
3.02828000e-07,1.79467587e+00
3.02928000e-07,1.79467587e+00
3.03028000e-07,1.79467587e+00
3.03128000e-07,1.79467587e+00
3.03228000e-07,1.79467587e+00
3.03328000e-07,1.79467587e+00
3.03428000e-07,1.79467587e+00
3.03528000e-07,1.79467587e+00
3.03628000e-07,1.79467587e+00
3.03728000e-07,1.79467587e+00
3.03828000e-07,1.79467587e+00
3.03928000e-07,1.79467587e+00
3.04028000e-07,1.79467587e+00
3.04128000e-07,1.79467587e+00
3.04228000e-07,1.79467587e+00
3.04328000e-07,1.79467587e+00
3.04428000e-07,1.79467587e+00
3.04528000e-07,1.79467587e+00
3.04628000e-07,1.79467587e+00
3.04728000e-07,1.79467587e+00
3.04828000e-07,1.79467587e+00
3.04928000e-07,1.79467587e+00
3.05028000e-07,1.79467587e+00
3.05128000e-07,1.79467587e+00
3.05228000e-07,1.79467587e+00
3.05328000e-07,1.79467587e+00
3.05428000e-07,1.79467587e+00
3.05528000e-07,1.79467587e+00
3.05628000e-07,1.79467587e+00
3.05728000e-07,1.79467587e+00
3.05828000e-07,1.79467587e+00
3.05928000e-07,1.79467587e+00
3.06028000e-07,1.79467587e+00
3.06128000e-07,1.79467587e+00
3.06228000e-07,1.79467587e+00
3.06328000e-07,1.79467587e+00
3.06428000e-07,1.79467587e+00
3.06528000e-07,1.79467587e+00
3.06628000e-07,1.79467587e+00
3.06728000e-07,1.79467587e+00
3.06828000e-07,1.79467587e+00
3.06928000e-07,1.79467587e+00
3.07028000e-07,1.79467587e+00
3.07128000e-07,1.79467587e+00
3.07228000e-07,1.79467587e+00
3.07328000e-07,1.79467587e+00
3.07428000e-07,1.79467587e+00
3.07528000e-07,1.79467587e+00
3.07628000e-07,1.79467587e+00
3.07728000e-07,1.79467587e+00
3.07828000e-07,1.79467587e+00
3.07928000e-07,1.79467587e+00
3.08028000e-07,1.79467587e+00
3.08128000e-07,1.79467587e+00
3.08228000e-07,1.79467587e+00
3.08328000e-07,1.79467587e+00
3.08428000e-07,1.79467587e+00
3.08528000e-07,1.79467587e+00
3.08628000e-07,1.79467587e+00
3.08728000e-07,1.79467587e+00
3.08828000e-07,1.79467587e+00
3.08928000e-07,1.79467587e+00
3.09028000e-07,1.79467587e+00
3.09128000e-07,1.79467587e+00
3.09228000e-07,1.79467587e+00
3.09328000e-07,1.79467587e+00
3.09428000e-07,1.79467587e+00
3.09528000e-07,1.79467587e+00
3.09628000e-07,1.79467587e+00
3.09728000e-07,1.79467587e+00
3.09828000e-07,1.79467587e+00
3.09928000e-07,1.79467587e+00
3.10028000e-07,1.79467587e+00
3.10128000e-07,1.79467587e+00
3.10228000e-07,1.79467587e+00
3.10328000e-07,1.79467587e+00
3.10428000e-07,1.79467587e+00
3.10528000e-07,1.79467587e+00
3.10628000e-07,1.79467587e+00
3.10728000e-07,1.79467587e+00
3.10828000e-07,1.79467587e+00
3.10928000e-07,1.79467587e+00
3.11028000e-07,1.79467587e+00
3.11128000e-07,1.79467587e+00
3.11228000e-07,1.79467587e+00
3.11328000e-07,1.79467587e+00
3.11428000e-07,1.79467587e+00
3.11528000e-07,1.79467587e+00
3.11628000e-07,1.79467587e+00
3.11728000e-07,1.79467587e+00
3.11828000e-07,1.79467587e+00
3.11928000e-07,1.79467587e+00
3.12028000e-07,1.79467587e+00
3.12128000e-07,1.79467587e+00
3.12228000e-07,1.79467587e+00
3.12328000e-07,1.79467587e+00
3.12428000e-07,1.79467587e+00
3.12528000e-07,1.79467587e+00
3.12628000e-07,1.79467587e+00
3.12728000e-07,1.79467587e+00
3.12828000e-07,1.79467587e+00
3.12928000e-07,1.79467587e+00
3.13028000e-07,1.79467587e+00
3.13128000e-07,1.79467587e+00
3.13228000e-07,1.79467587e+00
3.13328000e-07,1.79467587e+00
3.13428000e-07,1.79467587e+00
3.13528000e-07,1.79467587e+00
3.13628000e-07,1.79467587e+00
3.13728000e-07,1.79467587e+00
3.13828000e-07,1.79467587e+00
3.13928000e-07,1.79467587e+00
3.14028000e-07,1.79467587e+00
3.14128000e-07,1.79467587e+00
3.14228000e-07,1.79467587e+00
3.14328000e-07,1.79467587e+00
3.14428000e-07,1.79467587e+00
3.14528000e-07,1.79467587e+00
3.14628000e-07,1.79467587e+00
3.14728000e-07,1.79467587e+00
3.14828000e-07,1.79467587e+00
3.14928000e-07,1.79467587e+00
3.15028000e-07,1.79467587e+00
3.15128000e-07,1.79467587e+00
3.15228000e-07,1.79467587e+00
3.15328000e-07,1.79467587e+00
3.15428000e-07,1.79467587e+00
3.15528000e-07,1.79467587e+00
3.15628000e-07,1.79467587e+00
3.15728000e-07,1.79467587e+00
3.15828000e-07,1.79467587e+00
3.15928000e-07,1.79467587e+00
3.16028000e-07,1.79467587e+00
3.16128000e-07,1.79467587e+00
3.16228000e-07,1.79467587e+00
3.16328000e-07,1.79467587e+00
3.16428000e-07,1.79467587e+00
3.16528000e-07,1.79467587e+00
3.16628000e-07,1.79467587e+00
3.16728000e-07,1.79467587e+00
3.16828000e-07,1.79467587e+00
3.16928000e-07,1.79467587e+00
3.17028000e-07,1.79467587e+00
3.17128000e-07,1.79467587e+00
3.17228000e-07,1.79467587e+00
3.17328000e-07,1.79467587e+00
3.17428000e-07,1.79467587e+00
3.17528000e-07,1.79467587e+00
3.17628000e-07,1.79467587e+00
3.17728000e-07,1.79467587e+00
3.17828000e-07,1.79467587e+00
3.17928000e-07,1.79467587e+00
3.18028000e-07,1.79467587e+00
3.18128000e-07,1.79467587e+00
3.18228000e-07,1.79467587e+00
3.18328000e-07,1.79467587e+00
3.18428000e-07,1.79467587e+00
3.18528000e-07,1.79467587e+00
3.18628000e-07,1.79467587e+00
3.18728000e-07,1.79467587e+00
3.18828000e-07,1.79467587e+00
3.18928000e-07,1.79467587e+00
3.19028000e-07,1.79467587e+00
3.19128000e-07,1.79467587e+00
3.19228000e-07,1.79467587e+00
3.19328000e-07,1.79467587e+00
3.19428000e-07,1.79467587e+00
3.19528000e-07,1.79467587e+00
3.19628000e-07,1.79467587e+00
3.19728000e-07,1.79467587e+00
3.19828000e-07,1.79467587e+00
3.19928000e-07,1.79467587e+00
3.20028000e-07,1.79467587e+00
3.20128000e-07,1.79467587e+00
3.20228000e-07,1.79467587e+00
3.20328000e-07,1.79467587e+00
3.20428000e-07,1.79467587e+00
3.20528000e-07,1.79467587e+00
3.20628000e-07,1.79467587e+00
3.20728000e-07,1.79467587e+00
3.20828000e-07,1.79467587e+00
3.20928000e-07,1.79467587e+00
3.21028000e-07,1.79467587e+00
3.21128000e-07,1.79467587e+00
3.21228000e-07,1.79467587e+00
3.21328000e-07,1.79467587e+00
3.21428000e-07,1.79467587e+00
3.21528000e-07,1.79467587e+00
3.21628000e-07,1.79467587e+00
3.21728000e-07,1.79467587e+00
3.21828000e-07,1.79467587e+00
3.21928000e-07,1.79467587e+00
3.22028000e-07,1.79467587e+00
3.22128000e-07,1.79467587e+00
3.22228000e-07,1.79467587e+00
3.22328000e-07,1.79467587e+00
3.22428000e-07,1.79467587e+00
3.22528000e-07,1.79467587e+00
3.22628000e-07,1.79467587e+00
3.22728000e-07,1.79467587e+00
3.22828000e-07,1.79467587e+00
3.22928000e-07,1.79467587e+00
3.23028000e-07,1.79467587e+00
3.23128000e-07,1.79467587e+00
3.23228000e-07,1.79467587e+00
3.23328000e-07,1.79467587e+00
3.23428000e-07,1.79467587e+00
3.23528000e-07,1.79467587e+00
3.23628000e-07,1.79467587e+00
3.23728000e-07,1.79467587e+00
3.23828000e-07,1.79467587e+00
3.23928000e-07,1.79467587e+00
3.24028000e-07,1.79467587e+00
3.24128000e-07,1.79467587e+00
3.24228000e-07,1.79467587e+00
3.24328000e-07,1.79467587e+00
3.24428000e-07,1.79467587e+00
3.24528000e-07,1.79467587e+00
3.24628000e-07,1.79467587e+00
3.24728000e-07,1.79467587e+00
3.24828000e-07,1.79467587e+00
3.24928000e-07,1.79467587e+00
3.25028000e-07,1.79467587e+00
3.25128000e-07,1.79467587e+00
3.25228000e-07,1.79467587e+00
3.25328000e-07,1.79467587e+00
3.25428000e-07,1.79467587e+00
3.25528000e-07,1.79467587e+00
3.25628000e-07,1.79467587e+00
3.25728000e-07,1.79467587e+00
3.25828000e-07,1.79467587e+00
3.25928000e-07,1.79467587e+00
3.26028000e-07,1.79467587e+00
3.26128000e-07,1.79467587e+00
3.26228000e-07,1.79467587e+00
3.26328000e-07,1.79467587e+00
3.26428000e-07,1.79467587e+00
3.26528000e-07,1.79467587e+00
3.26628000e-07,1.79467587e+00
3.26728000e-07,1.79467587e+00
3.26828000e-07,1.79467587e+00
3.26928000e-07,1.79467587e+00
3.27028000e-07,1.79467587e+00
3.27128000e-07,1.79467587e+00
3.27228000e-07,1.79467587e+00
3.27328000e-07,1.79467587e+00
3.27428000e-07,1.79467587e+00
3.27528000e-07,1.79467587e+00
3.27628000e-07,1.79467587e+00
3.27728000e-07,1.79467587e+00
3.27828000e-07,1.79467587e+00
3.27928000e-07,1.79467587e+00
3.28028000e-07,1.79467587e+00
3.28128000e-07,1.79467587e+00
3.28228000e-07,1.79467587e+00
3.28328000e-07,1.79467587e+00
3.28428000e-07,1.79467587e+00
3.28528000e-07,1.79467587e+00
3.28628000e-07,1.79467587e+00
3.28728000e-07,1.79467587e+00
3.28828000e-07,1.79467587e+00
3.28928000e-07,1.79467587e+00
3.29028000e-07,1.79467587e+00
3.29128000e-07,1.79467587e+00
3.29228000e-07,1.79467587e+00
3.29328000e-07,1.79467587e+00
3.29428000e-07,1.79467587e+00
3.29528000e-07,1.79467587e+00
3.29628000e-07,1.79467587e+00
3.29728000e-07,1.79467587e+00
3.29828000e-07,1.79467587e+00
3.29928000e-07,1.79467587e+00
3.30028000e-07,1.79467587e+00
3.30128000e-07,1.79467587e+00
3.30228000e-07,1.79467587e+00
3.30328000e-07,1.79467587e+00
3.30428000e-07,1.79467587e+00
3.30528000e-07,1.79467587e+00
3.30628000e-07,1.79467587e+00
3.30728000e-07,1.79467587e+00
3.30828000e-07,1.79467587e+00
3.30928000e-07,1.79467587e+00
3.31028000e-07,1.79467587e+00
3.31128000e-07,1.79467587e+00
3.31228000e-07,1.79467587e+00
3.31328000e-07,1.79467587e+00
3.31428000e-07,1.79467587e+00
3.31528000e-07,1.79467587e+00
3.31628000e-07,1.79467587e+00
3.31728000e-07,1.79467587e+00
3.31828000e-07,1.79467587e+00
3.31928000e-07,1.79467587e+00
3.32028000e-07,1.79467587e+00
3.32128000e-07,1.79467587e+00
3.32228000e-07,1.79467587e+00
3.32328000e-07,1.79467587e+00
3.32428000e-07,1.79467587e+00
3.32528000e-07,1.79467587e+00
3.32628000e-07,1.79467587e+00
3.32728000e-07,1.79467587e+00
3.32828000e-07,1.79467587e+00
3.32928000e-07,1.79467587e+00
3.33028000e-07,1.79467587e+00
3.33128000e-07,1.79467587e+00
3.33228000e-07,1.79467587e+00
3.33328000e-07,1.79467587e+00
3.33428000e-07,1.79467587e+00
3.33528000e-07,1.79467587e+00
3.33628000e-07,1.79467587e+00
3.33728000e-07,1.79467587e+00
3.33828000e-07,1.79467587e+00
3.33928000e-07,1.79467587e+00
3.34028000e-07,1.79467587e+00
3.34128000e-07,1.79467587e+00
3.34228000e-07,1.79467587e+00
3.34328000e-07,1.79467587e+00
3.34428000e-07,1.79467587e+00
3.34528000e-07,1.79467587e+00
3.34628000e-07,1.79467587e+00
3.34728000e-07,1.79467587e+00
3.34828000e-07,1.79467587e+00
3.34928000e-07,1.79467587e+00
3.35028000e-07,1.79467587e+00
3.35128000e-07,1.79467587e+00
3.35228000e-07,1.79467587e+00
3.35328000e-07,1.79467587e+00
3.35428000e-07,1.79467587e+00
3.35528000e-07,1.79467587e+00
3.35628000e-07,1.79467587e+00
3.35728000e-07,1.79467587e+00
3.35828000e-07,1.79467587e+00
3.35928000e-07,1.79467587e+00
3.36028000e-07,1.79467587e+00
3.36128000e-07,1.79467587e+00
3.36228000e-07,1.79467587e+00
3.36328000e-07,1.79467587e+00
3.36428000e-07,1.79467587e+00
3.36528000e-07,1.79467587e+00
3.36628000e-07,1.79467587e+00
3.36728000e-07,1.79467587e+00
3.36828000e-07,1.79467587e+00
3.36928000e-07,1.79467587e+00
3.37028000e-07,1.79467587e+00
3.37128000e-07,1.79467587e+00
3.37228000e-07,1.79467587e+00
3.37328000e-07,1.79467587e+00
3.37428000e-07,1.79467587e+00
3.37528000e-07,1.79467587e+00
3.37628000e-07,1.79467587e+00
3.37728000e-07,1.79467587e+00
3.37828000e-07,1.79467587e+00
3.37928000e-07,1.79467587e+00
3.38028000e-07,1.79467587e+00
3.38128000e-07,1.79467587e+00
3.38228000e-07,1.79467587e+00
3.38328000e-07,1.79467587e+00
3.38428000e-07,1.79467587e+00
3.38528000e-07,1.79467587e+00
3.38628000e-07,1.79467587e+00
3.38728000e-07,1.79467587e+00
3.38828000e-07,1.79467587e+00
3.38928000e-07,1.79467587e+00
3.39028000e-07,1.79467587e+00
3.39128000e-07,1.79467587e+00
3.39228000e-07,1.79467587e+00
3.39328000e-07,1.79467587e+00
3.39428000e-07,1.79467587e+00
3.39528000e-07,1.79467587e+00
3.39628000e-07,1.79467587e+00
3.39728000e-07,1.79467587e+00
3.39828000e-07,1.79467587e+00
3.39928000e-07,1.79467587e+00
3.40028000e-07,1.79467587e+00
3.40128000e-07,1.79467587e+00
3.40228000e-07,1.79467587e+00
3.40328000e-07,1.79467587e+00
3.40428000e-07,1.79467587e+00
3.40528000e-07,1.79467587e+00
3.40628000e-07,1.79467587e+00
3.40728000e-07,1.79467587e+00
3.40828000e-07,1.79467587e+00
3.40928000e-07,1.79467587e+00
3.41028000e-07,1.79467587e+00
3.41128000e-07,1.79467587e+00
3.41228000e-07,1.79467587e+00
3.41328000e-07,1.79467587e+00
3.41428000e-07,1.79467587e+00
3.41528000e-07,1.79467587e+00
3.41628000e-07,1.79467587e+00
3.41728000e-07,1.79467587e+00
3.41828000e-07,1.79467587e+00
3.41928000e-07,1.79467587e+00
3.42028000e-07,1.79467587e+00
3.42128000e-07,1.79467587e+00
3.42228000e-07,1.79467587e+00
3.42328000e-07,1.79467587e+00
3.42428000e-07,1.79467587e+00
3.42528000e-07,1.79467587e+00
3.42628000e-07,1.79467587e+00
3.42728000e-07,1.79467587e+00
3.42828000e-07,1.79467587e+00
3.42928000e-07,1.79467587e+00
3.43028000e-07,1.79467587e+00
3.43128000e-07,1.79467587e+00
3.43228000e-07,1.79467587e+00
3.43328000e-07,1.79467587e+00
3.43428000e-07,1.79467587e+00
3.43528000e-07,1.79467587e+00
3.43628000e-07,1.79467587e+00
3.43728000e-07,1.79467587e+00
3.43828000e-07,1.79467587e+00
3.43928000e-07,1.79467587e+00
3.44028000e-07,1.79467587e+00
3.44128000e-07,1.79467587e+00
3.44228000e-07,1.79467587e+00
3.44328000e-07,1.79467587e+00
3.44428000e-07,1.79467587e+00
3.44528000e-07,1.79467587e+00
3.44628000e-07,1.79467587e+00
3.44728000e-07,1.79467587e+00
3.44828000e-07,1.79467587e+00
3.44928000e-07,1.79467587e+00
3.45028000e-07,1.79467587e+00
3.45128000e-07,1.79467587e+00
3.45228000e-07,1.79467587e+00
3.45328000e-07,1.79467587e+00
3.45428000e-07,1.79467587e+00
3.45528000e-07,1.79467587e+00
3.45628000e-07,1.79467587e+00
3.45728000e-07,1.79467587e+00
3.45828000e-07,1.79467587e+00
3.45928000e-07,1.79467587e+00
3.46028000e-07,1.79467587e+00
3.46128000e-07,1.79467587e+00
3.46228000e-07,1.79467587e+00
3.46328000e-07,1.79467587e+00
3.46428000e-07,1.79467587e+00
3.46528000e-07,1.79467587e+00
3.46628000e-07,1.79467587e+00
3.46728000e-07,1.79467587e+00
3.46828000e-07,1.79467587e+00
3.46928000e-07,1.79467587e+00
3.47028000e-07,1.79467587e+00
3.47128000e-07,1.79467587e+00
3.47228000e-07,1.79467587e+00
3.47328000e-07,1.79467587e+00
3.47428000e-07,1.79467587e+00
3.47528000e-07,1.79467587e+00
3.47628000e-07,1.79467587e+00
3.47728000e-07,1.79467587e+00
3.47828000e-07,1.79467587e+00
3.47928000e-07,1.79467587e+00
3.48028000e-07,1.79467587e+00
3.48128000e-07,1.79467587e+00
3.48228000e-07,1.79467587e+00
3.48328000e-07,1.79467587e+00
3.48428000e-07,1.79467587e+00
3.48528000e-07,1.79467587e+00
3.48628000e-07,1.79467587e+00
3.48728000e-07,1.79467587e+00
3.48828000e-07,1.79467587e+00
3.48928000e-07,1.79467587e+00
3.49028000e-07,1.79467587e+00
3.49128000e-07,1.79467587e+00
3.49228000e-07,1.79467587e+00
3.49328000e-07,1.79467587e+00
3.49428000e-07,1.79467587e+00
3.49528000e-07,1.79467587e+00
3.49628000e-07,1.79467587e+00
3.49728000e-07,1.79467587e+00
3.49828000e-07,1.79467587e+00
3.49928000e-07,1.79467587e+00
3.50028000e-07,1.79467587e+00
3.50128000e-07,1.79467587e+00
3.50228000e-07,1.79467587e+00
3.50328000e-07,1.79467587e+00
3.50428000e-07,1.79467587e+00
3.50528000e-07,1.79467587e+00
3.50628000e-07,1.79467587e+00
3.50728000e-07,1.79467587e+00
3.50828000e-07,1.79467587e+00
3.50928000e-07,1.79467587e+00
3.51028000e-07,1.79467587e+00
3.51128000e-07,1.79467587e+00
3.51228000e-07,1.79467587e+00
3.51328000e-07,1.79467587e+00
3.51428000e-07,1.79467587e+00
3.51528000e-07,1.79467587e+00
3.51628000e-07,1.79467587e+00
3.51728000e-07,1.79467587e+00
3.51828000e-07,1.79467587e+00
3.51928000e-07,1.79467587e+00
3.52028000e-07,1.79467587e+00
3.52128000e-07,1.79467587e+00
3.52228000e-07,1.79467587e+00
3.52328000e-07,1.79467587e+00
3.52428000e-07,1.79467587e+00
3.52528000e-07,1.79467587e+00
3.52628000e-07,1.79467587e+00
3.52728000e-07,1.79467587e+00
3.52828000e-07,1.79467587e+00
3.52928000e-07,1.79467587e+00
3.53028000e-07,1.79467587e+00
3.53128000e-07,1.79467587e+00
3.53228000e-07,1.79467587e+00
3.53328000e-07,1.79467587e+00
3.53428000e-07,1.79467587e+00
3.53528000e-07,1.79467587e+00
3.53628000e-07,1.79467587e+00
3.53728000e-07,1.79467587e+00
3.53828000e-07,1.79467587e+00
3.53928000e-07,1.79467587e+00
3.54028000e-07,1.79467587e+00
3.54128000e-07,1.79467587e+00
3.54228000e-07,1.79467587e+00
3.54328000e-07,1.79467587e+00
3.54428000e-07,1.79467587e+00
3.54528000e-07,1.79467587e+00
3.54628000e-07,1.79467587e+00
3.54728000e-07,1.79467587e+00
3.54828000e-07,1.79467587e+00
3.54928000e-07,1.79467587e+00
3.55028000e-07,1.79467587e+00
3.55128000e-07,1.79467587e+00
3.55228000e-07,1.79467587e+00
3.55328000e-07,1.79467587e+00
3.55428000e-07,1.79467587e+00
3.55528000e-07,1.79467587e+00
3.55628000e-07,1.79467587e+00
3.55728000e-07,1.79467587e+00
3.55828000e-07,1.79467587e+00
3.55928000e-07,1.79467587e+00
3.56028000e-07,1.79467587e+00
3.56128000e-07,1.79467587e+00
3.56228000e-07,1.79467587e+00
3.56328000e-07,1.79467587e+00
3.56428000e-07,1.79467587e+00
3.56528000e-07,1.79467587e+00
3.56628000e-07,1.79467587e+00
3.56728000e-07,1.79467587e+00
3.56828000e-07,1.79467587e+00
3.56928000e-07,1.79467587e+00
3.57028000e-07,1.79467587e+00
3.57128000e-07,1.79467587e+00
3.57228000e-07,1.79467587e+00
3.57328000e-07,1.79467587e+00
3.57428000e-07,1.79467587e+00
3.57528000e-07,1.79467587e+00
3.57628000e-07,1.79467587e+00
3.57728000e-07,1.79467587e+00
3.57828000e-07,1.79467587e+00
3.57928000e-07,1.79467587e+00
3.58028000e-07,1.79467587e+00
3.58128000e-07,1.79467587e+00
3.58228000e-07,1.79467587e+00
3.58328000e-07,1.79467587e+00
3.58428000e-07,1.79467587e+00
3.58528000e-07,1.79467587e+00
3.58628000e-07,1.79467587e+00
3.58728000e-07,1.79467587e+00
3.58828000e-07,1.79467587e+00
3.58928000e-07,1.79467587e+00
3.59028000e-07,1.79467587e+00
3.59128000e-07,1.79467587e+00
3.59228000e-07,1.79467587e+00
3.59328000e-07,1.79467587e+00
3.59428000e-07,1.79467587e+00
3.59528000e-07,1.79467587e+00
3.59628000e-07,1.79467587e+00
3.59728000e-07,1.79467587e+00
3.59828000e-07,1.79467587e+00
3.59928000e-07,1.79467587e+00
3.60028000e-07,1.79467587e+00
3.60128000e-07,1.79467587e+00
3.60228000e-07,1.79467587e+00
3.60328000e-07,1.79467587e+00
3.60428000e-07,1.79467587e+00
3.60528000e-07,1.79467587e+00
3.60628000e-07,1.79467587e+00
3.60728000e-07,1.79467587e+00
3.60828000e-07,1.79467587e+00
3.60928000e-07,1.79467587e+00
3.61028000e-07,1.79467587e+00
3.61128000e-07,1.79467587e+00
3.61228000e-07,1.79467587e+00
3.61328000e-07,1.79467587e+00
3.61428000e-07,1.79467587e+00
3.61528000e-07,1.79467587e+00
3.61628000e-07,1.79467587e+00
3.61728000e-07,1.79467587e+00
3.61828000e-07,1.79467587e+00
3.61928000e-07,1.79467587e+00
3.62028000e-07,1.79467587e+00
3.62128000e-07,1.79467587e+00
3.62228000e-07,1.79467587e+00
3.62328000e-07,1.79467587e+00
3.62428000e-07,1.79467587e+00
3.62528000e-07,1.79467587e+00
3.62628000e-07,1.79467587e+00
3.62728000e-07,1.79467587e+00
3.62828000e-07,1.79467587e+00
3.62928000e-07,1.79467587e+00
3.63028000e-07,1.79467587e+00
3.63128000e-07,1.79467587e+00
3.63228000e-07,1.79467587e+00
3.63328000e-07,1.79467587e+00
3.63428000e-07,1.79467587e+00
3.63528000e-07,1.79467587e+00
3.63628000e-07,1.79467587e+00
3.63728000e-07,1.79467587e+00
3.63828000e-07,1.79467587e+00
3.63928000e-07,1.79467587e+00
3.64028000e-07,1.79467587e+00
3.64128000e-07,1.79467587e+00
3.64228000e-07,1.79467587e+00
3.64328000e-07,1.79467587e+00
3.64428000e-07,1.79467587e+00
3.64528000e-07,1.79467587e+00
3.64628000e-07,1.79467587e+00
3.64728000e-07,1.79467587e+00
3.64828000e-07,1.79467587e+00
3.64928000e-07,1.79467587e+00
3.65028000e-07,1.79467587e+00
3.65128000e-07,1.79467587e+00
3.65228000e-07,1.79467587e+00
3.65328000e-07,1.79467587e+00
3.65428000e-07,1.79467586e+00
3.65528000e-07,1.79467586e+00
3.65628000e-07,1.79467586e+00
3.65728000e-07,1.79467586e+00
3.65828000e-07,1.79467586e+00
3.65928000e-07,1.79467586e+00
3.66028000e-07,1.79467586e+00
3.66128000e-07,1.79467586e+00
3.66228000e-07,1.79467586e+00
3.66328000e-07,1.79467586e+00
3.66428000e-07,1.79467586e+00
3.66528000e-07,1.79467586e+00
3.66628000e-07,1.79467586e+00
3.66728000e-07,1.79467586e+00
3.66828000e-07,1.79467586e+00
3.66928000e-07,1.79467586e+00
3.67028000e-07,1.79467586e+00
3.67128000e-07,1.79467586e+00
3.67228000e-07,1.79467586e+00
3.67328000e-07,1.79467586e+00
3.67428000e-07,1.79467586e+00
3.67528000e-07,1.79467586e+00
3.67628000e-07,1.79467586e+00
3.67728000e-07,1.79467586e+00
3.67828000e-07,1.79467586e+00
3.67928000e-07,1.79467586e+00
3.68028000e-07,1.79467586e+00
3.68128000e-07,1.79467586e+00
3.68228000e-07,1.79467586e+00
3.68328000e-07,1.79467586e+00
3.68428000e-07,1.79467586e+00
3.68528000e-07,1.79467586e+00
3.68628000e-07,1.79467586e+00
3.68728000e-07,1.79467586e+00
3.68828000e-07,1.79467586e+00
3.68928000e-07,1.79467586e+00
3.69028000e-07,1.79467586e+00
3.69128000e-07,1.79467586e+00
3.69228000e-07,1.79467586e+00
3.69328000e-07,1.79467586e+00
3.69428000e-07,1.79467586e+00
3.69528000e-07,1.79467586e+00
3.69628000e-07,1.79467586e+00
3.69728000e-07,1.79467586e+00
3.69828000e-07,1.79467586e+00
3.69928000e-07,1.79467586e+00
3.70028000e-07,1.79467586e+00
3.70128000e-07,1.79467586e+00
3.70228000e-07,1.79467586e+00
3.70328000e-07,1.79467586e+00
3.70428000e-07,1.79467586e+00
3.70528000e-07,1.79467586e+00
3.70628000e-07,1.79467586e+00
3.70728000e-07,1.79467586e+00
3.70828000e-07,1.79467586e+00
3.70928000e-07,1.79467586e+00
3.71028000e-07,1.79467586e+00
3.71128000e-07,1.79467586e+00
3.71228000e-07,1.79467586e+00
3.71328000e-07,1.79467586e+00
3.71428000e-07,1.79467586e+00
3.71528000e-07,1.79467586e+00
3.71628000e-07,1.79467586e+00
3.71728000e-07,1.79467586e+00
3.71828000e-07,1.79467586e+00
3.71928000e-07,1.79467586e+00
3.72028000e-07,1.79467586e+00
3.72128000e-07,1.79467586e+00
3.72228000e-07,1.79467586e+00
3.72328000e-07,1.79467586e+00
3.72428000e-07,1.79467586e+00
3.72528000e-07,1.79467586e+00
3.72628000e-07,1.79467586e+00
3.72728000e-07,1.79467586e+00
3.72828000e-07,1.79467586e+00
3.72928000e-07,1.79467586e+00
3.73028000e-07,1.79467586e+00
3.73128000e-07,1.79467586e+00
3.73228000e-07,1.79467586e+00
3.73328000e-07,1.79467586e+00
3.73428000e-07,1.79467586e+00
3.73528000e-07,1.79467586e+00
3.73628000e-07,1.79467586e+00
3.73728000e-07,1.79467586e+00
3.73828000e-07,1.79467586e+00
3.73928000e-07,1.79467586e+00
3.74028000e-07,1.79467586e+00
3.74128000e-07,1.79467586e+00
3.74228000e-07,1.79467586e+00
3.74328000e-07,1.79467586e+00
3.74428000e-07,1.79467586e+00
3.74528000e-07,1.79467586e+00
3.74628000e-07,1.79467586e+00
3.74728000e-07,1.79467586e+00
3.74828000e-07,1.79467586e+00
3.74928000e-07,1.79467586e+00
3.75028000e-07,1.79467586e+00
3.75128000e-07,1.79467586e+00
3.75228000e-07,1.79467586e+00
3.75328000e-07,1.79467586e+00
3.75428000e-07,1.79467586e+00
3.75528000e-07,1.79467586e+00
3.75628000e-07,1.79467586e+00
3.75728000e-07,1.79467586e+00
3.75828000e-07,1.79467586e+00
3.75928000e-07,1.79467586e+00
3.76028000e-07,1.79467586e+00
3.76128000e-07,1.79467586e+00
3.76228000e-07,1.79467586e+00
3.76328000e-07,1.79467586e+00
3.76428000e-07,1.79467586e+00
3.76528000e-07,1.79467586e+00
3.76628000e-07,1.79467586e+00
3.76728000e-07,1.79467586e+00
3.76828000e-07,1.79467586e+00
3.76928000e-07,1.79467586e+00
3.77028000e-07,1.79467586e+00
3.77128000e-07,1.79467586e+00
3.77228000e-07,1.79467586e+00
3.77328000e-07,1.79467586e+00
3.77428000e-07,1.79467586e+00
3.77528000e-07,1.79467586e+00
3.77628000e-07,1.79467586e+00
3.77728000e-07,1.79467586e+00
3.77828000e-07,1.79467586e+00
3.77928000e-07,1.79467586e+00
3.78028000e-07,1.79467586e+00
3.78128000e-07,1.79467586e+00
3.78228000e-07,1.79467586e+00
3.78328000e-07,1.79467586e+00
3.78428000e-07,1.79467586e+00
3.78528000e-07,1.79467586e+00
3.78628000e-07,1.79467586e+00
3.78728000e-07,1.79467586e+00
3.78828000e-07,1.79467586e+00
3.78928000e-07,1.79467586e+00
3.79028000e-07,1.79467586e+00
3.79128000e-07,1.79467586e+00
3.79228000e-07,1.79467586e+00
3.79328000e-07,1.79467586e+00
3.79428000e-07,1.79467586e+00
3.79528000e-07,1.79467586e+00
3.79628000e-07,1.79467586e+00
3.79728000e-07,1.79467586e+00
3.79828000e-07,1.79467586e+00
3.79928000e-07,1.79467586e+00
3.80028000e-07,1.79467586e+00
3.80128000e-07,1.79467586e+00
3.80228000e-07,1.79467586e+00
3.80328000e-07,1.79467586e+00
3.80428000e-07,1.79467586e+00
3.80528000e-07,1.79467586e+00
3.80628000e-07,1.79467586e+00
3.80728000e-07,1.79467586e+00
3.80828000e-07,1.79467586e+00
3.80928000e-07,1.79467586e+00
3.81028000e-07,1.79467586e+00
3.81128000e-07,1.79467586e+00
3.81228000e-07,1.79467586e+00
3.81328000e-07,1.79467586e+00
3.81428000e-07,1.79467586e+00
3.81528000e-07,1.79467586e+00
3.81628000e-07,1.79467586e+00
3.81728000e-07,1.79467586e+00
3.81828000e-07,1.79467586e+00
3.81928000e-07,1.79467586e+00
3.82028000e-07,1.79467586e+00
3.82128000e-07,1.79467586e+00
3.82228000e-07,1.79467586e+00
3.82328000e-07,1.79467586e+00
3.82428000e-07,1.79467586e+00
3.82528000e-07,1.79467586e+00
3.82628000e-07,1.79467586e+00
3.82728000e-07,1.79467586e+00
3.82828000e-07,1.79467586e+00
3.82928000e-07,1.79467586e+00
3.83028000e-07,1.79467586e+00
3.83128000e-07,1.79467586e+00
3.83228000e-07,1.79467586e+00
3.83328000e-07,1.79467586e+00
3.83428000e-07,1.79467586e+00
3.83528000e-07,1.79467586e+00
3.83628000e-07,1.79467586e+00
3.83728000e-07,1.79467586e+00
3.83828000e-07,1.79467586e+00
3.83928000e-07,1.79467586e+00
3.84028000e-07,1.79467586e+00
3.84128000e-07,1.79467586e+00
3.84228000e-07,1.79467586e+00
3.84328000e-07,1.79467586e+00
3.84428000e-07,1.79467586e+00
3.84528000e-07,1.79467586e+00
3.84628000e-07,1.79467586e+00
3.84728000e-07,1.79467586e+00
3.84828000e-07,1.79467586e+00
3.84928000e-07,1.79467586e+00
3.85028000e-07,1.79467586e+00
3.85128000e-07,1.79467586e+00
3.85228000e-07,1.79467586e+00
3.85328000e-07,1.79467586e+00
3.85428000e-07,1.79467586e+00
3.85528000e-07,1.79467586e+00
3.85628000e-07,1.79467586e+00
3.85728000e-07,1.79467586e+00
3.85828000e-07,1.79467586e+00
3.85928000e-07,1.79467586e+00
3.86028000e-07,1.79467586e+00
3.86128000e-07,1.79467586e+00
3.86228000e-07,1.79467586e+00
3.86328000e-07,1.79467586e+00
3.86428000e-07,1.79467586e+00
3.86528000e-07,1.79467586e+00
3.86628000e-07,1.79467586e+00
3.86728000e-07,1.79467586e+00
3.86828000e-07,1.79467586e+00
3.86928000e-07,1.79467586e+00
3.87028000e-07,1.79467586e+00
3.87128000e-07,1.79467586e+00
3.87228000e-07,1.79467586e+00
3.87328000e-07,1.79467586e+00
3.87428000e-07,1.79467586e+00
3.87528000e-07,1.79467586e+00
3.87628000e-07,1.79467586e+00
3.87728000e-07,1.79467586e+00
3.87828000e-07,1.79467586e+00
3.87928000e-07,1.79467586e+00
3.88028000e-07,1.79467586e+00
3.88128000e-07,1.79467586e+00
3.88228000e-07,1.79467586e+00
3.88328000e-07,1.79467586e+00
3.88428000e-07,1.79467586e+00
3.88528000e-07,1.79467586e+00
3.88628000e-07,1.79467586e+00
3.88728000e-07,1.79467586e+00
3.88828000e-07,1.79467586e+00
3.88928000e-07,1.79467586e+00
3.89028000e-07,1.79467586e+00
3.89128000e-07,1.79467586e+00
3.89228000e-07,1.79467586e+00
3.89328000e-07,1.79467586e+00
3.89428000e-07,1.79467586e+00
3.89528000e-07,1.79467586e+00
3.89628000e-07,1.79467586e+00
3.89728000e-07,1.79467586e+00
3.89828000e-07,1.79467586e+00
3.89928000e-07,1.79467586e+00
3.90028000e-07,1.79467586e+00
3.90128000e-07,1.79467586e+00
3.90228000e-07,1.79467586e+00
3.90328000e-07,1.79467586e+00
3.90428000e-07,1.79467586e+00
3.90528000e-07,1.79467586e+00
3.90628000e-07,1.79467586e+00
3.90728000e-07,1.79467586e+00
3.90828000e-07,1.79467586e+00
3.90928000e-07,1.79467586e+00
3.91028000e-07,1.79467586e+00
3.91128000e-07,1.79467586e+00
3.91228000e-07,1.79467586e+00
3.91328000e-07,1.79467586e+00
3.91428000e-07,1.79467586e+00
3.91528000e-07,1.79467586e+00
3.91628000e-07,1.79467586e+00
3.91728000e-07,1.79467586e+00
3.91828000e-07,1.79467586e+00
3.91928000e-07,1.79467586e+00
3.92028000e-07,1.79467586e+00
3.92128000e-07,1.79467586e+00
3.92228000e-07,1.79467586e+00
3.92328000e-07,1.79467586e+00
3.92428000e-07,1.79467586e+00
3.92528000e-07,1.79467586e+00
3.92628000e-07,1.79467586e+00
3.92728000e-07,1.79467586e+00
3.92828000e-07,1.79467586e+00
3.92928000e-07,1.79467586e+00
3.93028000e-07,1.79467586e+00
3.93128000e-07,1.79467586e+00
3.93228000e-07,1.79467586e+00
3.93328000e-07,1.79467586e+00
3.93428000e-07,1.79467586e+00
3.93528000e-07,1.79467586e+00
3.93628000e-07,1.79467586e+00
3.93728000e-07,1.79467586e+00
3.93828000e-07,1.79467586e+00
3.93928000e-07,1.79467586e+00
3.94028000e-07,1.79467586e+00
3.94128000e-07,1.79467586e+00
3.94228000e-07,1.79467586e+00
3.94328000e-07,1.79467586e+00
3.94428000e-07,1.79467586e+00
3.94528000e-07,1.79467586e+00
3.94628000e-07,1.79467586e+00
3.94728000e-07,1.79467586e+00
3.94828000e-07,1.79467586e+00
3.94928000e-07,1.79467586e+00
3.95028000e-07,1.79467586e+00
3.95128000e-07,1.79467586e+00
3.95228000e-07,1.79467586e+00
3.95328000e-07,1.79467586e+00
3.95428000e-07,1.79467586e+00
3.95528000e-07,1.79467586e+00
3.95628000e-07,1.79467586e+00
3.95728000e-07,1.79467586e+00
3.95828000e-07,1.79467586e+00
3.95928000e-07,1.79467586e+00
3.96028000e-07,1.79467586e+00
3.96128000e-07,1.79467586e+00
3.96228000e-07,1.79467586e+00
3.96328000e-07,1.79467586e+00
3.96428000e-07,1.79467586e+00
3.96528000e-07,1.79467586e+00
3.96628000e-07,1.79467586e+00
3.96728000e-07,1.79467586e+00
3.96828000e-07,1.79467586e+00
3.96928000e-07,1.79467586e+00
3.97028000e-07,1.79467586e+00
3.97128000e-07,1.79467586e+00
3.97228000e-07,1.79467586e+00
3.97328000e-07,1.79467586e+00
3.97428000e-07,1.79467586e+00
3.97528000e-07,1.79467586e+00
3.97628000e-07,1.79467586e+00
3.97728000e-07,1.79467586e+00
3.97828000e-07,1.79467586e+00
3.97928000e-07,1.79467586e+00
3.98028000e-07,1.79467586e+00
3.98128000e-07,1.79467586e+00
3.98228000e-07,1.79467586e+00
3.98328000e-07,1.79467586e+00
3.98428000e-07,1.79467586e+00
3.98528000e-07,1.79467586e+00
3.98628000e-07,1.79467586e+00
3.98728000e-07,1.79467586e+00
3.98828000e-07,1.79467586e+00
3.98928000e-07,1.79467586e+00
3.99028000e-07,1.79467586e+00
3.99128000e-07,1.79467586e+00
3.99228000e-07,1.79467586e+00
3.99328000e-07,1.79467586e+00
3.99428000e-07,1.79467586e+00
3.99528000e-07,1.79467586e+00
3.99628000e-07,1.79467586e+00
3.99728000e-07,1.79467586e+00
3.99828000e-07,1.79467586e+00
3.99928000e-07,1.79467586e+00
4.00028000e-07,1.79467586e+00
4.00128000e-07,1.79467586e+00
4.00228000e-07,1.79467586e+00
4.00328000e-07,1.79467586e+00
4.00428000e-07,1.79467586e+00
4.00528000e-07,1.79467586e+00
4.00628000e-07,1.79467586e+00
4.00728000e-07,1.79467586e+00
4.00828000e-07,1.79467586e+00
4.00928000e-07,1.79467586e+00
4.01028000e-07,1.79467586e+00
4.01128000e-07,1.79467586e+00
4.01228000e-07,1.79467586e+00
4.01328000e-07,1.79467586e+00
4.01428000e-07,1.79467586e+00
4.01528000e-07,1.79467586e+00
4.01628000e-07,1.79467586e+00
4.01728000e-07,1.79467586e+00
4.01828000e-07,1.79467586e+00
4.01928000e-07,1.79467586e+00
4.02028000e-07,1.79467586e+00
4.02128000e-07,1.79467586e+00
4.02228000e-07,1.79467586e+00
4.02328000e-07,1.79467586e+00
4.02428000e-07,1.79467586e+00
4.02528000e-07,1.79467586e+00
4.02628000e-07,1.79467586e+00
4.02728000e-07,1.79467586e+00
4.02828000e-07,1.79467586e+00
4.02928000e-07,1.79467586e+00
4.03028000e-07,1.79467586e+00
4.03128000e-07,1.79467586e+00
4.03228000e-07,1.79467586e+00
4.03328000e-07,1.79467586e+00
4.03428000e-07,1.79467586e+00
4.03528000e-07,1.79467586e+00
4.03628000e-07,1.79467586e+00
4.03728000e-07,1.79467586e+00
4.03828000e-07,1.79467586e+00
4.03928000e-07,1.79467586e+00
4.04028000e-07,1.79467586e+00
4.04128000e-07,1.79467586e+00
4.04228000e-07,1.79467586e+00
4.04328000e-07,1.79467586e+00
4.04428000e-07,1.79467586e+00
4.04528000e-07,1.79467586e+00
4.04628000e-07,1.79467586e+00
4.04728000e-07,1.79467586e+00
4.04828000e-07,1.79467586e+00
4.04928000e-07,1.79467586e+00
4.05028000e-07,1.79467586e+00
4.05128000e-07,1.79467586e+00
4.05228000e-07,1.79467586e+00
4.05328000e-07,1.79467586e+00
4.05428000e-07,1.79467586e+00
4.05528000e-07,1.79467586e+00
4.05628000e-07,1.79467586e+00
4.05728000e-07,1.79467586e+00
4.05828000e-07,1.79467586e+00
4.05928000e-07,1.79467586e+00
4.06028000e-07,1.79467586e+00
4.06128000e-07,1.79467586e+00
4.06228000e-07,1.79467586e+00
4.06328000e-07,1.79467586e+00
4.06428000e-07,1.79467586e+00
4.06528000e-07,1.79467586e+00
4.06628000e-07,1.79467586e+00
4.06728000e-07,1.79467586e+00
4.06828000e-07,1.79467586e+00
4.06928000e-07,1.79467586e+00
4.07028000e-07,1.79467586e+00
4.07128000e-07,1.79467586e+00
4.07228000e-07,1.79467586e+00
4.07328000e-07,1.79467586e+00
4.07428000e-07,1.79467586e+00
4.07528000e-07,1.79467586e+00
4.07628000e-07,1.79467586e+00
4.07728000e-07,1.79467586e+00
4.07828000e-07,1.79467586e+00
4.07928000e-07,1.79467586e+00
4.08028000e-07,1.79467586e+00
4.08128000e-07,1.79467586e+00
4.08228000e-07,1.79467586e+00
4.08328000e-07,1.79467586e+00
4.08428000e-07,1.79467586e+00
4.08528000e-07,1.79467586e+00
4.08628000e-07,1.79467586e+00
4.08728000e-07,1.79467586e+00
4.08828000e-07,1.79467586e+00
4.08928000e-07,1.79467586e+00
4.09028000e-07,1.79467586e+00
4.09128000e-07,1.79467586e+00
4.09228000e-07,1.79467586e+00
4.09328000e-07,1.79467586e+00
4.09428000e-07,1.79467586e+00
4.09528000e-07,1.79467586e+00
4.09628000e-07,1.79467586e+00
4.09728000e-07,1.79467586e+00
4.09828000e-07,1.79467586e+00
4.09928000e-07,1.79467586e+00
4.10028000e-07,1.79467586e+00
4.10128000e-07,1.79467586e+00
4.10228000e-07,1.79467586e+00
4.10328000e-07,1.79467586e+00
4.10428000e-07,1.79467586e+00
4.10528000e-07,1.79467586e+00
4.10628000e-07,1.79467586e+00
4.10728000e-07,1.79467586e+00
4.10828000e-07,1.79467586e+00
4.10928000e-07,1.79467586e+00
4.11028000e-07,1.79467586e+00
4.11128000e-07,1.79467586e+00
4.11228000e-07,1.79467586e+00
4.11328000e-07,1.79467586e+00
4.11428000e-07,1.79467586e+00
4.11528000e-07,1.79467586e+00
4.11628000e-07,1.79467586e+00
4.11728000e-07,1.79467586e+00
4.11828000e-07,1.79467586e+00
4.11928000e-07,1.79467586e+00
4.12028000e-07,1.79467586e+00
4.12128000e-07,1.79467586e+00
4.12228000e-07,1.79467586e+00
4.12328000e-07,1.79467586e+00
4.12428000e-07,1.79467586e+00
4.12528000e-07,1.79467586e+00
4.12628000e-07,1.79467586e+00
4.12728000e-07,1.79467586e+00
4.12828000e-07,1.79467586e+00
4.12928000e-07,1.79467586e+00
4.13028000e-07,1.79467586e+00
4.13128000e-07,1.79467586e+00
4.13228000e-07,1.79467586e+00
4.13328000e-07,1.79467586e+00
4.13428000e-07,1.79467586e+00
4.13528000e-07,1.79467586e+00
4.13628000e-07,1.79467586e+00
4.13728000e-07,1.79467586e+00
4.13828000e-07,1.79467586e+00
4.13928000e-07,1.79467586e+00
4.14028000e-07,1.79467586e+00
4.14128000e-07,1.79467586e+00
4.14228000e-07,1.79467586e+00
4.14328000e-07,1.79467586e+00
4.14428000e-07,1.79467586e+00
4.14528000e-07,1.79467586e+00
4.14628000e-07,1.79467586e+00
4.14728000e-07,1.79467586e+00
4.14828000e-07,1.79467586e+00
4.14928000e-07,1.79467586e+00
4.15028000e-07,1.79467586e+00
4.15128000e-07,1.79467586e+00
4.15228000e-07,1.79467586e+00
4.15328000e-07,1.79467586e+00
4.15428000e-07,1.79467586e+00
4.15528000e-07,1.79467586e+00
4.15628000e-07,1.79467586e+00
4.15728000e-07,1.79467586e+00
4.15828000e-07,1.79467586e+00
4.15928000e-07,1.79467586e+00
4.16028000e-07,1.79467586e+00
4.16128000e-07,1.79467586e+00
4.16228000e-07,1.79467586e+00
4.16328000e-07,1.79467586e+00
4.16428000e-07,1.79467586e+00
4.16528000e-07,1.79467586e+00
4.16628000e-07,1.79467586e+00
4.16728000e-07,1.79467586e+00
4.16828000e-07,1.79467586e+00
4.16928000e-07,1.79467586e+00
4.17028000e-07,1.79467586e+00
4.17128000e-07,1.79467586e+00
4.17228000e-07,1.79467586e+00
4.17328000e-07,1.79467586e+00
4.17428000e-07,1.79467586e+00
4.17528000e-07,1.79467586e+00
4.17628000e-07,1.79467586e+00
4.17728000e-07,1.79467586e+00
4.17828000e-07,1.79467586e+00
4.17928000e-07,1.79467586e+00
4.18028000e-07,1.79467586e+00
4.18128000e-07,1.79467586e+00
4.18228000e-07,1.79467586e+00
4.18328000e-07,1.79467586e+00
4.18428000e-07,1.79467586e+00
4.18528000e-07,1.79467586e+00
4.18628000e-07,1.79467586e+00
4.18728000e-07,1.79467586e+00
4.18828000e-07,1.79467586e+00
4.18928000e-07,1.79467586e+00
4.19028000e-07,1.79467586e+00
4.19128000e-07,1.79467586e+00
4.19228000e-07,1.79467586e+00
4.19328000e-07,1.79467586e+00
4.19428000e-07,1.79467586e+00
4.19528000e-07,1.79467586e+00
4.19628000e-07,1.79467586e+00
4.19728000e-07,1.79467586e+00
4.19828000e-07,1.79467586e+00
4.19928000e-07,1.79467586e+00
4.20028000e-07,1.79467586e+00
4.20128000e-07,1.79467586e+00
4.20228000e-07,1.79467586e+00
4.20328000e-07,1.79467586e+00
4.20428000e-07,1.79467586e+00
4.20528000e-07,1.79467586e+00
4.20628000e-07,1.79467586e+00
4.20728000e-07,1.79467586e+00
4.20828000e-07,1.79467586e+00
4.20928000e-07,1.79467586e+00
4.21028000e-07,1.79467586e+00
4.21128000e-07,1.79467586e+00
4.21228000e-07,1.79467586e+00
4.21328000e-07,1.79467586e+00
4.21428000e-07,1.79467586e+00
4.21528000e-07,1.79467586e+00
4.21628000e-07,1.79467586e+00
4.21728000e-07,1.79467586e+00
4.21828000e-07,1.79467586e+00
4.21928000e-07,1.79467586e+00
4.22028000e-07,1.79467586e+00
4.22128000e-07,1.79467586e+00
4.22228000e-07,1.79467586e+00
4.22328000e-07,1.79467586e+00
4.22428000e-07,1.79467586e+00
4.22528000e-07,1.79467586e+00
4.22628000e-07,1.79467586e+00
4.22728000e-07,1.79467586e+00
4.22828000e-07,1.79467586e+00
4.22928000e-07,1.79467586e+00
4.23028000e-07,1.79467586e+00
4.23128000e-07,1.79467586e+00
4.23228000e-07,1.79467586e+00
4.23328000e-07,1.79467586e+00
4.23428000e-07,1.79467586e+00
4.23528000e-07,1.79467586e+00
4.23628000e-07,1.79467586e+00
4.23728000e-07,1.79467586e+00
4.23828000e-07,1.79467586e+00
4.23928000e-07,1.79467586e+00
4.24028000e-07,1.79467586e+00
4.24128000e-07,1.79467586e+00
4.24228000e-07,1.79467586e+00
4.24328000e-07,1.79467586e+00
4.24428000e-07,1.79467586e+00
4.24528000e-07,1.79467586e+00
4.24628000e-07,1.79467586e+00
4.24728000e-07,1.79467586e+00
4.24828000e-07,1.79467586e+00
4.24928000e-07,1.79467586e+00
4.25028000e-07,1.79467586e+00
4.25128000e-07,1.79467586e+00
4.25228000e-07,1.79467586e+00
4.25328000e-07,1.79467586e+00
4.25428000e-07,1.79467586e+00
4.25528000e-07,1.79467586e+00
4.25628000e-07,1.79467586e+00
4.25728000e-07,1.79467586e+00
4.25828000e-07,1.79467586e+00
4.25928000e-07,1.79467586e+00
4.26028000e-07,1.79467586e+00
4.26128000e-07,1.79467586e+00
4.26228000e-07,1.79467586e+00
4.26328000e-07,1.79467586e+00
4.26428000e-07,1.79467586e+00
4.26528000e-07,1.79467586e+00
4.26628000e-07,1.79467586e+00
4.26728000e-07,1.79467586e+00
4.26828000e-07,1.79467586e+00
4.26928000e-07,1.79467586e+00
4.27028000e-07,1.79467586e+00
4.27128000e-07,1.79467586e+00
4.27228000e-07,1.79467586e+00
4.27328000e-07,1.79467586e+00
4.27428000e-07,1.79467586e+00
4.27528000e-07,1.79467586e+00
4.27628000e-07,1.79467586e+00
4.27728000e-07,1.79467586e+00
4.27828000e-07,1.79467586e+00
4.27928000e-07,1.79467586e+00
4.28028000e-07,1.79467586e+00
4.28128000e-07,1.79467586e+00
4.28228000e-07,1.79467586e+00
4.28328000e-07,1.79467586e+00
4.28428000e-07,1.79467586e+00
4.28528000e-07,1.79467586e+00
4.28628000e-07,1.79467586e+00
4.28728000e-07,1.79467586e+00
4.28828000e-07,1.79467586e+00
4.28928000e-07,1.79467586e+00
4.29028000e-07,1.79467586e+00
4.29128000e-07,1.79467586e+00
4.29228000e-07,1.79467586e+00
4.29328000e-07,1.79467586e+00
4.29428000e-07,1.79467586e+00
4.29528000e-07,1.79467586e+00
4.29628000e-07,1.79467586e+00
4.29728000e-07,1.79467586e+00
4.29828000e-07,1.79467586e+00
4.29928000e-07,1.79467586e+00
4.30028000e-07,1.79467586e+00
4.30128000e-07,1.79467586e+00
4.30228000e-07,1.79467586e+00
4.30328000e-07,1.79467586e+00
4.30428000e-07,1.79467586e+00
4.30528000e-07,1.79467586e+00
4.30628000e-07,1.79467586e+00
4.30728000e-07,1.79467586e+00
4.30828000e-07,1.79467586e+00
4.30928000e-07,1.79467586e+00
4.31028000e-07,1.79467586e+00
4.31128000e-07,1.79467586e+00
4.31228000e-07,1.79467586e+00
4.31328000e-07,1.79467586e+00
4.31428000e-07,1.79467586e+00
4.31528000e-07,1.79467586e+00
4.31628000e-07,1.79467586e+00
4.31728000e-07,1.79467586e+00
4.31828000e-07,1.79467586e+00
4.31928000e-07,1.79467586e+00
4.32028000e-07,1.79467586e+00
4.32128000e-07,1.79467586e+00
4.32228000e-07,1.79467586e+00
4.32328000e-07,1.79467586e+00
4.32428000e-07,1.79467586e+00
4.32528000e-07,1.79467586e+00
4.32628000e-07,1.79467586e+00
4.32728000e-07,1.79467586e+00
4.32828000e-07,1.79467586e+00
4.32928000e-07,1.79467586e+00
4.33028000e-07,1.79467586e+00
4.33128000e-07,1.79467586e+00
4.33228000e-07,1.79467586e+00
4.33328000e-07,1.79467586e+00
4.33428000e-07,1.79467586e+00
4.33528000e-07,1.79467586e+00
4.33628000e-07,1.79467586e+00
4.33728000e-07,1.79467586e+00
4.33828000e-07,1.79467586e+00
4.33928000e-07,1.79467586e+00
4.34028000e-07,1.79467586e+00
4.34128000e-07,1.79467586e+00
4.34228000e-07,1.79467586e+00
4.34328000e-07,1.79467586e+00
4.34428000e-07,1.79467586e+00
4.34528000e-07,1.79467586e+00
4.34628000e-07,1.79467586e+00
4.34728000e-07,1.79467586e+00
4.34828000e-07,1.79467586e+00
4.34928000e-07,1.79467586e+00
4.35028000e-07,1.79467586e+00
4.35128000e-07,1.79467586e+00
4.35228000e-07,1.79467586e+00
4.35328000e-07,1.79467586e+00
4.35428000e-07,1.79467586e+00
4.35528000e-07,1.79467586e+00
4.35628000e-07,1.79467586e+00
4.35728000e-07,1.79467586e+00
4.35828000e-07,1.79467586e+00
4.35928000e-07,1.79467586e+00
4.36028000e-07,1.79467586e+00
4.36128000e-07,1.79467586e+00
4.36228000e-07,1.79467586e+00
4.36328000e-07,1.79467586e+00
4.36428000e-07,1.79467586e+00
4.36528000e-07,1.79467586e+00
4.36628000e-07,1.79467586e+00
4.36728000e-07,1.79467586e+00
4.36828000e-07,1.79467586e+00
4.36928000e-07,1.79467586e+00
4.37028000e-07,1.79467586e+00
4.37128000e-07,1.79467586e+00
4.37228000e-07,1.79467586e+00
4.37328000e-07,1.79467586e+00
4.37428000e-07,1.79467586e+00
4.37528000e-07,1.79467586e+00
4.37628000e-07,1.79467586e+00
4.37728000e-07,1.79467586e+00
4.37828000e-07,1.79467586e+00
4.37928000e-07,1.79467586e+00
4.38028000e-07,1.79467586e+00
4.38128000e-07,1.79467586e+00
4.38228000e-07,1.79467586e+00
4.38328000e-07,1.79467586e+00
4.38428000e-07,1.79467586e+00
4.38528000e-07,1.79467586e+00
4.38628000e-07,1.79467586e+00
4.38728000e-07,1.79467586e+00
4.38828000e-07,1.79467586e+00
4.38928000e-07,1.79467586e+00
4.39028000e-07,1.79467586e+00
4.39128000e-07,1.79467586e+00
4.39228000e-07,1.79467586e+00
4.39328000e-07,1.79467586e+00
4.39428000e-07,1.79467586e+00
4.39528000e-07,1.79467586e+00
4.39628000e-07,1.79467586e+00
4.39728000e-07,1.79467586e+00
4.39828000e-07,1.79467586e+00
4.39928000e-07,1.79467586e+00
4.40028000e-07,1.79467586e+00
4.40128000e-07,1.79467586e+00
4.40228000e-07,1.79467586e+00
4.40328000e-07,1.79467586e+00
4.40428000e-07,1.79467586e+00
4.40528000e-07,1.79467586e+00
4.40628000e-07,1.79467586e+00
4.40728000e-07,1.79467586e+00
4.40828000e-07,1.79467586e+00
4.40928000e-07,1.79467586e+00
4.41028000e-07,1.79467586e+00
4.41128000e-07,1.79467586e+00
4.41228000e-07,1.79467586e+00
4.41328000e-07,1.79467586e+00
4.41428000e-07,1.79467586e+00
4.41528000e-07,1.79467586e+00
4.41628000e-07,1.79467586e+00
4.41728000e-07,1.79467586e+00
4.41828000e-07,1.79467586e+00
4.41928000e-07,1.79467586e+00
4.42028000e-07,1.79467586e+00
4.42128000e-07,1.79467586e+00
4.42228000e-07,1.79467586e+00
4.42328000e-07,1.79467586e+00
4.42428000e-07,1.79467586e+00
4.42528000e-07,1.79467586e+00
4.42628000e-07,1.79467586e+00
4.42728000e-07,1.79467586e+00
4.42828000e-07,1.79467586e+00
4.42928000e-07,1.79467586e+00
4.43028000e-07,1.79467586e+00
4.43128000e-07,1.79467586e+00
4.43228000e-07,1.79467586e+00
4.43328000e-07,1.79467586e+00
4.43428000e-07,1.79467586e+00
4.43528000e-07,1.79467586e+00
4.43628000e-07,1.79467586e+00
4.43728000e-07,1.79467586e+00
4.43828000e-07,1.79467586e+00
4.43928000e-07,1.79467586e+00
4.44028000e-07,1.79467586e+00
4.44128000e-07,1.79467586e+00
4.44228000e-07,1.79467586e+00
4.44328000e-07,1.79467586e+00
4.44428000e-07,1.79467586e+00
4.44528000e-07,1.79467586e+00
4.44628000e-07,1.79467586e+00
4.44728000e-07,1.79467586e+00
4.44828000e-07,1.79467586e+00
4.44928000e-07,1.79467586e+00
4.45028000e-07,1.79467586e+00
4.45128000e-07,1.79467586e+00
4.45228000e-07,1.79467586e+00
4.45328000e-07,1.79467586e+00
4.45428000e-07,1.79467586e+00
4.45528000e-07,1.79467586e+00
4.45628000e-07,1.79467586e+00
4.45728000e-07,1.79467586e+00
4.45828000e-07,1.79467586e+00
4.45928000e-07,1.79467586e+00
4.46028000e-07,1.79467586e+00
4.46128000e-07,1.79467586e+00
4.46228000e-07,1.79467586e+00
4.46328000e-07,1.79467586e+00
4.46428000e-07,1.79467586e+00
4.46528000e-07,1.79467586e+00
4.46628000e-07,1.79467586e+00
4.46728000e-07,1.79467586e+00
4.46828000e-07,1.79467586e+00
4.46928000e-07,1.79467586e+00
4.47028000e-07,1.79467586e+00
4.47128000e-07,1.79467586e+00
4.47228000e-07,1.79467586e+00
4.47328000e-07,1.79467586e+00
4.47428000e-07,1.79467586e+00
4.47528000e-07,1.79467586e+00
4.47628000e-07,1.79467586e+00
4.47728000e-07,1.79467586e+00
4.47828000e-07,1.79467586e+00
4.47928000e-07,1.79467586e+00
4.48028000e-07,1.79467586e+00
4.48128000e-07,1.79467586e+00
4.48228000e-07,1.79467586e+00
4.48328000e-07,1.79467586e+00
4.48428000e-07,1.79467586e+00
4.48528000e-07,1.79467586e+00
4.48628000e-07,1.79467586e+00
4.48728000e-07,1.79467586e+00
4.48828000e-07,1.79467586e+00
4.48928000e-07,1.79467586e+00
4.49028000e-07,1.79467586e+00
4.49128000e-07,1.79467586e+00
4.49228000e-07,1.79467586e+00
4.49328000e-07,1.79467586e+00
4.49428000e-07,1.79467586e+00
4.49528000e-07,1.79467586e+00
4.49628000e-07,1.79467586e+00
4.49728000e-07,1.79467586e+00
4.49828000e-07,1.79467586e+00
4.49928000e-07,1.79467586e+00
4.50028000e-07,1.79467586e+00
4.50128000e-07,1.79467586e+00
4.50228000e-07,1.79467586e+00
4.50328000e-07,1.79467586e+00
4.50428000e-07,1.79467586e+00
4.50528000e-07,1.79467586e+00
4.50628000e-07,1.79467586e+00
4.50728000e-07,1.79467586e+00
4.50828000e-07,1.79467586e+00
4.50928000e-07,1.79467586e+00
4.51028000e-07,1.79467586e+00
4.51128000e-07,1.79467586e+00
4.51228000e-07,1.79467586e+00
4.51328000e-07,1.79467586e+00
4.51428000e-07,1.79467586e+00
4.51528000e-07,1.79467586e+00
4.51628000e-07,1.79467586e+00
4.51728000e-07,1.79467586e+00
4.51828000e-07,1.79467586e+00
4.51928000e-07,1.79467586e+00
4.52028000e-07,1.79467586e+00
4.52128000e-07,1.79467586e+00
4.52228000e-07,1.79467586e+00
4.52328000e-07,1.79467586e+00
4.52428000e-07,1.79467586e+00
4.52528000e-07,1.79467586e+00
4.52628000e-07,1.79467586e+00
4.52728000e-07,1.79467586e+00
4.52828000e-07,1.79467586e+00
4.52928000e-07,1.79467586e+00
4.53028000e-07,1.79467586e+00
4.53128000e-07,1.79467586e+00
4.53228000e-07,1.79467586e+00
4.53328000e-07,1.79467586e+00
4.53428000e-07,1.79467586e+00
4.53528000e-07,1.79467586e+00
4.53628000e-07,1.79467586e+00
4.53728000e-07,1.79467586e+00
4.53828000e-07,1.79467586e+00
4.53928000e-07,1.79467586e+00
4.54028000e-07,1.79467586e+00
4.54128000e-07,1.79467586e+00
4.54228000e-07,1.79467586e+00
4.54328000e-07,1.79467586e+00
4.54428000e-07,1.79467586e+00
4.54528000e-07,1.79467586e+00
4.54628000e-07,1.79467586e+00
4.54728000e-07,1.79467586e+00
4.54828000e-07,1.79467586e+00
4.54928000e-07,1.79467586e+00
4.55028000e-07,1.79467586e+00
4.55128000e-07,1.79467586e+00
4.55228000e-07,1.79467586e+00
4.55328000e-07,1.79467586e+00
4.55428000e-07,1.79467586e+00
4.55528000e-07,1.79467586e+00
4.55628000e-07,1.79467586e+00
4.55728000e-07,1.79467586e+00
4.55828000e-07,1.79467586e+00
4.55928000e-07,1.79467586e+00
4.56028000e-07,1.79467586e+00
4.56128000e-07,1.79467586e+00
4.56228000e-07,1.79467586e+00
4.56328000e-07,1.79467586e+00
4.56428000e-07,1.79467586e+00
4.56528000e-07,1.79467586e+00
4.56628000e-07,1.79467586e+00
4.56728000e-07,1.79467586e+00
4.56828000e-07,1.79467586e+00
4.56928000e-07,1.79467586e+00
4.57028000e-07,1.79467586e+00
4.57128000e-07,1.79467586e+00
4.57228000e-07,1.79467586e+00
4.57328000e-07,1.79467586e+00
4.57428000e-07,1.79467586e+00
4.57528000e-07,1.79467586e+00
4.57628000e-07,1.79467586e+00
4.57728000e-07,1.79467586e+00
4.57828000e-07,1.79467586e+00
4.57928000e-07,1.79467586e+00
4.58028000e-07,1.79467586e+00
4.58128000e-07,1.79467586e+00
4.58228000e-07,1.79467586e+00
4.58328000e-07,1.79467586e+00
4.58428000e-07,1.79467586e+00
4.58528000e-07,1.79467586e+00
4.58628000e-07,1.79467586e+00
4.58728000e-07,1.79467586e+00
4.58828000e-07,1.79467586e+00
4.58928000e-07,1.79467586e+00
4.59028000e-07,1.79467586e+00
4.59128000e-07,1.79467586e+00
4.59228000e-07,1.79467586e+00
4.59328000e-07,1.79467586e+00
4.59428000e-07,1.79467586e+00
4.59528000e-07,1.79467586e+00
4.59628000e-07,1.79467586e+00
4.59728000e-07,1.79467586e+00
4.59828000e-07,1.79467586e+00
4.59928000e-07,1.79467586e+00
4.60028000e-07,1.79467586e+00
4.60128000e-07,1.79467586e+00
4.60228000e-07,1.79467586e+00
4.60328000e-07,1.79467586e+00
4.60428000e-07,1.79467586e+00
4.60528000e-07,1.79467586e+00
4.60628000e-07,1.79467586e+00
4.60728000e-07,1.79467586e+00
4.60828000e-07,1.79467586e+00
4.60928000e-07,1.79467586e+00
4.61028000e-07,1.79467586e+00
4.61128000e-07,1.79467586e+00
4.61228000e-07,1.79467586e+00
4.61328000e-07,1.79467586e+00
4.61428000e-07,1.79467586e+00
4.61528000e-07,1.79467586e+00
4.61628000e-07,1.79467586e+00
4.61728000e-07,1.79467586e+00
4.61828000e-07,1.79467586e+00
4.61928000e-07,1.79467586e+00
4.62028000e-07,1.79467586e+00
4.62128000e-07,1.79467586e+00
4.62228000e-07,1.79467586e+00
4.62328000e-07,1.79467586e+00
4.62428000e-07,1.79467586e+00
4.62528000e-07,1.79467586e+00
4.62628000e-07,1.79467586e+00
4.62728000e-07,1.79467586e+00
4.62828000e-07,1.79467586e+00
4.62928000e-07,1.79467586e+00
4.63028000e-07,1.79467586e+00
4.63128000e-07,1.79467586e+00
4.63228000e-07,1.79467586e+00
4.63328000e-07,1.79467586e+00
4.63428000e-07,1.79467586e+00
4.63528000e-07,1.79467586e+00
4.63628000e-07,1.79467586e+00
4.63728000e-07,1.79467586e+00
4.63828000e-07,1.79467586e+00
4.63928000e-07,1.79467586e+00
4.64028000e-07,1.79467586e+00
4.64128000e-07,1.79467586e+00
4.64228000e-07,1.79467586e+00
4.64328000e-07,1.79467586e+00
4.64428000e-07,1.79467586e+00
4.64528000e-07,1.79467586e+00
4.64628000e-07,1.79467586e+00
4.64728000e-07,1.79467586e+00
4.64828000e-07,1.79467586e+00
4.64928000e-07,1.79467586e+00
4.65028000e-07,1.79467586e+00
4.65128000e-07,1.79467586e+00
4.65228000e-07,1.79467586e+00
4.65328000e-07,1.79467586e+00
4.65428000e-07,1.79467586e+00
4.65528000e-07,1.79467586e+00
4.65628000e-07,1.79467586e+00
4.65728000e-07,1.79467586e+00
4.65828000e-07,1.79467586e+00
4.65928000e-07,1.79467586e+00
4.66028000e-07,1.79467586e+00
4.66128000e-07,1.79467586e+00
4.66228000e-07,1.79467586e+00
4.66328000e-07,1.79467586e+00
4.66428000e-07,1.79467586e+00
4.66528000e-07,1.79467586e+00
4.66628000e-07,1.79467586e+00
4.66728000e-07,1.79467586e+00
4.66828000e-07,1.79467586e+00
4.66928000e-07,1.79467586e+00
4.67028000e-07,1.79467586e+00
4.67128000e-07,1.79467586e+00
4.67228000e-07,1.79467586e+00
4.67328000e-07,1.79467586e+00
4.67428000e-07,1.79467586e+00
4.67528000e-07,1.79467586e+00
4.67628000e-07,1.79467586e+00
4.67728000e-07,1.79467586e+00
4.67828000e-07,1.79467586e+00
4.67928000e-07,1.79467586e+00
4.68028000e-07,1.79467586e+00
4.68128000e-07,1.79467586e+00
4.68228000e-07,1.79467586e+00
4.68328000e-07,1.79467586e+00
4.68428000e-07,1.79467586e+00
4.68528000e-07,1.79467586e+00
4.68628000e-07,1.79467586e+00
4.68728000e-07,1.79467586e+00
4.68828000e-07,1.79467586e+00
4.68928000e-07,1.79467586e+00
4.69028000e-07,1.79467586e+00
4.69128000e-07,1.79467586e+00
4.69228000e-07,1.79467586e+00
4.69328000e-07,1.79467586e+00
4.69428000e-07,1.79467586e+00
4.69528000e-07,1.79467586e+00
4.69628000e-07,1.79467586e+00
4.69728000e-07,1.79467586e+00
4.69828000e-07,1.79467586e+00
4.69928000e-07,1.79467586e+00
4.70028000e-07,1.79467586e+00
4.70128000e-07,1.79467586e+00
4.70228000e-07,1.79467586e+00
4.70328000e-07,1.79467586e+00
4.70428000e-07,1.79467586e+00
4.70528000e-07,1.79467586e+00
4.70628000e-07,1.79467586e+00
4.70728000e-07,1.79467586e+00
4.70828000e-07,1.79467586e+00
4.70928000e-07,1.79467586e+00
4.71028000e-07,1.79467586e+00
4.71128000e-07,1.79467586e+00
4.71228000e-07,1.79467586e+00
4.71328000e-07,1.79467586e+00
4.71428000e-07,1.79467586e+00
4.71528000e-07,1.79467586e+00
4.71628000e-07,1.79467586e+00
4.71728000e-07,1.79467586e+00
4.71828000e-07,1.79467586e+00
4.71928000e-07,1.79467586e+00
4.72028000e-07,1.79467586e+00
4.72128000e-07,1.79467586e+00
4.72228000e-07,1.79467586e+00
4.72328000e-07,1.79467586e+00
4.72428000e-07,1.79467586e+00
4.72528000e-07,1.79467586e+00
4.72628000e-07,1.79467586e+00
4.72728000e-07,1.79467586e+00
4.72828000e-07,1.79467586e+00
4.72928000e-07,1.79467586e+00
4.73028000e-07,1.79467586e+00
4.73128000e-07,1.79467586e+00
4.73228000e-07,1.79467586e+00
4.73328000e-07,1.79467586e+00
4.73428000e-07,1.79467586e+00
4.73528000e-07,1.79467586e+00
4.73628000e-07,1.79467586e+00
4.73728000e-07,1.79467586e+00
4.73828000e-07,1.79467586e+00
4.73928000e-07,1.79467586e+00
4.74028000e-07,1.79467586e+00
4.74128000e-07,1.79467586e+00
4.74228000e-07,1.79467586e+00
4.74328000e-07,1.79467586e+00
4.74428000e-07,1.79467586e+00
4.74528000e-07,1.79467586e+00
4.74628000e-07,1.79467586e+00
4.74728000e-07,1.79467586e+00
4.74828000e-07,1.79467586e+00
4.74928000e-07,1.79467586e+00
4.75028000e-07,1.79467586e+00
4.75128000e-07,1.79467586e+00
4.75228000e-07,1.79467586e+00
4.75328000e-07,1.79467586e+00
4.75428000e-07,1.79467586e+00
4.75528000e-07,1.79467586e+00
4.75628000e-07,1.79467586e+00
4.75728000e-07,1.79467586e+00
4.75828000e-07,1.79467586e+00
4.75928000e-07,1.79467586e+00
4.76028000e-07,1.79467586e+00
4.76128000e-07,1.79467586e+00
4.76228000e-07,1.79467586e+00
4.76328000e-07,1.79467586e+00
4.76428000e-07,1.79467586e+00
4.76528000e-07,1.79467586e+00
4.76628000e-07,1.79467586e+00
4.76728000e-07,1.79467586e+00
4.76828000e-07,1.79467586e+00
4.76928000e-07,1.79467586e+00
4.77028000e-07,1.79467586e+00
4.77128000e-07,1.79467586e+00
4.77228000e-07,1.79467586e+00
4.77328000e-07,1.79467586e+00
4.77428000e-07,1.79467586e+00
4.77528000e-07,1.79467586e+00
4.77628000e-07,1.79467586e+00
4.77728000e-07,1.79467586e+00
4.77828000e-07,1.79467586e+00
4.77928000e-07,1.79467586e+00
4.78028000e-07,1.79467586e+00
4.78128000e-07,1.79467586e+00
4.78228000e-07,1.79467586e+00
4.78328000e-07,1.79467586e+00
4.78428000e-07,1.79467586e+00
4.78528000e-07,1.79467586e+00
4.78628000e-07,1.79467586e+00
4.78728000e-07,1.79467586e+00
4.78828000e-07,1.79467586e+00
4.78928000e-07,1.79467586e+00
4.79028000e-07,1.79467586e+00
4.79128000e-07,1.79467586e+00
4.79228000e-07,1.79467586e+00
4.79328000e-07,1.79467586e+00
4.79428000e-07,1.79467586e+00
4.79528000e-07,1.79467586e+00
4.79628000e-07,1.79467586e+00
4.79728000e-07,1.79467586e+00
4.79828000e-07,1.79467586e+00
4.79928000e-07,1.79467586e+00
4.80028000e-07,1.79467586e+00
4.80128000e-07,1.79467586e+00
4.80228000e-07,1.79467586e+00
4.80328000e-07,1.79467586e+00
4.80428000e-07,1.79467586e+00
4.80528000e-07,1.79467586e+00
4.80628000e-07,1.79467586e+00
4.80728000e-07,1.79467586e+00
4.80828000e-07,1.79467586e+00
4.80928000e-07,1.79467586e+00
4.81028000e-07,1.79467586e+00
4.81128000e-07,1.79467586e+00
4.81228000e-07,1.79467586e+00
4.81328000e-07,1.79467586e+00
4.81428000e-07,1.79467586e+00
4.81528000e-07,1.79467586e+00
4.81628000e-07,1.79467586e+00
4.81728000e-07,1.79467586e+00
4.81828000e-07,1.79467586e+00
4.81928000e-07,1.79467586e+00
4.82028000e-07,1.79467587e+00
4.82128000e-07,1.79467587e+00
4.82228000e-07,1.79467587e+00
4.82328000e-07,1.79467587e+00
4.82428000e-07,1.79467587e+00
4.82528000e-07,1.79467587e+00
4.82628000e-07,1.79467587e+00
4.82728000e-07,1.79467587e+00
4.82828000e-07,1.79467587e+00
4.82928000e-07,1.79467587e+00
4.83028000e-07,1.79467587e+00
4.83128000e-07,1.79467587e+00
4.83228000e-07,1.79467587e+00
4.83328000e-07,1.79467587e+00
4.83428000e-07,1.79467587e+00
4.83528000e-07,1.79467587e+00
4.83628000e-07,1.79467587e+00
4.83728000e-07,1.79467587e+00
4.83828000e-07,1.79467587e+00
4.83928000e-07,1.79467587e+00
4.84028000e-07,1.79467587e+00
4.84128000e-07,1.79467587e+00
4.84228000e-07,1.79467587e+00
4.84328000e-07,1.79467587e+00
4.84428000e-07,1.79467587e+00
4.84528000e-07,1.79467587e+00
4.84628000e-07,1.79467587e+00
4.84728000e-07,1.79467587e+00
4.84828000e-07,1.79467587e+00
4.84928000e-07,1.79467587e+00
4.85028000e-07,1.79467587e+00
4.85128000e-07,1.79467587e+00
4.85228000e-07,1.79467587e+00
4.85328000e-07,1.79467587e+00
4.85428000e-07,1.79467587e+00
4.85528000e-07,1.79467587e+00
4.85628000e-07,1.79467587e+00
4.85728000e-07,1.79467587e+00
4.85828000e-07,1.79467587e+00
4.85928000e-07,1.79467587e+00
4.86028000e-07,1.79467587e+00
4.86128000e-07,1.79467587e+00
4.86228000e-07,1.79467587e+00
4.86328000e-07,1.79467587e+00
4.86428000e-07,1.79467587e+00
4.86528000e-07,1.79467587e+00
4.86628000e-07,1.79467587e+00
4.86728000e-07,1.79467587e+00
4.86828000e-07,1.79467587e+00
4.86928000e-07,1.79467587e+00
4.87028000e-07,1.79467587e+00
4.87128000e-07,1.79467587e+00
4.87228000e-07,1.79467587e+00
4.87328000e-07,1.79467587e+00
4.87428000e-07,1.79467587e+00
4.87528000e-07,1.79467587e+00
4.87628000e-07,1.79467587e+00
4.87728000e-07,1.79467587e+00
4.87828000e-07,1.79467587e+00
4.87928000e-07,1.79467587e+00
4.88028000e-07,1.79467587e+00
4.88128000e-07,1.79467587e+00
4.88228000e-07,1.79467587e+00
4.88328000e-07,1.79467587e+00
4.88428000e-07,1.79467587e+00
4.88528000e-07,1.79467587e+00
4.88628000e-07,1.79467587e+00
4.88728000e-07,1.79467587e+00
4.88828000e-07,1.79467587e+00
4.88928000e-07,1.79467587e+00
4.89028000e-07,1.79467587e+00
4.89128000e-07,1.79467587e+00
4.89228000e-07,1.79467587e+00
4.89328000e-07,1.79467587e+00
4.89428000e-07,1.79467587e+00
4.89528000e-07,1.79467587e+00
4.89628000e-07,1.79467587e+00
4.89728000e-07,1.79467587e+00
4.89828000e-07,1.79467587e+00
4.89928000e-07,1.79467587e+00
4.90028000e-07,1.79467587e+00
4.90128000e-07,1.79467587e+00
4.90228000e-07,1.79467587e+00
4.90328000e-07,1.79467587e+00
4.90428000e-07,1.79467587e+00
4.90528000e-07,1.79467587e+00
4.90628000e-07,1.79467587e+00
4.90728000e-07,1.79467587e+00
4.90828000e-07,1.79467587e+00
4.90928000e-07,1.79467587e+00
4.91028000e-07,1.79467587e+00
4.91128000e-07,1.79467587e+00
4.91228000e-07,1.79467587e+00
4.91328000e-07,1.79467587e+00
4.91428000e-07,1.79467587e+00
4.91528000e-07,1.79467587e+00
4.91628000e-07,1.79467587e+00
4.91728000e-07,1.79467587e+00
4.91828000e-07,1.79467587e+00
4.91928000e-07,1.79467587e+00
4.92028000e-07,1.79467587e+00
4.92128000e-07,1.79467587e+00
4.92228000e-07,1.79467587e+00
4.92328000e-07,1.79467587e+00
4.92428000e-07,1.79467587e+00
4.92528000e-07,1.79467587e+00
4.92628000e-07,1.79467587e+00
4.92728000e-07,1.79467587e+00
4.92828000e-07,1.79467587e+00
4.92928000e-07,1.79467587e+00
4.93028000e-07,1.79467587e+00
4.93128000e-07,1.79467587e+00
4.93228000e-07,1.79467587e+00
4.93328000e-07,1.79467587e+00
4.93428000e-07,1.79467587e+00
4.93528000e-07,1.79467587e+00
4.93628000e-07,1.79467587e+00
4.93728000e-07,1.79467587e+00
4.93828000e-07,1.79467587e+00
4.93928000e-07,1.79467587e+00
4.94028000e-07,1.79467587e+00
4.94128000e-07,1.79467587e+00
4.94228000e-07,1.79467587e+00
4.94328000e-07,1.79467587e+00
4.94428000e-07,1.79467587e+00
4.94528000e-07,1.79467587e+00
4.94628000e-07,1.79467587e+00
4.94728000e-07,1.79467587e+00
4.94828000e-07,1.79467587e+00
4.94928000e-07,1.79467587e+00
4.95028000e-07,1.79467587e+00
4.95128000e-07,1.79467587e+00
4.95228000e-07,1.79467587e+00
4.95328000e-07,1.79467587e+00
4.95428000e-07,1.79467587e+00
4.95528000e-07,1.79467587e+00
4.95628000e-07,1.79467587e+00
4.95728000e-07,1.79467587e+00
4.95828000e-07,1.79467587e+00
4.95928000e-07,1.79467587e+00
4.96028000e-07,1.79467587e+00
4.96128000e-07,1.79467587e+00
4.96228000e-07,1.79467587e+00
4.96328000e-07,1.79467587e+00
4.96428000e-07,1.79467587e+00
4.96528000e-07,1.79467587e+00
4.96628000e-07,1.79467587e+00
4.96728000e-07,1.79467587e+00
4.96828000e-07,1.79467587e+00
4.96928000e-07,1.79467587e+00
4.97028000e-07,1.79467587e+00
4.97128000e-07,1.79467587e+00
4.97228000e-07,1.79467587e+00
4.97328000e-07,1.79467587e+00
4.97428000e-07,1.79467587e+00
4.97528000e-07,1.79467587e+00
4.97628000e-07,1.79467587e+00
4.97728000e-07,1.79467587e+00
4.97828000e-07,1.79467587e+00
4.97928000e-07,1.79467587e+00
4.98028000e-07,1.79467587e+00
4.98128000e-07,1.79467587e+00
4.98228000e-07,1.79467587e+00
4.98328000e-07,1.79467587e+00
4.98428000e-07,1.79467587e+00
4.98528000e-07,1.79467587e+00
4.98628000e-07,1.79467587e+00
4.98728000e-07,1.79467587e+00
4.98828000e-07,1.79467587e+00
4.98928000e-07,1.79467587e+00
4.99028000e-07,1.79467587e+00
4.99128000e-07,1.79467587e+00
4.99228000e-07,1.79467587e+00
4.99328000e-07,1.79467587e+00
4.99428000e-07,1.79467587e+00
4.99528000e-07,1.79467587e+00
4.99628000e-07,1.79467587e+00
4.99728000e-07,1.79467587e+00
4.99828000e-07,1.79467587e+00
4.99928000e-07,1.79467587e+00
5.00028000e-07,1.79467587e+00
5.00128000e-07,1.79467587e+00
5.00228000e-07,1.79467587e+00
5.00328000e-07,1.79467587e+00
5.00428000e-07,1.79467587e+00
5.00528000e-07,1.79467587e+00
5.00628000e-07,1.79467587e+00
5.00728000e-07,1.79467587e+00
5.00828000e-07,1.79467587e+00
5.00928000e-07,1.79467587e+00
5.01028000e-07,1.79467587e+00
5.01128000e-07,1.79467587e+00
5.01228000e-07,1.79467587e+00
5.01328000e-07,1.79467587e+00
5.01428000e-07,1.79467587e+00
5.01528000e-07,1.79467587e+00
5.01628000e-07,1.79467587e+00
5.01728000e-07,1.79467587e+00
5.01828000e-07,1.79467587e+00
5.01928000e-07,1.79467587e+00
5.02028000e-07,1.79467587e+00
5.02128000e-07,1.79467587e+00
5.02228000e-07,1.79467587e+00
5.02328000e-07,1.79467587e+00
5.02428000e-07,1.79467587e+00
5.02528000e-07,1.79467587e+00
5.02628000e-07,1.79467587e+00
5.02728000e-07,1.79467587e+00
5.02828000e-07,1.79467587e+00
5.02928000e-07,1.79467587e+00
5.03028000e-07,1.79467587e+00
5.03128000e-07,1.79467587e+00
5.03228000e-07,1.79467587e+00
5.03328000e-07,1.79467587e+00
5.03428000e-07,1.79467587e+00
5.03528000e-07,1.79467587e+00
5.03628000e-07,1.79467587e+00
5.03728000e-07,1.79467587e+00
5.03828000e-07,1.79467587e+00
5.03928000e-07,1.79467587e+00
5.04028000e-07,1.79467587e+00
5.04128000e-07,1.79467587e+00
5.04228000e-07,1.79467587e+00
5.04328000e-07,1.79467587e+00
5.04428000e-07,1.79467587e+00
5.04528000e-07,1.79467587e+00
5.04628000e-07,1.79467587e+00
5.04728000e-07,1.79467587e+00
5.04828000e-07,1.79467587e+00
5.04928000e-07,1.79467587e+00
5.05028000e-07,1.79467587e+00
5.05128000e-07,1.79467587e+00
5.05228000e-07,1.79467587e+00
5.05328000e-07,1.79467587e+00
5.05428000e-07,1.79467587e+00
5.05528000e-07,1.79467587e+00
5.05628000e-07,1.79467587e+00
5.05728000e-07,1.79467587e+00
5.05828000e-07,1.79467587e+00
5.05928000e-07,1.79467587e+00
5.06028000e-07,1.79467587e+00
5.06128000e-07,1.79467587e+00
5.06228000e-07,1.79467587e+00
5.06328000e-07,1.79467587e+00
5.06428000e-07,1.79467587e+00
5.06528000e-07,1.79467587e+00
5.06628000e-07,1.79467587e+00
5.06728000e-07,1.79467587e+00
5.06828000e-07,1.79467587e+00
5.06928000e-07,1.79467587e+00
5.07028000e-07,1.79467587e+00
5.07128000e-07,1.79467587e+00
5.07228000e-07,1.79467587e+00
5.07328000e-07,1.79467587e+00
5.07428000e-07,1.79467587e+00
5.07528000e-07,1.79467587e+00
5.07628000e-07,1.79467587e+00
5.07728000e-07,1.79467587e+00
5.07828000e-07,1.79467587e+00
5.07928000e-07,1.79467587e+00
5.08028000e-07,1.79467587e+00
5.08128000e-07,1.79467588e+00
5.08228000e-07,1.79467588e+00
5.08328000e-07,1.79467588e+00
5.08428000e-07,1.79467588e+00
5.08528000e-07,1.79467588e+00
5.08628000e-07,1.79467588e+00
5.08728000e-07,1.79467588e+00
5.08828000e-07,1.79467588e+00
5.08928000e-07,1.79467588e+00
5.09028000e-07,1.79467588e+00
5.09128000e-07,1.79467588e+00
5.09228000e-07,1.79467588e+00
5.09328000e-07,1.79467588e+00
5.09428000e-07,1.79467588e+00
5.09528000e-07,1.79467588e+00
5.09628000e-07,1.79467588e+00
5.09728000e-07,1.79467588e+00
5.09828000e-07,1.79467588e+00
5.09928000e-07,1.79467588e+00
5.10028000e-07,1.79467588e+00
5.10128000e-07,1.79467588e+00
5.10228000e-07,1.79467588e+00
5.10328000e-07,1.79467588e+00
5.10428000e-07,1.79467588e+00
5.10528000e-07,1.79467588e+00
5.10628000e-07,1.79467588e+00
5.10728000e-07,1.79467588e+00
5.10828000e-07,1.79467588e+00
5.10928000e-07,1.79467588e+00
5.11028000e-07,1.79467588e+00
5.11128000e-07,1.79467588e+00
5.11228000e-07,1.79467588e+00
5.11328000e-07,1.79467588e+00
5.11428000e-07,1.79467588e+00
5.11528000e-07,1.79467588e+00
5.11628000e-07,1.79467588e+00
5.11728000e-07,1.79467588e+00
5.11828000e-07,1.79467588e+00
5.11928000e-07,1.79467588e+00
5.12028000e-07,1.79467588e+00
5.12128000e-07,1.79467588e+00
5.12228000e-07,1.79467588e+00
5.12328000e-07,1.79467588e+00
5.12428000e-07,1.79467588e+00
5.12528000e-07,1.79467588e+00
5.12628000e-07,1.79467588e+00
5.12728000e-07,1.79467588e+00
5.12828000e-07,1.79467588e+00
5.12928000e-07,1.79467588e+00
5.13028000e-07,1.79467588e+00
5.13128000e-07,1.79467588e+00
5.13228000e-07,1.79467588e+00
5.13328000e-07,1.79467588e+00
5.13428000e-07,1.79467588e+00
5.13528000e-07,1.79467588e+00
5.13628000e-07,1.79467588e+00
5.13728000e-07,1.79467588e+00
5.13828000e-07,1.79467588e+00
5.13928000e-07,1.79467588e+00
5.14028000e-07,1.79467588e+00
5.14128000e-07,1.79467588e+00
5.14228000e-07,1.79467588e+00
5.14328000e-07,1.79467588e+00
5.14428000e-07,1.79467588e+00
5.14528000e-07,1.79467588e+00
5.14628000e-07,1.79467588e+00
5.14728000e-07,1.79467588e+00
5.14828000e-07,1.79467588e+00
5.14928000e-07,1.79467588e+00
5.15028000e-07,1.79467588e+00
5.15128000e-07,1.79467588e+00
5.15228000e-07,1.79467588e+00
5.15328000e-07,1.79467588e+00
5.15428000e-07,1.79467588e+00
5.15528000e-07,1.79467588e+00
5.15628000e-07,1.79467588e+00
5.15728000e-07,1.79467588e+00
5.15828000e-07,1.79467588e+00
5.15928000e-07,1.79467588e+00
5.16028000e-07,1.79467588e+00
5.16128000e-07,1.79467588e+00
5.16228000e-07,1.79467588e+00
5.16328000e-07,1.79467588e+00
5.16428000e-07,1.79467588e+00
5.16528000e-07,1.79467588e+00
5.16628000e-07,1.79467588e+00
5.16728000e-07,1.79467588e+00
5.16828000e-07,1.79467588e+00
5.16928000e-07,1.79467588e+00
5.17028000e-07,1.79467588e+00
5.17128000e-07,1.79467588e+00
5.17228000e-07,1.79467588e+00
5.17328000e-07,1.79467588e+00
5.17428000e-07,1.79467588e+00
5.17528000e-07,1.79467588e+00
5.17628000e-07,1.79467588e+00
5.17728000e-07,1.79467588e+00
5.17828000e-07,1.79467588e+00
5.17928000e-07,1.79467588e+00
5.18028000e-07,1.79467588e+00
5.18128000e-07,1.79467588e+00
5.18228000e-07,1.79467588e+00
5.18328000e-07,1.79467588e+00
5.18428000e-07,1.79467588e+00
5.18528000e-07,1.79467588e+00
5.18628000e-07,1.79467588e+00
5.18728000e-07,1.79467588e+00
5.18828000e-07,1.79467588e+00
5.18928000e-07,1.79467588e+00
5.19028000e-07,1.79467588e+00
5.19128000e-07,1.79467588e+00
5.19228000e-07,1.79467588e+00
5.19328000e-07,1.79467588e+00
5.19428000e-07,1.79467588e+00
5.19528000e-07,1.79467588e+00
5.19628000e-07,1.79467588e+00
5.19728000e-07,1.79467588e+00
5.19828000e-07,1.79467588e+00
5.19928000e-07,1.79467588e+00
5.20028000e-07,1.79467588e+00
5.20128000e-07,1.79467588e+00
5.20228000e-07,1.79467588e+00
5.20328000e-07,1.79467588e+00
5.20428000e-07,1.79467588e+00
5.20528000e-07,1.79467588e+00
5.20628000e-07,1.79467588e+00
5.20728000e-07,1.79467588e+00
5.20828000e-07,1.79467588e+00
5.20928000e-07,1.79467588e+00
5.21028000e-07,1.79467588e+00
5.21128000e-07,1.79467588e+00
5.21228000e-07,1.79467588e+00
5.21328000e-07,1.79467588e+00
5.21428000e-07,1.79467588e+00
5.21528000e-07,1.79467588e+00
5.21628000e-07,1.79467588e+00
5.21728000e-07,1.79467588e+00
5.21828000e-07,1.79467588e+00
5.21928000e-07,1.79467588e+00
5.22028000e-07,1.79467588e+00
5.22128000e-07,1.79467588e+00
5.22228000e-07,1.79467588e+00
5.22328000e-07,1.79467588e+00
5.22428000e-07,1.79467588e+00
5.22528000e-07,1.79467588e+00
5.22628000e-07,1.79467588e+00
5.22728000e-07,1.79467588e+00
5.22828000e-07,1.79467588e+00
5.22928000e-07,1.79467588e+00
5.23028000e-07,1.79467588e+00
5.23128000e-07,1.79467588e+00
5.23228000e-07,1.79467588e+00
5.23328000e-07,1.79467588e+00
5.23428000e-07,1.79467588e+00
5.23528000e-07,1.79467588e+00
5.23628000e-07,1.79467588e+00
5.23728000e-07,1.79467588e+00
5.23828000e-07,1.79467588e+00
5.23928000e-07,1.79467588e+00
5.24028000e-07,1.79467588e+00
5.24128000e-07,1.79467588e+00
5.24228000e-07,1.79467588e+00
5.24328000e-07,1.79467588e+00
5.24428000e-07,1.79467588e+00
5.24528000e-07,1.79467588e+00
5.24628000e-07,1.79467588e+00
5.24728000e-07,1.79467588e+00
5.24828000e-07,1.79467588e+00
5.24928000e-07,1.79467588e+00
5.25028000e-07,1.79467588e+00
5.25128000e-07,1.79467588e+00
5.25228000e-07,1.79467588e+00
5.25328000e-07,1.79467588e+00
5.25428000e-07,1.79467588e+00
5.25528000e-07,1.79467588e+00
5.25628000e-07,1.79467588e+00
5.25728000e-07,1.79467588e+00
5.25828000e-07,1.79467588e+00
5.25928000e-07,1.79467588e+00
5.26028000e-07,1.79467588e+00
5.26128000e-07,1.79467588e+00
5.26228000e-07,1.79467588e+00
5.26328000e-07,1.79467588e+00
5.26428000e-07,1.79467588e+00
5.26528000e-07,1.79467588e+00
5.26628000e-07,1.79467588e+00
5.26728000e-07,1.79467589e+00
5.26828000e-07,1.79467589e+00
5.26928000e-07,1.79467589e+00
5.27028000e-07,1.79467589e+00
5.27128000e-07,1.79467589e+00
5.27228000e-07,1.79467589e+00
5.27328000e-07,1.79467589e+00
5.27428000e-07,1.79467589e+00
5.27528000e-07,1.79467589e+00
5.27628000e-07,1.79467589e+00
5.27728000e-07,1.79467589e+00
5.27828000e-07,1.79467589e+00
5.27928000e-07,1.79467589e+00
5.28028000e-07,1.79467589e+00
5.28128000e-07,1.79467589e+00
5.28228000e-07,1.79467589e+00
5.28328000e-07,1.79467589e+00
5.28428000e-07,1.79467589e+00
5.28528000e-07,1.79467589e+00
5.28628000e-07,1.79467589e+00
5.28728000e-07,1.79467589e+00
5.28828000e-07,1.79467589e+00
5.28928000e-07,1.79467589e+00
5.29028000e-07,1.79467589e+00
5.29128000e-07,1.79467589e+00
5.29228000e-07,1.79467589e+00
5.29328000e-07,1.79467589e+00
5.29428000e-07,1.79467589e+00
5.29528000e-07,1.79467589e+00
5.29628000e-07,1.79467589e+00
5.29728000e-07,1.79467589e+00
5.29828000e-07,1.79467589e+00
5.29928000e-07,1.79467589e+00
5.30028000e-07,1.79467589e+00
5.30128000e-07,1.79467589e+00
5.30228000e-07,1.79467589e+00
5.30328000e-07,1.79467589e+00
5.30428000e-07,1.79467589e+00
5.30528000e-07,1.79467589e+00
5.30628000e-07,1.79467589e+00
5.30728000e-07,1.79467589e+00
5.30828000e-07,1.79467589e+00
5.30928000e-07,1.79467589e+00
5.31028000e-07,1.79467589e+00
5.31128000e-07,1.79467589e+00
5.31228000e-07,1.79467589e+00
5.31328000e-07,1.79467589e+00
5.31428000e-07,1.79467589e+00
5.31528000e-07,1.79467589e+00
5.31628000e-07,1.79467589e+00
5.31728000e-07,1.79467589e+00
5.31828000e-07,1.79467589e+00
5.31928000e-07,1.79467589e+00
5.32028000e-07,1.79467589e+00
5.32128000e-07,1.79467589e+00
5.32228000e-07,1.79467589e+00
5.32328000e-07,1.79467589e+00
5.32428000e-07,1.79467589e+00
5.32528000e-07,1.79467589e+00
5.32628000e-07,1.79467589e+00
5.32728000e-07,1.79467589e+00
5.32828000e-07,1.79467589e+00
5.32928000e-07,1.79467589e+00
5.33028000e-07,1.79467589e+00
5.33128000e-07,1.79467589e+00
5.33228000e-07,1.79467589e+00
5.33328000e-07,1.79467589e+00
5.33428000e-07,1.79467589e+00
5.33528000e-07,1.79467589e+00
5.33628000e-07,1.79467589e+00
5.33728000e-07,1.79467589e+00
5.33828000e-07,1.79467589e+00
5.33928000e-07,1.79467589e+00
5.34028000e-07,1.79467589e+00
5.34128000e-07,1.79467589e+00
5.34228000e-07,1.79467589e+00
5.34328000e-07,1.79467589e+00
5.34428000e-07,1.79467589e+00
5.34528000e-07,1.79467589e+00
5.34628000e-07,1.79467589e+00
5.34728000e-07,1.79467589e+00
5.34828000e-07,1.79467589e+00
5.34928000e-07,1.79467589e+00
5.35028000e-07,1.79467589e+00
5.35128000e-07,1.79467589e+00
5.35228000e-07,1.79467589e+00
5.35328000e-07,1.79467589e+00
5.35428000e-07,1.79467589e+00
5.35528000e-07,1.79467589e+00
5.35628000e-07,1.79467589e+00
5.35728000e-07,1.79467589e+00
5.35828000e-07,1.79467589e+00
5.35928000e-07,1.79467589e+00
5.36028000e-07,1.79467589e+00
5.36128000e-07,1.79467589e+00
5.36228000e-07,1.79467589e+00
5.36328000e-07,1.79467589e+00
5.36428000e-07,1.79467589e+00
5.36528000e-07,1.79467589e+00
5.36628000e-07,1.79467589e+00
5.36728000e-07,1.79467589e+00
5.36828000e-07,1.79467589e+00
5.36928000e-07,1.79467589e+00
5.37028000e-07,1.79467589e+00
5.37128000e-07,1.79467589e+00
5.37228000e-07,1.79467589e+00
5.37328000e-07,1.79467589e+00
5.37428000e-07,1.79467589e+00
5.37528000e-07,1.79467589e+00
5.37628000e-07,1.79467589e+00
5.37728000e-07,1.79467589e+00
5.37828000e-07,1.79467589e+00
5.37928000e-07,1.79467589e+00
5.38028000e-07,1.79467589e+00
5.38128000e-07,1.79467589e+00
5.38228000e-07,1.79467589e+00
5.38328000e-07,1.79467589e+00
5.38428000e-07,1.79467589e+00
5.38528000e-07,1.79467589e+00
5.38628000e-07,1.79467589e+00
5.38728000e-07,1.79467589e+00
5.38828000e-07,1.79467589e+00
5.38928000e-07,1.79467589e+00
5.39028000e-07,1.79467589e+00
5.39128000e-07,1.79467589e+00
5.39228000e-07,1.79467589e+00
5.39328000e-07,1.79467589e+00
5.39428000e-07,1.79467589e+00
5.39528000e-07,1.79467589e+00
5.39628000e-07,1.79467589e+00
5.39728000e-07,1.79467589e+00
5.39828000e-07,1.79467589e+00
5.39928000e-07,1.79467589e+00
5.40028000e-07,1.79467589e+00
5.40128000e-07,1.79467589e+00
5.40228000e-07,1.79467589e+00
5.40328000e-07,1.79467589e+00
5.40428000e-07,1.79467589e+00
5.40528000e-07,1.79467589e+00
5.40628000e-07,1.79467589e+00
5.40728000e-07,1.79467589e+00
5.40828000e-07,1.79467589e+00
5.40928000e-07,1.79467589e+00
5.41028000e-07,1.79467589e+00
5.41128000e-07,1.79467589e+00
5.41228000e-07,1.79467589e+00
5.41328000e-07,1.79467589e+00
5.41428000e-07,1.79467589e+00
5.41528000e-07,1.79467589e+00
5.41628000e-07,1.79467589e+00
5.41728000e-07,1.79467589e+00
5.41828000e-07,1.79467589e+00
5.41928000e-07,1.79467589e+00
5.42028000e-07,1.79467589e+00
5.42128000e-07,1.79467589e+00
5.42228000e-07,1.79467589e+00
5.42328000e-07,1.79467589e+00
5.42428000e-07,1.79467589e+00
5.42528000e-07,1.79467589e+00
5.42628000e-07,1.79467589e+00
5.42728000e-07,1.79467590e+00
5.42828000e-07,1.79467590e+00
5.42928000e-07,1.79467590e+00
5.43028000e-07,1.79467590e+00
5.43128000e-07,1.79467590e+00
5.43228000e-07,1.79467590e+00
5.43328000e-07,1.79467590e+00
5.43428000e-07,1.79467590e+00
5.43528000e-07,1.79467590e+00
5.43628000e-07,1.79467590e+00
5.43728000e-07,1.79467590e+00
5.43828000e-07,1.79467590e+00
5.43928000e-07,1.79467590e+00
5.44028000e-07,1.79467590e+00
5.44128000e-07,1.79467590e+00
5.44228000e-07,1.79467590e+00
5.44328000e-07,1.79467590e+00
5.44428000e-07,1.79467590e+00
5.44528000e-07,1.79467590e+00
5.44628000e-07,1.79467590e+00
5.44728000e-07,1.79467590e+00
5.44828000e-07,1.79467590e+00
5.44928000e-07,1.79467590e+00
5.45028000e-07,1.79467590e+00
5.45128000e-07,1.79467590e+00
5.45228000e-07,1.79467590e+00
5.45328000e-07,1.79467590e+00
5.45428000e-07,1.79467590e+00
5.45528000e-07,1.79467590e+00
5.45628000e-07,1.79467590e+00
5.45728000e-07,1.79467590e+00
5.45828000e-07,1.79467590e+00
5.45928000e-07,1.79467590e+00
5.46028000e-07,1.79467590e+00
5.46128000e-07,1.79467590e+00
5.46228000e-07,1.79467590e+00
5.46328000e-07,1.79467590e+00
5.46428000e-07,1.79467590e+00
5.46528000e-07,1.79467590e+00
5.46628000e-07,1.79467590e+00
5.46728000e-07,1.79467590e+00
5.46828000e-07,1.79467590e+00
5.46928000e-07,1.79467590e+00
5.47028000e-07,1.79467590e+00
5.47128000e-07,1.79467590e+00
5.47228000e-07,1.79467590e+00
5.47328000e-07,1.79467590e+00
5.47428000e-07,1.79467590e+00
5.47528000e-07,1.79467590e+00
5.47628000e-07,1.79467590e+00
5.47728000e-07,1.79467590e+00
5.47828000e-07,1.79467590e+00
5.47928000e-07,1.79467590e+00
5.48028000e-07,1.79467590e+00
5.48128000e-07,1.79467590e+00
5.48228000e-07,1.79467590e+00
5.48328000e-07,1.79467590e+00
5.48428000e-07,1.79467590e+00
5.48528000e-07,1.79467590e+00
5.48628000e-07,1.79467590e+00
5.48728000e-07,1.79467590e+00
5.48828000e-07,1.79467590e+00
5.48928000e-07,1.79467590e+00
5.49028000e-07,1.79467590e+00
5.49128000e-07,1.79467590e+00
5.49228000e-07,1.79467590e+00
5.49328000e-07,1.79467590e+00
5.49428000e-07,1.79467590e+00
5.49528000e-07,1.79467590e+00
5.49628000e-07,1.79467590e+00
5.49728000e-07,1.79467590e+00
5.49828000e-07,1.79467590e+00
5.49928000e-07,1.79467590e+00
5.50028000e-07,1.79467590e+00
5.50128000e-07,1.79467590e+00
5.50228000e-07,1.79467590e+00
5.50328000e-07,1.79467590e+00
5.50428000e-07,1.79467590e+00
5.50528000e-07,1.79467590e+00
5.50628000e-07,1.79467590e+00
5.50728000e-07,1.79467590e+00
5.50828000e-07,1.79467590e+00
5.50928000e-07,1.79467590e+00
5.51028000e-07,1.79467590e+00
5.51128000e-07,1.79467590e+00
5.51228000e-07,1.79467590e+00
5.51328000e-07,1.79467590e+00
5.51428000e-07,1.79467590e+00
5.51528000e-07,1.79467590e+00
5.51628000e-07,1.79467590e+00
5.51728000e-07,1.79467590e+00
5.51828000e-07,1.79467590e+00
5.51928000e-07,1.79467590e+00
5.52028000e-07,1.79467590e+00
5.52128000e-07,1.79467590e+00
5.52228000e-07,1.79467590e+00
5.52328000e-07,1.79467590e+00
5.52428000e-07,1.79467590e+00
5.52528000e-07,1.79467590e+00
5.52628000e-07,1.79467590e+00
5.52728000e-07,1.79467590e+00
5.52828000e-07,1.79467590e+00
5.52928000e-07,1.79467590e+00
5.53028000e-07,1.79467590e+00
5.53128000e-07,1.79467590e+00
5.53228000e-07,1.79467590e+00
5.53328000e-07,1.79467590e+00
5.53428000e-07,1.79467590e+00
5.53528000e-07,1.79467590e+00
5.53628000e-07,1.79467590e+00
5.53728000e-07,1.79467590e+00
5.53828000e-07,1.79467590e+00
5.53928000e-07,1.79467590e+00
5.54028000e-07,1.79467590e+00
5.54128000e-07,1.79467590e+00
5.54228000e-07,1.79467590e+00
5.54328000e-07,1.79467590e+00
5.54428000e-07,1.79467590e+00
5.54528000e-07,1.79467590e+00
5.54628000e-07,1.79467590e+00
5.54728000e-07,1.79467590e+00
5.54828000e-07,1.79467590e+00
5.54928000e-07,1.79467590e+00
5.55028000e-07,1.79467590e+00
5.55128000e-07,1.79467590e+00
5.55228000e-07,1.79467590e+00
5.55328000e-07,1.79467590e+00
5.55428000e-07,1.79467590e+00
5.55528000e-07,1.79467590e+00
5.55628000e-07,1.79467590e+00
5.55728000e-07,1.79467590e+00
5.55828000e-07,1.79467590e+00
5.55928000e-07,1.79467590e+00
5.56028000e-07,1.79467590e+00
5.56128000e-07,1.79467590e+00
5.56228000e-07,1.79467590e+00
5.56328000e-07,1.79467590e+00
5.56428000e-07,1.79467590e+00
5.56528000e-07,1.79467590e+00
5.56628000e-07,1.79467590e+00
5.56728000e-07,1.79467590e+00
5.56828000e-07,1.79467590e+00
5.56928000e-07,1.79467590e+00
5.57028000e-07,1.79467590e+00
5.57128000e-07,1.79467590e+00
5.57228000e-07,1.79467590e+00
5.57328000e-07,1.79467590e+00
5.57428000e-07,1.79467590e+00
5.57528000e-07,1.79467590e+00
5.57628000e-07,1.79467590e+00
5.57728000e-07,1.79467590e+00
5.57828000e-07,1.79467591e+00
5.57928000e-07,1.79467591e+00
5.58028000e-07,1.79467591e+00
5.58128000e-07,1.79467591e+00
5.58228000e-07,1.79467591e+00
5.58328000e-07,1.79467591e+00
5.58428000e-07,1.79467591e+00
5.58528000e-07,1.79467591e+00
5.58628000e-07,1.79467591e+00
5.58728000e-07,1.79467591e+00
5.58828000e-07,1.79467591e+00
5.58928000e-07,1.79467591e+00
5.59028000e-07,1.79467591e+00
5.59128000e-07,1.79467591e+00
5.59228000e-07,1.79467591e+00
5.59328000e-07,1.79467591e+00
5.59428000e-07,1.79467591e+00
5.59528000e-07,1.79467591e+00
5.59628000e-07,1.79467591e+00
5.59728000e-07,1.79467591e+00
5.59828000e-07,1.79467591e+00
5.59928000e-07,1.79467591e+00
5.60028000e-07,1.79467591e+00
5.60128000e-07,1.79467591e+00
5.60228000e-07,1.79467591e+00
5.60328000e-07,1.79467591e+00
5.60428000e-07,1.79467591e+00
5.60528000e-07,1.79467591e+00
5.60628000e-07,1.79467591e+00
5.60728000e-07,1.79467591e+00
5.60828000e-07,1.79467591e+00
5.60928000e-07,1.79467591e+00
5.61028000e-07,1.79467591e+00
5.61128000e-07,1.79467591e+00
5.61228000e-07,1.79467591e+00
5.61328000e-07,1.79467591e+00
5.61428000e-07,1.79467591e+00
5.61528000e-07,1.79467591e+00
5.61628000e-07,1.79467591e+00
5.61728000e-07,1.79467591e+00
5.61828000e-07,1.79467591e+00
5.61928000e-07,1.79467591e+00
5.62028000e-07,1.79467591e+00
5.62128000e-07,1.79467591e+00
5.62228000e-07,1.79467591e+00
5.62328000e-07,1.79467591e+00
5.62428000e-07,1.79467591e+00
5.62528000e-07,1.79467591e+00
5.62628000e-07,1.79467591e+00
5.62728000e-07,1.79467591e+00
5.62828000e-07,1.79467591e+00
5.62928000e-07,1.79467591e+00
5.63028000e-07,1.79467591e+00
5.63128000e-07,1.79467591e+00
5.63228000e-07,1.79467591e+00
5.63328000e-07,1.79467591e+00
5.63428000e-07,1.79467591e+00
5.63528000e-07,1.79467591e+00
5.63628000e-07,1.79467591e+00
5.63728000e-07,1.79467591e+00
5.63828000e-07,1.79467591e+00
5.63928000e-07,1.79467591e+00
5.64028000e-07,1.79467591e+00
5.64128000e-07,1.79467591e+00
5.64228000e-07,1.79467591e+00
5.64328000e-07,1.79467591e+00
5.64428000e-07,1.79467591e+00
5.64528000e-07,1.79467591e+00
5.64628000e-07,1.79467591e+00
5.64728000e-07,1.79467591e+00
5.64828000e-07,1.79467591e+00
5.64928000e-07,1.79467591e+00
5.65028000e-07,1.79467591e+00
5.65128000e-07,1.79467591e+00
5.65228000e-07,1.79467591e+00
5.65328000e-07,1.79467591e+00
5.65428000e-07,1.79467591e+00
5.65528000e-07,1.79467591e+00
5.65628000e-07,1.79467591e+00
5.65728000e-07,1.79467591e+00
5.65828000e-07,1.79467591e+00
5.65928000e-07,1.79467591e+00
5.66028000e-07,1.79467591e+00
5.66128000e-07,1.79467591e+00
5.66228000e-07,1.79467591e+00
5.66328000e-07,1.79467591e+00
5.66428000e-07,1.79467591e+00
5.66528000e-07,1.79467591e+00
5.66628000e-07,1.79467591e+00
5.66728000e-07,1.79467591e+00
5.66828000e-07,1.79467591e+00
5.66928000e-07,1.79467591e+00
5.67028000e-07,1.79467591e+00
5.67128000e-07,1.79467591e+00
5.67228000e-07,1.79467591e+00
5.67328000e-07,1.79467591e+00
5.67428000e-07,1.79467591e+00
5.67528000e-07,1.79467591e+00
5.67628000e-07,1.79467591e+00
5.67728000e-07,1.79467591e+00
5.67828000e-07,1.79467591e+00
5.67928000e-07,1.79467591e+00
5.68028000e-07,1.79467591e+00
5.68128000e-07,1.79467591e+00
5.68228000e-07,1.79467591e+00
5.68328000e-07,1.79467591e+00
5.68428000e-07,1.79467591e+00
5.68528000e-07,1.79467591e+00
5.68628000e-07,1.79467591e+00
5.68728000e-07,1.79467591e+00
5.68828000e-07,1.79467591e+00
5.68928000e-07,1.79467591e+00
5.69028000e-07,1.79467591e+00
5.69128000e-07,1.79467591e+00
5.69228000e-07,1.79467591e+00
5.69328000e-07,1.79467591e+00
5.69428000e-07,1.79467591e+00
5.69528000e-07,1.79467591e+00
5.69628000e-07,1.79467591e+00
5.69728000e-07,1.79467591e+00
5.69828000e-07,1.79467591e+00
5.69928000e-07,1.79467591e+00
5.70028000e-07,1.79467591e+00
5.70128000e-07,1.79467591e+00
5.70228000e-07,1.79467591e+00
5.70328000e-07,1.79467591e+00
5.70428000e-07,1.79467591e+00
5.70528000e-07,1.79467591e+00
5.70628000e-07,1.79467591e+00
5.70728000e-07,1.79467591e+00
5.70828000e-07,1.79467591e+00
5.70928000e-07,1.79467591e+00
5.71028000e-07,1.79467591e+00
5.71128000e-07,1.79467591e+00
5.71228000e-07,1.79467591e+00
5.71328000e-07,1.79467591e+00
5.71428000e-07,1.79467591e+00
5.71528000e-07,1.79467591e+00
5.71628000e-07,1.79467591e+00
5.71728000e-07,1.79467591e+00
5.71828000e-07,1.79467591e+00
5.71928000e-07,1.79467591e+00
5.72028000e-07,1.79467591e+00
5.72128000e-07,1.79467591e+00
5.72228000e-07,1.79467591e+00
5.72328000e-07,1.79467591e+00
5.72428000e-07,1.79467591e+00
5.72528000e-07,1.79467591e+00
5.72628000e-07,1.79467591e+00
5.72728000e-07,1.79467591e+00
5.72828000e-07,1.79467591e+00
5.72928000e-07,1.79467591e+00
5.73028000e-07,1.79467591e+00
5.73128000e-07,1.79467591e+00
5.73228000e-07,1.79467592e+00
5.73328000e-07,1.79467592e+00
5.73428000e-07,1.79467592e+00
5.73528000e-07,1.79467592e+00
5.73628000e-07,1.79467592e+00
5.73728000e-07,1.79467592e+00
5.73828000e-07,1.79467592e+00
5.73928000e-07,1.79467592e+00
5.74028000e-07,1.79467592e+00
5.74128000e-07,1.79467592e+00
5.74228000e-07,1.79467592e+00
5.74328000e-07,1.79467592e+00
5.74428000e-07,1.79467592e+00
5.74528000e-07,1.79467592e+00
5.74628000e-07,1.79467592e+00
5.74728000e-07,1.79467592e+00
5.74828000e-07,1.79467592e+00
5.74928000e-07,1.79467592e+00
5.75028000e-07,1.79467592e+00
5.75128000e-07,1.79467592e+00
5.75228000e-07,1.79467592e+00
5.75328000e-07,1.79467592e+00
5.75428000e-07,1.79467592e+00
5.75528000e-07,1.79467592e+00
5.75628000e-07,1.79467592e+00
5.75728000e-07,1.79467592e+00
5.75828000e-07,1.79467592e+00
5.75928000e-07,1.79467592e+00
5.76028000e-07,1.79467592e+00
5.76128000e-07,1.79467592e+00
5.76228000e-07,1.79467592e+00
5.76328000e-07,1.79467592e+00
5.76428000e-07,1.79467592e+00
5.76528000e-07,1.79467592e+00
5.76628000e-07,1.79467592e+00
5.76728000e-07,1.79467592e+00
5.76828000e-07,1.79467592e+00
5.76928000e-07,1.79467592e+00
5.77028000e-07,1.79467592e+00
5.77128000e-07,1.79467592e+00
5.77228000e-07,1.79467592e+00
5.77328000e-07,1.79467592e+00
5.77428000e-07,1.79467592e+00
5.77528000e-07,1.79467592e+00
5.77628000e-07,1.79467592e+00
5.77728000e-07,1.79467592e+00
5.77828000e-07,1.79467592e+00
5.77928000e-07,1.79467592e+00
5.78028000e-07,1.79467592e+00
5.78128000e-07,1.79467592e+00
5.78228000e-07,1.79467592e+00
5.78328000e-07,1.79467592e+00
5.78428000e-07,1.79467592e+00
5.78528000e-07,1.79467592e+00
5.78628000e-07,1.79467592e+00
5.78728000e-07,1.79467592e+00
5.78828000e-07,1.79467592e+00
5.78928000e-07,1.79467592e+00
5.79028000e-07,1.79467592e+00
5.79128000e-07,1.79467592e+00
5.79228000e-07,1.79467592e+00
5.79328000e-07,1.79467592e+00
5.79428000e-07,1.79467592e+00
5.79528000e-07,1.79467592e+00
5.79628000e-07,1.79467592e+00
5.79728000e-07,1.79467592e+00
5.79828000e-07,1.79467592e+00
5.79928000e-07,1.79467592e+00
5.80028000e-07,1.79467592e+00
5.80128000e-07,1.79467592e+00
5.80228000e-07,1.79467592e+00
5.80328000e-07,1.79467592e+00
5.80428000e-07,1.79467592e+00
5.80528000e-07,1.79467592e+00
5.80628000e-07,1.79467592e+00
5.80728000e-07,1.79467592e+00
5.80828000e-07,1.79467592e+00
5.80928000e-07,1.79467592e+00
5.81028000e-07,1.79467592e+00
5.81128000e-07,1.79467592e+00
5.81228000e-07,1.79467592e+00
5.81328000e-07,1.79467592e+00
5.81428000e-07,1.79467592e+00
5.81528000e-07,1.79467592e+00
5.81628000e-07,1.79467592e+00
5.81728000e-07,1.79467592e+00
5.81828000e-07,1.79467592e+00
5.81928000e-07,1.79467592e+00
5.82028000e-07,1.79467592e+00
5.82128000e-07,1.79467592e+00
5.82228000e-07,1.79467592e+00
5.82328000e-07,1.79467592e+00
5.82428000e-07,1.79467592e+00
5.82528000e-07,1.79467592e+00
5.82628000e-07,1.79467592e+00
5.82728000e-07,1.79467592e+00
5.82828000e-07,1.79467592e+00
5.82928000e-07,1.79467592e+00
5.83028000e-07,1.79467592e+00
5.83128000e-07,1.79467592e+00
5.83228000e-07,1.79467592e+00
5.83328000e-07,1.79467592e+00
5.83428000e-07,1.79467592e+00
5.83528000e-07,1.79467592e+00
5.83628000e-07,1.79467592e+00
5.83728000e-07,1.79467592e+00
5.83828000e-07,1.79467592e+00
5.83928000e-07,1.79467592e+00
5.84028000e-07,1.79467592e+00
5.84128000e-07,1.79467592e+00
5.84228000e-07,1.79467592e+00
5.84328000e-07,1.79467592e+00
5.84428000e-07,1.79467592e+00
5.84528000e-07,1.79467592e+00
5.84628000e-07,1.79467592e+00
5.84728000e-07,1.79467592e+00
5.84828000e-07,1.79467592e+00
5.84928000e-07,1.79467592e+00
5.85028000e-07,1.79467592e+00
5.85128000e-07,1.79467592e+00
5.85228000e-07,1.79467592e+00
5.85328000e-07,1.79467592e+00
5.85428000e-07,1.79467592e+00
5.85528000e-07,1.79467592e+00
5.85628000e-07,1.79467592e+00
5.85728000e-07,1.79467592e+00
5.85828000e-07,1.79467592e+00
5.85928000e-07,1.79467592e+00
5.86028000e-07,1.79467592e+00
5.86128000e-07,1.79467592e+00
5.86228000e-07,1.79467592e+00
5.86328000e-07,1.79467592e+00
5.86428000e-07,1.79467592e+00
5.86528000e-07,1.79467592e+00
5.86628000e-07,1.79467592e+00
5.86728000e-07,1.79467592e+00
5.86828000e-07,1.79467592e+00
5.86928000e-07,1.79467592e+00
5.87028000e-07,1.79467592e+00
5.87128000e-07,1.79467592e+00
5.87228000e-07,1.79467592e+00
5.87328000e-07,1.79467592e+00
5.87428000e-07,1.79467592e+00
5.87528000e-07,1.79467592e+00
5.87628000e-07,1.79467592e+00
5.87728000e-07,1.79467592e+00
5.87828000e-07,1.79467592e+00
5.87928000e-07,1.79467592e+00
5.88028000e-07,1.79467592e+00
5.88128000e-07,1.79467592e+00
5.88228000e-07,1.79467592e+00
5.88328000e-07,1.79467592e+00
5.88428000e-07,1.79467592e+00
5.88528000e-07,1.79467592e+00
5.88628000e-07,1.79467592e+00
5.88728000e-07,1.79467592e+00
5.88828000e-07,1.79467592e+00
5.88928000e-07,1.79467592e+00
5.89028000e-07,1.79467592e+00
5.89128000e-07,1.79467592e+00
5.89228000e-07,1.79467592e+00
5.89328000e-07,1.79467592e+00
5.89428000e-07,1.79467592e+00
5.89528000e-07,1.79467592e+00
5.89628000e-07,1.79467592e+00
5.89728000e-07,1.79467592e+00
5.89828000e-07,1.79467592e+00
5.89928000e-07,1.79467592e+00
5.90028000e-07,1.79467592e+00
5.90128000e-07,1.79467592e+00
5.90228000e-07,1.79467592e+00
5.90328000e-07,1.79467592e+00
5.90428000e-07,1.79467592e+00
5.90528000e-07,1.79467592e+00
5.90628000e-07,1.79467592e+00
5.90728000e-07,1.79467592e+00
5.90828000e-07,1.79467592e+00
5.90928000e-07,1.79467592e+00
5.91028000e-07,1.79467592e+00
5.91128000e-07,1.79467592e+00
5.91228000e-07,1.79467592e+00
5.91328000e-07,1.79467592e+00
5.91428000e-07,1.79467592e+00
5.91528000e-07,1.79467592e+00
5.91628000e-07,1.79467593e+00
5.91728000e-07,1.79467593e+00
5.91828000e-07,1.79467593e+00
5.91928000e-07,1.79467593e+00
5.92028000e-07,1.79467593e+00
5.92128000e-07,1.79467593e+00
5.92228000e-07,1.79467593e+00
5.92328000e-07,1.79467593e+00
5.92428000e-07,1.79467593e+00
5.92528000e-07,1.79467593e+00
5.92628000e-07,1.79467593e+00
5.92728000e-07,1.79467593e+00
5.92828000e-07,1.79467593e+00
5.92928000e-07,1.79467593e+00
5.93028000e-07,1.79467593e+00
5.93128000e-07,1.79467593e+00
5.93228000e-07,1.79467593e+00
5.93328000e-07,1.79467593e+00
5.93428000e-07,1.79467593e+00
5.93528000e-07,1.79467593e+00
5.93628000e-07,1.79467593e+00
5.93728000e-07,1.79467593e+00
5.93828000e-07,1.79467593e+00
5.93928000e-07,1.79467593e+00
5.94028000e-07,1.79467593e+00
5.94128000e-07,1.79467593e+00
5.94228000e-07,1.79467593e+00
5.94328000e-07,1.79467593e+00
5.94428000e-07,1.79467593e+00
5.94528000e-07,1.79467593e+00
5.94628000e-07,1.79467593e+00
5.94728000e-07,1.79467593e+00
5.94828000e-07,1.79467593e+00
5.94928000e-07,1.79467593e+00
5.95028000e-07,1.79467593e+00
5.95128000e-07,1.79467593e+00
5.95228000e-07,1.79467593e+00
5.95328000e-07,1.79467593e+00
5.95428000e-07,1.79467593e+00
5.95528000e-07,1.79467593e+00
5.95628000e-07,1.79467593e+00
5.95728000e-07,1.79467593e+00
5.95828000e-07,1.79467593e+00
5.95928000e-07,1.79467593e+00
5.96028000e-07,1.79467593e+00
5.96128000e-07,1.79467593e+00
5.96228000e-07,1.79467593e+00
5.96328000e-07,1.79467593e+00
5.96428000e-07,1.79467593e+00
5.96528000e-07,1.79467593e+00
5.96628000e-07,1.79467593e+00
5.96728000e-07,1.79467593e+00
5.96828000e-07,1.79467593e+00
5.96928000e-07,1.79467593e+00
5.97028000e-07,1.79467593e+00
5.97128000e-07,1.79467593e+00
5.97228000e-07,1.79467593e+00
5.97328000e-07,1.79467593e+00
5.97428000e-07,1.79467593e+00
5.97528000e-07,1.79467593e+00
5.97628000e-07,1.79467593e+00
5.97728000e-07,1.79467593e+00
5.97828000e-07,1.79467593e+00
5.97928000e-07,1.79467593e+00
5.98028000e-07,1.79467593e+00
5.98128000e-07,1.79467593e+00
5.98228000e-07,1.79467593e+00
5.98328000e-07,1.79467593e+00
5.98428000e-07,1.79467593e+00
5.98528000e-07,1.79467593e+00
5.98628000e-07,1.79467593e+00
5.98728000e-07,1.79467593e+00
5.98828000e-07,1.79467593e+00
5.98928000e-07,1.79467593e+00
5.99028000e-07,1.79467593e+00
5.99128000e-07,1.79467593e+00
5.99228000e-07,1.79467593e+00
5.99328000e-07,1.79467593e+00
5.99428000e-07,1.79467593e+00
5.99528000e-07,1.79467593e+00
5.99628000e-07,1.79467593e+00
5.99728000e-07,1.79467593e+00
5.99828000e-07,1.79467593e+00
5.99928000e-07,1.79467593e+00
6.00028000e-07,1.79467593e+00
6.00128000e-07,1.79467593e+00
6.00228000e-07,1.79467593e+00
6.00328000e-07,1.79467593e+00
6.00428000e-07,1.79467593e+00
6.00528000e-07,1.79467593e+00
6.00628000e-07,1.79467593e+00
6.00728000e-07,1.79467593e+00
6.00828000e-07,1.79467593e+00
6.00928000e-07,1.79467593e+00
6.01028000e-07,1.79467593e+00
6.01128000e-07,1.79467593e+00
6.01228000e-07,1.79467593e+00
6.01328000e-07,1.79467593e+00
6.01428000e-07,1.79467593e+00
6.01528000e-07,1.79467593e+00
6.01628000e-07,1.79467593e+00
6.01728000e-07,1.79467593e+00
6.01828000e-07,1.79467593e+00
6.01928000e-07,1.79467593e+00
6.02028000e-07,1.79467593e+00
6.02128000e-07,1.79467593e+00
6.02228000e-07,1.79467593e+00
6.02328000e-07,1.79467593e+00
6.02428000e-07,1.79467593e+00
6.02528000e-07,1.79467593e+00
6.02628000e-07,1.79467593e+00
6.02728000e-07,1.79467593e+00
6.02828000e-07,1.79467593e+00
6.02928000e-07,1.79467593e+00
6.03028000e-07,1.79467593e+00
6.03128000e-07,1.79467593e+00
6.03228000e-07,1.79467593e+00
6.03328000e-07,1.79467593e+00
6.03428000e-07,1.79467593e+00
6.03528000e-07,1.79467593e+00
6.03628000e-07,1.79467593e+00
6.03728000e-07,1.79467593e+00
6.03828000e-07,1.79467593e+00
6.03928000e-07,1.79467593e+00
6.04028000e-07,1.79467593e+00
6.04128000e-07,1.79467593e+00
6.04228000e-07,1.79467593e+00
6.04328000e-07,1.79467593e+00
6.04428000e-07,1.79467593e+00
6.04528000e-07,1.79467593e+00
6.04628000e-07,1.79467593e+00
6.04728000e-07,1.79467593e+00
6.04828000e-07,1.79467593e+00
6.04928000e-07,1.79467593e+00
6.05028000e-07,1.79467593e+00
6.05128000e-07,1.79467593e+00
6.05228000e-07,1.79467593e+00
6.05328000e-07,1.79467593e+00
6.05428000e-07,1.79467593e+00
6.05528000e-07,1.79467593e+00
6.05628000e-07,1.79467593e+00
6.05728000e-07,1.79467593e+00
6.05828000e-07,1.79467593e+00
6.05928000e-07,1.79467593e+00
6.06028000e-07,1.79467593e+00
6.06128000e-07,1.79467593e+00
6.06228000e-07,1.79467593e+00
6.06328000e-07,1.79467593e+00
6.06428000e-07,1.79467593e+00
6.06528000e-07,1.79467593e+00
6.06628000e-07,1.79467593e+00
6.06728000e-07,1.79467593e+00
6.06828000e-07,1.79467593e+00
6.06928000e-07,1.79467593e+00
6.07028000e-07,1.79467593e+00
6.07128000e-07,1.79467593e+00
6.07228000e-07,1.79467593e+00
6.07328000e-07,1.79467593e+00
6.07428000e-07,1.79467593e+00
6.07528000e-07,1.79467593e+00
6.07628000e-07,1.79467593e+00
6.07728000e-07,1.79467593e+00
6.07828000e-07,1.79467593e+00
6.07928000e-07,1.79467593e+00
6.08028000e-07,1.79467593e+00
6.08128000e-07,1.79467593e+00
6.08228000e-07,1.79467593e+00
6.08328000e-07,1.79467593e+00
6.08428000e-07,1.79467593e+00
6.08528000e-07,1.79467593e+00
6.08628000e-07,1.79467593e+00
6.08728000e-07,1.79467593e+00
6.08828000e-07,1.79467593e+00
6.08928000e-07,1.79467593e+00
6.09028000e-07,1.79467593e+00
6.09128000e-07,1.79467593e+00
6.09228000e-07,1.79467593e+00
6.09328000e-07,1.79467593e+00
6.09428000e-07,1.79467593e+00
6.09528000e-07,1.79467593e+00
6.09628000e-07,1.79467593e+00
6.09728000e-07,1.79467593e+00
6.09828000e-07,1.79467593e+00
6.09928000e-07,1.79467593e+00
6.10028000e-07,1.79467593e+00
6.10128000e-07,1.79467593e+00
6.10228000e-07,1.79467593e+00
6.10328000e-07,1.79467593e+00
6.10428000e-07,1.79467593e+00
6.10528000e-07,1.79467593e+00
6.10628000e-07,1.79467593e+00
6.10728000e-07,1.79467593e+00
6.10828000e-07,1.79467593e+00
6.10928000e-07,1.79467593e+00
6.11028000e-07,1.79467593e+00
6.11128000e-07,1.79467593e+00
6.11228000e-07,1.79467593e+00
6.11328000e-07,1.79467593e+00
6.11428000e-07,1.79467593e+00
6.11528000e-07,1.79467593e+00
6.11628000e-07,1.79467593e+00
6.11728000e-07,1.79467593e+00
6.11828000e-07,1.79467593e+00
6.11928000e-07,1.79467593e+00
6.12028000e-07,1.79467593e+00
6.12128000e-07,1.79467593e+00
6.12228000e-07,1.79467593e+00
6.12328000e-07,1.79467593e+00
6.12428000e-07,1.79467593e+00
6.12528000e-07,1.79467593e+00
6.12628000e-07,1.79467593e+00
6.12728000e-07,1.79467593e+00
6.12828000e-07,1.79467593e+00
6.12928000e-07,1.79467593e+00
6.13028000e-07,1.79467593e+00
6.13128000e-07,1.79467593e+00
6.13228000e-07,1.79467593e+00
6.13328000e-07,1.79467593e+00
6.13428000e-07,1.79467593e+00
6.13528000e-07,1.79467593e+00
6.13628000e-07,1.79467593e+00
6.13728000e-07,1.79467593e+00
6.13828000e-07,1.79467593e+00
6.13928000e-07,1.79467593e+00
6.14028000e-07,1.79467593e+00
6.14128000e-07,1.79467593e+00
6.14228000e-07,1.79467593e+00
6.14328000e-07,1.79467593e+00
6.14428000e-07,1.79467593e+00
6.14528000e-07,1.79467593e+00
6.14628000e-07,1.79467593e+00
6.14728000e-07,1.79467593e+00
6.14828000e-07,1.79467593e+00
6.14928000e-07,1.79467593e+00
6.15028000e-07,1.79467593e+00
6.15128000e-07,1.79467593e+00
6.15228000e-07,1.79467593e+00
6.15328000e-07,1.79467593e+00
6.15428000e-07,1.79467593e+00
6.15528000e-07,1.79467593e+00
6.15628000e-07,1.79467593e+00
6.15728000e-07,1.79467593e+00
6.15828000e-07,1.79467593e+00
6.15928000e-07,1.79467593e+00
6.16028000e-07,1.79467593e+00
6.16128000e-07,1.79467593e+00
6.16228000e-07,1.79467593e+00
6.16328000e-07,1.79467593e+00
6.16428000e-07,1.79467593e+00
6.16528000e-07,1.79467593e+00
6.16628000e-07,1.79467593e+00
6.16728000e-07,1.79467593e+00
6.16828000e-07,1.79467593e+00
6.16928000e-07,1.79467593e+00
6.17028000e-07,1.79467593e+00
6.17128000e-07,1.79467593e+00
6.17228000e-07,1.79467593e+00
6.17328000e-07,1.79467593e+00
6.17428000e-07,1.79467593e+00
6.17528000e-07,1.79467593e+00
6.17628000e-07,1.79467593e+00
6.17728000e-07,1.79467593e+00
6.17828000e-07,1.79467593e+00
6.17928000e-07,1.79467593e+00
6.18028000e-07,1.79467593e+00
6.18128000e-07,1.79467593e+00
6.18228000e-07,1.79467593e+00
6.18328000e-07,1.79467593e+00
6.18428000e-07,1.79467593e+00
6.18528000e-07,1.79467593e+00
6.18628000e-07,1.79467593e+00
6.18728000e-07,1.79467593e+00
6.18828000e-07,1.79467593e+00
6.18928000e-07,1.79467593e+00
6.19028000e-07,1.79467593e+00
6.19128000e-07,1.79467593e+00
6.19228000e-07,1.79467593e+00
6.19328000e-07,1.79467593e+00
6.19428000e-07,1.79467593e+00
6.19528000e-07,1.79467593e+00
6.19628000e-07,1.79467593e+00
6.19728000e-07,1.79467593e+00
6.19828000e-07,1.79467593e+00
6.19928000e-07,1.79467593e+00
6.20028000e-07,1.79467593e+00
6.20128000e-07,1.79467593e+00
6.20228000e-07,1.79467593e+00
6.20328000e-07,1.79467593e+00
6.20428000e-07,1.79467593e+00
6.20528000e-07,1.79467593e+00
6.20628000e-07,1.79467593e+00
6.20728000e-07,1.79467593e+00
6.20828000e-07,1.79467593e+00
6.20928000e-07,1.79467593e+00
6.21028000e-07,1.79467593e+00
6.21128000e-07,1.79467593e+00
6.21228000e-07,1.79467593e+00
6.21328000e-07,1.79467593e+00
6.21428000e-07,1.79467593e+00
6.21528000e-07,1.79467593e+00
6.21628000e-07,1.79467593e+00
6.21728000e-07,1.79467593e+00
6.21828000e-07,1.79467593e+00
6.21928000e-07,1.79467593e+00
6.22028000e-07,1.79467593e+00
6.22128000e-07,1.79467593e+00
6.22228000e-07,1.79467593e+00
6.22328000e-07,1.79467593e+00
6.22428000e-07,1.79467593e+00
6.22528000e-07,1.79467593e+00
6.22628000e-07,1.79467593e+00
6.22728000e-07,1.79467593e+00
6.22828000e-07,1.79467593e+00
6.22928000e-07,1.79467593e+00
6.23028000e-07,1.79467593e+00
6.23128000e-07,1.79467593e+00
6.23228000e-07,1.79467593e+00
6.23328000e-07,1.79467593e+00
6.23428000e-07,1.79467593e+00
6.23528000e-07,1.79467593e+00
6.23628000e-07,1.79467593e+00
6.23728000e-07,1.79467593e+00
6.23828000e-07,1.79467593e+00
6.23928000e-07,1.79467593e+00
6.24028000e-07,1.79467593e+00
6.24128000e-07,1.79467593e+00
6.24228000e-07,1.79467593e+00
6.24328000e-07,1.79467593e+00
6.24428000e-07,1.79467593e+00
6.24528000e-07,1.79467593e+00
6.24628000e-07,1.79467593e+00
6.24728000e-07,1.79467593e+00
6.24828000e-07,1.79467593e+00
6.24928000e-07,1.79467593e+00
6.25028000e-07,1.79467593e+00
6.25128000e-07,1.79467593e+00
6.25228000e-07,1.79467593e+00
6.25328000e-07,1.79467593e+00
6.25428000e-07,1.79467593e+00
6.25528000e-07,1.79467593e+00
6.25628000e-07,1.79467593e+00
6.25728000e-07,1.79467593e+00
6.25828000e-07,1.79467593e+00
6.25928000e-07,1.79467593e+00
6.26028000e-07,1.79467593e+00
6.26128000e-07,1.79467593e+00
6.26228000e-07,1.79467593e+00
6.26328000e-07,1.79467593e+00
6.26428000e-07,1.79467593e+00
6.26528000e-07,1.79467593e+00
6.26628000e-07,1.79467593e+00
6.26728000e-07,1.79467593e+00
6.26828000e-07,1.79467593e+00
6.26928000e-07,1.79467593e+00
6.27028000e-07,1.79467593e+00
6.27128000e-07,1.79467593e+00
6.27228000e-07,1.79467593e+00
6.27328000e-07,1.79467593e+00
6.27428000e-07,1.79467593e+00
6.27528000e-07,1.79467593e+00
6.27628000e-07,1.79467593e+00
6.27728000e-07,1.79467593e+00
6.27828000e-07,1.79467593e+00
6.27928000e-07,1.79467593e+00
6.28028000e-07,1.79467593e+00
6.28128000e-07,1.79467593e+00
6.28228000e-07,1.79467593e+00
6.28328000e-07,1.79467593e+00
6.28428000e-07,1.79467593e+00
6.28528000e-07,1.79467593e+00
6.28628000e-07,1.79467593e+00
6.28728000e-07,1.79467593e+00
6.28828000e-07,1.79467593e+00
6.28928000e-07,1.79467593e+00
6.29028000e-07,1.79467593e+00
6.29128000e-07,1.79467593e+00
6.29228000e-07,1.79467593e+00
6.29328000e-07,1.79467593e+00
6.29428000e-07,1.79467593e+00
6.29528000e-07,1.79467593e+00
6.29628000e-07,1.79467593e+00
6.29728000e-07,1.79467593e+00
6.29828000e-07,1.79467593e+00
6.29928000e-07,1.79467593e+00
6.30028000e-07,1.79467593e+00
6.30128000e-07,1.79467593e+00
6.30228000e-07,1.79467593e+00
6.30328000e-07,1.79467593e+00
6.30428000e-07,1.79467593e+00
6.30528000e-07,1.79467593e+00
6.30628000e-07,1.79467593e+00
6.30728000e-07,1.79467593e+00
6.30828000e-07,1.79467593e+00
6.30928000e-07,1.79467593e+00
6.31028000e-07,1.79467593e+00
6.31128000e-07,1.79467593e+00
6.31228000e-07,1.79467593e+00
6.31328000e-07,1.79467593e+00
6.31428000e-07,1.79467593e+00
6.31528000e-07,1.79467593e+00
6.31628000e-07,1.79467593e+00
6.31728000e-07,1.79467593e+00
6.31828000e-07,1.79467593e+00
6.31928000e-07,1.79467593e+00
6.32028000e-07,1.79467593e+00
6.32128000e-07,1.79467593e+00
6.32228000e-07,1.79467593e+00
6.32328000e-07,1.79467593e+00
6.32428000e-07,1.79467593e+00
6.32528000e-07,1.79467593e+00
6.32628000e-07,1.79467593e+00
6.32728000e-07,1.79467593e+00
6.32828000e-07,1.79467593e+00
6.32928000e-07,1.79467593e+00
6.33028000e-07,1.79467593e+00
6.33128000e-07,1.79467593e+00
6.33228000e-07,1.79467593e+00
6.33328000e-07,1.79467593e+00
6.33428000e-07,1.79467593e+00
6.33528000e-07,1.79467593e+00
6.33628000e-07,1.79467593e+00
6.33728000e-07,1.79467593e+00
6.33828000e-07,1.79467593e+00
6.33928000e-07,1.79467593e+00
6.34028000e-07,1.79467593e+00
6.34128000e-07,1.79467593e+00
6.34228000e-07,1.79467593e+00
6.34328000e-07,1.79467593e+00
6.34428000e-07,1.79467593e+00
6.34528000e-07,1.79467593e+00
6.34628000e-07,1.79467593e+00
6.34728000e-07,1.79467593e+00
6.34828000e-07,1.79467593e+00
6.34928000e-07,1.79467593e+00
6.35028000e-07,1.79467593e+00
6.35128000e-07,1.79467593e+00
6.35228000e-07,1.79467593e+00
6.35328000e-07,1.79467593e+00
6.35428000e-07,1.79467593e+00
6.35528000e-07,1.79467593e+00
6.35628000e-07,1.79467593e+00
6.35728000e-07,1.79467593e+00
6.35828000e-07,1.79467593e+00
6.35928000e-07,1.79467593e+00
6.36028000e-07,1.79467593e+00
6.36128000e-07,1.79467593e+00
6.36228000e-07,1.79467593e+00
6.36328000e-07,1.79467593e+00
6.36428000e-07,1.79467593e+00
6.36528000e-07,1.79467593e+00
6.36628000e-07,1.79467593e+00
6.36728000e-07,1.79467593e+00
6.36828000e-07,1.79467593e+00
6.36928000e-07,1.79467593e+00
6.37028000e-07,1.79467593e+00
6.37128000e-07,1.79467593e+00
6.37228000e-07,1.79467593e+00
6.37328000e-07,1.79467593e+00
6.37428000e-07,1.79467593e+00
6.37528000e-07,1.79467593e+00
6.37628000e-07,1.79467593e+00
6.37728000e-07,1.79467593e+00
6.37828000e-07,1.79467593e+00
6.37928000e-07,1.79467593e+00
6.38028000e-07,1.79467593e+00
6.38128000e-07,1.79467593e+00
6.38228000e-07,1.79467593e+00
6.38328000e-07,1.79467593e+00
6.38428000e-07,1.79467593e+00
6.38528000e-07,1.79467593e+00
6.38628000e-07,1.79467593e+00
6.38728000e-07,1.79467593e+00
6.38828000e-07,1.79467593e+00
6.38928000e-07,1.79467593e+00
6.39028000e-07,1.79467593e+00
6.39128000e-07,1.79467593e+00
6.39228000e-07,1.79467593e+00
6.39328000e-07,1.79467593e+00
6.39428000e-07,1.79467593e+00
6.39528000e-07,1.79467593e+00
6.39628000e-07,1.79467593e+00
6.39728000e-07,1.79467593e+00
6.39828000e-07,1.79467593e+00
6.39928000e-07,1.79467593e+00
6.40028000e-07,1.79467592e+00
6.40128000e-07,1.79467592e+00
6.40228000e-07,1.79467592e+00
6.40328000e-07,1.79467592e+00
6.40428000e-07,1.79467592e+00
6.40528000e-07,1.79467592e+00
6.40628000e-07,1.79467592e+00
6.40728000e-07,1.79467592e+00
6.40828000e-07,1.79467592e+00
6.40928000e-07,1.79467592e+00
6.41028000e-07,1.79467592e+00
6.41128000e-07,1.79467592e+00
6.41228000e-07,1.79467592e+00
6.41328000e-07,1.79467592e+00
6.41428000e-07,1.79467592e+00
6.41528000e-07,1.79467592e+00
6.41628000e-07,1.79467592e+00
6.41728000e-07,1.79467592e+00
6.41828000e-07,1.79467592e+00
6.41928000e-07,1.79467592e+00
6.42028000e-07,1.79467592e+00
6.42128000e-07,1.79467592e+00
6.42228000e-07,1.79467592e+00
6.42328000e-07,1.79467592e+00
6.42428000e-07,1.79467592e+00
6.42528000e-07,1.79467592e+00
6.42628000e-07,1.79467592e+00
6.42728000e-07,1.79467592e+00
6.42828000e-07,1.79467592e+00
6.42928000e-07,1.79467592e+00
6.43028000e-07,1.79467592e+00
6.43128000e-07,1.79467592e+00
6.43228000e-07,1.79467592e+00
6.43328000e-07,1.79467592e+00
6.43428000e-07,1.79467592e+00
6.43528000e-07,1.79467592e+00
6.43628000e-07,1.79467592e+00
6.43728000e-07,1.79467592e+00
6.43828000e-07,1.79467592e+00
6.43928000e-07,1.79467592e+00
6.44028000e-07,1.79467592e+00
6.44128000e-07,1.79467592e+00
6.44228000e-07,1.79467592e+00
6.44328000e-07,1.79467592e+00
6.44428000e-07,1.79467592e+00
6.44528000e-07,1.79467592e+00
6.44628000e-07,1.79467592e+00
6.44728000e-07,1.79467592e+00
6.44828000e-07,1.79467592e+00
6.44928000e-07,1.79467592e+00
6.45028000e-07,1.79467592e+00
6.45128000e-07,1.79467592e+00
6.45228000e-07,1.79467592e+00
6.45328000e-07,1.79467592e+00
6.45428000e-07,1.79467592e+00
6.45528000e-07,1.79467592e+00
6.45628000e-07,1.79467592e+00
6.45728000e-07,1.79467592e+00
6.45828000e-07,1.79467592e+00
6.45928000e-07,1.79467592e+00
6.46028000e-07,1.79467592e+00
6.46128000e-07,1.79467592e+00
6.46228000e-07,1.79467592e+00
6.46328000e-07,1.79467592e+00
6.46428000e-07,1.79467592e+00
6.46528000e-07,1.79467592e+00
6.46628000e-07,1.79467592e+00
6.46728000e-07,1.79467592e+00
6.46828000e-07,1.79467592e+00
6.46928000e-07,1.79467592e+00
6.47028000e-07,1.79467592e+00
6.47128000e-07,1.79467592e+00
6.47228000e-07,1.79467592e+00
6.47328000e-07,1.79467592e+00
6.47428000e-07,1.79467592e+00
6.47528000e-07,1.79467592e+00
6.47628000e-07,1.79467592e+00
6.47728000e-07,1.79467592e+00
6.47828000e-07,1.79467592e+00
6.47928000e-07,1.79467592e+00
6.48028000e-07,1.79467592e+00
6.48128000e-07,1.79467592e+00
6.48228000e-07,1.79467592e+00
6.48328000e-07,1.79467592e+00
6.48428000e-07,1.79467592e+00
6.48528000e-07,1.79467592e+00
6.48628000e-07,1.79467592e+00
6.48728000e-07,1.79467592e+00
6.48828000e-07,1.79467592e+00
6.48928000e-07,1.79467592e+00
6.49028000e-07,1.79467592e+00
6.49128000e-07,1.79467592e+00
6.49228000e-07,1.79467592e+00
6.49328000e-07,1.79467592e+00
6.49428000e-07,1.79467592e+00
6.49528000e-07,1.79467592e+00
6.49628000e-07,1.79467592e+00
6.49728000e-07,1.79467592e+00
6.49828000e-07,1.79467592e+00
6.49928000e-07,1.79467592e+00
6.50028000e-07,1.79467592e+00
6.50128000e-07,1.79467592e+00
6.50228000e-07,1.79467592e+00
6.50328000e-07,1.79467592e+00
6.50428000e-07,1.79467592e+00
6.50528000e-07,1.79467592e+00
6.50628000e-07,1.79467592e+00
6.50728000e-07,1.79467592e+00
6.50828000e-07,1.79467592e+00
6.50928000e-07,1.79467592e+00
6.51028000e-07,1.79467592e+00
6.51128000e-07,1.79467592e+00
6.51228000e-07,1.79467592e+00
6.51328000e-07,1.79467592e+00
6.51428000e-07,1.79467592e+00
6.51528000e-07,1.79467592e+00
6.51628000e-07,1.79467592e+00
6.51728000e-07,1.79467592e+00
6.51828000e-07,1.79467592e+00
6.51928000e-07,1.79467592e+00
6.52028000e-07,1.79467592e+00
6.52128000e-07,1.79467592e+00
6.52228000e-07,1.79467592e+00
6.52328000e-07,1.79467591e+00
6.52428000e-07,1.79467591e+00
6.52528000e-07,1.79467591e+00
6.52628000e-07,1.79467591e+00
6.52728000e-07,1.79467591e+00
6.52828000e-07,1.79467591e+00
6.52928000e-07,1.79467591e+00
6.53028000e-07,1.79467591e+00
6.53128000e-07,1.79467591e+00
6.53228000e-07,1.79467591e+00
6.53328000e-07,1.79467591e+00
6.53428000e-07,1.79467591e+00
6.53528000e-07,1.79467591e+00
6.53628000e-07,1.79467591e+00
6.53728000e-07,1.79467591e+00
6.53828000e-07,1.79467591e+00
6.53928000e-07,1.79467591e+00
6.54028000e-07,1.79467591e+00
6.54128000e-07,1.79467591e+00
6.54228000e-07,1.79467591e+00
6.54328000e-07,1.79467591e+00
6.54428000e-07,1.79467591e+00
6.54528000e-07,1.79467591e+00
6.54628000e-07,1.79467591e+00
6.54728000e-07,1.79467591e+00
6.54828000e-07,1.79467591e+00
6.54928000e-07,1.79467591e+00
6.55028000e-07,1.79467591e+00
6.55128000e-07,1.79467591e+00
6.55228000e-07,1.79467591e+00
6.55328000e-07,1.79467591e+00
6.55428000e-07,1.79467591e+00
6.55528000e-07,1.79467591e+00
6.55628000e-07,1.79467591e+00
6.55728000e-07,1.79467591e+00
6.55828000e-07,1.79467591e+00
6.55928000e-07,1.79467591e+00
6.56028000e-07,1.79467591e+00
6.56128000e-07,1.79467591e+00
6.56228000e-07,1.79467591e+00
6.56328000e-07,1.79467591e+00
6.56428000e-07,1.79467591e+00
6.56528000e-07,1.79467591e+00
6.56628000e-07,1.79467591e+00
6.56728000e-07,1.79467591e+00
6.56828000e-07,1.79467591e+00
6.56928000e-07,1.79467591e+00
6.57028000e-07,1.79467591e+00
6.57128000e-07,1.79467591e+00
6.57228000e-07,1.79467591e+00
6.57328000e-07,1.79467591e+00
6.57428000e-07,1.79467591e+00
6.57528000e-07,1.79467591e+00
6.57628000e-07,1.79467591e+00
6.57728000e-07,1.79467591e+00
6.57828000e-07,1.79467591e+00
6.57928000e-07,1.79467591e+00
6.58028000e-07,1.79467591e+00
6.58128000e-07,1.79467591e+00
6.58228000e-07,1.79467591e+00
6.58328000e-07,1.79467591e+00
6.58428000e-07,1.79467591e+00
6.58528000e-07,1.79467591e+00
6.58628000e-07,1.79467591e+00
6.58728000e-07,1.79467591e+00
6.58828000e-07,1.79467591e+00
6.58928000e-07,1.79467591e+00
6.59028000e-07,1.79467591e+00
6.59128000e-07,1.79467591e+00
6.59228000e-07,1.79467591e+00
6.59328000e-07,1.79467591e+00
6.59428000e-07,1.79467591e+00
6.59528000e-07,1.79467591e+00
6.59628000e-07,1.79467591e+00
6.59728000e-07,1.79467591e+00
6.59828000e-07,1.79467591e+00
6.59928000e-07,1.79467591e+00
6.60028000e-07,1.79467591e+00
6.60128000e-07,1.79467591e+00
6.60228000e-07,1.79467591e+00
6.60328000e-07,1.79467591e+00
6.60428000e-07,1.79467591e+00
6.60528000e-07,1.79467591e+00
6.60628000e-07,1.79467591e+00
6.60728000e-07,1.79467591e+00
6.60828000e-07,1.79467591e+00
6.60928000e-07,1.79467590e+00
6.61028000e-07,1.79467590e+00
6.61128000e-07,1.79467590e+00
6.61228000e-07,1.79467590e+00
6.61328000e-07,1.79467590e+00
6.61428000e-07,1.79467590e+00
6.61528000e-07,1.79467590e+00
6.61628000e-07,1.79467590e+00
6.61728000e-07,1.79467590e+00
6.61828000e-07,1.79467590e+00
6.61928000e-07,1.79467590e+00
6.62028000e-07,1.79467590e+00
6.62128000e-07,1.79467590e+00
6.62228000e-07,1.79467590e+00
6.62328000e-07,1.79467590e+00
6.62428000e-07,1.79467590e+00
6.62528000e-07,1.79467590e+00
6.62628000e-07,1.79467590e+00
6.62728000e-07,1.79467590e+00
6.62828000e-07,1.79467590e+00
6.62928000e-07,1.79467590e+00
6.63028000e-07,1.79467590e+00
6.63128000e-07,1.79467590e+00
6.63228000e-07,1.79467590e+00
6.63328000e-07,1.79467590e+00
6.63428000e-07,1.79467590e+00
6.63528000e-07,1.79467590e+00
6.63628000e-07,1.79467590e+00
6.63728000e-07,1.79467590e+00
6.63828000e-07,1.79467590e+00
6.63928000e-07,1.79467590e+00
6.64028000e-07,1.79467590e+00
6.64128000e-07,1.79467590e+00
6.64228000e-07,1.79467590e+00
6.64328000e-07,1.79467590e+00
6.64428000e-07,1.79467590e+00
6.64528000e-07,1.79467590e+00
6.64628000e-07,1.79467590e+00
6.64728000e-07,1.79467590e+00
6.64828000e-07,1.79467590e+00
6.64928000e-07,1.79467590e+00
6.65028000e-07,1.79467590e+00
6.65128000e-07,1.79467590e+00
6.65228000e-07,1.79467590e+00
6.65328000e-07,1.79467590e+00
6.65428000e-07,1.79467590e+00
6.65528000e-07,1.79467590e+00
6.65628000e-07,1.79467590e+00
6.65728000e-07,1.79467590e+00
6.65828000e-07,1.79467590e+00
6.65928000e-07,1.79467590e+00
6.66028000e-07,1.79467590e+00
6.66128000e-07,1.79467590e+00
6.66228000e-07,1.79467590e+00
6.66328000e-07,1.79467590e+00
6.66428000e-07,1.79467590e+00
6.66528000e-07,1.79467590e+00
6.66628000e-07,1.79467590e+00
6.66728000e-07,1.79467590e+00
6.66828000e-07,1.79467590e+00
6.66928000e-07,1.79467590e+00
6.67028000e-07,1.79467590e+00
6.67128000e-07,1.79467590e+00
6.67228000e-07,1.79467590e+00
6.67328000e-07,1.79467590e+00
6.67428000e-07,1.79467590e+00
6.67528000e-07,1.79467590e+00
6.67628000e-07,1.79467590e+00
6.67728000e-07,1.79467589e+00
6.67828000e-07,1.79467589e+00
6.67928000e-07,1.79467589e+00
6.68028000e-07,1.79467589e+00
6.68128000e-07,1.79467589e+00
6.68228000e-07,1.79467589e+00
6.68328000e-07,1.79467589e+00
6.68428000e-07,1.79467589e+00
6.68528000e-07,1.79467589e+00
6.68628000e-07,1.79467589e+00
6.68728000e-07,1.79467589e+00
6.68828000e-07,1.79467589e+00
6.68928000e-07,1.79467589e+00
6.69028000e-07,1.79467589e+00
6.69128000e-07,1.79467589e+00
6.69228000e-07,1.79467589e+00
6.69328000e-07,1.79467589e+00
6.69428000e-07,1.79467589e+00
6.69528000e-07,1.79467589e+00
6.69628000e-07,1.79467589e+00
6.69728000e-07,1.79467589e+00
6.69828000e-07,1.79467589e+00
6.69928000e-07,1.79467589e+00
6.70028000e-07,1.79467589e+00
6.70128000e-07,1.79467589e+00
6.70228000e-07,1.79467589e+00
6.70328000e-07,1.79467589e+00
6.70428000e-07,1.79467589e+00
6.70528000e-07,1.79467589e+00
6.70628000e-07,1.79467589e+00
6.70728000e-07,1.79467589e+00
6.70828000e-07,1.79467589e+00
6.70928000e-07,1.79467589e+00
6.71028000e-07,1.79467589e+00
6.71128000e-07,1.79467589e+00
6.71228000e-07,1.79467589e+00
6.71328000e-07,1.79467589e+00
6.71428000e-07,1.79467589e+00
6.71528000e-07,1.79467589e+00
6.71628000e-07,1.79467589e+00
6.71728000e-07,1.79467589e+00
6.71828000e-07,1.79467589e+00
6.71928000e-07,1.79467589e+00
6.72028000e-07,1.79467589e+00
6.72128000e-07,1.79467589e+00
6.72228000e-07,1.79467589e+00
6.72328000e-07,1.79467589e+00
6.72428000e-07,1.79467589e+00
6.72528000e-07,1.79467589e+00
6.72628000e-07,1.79467589e+00
6.72728000e-07,1.79467589e+00
6.72828000e-07,1.79467589e+00
6.72928000e-07,1.79467589e+00
6.73028000e-07,1.79467589e+00
6.73128000e-07,1.79467589e+00
6.73228000e-07,1.79467589e+00
6.73328000e-07,1.79467589e+00
6.73428000e-07,1.79467589e+00
6.73528000e-07,1.79467589e+00
6.73628000e-07,1.79467589e+00
6.73728000e-07,1.79467588e+00
6.73828000e-07,1.79467588e+00
6.73928000e-07,1.79467588e+00
6.74028000e-07,1.79467588e+00
6.74128000e-07,1.79467588e+00
6.74228000e-07,1.79467588e+00
6.74328000e-07,1.79467588e+00
6.74428000e-07,1.79467588e+00
6.74528000e-07,1.79467588e+00
6.74628000e-07,1.79467588e+00
6.74728000e-07,1.79467588e+00
6.74828000e-07,1.79467588e+00
6.74928000e-07,1.79467588e+00
6.75028000e-07,1.79467588e+00
6.75128000e-07,1.79467588e+00
6.75228000e-07,1.79467588e+00
6.75328000e-07,1.79467588e+00
6.75428000e-07,1.79467588e+00
6.75528000e-07,1.79467588e+00
6.75628000e-07,1.79467588e+00
6.75728000e-07,1.79467588e+00
6.75828000e-07,1.79467588e+00
6.75928000e-07,1.79467588e+00
6.76028000e-07,1.79467588e+00
6.76128000e-07,1.79467588e+00
6.76228000e-07,1.79467588e+00
6.76328000e-07,1.79467588e+00
6.76428000e-07,1.79467588e+00
6.76528000e-07,1.79467588e+00
6.76628000e-07,1.79467588e+00
6.76728000e-07,1.79467588e+00
6.76828000e-07,1.79467588e+00
6.76928000e-07,1.79467588e+00
6.77028000e-07,1.79467588e+00
6.77128000e-07,1.79467588e+00
6.77228000e-07,1.79467588e+00
6.77328000e-07,1.79467588e+00
6.77428000e-07,1.79467588e+00
6.77528000e-07,1.79467588e+00
6.77628000e-07,1.79467588e+00
6.77728000e-07,1.79467588e+00
6.77828000e-07,1.79467588e+00
6.77928000e-07,1.79467588e+00
6.78028000e-07,1.79467588e+00
6.78128000e-07,1.79467588e+00
6.78228000e-07,1.79467588e+00
6.78328000e-07,1.79467588e+00
6.78428000e-07,1.79467588e+00
6.78528000e-07,1.79467588e+00
6.78628000e-07,1.79467588e+00
6.78728000e-07,1.79467588e+00
6.78828000e-07,1.79467588e+00
6.78928000e-07,1.79467587e+00
6.79028000e-07,1.79467587e+00
6.79128000e-07,1.79467587e+00
6.79228000e-07,1.79467587e+00
6.79328000e-07,1.79467587e+00
6.79428000e-07,1.79467587e+00
6.79528000e-07,1.79467587e+00
6.79628000e-07,1.79467587e+00
6.79728000e-07,1.79467587e+00
6.79828000e-07,1.79467587e+00
6.79928000e-07,1.79467587e+00
6.80028000e-07,1.79467587e+00
6.80128000e-07,1.79467587e+00
6.80228000e-07,1.79467587e+00
6.80328000e-07,1.79467587e+00
6.80428000e-07,1.79467587e+00
6.80528000e-07,1.79467587e+00
6.80628000e-07,1.79467587e+00
6.80728000e-07,1.79467587e+00
6.80828000e-07,1.79467587e+00
6.80928000e-07,1.79467587e+00
6.81028000e-07,1.79467587e+00
6.81128000e-07,1.79467587e+00
6.81228000e-07,1.79467587e+00
6.81328000e-07,1.79467587e+00
6.81428000e-07,1.79467587e+00
6.81528000e-07,1.79467587e+00
6.81628000e-07,1.79467587e+00
6.81728000e-07,1.79467587e+00
6.81828000e-07,1.79467587e+00
6.81928000e-07,1.79467587e+00
6.82028000e-07,1.79467587e+00
6.82128000e-07,1.79467587e+00
6.82228000e-07,1.79467587e+00
6.82328000e-07,1.79467587e+00
6.82428000e-07,1.79467587e+00
6.82528000e-07,1.79467587e+00
6.82628000e-07,1.79467587e+00
6.82728000e-07,1.79467587e+00
6.82828000e-07,1.79467587e+00
6.82928000e-07,1.79467587e+00
6.83028000e-07,1.79467587e+00
6.83128000e-07,1.79467587e+00
6.83228000e-07,1.79467587e+00
6.83328000e-07,1.79467587e+00
6.83428000e-07,1.79467587e+00
6.83528000e-07,1.79467587e+00
6.83628000e-07,1.79467587e+00
6.83728000e-07,1.79467586e+00
6.83828000e-07,1.79467586e+00
6.83928000e-07,1.79467586e+00
6.84028000e-07,1.79467586e+00
6.84128000e-07,1.79467586e+00
6.84228000e-07,1.79467586e+00
6.84328000e-07,1.79467586e+00
6.84428000e-07,1.79467586e+00
6.84528000e-07,1.79467586e+00
6.84628000e-07,1.79467586e+00
6.84728000e-07,1.79467586e+00
6.84828000e-07,1.79467586e+00
6.84928000e-07,1.79467586e+00
6.85028000e-07,1.79467586e+00
6.85128000e-07,1.79467586e+00
6.85228000e-07,1.79467586e+00
6.85328000e-07,1.79467586e+00
6.85428000e-07,1.79467586e+00
6.85528000e-07,1.79467586e+00
6.85628000e-07,1.79467586e+00
6.85728000e-07,1.79467586e+00
6.85828000e-07,1.79467586e+00
6.85928000e-07,1.79467586e+00
6.86028000e-07,1.79467586e+00
6.86128000e-07,1.79467586e+00
6.86228000e-07,1.79467586e+00
6.86328000e-07,1.79467586e+00
6.86428000e-07,1.79467586e+00
6.86528000e-07,1.79467586e+00
6.86628000e-07,1.79467586e+00
6.86728000e-07,1.79467586e+00
6.86828000e-07,1.79467586e+00
6.86928000e-07,1.79467586e+00
6.87028000e-07,1.79467586e+00
6.87128000e-07,1.79467586e+00
6.87228000e-07,1.79467586e+00
6.87328000e-07,1.79467586e+00
6.87428000e-07,1.79467586e+00
6.87528000e-07,1.79467586e+00
6.87628000e-07,1.79467586e+00
6.87728000e-07,1.79467586e+00
6.87828000e-07,1.79467586e+00
6.87928000e-07,1.79467586e+00
6.88028000e-07,1.79467586e+00
6.88128000e-07,1.79467585e+00
6.88228000e-07,1.79467585e+00
6.88328000e-07,1.79467585e+00
6.88428000e-07,1.79467585e+00
6.88528000e-07,1.79467585e+00
6.88628000e-07,1.79467585e+00
6.88728000e-07,1.79467585e+00
6.88828000e-07,1.79467585e+00
6.88928000e-07,1.79467585e+00
6.89028000e-07,1.79467585e+00
6.89128000e-07,1.79467585e+00
6.89228000e-07,1.79467585e+00
6.89328000e-07,1.79467585e+00
6.89428000e-07,1.79467585e+00
6.89528000e-07,1.79467585e+00
6.89628000e-07,1.79467585e+00
6.89728000e-07,1.79467585e+00
6.89828000e-07,1.79467585e+00
6.89928000e-07,1.79467585e+00
6.90028000e-07,1.79467585e+00
6.90128000e-07,1.79467585e+00
6.90228000e-07,1.79467585e+00
6.90328000e-07,1.79467585e+00
6.90428000e-07,1.79467585e+00
6.90528000e-07,1.79467585e+00
6.90628000e-07,1.79467585e+00
6.90728000e-07,1.79467585e+00
6.90828000e-07,1.79467585e+00
6.90928000e-07,1.79467585e+00
6.91028000e-07,1.79467585e+00
6.91128000e-07,1.79467585e+00
6.91228000e-07,1.79467585e+00
6.91328000e-07,1.79467585e+00
6.91428000e-07,1.79467585e+00
6.91528000e-07,1.79467585e+00
6.91628000e-07,1.79467585e+00
6.91728000e-07,1.79467585e+00
6.91828000e-07,1.79467585e+00
6.91928000e-07,1.79467585e+00
6.92028000e-07,1.79467585e+00
6.92128000e-07,1.79467585e+00
6.92228000e-07,1.79467585e+00
6.92328000e-07,1.79467584e+00
6.92428000e-07,1.79467584e+00
6.92528000e-07,1.79467584e+00
6.92628000e-07,1.79467584e+00
6.92728000e-07,1.79467584e+00
6.92828000e-07,1.79467584e+00
6.92928000e-07,1.79467584e+00
6.93028000e-07,1.79467584e+00
6.93128000e-07,1.79467584e+00
6.93228000e-07,1.79467584e+00
6.93328000e-07,1.79467584e+00
6.93428000e-07,1.79467584e+00
6.93528000e-07,1.79467584e+00
6.93628000e-07,1.79467584e+00
6.93728000e-07,1.79467584e+00
6.93828000e-07,1.79467584e+00
6.93928000e-07,1.79467584e+00
6.94028000e-07,1.79467584e+00
6.94128000e-07,1.79467584e+00
6.94228000e-07,1.79467584e+00
6.94328000e-07,1.79467584e+00
6.94428000e-07,1.79467584e+00
6.94528000e-07,1.79467584e+00
6.94628000e-07,1.79467584e+00
6.94728000e-07,1.79467584e+00
6.94828000e-07,1.79467584e+00
6.94928000e-07,1.79467584e+00
6.95028000e-07,1.79467584e+00
6.95128000e-07,1.79467584e+00
6.95228000e-07,1.79467584e+00
6.95328000e-07,1.79467584e+00
6.95428000e-07,1.79467584e+00
6.95528000e-07,1.79467584e+00
6.95628000e-07,1.79467584e+00
6.95728000e-07,1.79467584e+00
6.95828000e-07,1.79467584e+00
6.95928000e-07,1.79467584e+00
6.96028000e-07,1.79467584e+00
6.96128000e-07,1.79467584e+00
6.96228000e-07,1.79467583e+00
6.96328000e-07,1.79467583e+00
6.96428000e-07,1.79467583e+00
6.96528000e-07,1.79467583e+00
6.96628000e-07,1.79467583e+00
6.96728000e-07,1.79467583e+00
6.96828000e-07,1.79467583e+00
6.96928000e-07,1.79467583e+00
6.97028000e-07,1.79467583e+00
6.97128000e-07,1.79467583e+00
6.97228000e-07,1.79467583e+00
6.97328000e-07,1.79467583e+00
6.97428000e-07,1.79467583e+00
6.97528000e-07,1.79467583e+00
6.97628000e-07,1.79467583e+00
6.97728000e-07,1.79467583e+00
6.97828000e-07,1.79467583e+00
6.97928000e-07,1.79467583e+00
6.98028000e-07,1.79467583e+00
6.98128000e-07,1.79467583e+00
6.98228000e-07,1.79467583e+00
6.98328000e-07,1.79467583e+00
6.98428000e-07,1.79467583e+00
6.98528000e-07,1.79467583e+00
6.98628000e-07,1.79467583e+00
6.98728000e-07,1.79467583e+00
6.98828000e-07,1.79467583e+00
6.98928000e-07,1.79467583e+00
6.99028000e-07,1.79467583e+00
6.99128000e-07,1.79467583e+00
6.99228000e-07,1.79467583e+00
6.99328000e-07,1.79467583e+00
6.99428000e-07,1.79467583e+00
6.99528000e-07,1.79467583e+00
6.99628000e-07,1.79467583e+00
6.99728000e-07,1.79467583e+00
6.99828000e-07,1.79467583e+00
6.99928000e-07,1.79467582e+00
7.00028000e-07,1.79467582e+00
7.00128000e-07,1.79467582e+00
7.00228000e-07,1.79467582e+00
7.00328000e-07,1.79467582e+00
7.00428000e-07,1.79467582e+00
7.00528000e-07,1.79467582e+00
7.00628000e-07,1.79467582e+00
7.00728000e-07,1.79467582e+00
7.00828000e-07,1.79467582e+00
7.00928000e-07,1.79467582e+00
7.01028000e-07,1.79467582e+00
7.01128000e-07,1.79467582e+00
7.01228000e-07,1.79467582e+00
7.01328000e-07,1.79467582e+00
7.01428000e-07,1.79467582e+00
7.01528000e-07,1.79467582e+00
7.01628000e-07,1.79467582e+00
7.01728000e-07,1.79467582e+00
7.01828000e-07,1.79467582e+00
7.01928000e-07,1.79467582e+00
7.02028000e-07,1.79467582e+00
7.02128000e-07,1.79467582e+00
7.02228000e-07,1.79467582e+00
7.02328000e-07,1.79467582e+00
7.02428000e-07,1.79467582e+00
7.02528000e-07,1.79467582e+00
7.02628000e-07,1.79467582e+00
7.02728000e-07,1.79467582e+00
7.02828000e-07,1.79467582e+00
7.02928000e-07,1.79467582e+00
7.03028000e-07,1.79467582e+00
7.03128000e-07,1.79467582e+00
7.03228000e-07,1.79467582e+00
7.03328000e-07,1.79467582e+00
7.03428000e-07,1.79467582e+00
7.03528000e-07,1.79467581e+00
7.03628000e-07,1.79467581e+00
7.03728000e-07,1.79467581e+00
7.03828000e-07,1.79467581e+00
7.03928000e-07,1.79467581e+00
7.04028000e-07,1.79467581e+00
7.04128000e-07,1.79467581e+00
7.04228000e-07,1.79467581e+00
7.04328000e-07,1.79467581e+00
7.04428000e-07,1.79467581e+00
7.04528000e-07,1.79467581e+00
7.04628000e-07,1.79467581e+00
7.04728000e-07,1.79467581e+00
7.04828000e-07,1.79467581e+00
7.04928000e-07,1.79467581e+00
7.05028000e-07,1.79467581e+00
7.05128000e-07,1.79467581e+00
7.05228000e-07,1.79467581e+00
7.05328000e-07,1.79467581e+00
7.05428000e-07,1.79467581e+00
7.05528000e-07,1.79467581e+00
7.05628000e-07,1.79467581e+00
7.05728000e-07,1.79467581e+00
7.05828000e-07,1.79467581e+00
7.05928000e-07,1.79467581e+00
7.06028000e-07,1.79467581e+00
7.06128000e-07,1.79467581e+00
7.06228000e-07,1.79467581e+00
7.06328000e-07,1.79467581e+00
7.06428000e-07,1.79467581e+00
7.06528000e-07,1.79467581e+00
7.06628000e-07,1.79467581e+00
7.06728000e-07,1.79467581e+00
7.06828000e-07,1.79467581e+00
7.06928000e-07,1.79467581e+00
7.07028000e-07,1.79467580e+00
7.07128000e-07,1.79467580e+00
7.07228000e-07,1.79467580e+00
7.07328000e-07,1.79467580e+00
7.07428000e-07,1.79467580e+00
7.07528000e-07,1.79467580e+00
7.07628000e-07,1.79467580e+00
7.07728000e-07,1.79467580e+00
7.07828000e-07,1.79467580e+00
7.07928000e-07,1.79467580e+00
7.08028000e-07,1.79467580e+00
7.08128000e-07,1.79467580e+00
7.08228000e-07,1.79467580e+00
7.08328000e-07,1.79467580e+00
7.08428000e-07,1.79467580e+00
7.08528000e-07,1.79467580e+00
7.08628000e-07,1.79467580e+00
7.08728000e-07,1.79467580e+00
7.08828000e-07,1.79467580e+00
7.08928000e-07,1.79467580e+00
7.09028000e-07,1.79467580e+00
7.09128000e-07,1.79467580e+00
7.09228000e-07,1.79467580e+00
7.09328000e-07,1.79467580e+00
7.09428000e-07,1.79467580e+00
7.09528000e-07,1.79467580e+00
7.09628000e-07,1.79467580e+00
7.09728000e-07,1.79467580e+00
7.09828000e-07,1.79467580e+00
7.09928000e-07,1.79467580e+00
7.10028000e-07,1.79467580e+00
7.10128000e-07,1.79467580e+00
7.10228000e-07,1.79467580e+00
7.10328000e-07,1.79467579e+00
7.10428000e-07,1.79467579e+00
7.10528000e-07,1.79467579e+00
7.10628000e-07,1.79467579e+00
7.10728000e-07,1.79467579e+00
7.10828000e-07,1.79467579e+00
7.10928000e-07,1.79467579e+00
7.11028000e-07,1.79467579e+00
7.11128000e-07,1.79467579e+00
7.11228000e-07,1.79467579e+00
7.11328000e-07,1.79467579e+00
7.11428000e-07,1.79467579e+00
7.11528000e-07,1.79467579e+00
7.11628000e-07,1.79467579e+00
7.11728000e-07,1.79467579e+00
7.11828000e-07,1.79467579e+00
7.11928000e-07,1.79467579e+00
7.12028000e-07,1.79467579e+00
7.12128000e-07,1.79467579e+00
7.12228000e-07,1.79467579e+00
7.12328000e-07,1.79467579e+00
7.12428000e-07,1.79467579e+00
7.12528000e-07,1.79467579e+00
7.12628000e-07,1.79467579e+00
7.12728000e-07,1.79467579e+00
7.12828000e-07,1.79467579e+00
7.12928000e-07,1.79467579e+00
7.13028000e-07,1.79467579e+00
7.13128000e-07,1.79467579e+00
7.13228000e-07,1.79467579e+00
7.13328000e-07,1.79467579e+00
7.13428000e-07,1.79467579e+00
7.13528000e-07,1.79467578e+00
7.13628000e-07,1.79467578e+00
7.13728000e-07,1.79467578e+00
7.13828000e-07,1.79467578e+00
7.13928000e-07,1.79467578e+00
7.14028000e-07,1.79467578e+00
7.14128000e-07,1.79467578e+00
7.14228000e-07,1.79467578e+00
7.14328000e-07,1.79467578e+00
7.14428000e-07,1.79467578e+00
7.14528000e-07,1.79467578e+00
7.14628000e-07,1.79467578e+00
7.14728000e-07,1.79467578e+00
7.14828000e-07,1.79467578e+00
7.14928000e-07,1.79467578e+00
7.15028000e-07,1.79467578e+00
7.15128000e-07,1.79467578e+00
7.15228000e-07,1.79467578e+00
7.15328000e-07,1.79467578e+00
7.15428000e-07,1.79467578e+00
7.15528000e-07,1.79467578e+00
7.15628000e-07,1.79467578e+00
7.15728000e-07,1.79467578e+00
7.15828000e-07,1.79467578e+00
7.15928000e-07,1.79467578e+00
7.16028000e-07,1.79467578e+00
7.16128000e-07,1.79467578e+00
7.16228000e-07,1.79467578e+00
7.16328000e-07,1.79467578e+00
7.16428000e-07,1.79467578e+00
7.16528000e-07,1.79467578e+00
7.16628000e-07,1.79467578e+00
7.16728000e-07,1.79467577e+00
7.16828000e-07,1.79467577e+00
7.16928000e-07,1.79467577e+00
7.17028000e-07,1.79467577e+00
7.17128000e-07,1.79467577e+00
7.17228000e-07,1.79467577e+00
7.17328000e-07,1.79467577e+00
7.17428000e-07,1.79467577e+00
7.17528000e-07,1.79467577e+00
7.17628000e-07,1.79467577e+00
7.17728000e-07,1.79467577e+00
7.17828000e-07,1.79467577e+00
7.17928000e-07,1.79467577e+00
7.18028000e-07,1.79467577e+00
7.18128000e-07,1.79467577e+00
7.18228000e-07,1.79467577e+00
7.18328000e-07,1.79467577e+00
7.18428000e-07,1.79467577e+00
7.18528000e-07,1.79467577e+00
7.18628000e-07,1.79467577e+00
7.18728000e-07,1.79467577e+00
7.18828000e-07,1.79467577e+00
7.18928000e-07,1.79467577e+00
7.19028000e-07,1.79467577e+00
7.19128000e-07,1.79467577e+00
7.19228000e-07,1.79467577e+00
7.19328000e-07,1.79467577e+00
7.19428000e-07,1.79467577e+00
7.19528000e-07,1.79467577e+00
7.19628000e-07,1.79467577e+00
7.19728000e-07,1.79467577e+00
7.19828000e-07,1.79467576e+00
7.19928000e-07,1.79467576e+00
7.20028000e-07,1.79467576e+00
7.20128000e-07,1.79467576e+00
7.20228000e-07,1.79467576e+00
7.20328000e-07,1.79467576e+00
7.20428000e-07,1.79467576e+00
7.20528000e-07,1.79467576e+00
7.20628000e-07,1.79467576e+00
7.20728000e-07,1.79467576e+00
7.20828000e-07,1.79467576e+00
7.20928000e-07,1.79467576e+00
7.21028000e-07,1.79467576e+00
7.21128000e-07,1.79467576e+00
7.21228000e-07,1.79467576e+00
7.21328000e-07,1.79467576e+00
7.21428000e-07,1.79467576e+00
7.21528000e-07,1.79467576e+00
7.21628000e-07,1.79467576e+00
7.21728000e-07,1.79467576e+00
7.21828000e-07,1.79467576e+00
7.21928000e-07,1.79467576e+00
7.22028000e-07,1.79467576e+00
7.22128000e-07,1.79467576e+00
7.22228000e-07,1.79467576e+00
7.22328000e-07,1.79467576e+00
7.22428000e-07,1.79467576e+00
7.22528000e-07,1.79467576e+00
7.22628000e-07,1.79467576e+00
7.22728000e-07,1.79467576e+00
7.22828000e-07,1.79467576e+00
7.22928000e-07,1.79467575e+00
7.23028000e-07,1.79467575e+00
7.23128000e-07,1.79467575e+00
7.23228000e-07,1.79467575e+00
7.23328000e-07,1.79467575e+00
7.23428000e-07,1.79467575e+00
7.23528000e-07,1.79467575e+00
7.23628000e-07,1.79467575e+00
7.23728000e-07,1.79467575e+00
7.23828000e-07,1.79467575e+00
7.23928000e-07,1.79467575e+00
7.24028000e-07,1.79467575e+00
7.24128000e-07,1.79467575e+00
7.24228000e-07,1.79467575e+00
7.24328000e-07,1.79467575e+00
7.24428000e-07,1.79467575e+00
7.24528000e-07,1.79467575e+00
7.24628000e-07,1.79467575e+00
7.24728000e-07,1.79467575e+00
7.24828000e-07,1.79467575e+00
7.24928000e-07,1.79467575e+00
7.25028000e-07,1.79467575e+00
7.25128000e-07,1.79467575e+00
7.25228000e-07,1.79467575e+00
7.25328000e-07,1.79467575e+00
7.25428000e-07,1.79467575e+00
7.25528000e-07,1.79467575e+00
7.25628000e-07,1.79467575e+00
7.25728000e-07,1.79467575e+00
7.25828000e-07,1.79467575e+00
7.25928000e-07,1.79467574e+00
7.26028000e-07,1.79467574e+00
7.26128000e-07,1.79467574e+00
7.26228000e-07,1.79467574e+00
7.26328000e-07,1.79467574e+00
7.26428000e-07,1.79467574e+00
7.26528000e-07,1.79467574e+00
7.26628000e-07,1.79467574e+00
7.26728000e-07,1.79467574e+00
7.26828000e-07,1.79467574e+00
7.26928000e-07,1.79467574e+00
7.27028000e-07,1.79467574e+00
7.27128000e-07,1.79467574e+00
7.27228000e-07,1.79467574e+00
7.27328000e-07,1.79467574e+00
7.27428000e-07,1.79467574e+00
7.27528000e-07,1.79467574e+00
7.27628000e-07,1.79467574e+00
7.27728000e-07,1.79467574e+00
7.27828000e-07,1.79467574e+00
7.27928000e-07,1.79467574e+00
7.28028000e-07,1.79467574e+00
7.28128000e-07,1.79467574e+00
7.28228000e-07,1.79467574e+00
7.28328000e-07,1.79467574e+00
7.28428000e-07,1.79467574e+00
7.28528000e-07,1.79467574e+00
7.28628000e-07,1.79467574e+00
7.28728000e-07,1.79467574e+00
7.28828000e-07,1.79467573e+00
7.28928000e-07,1.79467573e+00
7.29028000e-07,1.79467573e+00
7.29128000e-07,1.79467573e+00
7.29228000e-07,1.79467573e+00
7.29328000e-07,1.79467573e+00
7.29428000e-07,1.79467573e+00
7.29528000e-07,1.79467573e+00
7.29628000e-07,1.79467573e+00
7.29728000e-07,1.79467573e+00
7.29828000e-07,1.79467573e+00
7.29928000e-07,1.79467573e+00
7.30028000e-07,1.79467573e+00
7.30128000e-07,1.79467573e+00
7.30228000e-07,1.79467573e+00
7.30328000e-07,1.79467573e+00
7.30428000e-07,1.79467573e+00
7.30528000e-07,1.79467573e+00
7.30628000e-07,1.79467573e+00
7.30728000e-07,1.79467573e+00
7.30828000e-07,1.79467573e+00
7.30928000e-07,1.79467573e+00
7.31028000e-07,1.79467573e+00
7.31128000e-07,1.79467573e+00
7.31228000e-07,1.79467573e+00
7.31328000e-07,1.79467573e+00
7.31428000e-07,1.79467573e+00
7.31528000e-07,1.79467573e+00
7.31628000e-07,1.79467573e+00
7.31728000e-07,1.79467573e+00
7.31828000e-07,1.79467572e+00
7.31928000e-07,1.79467572e+00
7.32028000e-07,1.79467572e+00
7.32128000e-07,1.79467572e+00
7.32228000e-07,1.79467572e+00
7.32328000e-07,1.79467572e+00
7.32428000e-07,1.79467572e+00
7.32528000e-07,1.79467572e+00
7.32628000e-07,1.79467572e+00
7.32728000e-07,1.79467572e+00
7.32828000e-07,1.79467572e+00
7.32928000e-07,1.79467572e+00
7.33028000e-07,1.79467572e+00
7.33128000e-07,1.79467572e+00
7.33228000e-07,1.79467572e+00
7.33328000e-07,1.79467572e+00
7.33428000e-07,1.79467572e+00
7.33528000e-07,1.79467572e+00
7.33628000e-07,1.79467572e+00
7.33728000e-07,1.79467572e+00
7.33828000e-07,1.79467572e+00
7.33928000e-07,1.79467572e+00
7.34028000e-07,1.79467572e+00
7.34128000e-07,1.79467572e+00
7.34228000e-07,1.79467572e+00
7.34328000e-07,1.79467572e+00
7.34428000e-07,1.79467572e+00
7.34528000e-07,1.79467572e+00
7.34628000e-07,1.79467572e+00
7.34728000e-07,1.79467571e+00
7.34828000e-07,1.79467571e+00
7.34928000e-07,1.79467571e+00
7.35028000e-07,1.79467571e+00
7.35128000e-07,1.79467571e+00
7.35228000e-07,1.79467571e+00
7.35328000e-07,1.79467571e+00
7.35428000e-07,1.79467571e+00
7.35528000e-07,1.79467571e+00
7.35628000e-07,1.79467571e+00
7.35728000e-07,1.79467571e+00
7.35828000e-07,1.79467571e+00
7.35928000e-07,1.79467571e+00
7.36028000e-07,1.79467571e+00
7.36128000e-07,1.79467571e+00
7.36228000e-07,1.79467571e+00
7.36328000e-07,1.79467571e+00
7.36428000e-07,1.79467571e+00
7.36528000e-07,1.79467571e+00
7.36628000e-07,1.79467571e+00
7.36728000e-07,1.79467571e+00
7.36828000e-07,1.79467571e+00
7.36928000e-07,1.79467571e+00
7.37028000e-07,1.79467571e+00
7.37128000e-07,1.79467571e+00
7.37228000e-07,1.79467571e+00
7.37328000e-07,1.79467571e+00
7.37428000e-07,1.79467571e+00
7.37528000e-07,1.79467571e+00
7.37628000e-07,1.79467571e+00
7.37728000e-07,1.79467570e+00
7.37828000e-07,1.79467570e+00
7.37928000e-07,1.79467570e+00
7.38028000e-07,1.79467570e+00
7.38128000e-07,1.79467570e+00
7.38228000e-07,1.79467570e+00
7.38328000e-07,1.79467570e+00
7.38428000e-07,1.79467570e+00
7.38528000e-07,1.79467570e+00
7.38628000e-07,1.79467570e+00
7.38728000e-07,1.79467570e+00
7.38828000e-07,1.79467570e+00
7.38928000e-07,1.79467570e+00
7.39028000e-07,1.79467570e+00
7.39128000e-07,1.79467570e+00
7.39228000e-07,1.79467570e+00
7.39328000e-07,1.79467570e+00
7.39428000e-07,1.79467570e+00
7.39528000e-07,1.79467570e+00
7.39628000e-07,1.79467570e+00
7.39728000e-07,1.79467570e+00
7.39828000e-07,1.79467570e+00
7.39928000e-07,1.79467570e+00
7.40028000e-07,1.79467570e+00
7.40128000e-07,1.79467570e+00
7.40228000e-07,1.79467570e+00
7.40328000e-07,1.79467570e+00
7.40428000e-07,1.79467570e+00
7.40528000e-07,1.79467570e+00
7.40628000e-07,1.79467569e+00
7.40728000e-07,1.79467569e+00
7.40828000e-07,1.79467569e+00
7.40928000e-07,1.79467569e+00
7.41028000e-07,1.79467569e+00
7.41128000e-07,1.79467569e+00
7.41228000e-07,1.79467569e+00
7.41328000e-07,1.79467569e+00
7.41428000e-07,1.79467569e+00
7.41528000e-07,1.79467569e+00
7.41628000e-07,1.79467569e+00
7.41728000e-07,1.79467569e+00
7.41828000e-07,1.79467569e+00
7.41928000e-07,1.79467569e+00
7.42028000e-07,1.79467569e+00
7.42128000e-07,1.79467569e+00
7.42228000e-07,1.79467569e+00
7.42328000e-07,1.79467569e+00
7.42428000e-07,1.79467569e+00
7.42528000e-07,1.79467569e+00
7.42628000e-07,1.79467569e+00
7.42728000e-07,1.79467569e+00
7.42828000e-07,1.79467569e+00
7.42928000e-07,1.79467569e+00
7.43028000e-07,1.79467569e+00
7.43128000e-07,1.79467569e+00
7.43228000e-07,1.79467569e+00
7.43328000e-07,1.79467569e+00
7.43428000e-07,1.79467569e+00
7.43528000e-07,1.79467568e+00
7.43628000e-07,1.79467568e+00
7.43728000e-07,1.79467568e+00
7.43828000e-07,1.79467568e+00
7.43928000e-07,1.79467568e+00
7.44028000e-07,1.79467568e+00
7.44128000e-07,1.79467568e+00
7.44228000e-07,1.79467568e+00
7.44328000e-07,1.79467568e+00
7.44428000e-07,1.79467568e+00
7.44528000e-07,1.79467568e+00
7.44628000e-07,1.79467568e+00
7.44728000e-07,1.79467568e+00
7.44828000e-07,1.79467568e+00
7.44928000e-07,1.79467568e+00
7.45028000e-07,1.79467568e+00
7.45128000e-07,1.79467568e+00
7.45228000e-07,1.79467568e+00
7.45328000e-07,1.79467568e+00
7.45428000e-07,1.79467568e+00
7.45528000e-07,1.79467568e+00
7.45628000e-07,1.79467568e+00
7.45728000e-07,1.79467568e+00
7.45828000e-07,1.79467568e+00
7.45928000e-07,1.79467568e+00
7.46028000e-07,1.79467568e+00
7.46128000e-07,1.79467568e+00
7.46228000e-07,1.79467568e+00
7.46328000e-07,1.79467568e+00
7.46428000e-07,1.79467568e+00
7.46528000e-07,1.79467567e+00
7.46628000e-07,1.79467567e+00
7.46728000e-07,1.79467567e+00
7.46828000e-07,1.79467567e+00
7.46928000e-07,1.79467567e+00
7.47028000e-07,1.79467567e+00
7.47128000e-07,1.79467567e+00
7.47228000e-07,1.79467567e+00
7.47328000e-07,1.79467567e+00
7.47428000e-07,1.79467567e+00
7.47528000e-07,1.79467567e+00
7.47628000e-07,1.79467567e+00
7.47728000e-07,1.79467567e+00
7.47828000e-07,1.79467567e+00
7.47928000e-07,1.79467567e+00
7.48028000e-07,1.79467567e+00
7.48128000e-07,1.79467567e+00
7.48228000e-07,1.79467567e+00
7.48328000e-07,1.79467567e+00
7.48428000e-07,1.79467567e+00
7.48528000e-07,1.79467567e+00
7.48628000e-07,1.79467567e+00
7.48728000e-07,1.79467567e+00
7.48828000e-07,1.79467567e+00
7.48928000e-07,1.79467567e+00
7.49028000e-07,1.79467567e+00
7.49128000e-07,1.79467567e+00
7.49228000e-07,1.79467567e+00
7.49328000e-07,1.79467567e+00
7.49428000e-07,1.79467567e+00
7.49528000e-07,1.79467566e+00
7.49628000e-07,1.79467566e+00
7.49728000e-07,1.79467566e+00
7.49828000e-07,1.79467566e+00
7.49928000e-07,1.79467566e+00
7.50028000e-07,1.79467566e+00
7.50128000e-07,1.79467566e+00
7.50228000e-07,1.79467566e+00
7.50328000e-07,1.79467566e+00
7.50428000e-07,1.79467566e+00
7.50528000e-07,1.79467566e+00
7.50628000e-07,1.79467566e+00
7.50728000e-07,1.79467566e+00
7.50828000e-07,1.79467566e+00
7.50928000e-07,1.79467566e+00
7.51028000e-07,1.79467566e+00
7.51128000e-07,1.79467566e+00
7.51228000e-07,1.79467566e+00
7.51328000e-07,1.79467566e+00
7.51428000e-07,1.79467566e+00
7.51528000e-07,1.79467566e+00
7.51628000e-07,1.79467566e+00
7.51728000e-07,1.79467566e+00
7.51828000e-07,1.79467566e+00
7.51928000e-07,1.79467566e+00
7.52028000e-07,1.79467566e+00
7.52128000e-07,1.79467566e+00
7.52228000e-07,1.79467566e+00
7.52328000e-07,1.79467566e+00
7.52428000e-07,1.79467566e+00
7.52528000e-07,1.79467565e+00
7.52628000e-07,1.79467565e+00
7.52728000e-07,1.79467565e+00
7.52828000e-07,1.79467565e+00
7.52928000e-07,1.79467565e+00
7.53028000e-07,1.79467565e+00
7.53128000e-07,1.79467565e+00
7.53228000e-07,1.79467565e+00
7.53328000e-07,1.79467565e+00
7.53428000e-07,1.79467565e+00
7.53528000e-07,1.79467565e+00
7.53628000e-07,1.79467565e+00
7.53728000e-07,1.79467565e+00
7.53828000e-07,1.79467565e+00
7.53928000e-07,1.79467565e+00
7.54028000e-07,1.79467565e+00
7.54128000e-07,1.79467565e+00
7.54228000e-07,1.79467565e+00
7.54328000e-07,1.79467565e+00
7.54428000e-07,1.79467565e+00
7.54528000e-07,1.79467565e+00
7.54628000e-07,1.79467565e+00
7.54728000e-07,1.79467565e+00
7.54828000e-07,1.79467565e+00
7.54928000e-07,1.79467565e+00
7.55028000e-07,1.79467565e+00
7.55128000e-07,1.79467565e+00
7.55228000e-07,1.79467565e+00
7.55328000e-07,1.79467565e+00
7.55428000e-07,1.79467565e+00
7.55528000e-07,1.79467565e+00
7.55628000e-07,1.79467565e+00
7.55728000e-07,1.79467564e+00
7.55828000e-07,1.79467564e+00
7.55928000e-07,1.79467564e+00
7.56028000e-07,1.79467564e+00
7.56128000e-07,1.79467564e+00
7.56228000e-07,1.79467564e+00
7.56328000e-07,1.79467564e+00
7.56428000e-07,1.79467564e+00
7.56528000e-07,1.79467564e+00
7.56628000e-07,1.79467564e+00
7.56728000e-07,1.79467564e+00
7.56828000e-07,1.79467564e+00
7.56928000e-07,1.79467564e+00
7.57028000e-07,1.79467564e+00
7.57128000e-07,1.79467564e+00
7.57228000e-07,1.79467564e+00
7.57328000e-07,1.79467564e+00
7.57428000e-07,1.79467564e+00
7.57528000e-07,1.79467564e+00
7.57628000e-07,1.79467564e+00
7.57728000e-07,1.79467564e+00
7.57828000e-07,1.79467564e+00
7.57928000e-07,1.79467564e+00
7.58028000e-07,1.79467564e+00
7.58128000e-07,1.79467564e+00
7.58228000e-07,1.79467564e+00
7.58328000e-07,1.79467564e+00
7.58428000e-07,1.79467564e+00
7.58528000e-07,1.79467564e+00
7.58628000e-07,1.79467564e+00
7.58728000e-07,1.79467564e+00
7.58828000e-07,1.79467563e+00
7.58928000e-07,1.79467563e+00
7.59028000e-07,1.79467563e+00
7.59128000e-07,1.79467563e+00
7.59228000e-07,1.79467563e+00
7.59328000e-07,1.79467563e+00
7.59428000e-07,1.79467563e+00
7.59528000e-07,1.79467563e+00
7.59628000e-07,1.79467563e+00
7.59728000e-07,1.79467563e+00
7.59828000e-07,1.79467563e+00
7.59928000e-07,1.79467563e+00
7.60028000e-07,1.79467563e+00
7.60128000e-07,1.79467563e+00
7.60228000e-07,1.79467563e+00
7.60328000e-07,1.79467563e+00
7.60428000e-07,1.79467563e+00
7.60528000e-07,1.79467563e+00
7.60628000e-07,1.79467563e+00
7.60728000e-07,1.79467563e+00
7.60828000e-07,1.79467563e+00
7.60928000e-07,1.79467563e+00
7.61028000e-07,1.79467563e+00
7.61128000e-07,1.79467563e+00
7.61228000e-07,1.79467563e+00
7.61328000e-07,1.79467563e+00
7.61428000e-07,1.79467563e+00
7.61528000e-07,1.79467563e+00
7.61628000e-07,1.79467563e+00
7.61728000e-07,1.79467563e+00
7.61828000e-07,1.79467563e+00
7.61928000e-07,1.79467563e+00
7.62028000e-07,1.79467563e+00
7.62128000e-07,1.79467563e+00
7.62228000e-07,1.79467562e+00
7.62328000e-07,1.79467562e+00
7.62428000e-07,1.79467562e+00
7.62528000e-07,1.79467562e+00
7.62628000e-07,1.79467562e+00
7.62728000e-07,1.79467562e+00
7.62828000e-07,1.79467562e+00
7.62928000e-07,1.79467562e+00
7.63028000e-07,1.79467562e+00
7.63128000e-07,1.79467562e+00
7.63228000e-07,1.79467562e+00
7.63328000e-07,1.79467562e+00
7.63428000e-07,1.79467562e+00
7.63528000e-07,1.79467562e+00
7.63628000e-07,1.79467562e+00
7.63728000e-07,1.79467562e+00
7.63828000e-07,1.79467562e+00
7.63928000e-07,1.79467562e+00
7.64028000e-07,1.79467562e+00
7.64128000e-07,1.79467562e+00
7.64228000e-07,1.79467562e+00
7.64328000e-07,1.79467562e+00
7.64428000e-07,1.79467562e+00
7.64528000e-07,1.79467562e+00
7.64628000e-07,1.79467562e+00
7.64728000e-07,1.79467562e+00
7.64828000e-07,1.79467562e+00
7.64928000e-07,1.79467562e+00
7.65028000e-07,1.79467562e+00
7.65128000e-07,1.79467562e+00
7.65228000e-07,1.79467562e+00
7.65328000e-07,1.79467562e+00
7.65428000e-07,1.79467562e+00
7.65528000e-07,1.79467562e+00
7.65628000e-07,1.79467561e+00
7.65728000e-07,1.79467561e+00
7.65828000e-07,1.79467561e+00
7.65928000e-07,1.79467561e+00
7.66028000e-07,1.79467561e+00
7.66128000e-07,1.79467561e+00
7.66228000e-07,1.79467561e+00
7.66328000e-07,1.79467561e+00
7.66428000e-07,1.79467561e+00
7.66528000e-07,1.79467561e+00
7.66628000e-07,1.79467561e+00
7.66728000e-07,1.79467561e+00
7.66828000e-07,1.79467561e+00
7.66928000e-07,1.79467561e+00
7.67028000e-07,1.79467561e+00
7.67128000e-07,1.79467561e+00
7.67228000e-07,1.79467561e+00
7.67328000e-07,1.79467561e+00
7.67428000e-07,1.79467561e+00
7.67528000e-07,1.79467561e+00
7.67628000e-07,1.79467561e+00
7.67728000e-07,1.79467561e+00
7.67828000e-07,1.79467561e+00
7.67928000e-07,1.79467561e+00
7.68028000e-07,1.79467561e+00
7.68128000e-07,1.79467561e+00
7.68228000e-07,1.79467561e+00
7.68328000e-07,1.79467561e+00
7.68428000e-07,1.79467561e+00
7.68528000e-07,1.79467561e+00
7.68628000e-07,1.79467561e+00
7.68728000e-07,1.79467561e+00
7.68828000e-07,1.79467561e+00
7.68928000e-07,1.79467561e+00
7.69028000e-07,1.79467561e+00
7.69128000e-07,1.79467561e+00
7.69228000e-07,1.79467561e+00
7.69328000e-07,1.79467560e+00
7.69428000e-07,1.79467560e+00
7.69528000e-07,1.79467560e+00
7.69628000e-07,1.79467560e+00
7.69728000e-07,1.79467560e+00
7.69828000e-07,1.79467560e+00
7.69928000e-07,1.79467560e+00
7.70028000e-07,1.79467560e+00
7.70128000e-07,1.79467560e+00
7.70228000e-07,1.79467560e+00
7.70328000e-07,1.79467560e+00
7.70428000e-07,1.79467560e+00
7.70528000e-07,1.79467560e+00
7.70628000e-07,1.79467560e+00
7.70728000e-07,1.79467560e+00
7.70828000e-07,1.79467560e+00
7.70928000e-07,1.79467560e+00
7.71028000e-07,1.79467560e+00
7.71128000e-07,1.79467560e+00
7.71228000e-07,1.79467560e+00
7.71328000e-07,1.79467560e+00
7.71428000e-07,1.79467560e+00
7.71528000e-07,1.79467560e+00
7.71628000e-07,1.79467560e+00
7.71728000e-07,1.79467560e+00
7.71828000e-07,1.79467560e+00
7.71928000e-07,1.79467560e+00
7.72028000e-07,1.79467560e+00
7.72128000e-07,1.79467560e+00
7.72228000e-07,1.79467560e+00
7.72328000e-07,1.79467560e+00
7.72428000e-07,1.79467560e+00
7.72528000e-07,1.79467560e+00
7.72628000e-07,1.79467560e+00
7.72728000e-07,1.79467560e+00
7.72828000e-07,1.79467560e+00
7.72928000e-07,1.79467560e+00
7.73028000e-07,1.79467560e+00
7.73128000e-07,1.79467560e+00
7.73228000e-07,1.79467560e+00
7.73328000e-07,1.79467559e+00
7.73428000e-07,1.79467559e+00
7.73528000e-07,1.79467559e+00
7.73628000e-07,1.79467559e+00
7.73728000e-07,1.79467559e+00
7.73828000e-07,1.79467559e+00
7.73928000e-07,1.79467559e+00
7.74028000e-07,1.79467559e+00
7.74128000e-07,1.79467559e+00
7.74228000e-07,1.79467559e+00
7.74328000e-07,1.79467559e+00
7.74428000e-07,1.79467559e+00
7.74528000e-07,1.79467559e+00
7.74628000e-07,1.79467559e+00
7.74728000e-07,1.79467559e+00
7.74828000e-07,1.79467559e+00
7.74928000e-07,1.79467559e+00
7.75028000e-07,1.79467559e+00
7.75128000e-07,1.79467559e+00
7.75228000e-07,1.79467559e+00
7.75328000e-07,1.79467559e+00
7.75428000e-07,1.79467559e+00
7.75528000e-07,1.79467559e+00
7.75628000e-07,1.79467559e+00
7.75728000e-07,1.79467559e+00
7.75828000e-07,1.79467559e+00
7.75928000e-07,1.79467559e+00
7.76028000e-07,1.79467559e+00
7.76128000e-07,1.79467559e+00
7.76228000e-07,1.79467559e+00
7.76328000e-07,1.79467559e+00
7.76428000e-07,1.79467559e+00
7.76528000e-07,1.79467559e+00
7.76628000e-07,1.79467559e+00
7.76728000e-07,1.79467559e+00
7.76828000e-07,1.79467559e+00
7.76928000e-07,1.79467559e+00
7.77028000e-07,1.79467559e+00
7.77128000e-07,1.79467559e+00
7.77228000e-07,1.79467559e+00
7.77328000e-07,1.79467559e+00
7.77428000e-07,1.79467559e+00
7.77528000e-07,1.79467559e+00
7.77628000e-07,1.79467559e+00
7.77728000e-07,1.79467559e+00
7.77828000e-07,1.79467558e+00
7.77928000e-07,1.79467558e+00
7.78028000e-07,1.79467558e+00
7.78128000e-07,1.79467558e+00
7.78228000e-07,1.79467558e+00
7.78328000e-07,1.79467558e+00
7.78428000e-07,1.79467558e+00
7.78528000e-07,1.79467558e+00
7.78628000e-07,1.79467558e+00
7.78728000e-07,1.79467558e+00
7.78828000e-07,1.79467558e+00
7.78928000e-07,1.79467558e+00
7.79028000e-07,1.79467558e+00
7.79128000e-07,1.79467558e+00
7.79228000e-07,1.79467558e+00
7.79328000e-07,1.79467558e+00
7.79428000e-07,1.79467558e+00
7.79528000e-07,1.79467558e+00
7.79628000e-07,1.79467558e+00
7.79728000e-07,1.79467558e+00
7.79828000e-07,1.79467558e+00
7.79928000e-07,1.79467558e+00
7.80028000e-07,1.79467558e+00
7.80128000e-07,1.79467558e+00
7.80228000e-07,1.79467558e+00
7.80328000e-07,1.79467558e+00
7.80428000e-07,1.79467558e+00
7.80528000e-07,1.79467558e+00
7.80628000e-07,1.79467558e+00
7.80728000e-07,1.79467558e+00
7.80828000e-07,1.79467558e+00
7.80928000e-07,1.79467558e+00
7.81028000e-07,1.79467558e+00
7.81128000e-07,1.79467558e+00
7.81228000e-07,1.79467558e+00
7.81328000e-07,1.79467558e+00
7.81428000e-07,1.79467558e+00
7.81528000e-07,1.79467558e+00
7.81628000e-07,1.79467558e+00
7.81728000e-07,1.79467558e+00
7.81828000e-07,1.79467558e+00
7.81928000e-07,1.79467558e+00
7.82028000e-07,1.79467558e+00
7.82128000e-07,1.79467558e+00
7.82228000e-07,1.79467558e+00
7.82328000e-07,1.79467558e+00
7.82428000e-07,1.79467558e+00
7.82528000e-07,1.79467558e+00
7.82628000e-07,1.79467558e+00
7.82728000e-07,1.79467558e+00
7.82828000e-07,1.79467558e+00
7.82928000e-07,1.79467558e+00
7.83028000e-07,1.79467557e+00
7.83128000e-07,1.79467557e+00
7.83228000e-07,1.79467557e+00
7.83328000e-07,1.79467557e+00
7.83428000e-07,1.79467557e+00
7.83528000e-07,1.79467557e+00
7.83628000e-07,1.79467557e+00
7.83728000e-07,1.79467557e+00
7.83828000e-07,1.79467557e+00
7.83928000e-07,1.79467557e+00
7.84028000e-07,1.79467557e+00
7.84128000e-07,1.79467557e+00
7.84228000e-07,1.79467557e+00
7.84328000e-07,1.79467557e+00
7.84428000e-07,1.79467557e+00
7.84528000e-07,1.79467557e+00
7.84628000e-07,1.79467557e+00
7.84728000e-07,1.79467557e+00
7.84828000e-07,1.79467557e+00
7.84928000e-07,1.79467557e+00
7.85028000e-07,1.79467557e+00
7.85128000e-07,1.79467557e+00
7.85228000e-07,1.79467557e+00
7.85328000e-07,1.79467557e+00
7.85428000e-07,1.79467557e+00
7.85528000e-07,1.79467557e+00
7.85628000e-07,1.79467557e+00
7.85728000e-07,1.79467557e+00
7.85828000e-07,1.79467557e+00
7.85928000e-07,1.79467557e+00
7.86028000e-07,1.79467557e+00
7.86128000e-07,1.79467557e+00
7.86228000e-07,1.79467557e+00
7.86328000e-07,1.79467557e+00
7.86428000e-07,1.79467557e+00
7.86528000e-07,1.79467557e+00
7.86628000e-07,1.79467557e+00
7.86728000e-07,1.79467557e+00
7.86828000e-07,1.79467557e+00
7.86928000e-07,1.79467557e+00
7.87028000e-07,1.79467557e+00
7.87128000e-07,1.79467557e+00
7.87228000e-07,1.79467557e+00
7.87328000e-07,1.79467557e+00
7.87428000e-07,1.79467557e+00
7.87528000e-07,1.79467557e+00
7.87628000e-07,1.79467557e+00
7.87728000e-07,1.79467557e+00
7.87828000e-07,1.79467557e+00
7.87928000e-07,1.79467557e+00
7.88028000e-07,1.79467557e+00
7.88128000e-07,1.79467557e+00
7.88228000e-07,1.79467557e+00
7.88328000e-07,1.79467557e+00
7.88428000e-07,1.79467557e+00
7.88528000e-07,1.79467557e+00
7.88628000e-07,1.79467557e+00
7.88728000e-07,1.79467557e+00
7.88828000e-07,1.79467557e+00
7.88928000e-07,1.79467557e+00
7.89028000e-07,1.79467557e+00
7.89128000e-07,1.79467557e+00
7.89228000e-07,1.79467557e+00
7.89328000e-07,1.79467557e+00
7.89428000e-07,1.79467557e+00
7.89528000e-07,1.79467557e+00
7.89628000e-07,1.79467557e+00
7.89728000e-07,1.79467557e+00
7.89828000e-07,1.79467557e+00
7.89928000e-07,1.79467557e+00
7.90028000e-07,1.79467556e+00
7.90128000e-07,1.79467556e+00
7.90228000e-07,1.79467556e+00
7.90328000e-07,1.79467556e+00
7.90428000e-07,1.79467556e+00
7.90528000e-07,1.79467556e+00
7.90628000e-07,1.79467556e+00
7.90728000e-07,1.79467556e+00
7.90828000e-07,1.79467556e+00
7.90928000e-07,1.79467556e+00
7.91028000e-07,1.79467556e+00
7.91128000e-07,1.79467556e+00
7.91228000e-07,1.79467556e+00
7.91328000e-07,1.79467556e+00
7.91428000e-07,1.79467556e+00
7.91528000e-07,1.79467556e+00
7.91628000e-07,1.79467556e+00
7.91728000e-07,1.79467556e+00
7.91828000e-07,1.79467556e+00
7.91928000e-07,1.79467556e+00
7.92028000e-07,1.79467556e+00
7.92128000e-07,1.79467556e+00
7.92228000e-07,1.79467556e+00
7.92328000e-07,1.79467556e+00
7.92428000e-07,1.79467556e+00
7.92528000e-07,1.79467556e+00
7.92628000e-07,1.79467556e+00
7.92728000e-07,1.79467556e+00
7.92828000e-07,1.79467556e+00
7.92928000e-07,1.79467556e+00
7.93028000e-07,1.79467556e+00
7.93128000e-07,1.79467556e+00
7.93228000e-07,1.79467556e+00
7.93328000e-07,1.79467556e+00
7.93428000e-07,1.79467556e+00
7.93528000e-07,1.79467556e+00
7.93628000e-07,1.79467556e+00
7.93728000e-07,1.79467556e+00
7.93828000e-07,1.79467556e+00
7.93928000e-07,1.79467556e+00
7.94028000e-07,1.79467556e+00
7.94128000e-07,1.79467556e+00
7.94228000e-07,1.79467556e+00
7.94328000e-07,1.79467556e+00
7.94428000e-07,1.79467556e+00
7.94528000e-07,1.79467556e+00
7.94628000e-07,1.79467556e+00
7.94728000e-07,1.79467556e+00
7.94828000e-07,1.79467556e+00
7.94928000e-07,1.79467556e+00
7.95028000e-07,1.79467556e+00
7.95128000e-07,1.79467556e+00
7.95228000e-07,1.79467556e+00
7.95328000e-07,1.79467556e+00
7.95428000e-07,1.79467556e+00
7.95528000e-07,1.79467556e+00
7.95628000e-07,1.79467556e+00
7.95728000e-07,1.79467556e+00
7.95828000e-07,1.79467556e+00
7.95928000e-07,1.79467556e+00
7.96028000e-07,1.79467556e+00
7.96128000e-07,1.79467556e+00
7.96228000e-07,1.79467556e+00
7.96328000e-07,1.79467556e+00
7.96428000e-07,1.79467556e+00
7.96528000e-07,1.79467556e+00
7.96628000e-07,1.79467556e+00
7.96728000e-07,1.79467556e+00
7.96828000e-07,1.79467556e+00
7.96928000e-07,1.79467556e+00
7.97028000e-07,1.79467556e+00
7.97128000e-07,1.79467556e+00
7.97228000e-07,1.79467556e+00
7.97328000e-07,1.79467556e+00
7.97428000e-07,1.79467556e+00
7.97528000e-07,1.79467556e+00
7.97628000e-07,1.79467556e+00
7.97728000e-07,1.79467556e+00
7.97828000e-07,1.79467556e+00
7.97928000e-07,1.79467556e+00
7.98028000e-07,1.79467556e+00
7.98128000e-07,1.79467556e+00
7.98228000e-07,1.79467556e+00
7.98328000e-07,1.79467556e+00
7.98428000e-07,1.79467556e+00
7.98528000e-07,1.79467556e+00
7.98628000e-07,1.79467556e+00
7.98728000e-07,1.79467556e+00
7.98828000e-07,1.79467556e+00
7.98928000e-07,1.79467556e+00
7.99028000e-07,1.79467556e+00
7.99128000e-07,1.79467556e+00
7.99228000e-07,1.79467556e+00
7.99328000e-07,1.79467556e+00
7.99428000e-07,1.79467556e+00
7.99528000e-07,1.79467556e+00
7.99628000e-07,1.79467556e+00
7.99728000e-07,1.79467556e+00
7.99828000e-07,1.79467556e+00
7.99928000e-07,1.79467556e+00
8.00028000e-07,1.79467556e+00
8.00128000e-07,1.79467556e+00
8.00228000e-07,1.79467556e+00
8.00328000e-07,1.79467556e+00
8.00428000e-07,1.79467556e+00
8.00528000e-07,1.79467556e+00
8.00628000e-07,1.79467556e+00
8.00728000e-07,1.79467556e+00
8.00828000e-07,1.79467556e+00
8.00928000e-07,1.79467556e+00
8.01028000e-07,1.79467556e+00
8.01128000e-07,1.79467556e+00
8.01228000e-07,1.79467556e+00
8.01328000e-07,1.79467556e+00
8.01428000e-07,1.79467556e+00
8.01528000e-07,1.79467556e+00
8.01628000e-07,1.79467556e+00
8.01728000e-07,1.79467556e+00
8.01828000e-07,1.79467556e+00
8.01928000e-07,1.79467556e+00
8.02028000e-07,1.79467556e+00
8.02128000e-07,1.79467556e+00
8.02228000e-07,1.79467556e+00
8.02328000e-07,1.79467556e+00
8.02428000e-07,1.79467556e+00
8.02528000e-07,1.79467556e+00
8.02628000e-07,1.79467556e+00
8.02728000e-07,1.79467556e+00
8.02828000e-07,1.79467556e+00
8.02928000e-07,1.79467556e+00
8.03028000e-07,1.79467556e+00
8.03128000e-07,1.79467556e+00
8.03228000e-07,1.79467556e+00
8.03328000e-07,1.79467556e+00
8.03428000e-07,1.79467556e+00
8.03528000e-07,1.79467556e+00
8.03628000e-07,1.79467556e+00
8.03728000e-07,1.79467556e+00
8.03828000e-07,1.79467556e+00
8.03928000e-07,1.79467556e+00
8.04028000e-07,1.79467556e+00
8.04128000e-07,1.79467556e+00
8.04228000e-07,1.79467556e+00
8.04328000e-07,1.79467556e+00
8.04428000e-07,1.79467556e+00
8.04528000e-07,1.79467556e+00
8.04628000e-07,1.79467556e+00
8.04728000e-07,1.79467556e+00
8.04828000e-07,1.79467556e+00
8.04928000e-07,1.79467556e+00
8.05028000e-07,1.79467556e+00
8.05128000e-07,1.79467556e+00
8.05228000e-07,1.79467556e+00
8.05328000e-07,1.79467556e+00
8.05428000e-07,1.79467556e+00
8.05528000e-07,1.79467556e+00
8.05628000e-07,1.79467556e+00
8.05728000e-07,1.79467556e+00
8.05828000e-07,1.79467556e+00
8.05928000e-07,1.79467556e+00
8.06028000e-07,1.79467556e+00
8.06128000e-07,1.79467556e+00
8.06228000e-07,1.79467556e+00
8.06328000e-07,1.79467556e+00
8.06428000e-07,1.79467556e+00
8.06528000e-07,1.79467556e+00
8.06628000e-07,1.79467556e+00
8.06728000e-07,1.79467556e+00
8.06828000e-07,1.79467556e+00
8.06928000e-07,1.79467556e+00
8.07028000e-07,1.79467556e+00
8.07128000e-07,1.79467556e+00
8.07228000e-07,1.79467556e+00
8.07328000e-07,1.79467556e+00
8.07428000e-07,1.79467556e+00
8.07528000e-07,1.79467556e+00
8.07628000e-07,1.79467556e+00
8.07728000e-07,1.79467556e+00
8.07828000e-07,1.79467556e+00
8.07928000e-07,1.79467556e+00
8.08028000e-07,1.79467556e+00
8.08128000e-07,1.79467556e+00
8.08228000e-07,1.79467556e+00
8.08328000e-07,1.79467556e+00
8.08428000e-07,1.79467556e+00
8.08528000e-07,1.79467556e+00
8.08628000e-07,1.79467556e+00
8.08728000e-07,1.79467556e+00
8.08828000e-07,1.79467556e+00
8.08928000e-07,1.79467556e+00
8.09028000e-07,1.79467556e+00
8.09128000e-07,1.79467556e+00
8.09228000e-07,1.79467556e+00
8.09328000e-07,1.79467556e+00
8.09428000e-07,1.79467556e+00
8.09528000e-07,1.79467556e+00
8.09628000e-07,1.79467556e+00
8.09728000e-07,1.79467556e+00
8.09828000e-07,1.79467556e+00
8.09928000e-07,1.79467556e+00
8.10028000e-07,1.79467556e+00
8.10128000e-07,1.79467556e+00
8.10228000e-07,1.79467557e+00
8.10328000e-07,1.79467557e+00
8.10428000e-07,1.79467557e+00
8.10528000e-07,1.79467557e+00
8.10628000e-07,1.79467557e+00
8.10728000e-07,1.79467557e+00
8.10828000e-07,1.79467557e+00
8.10928000e-07,1.79467557e+00
8.11028000e-07,1.79467557e+00
8.11128000e-07,1.79467557e+00
8.11228000e-07,1.79467557e+00
8.11328000e-07,1.79467557e+00
8.11428000e-07,1.79467557e+00
8.11528000e-07,1.79467557e+00
8.11628000e-07,1.79467557e+00
8.11728000e-07,1.79467557e+00
8.11828000e-07,1.79467557e+00
8.11928000e-07,1.79467557e+00
8.12028000e-07,1.79467557e+00
8.12128000e-07,1.79467557e+00
8.12228000e-07,1.79467557e+00
8.12328000e-07,1.79467557e+00
8.12428000e-07,1.79467557e+00
8.12528000e-07,1.79467557e+00
8.12628000e-07,1.79467557e+00
8.12728000e-07,1.79467557e+00
8.12828000e-07,1.79467557e+00
8.12928000e-07,1.79467557e+00
8.13028000e-07,1.79467557e+00
8.13128000e-07,1.79467557e+00
8.13228000e-07,1.79467557e+00
8.13328000e-07,1.79467557e+00
8.13428000e-07,1.79467557e+00
8.13528000e-07,1.79467557e+00
8.13628000e-07,1.79467557e+00
8.13728000e-07,1.79467557e+00
8.13828000e-07,1.79467557e+00
8.13928000e-07,1.79467557e+00
8.14028000e-07,1.79467557e+00
8.14128000e-07,1.79467557e+00
8.14228000e-07,1.79467557e+00
8.14328000e-07,1.79467557e+00
8.14428000e-07,1.79467557e+00
8.14528000e-07,1.79467557e+00
8.14628000e-07,1.79467557e+00
8.14728000e-07,1.79467557e+00
8.14828000e-07,1.79467557e+00
8.14928000e-07,1.79467557e+00
8.15028000e-07,1.79467557e+00
8.15128000e-07,1.79467557e+00
8.15228000e-07,1.79467557e+00
8.15328000e-07,1.79467557e+00
8.15428000e-07,1.79467557e+00
8.15528000e-07,1.79467557e+00
8.15628000e-07,1.79467557e+00
8.15728000e-07,1.79467557e+00
8.15828000e-07,1.79467557e+00
8.15928000e-07,1.79467557e+00
8.16028000e-07,1.79467557e+00
8.16128000e-07,1.79467557e+00
8.16228000e-07,1.79467558e+00
8.16328000e-07,1.79467558e+00
8.16428000e-07,1.79467558e+00
8.16528000e-07,1.79467558e+00
8.16628000e-07,1.79467558e+00
8.16728000e-07,1.79467558e+00
8.16828000e-07,1.79467558e+00
8.16928000e-07,1.79467558e+00
8.17028000e-07,1.79467558e+00
8.17128000e-07,1.79467558e+00
8.17228000e-07,1.79467558e+00
8.17328000e-07,1.79467558e+00
8.17428000e-07,1.79467558e+00
8.17528000e-07,1.79467558e+00
8.17628000e-07,1.79467558e+00
8.17728000e-07,1.79467558e+00
8.17828000e-07,1.79467558e+00
8.17928000e-07,1.79467558e+00
8.18028000e-07,1.79467558e+00
8.18128000e-07,1.79467558e+00
8.18228000e-07,1.79467558e+00
8.18328000e-07,1.79467558e+00
8.18428000e-07,1.79467558e+00
8.18528000e-07,1.79467558e+00
8.18628000e-07,1.79467558e+00
8.18728000e-07,1.79467558e+00
8.18828000e-07,1.79467558e+00
8.18928000e-07,1.79467558e+00
8.19028000e-07,1.79467558e+00
8.19128000e-07,1.79467558e+00
8.19228000e-07,1.79467558e+00
8.19328000e-07,1.79467558e+00
8.19428000e-07,1.79467558e+00
8.19528000e-07,1.79467558e+00
8.19628000e-07,1.79467558e+00
8.19728000e-07,1.79467558e+00
8.19828000e-07,1.79467558e+00
8.19928000e-07,1.79467558e+00
8.20028000e-07,1.79467558e+00
8.20128000e-07,1.79467558e+00
8.20228000e-07,1.79467558e+00
8.20328000e-07,1.79467558e+00
8.20428000e-07,1.79467559e+00
8.20528000e-07,1.79467559e+00
8.20628000e-07,1.79467559e+00
8.20728000e-07,1.79467559e+00
8.20828000e-07,1.79467559e+00
8.20928000e-07,1.79467559e+00
8.21028000e-07,1.79467559e+00
8.21128000e-07,1.79467559e+00
8.21228000e-07,1.79467559e+00
8.21328000e-07,1.79467559e+00
8.21428000e-07,1.79467559e+00
8.21528000e-07,1.79467559e+00
8.21628000e-07,1.79467559e+00
8.21728000e-07,1.79467559e+00
8.21828000e-07,1.79467559e+00
8.21928000e-07,1.79467559e+00
8.22028000e-07,1.79467559e+00
8.22128000e-07,1.79467559e+00
8.22228000e-07,1.79467559e+00
8.22328000e-07,1.79467559e+00
8.22428000e-07,1.79467559e+00
8.22528000e-07,1.79467559e+00
8.22628000e-07,1.79467559e+00
8.22728000e-07,1.79467559e+00
8.22828000e-07,1.79467559e+00
8.22928000e-07,1.79467559e+00
8.23028000e-07,1.79467559e+00
8.23128000e-07,1.79467559e+00
8.23228000e-07,1.79467559e+00
8.23328000e-07,1.79467559e+00
8.23428000e-07,1.79467559e+00
8.23528000e-07,1.79467559e+00
8.23628000e-07,1.79467559e+00
8.23728000e-07,1.79467560e+00
8.23828000e-07,1.79467560e+00
8.23928000e-07,1.79467560e+00
8.24028000e-07,1.79467560e+00
8.24128000e-07,1.79467560e+00
8.24228000e-07,1.79467560e+00
8.24328000e-07,1.79467560e+00
8.24428000e-07,1.79467560e+00
8.24528000e-07,1.79467560e+00
8.24628000e-07,1.79467560e+00
8.24728000e-07,1.79467560e+00
8.24828000e-07,1.79467560e+00
8.24928000e-07,1.79467560e+00
8.25028000e-07,1.79467560e+00
8.25128000e-07,1.79467560e+00
8.25228000e-07,1.79467560e+00
8.25328000e-07,1.79467560e+00
8.25428000e-07,1.79467560e+00
8.25528000e-07,1.79467560e+00
8.25628000e-07,1.79467560e+00
8.25728000e-07,1.79467560e+00
8.25828000e-07,1.79467560e+00
8.25928000e-07,1.79467560e+00
8.26028000e-07,1.79467560e+00
8.26128000e-07,1.79467560e+00
8.26228000e-07,1.79467560e+00
8.26328000e-07,1.79467560e+00
8.26428000e-07,1.79467560e+00
8.26528000e-07,1.79467560e+00
8.26628000e-07,1.79467561e+00
8.26728000e-07,1.79467561e+00
8.26828000e-07,1.79467561e+00
8.26928000e-07,1.79467561e+00
8.27028000e-07,1.79467561e+00
8.27128000e-07,1.79467561e+00
8.27228000e-07,1.79467561e+00
8.27328000e-07,1.79467561e+00
8.27428000e-07,1.79467561e+00
8.27528000e-07,1.79467561e+00
8.27628000e-07,1.79467561e+00
8.27728000e-07,1.79467561e+00
8.27828000e-07,1.79467561e+00
8.27928000e-07,1.79467561e+00
8.28028000e-07,1.79467561e+00
8.28128000e-07,1.79467561e+00
8.28228000e-07,1.79467561e+00
8.28328000e-07,1.79467561e+00
8.28428000e-07,1.79467561e+00
8.28528000e-07,1.79467561e+00
8.28628000e-07,1.79467561e+00
8.28728000e-07,1.79467561e+00
8.28828000e-07,1.79467561e+00
8.28928000e-07,1.79467561e+00
8.29028000e-07,1.79467561e+00
8.29128000e-07,1.79467562e+00
8.29228000e-07,1.79467562e+00
8.29328000e-07,1.79467562e+00
8.29428000e-07,1.79467562e+00
8.29528000e-07,1.79467562e+00
8.29628000e-07,1.79467562e+00
8.29728000e-07,1.79467562e+00
8.29828000e-07,1.79467562e+00
8.29928000e-07,1.79467562e+00
8.30028000e-07,1.79467562e+00
8.30128000e-07,1.79467562e+00
8.30228000e-07,1.79467562e+00
8.30328000e-07,1.79467562e+00
8.30428000e-07,1.79467562e+00
8.30528000e-07,1.79467562e+00
8.30628000e-07,1.79467562e+00
8.30728000e-07,1.79467562e+00
8.30828000e-07,1.79467562e+00
8.30928000e-07,1.79467562e+00
8.31028000e-07,1.79467562e+00
8.31128000e-07,1.79467562e+00
8.31228000e-07,1.79467562e+00
8.31328000e-07,1.79467562e+00
8.31428000e-07,1.79467563e+00
8.31528000e-07,1.79467563e+00
8.31628000e-07,1.79467563e+00
8.31728000e-07,1.79467563e+00
8.31828000e-07,1.79467563e+00
8.31928000e-07,1.79467563e+00
8.32028000e-07,1.79467563e+00
8.32128000e-07,1.79467563e+00
8.32228000e-07,1.79467563e+00
8.32328000e-07,1.79467563e+00
8.32428000e-07,1.79467563e+00
8.32528000e-07,1.79467563e+00
8.32628000e-07,1.79467563e+00
8.32728000e-07,1.79467563e+00
8.32828000e-07,1.79467563e+00
8.32928000e-07,1.79467563e+00
8.33028000e-07,1.79467563e+00
8.33128000e-07,1.79467563e+00
8.33228000e-07,1.79467563e+00
8.33328000e-07,1.79467563e+00
8.33428000e-07,1.79467563e+00
8.33528000e-07,1.79467563e+00
8.33628000e-07,1.79467564e+00
8.33728000e-07,1.79467564e+00
8.33828000e-07,1.79467564e+00
8.33928000e-07,1.79467564e+00
8.34028000e-07,1.79467564e+00
8.34128000e-07,1.79467564e+00
8.34228000e-07,1.79467564e+00
8.34328000e-07,1.79467564e+00
8.34428000e-07,1.79467564e+00
8.34528000e-07,1.79467564e+00
8.34628000e-07,1.79467564e+00
8.34728000e-07,1.79467564e+00
8.34828000e-07,1.79467564e+00
8.34928000e-07,1.79467564e+00
8.35028000e-07,1.79467564e+00
8.35128000e-07,1.79467564e+00
8.35228000e-07,1.79467564e+00
8.35328000e-07,1.79467564e+00
8.35428000e-07,1.79467564e+00
8.35528000e-07,1.79467565e+00
8.35628000e-07,1.79467565e+00
8.35728000e-07,1.79467565e+00
8.35828000e-07,1.79467565e+00
8.35928000e-07,1.79467565e+00
8.36028000e-07,1.79467565e+00
8.36128000e-07,1.79467565e+00
8.36228000e-07,1.79467565e+00
8.36328000e-07,1.79467565e+00
8.36428000e-07,1.79467565e+00
8.36528000e-07,1.79467565e+00
8.36628000e-07,1.79467565e+00
8.36728000e-07,1.79467565e+00
8.36828000e-07,1.79467565e+00
8.36928000e-07,1.79467565e+00
8.37028000e-07,1.79467565e+00
8.37128000e-07,1.79467565e+00
8.37228000e-07,1.79467565e+00
8.37328000e-07,1.79467565e+00
8.37428000e-07,1.79467566e+00
8.37528000e-07,1.79467566e+00
8.37628000e-07,1.79467566e+00
8.37728000e-07,1.79467566e+00
8.37828000e-07,1.79467566e+00
8.37928000e-07,1.79467566e+00
8.38028000e-07,1.79467566e+00
8.38128000e-07,1.79467566e+00
8.38228000e-07,1.79467566e+00
8.38328000e-07,1.79467566e+00
8.38428000e-07,1.79467566e+00
8.38528000e-07,1.79467566e+00
8.38628000e-07,1.79467566e+00
8.38728000e-07,1.79467566e+00
8.38828000e-07,1.79467566e+00
8.38928000e-07,1.79467566e+00
8.39028000e-07,1.79467566e+00
8.39128000e-07,1.79467567e+00
8.39228000e-07,1.79467567e+00
8.39328000e-07,1.79467567e+00
8.39428000e-07,1.79467567e+00
8.39528000e-07,1.79467567e+00
8.39628000e-07,1.79467567e+00
8.39728000e-07,1.79467567e+00
8.39828000e-07,1.79467567e+00
8.39928000e-07,1.79467567e+00
8.40028000e-07,1.79467567e+00
8.40128000e-07,1.79467567e+00
8.40228000e-07,1.79467567e+00
8.40328000e-07,1.79467567e+00
8.40428000e-07,1.79467567e+00
8.40528000e-07,1.79467567e+00
8.40628000e-07,1.79467567e+00
8.40728000e-07,1.79467567e+00
8.40828000e-07,1.79467568e+00
8.40928000e-07,1.79467568e+00
8.41028000e-07,1.79467568e+00
8.41128000e-07,1.79467568e+00
8.41228000e-07,1.79467568e+00
8.41328000e-07,1.79467568e+00
8.41428000e-07,1.79467568e+00
8.41528000e-07,1.79467568e+00
8.41628000e-07,1.79467568e+00
8.41728000e-07,1.79467568e+00
8.41828000e-07,1.79467568e+00
8.41928000e-07,1.79467568e+00
8.42028000e-07,1.79467568e+00
8.42128000e-07,1.79467568e+00
8.42228000e-07,1.79467568e+00
8.42328000e-07,1.79467569e+00
8.42428000e-07,1.79467569e+00
8.42528000e-07,1.79467569e+00
8.42628000e-07,1.79467569e+00
8.42728000e-07,1.79467569e+00
8.42828000e-07,1.79467569e+00
8.42928000e-07,1.79467569e+00
8.43028000e-07,1.79467569e+00
8.43128000e-07,1.79467569e+00
8.43228000e-07,1.79467569e+00
8.43328000e-07,1.79467569e+00
8.43428000e-07,1.79467569e+00
8.43528000e-07,1.79467569e+00
8.43628000e-07,1.79467569e+00
8.43728000e-07,1.79467569e+00
8.43828000e-07,1.79467570e+00
8.43928000e-07,1.79467570e+00
8.44028000e-07,1.79467570e+00
8.44128000e-07,1.79467570e+00
8.44228000e-07,1.79467570e+00
8.44328000e-07,1.79467570e+00
8.44428000e-07,1.79467570e+00
8.44528000e-07,1.79467570e+00
8.44628000e-07,1.79467570e+00
8.44728000e-07,1.79467570e+00
8.44828000e-07,1.79467570e+00
8.44928000e-07,1.79467570e+00
8.45028000e-07,1.79467570e+00
8.45128000e-07,1.79467570e+00
8.45228000e-07,1.79467570e+00
8.45328000e-07,1.79467571e+00
8.45428000e-07,1.79467571e+00
8.45528000e-07,1.79467571e+00
8.45628000e-07,1.79467571e+00
8.45728000e-07,1.79467571e+00
8.45828000e-07,1.79467571e+00
8.45928000e-07,1.79467571e+00
8.46028000e-07,1.79467571e+00
8.46128000e-07,1.79467571e+00
8.46228000e-07,1.79467571e+00
8.46328000e-07,1.79467571e+00
8.46428000e-07,1.79467571e+00
8.46528000e-07,1.79467571e+00
8.46628000e-07,1.79467571e+00
8.46728000e-07,1.79467572e+00
8.46828000e-07,1.79467572e+00
8.46928000e-07,1.79467572e+00
8.47028000e-07,1.79467572e+00
8.47128000e-07,1.79467572e+00
8.47228000e-07,1.79467572e+00
8.47328000e-07,1.79467572e+00
8.47428000e-07,1.79467572e+00
8.47528000e-07,1.79467572e+00
8.47628000e-07,1.79467572e+00
8.47728000e-07,1.79467572e+00
8.47828000e-07,1.79467572e+00
8.47928000e-07,1.79467572e+00
8.48028000e-07,1.79467573e+00
8.48128000e-07,1.79467573e+00
8.48228000e-07,1.79467573e+00
8.48328000e-07,1.79467573e+00
8.48428000e-07,1.79467573e+00
8.48528000e-07,1.79467573e+00
8.48628000e-07,1.79467573e+00
8.48728000e-07,1.79467573e+00
8.48828000e-07,1.79467573e+00
8.48928000e-07,1.79467573e+00
8.49028000e-07,1.79467573e+00
8.49128000e-07,1.79467573e+00
8.49228000e-07,1.79467573e+00
8.49328000e-07,1.79467574e+00
8.49428000e-07,1.79467574e+00
8.49528000e-07,1.79467574e+00
8.49628000e-07,1.79467574e+00
8.49728000e-07,1.79467574e+00
8.49828000e-07,1.79467574e+00
8.49928000e-07,1.79467574e+00
8.50028000e-07,1.79467574e+00
8.50128000e-07,1.79467574e+00
8.50228000e-07,1.79467574e+00
8.50328000e-07,1.79467574e+00
8.50428000e-07,1.79467574e+00
8.50528000e-07,1.79467574e+00
8.50628000e-07,1.79467575e+00
8.50728000e-07,1.79467575e+00
8.50828000e-07,1.79467575e+00
8.50928000e-07,1.79467575e+00
8.51028000e-07,1.79467575e+00
8.51128000e-07,1.79467575e+00
8.51228000e-07,1.79467575e+00
8.51328000e-07,1.79467575e+00
8.51428000e-07,1.79467575e+00
8.51528000e-07,1.79467575e+00
8.51628000e-07,1.79467575e+00
8.51728000e-07,1.79467575e+00
8.51828000e-07,1.79467576e+00
8.51928000e-07,1.79467576e+00
8.52028000e-07,1.79467576e+00
8.52128000e-07,1.79467576e+00
8.52228000e-07,1.79467576e+00
8.52328000e-07,1.79467576e+00
8.52428000e-07,1.79467576e+00
8.52528000e-07,1.79467576e+00
8.52628000e-07,1.79467576e+00
8.52728000e-07,1.79467576e+00
8.52828000e-07,1.79467576e+00
8.52928000e-07,1.79467576e+00
8.53028000e-07,1.79467577e+00
8.53128000e-07,1.79467577e+00
8.53228000e-07,1.79467577e+00
8.53328000e-07,1.79467577e+00
8.53428000e-07,1.79467577e+00
8.53528000e-07,1.79467577e+00
8.53628000e-07,1.79467577e+00
8.53728000e-07,1.79467577e+00
8.53828000e-07,1.79467577e+00
8.53928000e-07,1.79467577e+00
8.54028000e-07,1.79467577e+00
8.54128000e-07,1.79467578e+00
8.54228000e-07,1.79467578e+00
8.54328000e-07,1.79467578e+00
8.54428000e-07,1.79467578e+00
8.54528000e-07,1.79467578e+00
8.54628000e-07,1.79467578e+00
8.54728000e-07,1.79467578e+00
8.54828000e-07,1.79467578e+00
8.54928000e-07,1.79467578e+00
8.55028000e-07,1.79467578e+00
8.55128000e-07,1.79467578e+00
8.55228000e-07,1.79467578e+00
8.55328000e-07,1.79467579e+00
8.55428000e-07,1.79467579e+00
8.55528000e-07,1.79467579e+00
8.55628000e-07,1.79467579e+00
8.55728000e-07,1.79467579e+00
8.55828000e-07,1.79467579e+00
8.55928000e-07,1.79467579e+00
8.56028000e-07,1.79467579e+00
8.56128000e-07,1.79467579e+00
8.56228000e-07,1.79467579e+00
8.56328000e-07,1.79467579e+00
8.56428000e-07,1.79467580e+00
8.56528000e-07,1.79467580e+00
8.56628000e-07,1.79467580e+00
8.56728000e-07,1.79467580e+00
8.56828000e-07,1.79467580e+00
8.56928000e-07,1.79467580e+00
8.57028000e-07,1.79467580e+00
8.57128000e-07,1.79467580e+00
8.57228000e-07,1.79467580e+00
8.57328000e-07,1.79467580e+00
8.57428000e-07,1.79467580e+00
8.57528000e-07,1.79467581e+00
8.57628000e-07,1.79467581e+00
8.57728000e-07,1.79467581e+00
8.57828000e-07,1.79467581e+00
8.57928000e-07,1.79467581e+00
8.58028000e-07,1.79467581e+00
8.58128000e-07,1.79467581e+00
8.58228000e-07,1.79467581e+00
8.58328000e-07,1.79467581e+00
8.58428000e-07,1.79467581e+00
8.58528000e-07,1.79467582e+00
8.58628000e-07,1.79467582e+00
8.58728000e-07,1.79467582e+00
8.58828000e-07,1.79467582e+00
8.58928000e-07,1.79467582e+00
8.59028000e-07,1.79467582e+00
8.59128000e-07,1.79467582e+00
8.59228000e-07,1.79467582e+00
8.59328000e-07,1.79467582e+00
8.59428000e-07,1.79467582e+00
8.59528000e-07,1.79467582e+00
8.59628000e-07,1.79467583e+00
8.59728000e-07,1.79467583e+00
8.59828000e-07,1.79467583e+00
8.59928000e-07,1.79467583e+00
8.60028000e-07,1.79467583e+00
8.60128000e-07,1.79467583e+00
8.60228000e-07,1.79467583e+00
8.60328000e-07,1.79467583e+00
8.60428000e-07,1.79467583e+00
8.60528000e-07,1.79467583e+00
8.60628000e-07,1.79467584e+00
8.60728000e-07,1.79467584e+00
8.60828000e-07,1.79467584e+00
8.60928000e-07,1.79467584e+00
8.61028000e-07,1.79467584e+00
8.61128000e-07,1.79467584e+00
8.61228000e-07,1.79467584e+00
8.61328000e-07,1.79467584e+00
8.61428000e-07,1.79467584e+00
8.61528000e-07,1.79467584e+00
8.61628000e-07,1.79467585e+00
8.61728000e-07,1.79467585e+00
8.61828000e-07,1.79467585e+00
8.61928000e-07,1.79467585e+00
8.62028000e-07,1.79467585e+00
8.62128000e-07,1.79467585e+00
8.62228000e-07,1.79467585e+00
8.62328000e-07,1.79467585e+00
8.62428000e-07,1.79467585e+00
8.62528000e-07,1.79467586e+00
8.62628000e-07,1.79467586e+00
8.62728000e-07,1.79467586e+00
8.62828000e-07,1.79467586e+00
8.62928000e-07,1.79467586e+00
8.63028000e-07,1.79467586e+00
8.63128000e-07,1.79467586e+00
8.63228000e-07,1.79467586e+00
8.63328000e-07,1.79467586e+00
8.63428000e-07,1.79467586e+00
8.63528000e-07,1.79467587e+00
8.63628000e-07,1.79467587e+00
8.63728000e-07,1.79467587e+00
8.63828000e-07,1.79467587e+00
8.63928000e-07,1.79467587e+00
8.64028000e-07,1.79467587e+00
8.64128000e-07,1.79467587e+00
8.64228000e-07,1.79467587e+00
8.64328000e-07,1.79467587e+00
8.64428000e-07,1.79467588e+00
8.64528000e-07,1.79467588e+00
8.64628000e-07,1.79467588e+00
8.64728000e-07,1.79467588e+00
8.64828000e-07,1.79467588e+00
8.64928000e-07,1.79467588e+00
8.65028000e-07,1.79467588e+00
8.65128000e-07,1.79467588e+00
8.65228000e-07,1.79467588e+00
8.65328000e-07,1.79467588e+00
8.65428000e-07,1.79467589e+00
8.65528000e-07,1.79467589e+00
8.65628000e-07,1.79467589e+00
8.65728000e-07,1.79467589e+00
8.65828000e-07,1.79467589e+00
8.65928000e-07,1.79467589e+00
8.66028000e-07,1.79467589e+00
8.66128000e-07,1.79467589e+00
8.66228000e-07,1.79467589e+00
8.66328000e-07,1.79467590e+00
8.66428000e-07,1.79467590e+00
8.66528000e-07,1.79467590e+00
8.66628000e-07,1.79467590e+00
8.66728000e-07,1.79467590e+00
8.66828000e-07,1.79467590e+00
8.66928000e-07,1.79467590e+00
8.67028000e-07,1.79467590e+00
8.67128000e-07,1.79467590e+00
8.67228000e-07,1.79467591e+00
8.67328000e-07,1.79467591e+00
8.67428000e-07,1.79467591e+00
8.67528000e-07,1.79467591e+00
8.67628000e-07,1.79467591e+00
8.67728000e-07,1.79467591e+00
8.67828000e-07,1.79467591e+00
8.67928000e-07,1.79467591e+00
8.68028000e-07,1.79467591e+00
8.68128000e-07,1.79467592e+00
8.68228000e-07,1.79467592e+00
8.68328000e-07,1.79467592e+00
8.68428000e-07,1.79467592e+00
8.68528000e-07,1.79467592e+00
8.68628000e-07,1.79467592e+00
8.68728000e-07,1.79467592e+00
8.68828000e-07,1.79467592e+00
8.68928000e-07,1.79467593e+00
8.69028000e-07,1.79467593e+00
8.69128000e-07,1.79467593e+00
8.69228000e-07,1.79467593e+00
8.69328000e-07,1.79467593e+00
8.69428000e-07,1.79467593e+00
8.69528000e-07,1.79467593e+00
8.69628000e-07,1.79467593e+00
8.69728000e-07,1.79467593e+00
8.69828000e-07,1.79467594e+00
8.69928000e-07,1.79467594e+00
8.70028000e-07,1.79467594e+00
8.70128000e-07,1.79467594e+00
8.70228000e-07,1.79467594e+00
8.70328000e-07,1.79467594e+00
8.70428000e-07,1.79467594e+00
8.70528000e-07,1.79467594e+00
8.70628000e-07,1.79467595e+00
8.70728000e-07,1.79467595e+00
8.70828000e-07,1.79467595e+00
8.70928000e-07,1.79467595e+00
8.71028000e-07,1.79467595e+00
8.71128000e-07,1.79467595e+00
8.71228000e-07,1.79467595e+00
8.71328000e-07,1.79467595e+00
8.71428000e-07,1.79467595e+00
8.71528000e-07,1.79467596e+00
8.71628000e-07,1.79467596e+00
8.71728000e-07,1.79467596e+00
8.71828000e-07,1.79467596e+00
8.71928000e-07,1.79467596e+00
8.72028000e-07,1.79467596e+00
8.72128000e-07,1.79467596e+00
8.72228000e-07,1.79467596e+00
8.72328000e-07,1.79467597e+00
8.72428000e-07,1.79467597e+00
8.72528000e-07,1.79467597e+00
8.72628000e-07,1.79467597e+00
8.72728000e-07,1.79467597e+00
8.72828000e-07,1.79467597e+00
8.72928000e-07,1.79467597e+00
8.73028000e-07,1.79467597e+00
8.73128000e-07,1.79467598e+00
8.73228000e-07,1.79467598e+00
8.73328000e-07,1.79467598e+00
8.73428000e-07,1.79467598e+00
8.73528000e-07,1.79467598e+00
8.73628000e-07,1.79467598e+00
8.73728000e-07,1.79467598e+00
8.73828000e-07,1.79467598e+00
8.73928000e-07,1.79467599e+00
8.74028000e-07,1.79467599e+00
8.74128000e-07,1.79467599e+00
8.74228000e-07,1.79467599e+00
8.74328000e-07,1.79467599e+00
8.74428000e-07,1.79467599e+00
8.74528000e-07,1.79467599e+00
8.74628000e-07,1.79467599e+00
8.74728000e-07,1.79467600e+00
8.74828000e-07,1.79467600e+00
8.74928000e-07,1.79467600e+00
8.75028000e-07,1.79467600e+00
8.75128000e-07,1.79467600e+00
8.75228000e-07,1.79467600e+00
8.75328000e-07,1.79467600e+00
8.75428000e-07,1.79467600e+00
8.75528000e-07,1.79467601e+00
8.75628000e-07,1.79467601e+00
8.75728000e-07,1.79467601e+00
8.75828000e-07,1.79467601e+00
8.75928000e-07,1.79467601e+00
8.76028000e-07,1.79467601e+00
8.76128000e-07,1.79467601e+00
8.76228000e-07,1.79467601e+00
8.76328000e-07,1.79467602e+00
8.76428000e-07,1.79467602e+00
8.76528000e-07,1.79467602e+00
8.76628000e-07,1.79467602e+00
8.76728000e-07,1.79467602e+00
8.76828000e-07,1.79467602e+00
8.76928000e-07,1.79467602e+00
8.77028000e-07,1.79467602e+00
8.77128000e-07,1.79467603e+00
8.77228000e-07,1.79467603e+00
8.77328000e-07,1.79467603e+00
8.77428000e-07,1.79467603e+00
8.77528000e-07,1.79467603e+00
8.77628000e-07,1.79467603e+00
8.77728000e-07,1.79467603e+00
8.77828000e-07,1.79467604e+00
8.77928000e-07,1.79467604e+00
8.78028000e-07,1.79467604e+00
8.78128000e-07,1.79467604e+00
8.78228000e-07,1.79467604e+00
8.78328000e-07,1.79467604e+00
8.78428000e-07,1.79467604e+00
8.78528000e-07,1.79467604e+00
8.78628000e-07,1.79467605e+00
8.78728000e-07,1.79467605e+00
8.78828000e-07,1.79467605e+00
8.78928000e-07,1.79467605e+00
8.79028000e-07,1.79467605e+00
8.79128000e-07,1.79467605e+00
8.79228000e-07,1.79467605e+00
8.79328000e-07,1.79467606e+00
8.79428000e-07,1.79467606e+00
8.79528000e-07,1.79467606e+00
8.79628000e-07,1.79467606e+00
8.79728000e-07,1.79467606e+00
8.79828000e-07,1.79467606e+00
8.79928000e-07,1.79467606e+00
8.80028000e-07,1.79467606e+00
8.80128000e-07,1.79467607e+00
8.80228000e-07,1.79467607e+00
8.80328000e-07,1.79467607e+00
8.80428000e-07,1.79467607e+00
8.80528000e-07,1.79467607e+00
8.80628000e-07,1.79467607e+00
8.80728000e-07,1.79467607e+00
8.80828000e-07,1.79467608e+00
8.80928000e-07,1.79467608e+00
8.81028000e-07,1.79467608e+00
8.81128000e-07,1.79467608e+00
8.81228000e-07,1.79467608e+00
8.81328000e-07,1.79467608e+00
8.81428000e-07,1.79467608e+00
8.81528000e-07,1.79467609e+00
8.81628000e-07,1.79467609e+00
8.81728000e-07,1.79467609e+00
8.81828000e-07,1.79467609e+00
8.81928000e-07,1.79467609e+00
8.82028000e-07,1.79467609e+00
8.82128000e-07,1.79467609e+00
8.82228000e-07,1.79467609e+00
8.82328000e-07,1.79467610e+00
8.82428000e-07,1.79467610e+00
8.82528000e-07,1.79467610e+00
8.82628000e-07,1.79467610e+00
8.82728000e-07,1.79467610e+00
8.82828000e-07,1.79467610e+00
8.82928000e-07,1.79467610e+00
8.83028000e-07,1.79467611e+00
8.83128000e-07,1.79467611e+00
8.83228000e-07,1.79467611e+00
8.83328000e-07,1.79467611e+00
8.83428000e-07,1.79467611e+00
8.83528000e-07,1.79467611e+00
8.83628000e-07,1.79467611e+00
8.83728000e-07,1.79467612e+00
8.83828000e-07,1.79467612e+00
8.83928000e-07,1.79467612e+00
8.84028000e-07,1.79467612e+00
8.84128000e-07,1.79467612e+00
8.84228000e-07,1.79467612e+00
8.84328000e-07,1.79467612e+00
8.84428000e-07,1.79467613e+00
8.84528000e-07,1.79467613e+00
8.84628000e-07,1.79467613e+00
8.84728000e-07,1.79467613e+00
8.84828000e-07,1.79467613e+00
8.84928000e-07,1.79467613e+00
8.85028000e-07,1.79467613e+00
8.85128000e-07,1.79467614e+00
8.85228000e-07,1.79467614e+00
8.85328000e-07,1.79467614e+00
8.85428000e-07,1.79467614e+00
8.85528000e-07,1.79467614e+00
8.85628000e-07,1.79467614e+00
8.85728000e-07,1.79467614e+00
8.85828000e-07,1.79467615e+00
8.85928000e-07,1.79467615e+00
8.86028000e-07,1.79467615e+00
8.86128000e-07,1.79467615e+00
8.86228000e-07,1.79467615e+00
8.86328000e-07,1.79467615e+00
8.86428000e-07,1.79467615e+00
8.86528000e-07,1.79467616e+00
8.86628000e-07,1.79467616e+00
8.86728000e-07,1.79467616e+00
8.86828000e-07,1.79467616e+00
8.86928000e-07,1.79467616e+00
8.87028000e-07,1.79467616e+00
8.87128000e-07,1.79467616e+00
8.87228000e-07,1.79467617e+00
8.87328000e-07,1.79467617e+00
8.87428000e-07,1.79467617e+00
8.87528000e-07,1.79467617e+00
8.87628000e-07,1.79467617e+00
8.87728000e-07,1.79467617e+00
8.87828000e-07,1.79467618e+00
8.87928000e-07,1.79467618e+00
8.88028000e-07,1.79467618e+00
8.88128000e-07,1.79467618e+00
8.88228000e-07,1.79467618e+00
8.88328000e-07,1.79467618e+00
8.88428000e-07,1.79467618e+00
8.88528000e-07,1.79467619e+00
8.88628000e-07,1.79467619e+00
8.88728000e-07,1.79467619e+00
8.88828000e-07,1.79467619e+00
8.88928000e-07,1.79467619e+00
8.89028000e-07,1.79467619e+00
8.89128000e-07,1.79467619e+00
8.89228000e-07,1.79467620e+00
8.89328000e-07,1.79467620e+00
8.89428000e-07,1.79467620e+00
8.89528000e-07,1.79467620e+00
8.89628000e-07,1.79467620e+00
8.89728000e-07,1.79467620e+00
8.89828000e-07,1.79467621e+00
8.89928000e-07,1.79467621e+00
8.90028000e-07,1.79467621e+00
8.90128000e-07,1.79467621e+00
8.90228000e-07,1.79467621e+00
8.90328000e-07,1.79467621e+00
8.90428000e-07,1.79467621e+00
8.90528000e-07,1.79467622e+00
8.90628000e-07,1.79467622e+00
8.90728000e-07,1.79467622e+00
8.90828000e-07,1.79467622e+00
8.90928000e-07,1.79467622e+00
8.91028000e-07,1.79467622e+00
8.91128000e-07,1.79467622e+00
8.91228000e-07,1.79467623e+00
8.91328000e-07,1.79467623e+00
8.91428000e-07,1.79467623e+00
8.91528000e-07,1.79467623e+00
8.91628000e-07,1.79467623e+00
8.91728000e-07,1.79467623e+00
8.91828000e-07,1.79467624e+00
8.91928000e-07,1.79467624e+00
8.92028000e-07,1.79467624e+00
8.92128000e-07,1.79467624e+00
8.92228000e-07,1.79467624e+00
8.92328000e-07,1.79467624e+00
8.92428000e-07,1.79467624e+00
8.92528000e-07,1.79467625e+00
8.92628000e-07,1.79467625e+00
8.92728000e-07,1.79467625e+00
8.92828000e-07,1.79467625e+00
8.92928000e-07,1.79467625e+00
8.93028000e-07,1.79467625e+00
8.93128000e-07,1.79467626e+00
8.93228000e-07,1.79467626e+00
8.93328000e-07,1.79467626e+00
8.93428000e-07,1.79467626e+00
8.93528000e-07,1.79467626e+00
8.93628000e-07,1.79467626e+00
8.93728000e-07,1.79467626e+00
8.93828000e-07,1.79467627e+00
8.93928000e-07,1.79467627e+00
8.94028000e-07,1.79467627e+00
8.94128000e-07,1.79467627e+00
8.94228000e-07,1.79467627e+00
8.94328000e-07,1.79467627e+00
8.94428000e-07,1.79467628e+00
8.94528000e-07,1.79467628e+00
8.94628000e-07,1.79467628e+00
8.94728000e-07,1.79467628e+00
8.94828000e-07,1.79467628e+00
8.94928000e-07,1.79467628e+00
8.95028000e-07,1.79467629e+00
8.95128000e-07,1.79467629e+00
8.95228000e-07,1.79467629e+00
8.95328000e-07,1.79467629e+00
8.95428000e-07,1.79467629e+00
8.95528000e-07,1.79467629e+00
8.95628000e-07,1.79467629e+00
8.95728000e-07,1.79467630e+00
8.95828000e-07,1.79467630e+00
8.95928000e-07,1.79467630e+00
8.96028000e-07,1.79467630e+00
8.96128000e-07,1.79467630e+00
8.96228000e-07,1.79467630e+00
8.96328000e-07,1.79467631e+00
8.96428000e-07,1.79467631e+00
8.96528000e-07,1.79467631e+00
8.96628000e-07,1.79467631e+00
8.96728000e-07,1.79467631e+00
8.96828000e-07,1.79467631e+00
8.96928000e-07,1.79467632e+00
8.97028000e-07,1.79467632e+00
8.97128000e-07,1.79467632e+00
8.97228000e-07,1.79467632e+00
8.97328000e-07,1.79467632e+00
8.97428000e-07,1.79467632e+00
8.97528000e-07,1.79467633e+00
8.97628000e-07,1.79467633e+00
8.97728000e-07,1.79467633e+00
8.97828000e-07,1.79467633e+00
8.97928000e-07,1.79467633e+00
8.98028000e-07,1.79467633e+00
8.98128000e-07,1.79467633e+00
8.98228000e-07,1.79467634e+00
8.98328000e-07,1.79467634e+00
8.98428000e-07,1.79467634e+00
8.98528000e-07,1.79467634e+00
8.98628000e-07,1.79467634e+00
8.98728000e-07,1.79467634e+00
8.98828000e-07,1.79467635e+00
8.98928000e-07,1.79467635e+00
8.99028000e-07,1.79467635e+00
8.99128000e-07,1.79467635e+00
8.99228000e-07,1.79467635e+00
8.99328000e-07,1.79467635e+00
8.99428000e-07,1.79467636e+00
8.99528000e-07,1.79467636e+00
8.99628000e-07,1.79467636e+00
8.99728000e-07,1.79467636e+00
8.99828000e-07,1.79467636e+00
8.99928000e-07,1.79467636e+00
9.00028000e-07,1.79467637e+00
9.00128000e-07,1.79467637e+00
9.00228000e-07,1.79467637e+00
9.00328000e-07,1.79467637e+00
9.00428000e-07,1.79467637e+00
9.00528000e-07,1.79467637e+00
9.00628000e-07,1.79467638e+00
9.00728000e-07,1.79467638e+00
9.00828000e-07,1.79467638e+00
9.00928000e-07,1.79467638e+00
9.01028000e-07,1.79467638e+00
9.01128000e-07,1.79467638e+00
9.01228000e-07,1.79467639e+00
9.01328000e-07,1.79467639e+00
9.01428000e-07,1.79467639e+00
9.01528000e-07,1.79467639e+00
9.01628000e-07,1.79467639e+00
9.01728000e-07,1.79467639e+00
9.01828000e-07,1.79467640e+00
9.01928000e-07,1.79467640e+00
9.02028000e-07,1.79467640e+00
9.02128000e-07,1.79467640e+00
9.02228000e-07,1.79467640e+00
9.02328000e-07,1.79467640e+00
9.02428000e-07,1.79467641e+00
9.02528000e-07,1.79467641e+00
9.02628000e-07,1.79467641e+00
9.02728000e-07,1.79467641e+00
9.02828000e-07,1.79467641e+00
9.02928000e-07,1.79467641e+00
9.03028000e-07,1.79467642e+00
9.03128000e-07,1.79467642e+00
9.03228000e-07,1.79467642e+00
9.03328000e-07,1.79467642e+00
9.03428000e-07,1.79467642e+00
9.03528000e-07,1.79467642e+00
9.03628000e-07,1.79467643e+00
9.03728000e-07,1.79467643e+00
9.03828000e-07,1.79467643e+00
9.03928000e-07,1.79467643e+00
9.04028000e-07,1.79467643e+00
9.04128000e-07,1.79467643e+00
9.04228000e-07,1.79467644e+00
9.04328000e-07,1.79467644e+00
9.04428000e-07,1.79467644e+00
9.04528000e-07,1.79467644e+00
9.04628000e-07,1.79467644e+00
9.04728000e-07,1.79467644e+00
9.04828000e-07,1.79467645e+00
9.04928000e-07,1.79467645e+00
9.05028000e-07,1.79467645e+00
9.05128000e-07,1.79467645e+00
9.05228000e-07,1.79467645e+00
9.05328000e-07,1.79467645e+00
9.05428000e-07,1.79467646e+00
9.05528000e-07,1.79467646e+00
9.05628000e-07,1.79467646e+00
9.05728000e-07,1.79467646e+00
9.05828000e-07,1.79467646e+00
9.05928000e-07,1.79467646e+00
9.06028000e-07,1.79467647e+00
9.06128000e-07,1.79467647e+00
9.06228000e-07,1.79467647e+00
9.06328000e-07,1.79467647e+00
9.06428000e-07,1.79467647e+00
9.06528000e-07,1.79467647e+00
9.06628000e-07,1.79467648e+00
9.06728000e-07,1.79467648e+00
9.06828000e-07,1.79467648e+00
9.06928000e-07,1.79467648e+00
9.07028000e-07,1.79467648e+00
9.07128000e-07,1.79467648e+00
9.07228000e-07,1.79467649e+00
9.07328000e-07,1.79467649e+00
9.07428000e-07,1.79467649e+00
9.07528000e-07,1.79467649e+00
9.07628000e-07,1.79467649e+00
9.07728000e-07,1.79467649e+00
9.07828000e-07,1.79467650e+00
9.07928000e-07,1.79467650e+00
9.08028000e-07,1.79467650e+00
9.08128000e-07,1.79467650e+00
9.08228000e-07,1.79467650e+00
9.08328000e-07,1.79467650e+00
9.08428000e-07,1.79467651e+00
9.08528000e-07,1.79467651e+00
9.08628000e-07,1.79467651e+00
9.08728000e-07,1.79467651e+00
9.08828000e-07,1.79467651e+00
9.08928000e-07,1.79467651e+00
9.09028000e-07,1.79467652e+00
9.09128000e-07,1.79467652e+00
9.09228000e-07,1.79467652e+00
9.09328000e-07,1.79467652e+00
9.09428000e-07,1.79467652e+00
9.09528000e-07,1.79467653e+00
9.09628000e-07,1.79467653e+00
9.09728000e-07,1.79467653e+00
9.09828000e-07,1.79467653e+00
9.09928000e-07,1.79467653e+00
9.10028000e-07,1.79467653e+00
9.10128000e-07,1.79467654e+00
9.10228000e-07,1.79467654e+00
9.10328000e-07,1.79467654e+00
9.10428000e-07,1.79467654e+00
9.10528000e-07,1.79467654e+00
9.10628000e-07,1.79467654e+00
9.10728000e-07,1.79467655e+00
9.10828000e-07,1.79467655e+00
9.10928000e-07,1.79467655e+00
9.11028000e-07,1.79467655e+00
9.11128000e-07,1.79467655e+00
9.11228000e-07,1.79467655e+00
9.11328000e-07,1.79467656e+00
9.11428000e-07,1.79467656e+00
9.11528000e-07,1.79467656e+00
9.11628000e-07,1.79467656e+00
9.11728000e-07,1.79467656e+00
9.11828000e-07,1.79467656e+00
9.11928000e-07,1.79467657e+00
9.12028000e-07,1.79467657e+00
9.12128000e-07,1.79467657e+00
9.12228000e-07,1.79467657e+00
9.12328000e-07,1.79467657e+00
9.12428000e-07,1.79467658e+00
9.12528000e-07,1.79467658e+00
9.12628000e-07,1.79467658e+00
9.12728000e-07,1.79467658e+00
9.12828000e-07,1.79467658e+00
9.12928000e-07,1.79467658e+00
9.13028000e-07,1.79467659e+00
9.13128000e-07,1.79467659e+00
9.13228000e-07,1.79467659e+00
9.13328000e-07,1.79467659e+00
9.13428000e-07,1.79467659e+00
9.13528000e-07,1.79467659e+00
9.13628000e-07,1.79467660e+00
9.13728000e-07,1.79467660e+00
9.13828000e-07,1.79467660e+00
9.13928000e-07,1.79467660e+00
9.14028000e-07,1.79467660e+00
9.14128000e-07,1.79467660e+00
9.14228000e-07,1.79467661e+00
9.14328000e-07,1.79467661e+00
9.14428000e-07,1.79467661e+00
9.14528000e-07,1.79467661e+00
9.14628000e-07,1.79467661e+00
9.14728000e-07,1.79467662e+00
9.14828000e-07,1.79467662e+00
9.14928000e-07,1.79467662e+00
9.15028000e-07,1.79467662e+00
9.15128000e-07,1.79467662e+00
9.15228000e-07,1.79467662e+00
9.15328000e-07,1.79467663e+00
9.15428000e-07,1.79467663e+00
9.15528000e-07,1.79467663e+00
9.15628000e-07,1.79467663e+00
9.15728000e-07,1.79467663e+00
9.15828000e-07,1.79467663e+00
9.15928000e-07,1.79467664e+00
9.16028000e-07,1.79467664e+00
9.16128000e-07,1.79467664e+00
9.16228000e-07,1.79467664e+00
9.16328000e-07,1.79467664e+00
9.16428000e-07,1.79467664e+00
9.16528000e-07,1.79467665e+00
9.16628000e-07,1.79467665e+00
9.16728000e-07,1.79467665e+00
9.16828000e-07,1.79467665e+00
9.16928000e-07,1.79467665e+00
9.17028000e-07,1.79467666e+00
9.17128000e-07,1.79467666e+00
9.17228000e-07,1.79467666e+00
9.17328000e-07,1.79467666e+00
9.17428000e-07,1.79467666e+00
9.17528000e-07,1.79467666e+00
9.17628000e-07,1.79467667e+00
9.17728000e-07,1.79467667e+00
9.17828000e-07,1.79467667e+00
9.17928000e-07,1.79467667e+00
9.18028000e-07,1.79467667e+00
9.18128000e-07,1.79467667e+00
9.18228000e-07,1.79467668e+00
9.18328000e-07,1.79467668e+00
9.18428000e-07,1.79467668e+00
9.18528000e-07,1.79467668e+00
9.18628000e-07,1.79467668e+00
9.18728000e-07,1.79467668e+00
9.18828000e-07,1.79467669e+00
9.18928000e-07,1.79467669e+00
9.19028000e-07,1.79467669e+00
9.19128000e-07,1.79467669e+00
9.19228000e-07,1.79467669e+00
9.19328000e-07,1.79467670e+00
9.19428000e-07,1.79467670e+00
9.19528000e-07,1.79467670e+00
9.19628000e-07,1.79467670e+00
9.19728000e-07,1.79467670e+00
9.19828000e-07,1.79467670e+00
9.19928000e-07,1.79467671e+00
9.20028000e-07,1.79467671e+00
9.20128000e-07,1.79467671e+00
9.20228000e-07,1.79467671e+00
9.20328000e-07,1.79467671e+00
9.20428000e-07,1.79467671e+00
9.20528000e-07,1.79467672e+00
9.20628000e-07,1.79467672e+00
9.20728000e-07,1.79467672e+00
9.20828000e-07,1.79467672e+00
9.20928000e-07,1.79467672e+00
9.21028000e-07,1.79467673e+00
9.21128000e-07,1.79467673e+00
9.21228000e-07,1.79467673e+00
9.21328000e-07,1.79467673e+00
9.21428000e-07,1.79467673e+00
9.21528000e-07,1.79467673e+00
9.21628000e-07,1.79467674e+00
9.21728000e-07,1.79467674e+00
9.21828000e-07,1.79467674e+00
9.21928000e-07,1.79467674e+00
9.22028000e-07,1.79467674e+00
9.22128000e-07,1.79467674e+00
9.22228000e-07,1.79467675e+00
9.22328000e-07,1.79467675e+00
9.22428000e-07,1.79467675e+00
9.22528000e-07,1.79467675e+00
9.22628000e-07,1.79467675e+00
9.22728000e-07,1.79467675e+00
9.22828000e-07,1.79467676e+00
9.22928000e-07,1.79467676e+00
9.23028000e-07,1.79467676e+00
9.23128000e-07,1.79467676e+00
9.23228000e-07,1.79467676e+00
9.23328000e-07,1.79467677e+00
9.23428000e-07,1.79467677e+00
9.23528000e-07,1.79467677e+00
9.23628000e-07,1.79467677e+00
9.23728000e-07,1.79467677e+00
9.23828000e-07,1.79467677e+00
9.23928000e-07,1.79467678e+00
9.24028000e-07,1.79467678e+00
9.24128000e-07,1.79467678e+00
9.24228000e-07,1.79467678e+00
9.24328000e-07,1.79467678e+00
9.24428000e-07,1.79467678e+00
9.24528000e-07,1.79467679e+00
9.24628000e-07,1.79467679e+00
9.24728000e-07,1.79467679e+00
9.24828000e-07,1.79467679e+00
9.24928000e-07,1.79467679e+00
9.25028000e-07,1.79467679e+00
9.25128000e-07,1.79467680e+00
9.25228000e-07,1.79467680e+00
9.25328000e-07,1.79467680e+00
9.25428000e-07,1.79467680e+00
9.25528000e-07,1.79467680e+00
9.25628000e-07,1.79467681e+00
9.25728000e-07,1.79467681e+00
9.25828000e-07,1.79467681e+00
9.25928000e-07,1.79467681e+00
9.26028000e-07,1.79467681e+00
9.26128000e-07,1.79467681e+00
9.26228000e-07,1.79467682e+00
9.26328000e-07,1.79467682e+00
9.26428000e-07,1.79467682e+00
9.26528000e-07,1.79467682e+00
9.26628000e-07,1.79467682e+00
9.26728000e-07,1.79467682e+00
9.26828000e-07,1.79467683e+00
9.26928000e-07,1.79467683e+00
9.27028000e-07,1.79467683e+00
9.27128000e-07,1.79467683e+00
9.27228000e-07,1.79467683e+00
9.27328000e-07,1.79467683e+00
9.27428000e-07,1.79467684e+00
9.27528000e-07,1.79467684e+00
9.27628000e-07,1.79467684e+00
9.27728000e-07,1.79467684e+00
9.27828000e-07,1.79467684e+00
9.27928000e-07,1.79467685e+00
9.28028000e-07,1.79467685e+00
9.28128000e-07,1.79467685e+00
9.28228000e-07,1.79467685e+00
9.28328000e-07,1.79467685e+00
9.28428000e-07,1.79467685e+00
9.28528000e-07,1.79467686e+00
9.28628000e-07,1.79467686e+00
9.28728000e-07,1.79467686e+00
9.28828000e-07,1.79467686e+00
9.28928000e-07,1.79467686e+00
9.29028000e-07,1.79467686e+00
9.29128000e-07,1.79467687e+00
9.29228000e-07,1.79467687e+00
9.29328000e-07,1.79467687e+00
9.29428000e-07,1.79467687e+00
9.29528000e-07,1.79467687e+00
9.29628000e-07,1.79467687e+00
9.29728000e-07,1.79467688e+00
9.29828000e-07,1.79467688e+00
9.29928000e-07,1.79467688e+00
9.30028000e-07,1.79467688e+00
9.30128000e-07,1.79467688e+00
9.30228000e-07,1.79467688e+00
9.30328000e-07,1.79467689e+00
9.30428000e-07,1.79467689e+00
9.30528000e-07,1.79467689e+00
9.30628000e-07,1.79467689e+00
9.30728000e-07,1.79467689e+00
9.30828000e-07,1.79467690e+00
9.30928000e-07,1.79467690e+00
9.31028000e-07,1.79467690e+00
9.31128000e-07,1.79467690e+00
9.31228000e-07,1.79467690e+00
9.31328000e-07,1.79467690e+00
9.31428000e-07,1.79467691e+00
9.31528000e-07,1.79467691e+00
9.31628000e-07,1.79467691e+00
9.31728000e-07,1.79467691e+00
9.31828000e-07,1.79467691e+00
9.31928000e-07,1.79467691e+00
9.32028000e-07,1.79467692e+00
9.32128000e-07,1.79467692e+00
9.32228000e-07,1.79467692e+00
9.32328000e-07,1.79467692e+00
9.32428000e-07,1.79467692e+00
9.32528000e-07,1.79467692e+00
9.32628000e-07,1.79467693e+00
9.32728000e-07,1.79467693e+00
9.32828000e-07,1.79467693e+00
9.32928000e-07,1.79467693e+00
9.33028000e-07,1.79467693e+00
9.33128000e-07,1.79467693e+00
9.33228000e-07,1.79467694e+00
9.33328000e-07,1.79467694e+00
9.33428000e-07,1.79467694e+00
9.33528000e-07,1.79467694e+00
9.33628000e-07,1.79467694e+00
9.33728000e-07,1.79467694e+00
9.33828000e-07,1.79467695e+00
9.33928000e-07,1.79467695e+00
9.34028000e-07,1.79467695e+00
9.34128000e-07,1.79467695e+00
9.34228000e-07,1.79467695e+00
9.34328000e-07,1.79467695e+00
9.34428000e-07,1.79467696e+00
9.34528000e-07,1.79467696e+00
9.34628000e-07,1.79467696e+00
9.34728000e-07,1.79467696e+00
9.34828000e-07,1.79467696e+00
9.34928000e-07,1.79467696e+00
9.35028000e-07,1.79467697e+00
9.35128000e-07,1.79467697e+00
9.35228000e-07,1.79467697e+00
9.35328000e-07,1.79467697e+00
9.35428000e-07,1.79467697e+00
9.35528000e-07,1.79467697e+00
9.35628000e-07,1.79467698e+00
9.35728000e-07,1.79467698e+00
9.35828000e-07,1.79467698e+00
9.35928000e-07,1.79467698e+00
9.36028000e-07,1.79467698e+00
9.36128000e-07,1.79467698e+00
9.36228000e-07,1.79467699e+00
9.36328000e-07,1.79467699e+00
9.36428000e-07,1.79467699e+00
9.36528000e-07,1.79467699e+00
9.36628000e-07,1.79467699e+00
9.36728000e-07,1.79467699e+00
9.36828000e-07,1.79467700e+00
9.36928000e-07,1.79467700e+00
9.37028000e-07,1.79467700e+00
9.37128000e-07,1.79467700e+00
9.37228000e-07,1.79467700e+00
9.37328000e-07,1.79467700e+00
9.37428000e-07,1.79467701e+00
9.37528000e-07,1.79467701e+00
9.37628000e-07,1.79467701e+00
9.37728000e-07,1.79467701e+00
9.37828000e-07,1.79467701e+00
9.37928000e-07,1.79467701e+00
9.38028000e-07,1.79467702e+00
9.38128000e-07,1.79467702e+00
9.38228000e-07,1.79467702e+00
9.38328000e-07,1.79467702e+00
9.38428000e-07,1.79467702e+00
9.38528000e-07,1.79467702e+00
9.38628000e-07,1.79467703e+00
9.38728000e-07,1.79467703e+00
9.38828000e-07,1.79467703e+00
9.38928000e-07,1.79467703e+00
9.39028000e-07,1.79467703e+00
9.39128000e-07,1.79467703e+00
9.39228000e-07,1.79467703e+00
9.39328000e-07,1.79467704e+00
9.39428000e-07,1.79467704e+00
9.39528000e-07,1.79467704e+00
9.39628000e-07,1.79467704e+00
9.39728000e-07,1.79467704e+00
9.39828000e-07,1.79467704e+00
9.39928000e-07,1.79467705e+00
9.40028000e-07,1.79467705e+00
9.40128000e-07,1.79467705e+00
9.40228000e-07,1.79467705e+00
9.40328000e-07,1.79467705e+00
9.40428000e-07,1.79467705e+00
9.40528000e-07,1.79467706e+00
9.40628000e-07,1.79467706e+00
9.40728000e-07,1.79467706e+00
9.40828000e-07,1.79467706e+00
9.40928000e-07,1.79467706e+00
9.41028000e-07,1.79467706e+00
9.41128000e-07,1.79467707e+00
9.41228000e-07,1.79467707e+00
9.41328000e-07,1.79467707e+00
9.41428000e-07,1.79467707e+00
9.41528000e-07,1.79467707e+00
9.41628000e-07,1.79467707e+00
9.41728000e-07,1.79467707e+00
9.41828000e-07,1.79467708e+00
9.41928000e-07,1.79467708e+00
9.42028000e-07,1.79467708e+00
9.42128000e-07,1.79467708e+00
9.42228000e-07,1.79467708e+00
9.42328000e-07,1.79467708e+00
9.42428000e-07,1.79467709e+00
9.42528000e-07,1.79467709e+00
9.42628000e-07,1.79467709e+00
9.42728000e-07,1.79467709e+00
9.42828000e-07,1.79467709e+00
9.42928000e-07,1.79467709e+00
9.43028000e-07,1.79467709e+00
9.43128000e-07,1.79467710e+00
9.43228000e-07,1.79467710e+00
9.43328000e-07,1.79467710e+00
9.43428000e-07,1.79467710e+00
9.43528000e-07,1.79467710e+00
9.43628000e-07,1.79467710e+00
9.43728000e-07,1.79467711e+00
9.43828000e-07,1.79467711e+00
9.43928000e-07,1.79467711e+00
9.44028000e-07,1.79467711e+00
9.44128000e-07,1.79467711e+00
9.44228000e-07,1.79467711e+00
9.44328000e-07,1.79467711e+00
9.44428000e-07,1.79467712e+00
9.44528000e-07,1.79467712e+00
9.44628000e-07,1.79467712e+00
9.44728000e-07,1.79467712e+00
9.44828000e-07,1.79467712e+00
9.44928000e-07,1.79467712e+00
9.45028000e-07,1.79467713e+00
9.45128000e-07,1.79467713e+00
9.45228000e-07,1.79467713e+00
9.45328000e-07,1.79467713e+00
9.45428000e-07,1.79467713e+00
9.45528000e-07,1.79467713e+00
9.45628000e-07,1.79467713e+00
9.45728000e-07,1.79467714e+00
9.45828000e-07,1.79467714e+00
9.45928000e-07,1.79467714e+00
9.46028000e-07,1.79467714e+00
9.46128000e-07,1.79467714e+00
9.46228000e-07,1.79467714e+00
9.46328000e-07,1.79467714e+00
9.46428000e-07,1.79467715e+00
9.46528000e-07,1.79467715e+00
9.46628000e-07,1.79467715e+00
9.46728000e-07,1.79467715e+00
9.46828000e-07,1.79467715e+00
9.46928000e-07,1.79467715e+00
9.47028000e-07,1.79467716e+00
9.47128000e-07,1.79467716e+00
9.47228000e-07,1.79467716e+00
9.47328000e-07,1.79467716e+00
9.47428000e-07,1.79467716e+00
9.47528000e-07,1.79467716e+00
9.47628000e-07,1.79467716e+00
9.47728000e-07,1.79467717e+00
9.47828000e-07,1.79467717e+00
9.47928000e-07,1.79467717e+00
9.48028000e-07,1.79467717e+00
9.48128000e-07,1.79467717e+00
9.48228000e-07,1.79467717e+00
9.48328000e-07,1.79467717e+00
9.48428000e-07,1.79467718e+00
9.48528000e-07,1.79467718e+00
9.48628000e-07,1.79467718e+00
9.48728000e-07,1.79467718e+00
9.48828000e-07,1.79467718e+00
9.48928000e-07,1.79467718e+00
9.49028000e-07,1.79467718e+00
9.49128000e-07,1.79467719e+00
9.49228000e-07,1.79467719e+00
9.49328000e-07,1.79467719e+00
9.49428000e-07,1.79467719e+00
9.49528000e-07,1.79467719e+00
9.49628000e-07,1.79467719e+00
9.49728000e-07,1.79467719e+00
9.49828000e-07,1.79467720e+00
9.49928000e-07,1.79467720e+00
9.50028000e-07,1.79467720e+00
9.50128000e-07,1.79467720e+00
9.50228000e-07,1.79467720e+00
9.50328000e-07,1.79467720e+00
9.50428000e-07,1.79467720e+00
9.50528000e-07,1.79467721e+00
9.50628000e-07,1.79467721e+00
9.50728000e-07,1.79467721e+00
9.50828000e-07,1.79467721e+00
9.50928000e-07,1.79467721e+00
9.51028000e-07,1.79467721e+00
9.51128000e-07,1.79467721e+00
9.51228000e-07,1.79467721e+00
9.51328000e-07,1.79467722e+00
9.51428000e-07,1.79467722e+00
9.51528000e-07,1.79467722e+00
9.51628000e-07,1.79467722e+00
9.51728000e-07,1.79467722e+00
9.51828000e-07,1.79467722e+00
9.51928000e-07,1.79467722e+00
9.52028000e-07,1.79467723e+00
9.52128000e-07,1.79467723e+00
9.52228000e-07,1.79467723e+00
9.52328000e-07,1.79467723e+00
9.52428000e-07,1.79467723e+00
9.52528000e-07,1.79467723e+00
9.52628000e-07,1.79467723e+00
9.52728000e-07,1.79467724e+00
9.52828000e-07,1.79467724e+00
9.52928000e-07,1.79467724e+00
9.53028000e-07,1.79467724e+00
9.53128000e-07,1.79467724e+00
9.53228000e-07,1.79467724e+00
9.53328000e-07,1.79467724e+00
9.53428000e-07,1.79467724e+00
9.53528000e-07,1.79467725e+00
9.53628000e-07,1.79467725e+00
9.53728000e-07,1.79467725e+00
9.53828000e-07,1.79467725e+00
9.53928000e-07,1.79467725e+00
9.54028000e-07,1.79467725e+00
9.54128000e-07,1.79467725e+00
9.54228000e-07,1.79467725e+00
9.54328000e-07,1.79467726e+00
9.54428000e-07,1.79467726e+00
9.54528000e-07,1.79467726e+00
9.54628000e-07,1.79467726e+00
9.54728000e-07,1.79467726e+00
9.54828000e-07,1.79467726e+00
9.54928000e-07,1.79467726e+00
9.55028000e-07,1.79467727e+00
9.55128000e-07,1.79467727e+00
9.55228000e-07,1.79467727e+00
9.55328000e-07,1.79467727e+00
9.55428000e-07,1.79467727e+00
9.55528000e-07,1.79467727e+00
9.55628000e-07,1.79467727e+00
9.55728000e-07,1.79467727e+00
9.55828000e-07,1.79467728e+00
9.55928000e-07,1.79467728e+00
9.56028000e-07,1.79467728e+00
9.56128000e-07,1.79467728e+00
9.56228000e-07,1.79467728e+00
9.56328000e-07,1.79467728e+00
9.56428000e-07,1.79467728e+00
9.56528000e-07,1.79467728e+00
9.56628000e-07,1.79467728e+00
9.56728000e-07,1.79467729e+00
9.56828000e-07,1.79467729e+00
9.56928000e-07,1.79467729e+00
9.57028000e-07,1.79467729e+00
9.57128000e-07,1.79467729e+00
9.57228000e-07,1.79467729e+00
9.57328000e-07,1.79467729e+00
9.57428000e-07,1.79467729e+00
9.57528000e-07,1.79467730e+00
9.57628000e-07,1.79467730e+00
9.57728000e-07,1.79467730e+00
9.57828000e-07,1.79467730e+00
9.57928000e-07,1.79467730e+00
9.58028000e-07,1.79467730e+00
9.58128000e-07,1.79467730e+00
9.58228000e-07,1.79467730e+00
9.58328000e-07,1.79467731e+00
9.58428000e-07,1.79467731e+00
9.58528000e-07,1.79467731e+00
9.58628000e-07,1.79467731e+00
9.58728000e-07,1.79467731e+00
9.58828000e-07,1.79467731e+00
9.58928000e-07,1.79467731e+00
9.59028000e-07,1.79467731e+00
9.59128000e-07,1.79467731e+00
9.59228000e-07,1.79467732e+00
9.59328000e-07,1.79467732e+00
9.59428000e-07,1.79467732e+00
9.59528000e-07,1.79467732e+00
9.59628000e-07,1.79467732e+00
9.59728000e-07,1.79467732e+00
9.59828000e-07,1.79467732e+00
9.59928000e-07,1.79467732e+00
9.60028000e-07,1.79467732e+00
9.60128000e-07,1.79467733e+00
9.60228000e-07,1.79467733e+00
9.60328000e-07,1.79467733e+00
9.60428000e-07,1.79467733e+00
9.60528000e-07,1.79467733e+00
9.60628000e-07,1.79467733e+00
9.60728000e-07,1.79467733e+00
9.60828000e-07,1.79467733e+00
9.60928000e-07,1.79467733e+00
9.61028000e-07,1.79467734e+00
9.61128000e-07,1.79467734e+00
9.61228000e-07,1.79467734e+00
9.61328000e-07,1.79467734e+00
9.61428000e-07,1.79467734e+00
9.61528000e-07,1.79467734e+00
9.61628000e-07,1.79467734e+00
9.61728000e-07,1.79467734e+00
9.61828000e-07,1.79467734e+00
9.61928000e-07,1.79467734e+00
9.62028000e-07,1.79467735e+00
9.62128000e-07,1.79467735e+00
9.62228000e-07,1.79467735e+00
9.62328000e-07,1.79467735e+00
9.62428000e-07,1.79467735e+00
9.62528000e-07,1.79467735e+00
9.62628000e-07,1.79467735e+00
9.62728000e-07,1.79467735e+00
9.62828000e-07,1.79467735e+00
9.62928000e-07,1.79467735e+00
9.63028000e-07,1.79467736e+00
9.63128000e-07,1.79467736e+00
9.63228000e-07,1.79467736e+00
9.63328000e-07,1.79467736e+00
9.63428000e-07,1.79467736e+00
9.63528000e-07,1.79467736e+00
9.63628000e-07,1.79467736e+00
9.63728000e-07,1.79467736e+00
9.63828000e-07,1.79467736e+00
9.63928000e-07,1.79467736e+00
9.64028000e-07,1.79467737e+00
9.64128000e-07,1.79467737e+00
9.64228000e-07,1.79467737e+00
9.64328000e-07,1.79467737e+00
9.64428000e-07,1.79467737e+00
9.64528000e-07,1.79467737e+00
9.64628000e-07,1.79467737e+00
9.64728000e-07,1.79467737e+00
9.64828000e-07,1.79467737e+00
9.64928000e-07,1.79467737e+00
9.65028000e-07,1.79467737e+00
9.65128000e-07,1.79467738e+00
9.65228000e-07,1.79467738e+00
9.65328000e-07,1.79467738e+00
9.65428000e-07,1.79467738e+00
9.65528000e-07,1.79467738e+00
9.65628000e-07,1.79467738e+00
9.65728000e-07,1.79467738e+00
9.65828000e-07,1.79467738e+00
9.65928000e-07,1.79467738e+00
9.66028000e-07,1.79467738e+00
9.66128000e-07,1.79467738e+00
9.66228000e-07,1.79467739e+00
9.66328000e-07,1.79467739e+00
9.66428000e-07,1.79467739e+00
9.66528000e-07,1.79467739e+00
9.66628000e-07,1.79467739e+00
9.66728000e-07,1.79467739e+00
9.66828000e-07,1.79467739e+00
9.66928000e-07,1.79467739e+00
9.67028000e-07,1.79467739e+00
9.67128000e-07,1.79467739e+00
9.67228000e-07,1.79467739e+00
9.67328000e-07,1.79467739e+00
9.67428000e-07,1.79467740e+00
9.67528000e-07,1.79467740e+00
9.67628000e-07,1.79467740e+00
9.67728000e-07,1.79467740e+00
9.67828000e-07,1.79467740e+00
9.67928000e-07,1.79467740e+00
9.68028000e-07,1.79467740e+00
9.68128000e-07,1.79467740e+00
9.68228000e-07,1.79467740e+00
9.68328000e-07,1.79467740e+00
9.68428000e-07,1.79467740e+00
9.68528000e-07,1.79467740e+00
9.68628000e-07,1.79467741e+00
9.68728000e-07,1.79467741e+00
9.68828000e-07,1.79467741e+00
9.68928000e-07,1.79467741e+00
9.69028000e-07,1.79467741e+00
9.69128000e-07,1.79467741e+00
9.69228000e-07,1.79467741e+00
9.69328000e-07,1.79467741e+00
9.69428000e-07,1.79467741e+00
9.69528000e-07,1.79467741e+00
9.69628000e-07,1.79467741e+00
9.69728000e-07,1.79467741e+00
9.69828000e-07,1.79467741e+00
9.69928000e-07,1.79467741e+00
9.70028000e-07,1.79467742e+00
9.70128000e-07,1.79467742e+00
9.70228000e-07,1.79467742e+00
9.70328000e-07,1.79467742e+00
9.70428000e-07,1.79467742e+00
9.70528000e-07,1.79467742e+00
9.70628000e-07,1.79467742e+00
9.70728000e-07,1.79467742e+00
9.70828000e-07,1.79467742e+00
9.70928000e-07,1.79467742e+00
9.71028000e-07,1.79467742e+00
9.71128000e-07,1.79467742e+00
9.71228000e-07,1.79467742e+00
9.71328000e-07,1.79467742e+00
9.71428000e-07,1.79467742e+00
9.71528000e-07,1.79467743e+00
9.71628000e-07,1.79467743e+00
9.71728000e-07,1.79467743e+00
9.71828000e-07,1.79467743e+00
9.71928000e-07,1.79467743e+00
9.72028000e-07,1.79467743e+00
9.72128000e-07,1.79467743e+00
9.72228000e-07,1.79467743e+00
9.72328000e-07,1.79467743e+00
9.72428000e-07,1.79467743e+00
9.72528000e-07,1.79467743e+00
9.72628000e-07,1.79467743e+00
9.72728000e-07,1.79467743e+00
9.72828000e-07,1.79467743e+00
9.72928000e-07,1.79467743e+00
9.73028000e-07,1.79467743e+00
9.73128000e-07,1.79467743e+00
9.73228000e-07,1.79467744e+00
9.73328000e-07,1.79467744e+00
9.73428000e-07,1.79467744e+00
9.73528000e-07,1.79467744e+00
9.73628000e-07,1.79467744e+00
9.73728000e-07,1.79467744e+00
9.73828000e-07,1.79467744e+00
9.73928000e-07,1.79467744e+00
9.74028000e-07,1.79467744e+00
9.74128000e-07,1.79467744e+00
9.74228000e-07,1.79467744e+00
9.74328000e-07,1.79467744e+00
9.74428000e-07,1.79467744e+00
9.74528000e-07,1.79467744e+00
9.74628000e-07,1.79467744e+00
9.74728000e-07,1.79467744e+00
9.74828000e-07,1.79467744e+00
9.74928000e-07,1.79467744e+00
9.75028000e-07,1.79467744e+00
9.75128000e-07,1.79467745e+00
9.75228000e-07,1.79467745e+00
9.75328000e-07,1.79467745e+00
9.75428000e-07,1.79467745e+00
9.75528000e-07,1.79467745e+00
9.75628000e-07,1.79467745e+00
9.75728000e-07,1.79467745e+00
9.75828000e-07,1.79467745e+00
9.75928000e-07,1.79467745e+00
9.76028000e-07,1.79467745e+00
9.76128000e-07,1.79467745e+00
9.76228000e-07,1.79467745e+00
9.76328000e-07,1.79467745e+00
9.76428000e-07,1.79467745e+00
9.76528000e-07,1.79467745e+00
9.76628000e-07,1.79467745e+00
9.76728000e-07,1.79467745e+00
9.76828000e-07,1.79467745e+00
9.76928000e-07,1.79467745e+00
9.77028000e-07,1.79467745e+00
9.77128000e-07,1.79467745e+00
9.77228000e-07,1.79467745e+00
9.77328000e-07,1.79467745e+00
9.77428000e-07,1.79467745e+00
9.77528000e-07,1.79467745e+00
9.77628000e-07,1.79467745e+00
9.77728000e-07,1.79467746e+00
9.77828000e-07,1.79467746e+00
9.77928000e-07,1.79467746e+00
9.78028000e-07,1.79467746e+00
9.78128000e-07,1.79467746e+00
9.78228000e-07,1.79467746e+00
9.78328000e-07,1.79467746e+00
9.78428000e-07,1.79467746e+00
9.78528000e-07,1.79467746e+00
9.78628000e-07,1.79467746e+00
9.78728000e-07,1.79467746e+00
9.78828000e-07,1.79467746e+00
9.78928000e-07,1.79467746e+00
9.79028000e-07,1.79467746e+00
9.79128000e-07,1.79467746e+00
9.79228000e-07,1.79467746e+00
9.79328000e-07,1.79467746e+00
9.79428000e-07,1.79467746e+00
9.79528000e-07,1.79467746e+00
9.79628000e-07,1.79467746e+00
9.79728000e-07,1.79467746e+00
9.79828000e-07,1.79467746e+00
9.79928000e-07,1.79467746e+00
9.80028000e-07,1.79467746e+00
9.80128000e-07,1.79467746e+00
9.80228000e-07,1.79467746e+00
9.80328000e-07,1.79467746e+00
9.80428000e-07,1.79467746e+00
9.80528000e-07,1.79467746e+00
9.80628000e-07,1.79467746e+00
9.80728000e-07,1.79467746e+00
9.80828000e-07,1.79467746e+00
9.80928000e-07,1.79467746e+00
9.81028000e-07,1.79467746e+00
9.81128000e-07,1.79467746e+00
9.81228000e-07,1.79467746e+00
9.81328000e-07,1.79467746e+00
9.81428000e-07,1.79467746e+00
9.81528000e-07,1.79467746e+00
9.81628000e-07,1.79467746e+00
9.81728000e-07,1.79467746e+00
9.81828000e-07,1.79467746e+00
9.81928000e-07,1.79467746e+00
9.82028000e-07,1.79467746e+00
9.82128000e-07,1.79467746e+00
9.82228000e-07,1.79467746e+00
9.82328000e-07,1.79467746e+00
9.82428000e-07,1.79467746e+00
9.82528000e-07,1.79467746e+00
9.82628000e-07,1.79467746e+00
9.82728000e-07,1.79467746e+00
9.82828000e-07,1.79467746e+00
9.82928000e-07,1.79467746e+00
9.83028000e-07,1.79467746e+00
9.83128000e-07,1.79467746e+00
9.83228000e-07,1.79467746e+00
9.83328000e-07,1.79467746e+00
9.83428000e-07,1.79467746e+00
9.83528000e-07,1.79467746e+00
9.83628000e-07,1.79467746e+00
9.83728000e-07,1.79467746e+00
9.83828000e-07,1.79467746e+00
9.83928000e-07,1.79467746e+00
9.84028000e-07,1.79467746e+00
9.84128000e-07,1.79467746e+00
9.84228000e-07,1.79467746e+00
9.84328000e-07,1.79467746e+00
9.84428000e-07,1.79467746e+00
9.84528000e-07,1.79467746e+00
9.84628000e-07,1.79467746e+00
9.84728000e-07,1.79467746e+00
9.84828000e-07,1.79467746e+00
9.84928000e-07,1.79467746e+00
9.85028000e-07,1.79467746e+00
9.85128000e-07,1.79467746e+00
9.85228000e-07,1.79467746e+00
9.85328000e-07,1.79467746e+00
9.85428000e-07,1.79467746e+00
9.85528000e-07,1.79467746e+00
9.85628000e-07,1.79467746e+00
9.85728000e-07,1.79467746e+00
9.85828000e-07,1.79467746e+00
9.85928000e-07,1.79467746e+00
9.86028000e-07,1.79467746e+00
9.86128000e-07,1.79467746e+00
9.86228000e-07,1.79467746e+00
9.86328000e-07,1.79467746e+00
9.86428000e-07,1.79467746e+00
9.86528000e-07,1.79467746e+00
9.86628000e-07,1.79467746e+00
9.86728000e-07,1.79467746e+00
9.86828000e-07,1.79467746e+00
9.86928000e-07,1.79467746e+00
9.87028000e-07,1.79467746e+00
9.87128000e-07,1.79467746e+00
9.87228000e-07,1.79467746e+00
9.87328000e-07,1.79467746e+00
9.87428000e-07,1.79467746e+00
9.87528000e-07,1.79467746e+00
9.87628000e-07,1.79467746e+00
9.87728000e-07,1.79467746e+00
9.87828000e-07,1.79467746e+00
9.87928000e-07,1.79467746e+00
9.88028000e-07,1.79467746e+00
9.88128000e-07,1.79467746e+00
9.88228000e-07,1.79467746e+00
9.88328000e-07,1.79467746e+00
9.88428000e-07,1.79467746e+00
9.88528000e-07,1.79467746e+00
9.88628000e-07,1.79467746e+00
9.88728000e-07,1.79467746e+00
9.88828000e-07,1.79467746e+00
9.88928000e-07,1.79467746e+00
9.89028000e-07,1.79467745e+00
9.89128000e-07,1.79467745e+00
9.89228000e-07,1.79467745e+00
9.89328000e-07,1.79467745e+00
9.89428000e-07,1.79467745e+00
9.89528000e-07,1.79467745e+00
9.89628000e-07,1.79467745e+00
9.89728000e-07,1.79467745e+00
9.89828000e-07,1.79467745e+00
9.89928000e-07,1.79467745e+00
9.90028000e-07,1.79467745e+00
9.90128000e-07,1.79467745e+00
9.90228000e-07,1.79467745e+00
9.90328000e-07,1.79467745e+00
9.90428000e-07,1.79467745e+00
9.90528000e-07,1.79467745e+00
9.90628000e-07,1.79467745e+00
9.90728000e-07,1.79467745e+00
9.90828000e-07,1.79467745e+00
9.90928000e-07,1.79467745e+00
9.91028000e-07,1.79467745e+00
9.91128000e-07,1.79467745e+00
9.91228000e-07,1.79467745e+00
9.91328000e-07,1.79467745e+00
9.91428000e-07,1.79467744e+00
9.91528000e-07,1.79467744e+00
9.91628000e-07,1.79467744e+00
9.91728000e-07,1.79467744e+00
9.91828000e-07,1.79467744e+00
9.91928000e-07,1.79467744e+00
9.92028000e-07,1.79467744e+00
9.92128000e-07,1.79467744e+00
9.92228000e-07,1.79467744e+00
9.92328000e-07,1.79467744e+00
9.92428000e-07,1.79467744e+00
9.92528000e-07,1.79467744e+00
9.92628000e-07,1.79467744e+00
9.92728000e-07,1.79467744e+00
9.92828000e-07,1.79467744e+00
9.92928000e-07,1.79467744e+00
9.93028000e-07,1.79467744e+00
9.93128000e-07,1.79467743e+00
9.93228000e-07,1.79467743e+00
9.93328000e-07,1.79467743e+00
9.93428000e-07,1.79467743e+00
9.93528000e-07,1.79467743e+00
9.93628000e-07,1.79467743e+00
9.93728000e-07,1.79467743e+00
9.93828000e-07,1.79467743e+00
9.93928000e-07,1.79467743e+00
9.94028000e-07,1.79467743e+00
9.94128000e-07,1.79467743e+00
9.94228000e-07,1.79467743e+00
9.94328000e-07,1.79467743e+00
9.94428000e-07,1.79467743e+00
9.94528000e-07,1.79467743e+00
9.94628000e-07,1.79467742e+00
9.94728000e-07,1.79467742e+00
9.94828000e-07,1.79467742e+00
9.94928000e-07,1.79467742e+00
9.95028000e-07,1.79467742e+00
9.95128000e-07,1.79467742e+00
9.95228000e-07,1.79467742e+00
9.95328000e-07,1.79467742e+00
9.95428000e-07,1.79467742e+00
9.95528000e-07,1.79467742e+00
9.95628000e-07,1.79467742e+00
9.95728000e-07,1.79467742e+00
9.95828000e-07,1.79467742e+00
9.95928000e-07,1.79467741e+00
9.96028000e-07,1.79467741e+00
9.96128000e-07,1.79467741e+00
9.96228000e-07,1.79467741e+00
9.96328000e-07,1.79467741e+00
9.96428000e-07,1.79467741e+00
9.96528000e-07,1.79467741e+00
9.96628000e-07,1.79467741e+00
9.96728000e-07,1.79467741e+00
9.96828000e-07,1.79467741e+00
9.96928000e-07,1.79467741e+00
9.97028000e-07,1.79467741e+00
9.97128000e-07,1.79467740e+00
9.97228000e-07,1.79467740e+00
9.97328000e-07,1.79467740e+00
9.97428000e-07,1.79467740e+00
9.97528000e-07,1.79467740e+00
9.97628000e-07,1.79467740e+00
9.97728000e-07,1.79467740e+00
9.97828000e-07,1.79467740e+00
9.97928000e-07,1.79467740e+00
9.98028000e-07,1.79467740e+00
9.98128000e-07,1.79467739e+00
9.98228000e-07,1.79467739e+00
9.98328000e-07,1.79467739e+00
9.98428000e-07,1.79467739e+00
9.98528000e-07,1.79467739e+00
9.98628000e-07,1.79467739e+00
9.98728000e-07,1.79467739e+00
9.98828000e-07,1.79467739e+00
9.98928000e-07,1.79467739e+00
9.99028000e-07,1.79467739e+00
9.99128000e-07,1.79467738e+00
9.99228000e-07,1.79467738e+00
9.99328000e-07,1.79467738e+00
9.99428000e-07,1.79467738e+00
9.99528000e-07,1.79467738e+00
9.99628000e-07,1.79467738e+00
9.99728000e-07,1.79467738e+00
9.99828000e-07,1.79467738e+00
9.99928000e-07,1.79467738e+00
1.00002800e-06,1.79467737e+00
1.00012800e-06,1.79467737e+00
1.00022800e-06,1.79467737e+00
1.00032800e-06,1.79467737e+00
1.00042800e-06,1.79467737e+00
1.00052800e-06,1.79467737e+00
1.00062800e-06,1.79467737e+00
1.00072800e-06,1.79467737e+00
1.00082800e-06,1.79467737e+00
1.00092800e-06,1.79467736e+00
1.00102800e-06,1.79467736e+00
1.00112800e-06,1.79467736e+00
1.00122800e-06,1.79467736e+00
1.00132800e-06,1.79467736e+00
1.00142800e-06,1.79467736e+00
1.00152800e-06,1.79467736e+00
1.00162800e-06,1.79467736e+00
1.00172800e-06,1.79467735e+00
1.00182800e-06,1.79467735e+00
1.00192800e-06,1.79467735e+00
1.00202800e-06,1.79467735e+00
1.00212800e-06,1.79467735e+00
1.00222800e-06,1.79467735e+00
1.00232800e-06,1.79467735e+00
1.00242800e-06,1.79467734e+00
1.00252800e-06,1.79467734e+00
1.00262800e-06,1.79467734e+00
1.00272800e-06,1.79467734e+00
1.00282800e-06,1.79467734e+00
1.00292800e-06,1.79467734e+00
1.00302800e-06,1.79467734e+00
1.00312800e-06,1.79467734e+00
1.00322800e-06,1.79467733e+00
1.00332800e-06,1.79467733e+00
1.00342800e-06,1.79467733e+00
1.00352800e-06,1.79467733e+00
1.00362800e-06,1.79467733e+00
1.00372800e-06,1.79467733e+00
1.00382800e-06,1.79467733e+00
1.00392800e-06,1.79467732e+00
1.00402800e-06,1.79467732e+00
1.00412800e-06,1.79467732e+00
1.00422800e-06,1.79467732e+00
1.00432800e-06,1.79467732e+00
1.00442800e-06,1.79467732e+00
1.00452800e-06,1.79467732e+00
1.00462800e-06,1.79467731e+00
1.00472800e-06,1.79467731e+00
1.00482800e-06,1.79467731e+00
1.00492800e-06,1.79467731e+00
1.00502800e-06,1.79467731e+00
1.00512800e-06,1.79467731e+00
1.00522800e-06,1.79467730e+00
1.00532800e-06,1.79467730e+00
1.00542800e-06,1.79467730e+00
1.00552800e-06,1.79467730e+00
1.00562800e-06,1.79467730e+00
1.00572800e-06,1.79467730e+00
1.00582800e-06,1.79467730e+00
1.00592800e-06,1.79467729e+00
1.00602800e-06,1.79467729e+00
1.00612800e-06,1.79467729e+00
1.00622800e-06,1.79467729e+00
1.00632800e-06,1.79467729e+00
1.00642800e-06,1.79467729e+00
1.00652800e-06,1.79467728e+00
1.00662800e-06,1.79467728e+00
1.00672800e-06,1.79467728e+00
1.00682800e-06,1.79467728e+00
1.00692800e-06,1.79467728e+00
1.00702800e-06,1.79467728e+00
1.00712800e-06,1.79467727e+00
1.00722800e-06,1.79467727e+00
1.00732800e-06,1.79467727e+00
1.00742800e-06,1.79467727e+00
1.00752800e-06,1.79467727e+00
1.00762800e-06,1.79467727e+00
1.00772800e-06,1.79467726e+00
1.00782800e-06,1.79467726e+00
1.00792800e-06,1.79467726e+00
1.00802800e-06,1.79467726e+00
1.00812800e-06,1.79467726e+00
1.00822800e-06,1.79467725e+00
1.00832800e-06,1.79467725e+00
1.00842800e-06,1.79467725e+00
1.00852800e-06,1.79467725e+00
1.00862800e-06,1.79467725e+00
1.00872800e-06,1.79467725e+00
1.00882800e-06,1.79467724e+00
1.00892800e-06,1.79467724e+00
1.00902800e-06,1.79467724e+00
1.00912800e-06,1.79467724e+00
1.00922800e-06,1.79467724e+00
1.00932800e-06,1.79467723e+00
1.00942800e-06,1.79467723e+00
1.00952800e-06,1.79467723e+00
1.00962800e-06,1.79467723e+00
1.00972800e-06,1.79467723e+00
1.00982800e-06,1.79467723e+00
1.00992800e-06,1.79467722e+00
1.01002800e-06,1.79467722e+00
1.01012800e-06,1.79467722e+00
1.01022800e-06,1.79467722e+00
1.01032800e-06,1.79467722e+00
1.01042800e-06,1.79467721e+00
1.01052800e-06,1.79467721e+00
1.01062800e-06,1.79467721e+00
1.01072800e-06,1.79467721e+00
1.01082800e-06,1.79467721e+00
1.01092800e-06,1.79467720e+00
1.01102800e-06,1.79467720e+00
1.01112800e-06,1.79467720e+00
1.01122800e-06,1.79467720e+00
1.01132800e-06,1.79467720e+00
1.01142800e-06,1.79467719e+00
1.01152800e-06,1.79467719e+00
1.01162800e-06,1.79467719e+00
1.01172800e-06,1.79467719e+00
1.01182800e-06,1.79467718e+00
1.01192800e-06,1.79467718e+00
1.01202800e-06,1.79467718e+00
1.01212800e-06,1.79467718e+00
1.01222800e-06,1.79467718e+00
1.01232800e-06,1.79467717e+00
1.01242800e-06,1.79467717e+00
1.01252800e-06,1.79467717e+00
1.01262800e-06,1.79467717e+00
1.01272800e-06,1.79467717e+00
1.01282800e-06,1.79467716e+00
1.01292800e-06,1.79467716e+00
1.01302800e-06,1.79467716e+00
1.01312800e-06,1.79467716e+00
1.01322800e-06,1.79467715e+00
1.01332800e-06,1.79467715e+00
1.01342800e-06,1.79467715e+00
1.01352800e-06,1.79467715e+00
1.01362800e-06,1.79467715e+00
1.01372800e-06,1.79467714e+00
1.01382800e-06,1.79467714e+00
1.01392800e-06,1.79467714e+00
1.01402800e-06,1.79467714e+00
1.01412800e-06,1.79467713e+00
1.01422800e-06,1.79467713e+00
1.01432800e-06,1.79467713e+00
1.01442800e-06,1.79467713e+00
1.01452800e-06,1.79467713e+00
1.01462800e-06,1.79467712e+00
1.01472800e-06,1.79467712e+00
1.01482800e-06,1.79467712e+00
1.01492800e-06,1.79467712e+00
1.01502800e-06,1.79467711e+00
1.01512800e-06,1.79467711e+00
1.01522800e-06,1.79467711e+00
1.01532800e-06,1.79467711e+00
1.01542800e-06,1.79467710e+00
1.01552800e-06,1.79467710e+00
1.01562800e-06,1.79467710e+00
1.01572800e-06,1.79467710e+00
1.01582800e-06,1.79467709e+00
1.01592800e-06,1.79467709e+00
1.01602800e-06,1.79467709e+00
1.01612800e-06,1.79467709e+00
1.01622800e-06,1.79467708e+00
1.01632800e-06,1.79467708e+00
1.01642800e-06,1.79467708e+00
1.01652800e-06,1.79467708e+00
1.01662800e-06,1.79467707e+00
1.01672800e-06,1.79467707e+00
1.01682800e-06,1.79467707e+00
1.01692800e-06,1.79467707e+00
1.01702800e-06,1.79467706e+00
1.01712800e-06,1.79467706e+00
1.01722800e-06,1.79467706e+00
1.01732800e-06,1.79467706e+00
1.01742800e-06,1.79467705e+00
1.01752800e-06,1.79467705e+00
1.01762800e-06,1.79467705e+00
1.01772800e-06,1.79467705e+00
1.01782800e-06,1.79467704e+00
1.01792800e-06,1.79467704e+00
1.01802800e-06,1.79467704e+00
1.01812800e-06,1.79467704e+00
1.01822800e-06,1.79467703e+00
1.01832800e-06,1.79467703e+00
1.01842800e-06,1.79467703e+00
1.01852800e-06,1.79467702e+00
1.01862800e-06,1.79467702e+00
1.01872800e-06,1.79467702e+00
1.01882800e-06,1.79467702e+00
1.01892800e-06,1.79467701e+00
1.01902800e-06,1.79467701e+00
1.01912800e-06,1.79467701e+00
1.01922800e-06,1.79467701e+00
1.01932800e-06,1.79467700e+00
1.01942800e-06,1.79467700e+00
1.01952800e-06,1.79467700e+00
1.01962800e-06,1.79467699e+00
1.01972800e-06,1.79467699e+00
1.01982800e-06,1.79467699e+00
1.01992800e-06,1.79467699e+00
1.02002800e-06,1.79467698e+00
1.02012800e-06,1.79467698e+00
1.02022800e-06,1.79467698e+00
1.02032800e-06,1.79467697e+00
1.02042800e-06,1.79467697e+00
1.02052800e-06,1.79467697e+00
1.02062800e-06,1.79467697e+00
1.02072800e-06,1.79467696e+00
1.02082800e-06,1.79467696e+00
1.02092800e-06,1.79467696e+00
1.02102800e-06,1.79467695e+00
1.02112800e-06,1.79467695e+00
1.02122800e-06,1.79467695e+00
1.02132800e-06,1.79467695e+00
1.02142800e-06,1.79467694e+00
1.02152800e-06,1.79467694e+00
1.02162800e-06,1.79467694e+00
1.02172800e-06,1.79467693e+00
1.02182800e-06,1.79467693e+00
1.02192800e-06,1.79467693e+00
1.02202800e-06,1.79467692e+00
1.02212800e-06,1.79467692e+00
1.02222800e-06,1.79467692e+00
1.02232800e-06,1.79467692e+00
1.02242800e-06,1.79467691e+00
1.02252800e-06,1.79467691e+00
1.02262800e-06,1.79467691e+00
1.02272800e-06,1.79467690e+00
1.02282800e-06,1.79467690e+00
1.02292800e-06,1.79467690e+00
1.02302800e-06,1.79467689e+00
1.02312800e-06,1.79467689e+00
1.02322800e-06,1.79467689e+00
1.02332800e-06,1.79467688e+00
1.02342800e-06,1.79467688e+00
1.02352800e-06,1.79467688e+00
1.02362800e-06,1.79467688e+00
1.02372800e-06,1.79467687e+00
1.02382800e-06,1.79467687e+00
1.02392800e-06,1.79467687e+00
1.02402800e-06,1.79467686e+00
1.02412800e-06,1.79467686e+00
1.02422800e-06,1.79467686e+00
1.02432800e-06,1.79467685e+00
1.02442800e-06,1.79467685e+00
1.02452800e-06,1.79467685e+00
1.02462800e-06,1.79467684e+00
1.02472800e-06,1.79467684e+00
1.02482800e-06,1.79467684e+00
1.02492800e-06,1.79467683e+00
1.02502800e-06,1.79467683e+00
1.02512800e-06,1.79467683e+00
1.02522800e-06,1.79467682e+00
1.02532800e-06,1.79467682e+00
1.02542800e-06,1.79467682e+00
1.02552800e-06,1.79467681e+00
1.02562800e-06,1.79467681e+00
1.02572800e-06,1.79467681e+00
1.02582800e-06,1.79467680e+00
1.02592800e-06,1.79467680e+00
1.02602800e-06,1.79467680e+00
1.02612800e-06,1.79467679e+00
1.02622800e-06,1.79467679e+00
1.02632800e-06,1.79467679e+00
1.02642800e-06,1.79467678e+00
1.02652800e-06,1.79467678e+00
1.02662800e-06,1.79467678e+00
1.02672800e-06,1.79467677e+00
1.02682800e-06,1.79467677e+00
1.02692800e-06,1.79467677e+00
1.02702800e-06,1.79467676e+00
1.02712800e-06,1.79467676e+00
1.02722800e-06,1.79467675e+00
1.02732800e-06,1.79467675e+00
1.02742800e-06,1.79467675e+00
1.02752800e-06,1.79467674e+00
1.02762800e-06,1.79467674e+00
1.02772800e-06,1.79467674e+00
1.02782800e-06,1.79467673e+00
1.02792800e-06,1.79467673e+00
1.02802800e-06,1.79467673e+00
1.02812800e-06,1.79467672e+00
1.02822800e-06,1.79467672e+00
1.02832800e-06,1.79467672e+00
1.02842800e-06,1.79467671e+00
1.02852800e-06,1.79467671e+00
1.02862800e-06,1.79467670e+00
1.02872800e-06,1.79467670e+00
1.02882800e-06,1.79467670e+00
1.02892800e-06,1.79467669e+00
1.02902800e-06,1.79467669e+00
1.02912800e-06,1.79467669e+00
1.02922800e-06,1.79467668e+00
1.02932800e-06,1.79467668e+00
1.02942800e-06,1.79467668e+00
1.02952800e-06,1.79467667e+00
1.02962800e-06,1.79467667e+00
1.02972800e-06,1.79467666e+00
1.02982800e-06,1.79467666e+00
1.02992800e-06,1.79467666e+00
1.03002800e-06,1.79467665e+00
1.03012800e-06,1.79467665e+00
1.03022800e-06,1.79467665e+00
1.03032800e-06,1.79467664e+00
1.03042800e-06,1.79467664e+00
1.03052800e-06,1.79467663e+00
1.03062800e-06,1.79467663e+00
1.03072800e-06,1.79467663e+00
1.03082800e-06,1.79467662e+00
1.03092800e-06,1.79467662e+00
1.03102800e-06,1.79467661e+00
1.03112800e-06,1.79467661e+00
1.03122800e-06,1.79467661e+00
1.03132800e-06,1.79467660e+00
1.03142800e-06,1.79467660e+00
1.03152800e-06,1.79467660e+00
1.03162800e-06,1.79467659e+00
1.03172800e-06,1.79467659e+00
1.03182800e-06,1.79467658e+00
1.03192800e-06,1.79467658e+00
1.03202800e-06,1.79467658e+00
1.03212800e-06,1.79467657e+00
1.03222800e-06,1.79467657e+00
1.03232800e-06,1.79467656e+00
1.03242800e-06,1.79467656e+00
1.03252800e-06,1.79467656e+00
1.03262800e-06,1.79467655e+00
1.03272800e-06,1.79467655e+00
1.03282800e-06,1.79467654e+00
1.03292800e-06,1.79467654e+00
1.03302800e-06,1.79467654e+00
1.03312800e-06,1.79467653e+00
1.03322800e-06,1.79467653e+00
1.03332800e-06,1.79467652e+00
1.03342800e-06,1.79467652e+00
1.03352800e-06,1.79467651e+00
1.03362800e-06,1.79467651e+00
1.03372800e-06,1.79467651e+00
1.03382800e-06,1.79467650e+00
1.03392800e-06,1.79467650e+00
1.03402800e-06,1.79467649e+00
1.03412800e-06,1.79467649e+00
1.03422800e-06,1.79467649e+00
1.03432800e-06,1.79467648e+00
1.03442800e-06,1.79467648e+00
1.03452800e-06,1.79467647e+00
1.03462800e-06,1.79467647e+00
1.03472800e-06,1.79467646e+00
1.03482800e-06,1.79467646e+00
1.03492800e-06,1.79467646e+00
1.03502800e-06,1.79467645e+00
1.03512800e-06,1.79467645e+00
1.03522800e-06,1.79467644e+00
1.03532800e-06,1.79467644e+00
1.03542800e-06,1.79467643e+00
1.03552800e-06,1.79467643e+00
1.03562800e-06,1.79467643e+00
1.03572800e-06,1.79467642e+00
1.03582800e-06,1.79467642e+00
1.03592800e-06,1.79467641e+00
1.03602800e-06,1.79467641e+00
1.03612800e-06,1.79467640e+00
1.03622800e-06,1.79467640e+00
1.03632800e-06,1.79467640e+00
1.03642800e-06,1.79467639e+00
1.03652800e-06,1.79467639e+00
1.03662800e-06,1.79467638e+00
1.03672800e-06,1.79467638e+00
1.03682800e-06,1.79467637e+00
1.03692800e-06,1.79467637e+00
1.03702800e-06,1.79467636e+00
1.03712800e-06,1.79467636e+00
1.03722800e-06,1.79467636e+00
1.03732800e-06,1.79467635e+00
1.03742800e-06,1.79467635e+00
1.03752800e-06,1.79467634e+00
1.03762800e-06,1.79467634e+00
1.03772800e-06,1.79467633e+00
1.03782800e-06,1.79467633e+00
1.03792800e-06,1.79467632e+00
1.03802800e-06,1.79467632e+00
1.03812800e-06,1.79467631e+00
1.03822800e-06,1.79467631e+00
1.03832800e-06,1.79467631e+00
1.03842800e-06,1.79467630e+00
1.03852800e-06,1.79467630e+00
1.03862800e-06,1.79467629e+00
1.03872800e-06,1.79467629e+00
1.03882800e-06,1.79467628e+00
1.03892800e-06,1.79467628e+00
1.03902800e-06,1.79467627e+00
1.03912800e-06,1.79467627e+00
1.03922800e-06,1.79467626e+00
1.03932800e-06,1.79467626e+00
1.03942800e-06,1.79467625e+00
1.03952800e-06,1.79467625e+00
1.03962800e-06,1.79467625e+00
1.03972800e-06,1.79467624e+00
1.03982800e-06,1.79467624e+00
1.03992800e-06,1.79467623e+00
1.04002800e-06,1.79467623e+00
1.04012800e-06,1.79467622e+00
1.04022800e-06,1.79467622e+00
1.04032800e-06,1.79467621e+00
1.04042800e-06,1.79467621e+00
1.04052800e-06,1.79467620e+00
1.04062800e-06,1.79467620e+00
1.04072800e-06,1.79467619e+00
1.04082800e-06,1.79467619e+00
1.04092800e-06,1.79467618e+00
1.04102800e-06,1.79467618e+00
1.04112800e-06,1.79467617e+00
1.04122800e-06,1.79467617e+00
1.04132800e-06,1.79467616e+00
1.04142800e-06,1.79467616e+00
1.04152800e-06,1.79467615e+00
1.04162800e-06,1.79467615e+00
1.04172800e-06,1.79467614e+00
1.04182800e-06,1.79467614e+00
1.04192800e-06,1.79467613e+00
1.04202800e-06,1.79467613e+00
1.04212800e-06,1.79467612e+00
1.04222800e-06,1.79467612e+00
1.04232800e-06,1.79467611e+00
1.04242800e-06,1.79467611e+00
1.04252800e-06,1.79467610e+00
1.04262800e-06,1.79467610e+00
1.04272800e-06,1.79467609e+00
1.04282800e-06,1.79467609e+00
1.04292800e-06,1.79467608e+00
1.04302800e-06,1.79467608e+00
1.04312800e-06,1.79467607e+00
1.04322800e-06,1.79467607e+00
1.04332800e-06,1.79467606e+00
1.04342800e-06,1.79467606e+00
1.04352800e-06,1.79467605e+00
1.04362800e-06,1.79467605e+00
1.04372800e-06,1.79467604e+00
1.04382800e-06,1.79467604e+00
1.04392800e-06,1.79467603e+00
1.04402800e-06,1.79467603e+00
1.04412800e-06,1.79467602e+00
1.04422800e-06,1.79467602e+00
1.04432800e-06,1.79467601e+00
1.04442800e-06,1.79467601e+00
1.04452800e-06,1.79467600e+00
1.04462800e-06,1.79467600e+00
1.04472800e-06,1.79467599e+00
1.04482800e-06,1.79467599e+00
1.04492800e-06,1.79467598e+00
1.04502800e-06,1.79467598e+00
1.04512800e-06,1.79467597e+00
1.04522800e-06,1.79467597e+00
1.04532800e-06,1.79467596e+00
1.04542800e-06,1.79467596e+00
1.04552800e-06,1.79467595e+00
1.04562800e-06,1.79467594e+00
1.04572800e-06,1.79467594e+00
1.04582800e-06,1.79467593e+00
1.04592800e-06,1.79467593e+00
1.04602800e-06,1.79467592e+00
1.04612800e-06,1.79467592e+00
1.04622800e-06,1.79467591e+00
1.04632800e-06,1.79467591e+00
1.04642800e-06,1.79467590e+00
1.04652800e-06,1.79467590e+00
1.04662800e-06,1.79467589e+00
1.04672800e-06,1.79467589e+00
1.04682800e-06,1.79467588e+00
1.04692800e-06,1.79467587e+00
1.04702800e-06,1.79467587e+00
1.04712800e-06,1.79467586e+00
1.04722800e-06,1.79467586e+00
1.04732800e-06,1.79467585e+00
1.04742800e-06,1.79467585e+00
1.04752800e-06,1.79467584e+00
1.04762800e-06,1.79467584e+00
1.04772800e-06,1.79467583e+00
1.04782800e-06,1.79467583e+00
1.04792800e-06,1.79467582e+00
1.04802800e-06,1.79467581e+00
1.04812800e-06,1.79467581e+00
1.04822800e-06,1.79467580e+00
1.04832800e-06,1.79467580e+00
1.04842800e-06,1.79467579e+00
1.04852800e-06,1.79467579e+00
1.04862800e-06,1.79467578e+00
1.04872800e-06,1.79467578e+00
1.04882800e-06,1.79467577e+00
1.04892800e-06,1.79467576e+00
1.04902800e-06,1.79467576e+00
1.04912800e-06,1.79467575e+00
1.04922800e-06,1.79467575e+00
1.04932800e-06,1.79467574e+00
1.04942800e-06,1.79467574e+00
1.04952800e-06,1.79467573e+00
1.04962800e-06,1.79467572e+00
1.04972800e-06,1.79467572e+00
1.04982800e-06,1.79467571e+00
1.04992800e-06,1.79467571e+00
1.05002800e-06,1.79467570e+00
1.05012800e-06,1.79467570e+00
1.05022800e-06,1.79467569e+00
1.05032800e-06,1.79467568e+00
1.05042800e-06,1.79467568e+00
1.05052800e-06,1.79467567e+00
1.05062800e-06,1.79467567e+00
1.05072800e-06,1.79467566e+00
1.05082800e-06,1.79467566e+00
1.05092800e-06,1.79467565e+00
1.05102800e-06,1.79467564e+00
1.05112800e-06,1.79467564e+00
1.05122800e-06,1.79467563e+00
1.05132800e-06,1.79467563e+00
1.05142800e-06,1.79467562e+00
1.05152800e-06,1.79467561e+00
1.05162800e-06,1.79467561e+00
1.05172800e-06,1.79467560e+00
1.05182800e-06,1.79467560e+00
1.05192800e-06,1.79467559e+00
1.05202800e-06,1.79467559e+00
1.05212800e-06,1.79467558e+00
1.05222800e-06,1.79467557e+00
1.05232800e-06,1.79467557e+00
1.05242800e-06,1.79467556e+00
1.05252800e-06,1.79467556e+00
1.05262800e-06,1.79467555e+00
1.05272800e-06,1.79467554e+00
1.05282800e-06,1.79467554e+00
1.05292800e-06,1.79467553e+00
1.05302800e-06,1.79467553e+00
1.05312800e-06,1.79467552e+00
1.05322800e-06,1.79467551e+00
1.05332800e-06,1.79467551e+00
1.05342800e-06,1.79467550e+00
1.05352800e-06,1.79467550e+00
1.05362800e-06,1.79467549e+00
1.05372800e-06,1.79467548e+00
1.05382800e-06,1.79467548e+00
1.05392800e-06,1.79467547e+00
1.05402800e-06,1.79467546e+00
1.05412800e-06,1.79467546e+00
1.05422800e-06,1.79467545e+00
1.05432800e-06,1.79467545e+00
1.05442800e-06,1.79467544e+00
1.05452800e-06,1.79467543e+00
1.05462800e-06,1.79467543e+00
1.05472800e-06,1.79467542e+00
1.05482800e-06,1.79467542e+00
1.05492800e-06,1.79467541e+00
1.05502800e-06,1.79467540e+00
1.05512800e-06,1.79467540e+00
1.05522800e-06,1.79467539e+00
1.05532800e-06,1.79467538e+00
1.05542800e-06,1.79467538e+00
1.05552800e-06,1.79467537e+00
1.05562800e-06,1.79467537e+00
1.05572800e-06,1.79467536e+00
1.05582800e-06,1.79467535e+00
1.05592800e-06,1.79467535e+00
1.05602800e-06,1.79467534e+00
1.05612800e-06,1.79467533e+00
1.05622800e-06,1.79467533e+00
1.05632800e-06,1.79467532e+00
1.05642800e-06,1.79467532e+00
1.05652800e-06,1.79467531e+00
1.05662800e-06,1.79467530e+00
1.05672800e-06,1.79467530e+00
1.05682800e-06,1.79467529e+00
1.05692800e-06,1.79467528e+00
1.05702800e-06,1.79467528e+00
1.05712800e-06,1.79467527e+00
1.05722800e-06,1.79467526e+00
1.05732800e-06,1.79467526e+00
1.05742800e-06,1.79467525e+00
1.05752800e-06,1.79467525e+00
1.05762800e-06,1.79467524e+00
1.05772800e-06,1.79467523e+00
1.05782800e-06,1.79467523e+00
1.05792800e-06,1.79467522e+00
1.05802800e-06,1.79467521e+00
1.05812800e-06,1.79467521e+00
1.05822800e-06,1.79467520e+00
1.05832800e-06,1.79467519e+00
1.05842800e-06,1.79467519e+00
1.05852800e-06,1.79467518e+00
1.05862800e-06,1.79467517e+00
1.05872800e-06,1.79467517e+00
1.05882800e-06,1.79467516e+00
1.05892800e-06,1.79467515e+00
1.05902800e-06,1.79467515e+00
1.05912800e-06,1.79467514e+00
1.05922800e-06,1.79467513e+00
1.05932800e-06,1.79467513e+00
1.05942800e-06,1.79467512e+00
1.05952800e-06,1.79467511e+00
1.05962800e-06,1.79467511e+00
1.05972800e-06,1.79467510e+00
1.05982800e-06,1.79467509e+00
1.05992800e-06,1.79467509e+00
1.06002800e-06,1.79467508e+00
1.06012800e-06,1.79467507e+00
1.06022800e-06,1.79467507e+00
1.06032800e-06,1.79467506e+00
1.06042800e-06,1.79467505e+00
1.06052800e-06,1.79467505e+00
1.06062800e-06,1.79467504e+00
1.06072800e-06,1.79467503e+00
1.06082800e-06,1.79467503e+00
1.06092800e-06,1.79467502e+00
1.06102800e-06,1.79467501e+00
1.06112800e-06,1.79467501e+00
1.06122800e-06,1.79467500e+00
1.06132800e-06,1.79467499e+00
1.06142800e-06,1.79467499e+00
1.06152800e-06,1.79467498e+00
1.06162800e-06,1.79467497e+00
1.06172800e-06,1.79467497e+00
1.06182800e-06,1.79467496e+00
1.06192800e-06,1.79467495e+00
1.06202800e-06,1.79467495e+00
1.06212800e-06,1.79467494e+00
1.06222800e-06,1.79467493e+00
1.06232800e-06,1.79467493e+00
1.06242800e-06,1.79467492e+00
1.06252800e-06,1.79467491e+00
1.06262800e-06,1.79467491e+00
1.06272800e-06,1.79467490e+00
1.06282800e-06,1.79467489e+00
1.06292800e-06,1.79467488e+00
1.06302800e-06,1.79467488e+00
1.06312800e-06,1.79467487e+00
1.06322800e-06,1.79467486e+00
1.06332800e-06,1.79467486e+00
1.06342800e-06,1.79467485e+00
1.06352800e-06,1.79467484e+00
1.06362800e-06,1.79467484e+00
1.06372800e-06,1.79467483e+00
1.06382800e-06,1.79467482e+00
1.06392800e-06,1.79467482e+00
1.06402800e-06,1.79467481e+00
1.06412800e-06,1.79467480e+00
1.06422800e-06,1.79467479e+00
1.06432800e-06,1.79467479e+00
1.06442800e-06,1.79467478e+00
1.06452800e-06,1.79467477e+00
1.06462800e-06,1.79467477e+00
1.06472800e-06,1.79467476e+00
1.06482800e-06,1.79467475e+00
1.06492800e-06,1.79467474e+00
1.06502800e-06,1.79467474e+00
1.06512800e-06,1.79467473e+00
1.06522800e-06,1.79467472e+00
1.06532800e-06,1.79467472e+00
1.06542800e-06,1.79467471e+00
1.06552800e-06,1.79467470e+00
1.06562800e-06,1.79467469e+00
1.06572800e-06,1.79467469e+00
1.06582800e-06,1.79467468e+00
1.06592800e-06,1.79467467e+00
1.06602800e-06,1.79467467e+00
1.06612800e-06,1.79467466e+00
1.06622800e-06,1.79467465e+00
1.06632800e-06,1.79467464e+00
1.06642800e-06,1.79467464e+00
1.06652800e-06,1.79467463e+00
1.06662800e-06,1.79467462e+00
1.06672800e-06,1.79467462e+00
1.06682800e-06,1.79467461e+00
1.06692800e-06,1.79467460e+00
1.06702800e-06,1.79467459e+00
1.06712800e-06,1.79467459e+00
1.06722800e-06,1.79467458e+00
1.06732800e-06,1.79467457e+00
1.06742800e-06,1.79467456e+00
1.06752800e-06,1.79467456e+00
1.06762800e-06,1.79467455e+00
1.06772800e-06,1.79467454e+00
1.06782800e-06,1.79467454e+00
1.06792800e-06,1.79467453e+00
1.06802800e-06,1.79467452e+00
1.06812800e-06,1.79467451e+00
1.06822800e-06,1.79467451e+00
1.06832800e-06,1.79467450e+00
1.06842800e-06,1.79467449e+00
1.06852800e-06,1.79467448e+00
1.06862800e-06,1.79467448e+00
1.06872800e-06,1.79467447e+00
1.06882800e-06,1.79467446e+00
1.06892800e-06,1.79467445e+00
1.06902800e-06,1.79467445e+00
1.06912800e-06,1.79467444e+00
1.06922800e-06,1.79467443e+00
1.06932800e-06,1.79467442e+00
1.06942800e-06,1.79467442e+00
1.06952800e-06,1.79467441e+00
1.06962800e-06,1.79467440e+00
1.06972800e-06,1.79467439e+00
1.06982800e-06,1.79467439e+00
1.06992800e-06,1.79467438e+00
1.07002800e-06,1.79467437e+00
1.07012800e-06,1.79467436e+00
1.07022800e-06,1.79467436e+00
1.07032800e-06,1.79467435e+00
1.07042800e-06,1.79467434e+00
1.07052800e-06,1.79467433e+00
1.07062800e-06,1.79467433e+00
1.07072800e-06,1.79467432e+00
1.07082800e-06,1.79467431e+00
1.07092800e-06,1.79467430e+00
1.07102800e-06,1.79467430e+00
1.07112800e-06,1.79467429e+00
1.07122800e-06,1.79467428e+00
1.07132800e-06,1.79467427e+00
1.07142800e-06,1.79467427e+00
1.07152800e-06,1.79467426e+00
1.07162800e-06,1.79467425e+00
1.07172800e-06,1.79467424e+00
1.07182800e-06,1.79467424e+00
1.07192800e-06,1.79467423e+00
1.07202800e-06,1.79467422e+00
1.07212800e-06,1.79467421e+00
1.07222800e-06,1.79467421e+00
1.07232800e-06,1.79467420e+00
1.07242800e-06,1.79467419e+00
1.07252800e-06,1.79467418e+00
1.07262800e-06,1.79467417e+00
1.07272800e-06,1.79467417e+00
1.07282800e-06,1.79467416e+00
1.07292800e-06,1.79467415e+00
1.07302800e-06,1.79467414e+00
1.07312800e-06,1.79467414e+00
1.07322800e-06,1.79467413e+00
1.07332800e-06,1.79467412e+00
1.07342800e-06,1.79467411e+00
1.07352800e-06,1.79467411e+00
1.07362800e-06,1.79467410e+00
1.07372800e-06,1.79467409e+00
1.07382800e-06,1.79467408e+00
1.07392800e-06,1.79467407e+00
1.07402800e-06,1.79467407e+00
1.07412800e-06,1.79467406e+00
1.07422800e-06,1.79467405e+00
1.07432800e-06,1.79467404e+00
1.07442800e-06,1.79467403e+00
1.07452800e-06,1.79467403e+00
1.07462800e-06,1.79467402e+00
1.07472800e-06,1.79467401e+00
1.07482800e-06,1.79467400e+00
1.07492800e-06,1.79467400e+00
1.07502800e-06,1.79467399e+00
1.07512800e-06,1.79467398e+00
1.07522800e-06,1.79467397e+00
1.07532800e-06,1.79467396e+00
1.07542800e-06,1.79467396e+00
1.07552800e-06,1.79467395e+00
1.07562800e-06,1.79467394e+00
1.07572800e-06,1.79467393e+00
1.07582800e-06,1.79467392e+00
1.07592800e-06,1.79467392e+00
1.07602800e-06,1.79467391e+00
1.07612800e-06,1.79467390e+00
1.07622800e-06,1.79467389e+00
1.07632800e-06,1.79467388e+00
1.07642800e-06,1.79467388e+00
1.07652800e-06,1.79467387e+00
1.07662800e-06,1.79467386e+00
1.07672800e-06,1.79467385e+00
1.07682800e-06,1.79467384e+00
1.07692800e-06,1.79467384e+00
1.07702800e-06,1.79467383e+00
1.07712800e-06,1.79467382e+00
1.07722800e-06,1.79467381e+00
1.07732800e-06,1.79467380e+00
1.07742800e-06,1.79467380e+00
1.07752800e-06,1.79467379e+00
1.07762800e-06,1.79467378e+00
1.07772800e-06,1.79467377e+00
1.07782800e-06,1.79467376e+00
1.07792800e-06,1.79467376e+00
1.07802800e-06,1.79467375e+00
1.07812800e-06,1.79467374e+00
1.07822800e-06,1.79467373e+00
1.07832800e-06,1.79467372e+00
1.07842800e-06,1.79467372e+00
1.07852800e-06,1.79467371e+00
1.07862800e-06,1.79467370e+00
1.07872800e-06,1.79467369e+00
1.07882800e-06,1.79467368e+00
1.07892800e-06,1.79467368e+00
1.07902800e-06,1.79467367e+00
1.07912800e-06,1.79467366e+00
1.07922800e-06,1.79467365e+00
1.07932800e-06,1.79467364e+00
1.07942800e-06,1.79467363e+00
1.07952800e-06,1.79467363e+00
1.07962800e-06,1.79467362e+00
1.07972800e-06,1.79467361e+00
1.07982800e-06,1.79467360e+00
1.07992800e-06,1.79467359e+00
1.08002800e-06,1.79467359e+00
1.08012800e-06,1.79467358e+00
1.08022800e-06,1.79467357e+00
1.08032800e-06,1.79467356e+00
1.08042800e-06,1.79467355e+00
1.08052800e-06,1.79467354e+00
1.08062800e-06,1.79467354e+00
1.08072800e-06,1.79467353e+00
1.08082800e-06,1.79467352e+00
1.08092800e-06,1.79467351e+00
1.08102800e-06,1.79467350e+00
1.08112800e-06,1.79467350e+00
1.08122800e-06,1.79467349e+00
1.08132800e-06,1.79467348e+00
1.08142800e-06,1.79467347e+00
1.08152800e-06,1.79467346e+00
1.08162800e-06,1.79467345e+00
1.08172800e-06,1.79467345e+00
1.08182800e-06,1.79467344e+00
1.08192800e-06,1.79467343e+00
1.08202800e-06,1.79467342e+00
1.08212800e-06,1.79467341e+00
1.08222800e-06,1.79467340e+00
1.08232800e-06,1.79467340e+00
1.08242800e-06,1.79467339e+00
1.08252800e-06,1.79467338e+00
1.08262800e-06,1.79467337e+00
1.08272800e-06,1.79467336e+00
1.08282800e-06,1.79467335e+00
1.08292800e-06,1.79467335e+00
1.08302800e-06,1.79467334e+00
1.08312800e-06,1.79467333e+00
1.08322800e-06,1.79467332e+00
1.08332800e-06,1.79467331e+00
1.08342800e-06,1.79467330e+00
1.08352800e-06,1.79467330e+00
1.08362800e-06,1.79467329e+00
1.08372800e-06,1.79467328e+00
1.08382800e-06,1.79467327e+00
1.08392800e-06,1.79467326e+00
1.08402800e-06,1.79467325e+00
1.08412800e-06,1.79467324e+00
1.08422800e-06,1.79467324e+00
1.08432800e-06,1.79467323e+00
1.08442800e-06,1.79467322e+00
1.08452800e-06,1.79467321e+00
1.08462800e-06,1.79467320e+00
1.08472800e-06,1.79467319e+00
1.08482800e-06,1.79467319e+00
1.08492800e-06,1.79467318e+00
1.08502800e-06,1.79467317e+00
1.08512800e-06,1.79467316e+00
1.08522800e-06,1.79467315e+00
1.08532800e-06,1.79467314e+00
1.08542800e-06,1.79467313e+00
1.08552800e-06,1.79467313e+00
1.08562800e-06,1.79467312e+00
1.08572800e-06,1.79467311e+00
1.08582800e-06,1.79467310e+00
1.08592800e-06,1.79467309e+00
1.08602800e-06,1.79467308e+00
1.08612800e-06,1.79467307e+00
1.08622800e-06,1.79467307e+00
1.08632800e-06,1.79467306e+00
1.08642800e-06,1.79467305e+00
1.08652800e-06,1.79467304e+00
1.08662800e-06,1.79467303e+00
1.08672800e-06,1.79467302e+00
1.08682800e-06,1.79467301e+00
1.08692800e-06,1.79467301e+00
1.08702800e-06,1.79467300e+00
1.08712800e-06,1.79467299e+00
1.08722800e-06,1.79467298e+00
1.08732800e-06,1.79467297e+00
1.08742800e-06,1.79467296e+00
1.08752800e-06,1.79467295e+00
1.08762800e-06,1.79467295e+00
1.08772800e-06,1.79467294e+00
1.08782800e-06,1.79467293e+00
1.08792800e-06,1.79467292e+00
1.08802800e-06,1.79467291e+00
1.08812800e-06,1.79467290e+00
1.08822800e-06,1.79467289e+00
1.08832800e-06,1.79467289e+00
1.08842800e-06,1.79467288e+00
1.08852800e-06,1.79467287e+00
1.08862800e-06,1.79467286e+00
1.08872800e-06,1.79467285e+00
1.08882800e-06,1.79467284e+00
1.08892800e-06,1.79467283e+00
1.08902800e-06,1.79467283e+00
1.08912800e-06,1.79467282e+00
1.08922800e-06,1.79467281e+00
1.08932800e-06,1.79467280e+00
1.08942800e-06,1.79467279e+00
1.08952800e-06,1.79467278e+00
1.08962800e-06,1.79467277e+00
1.08972800e-06,1.79467276e+00
1.08982800e-06,1.79467276e+00
1.08992800e-06,1.79467275e+00
1.09002800e-06,1.79467274e+00
1.09012800e-06,1.79467273e+00
1.09022800e-06,1.79467272e+00
1.09032800e-06,1.79467271e+00
1.09042800e-06,1.79467270e+00
1.09052800e-06,1.79467270e+00
1.09062800e-06,1.79467269e+00
1.09072800e-06,1.79467268e+00
1.09082800e-06,1.79467267e+00
1.09092800e-06,1.79467266e+00
1.09102800e-06,1.79467265e+00
1.09112800e-06,1.79467264e+00
1.09122800e-06,1.79467263e+00
1.09132800e-06,1.79467263e+00
1.09142800e-06,1.79467262e+00
1.09152800e-06,1.79467261e+00
1.09162800e-06,1.79467260e+00
1.09172800e-06,1.79467259e+00
1.09182800e-06,1.79467258e+00
1.09192800e-06,1.79467257e+00
1.09202800e-06,1.79467256e+00
1.09212800e-06,1.79467256e+00
1.09222800e-06,1.79467255e+00
1.09232800e-06,1.79467254e+00
1.09242800e-06,1.79467253e+00
1.09252800e-06,1.79467252e+00
1.09262800e-06,1.79467251e+00
1.09272800e-06,1.79467250e+00
1.09282800e-06,1.79467249e+00
1.09292800e-06,1.79467248e+00
1.09302800e-06,1.79467248e+00
1.09312800e-06,1.79467247e+00
1.09322800e-06,1.79467246e+00
1.09332800e-06,1.79467245e+00
1.09342800e-06,1.79467244e+00
1.09352800e-06,1.79467243e+00
1.09362800e-06,1.79467242e+00
1.09372800e-06,1.79467241e+00
1.09382800e-06,1.79467241e+00
1.09392800e-06,1.79467240e+00
1.09402800e-06,1.79467239e+00
1.09412800e-06,1.79467238e+00
1.09422800e-06,1.79467237e+00
1.09432800e-06,1.79467236e+00
1.09442800e-06,1.79467235e+00
1.09452800e-06,1.79467234e+00
1.09462800e-06,1.79467233e+00
1.09472800e-06,1.79467233e+00
1.09482800e-06,1.79467232e+00
1.09492800e-06,1.79467231e+00
1.09502800e-06,1.79467230e+00
1.09512800e-06,1.79467229e+00
1.09522800e-06,1.79467228e+00
1.09532800e-06,1.79467227e+00
1.09542800e-06,1.79467226e+00
1.09552800e-06,1.79467225e+00
1.09562800e-06,1.79467225e+00
1.09572800e-06,1.79467224e+00
1.09582800e-06,1.79467223e+00
1.09592800e-06,1.79467222e+00
1.09602800e-06,1.79467221e+00
1.09612800e-06,1.79467220e+00
1.09622800e-06,1.79467219e+00
1.09632800e-06,1.79467218e+00
1.09642800e-06,1.79467217e+00
1.09652800e-06,1.79467217e+00
1.09662800e-06,1.79467216e+00
1.09672800e-06,1.79467215e+00
1.09682800e-06,1.79467214e+00
1.09692800e-06,1.79467213e+00
1.09702800e-06,1.79467212e+00
1.09712800e-06,1.79467211e+00
1.09722800e-06,1.79467210e+00
1.09732800e-06,1.79467209e+00
1.09742800e-06,1.79467209e+00
1.09752800e-06,1.79467208e+00
1.09762800e-06,1.79467207e+00
1.09772800e-06,1.79467206e+00
1.09782800e-06,1.79467205e+00
1.09792800e-06,1.79467204e+00
1.09802800e-06,1.79467203e+00
1.09812800e-06,1.79467202e+00
1.09822800e-06,1.79467201e+00
1.09832800e-06,1.79467201e+00
1.09842800e-06,1.79467200e+00
1.09852800e-06,1.79467199e+00
1.09862800e-06,1.79467198e+00
1.09872800e-06,1.79467197e+00
1.09882800e-06,1.79467196e+00
1.09892800e-06,1.79467195e+00
1.09902800e-06,1.79467194e+00
1.09912800e-06,1.79467193e+00
1.09922800e-06,1.79467193e+00
1.09932800e-06,1.79467192e+00
1.09942800e-06,1.79467191e+00
1.09952800e-06,1.79467190e+00
1.09962800e-06,1.79467189e+00
1.09972800e-06,1.79467188e+00
1.09982800e-06,1.79467187e+00
1.09992800e-06,1.79467186e+00
1.10002800e-06,1.79467185e+00
1.10012800e-06,1.79467184e+00
1.10022800e-06,1.79467184e+00
1.10032800e-06,1.79467183e+00
1.10042800e-06,1.79467182e+00
1.10052800e-06,1.79467181e+00
1.10062800e-06,1.79467180e+00
1.10072800e-06,1.79467179e+00
1.10082800e-06,1.79467178e+00
1.10092800e-06,1.79467177e+00
1.10102800e-06,1.79467176e+00
1.10112800e-06,1.79467176e+00
1.10122800e-06,1.79467175e+00
1.10132800e-06,1.79467174e+00
1.10142800e-06,1.79467173e+00
1.10152800e-06,1.79467172e+00
1.10162800e-06,1.79467171e+00
1.10172800e-06,1.79467170e+00
1.10182800e-06,1.79467169e+00
1.10192800e-06,1.79467168e+00
1.10202800e-06,1.79467167e+00
1.10212800e-06,1.79467167e+00
1.10222800e-06,1.79467166e+00
1.10232800e-06,1.79467165e+00
1.10242800e-06,1.79467164e+00
1.10252800e-06,1.79467163e+00
1.10262800e-06,1.79467162e+00
1.10272800e-06,1.79467161e+00
1.10282800e-06,1.79467160e+00
1.10292800e-06,1.79467159e+00
1.10302800e-06,1.79467159e+00
1.10312800e-06,1.79467158e+00
1.10322800e-06,1.79467157e+00
1.10332800e-06,1.79467156e+00
1.10342800e-06,1.79467155e+00
1.10352800e-06,1.79467154e+00
1.10362800e-06,1.79467153e+00
1.10372800e-06,1.79467152e+00
1.10382800e-06,1.79467151e+00
1.10392800e-06,1.79467150e+00
1.10402800e-06,1.79467150e+00
1.10412800e-06,1.79467149e+00
1.10422800e-06,1.79467148e+00
1.10432800e-06,1.79467147e+00
1.10442800e-06,1.79467146e+00
1.10452800e-06,1.79467145e+00
1.10462800e-06,1.79467144e+00
1.10472800e-06,1.79467143e+00
1.10482800e-06,1.79467142e+00
1.10492800e-06,1.79467141e+00
1.10502800e-06,1.79467141e+00
1.10512800e-06,1.79467140e+00
1.10522800e-06,1.79467139e+00
1.10532800e-06,1.79467138e+00
1.10542800e-06,1.79467137e+00
1.10552800e-06,1.79467136e+00
1.10562800e-06,1.79467135e+00
1.10572800e-06,1.79467134e+00
1.10582800e-06,1.79467133e+00
1.10592800e-06,1.79467133e+00
1.10602800e-06,1.79467132e+00
1.10612800e-06,1.79467131e+00
1.10622800e-06,1.79467130e+00
1.10632800e-06,1.79467129e+00
1.10642800e-06,1.79467128e+00
1.10652800e-06,1.79467127e+00
1.10662800e-06,1.79467126e+00
1.10672800e-06,1.79467125e+00
1.10682800e-06,1.79467125e+00
1.10692800e-06,1.79467124e+00
1.10702800e-06,1.79467123e+00
1.10712800e-06,1.79467122e+00
1.10722800e-06,1.79467121e+00
1.10732800e-06,1.79467120e+00
1.10742800e-06,1.79467119e+00
1.10752800e-06,1.79467118e+00
1.10762800e-06,1.79467117e+00
1.10772800e-06,1.79467116e+00
1.10782800e-06,1.79467116e+00
1.10792800e-06,1.79467115e+00
1.10802800e-06,1.79467114e+00
1.10812800e-06,1.79467113e+00
1.10822800e-06,1.79467112e+00
1.10832800e-06,1.79467111e+00
1.10842800e-06,1.79467110e+00
1.10852800e-06,1.79467109e+00
1.10862800e-06,1.79467108e+00
1.10872800e-06,1.79467108e+00
1.10882800e-06,1.79467107e+00
1.10892800e-06,1.79467106e+00
1.10902800e-06,1.79467105e+00
1.10912800e-06,1.79467104e+00
1.10922800e-06,1.79467103e+00
1.10932800e-06,1.79467102e+00
1.10942800e-06,1.79467101e+00
1.10952800e-06,1.79467100e+00
1.10962800e-06,1.79467100e+00
1.10972800e-06,1.79467099e+00
1.10982800e-06,1.79467098e+00
1.10992800e-06,1.79467097e+00
1.11002800e-06,1.79467096e+00
1.11012800e-06,1.79467095e+00
1.11022800e-06,1.79467094e+00
1.11032800e-06,1.79467093e+00
1.11042800e-06,1.79467092e+00
1.11052800e-06,1.79467092e+00
1.11062800e-06,1.79467091e+00
1.11072800e-06,1.79467090e+00
1.11082800e-06,1.79467089e+00
1.11092800e-06,1.79467088e+00
1.11102800e-06,1.79467087e+00
1.11112800e-06,1.79467086e+00
1.11122800e-06,1.79467085e+00
1.11132800e-06,1.79467085e+00
1.11142800e-06,1.79467084e+00
1.11152800e-06,1.79467083e+00
1.11162800e-06,1.79467082e+00
1.11172800e-06,1.79467081e+00
1.11182800e-06,1.79467080e+00
1.11192800e-06,1.79467079e+00
1.11202800e-06,1.79467078e+00
1.11212800e-06,1.79467077e+00
1.11222800e-06,1.79467077e+00
1.11232800e-06,1.79467076e+00
1.11242800e-06,1.79467075e+00
1.11252800e-06,1.79467074e+00
1.11262800e-06,1.79467073e+00
1.11272800e-06,1.79467072e+00
1.11282800e-06,1.79467071e+00
1.11292800e-06,1.79467070e+00
1.11302800e-06,1.79467070e+00
1.11312800e-06,1.79467069e+00
1.11322800e-06,1.79467068e+00
1.11332800e-06,1.79467067e+00
1.11342800e-06,1.79467066e+00
1.11352800e-06,1.79467065e+00
1.11362800e-06,1.79467064e+00
1.11372800e-06,1.79467063e+00
1.11382800e-06,1.79467063e+00
1.11392800e-06,1.79467062e+00
1.11402800e-06,1.79467061e+00
1.11412800e-06,1.79467060e+00
1.11422800e-06,1.79467059e+00
1.11432800e-06,1.79467058e+00
1.11442800e-06,1.79467057e+00
1.11452800e-06,1.79467056e+00
1.11462800e-06,1.79467056e+00
1.11472800e-06,1.79467055e+00
1.11482800e-06,1.79467054e+00
1.11492800e-06,1.79467053e+00
1.11502800e-06,1.79467052e+00
1.11512800e-06,1.79467051e+00
1.11522800e-06,1.79467050e+00
1.11532800e-06,1.79467049e+00
1.11542800e-06,1.79467049e+00
1.11552800e-06,1.79467048e+00
1.11562800e-06,1.79467047e+00
1.11572800e-06,1.79467046e+00
1.11582800e-06,1.79467045e+00
1.11592800e-06,1.79467044e+00
1.11602800e-06,1.79467043e+00
1.11612800e-06,1.79467043e+00
1.11622800e-06,1.79467042e+00
1.11632800e-06,1.79467041e+00
1.11642800e-06,1.79467040e+00
1.11652800e-06,1.79467039e+00
1.11662800e-06,1.79467038e+00
1.11672800e-06,1.79467037e+00
1.11682800e-06,1.79467036e+00
1.11692800e-06,1.79467036e+00
1.11702800e-06,1.79467035e+00
1.11712800e-06,1.79467034e+00
1.11722800e-06,1.79467033e+00
1.11732800e-06,1.79467032e+00
1.11742800e-06,1.79467031e+00
1.11752800e-06,1.79467030e+00
1.11762800e-06,1.79467030e+00
1.11772800e-06,1.79467029e+00
1.11782800e-06,1.79467028e+00
1.11792800e-06,1.79467027e+00
1.11802800e-06,1.79467026e+00
1.11812800e-06,1.79467025e+00
1.11822800e-06,1.79467024e+00
1.11832800e-06,1.79467024e+00
1.11842800e-06,1.79467023e+00
1.11852800e-06,1.79467022e+00
1.11862800e-06,1.79467021e+00
1.11872800e-06,1.79467020e+00
1.11882800e-06,1.79467019e+00
1.11892800e-06,1.79467019e+00
1.11902800e-06,1.79467018e+00
1.11912800e-06,1.79467017e+00
1.11922800e-06,1.79467016e+00
1.11932800e-06,1.79467015e+00
1.11942800e-06,1.79467014e+00
1.11952800e-06,1.79467013e+00
1.11962800e-06,1.79467013e+00
1.11972800e-06,1.79467012e+00
1.11982800e-06,1.79467011e+00
1.11992800e-06,1.79467010e+00
1.12002800e-06,1.79467009e+00
1.12012800e-06,1.79467008e+00
1.12022800e-06,1.79467008e+00
1.12032800e-06,1.79467007e+00
1.12042800e-06,1.79467006e+00
1.12052800e-06,1.79467005e+00
1.12062800e-06,1.79467004e+00
1.12072800e-06,1.79467003e+00
1.12082800e-06,1.79467003e+00
1.12092800e-06,1.79467002e+00
1.12102800e-06,1.79467001e+00
1.12112800e-06,1.79467000e+00
1.12122800e-06,1.79466999e+00
1.12132800e-06,1.79466998e+00
1.12142800e-06,1.79466998e+00
1.12152800e-06,1.79466997e+00
1.12162800e-06,1.79466996e+00
1.12172800e-06,1.79466995e+00
1.12182800e-06,1.79466994e+00
1.12192800e-06,1.79466993e+00
1.12202800e-06,1.79466993e+00
1.12212800e-06,1.79466992e+00
1.12222800e-06,1.79466991e+00
1.12232800e-06,1.79466990e+00
1.12242800e-06,1.79466989e+00
1.12252800e-06,1.79466988e+00
1.12262800e-06,1.79466988e+00
1.12272800e-06,1.79466987e+00
1.12282800e-06,1.79466986e+00
1.12292800e-06,1.79466985e+00
1.12302800e-06,1.79466984e+00
1.12312800e-06,1.79466983e+00
1.12322800e-06,1.79466983e+00
1.12332800e-06,1.79466982e+00
1.12342800e-06,1.79466981e+00
1.12352800e-06,1.79466980e+00
1.12362800e-06,1.79466979e+00
1.12372800e-06,1.79466979e+00
1.12382800e-06,1.79466978e+00
1.12392800e-06,1.79466977e+00
1.12402800e-06,1.79466976e+00
1.12412800e-06,1.79466975e+00
1.12422800e-06,1.79466975e+00
1.12432800e-06,1.79466974e+00
1.12442800e-06,1.79466973e+00
1.12452800e-06,1.79466972e+00
1.12462800e-06,1.79466971e+00
1.12472800e-06,1.79466970e+00
1.12482800e-06,1.79466970e+00
1.12492800e-06,1.79466969e+00
1.12502800e-06,1.79466968e+00
1.12512800e-06,1.79466967e+00
1.12522800e-06,1.79466966e+00
1.12532800e-06,1.79466966e+00
1.12542800e-06,1.79466965e+00
1.12552800e-06,1.79466964e+00
1.12562800e-06,1.79466963e+00
1.12572800e-06,1.79466962e+00
1.12582800e-06,1.79466962e+00
1.12592800e-06,1.79466961e+00
1.12602800e-06,1.79466960e+00
1.12612800e-06,1.79466959e+00
1.12622800e-06,1.79466958e+00
1.12632800e-06,1.79466958e+00
1.12642800e-06,1.79466957e+00
1.12652800e-06,1.79466956e+00
1.12662800e-06,1.79466955e+00
1.12672800e-06,1.79466955e+00
1.12682800e-06,1.79466954e+00
1.12692800e-06,1.79466953e+00
1.12702800e-06,1.79466952e+00
1.12712800e-06,1.79466951e+00
1.12722800e-06,1.79466951e+00
1.12732800e-06,1.79466950e+00
1.12742800e-06,1.79466949e+00
1.12752800e-06,1.79466948e+00
1.12762800e-06,1.79466947e+00
1.12772800e-06,1.79466947e+00
1.12782800e-06,1.79466946e+00
1.12792800e-06,1.79466945e+00
1.12802800e-06,1.79466944e+00
1.12812800e-06,1.79466944e+00
1.12822800e-06,1.79466943e+00
1.12832800e-06,1.79466942e+00
1.12842800e-06,1.79466941e+00
1.12852800e-06,1.79466941e+00
1.12862800e-06,1.79466940e+00
1.12872800e-06,1.79466939e+00
1.12882800e-06,1.79466938e+00
1.12892800e-06,1.79466937e+00
1.12902800e-06,1.79466937e+00
1.12912800e-06,1.79466936e+00
1.12922800e-06,1.79466935e+00
1.12932800e-06,1.79466934e+00
1.12942800e-06,1.79466934e+00
1.12952800e-06,1.79466933e+00
1.12962800e-06,1.79466932e+00
1.12972800e-06,1.79466931e+00
1.12982800e-06,1.79466931e+00
1.12992800e-06,1.79466930e+00
1.13002800e-06,1.79466929e+00
1.13012800e-06,1.79466928e+00
1.13022800e-06,1.79466928e+00
1.13032800e-06,1.79466927e+00
1.13042800e-06,1.79466926e+00
1.13052800e-06,1.79466925e+00
1.13062800e-06,1.79466925e+00
1.13072800e-06,1.79466924e+00
1.13082800e-06,1.79466923e+00
1.13092800e-06,1.79466922e+00
1.13102800e-06,1.79466922e+00
1.13112800e-06,1.79466921e+00
1.13122800e-06,1.79466920e+00
1.13132800e-06,1.79466919e+00
1.13142800e-06,1.79466919e+00
1.13152800e-06,1.79466918e+00
1.13162800e-06,1.79466917e+00
1.13172800e-06,1.79466916e+00
1.13182800e-06,1.79466916e+00
1.13192800e-06,1.79466915e+00
1.13202800e-06,1.79466914e+00
1.13212800e-06,1.79466914e+00
1.13222800e-06,1.79466913e+00
1.13232800e-06,1.79466912e+00
1.13242800e-06,1.79466911e+00
1.13252800e-06,1.79466911e+00
1.13262800e-06,1.79466910e+00
1.13272800e-06,1.79466909e+00
1.13282800e-06,1.79466908e+00
1.13292800e-06,1.79466908e+00
1.13302800e-06,1.79466907e+00
1.13312800e-06,1.79466906e+00
1.13322800e-06,1.79466906e+00
1.13332800e-06,1.79466905e+00
1.13342800e-06,1.79466904e+00
1.13352800e-06,1.79466903e+00
1.13362800e-06,1.79466903e+00
1.13372800e-06,1.79466902e+00
1.13382800e-06,1.79466901e+00
1.13392800e-06,1.79466901e+00
1.13402800e-06,1.79466900e+00
1.13412800e-06,1.79466899e+00
1.13422800e-06,1.79466899e+00
1.13432800e-06,1.79466898e+00
1.13442800e-06,1.79466897e+00
1.13452800e-06,1.79466896e+00
1.13462800e-06,1.79466896e+00
1.13472800e-06,1.79466895e+00
1.13482800e-06,1.79466894e+00
1.13492800e-06,1.79466894e+00
1.13502800e-06,1.79466893e+00
1.13512800e-06,1.79466892e+00
1.13522800e-06,1.79466892e+00
1.13532800e-06,1.79466891e+00
1.13542800e-06,1.79466890e+00
1.13552800e-06,1.79466890e+00
1.13562800e-06,1.79466889e+00
1.13572800e-06,1.79466888e+00
1.13582800e-06,1.79466887e+00
1.13592800e-06,1.79466887e+00
1.13602800e-06,1.79466886e+00
1.13612800e-06,1.79466885e+00
1.13622800e-06,1.79466885e+00
1.13632800e-06,1.79466884e+00
1.13642800e-06,1.79466883e+00
1.13652800e-06,1.79466883e+00
1.13662800e-06,1.79466882e+00
1.13672800e-06,1.79466881e+00
1.13682800e-06,1.79466881e+00
1.13692800e-06,1.79466880e+00
1.13702800e-06,1.79466879e+00
1.13712800e-06,1.79466879e+00
1.13722800e-06,1.79466878e+00
1.13732800e-06,1.79466877e+00
1.13742800e-06,1.79466877e+00
1.13752800e-06,1.79466876e+00
1.13762800e-06,1.79466875e+00
1.13772800e-06,1.79466875e+00
1.13782800e-06,1.79466874e+00
1.13792800e-06,1.79466873e+00
1.13802800e-06,1.79466873e+00
1.13812800e-06,1.79466872e+00
1.13822800e-06,1.79466872e+00
1.13832800e-06,1.79466871e+00
1.13842800e-06,1.79466870e+00
1.13852800e-06,1.79466870e+00
1.13862800e-06,1.79466869e+00
1.13872800e-06,1.79466868e+00
1.13882800e-06,1.79466868e+00
1.13892800e-06,1.79466867e+00
1.13902800e-06,1.79466866e+00
1.13912800e-06,1.79466866e+00
1.13922800e-06,1.79466865e+00
1.13932800e-06,1.79466865e+00
1.13942800e-06,1.79466864e+00
1.13952800e-06,1.79466863e+00
1.13962800e-06,1.79466863e+00
1.13972800e-06,1.79466862e+00
1.13982800e-06,1.79466861e+00
1.13992800e-06,1.79466861e+00
1.14002800e-06,1.79466860e+00
1.14012800e-06,1.79466860e+00
1.14022800e-06,1.79466859e+00
1.14032800e-06,1.79466858e+00
1.14042800e-06,1.79466858e+00
1.14052800e-06,1.79466857e+00
1.14062800e-06,1.79466857e+00
1.14072800e-06,1.79466856e+00
1.14082800e-06,1.79466855e+00
1.14092800e-06,1.79466855e+00
1.14102800e-06,1.79466854e+00
1.14112800e-06,1.79466854e+00
1.14122800e-06,1.79466853e+00
1.14132800e-06,1.79466852e+00
1.14142800e-06,1.79466852e+00
1.14152800e-06,1.79466851e+00
1.14162800e-06,1.79466851e+00
1.14172800e-06,1.79466850e+00
1.14182800e-06,1.79466849e+00
1.14192800e-06,1.79466849e+00
1.14202800e-06,1.79466848e+00
1.14212800e-06,1.79466848e+00
1.14222800e-06,1.79466847e+00
1.14232800e-06,1.79466846e+00
1.14242800e-06,1.79466846e+00
1.14252800e-06,1.79466845e+00
1.14262800e-06,1.79466845e+00
1.14272800e-06,1.79466844e+00
1.14282800e-06,1.79466844e+00
1.14292800e-06,1.79466843e+00
1.14302800e-06,1.79466842e+00
1.14312800e-06,1.79466842e+00
1.14322800e-06,1.79466841e+00
1.14332800e-06,1.79466841e+00
1.14342800e-06,1.79466840e+00
1.14352800e-06,1.79466840e+00
1.14362800e-06,1.79466839e+00
1.14372800e-06,1.79466839e+00
1.14382800e-06,1.79466838e+00
1.14392800e-06,1.79466837e+00
1.14402800e-06,1.79466837e+00
1.14412800e-06,1.79466836e+00
1.14422800e-06,1.79466836e+00
1.14432800e-06,1.79466835e+00
1.14442800e-06,1.79466835e+00
1.14452800e-06,1.79466834e+00
1.14462800e-06,1.79466834e+00
1.14472800e-06,1.79466833e+00
1.14482800e-06,1.79466833e+00
1.14492800e-06,1.79466832e+00
1.14502800e-06,1.79466832e+00
1.14512800e-06,1.79466831e+00
1.14522800e-06,1.79466830e+00
1.14532800e-06,1.79466830e+00
1.14542800e-06,1.79466829e+00
1.14552800e-06,1.79466829e+00
1.14562800e-06,1.79466828e+00
1.14572800e-06,1.79466828e+00
1.14582800e-06,1.79466827e+00
1.14592800e-06,1.79466827e+00
1.14602800e-06,1.79466826e+00
1.14612800e-06,1.79466826e+00
1.14622800e-06,1.79466825e+00
1.14632800e-06,1.79466825e+00
1.14642800e-06,1.79466824e+00
1.14652800e-06,1.79466824e+00
1.14662800e-06,1.79466823e+00
1.14672800e-06,1.79466823e+00
1.14682800e-06,1.79466822e+00
1.14692800e-06,1.79466822e+00
1.14702800e-06,1.79466821e+00
1.14712800e-06,1.79466821e+00
1.14722800e-06,1.79466820e+00
1.14732800e-06,1.79466820e+00
1.14742800e-06,1.79466819e+00
1.14752800e-06,1.79466819e+00
1.14762800e-06,1.79466818e+00
1.14772800e-06,1.79466818e+00
1.14782800e-06,1.79466817e+00
1.14792800e-06,1.79466817e+00
1.14802800e-06,1.79466817e+00
1.14812800e-06,1.79466816e+00
1.14822800e-06,1.79466816e+00
1.14832800e-06,1.79466815e+00
1.14842800e-06,1.79466815e+00
1.14852800e-06,1.79466814e+00
1.14862800e-06,1.79466814e+00
1.14872800e-06,1.79466813e+00
1.14882800e-06,1.79466813e+00
1.14892800e-06,1.79466812e+00
1.14902800e-06,1.79466812e+00
1.14912800e-06,1.79466811e+00
1.14922800e-06,1.79466811e+00
1.14932800e-06,1.79466811e+00
1.14942800e-06,1.79466810e+00
1.14952800e-06,1.79466810e+00
1.14962800e-06,1.79466809e+00
1.14972800e-06,1.79466809e+00
1.14982800e-06,1.79466808e+00
1.14992800e-06,1.79466808e+00
1.15002800e-06,1.79466808e+00
1.15012800e-06,1.79466807e+00
1.15022800e-06,1.79466807e+00
1.15032800e-06,1.79466806e+00
1.15042800e-06,1.79466806e+00
1.15052800e-06,1.79466805e+00
1.15062800e-06,1.79466805e+00
1.15072800e-06,1.79466805e+00
1.15082800e-06,1.79466804e+00
1.15092800e-06,1.79466804e+00
1.15102800e-06,1.79466803e+00
1.15112800e-06,1.79466803e+00
1.15122800e-06,1.79466803e+00
1.15132800e-06,1.79466802e+00
1.15142800e-06,1.79466802e+00
1.15152800e-06,1.79466801e+00
1.15162800e-06,1.79466801e+00
1.15172800e-06,1.79466801e+00
1.15182800e-06,1.79466800e+00
1.15192800e-06,1.79466800e+00
1.15202800e-06,1.79466799e+00
1.15212800e-06,1.79466799e+00
1.15222800e-06,1.79466799e+00
1.15232800e-06,1.79466798e+00
1.15242800e-06,1.79466798e+00
1.15252800e-06,1.79466798e+00
1.15262800e-06,1.79466797e+00
1.15272800e-06,1.79466797e+00
1.15282800e-06,1.79466796e+00
1.15292800e-06,1.79466796e+00
1.15302800e-06,1.79466796e+00
1.15312800e-06,1.79466795e+00
1.15322800e-06,1.79466795e+00
1.15332800e-06,1.79466795e+00
1.15342800e-06,1.79466794e+00
1.15352800e-06,1.79466794e+00
1.15362800e-06,1.79466794e+00
1.15372800e-06,1.79466793e+00
1.15382800e-06,1.79466793e+00
1.15392800e-06,1.79466793e+00
1.15402800e-06,1.79466792e+00
1.15412800e-06,1.79466792e+00
1.15422800e-06,1.79466792e+00
1.15432800e-06,1.79466791e+00
1.15442800e-06,1.79466791e+00
1.15452800e-06,1.79466791e+00
1.15462800e-06,1.79466790e+00
1.15472800e-06,1.79466790e+00
1.15482800e-06,1.79466790e+00
1.15492800e-06,1.79466789e+00
1.15502800e-06,1.79466789e+00
1.15512800e-06,1.79466789e+00
1.15522800e-06,1.79466788e+00
1.15532800e-06,1.79466788e+00
1.15542800e-06,1.79466788e+00
1.15552800e-06,1.79466787e+00
1.15562800e-06,1.79466787e+00
1.15572800e-06,1.79466787e+00
1.15582800e-06,1.79466787e+00
1.15592800e-06,1.79466786e+00
1.15602800e-06,1.79466786e+00
1.15612800e-06,1.79466786e+00
1.15622800e-06,1.79466785e+00
1.15632800e-06,1.79466785e+00
1.15642800e-06,1.79466785e+00
1.15652800e-06,1.79466785e+00
1.15662800e-06,1.79466784e+00
1.15672800e-06,1.79466784e+00
1.15682800e-06,1.79466784e+00
1.15692800e-06,1.79466783e+00
1.15702800e-06,1.79466783e+00
1.15712800e-06,1.79466783e+00
1.15722800e-06,1.79466783e+00
1.15732800e-06,1.79466782e+00
1.15742800e-06,1.79466782e+00
1.15752800e-06,1.79466782e+00
1.15762800e-06,1.79466782e+00
1.15772800e-06,1.79466781e+00
1.15782800e-06,1.79466781e+00
1.15792800e-06,1.79466781e+00
1.15802800e-06,1.79466781e+00
1.15812800e-06,1.79466780e+00
1.15822800e-06,1.79466780e+00
1.15832800e-06,1.79466780e+00
1.15842800e-06,1.79466780e+00
1.15852800e-06,1.79466780e+00
1.15862800e-06,1.79466779e+00
1.15872800e-06,1.79466779e+00
1.15882800e-06,1.79466779e+00
1.15892800e-06,1.79466779e+00
1.15902800e-06,1.79466778e+00
1.15912800e-06,1.79466778e+00
1.15922800e-06,1.79466778e+00
1.15932800e-06,1.79466778e+00
1.15942800e-06,1.79466778e+00
1.15952800e-06,1.79466777e+00
1.15962800e-06,1.79466777e+00
1.15972800e-06,1.79466777e+00
1.15982800e-06,1.79466777e+00
1.15992800e-06,1.79466777e+00
1.16002800e-06,1.79466776e+00
1.16012800e-06,1.79466776e+00
1.16022800e-06,1.79466776e+00
1.16032800e-06,1.79466776e+00
1.16042800e-06,1.79466776e+00
1.16052800e-06,1.79466776e+00
1.16062800e-06,1.79466775e+00
1.16072800e-06,1.79466775e+00
1.16082800e-06,1.79466775e+00
1.16092800e-06,1.79466775e+00
1.16102800e-06,1.79466775e+00
1.16112800e-06,1.79466775e+00
1.16122800e-06,1.79466774e+00
1.16132800e-06,1.79466774e+00
1.16142800e-06,1.79466774e+00
1.16152800e-06,1.79466774e+00
1.16162800e-06,1.79466774e+00
1.16172800e-06,1.79466774e+00
1.16182800e-06,1.79466774e+00
1.16192800e-06,1.79466773e+00
1.16202800e-06,1.79466773e+00
1.16212800e-06,1.79466773e+00
1.16222800e-06,1.79466773e+00
1.16232800e-06,1.79466773e+00
1.16242800e-06,1.79466773e+00
1.16252800e-06,1.79466773e+00
1.16262800e-06,1.79466773e+00
1.16272800e-06,1.79466772e+00
1.16282800e-06,1.79466772e+00
1.16292800e-06,1.79466772e+00
1.16302800e-06,1.79466772e+00
1.16312800e-06,1.79466772e+00
1.16322800e-06,1.79466772e+00
1.16332800e-06,1.79466772e+00
1.16342800e-06,1.79466772e+00
1.16352800e-06,1.79466772e+00
1.16362800e-06,1.79466772e+00
1.16372800e-06,1.79466772e+00
1.16382800e-06,1.79466771e+00
1.16392800e-06,1.79466771e+00
1.16402800e-06,1.79466771e+00
1.16412800e-06,1.79466771e+00
1.16422800e-06,1.79466771e+00
1.16432800e-06,1.79466771e+00
1.16442800e-06,1.79466771e+00
1.16452800e-06,1.79466771e+00
1.16462800e-06,1.79466771e+00
1.16472800e-06,1.79466771e+00
1.16482800e-06,1.79466771e+00
1.16492800e-06,1.79466771e+00
1.16502800e-06,1.79466771e+00
1.16512800e-06,1.79466771e+00
1.16522800e-06,1.79466771e+00
1.16532800e-06,1.79466771e+00
1.16542800e-06,1.79466771e+00
1.16552800e-06,1.79466771e+00
1.16562800e-06,1.79466771e+00
1.16572800e-06,1.79466770e+00
1.16582800e-06,1.79466770e+00
1.16592800e-06,1.79466770e+00
1.16602800e-06,1.79466770e+00
1.16612800e-06,1.79466770e+00
1.16622800e-06,1.79466770e+00
1.16632800e-06,1.79466770e+00
1.16642800e-06,1.79466770e+00
1.16652800e-06,1.79466770e+00
1.16662800e-06,1.79466770e+00
1.16672800e-06,1.79466770e+00
1.16682800e-06,1.79466770e+00
1.16692800e-06,1.79466770e+00
1.16702800e-06,1.79466770e+00
1.16712800e-06,1.79466770e+00
1.16722800e-06,1.79466771e+00
1.16732800e-06,1.79466771e+00
1.16742800e-06,1.79466771e+00
1.16752800e-06,1.79466771e+00
1.16762800e-06,1.79466771e+00
1.16772800e-06,1.79466771e+00
1.16782800e-06,1.79466771e+00
1.16792800e-06,1.79466771e+00
1.16802800e-06,1.79466771e+00
1.16812800e-06,1.79466771e+00
1.16822800e-06,1.79466771e+00
1.16832800e-06,1.79466771e+00
1.16842800e-06,1.79466771e+00
1.16852800e-06,1.79466771e+00
1.16862800e-06,1.79466771e+00
1.16872800e-06,1.79466771e+00
1.16882800e-06,1.79466771e+00
1.16892800e-06,1.79466771e+00
1.16902800e-06,1.79466771e+00
1.16912800e-06,1.79466772e+00
1.16922800e-06,1.79466772e+00
1.16932800e-06,1.79466772e+00
1.16942800e-06,1.79466772e+00
1.16952800e-06,1.79466772e+00
1.16962800e-06,1.79466772e+00
1.16972800e-06,1.79466772e+00
1.16982800e-06,1.79466772e+00
1.16992800e-06,1.79466772e+00
1.17002800e-06,1.79466772e+00
1.17012800e-06,1.79466773e+00
1.17022800e-06,1.79466773e+00
1.17032800e-06,1.79466773e+00
1.17042800e-06,1.79466773e+00
1.17052800e-06,1.79466773e+00
1.17062800e-06,1.79466773e+00
1.17072800e-06,1.79466773e+00
1.17082800e-06,1.79466773e+00
1.17092800e-06,1.79466774e+00
1.17102800e-06,1.79466774e+00
1.17112800e-06,1.79466774e+00
1.17122800e-06,1.79466774e+00
1.17132800e-06,1.79466774e+00
1.17142800e-06,1.79466774e+00
1.17152800e-06,1.79466775e+00
1.17162800e-06,1.79466775e+00
1.17172800e-06,1.79466775e+00
1.17182800e-06,1.79466775e+00
1.17192800e-06,1.79466775e+00
1.17202800e-06,1.79466775e+00
1.17212800e-06,1.79466776e+00
1.17222800e-06,1.79466776e+00
1.17232800e-06,1.79466776e+00
1.17242800e-06,1.79466776e+00
1.17252800e-06,1.79466776e+00
1.17262800e-06,1.79466776e+00
1.17272800e-06,1.79466777e+00
1.17282800e-06,1.79466777e+00
1.17292800e-06,1.79466777e+00
1.17302800e-06,1.79466777e+00
1.17312800e-06,1.79466778e+00
1.17322800e-06,1.79466778e+00
1.17332800e-06,1.79466778e+00
1.17342800e-06,1.79466778e+00
1.17352800e-06,1.79466778e+00
1.17362800e-06,1.79466779e+00
1.17372800e-06,1.79466779e+00
1.17382800e-06,1.79466779e+00
1.17392800e-06,1.79466779e+00
1.17402800e-06,1.79466780e+00
1.17412800e-06,1.79466780e+00
1.17422800e-06,1.79466780e+00
1.17432800e-06,1.79466780e+00
1.17442800e-06,1.79466781e+00
1.17452800e-06,1.79466781e+00
1.17462800e-06,1.79466781e+00
1.17472800e-06,1.79466781e+00
1.17482800e-06,1.79466782e+00
1.17492800e-06,1.79466782e+00
1.17502800e-06,1.79466782e+00
1.17512800e-06,1.79466783e+00
1.17522800e-06,1.79466783e+00
1.17532800e-06,1.79466783e+00
1.17542800e-06,1.79466783e+00
1.17552800e-06,1.79466784e+00
1.17562800e-06,1.79466784e+00
1.17572800e-06,1.79466784e+00
1.17582800e-06,1.79466785e+00
1.17592800e-06,1.79466785e+00
1.17602800e-06,1.79466785e+00
1.17612800e-06,1.79466786e+00
1.17622800e-06,1.79466786e+00
1.17632800e-06,1.79466786e+00
1.17642800e-06,1.79466787e+00
1.17652800e-06,1.79466787e+00
1.17662800e-06,1.79466787e+00
1.17672800e-06,1.79466788e+00
1.17682800e-06,1.79466788e+00
1.17692800e-06,1.79466788e+00
1.17702800e-06,1.79466789e+00
1.17712800e-06,1.79466789e+00
1.17722800e-06,1.79466789e+00
1.17732800e-06,1.79466790e+00
1.17742800e-06,1.79466790e+00
1.17752800e-06,1.79466790e+00
1.17762800e-06,1.79466791e+00
1.17772800e-06,1.79466791e+00
1.17782800e-06,1.79466792e+00
1.17792800e-06,1.79466792e+00
1.17802800e-06,1.79466792e+00
1.17812800e-06,1.79466793e+00
1.17822800e-06,1.79466793e+00
1.17832800e-06,1.79466794e+00
1.17842800e-06,1.79466794e+00
1.17852800e-06,1.79466794e+00
1.17862800e-06,1.79466795e+00
1.17872800e-06,1.79466795e+00
1.17882800e-06,1.79466796e+00
1.17892800e-06,1.79466796e+00
1.17902800e-06,1.79466796e+00
1.17912800e-06,1.79466797e+00
1.17922800e-06,1.79466797e+00
1.17932800e-06,1.79466798e+00
1.17942800e-06,1.79466798e+00
1.17952800e-06,1.79466799e+00
1.17962800e-06,1.79466799e+00
1.17972800e-06,1.79466800e+00
1.17982800e-06,1.79466800e+00
1.17992800e-06,1.79466800e+00
1.18002800e-06,1.79466801e+00
1.18012800e-06,1.79466801e+00
1.18022800e-06,1.79466802e+00
1.18032800e-06,1.79466802e+00
1.18042800e-06,1.79466803e+00
1.18052800e-06,1.79466803e+00
1.18062800e-06,1.79466804e+00
1.18072800e-06,1.79466804e+00
1.18082800e-06,1.79466805e+00
1.18092800e-06,1.79466805e+00
1.18102800e-06,1.79466806e+00
1.18112800e-06,1.79466806e+00
1.18122800e-06,1.79466807e+00
1.18132800e-06,1.79466807e+00
1.18142800e-06,1.79466808e+00
1.18152800e-06,1.79466808e+00
1.18162800e-06,1.79466809e+00
1.18172800e-06,1.79466809e+00
1.18182800e-06,1.79466810e+00
1.18192800e-06,1.79466810e+00
1.18202800e-06,1.79466811e+00
1.18212800e-06,1.79466812e+00
1.18222800e-06,1.79466812e+00
1.18232800e-06,1.79466813e+00
1.18242800e-06,1.79466813e+00
1.18252800e-06,1.79466814e+00
1.18262800e-06,1.79466814e+00
1.18272800e-06,1.79466815e+00
1.18282800e-06,1.79466815e+00
1.18292800e-06,1.79466816e+00
1.18302800e-06,1.79466817e+00
1.18312800e-06,1.79466817e+00
1.18322800e-06,1.79466818e+00
1.18332800e-06,1.79466818e+00
1.18342800e-06,1.79466819e+00
1.18352800e-06,1.79466820e+00
1.18362800e-06,1.79466820e+00
1.18372800e-06,1.79466821e+00
1.18382800e-06,1.79466821e+00
1.18392800e-06,1.79466822e+00
1.18402800e-06,1.79466823e+00
1.18412800e-06,1.79466823e+00
1.18422800e-06,1.79466824e+00
1.18432800e-06,1.79466824e+00
1.18442800e-06,1.79466825e+00
1.18452800e-06,1.79466826e+00
1.18462800e-06,1.79466826e+00
1.18472800e-06,1.79466827e+00
1.18482800e-06,1.79466828e+00
1.18492800e-06,1.79466828e+00
1.18502800e-06,1.79466829e+00
1.18512800e-06,1.79466830e+00
1.18522800e-06,1.79466830e+00
1.18532800e-06,1.79466831e+00
1.18542800e-06,1.79466832e+00
1.18552800e-06,1.79466832e+00
1.18562800e-06,1.79466833e+00
1.18572800e-06,1.79466834e+00
1.18582800e-06,1.79466834e+00
1.18592800e-06,1.79466835e+00
1.18602800e-06,1.79466836e+00
1.18612800e-06,1.79466837e+00
1.18622800e-06,1.79466837e+00
1.18632800e-06,1.79466838e+00
1.18642800e-06,1.79466839e+00
1.18652800e-06,1.79466839e+00
1.18662800e-06,1.79466840e+00
1.18672800e-06,1.79466841e+00
1.18682800e-06,1.79466842e+00
1.18692800e-06,1.79466842e+00
1.18702800e-06,1.79466843e+00
1.18712800e-06,1.79466844e+00
1.18722800e-06,1.79466845e+00
1.18732800e-06,1.79466845e+00
1.18742800e-06,1.79466846e+00
1.18752800e-06,1.79466847e+00
1.18762800e-06,1.79466848e+00
1.18772800e-06,1.79466848e+00
1.18782800e-06,1.79466849e+00
1.18792800e-06,1.79466850e+00
1.18802800e-06,1.79466851e+00
1.18812800e-06,1.79466851e+00
1.18822800e-06,1.79466852e+00
1.18832800e-06,1.79466853e+00
1.18842800e-06,1.79466854e+00
1.18852800e-06,1.79466855e+00
1.18862800e-06,1.79466855e+00
1.18872800e-06,1.79466856e+00
1.18882800e-06,1.79466857e+00
1.18892800e-06,1.79466858e+00
1.18902800e-06,1.79466859e+00
1.18912800e-06,1.79466860e+00
1.18922800e-06,1.79466860e+00
1.18932800e-06,1.79466861e+00
1.18942800e-06,1.79466862e+00
1.18952800e-06,1.79466863e+00
1.18962800e-06,1.79466864e+00
1.18972800e-06,1.79466865e+00
1.18982800e-06,1.79466865e+00
1.18992800e-06,1.79466866e+00
1.19002800e-06,1.79466867e+00
1.19012800e-06,1.79466868e+00
1.19022800e-06,1.79466869e+00
1.19032800e-06,1.79466870e+00
1.19042800e-06,1.79466871e+00
1.19052800e-06,1.79466872e+00
1.19062800e-06,1.79466872e+00
1.19072800e-06,1.79466873e+00
1.19082800e-06,1.79466874e+00
1.19092800e-06,1.79466875e+00
1.19102800e-06,1.79466876e+00
1.19112800e-06,1.79466877e+00
1.19122800e-06,1.79466878e+00
1.19132800e-06,1.79466879e+00
1.19142800e-06,1.79466880e+00
1.19152800e-06,1.79466881e+00
1.19162800e-06,1.79466882e+00
1.19172800e-06,1.79466882e+00
1.19182800e-06,1.79466883e+00
1.19192800e-06,1.79466884e+00
1.19202800e-06,1.79466885e+00
1.19212800e-06,1.79466886e+00
1.19222800e-06,1.79466887e+00
1.19232800e-06,1.79466888e+00
1.19242800e-06,1.79466889e+00
1.19252800e-06,1.79466890e+00
1.19262800e-06,1.79466891e+00
1.19272800e-06,1.79466892e+00
1.19282800e-06,1.79466893e+00
1.19292800e-06,1.79466894e+00
1.19302800e-06,1.79466895e+00
1.19312800e-06,1.79466896e+00
1.19322800e-06,1.79466897e+00
1.19332800e-06,1.79466898e+00
1.19342800e-06,1.79466899e+00
1.19352800e-06,1.79466900e+00
1.19362800e-06,1.79466901e+00
1.19372800e-06,1.79466902e+00
1.19382800e-06,1.79466903e+00
1.19392800e-06,1.79466904e+00
1.19402800e-06,1.79466905e+00
1.19412800e-06,1.79466906e+00
1.19422800e-06,1.79466907e+00
1.19432800e-06,1.79466908e+00
1.19442800e-06,1.79466909e+00
1.19452800e-06,1.79466910e+00
1.19462800e-06,1.79466912e+00
1.19472800e-06,1.79466913e+00
1.19482800e-06,1.79466914e+00
1.19492800e-06,1.79466915e+00
1.19502800e-06,1.79466916e+00
1.19512800e-06,1.79466917e+00
1.19522800e-06,1.79466918e+00
1.19532800e-06,1.79466919e+00
1.19542800e-06,1.79466920e+00
1.19552800e-06,1.79466921e+00
1.19562800e-06,1.79466922e+00
1.19572800e-06,1.79466924e+00
1.19582800e-06,1.79466925e+00
1.19592800e-06,1.79466926e+00
1.19602800e-06,1.79466927e+00
1.19612800e-06,1.79466928e+00
1.19622800e-06,1.79466929e+00
1.19632800e-06,1.79466930e+00
1.19642800e-06,1.79466931e+00
1.19652800e-06,1.79466933e+00
1.19662800e-06,1.79466934e+00
1.19672800e-06,1.79466935e+00
1.19682800e-06,1.79466936e+00
1.19692800e-06,1.79466937e+00
1.19702800e-06,1.79466938e+00
1.19712800e-06,1.79466940e+00
1.19722800e-06,1.79466941e+00
1.19732800e-06,1.79466942e+00
1.19742800e-06,1.79466943e+00
1.19752800e-06,1.79466944e+00
1.19762800e-06,1.79466946e+00
1.19772800e-06,1.79466947e+00
1.19782800e-06,1.79466948e+00
1.19792800e-06,1.79466949e+00
1.19802800e-06,1.79466950e+00
1.19812800e-06,1.79466952e+00
1.19822800e-06,1.79466953e+00
1.19832800e-06,1.79466954e+00
1.19842800e-06,1.79466955e+00
1.19852800e-06,1.79466957e+00
1.19862800e-06,1.79466958e+00
1.19872800e-06,1.79466959e+00
1.19882800e-06,1.79466960e+00
1.19892800e-06,1.79466962e+00
1.19902800e-06,1.79466963e+00
1.19912800e-06,1.79466964e+00
1.19922800e-06,1.79466965e+00
1.19932800e-06,1.79466967e+00
1.19942800e-06,1.79466968e+00
1.19952800e-06,1.79466969e+00
1.19962800e-06,1.79466970e+00
1.19972800e-06,1.79466972e+00
1.19982800e-06,1.79466973e+00
1.19992800e-06,1.79466974e+00
1.20002800e-06,1.79466976e+00
1.20012800e-06,1.79466977e+00
1.20022800e-06,1.79466978e+00
1.20032800e-06,1.79466980e+00
1.20042800e-06,1.79466981e+00
1.20052800e-06,1.79466982e+00
1.20062800e-06,1.79466984e+00
1.20072800e-06,1.79466985e+00
1.20082800e-06,1.79466986e+00
1.20092800e-06,1.79466988e+00
1.20102800e-06,1.79466989e+00
1.20112800e-06,1.79466990e+00
1.20122800e-06,1.79466992e+00
1.20132800e-06,1.79466993e+00
1.20142800e-06,1.79466995e+00
1.20152800e-06,1.79466996e+00
1.20162800e-06,1.79466997e+00
1.20172800e-06,1.79466999e+00
1.20182800e-06,1.79467000e+00
1.20192800e-06,1.79467001e+00
1.20202800e-06,1.79467003e+00
1.20212800e-06,1.79467004e+00
1.20222800e-06,1.79467006e+00
1.20232800e-06,1.79467007e+00
1.20242800e-06,1.79467008e+00
1.20252800e-06,1.79467010e+00
1.20262800e-06,1.79467011e+00
1.20272800e-06,1.79467013e+00
1.20282800e-06,1.79467014e+00
1.20292800e-06,1.79467016e+00
1.20302800e-06,1.79467017e+00
1.20312800e-06,1.79467019e+00
1.20322800e-06,1.79467020e+00
1.20332800e-06,1.79467021e+00
1.20342800e-06,1.79467023e+00
1.20352800e-06,1.79467024e+00
1.20362800e-06,1.79467026e+00
1.20372800e-06,1.79467027e+00
1.20382800e-06,1.79467029e+00
1.20392800e-06,1.79467030e+00
1.20402800e-06,1.79467032e+00
1.20412800e-06,1.79467033e+00
1.20422800e-06,1.79467035e+00
1.20432800e-06,1.79467036e+00
1.20442800e-06,1.79467038e+00
1.20452800e-06,1.79467039e+00
1.20462800e-06,1.79467041e+00
1.20472800e-06,1.79467042e+00
1.20482800e-06,1.79467044e+00
1.20492800e-06,1.79467046e+00
1.20502800e-06,1.79467047e+00
1.20512800e-06,1.79467049e+00
1.20522800e-06,1.79467050e+00
1.20532800e-06,1.79467052e+00
1.20542800e-06,1.79467053e+00
1.20552800e-06,1.79467055e+00
1.20562800e-06,1.79467056e+00
1.20572800e-06,1.79467058e+00
1.20582800e-06,1.79467060e+00
1.20592800e-06,1.79467061e+00
1.20602800e-06,1.79467063e+00
1.20612800e-06,1.79467064e+00
1.20622800e-06,1.79467066e+00
1.20632800e-06,1.79467068e+00
1.20642800e-06,1.79467069e+00
1.20652800e-06,1.79467071e+00
1.20662800e-06,1.79467072e+00
1.20672800e-06,1.79467074e+00
1.20682800e-06,1.79467076e+00
1.20692800e-06,1.79467077e+00
1.20702800e-06,1.79467079e+00
1.20712800e-06,1.79467081e+00
1.20722800e-06,1.79467082e+00
1.20732800e-06,1.79467084e+00
1.20742800e-06,1.79467086e+00
1.20752800e-06,1.79467087e+00
1.20762800e-06,1.79467089e+00
1.20772800e-06,1.79467091e+00
1.20782800e-06,1.79467092e+00
1.20792800e-06,1.79467094e+00
1.20802800e-06,1.79467096e+00
1.20812800e-06,1.79467097e+00
1.20822800e-06,1.79467099e+00
1.20832800e-06,1.79467101e+00
1.20842800e-06,1.79467102e+00
1.20852800e-06,1.79467104e+00
1.20862800e-06,1.79467106e+00
1.20872800e-06,1.79467108e+00
1.20882800e-06,1.79467109e+00
1.20892800e-06,1.79467111e+00
1.20902800e-06,1.79467113e+00
1.20912800e-06,1.79467115e+00
1.20922800e-06,1.79467116e+00
1.20932800e-06,1.79467118e+00
1.20942800e-06,1.79467120e+00
1.20952800e-06,1.79467122e+00
1.20962800e-06,1.79467123e+00
1.20972800e-06,1.79467125e+00
1.20982800e-06,1.79467127e+00
1.20992800e-06,1.79467129e+00
1.21002800e-06,1.79467130e+00
1.21012800e-06,1.79467132e+00
1.21022800e-06,1.79467134e+00
1.21032800e-06,1.79467136e+00
1.21042800e-06,1.79467138e+00
1.21052800e-06,1.79467139e+00
1.21062800e-06,1.79467141e+00
1.21072800e-06,1.79467143e+00
1.21082800e-06,1.79467145e+00
1.21092800e-06,1.79467147e+00
1.21102800e-06,1.79467149e+00
1.21112800e-06,1.79467150e+00
1.21122800e-06,1.79467152e+00
1.21132800e-06,1.79467154e+00
1.21142800e-06,1.79467156e+00
1.21152800e-06,1.79467158e+00
1.21162800e-06,1.79467160e+00
1.21172800e-06,1.79467162e+00
1.21182800e-06,1.79467163e+00
1.21192800e-06,1.79467165e+00
1.21202800e-06,1.79467167e+00
1.21212800e-06,1.79467169e+00
1.21222800e-06,1.79467171e+00
1.21232800e-06,1.79467173e+00
1.21242800e-06,1.79467175e+00
1.21252800e-06,1.79467177e+00
1.21262800e-06,1.79467179e+00
1.21272800e-06,1.79467180e+00
1.21282800e-06,1.79467182e+00
1.21292800e-06,1.79467184e+00
1.21302800e-06,1.79467186e+00
1.21312800e-06,1.79467188e+00
1.21322800e-06,1.79467190e+00
1.21332800e-06,1.79467192e+00
1.21342800e-06,1.79467194e+00
1.21352800e-06,1.79467196e+00
1.21362800e-06,1.79467198e+00
1.21372800e-06,1.79467200e+00
1.21382800e-06,1.79467202e+00
1.21392800e-06,1.79467204e+00
1.21402800e-06,1.79467206e+00
1.21412800e-06,1.79467208e+00
1.21422800e-06,1.79467210e+00
1.21432800e-06,1.79467212e+00
1.21442800e-06,1.79467214e+00
1.21452800e-06,1.79467216e+00
1.21462800e-06,1.79467218e+00
1.21472800e-06,1.79467220e+00
1.21482800e-06,1.79467222e+00
1.21492800e-06,1.79467224e+00
1.21502800e-06,1.79467226e+00
1.21512800e-06,1.79467228e+00
1.21522800e-06,1.79467230e+00
1.21532800e-06,1.79467232e+00
1.21542800e-06,1.79467234e+00
1.21552800e-06,1.79467236e+00
1.21562800e-06,1.79467238e+00
1.21572800e-06,1.79467240e+00
1.21582800e-06,1.79467242e+00
1.21592800e-06,1.79467244e+00
1.21602800e-06,1.79467247e+00
1.21612800e-06,1.79467249e+00
1.21622800e-06,1.79467251e+00
1.21632800e-06,1.79467253e+00
1.21642800e-06,1.79467255e+00
1.21652800e-06,1.79467257e+00
1.21662800e-06,1.79467259e+00
1.21672800e-06,1.79467261e+00
1.21682800e-06,1.79467263e+00
1.21692800e-06,1.79467266e+00
1.21702800e-06,1.79467268e+00
1.21712800e-06,1.79467270e+00
1.21722800e-06,1.79467272e+00
1.21732800e-06,1.79467274e+00
1.21742800e-06,1.79467276e+00
1.21752800e-06,1.79467278e+00
1.21762800e-06,1.79467281e+00
1.21772800e-06,1.79467283e+00
1.21782800e-06,1.79467285e+00
1.21792800e-06,1.79467287e+00
1.21802800e-06,1.79467289e+00
1.21812800e-06,1.79467291e+00
1.21822800e-06,1.79467294e+00
1.21832800e-06,1.79467296e+00
1.21842800e-06,1.79467298e+00
1.21852800e-06,1.79467300e+00
1.21862800e-06,1.79467302e+00
1.21872800e-06,1.79467305e+00
1.21882800e-06,1.79467307e+00
1.21892800e-06,1.79467309e+00
1.21902800e-06,1.79467311e+00
1.21912800e-06,1.79467314e+00
1.21922800e-06,1.79467316e+00
1.21932800e-06,1.79467318e+00
1.21942800e-06,1.79467320e+00
1.21952800e-06,1.79467323e+00
1.21962800e-06,1.79467325e+00
1.21972800e-06,1.79467327e+00
1.21982800e-06,1.79467329e+00
1.21992800e-06,1.79467332e+00
1.22002800e-06,1.79467334e+00
1.22012800e-06,1.79467336e+00
1.22022800e-06,1.79467339e+00
1.22032800e-06,1.79467341e+00
1.22042800e-06,1.79467343e+00
1.22052800e-06,1.79467345e+00
1.22062800e-06,1.79467348e+00
1.22072800e-06,1.79467350e+00
1.22082800e-06,1.79467352e+00
1.22092800e-06,1.79467355e+00
1.22102800e-06,1.79467357e+00
1.22112800e-06,1.79467359e+00
1.22122800e-06,1.79467362e+00
1.22132800e-06,1.79467364e+00
1.22142800e-06,1.79467366e+00
1.22152800e-06,1.79467369e+00
1.22162800e-06,1.79467371e+00
1.22172800e-06,1.79467374e+00
1.22182800e-06,1.79467376e+00
1.22192800e-06,1.79467378e+00
1.22202800e-06,1.79467381e+00
1.22212800e-06,1.79467383e+00
1.22222800e-06,1.79467385e+00
1.22232800e-06,1.79467388e+00
1.22242800e-06,1.79467390e+00
1.22252800e-06,1.79467393e+00
1.22262800e-06,1.79467395e+00
1.22272800e-06,1.79467397e+00
1.22282800e-06,1.79467400e+00
1.22292800e-06,1.79467402e+00
1.22302800e-06,1.79467405e+00
1.22312800e-06,1.79467407e+00
1.22322800e-06,1.79467410e+00
1.22332800e-06,1.79467412e+00
1.22342800e-06,1.79467415e+00
1.22352800e-06,1.79467417e+00
1.22362800e-06,1.79467419e+00
1.22372800e-06,1.79467422e+00
1.22382800e-06,1.79467424e+00
1.22392800e-06,1.79467427e+00
1.22402800e-06,1.79467429e+00
1.22412800e-06,1.79467432e+00
1.22422800e-06,1.79467434e+00
1.22432800e-06,1.79467437e+00
1.22442800e-06,1.79467439e+00
1.22452800e-06,1.79467442e+00
1.22462800e-06,1.79467444e+00
1.22472800e-06,1.79467447e+00
1.22482800e-06,1.79467449e+00
1.22492800e-06,1.79467452e+00
1.22502800e-06,1.79467454e+00
1.22512800e-06,1.79467457e+00
1.22522800e-06,1.79467460e+00
1.22532800e-06,1.79467462e+00
1.22542800e-06,1.79467465e+00
1.22552800e-06,1.79467467e+00
1.22562800e-06,1.79467470e+00
1.22572800e-06,1.79467472e+00
1.22582800e-06,1.79467475e+00
1.22592800e-06,1.79467477e+00
1.22602800e-06,1.79467480e+00
1.22612800e-06,1.79467483e+00
1.22622800e-06,1.79467485e+00
1.22632800e-06,1.79467488e+00
1.22642800e-06,1.79467490e+00
1.22652800e-06,1.79467493e+00
1.22662800e-06,1.79467496e+00
1.22672800e-06,1.79467498e+00
1.22682800e-06,1.79467501e+00
1.22692800e-06,1.79467504e+00
1.22702800e-06,1.79467506e+00
1.22712800e-06,1.79467509e+00
1.22722800e-06,1.79467511e+00
1.22732800e-06,1.79467514e+00
1.22742800e-06,1.79467517e+00
1.22752800e-06,1.79467519e+00
1.22762800e-06,1.79467522e+00
1.22772800e-06,1.79467525e+00
1.22782800e-06,1.79467527e+00
1.22792800e-06,1.79467530e+00
1.22802800e-06,1.79467533e+00
1.22812800e-06,1.79467535e+00
1.22822800e-06,1.79467538e+00
1.22832800e-06,1.79467541e+00
1.22842800e-06,1.79467544e+00
1.22852800e-06,1.79467546e+00
1.22862800e-06,1.79467549e+00
1.22872800e-06,1.79467552e+00
1.22882800e-06,1.79467554e+00
1.22892800e-06,1.79467557e+00
1.22902800e-06,1.79467560e+00
1.22912800e-06,1.79467563e+00
1.22922800e-06,1.79467565e+00
1.22932800e-06,1.79467568e+00
1.22942800e-06,1.79467571e+00
1.22952800e-06,1.79467574e+00
1.22962800e-06,1.79467576e+00
1.22972800e-06,1.79467579e+00
1.22982800e-06,1.79467582e+00
1.22992800e-06,1.79467585e+00
1.23002800e-06,1.79467587e+00
1.23012800e-06,1.79467590e+00
1.23022800e-06,1.79467593e+00
1.23032800e-06,1.79467596e+00
1.23042800e-06,1.79467599e+00
1.23052800e-06,1.79467601e+00
1.23062800e-06,1.79467604e+00
1.23072800e-06,1.79467607e+00
1.23082800e-06,1.79467610e+00
1.23092800e-06,1.79467613e+00
1.23102800e-06,1.79467616e+00
1.23112800e-06,1.79467618e+00
1.23122800e-06,1.79467621e+00
1.23132800e-06,1.79467624e+00
1.23142800e-06,1.79467627e+00
1.23152800e-06,1.79467630e+00
1.23162800e-06,1.79467633e+00
1.23172800e-06,1.79467636e+00
1.23182800e-06,1.79467638e+00
1.23192800e-06,1.79467641e+00
1.23202800e-06,1.79467644e+00
1.23212800e-06,1.79467647e+00
1.23222800e-06,1.79467650e+00
1.23232800e-06,1.79467653e+00
1.23242800e-06,1.79467656e+00
1.23252800e-06,1.79467659e+00
1.23262800e-06,1.79467662e+00
1.23272800e-06,1.79467664e+00
1.23282800e-06,1.79467667e+00
1.23292800e-06,1.79467670e+00
1.23302800e-06,1.79467673e+00
1.23312800e-06,1.79467676e+00
1.23322800e-06,1.79467679e+00
1.23332800e-06,1.79467682e+00
1.23342800e-06,1.79467685e+00
1.23352800e-06,1.79467688e+00
1.23362800e-06,1.79467691e+00
1.23372800e-06,1.79467694e+00
1.23382800e-06,1.79467697e+00
1.23392800e-06,1.79467700e+00
1.23402800e-06,1.79467703e+00
1.23412800e-06,1.79467706e+00
1.23422800e-06,1.79467709e+00
1.23432800e-06,1.79467712e+00
1.23442800e-06,1.79467715e+00
1.23452800e-06,1.79467718e+00
1.23462800e-06,1.79467721e+00
1.23472800e-06,1.79467724e+00
1.23482800e-06,1.79467727e+00
1.23492800e-06,1.79467730e+00
1.23502800e-06,1.79467733e+00
1.23512800e-06,1.79467736e+00
1.23522800e-06,1.79467739e+00
1.23532800e-06,1.79467742e+00
1.23542800e-06,1.79467745e+00
1.23552800e-06,1.79467748e+00
1.23562800e-06,1.79467751e+00
1.23572800e-06,1.79467754e+00
1.23582800e-06,1.79467757e+00
1.23592800e-06,1.79467760e+00
1.23602800e-06,1.79467763e+00
1.23612800e-06,1.79467766e+00
1.23622800e-06,1.79467770e+00
1.23632800e-06,1.79467773e+00
1.23642800e-06,1.79467776e+00
1.23652800e-06,1.79467779e+00
1.23662800e-06,1.79467782e+00
1.23672800e-06,1.79467785e+00
1.23682800e-06,1.79467788e+00
1.23692800e-06,1.79467791e+00
1.23702800e-06,1.79467794e+00
1.23712800e-06,1.79467798e+00
1.23722800e-06,1.79467801e+00
1.23732800e-06,1.79467804e+00
1.23742800e-06,1.79467807e+00
1.23752800e-06,1.79467810e+00
1.23762800e-06,1.79467813e+00
1.23772800e-06,1.79467816e+00
1.23782800e-06,1.79467820e+00
1.23792800e-06,1.79467823e+00
1.23802800e-06,1.79467826e+00
1.23812800e-06,1.79467829e+00
1.23822800e-06,1.79467832e+00
1.23832800e-06,1.79467835e+00
1.23842800e-06,1.79467839e+00
1.23852800e-06,1.79467842e+00
1.23862800e-06,1.79467845e+00
1.23872800e-06,1.79467848e+00
1.23882800e-06,1.79467851e+00
1.23892800e-06,1.79467855e+00
1.23902800e-06,1.79467858e+00
1.23912800e-06,1.79467861e+00
1.23922800e-06,1.79467864e+00
1.23932800e-06,1.79467868e+00
1.23942800e-06,1.79467871e+00
1.23952800e-06,1.79467874e+00
1.23962800e-06,1.79467877e+00
1.23972800e-06,1.79467881e+00
1.23982800e-06,1.79467884e+00
1.23992800e-06,1.79467887e+00
1.24002800e-06,1.79467890e+00
1.24012800e-06,1.79467894e+00
1.24022800e-06,1.79467897e+00
1.24032800e-06,1.79467900e+00
1.24042800e-06,1.79467903e+00
1.24052800e-06,1.79467907e+00
1.24062800e-06,1.79467910e+00
1.24072800e-06,1.79467913e+00
1.24082800e-06,1.79467917e+00
1.24092800e-06,1.79467920e+00
1.24102800e-06,1.79467923e+00
1.24112800e-06,1.79467927e+00
1.24122800e-06,1.79467930e+00
1.24132800e-06,1.79467933e+00
1.24142800e-06,1.79467937e+00
1.24152800e-06,1.79467940e+00
1.24162800e-06,1.79467943e+00
1.24172800e-06,1.79467947e+00
1.24182800e-06,1.79467950e+00
1.24192800e-06,1.79467953e+00
1.24202800e-06,1.79467957e+00
1.24212800e-06,1.79467960e+00
1.24222800e-06,1.79467963e+00
1.24232800e-06,1.79467967e+00
1.24242800e-06,1.79467970e+00
1.24252800e-06,1.79467973e+00
1.24262800e-06,1.79467977e+00
1.24272800e-06,1.79467980e+00
1.24282800e-06,1.79467984e+00
1.24292800e-06,1.79467987e+00
1.24302800e-06,1.79467990e+00
1.24312800e-06,1.79467994e+00
1.24322800e-06,1.79467997e+00
1.24332800e-06,1.79468001e+00
1.24342800e-06,1.79468004e+00
1.24352800e-06,1.79468008e+00
1.24362800e-06,1.79468011e+00
1.24372800e-06,1.79468014e+00
1.24382800e-06,1.79468018e+00
1.24392800e-06,1.79468021e+00
1.24402800e-06,1.79468025e+00
1.24412800e-06,1.79468028e+00
1.24422800e-06,1.79468032e+00
1.24432800e-06,1.79468035e+00
1.24442800e-06,1.79468039e+00
1.24452800e-06,1.79468042e+00
1.24462800e-06,1.79468046e+00
1.24472800e-06,1.79468049e+00
1.24482800e-06,1.79468053e+00
1.24492800e-06,1.79468056e+00
1.24502800e-06,1.79468059e+00
1.24512800e-06,1.79468063e+00
1.24522800e-06,1.79468066e+00
1.24532800e-06,1.79468070e+00
1.24542800e-06,1.79468074e+00
1.24552800e-06,1.79468077e+00
1.24562800e-06,1.79468081e+00
1.24572800e-06,1.79468084e+00
1.24582800e-06,1.79468088e+00
1.24592800e-06,1.79468091e+00
1.24602800e-06,1.79468095e+00
1.24612800e-06,1.79468098e+00
1.24622800e-06,1.79468102e+00
1.24632800e-06,1.79468105e+00
1.24642800e-06,1.79468109e+00
1.24652800e-06,1.79468112e+00
1.24662800e-06,1.79468116e+00
1.24672800e-06,1.79468120e+00
1.24682800e-06,1.79468123e+00
1.24692800e-06,1.79468127e+00
1.24702800e-06,1.79468130e+00
1.24712800e-06,1.79468134e+00
1.24722800e-06,1.79468137e+00
1.24732800e-06,1.79468141e+00
1.24742800e-06,1.79468145e+00
1.24752800e-06,1.79468148e+00
1.24762800e-06,1.79468152e+00
1.24772800e-06,1.79468155e+00
1.24782800e-06,1.79468159e+00
1.24792800e-06,1.79468163e+00
1.24802800e-06,1.79468166e+00
1.24812800e-06,1.79468170e+00
1.24822800e-06,1.79468174e+00
1.24832800e-06,1.79468177e+00
1.24842800e-06,1.79468181e+00
1.24852800e-06,1.79468185e+00
1.24862800e-06,1.79468188e+00
1.24872800e-06,1.79468192e+00
1.24882800e-06,1.79468196e+00
1.24892800e-06,1.79468199e+00
1.24902800e-06,1.79468203e+00
1.24912800e-06,1.79468207e+00
1.24922800e-06,1.79468210e+00
1.24932800e-06,1.79468214e+00
1.24942800e-06,1.79468218e+00
1.24952800e-06,1.79468221e+00
1.24962800e-06,1.79468225e+00
1.24972800e-06,1.79468229e+00
1.24982800e-06,1.79468232e+00
1.24992800e-06,1.79468236e+00
1.25002800e-06,1.79468240e+00
1.25012800e-06,1.79468243e+00
1.25022800e-06,1.79468247e+00
1.25032800e-06,1.79468251e+00
1.25042800e-06,1.79468255e+00
1.25052800e-06,1.79468258e+00
1.25062800e-06,1.79468262e+00
1.25072800e-06,1.79468266e+00
1.25082800e-06,1.79468270e+00
1.25092800e-06,1.79468273e+00
1.25102800e-06,1.79468277e+00
1.25112800e-06,1.79468281e+00
1.25122800e-06,1.79468285e+00
1.25132800e-06,1.79468288e+00
1.25142800e-06,1.79468292e+00
1.25152800e-06,1.79468296e+00
1.25162800e-06,1.79468300e+00
1.25172800e-06,1.79468303e+00
1.25182800e-06,1.79468307e+00
1.25192800e-06,1.79468311e+00
1.25202800e-06,1.79468315e+00
1.25212800e-06,1.79468319e+00
1.25222800e-06,1.79468322e+00
1.25232800e-06,1.79468326e+00
1.25242800e-06,1.79468330e+00
1.25252800e-06,1.79468334e+00
1.25262800e-06,1.79468338e+00
1.25272800e-06,1.79468341e+00
1.25282800e-06,1.79468345e+00
1.25292800e-06,1.79468349e+00
1.25302800e-06,1.79468353e+00
1.25312800e-06,1.79468357e+00
1.25322800e-06,1.79468361e+00
1.25332800e-06,1.79468364e+00
1.25342800e-06,1.79468368e+00
1.25352800e-06,1.79468372e+00
1.25362800e-06,1.79468376e+00
1.25372800e-06,1.79468380e+00
1.25382800e-06,1.79468384e+00
1.25392800e-06,1.79468388e+00
1.25402800e-06,1.79468391e+00
1.25412800e-06,1.79468395e+00
1.25422800e-06,1.79468399e+00
1.25432800e-06,1.79468403e+00
1.25442800e-06,1.79468407e+00
1.25452800e-06,1.79468411e+00
1.25462800e-06,1.79468415e+00
1.25472800e-06,1.79468419e+00
1.25482800e-06,1.79468423e+00
1.25492800e-06,1.79468426e+00
1.25502800e-06,1.79468430e+00
1.25512800e-06,1.79468434e+00
1.25522800e-06,1.79468438e+00
1.25532800e-06,1.79468442e+00
1.25542800e-06,1.79468446e+00
1.25552800e-06,1.79468450e+00
1.25562800e-06,1.79468454e+00
1.25572800e-06,1.79468458e+00
1.25582800e-06,1.79468462e+00
1.25592800e-06,1.79468466e+00
1.25602800e-06,1.79468470e+00
1.25612800e-06,1.79468474e+00
1.25622800e-06,1.79468478e+00
1.25632800e-06,1.79468481e+00
1.25642800e-06,1.79468485e+00
1.25652800e-06,1.79468489e+00
1.25662800e-06,1.79468493e+00
1.25672800e-06,1.79468497e+00
1.25682800e-06,1.79468501e+00
1.25692800e-06,1.79468505e+00
1.25702800e-06,1.79468509e+00
1.25712800e-06,1.79468513e+00
1.25722800e-06,1.79468517e+00
1.25732800e-06,1.79468521e+00
1.25742800e-06,1.79468525e+00
1.25752800e-06,1.79468529e+00
1.25762800e-06,1.79468533e+00
1.25772800e-06,1.79468537e+00
1.25782800e-06,1.79468541e+00
1.25792800e-06,1.79468545e+00
1.25802800e-06,1.79468549e+00
1.25812800e-06,1.79468553e+00
1.25822800e-06,1.79468557e+00
1.25832800e-06,1.79468561e+00
1.25842800e-06,1.79468565e+00
1.25852800e-06,1.79468569e+00
1.25862800e-06,1.79468573e+00
1.25872800e-06,1.79468578e+00
1.25882800e-06,1.79468582e+00
1.25892800e-06,1.79468586e+00
1.25902800e-06,1.79468590e+00
1.25912800e-06,1.79468594e+00
1.25922800e-06,1.79468598e+00
1.25932800e-06,1.79468602e+00
1.25942800e-06,1.79468606e+00
1.25952800e-06,1.79468610e+00
1.25962800e-06,1.79468614e+00
1.25972800e-06,1.79468618e+00
1.25982800e-06,1.79468622e+00
1.25992800e-06,1.79468626e+00
1.26002800e-06,1.79468630e+00
1.26012800e-06,1.79468634e+00
1.26022800e-06,1.79468639e+00
1.26032800e-06,1.79468643e+00
1.26042800e-06,1.79468647e+00
1.26052800e-06,1.79468651e+00
1.26062800e-06,1.79468655e+00
1.26072800e-06,1.79468659e+00
1.26082800e-06,1.79468663e+00
1.26092800e-06,1.79468667e+00
1.26102800e-06,1.79468671e+00
1.26112800e-06,1.79468676e+00
1.26122800e-06,1.79468680e+00
1.26132800e-06,1.79468684e+00
1.26142800e-06,1.79468688e+00
1.26152800e-06,1.79468692e+00
1.26162800e-06,1.79468696e+00
1.26172800e-06,1.79468700e+00
1.26182800e-06,1.79468705e+00
1.26192800e-06,1.79468709e+00
1.26202800e-06,1.79468713e+00
1.26212800e-06,1.79468717e+00
1.26222800e-06,1.79468721e+00
1.26232800e-06,1.79468725e+00
1.26242800e-06,1.79468729e+00
1.26252800e-06,1.79468734e+00
1.26262800e-06,1.79468738e+00
1.26272800e-06,1.79468742e+00
1.26282800e-06,1.79468746e+00
1.26292800e-06,1.79468750e+00
1.26302800e-06,1.79468755e+00
1.26312800e-06,1.79468759e+00
1.26322800e-06,1.79468763e+00
1.26332800e-06,1.79468767e+00
1.26342800e-06,1.79468771e+00
1.26352800e-06,1.79468775e+00
1.26362800e-06,1.79468780e+00
1.26372800e-06,1.79468784e+00
1.26382800e-06,1.79468788e+00
1.26392800e-06,1.79468792e+00
1.26402800e-06,1.79468797e+00
1.26412800e-06,1.79468801e+00
1.26422800e-06,1.79468805e+00
1.26432800e-06,1.79468809e+00
1.26442800e-06,1.79468813e+00
1.26452800e-06,1.79468818e+00
1.26462800e-06,1.79468822e+00
1.26472800e-06,1.79468826e+00
1.26482800e-06,1.79468830e+00
1.26492800e-06,1.79468835e+00
1.26502800e-06,1.79468839e+00
1.26512800e-06,1.79468843e+00
1.26522800e-06,1.79468847e+00
1.26532800e-06,1.79468852e+00
1.26542800e-06,1.79468856e+00
1.26552800e-06,1.79468860e+00
1.26562800e-06,1.79468864e+00
1.26572800e-06,1.79468869e+00
1.26582800e-06,1.79468873e+00
1.26592800e-06,1.79468877e+00
1.26602800e-06,1.79468881e+00
1.26612800e-06,1.79468886e+00
1.26622800e-06,1.79468890e+00
1.26632800e-06,1.79468894e+00
1.26642800e-06,1.79468899e+00
1.26652800e-06,1.79468903e+00
1.26662800e-06,1.79468907e+00
1.26672800e-06,1.79468911e+00
1.26682800e-06,1.79468916e+00
1.26692800e-06,1.79468920e+00
1.26702800e-06,1.79468924e+00
1.26712800e-06,1.79468929e+00
1.26722800e-06,1.79468933e+00
1.26732800e-06,1.79468937e+00
1.26742800e-06,1.79468941e+00
1.26752800e-06,1.79468946e+00
1.26762800e-06,1.79468950e+00
1.26772800e-06,1.79468954e+00
1.26782800e-06,1.79468959e+00
1.26792800e-06,1.79468963e+00
1.26802800e-06,1.79468967e+00
1.26812800e-06,1.79468972e+00
1.26822800e-06,1.79468976e+00
1.26832800e-06,1.79468980e+00
1.26842800e-06,1.79468985e+00
1.26852800e-06,1.79468989e+00
1.26862800e-06,1.79468993e+00
1.26872800e-06,1.79468998e+00
1.26882800e-06,1.79469002e+00
1.26892800e-06,1.79469006e+00
1.26902800e-06,1.79469011e+00
1.26912800e-06,1.79469015e+00
1.26922800e-06,1.79469019e+00
1.26932800e-06,1.79469024e+00
1.26942800e-06,1.79469028e+00
1.26952800e-06,1.79469033e+00
1.26962800e-06,1.79469037e+00
1.26972800e-06,1.79469041e+00
1.26982800e-06,1.79469046e+00
1.26992800e-06,1.79469050e+00
1.27002800e-06,1.79469054e+00
1.27012800e-06,1.79469059e+00
1.27022800e-06,1.79469063e+00
1.27032800e-06,1.79469068e+00
1.27042800e-06,1.79469072e+00
1.27052800e-06,1.79469076e+00
1.27062800e-06,1.79469081e+00
1.27072800e-06,1.79469085e+00
1.27082800e-06,1.79469089e+00
1.27092800e-06,1.79469094e+00
1.27102800e-06,1.79469098e+00
1.27112800e-06,1.79469103e+00
1.27122800e-06,1.79469107e+00
1.27132800e-06,1.79469111e+00
1.27142800e-06,1.79469116e+00
1.27152800e-06,1.79469120e+00
1.27162800e-06,1.79469125e+00
1.27172800e-06,1.79469129e+00
1.27182800e-06,1.79469133e+00
1.27192800e-06,1.79469138e+00
1.27202800e-06,1.79469142e+00
1.27212800e-06,1.79469147e+00
1.27222800e-06,1.79469151e+00
1.27232800e-06,1.79469156e+00
1.27242800e-06,1.79469160e+00
1.27252800e-06,1.79469164e+00
1.27262800e-06,1.79469169e+00
1.27272800e-06,1.79469173e+00
1.27282800e-06,1.79469178e+00
1.27292800e-06,1.79469182e+00
1.27302800e-06,1.79469187e+00
1.27312800e-06,1.79469191e+00
1.27322800e-06,1.79469195e+00
1.27332800e-06,1.79469200e+00
1.27342800e-06,1.79469204e+00
1.27352800e-06,1.79469209e+00
1.27362800e-06,1.79469213e+00
1.27372800e-06,1.79469218e+00
1.27382800e-06,1.79469222e+00
1.27392800e-06,1.79469227e+00
1.27402800e-06,1.79469231e+00
1.27412800e-06,1.79469235e+00
1.27422800e-06,1.79469240e+00
1.27432800e-06,1.79469244e+00
1.27442800e-06,1.79469249e+00
1.27452800e-06,1.79469253e+00
1.27462800e-06,1.79469258e+00
1.27472800e-06,1.79469262e+00
1.27482800e-06,1.79469267e+00
1.27492800e-06,1.79469271e+00
1.27502800e-06,1.79469276e+00
1.27512800e-06,1.79469280e+00
1.27522800e-06,1.79469285e+00
1.27532800e-06,1.79469289e+00
1.27542800e-06,1.79469293e+00
1.27552800e-06,1.79469298e+00
1.27562800e-06,1.79469302e+00
1.27572800e-06,1.79469307e+00
1.27582800e-06,1.79469311e+00
1.27592800e-06,1.79469316e+00
1.27602800e-06,1.79469320e+00
1.27612800e-06,1.79469325e+00
1.27622800e-06,1.79469329e+00
1.27632800e-06,1.79469334e+00
1.27642800e-06,1.79469338e+00
1.27652800e-06,1.79469343e+00
1.27662800e-06,1.79469347e+00
1.27672800e-06,1.79469352e+00
1.27682800e-06,1.79469356e+00
1.27692800e-06,1.79469361e+00
1.27702800e-06,1.79469365e+00
1.27712800e-06,1.79469370e+00
1.27722800e-06,1.79469374e+00
1.27732800e-06,1.79469379e+00
1.27742800e-06,1.79469383e+00
1.27752800e-06,1.79469388e+00
1.27762800e-06,1.79469392e+00
1.27772800e-06,1.79469397e+00
1.27782800e-06,1.79469401e+00
1.27792800e-06,1.79469406e+00
1.27802800e-06,1.79469410e+00
1.27812800e-06,1.79469415e+00
1.27822800e-06,1.79469419e+00
1.27832800e-06,1.79469424e+00
1.27842800e-06,1.79469428e+00
1.27852800e-06,1.79469433e+00
1.27862800e-06,1.79469437e+00
1.27872800e-06,1.79469442e+00
1.27882800e-06,1.79469447e+00
1.27892800e-06,1.79469451e+00
1.27902800e-06,1.79469456e+00
1.27912800e-06,1.79469460e+00
1.27922800e-06,1.79469465e+00
1.27932800e-06,1.79469469e+00
1.27942800e-06,1.79469474e+00
1.27952800e-06,1.79469478e+00
1.27962800e-06,1.79469483e+00
1.27972800e-06,1.79469487e+00
1.27982800e-06,1.79469492e+00
1.27992800e-06,1.79469496e+00
1.28002800e-06,1.79469501e+00
1.28012800e-06,1.79469505e+00
1.28022800e-06,1.79469510e+00
1.28032800e-06,1.79469514e+00
1.28042800e-06,1.79469519e+00
1.28052800e-06,1.79469524e+00
1.28062800e-06,1.79469528e+00
1.28072800e-06,1.79469533e+00
1.28082800e-06,1.79469537e+00
1.28092800e-06,1.79469542e+00
1.28102800e-06,1.79469546e+00
1.28112800e-06,1.79469551e+00
1.28122800e-06,1.79469555e+00
1.28132800e-06,1.79469560e+00
1.28142800e-06,1.79469564e+00
1.28152800e-06,1.79469569e+00
1.28162800e-06,1.79469573e+00
1.28172800e-06,1.79469578e+00
1.28182800e-06,1.79469583e+00
1.28192800e-06,1.79469587e+00
1.28202800e-06,1.79469592e+00
1.28212800e-06,1.79469596e+00
1.28222800e-06,1.79469601e+00
1.28232800e-06,1.79469605e+00
1.28242800e-06,1.79469610e+00
1.28252800e-06,1.79469614e+00
1.28262800e-06,1.79469619e+00
1.28272800e-06,1.79469624e+00
1.28282800e-06,1.79469628e+00
1.28292800e-06,1.79469633e+00
1.28302800e-06,1.79469637e+00
1.28312800e-06,1.79469642e+00
1.28322800e-06,1.79469646e+00
1.28332800e-06,1.79469651e+00
1.28342800e-06,1.79469655e+00
1.28352800e-06,1.79469660e+00
1.28362800e-06,1.79469664e+00
1.28372800e-06,1.79469669e+00
1.28382800e-06,1.79469674e+00
1.28392800e-06,1.79469678e+00
1.28402800e-06,1.79469683e+00
1.28412800e-06,1.79469687e+00
1.28422800e-06,1.79469692e+00
1.28432800e-06,1.79469696e+00
1.28442800e-06,1.79469701e+00
1.28452800e-06,1.79469706e+00
1.28462800e-06,1.79469710e+00
1.28472800e-06,1.79469715e+00
1.28482800e-06,1.79469719e+00
1.28492800e-06,1.79469724e+00
1.28502800e-06,1.79469728e+00
1.28512800e-06,1.79469733e+00
1.28522800e-06,1.79469737e+00
1.28532800e-06,1.79469742e+00
1.28542800e-06,1.79469747e+00
1.28552800e-06,1.79469751e+00
1.28562800e-06,1.79469756e+00
1.28572800e-06,1.79469760e+00
1.28582800e-06,1.79469765e+00
1.28592800e-06,1.79469769e+00
1.28602800e-06,1.79469774e+00
1.28612800e-06,1.79469778e+00
1.28622800e-06,1.79469783e+00
1.28632800e-06,1.79469788e+00
1.28642800e-06,1.79469792e+00
1.28652800e-06,1.79469797e+00
1.28662800e-06,1.79469801e+00
1.28672800e-06,1.79469806e+00
1.28682800e-06,1.79469810e+00
1.28692800e-06,1.79469815e+00
1.28702800e-06,1.79469819e+00
1.28712800e-06,1.79469824e+00
1.28722800e-06,1.79469829e+00
1.28732800e-06,1.79469833e+00
1.28742800e-06,1.79469838e+00
1.28752800e-06,1.79469842e+00
1.28762800e-06,1.79469847e+00
1.28772800e-06,1.79469851e+00
1.28782800e-06,1.79469856e+00
1.28792800e-06,1.79469860e+00
1.28802800e-06,1.79469865e+00
1.28812800e-06,1.79469870e+00
1.28822800e-06,1.79469874e+00
1.28832800e-06,1.79469879e+00
1.28842800e-06,1.79469883e+00
1.28852800e-06,1.79469888e+00
1.28862800e-06,1.79469892e+00
1.28872800e-06,1.79469897e+00
1.28882800e-06,1.79469901e+00
1.28892800e-06,1.79469906e+00
1.28902800e-06,1.79469911e+00
1.28912800e-06,1.79469915e+00
1.28922800e-06,1.79469920e+00
1.28932800e-06,1.79469924e+00
1.28942800e-06,1.79469929e+00
1.28952800e-06,1.79469933e+00
1.28962800e-06,1.79469938e+00
1.28972800e-06,1.79469942e+00
1.28982800e-06,1.79469947e+00
1.28992800e-06,1.79469951e+00
1.29002800e-06,1.79469956e+00
1.29012800e-06,1.79469960e+00
1.29022800e-06,1.79469965e+00
1.29032800e-06,1.79469970e+00
1.29042800e-06,1.79469974e+00
1.29052800e-06,1.79469979e+00
1.29062800e-06,1.79469983e+00
1.29072800e-06,1.79469988e+00
1.29082800e-06,1.79469992e+00
1.29092800e-06,1.79469997e+00
1.29102800e-06,1.79470001e+00
1.29112800e-06,1.79470006e+00
1.29122800e-06,1.79470010e+00
1.29132800e-06,1.79470015e+00
1.29142800e-06,1.79470019e+00
1.29152800e-06,1.79470024e+00
1.29162800e-06,1.79470028e+00
1.29172800e-06,1.79470033e+00
1.29182800e-06,1.79470038e+00
1.29192800e-06,1.79470042e+00
1.29202800e-06,1.79470047e+00
1.29212800e-06,1.79470051e+00
1.29222800e-06,1.79470056e+00
1.29232800e-06,1.79470060e+00
1.29242800e-06,1.79470065e+00
1.29252800e-06,1.79470069e+00
1.29262800e-06,1.79470074e+00
1.29272800e-06,1.79470078e+00
1.29282800e-06,1.79470083e+00
1.29292800e-06,1.79470087e+00
1.29302800e-06,1.79470092e+00
1.29312800e-06,1.79470096e+00
1.29322800e-06,1.79470101e+00
1.29332800e-06,1.79470105e+00
1.29342800e-06,1.79470110e+00
1.29352800e-06,1.79470114e+00
1.29362800e-06,1.79470119e+00
1.29372800e-06,1.79470123e+00
1.29382800e-06,1.79470128e+00
1.29392800e-06,1.79470132e+00
1.29402800e-06,1.79470137e+00
1.29412800e-06,1.79470141e+00
1.29422800e-06,1.79470146e+00
1.29432800e-06,1.79470150e+00
1.29442800e-06,1.79470155e+00
1.29452800e-06,1.79470159e+00
1.29462800e-06,1.79470164e+00
1.29472800e-06,1.79470168e+00
1.29482800e-06,1.79470173e+00
1.29492800e-06,1.79470177e+00
1.29502800e-06,1.79470182e+00
1.29512800e-06,1.79470186e+00
1.29522800e-06,1.79470191e+00
1.29532800e-06,1.79470195e+00
1.29542800e-06,1.79470200e+00
1.29552800e-06,1.79470204e+00
1.29562800e-06,1.79470208e+00
1.29572800e-06,1.79470213e+00
1.29582800e-06,1.79470217e+00
1.29592800e-06,1.79470222e+00
1.29602800e-06,1.79470226e+00
1.29612800e-06,1.79470231e+00
1.29622800e-06,1.79470235e+00
1.29632800e-06,1.79470240e+00
1.29642800e-06,1.79470244e+00
1.29652800e-06,1.79470249e+00
1.29662800e-06,1.79470253e+00
1.29672800e-06,1.79470257e+00
1.29682800e-06,1.79470262e+00
1.29692800e-06,1.79470266e+00
1.29702800e-06,1.79470271e+00
1.29712800e-06,1.79470275e+00
1.29722800e-06,1.79470280e+00
1.29732800e-06,1.79470284e+00
1.29742800e-06,1.79470289e+00
1.29752800e-06,1.79470293e+00
1.29762800e-06,1.79470297e+00
1.29772800e-06,1.79470302e+00
1.29782800e-06,1.79470306e+00
1.29792800e-06,1.79470311e+00
1.29802800e-06,1.79470315e+00
1.29812800e-06,1.79470319e+00
1.29822800e-06,1.79470324e+00
1.29832800e-06,1.79470328e+00
1.29842800e-06,1.79470333e+00
1.29852800e-06,1.79470337e+00
1.29862800e-06,1.79470342e+00
1.29872800e-06,1.79470346e+00
1.29882800e-06,1.79470350e+00
1.29892800e-06,1.79470355e+00
1.29902800e-06,1.79470359e+00
1.29912800e-06,1.79470363e+00
1.29922800e-06,1.79470368e+00
1.29932800e-06,1.79470372e+00
1.29942800e-06,1.79470377e+00
1.29952800e-06,1.79470381e+00
1.29962800e-06,1.79470385e+00
1.29972800e-06,1.79470390e+00
1.29982800e-06,1.79470394e+00
1.29992800e-06,1.79470399e+00
1.30002800e-06,1.79470403e+00
1.30012800e-06,1.79470407e+00
1.30022800e-06,1.79470412e+00
1.30032800e-06,1.79470416e+00
1.30042800e-06,1.79470420e+00
1.30052800e-06,1.79470425e+00
1.30062800e-06,1.79470429e+00
1.30072800e-06,1.79470433e+00
1.30082800e-06,1.79470438e+00
1.30092800e-06,1.79470442e+00
1.30102800e-06,1.79470446e+00
1.30112800e-06,1.79470451e+00
1.30122800e-06,1.79470455e+00
1.30132800e-06,1.79470459e+00
1.30142800e-06,1.79470464e+00
1.30152800e-06,1.79470468e+00
1.30162800e-06,1.79470472e+00
1.30172800e-06,1.79470477e+00
1.30182800e-06,1.79470481e+00
1.30192800e-06,1.79470485e+00
1.30202800e-06,1.79470490e+00
1.30212800e-06,1.79470494e+00
1.30222800e-06,1.79470498e+00
1.30232800e-06,1.79470503e+00
1.30242800e-06,1.79470507e+00
1.30252800e-06,1.79470511e+00
1.30262800e-06,1.79470515e+00
1.30272800e-06,1.79470520e+00
1.30282800e-06,1.79470524e+00
1.30292800e-06,1.79470528e+00
1.30302800e-06,1.79470532e+00
1.30312800e-06,1.79470537e+00
1.30322800e-06,1.79470541e+00
1.30332800e-06,1.79470545e+00
1.30342800e-06,1.79470550e+00
1.30352800e-06,1.79470554e+00
1.30362800e-06,1.79470558e+00
1.30372800e-06,1.79470562e+00
1.30382800e-06,1.79470567e+00
1.30392800e-06,1.79470571e+00
1.30402800e-06,1.79470575e+00
1.30412800e-06,1.79470579e+00
1.30422800e-06,1.79470584e+00
1.30432800e-06,1.79470588e+00
1.30442800e-06,1.79470592e+00
1.30452800e-06,1.79470596e+00
1.30462800e-06,1.79470600e+00
1.30472800e-06,1.79470605e+00
1.30482800e-06,1.79470609e+00
1.30492800e-06,1.79470613e+00
1.30502800e-06,1.79470617e+00
1.30512800e-06,1.79470621e+00
1.30522800e-06,1.79470626e+00
1.30532800e-06,1.79470630e+00
1.30542800e-06,1.79470634e+00
1.30552800e-06,1.79470638e+00
1.30562800e-06,1.79470642e+00
1.30572800e-06,1.79470647e+00
1.30582800e-06,1.79470651e+00
1.30592800e-06,1.79470655e+00
1.30602800e-06,1.79470659e+00
1.30612800e-06,1.79470663e+00
1.30622800e-06,1.79470667e+00
1.30632800e-06,1.79470671e+00
1.30642800e-06,1.79470676e+00
1.30652800e-06,1.79470680e+00
1.30662800e-06,1.79470684e+00
1.30672800e-06,1.79470688e+00
1.30682800e-06,1.79470692e+00
1.30692800e-06,1.79470696e+00
1.30702800e-06,1.79470700e+00
1.30712800e-06,1.79470705e+00
1.30722800e-06,1.79470709e+00
1.30732800e-06,1.79470713e+00
1.30742800e-06,1.79470717e+00
1.30752800e-06,1.79470721e+00
1.30762800e-06,1.79470725e+00
1.30772800e-06,1.79470729e+00
1.30782800e-06,1.79470733e+00
1.30792800e-06,1.79470737e+00
1.30802800e-06,1.79470741e+00
1.30812800e-06,1.79470745e+00
1.30822800e-06,1.79470750e+00
1.30832800e-06,1.79470754e+00
1.30842800e-06,1.79470758e+00
1.30852800e-06,1.79470762e+00
1.30862800e-06,1.79470766e+00
1.30872800e-06,1.79470770e+00
1.30882800e-06,1.79470774e+00
1.30892800e-06,1.79470778e+00
1.30902800e-06,1.79470782e+00
1.30912800e-06,1.79470786e+00
1.30922800e-06,1.79470790e+00
1.30932800e-06,1.79470794e+00
1.30942800e-06,1.79470798e+00
1.30952800e-06,1.79470802e+00
1.30962800e-06,1.79470806e+00
1.30972800e-06,1.79470810e+00
1.30982800e-06,1.79470814e+00
1.30992800e-06,1.79470818e+00
1.31002800e-06,1.79470822e+00
1.31012800e-06,1.79470826e+00
1.31022800e-06,1.79470830e+00
1.31032800e-06,1.79470834e+00
1.31042800e-06,1.79470838e+00
1.31052800e-06,1.79470842e+00
1.31062800e-06,1.79470846e+00
1.31072800e-06,1.79470850e+00
1.31082800e-06,1.79470854e+00
1.31092800e-06,1.79470858e+00
1.31102800e-06,1.79470861e+00
1.31112800e-06,1.79470865e+00
1.31122800e-06,1.79470869e+00
1.31132800e-06,1.79470873e+00
1.31142800e-06,1.79470877e+00
1.31152800e-06,1.79470881e+00
1.31162800e-06,1.79470885e+00
1.31172800e-06,1.79470889e+00
1.31182800e-06,1.79470893e+00
1.31192800e-06,1.79470897e+00
1.31202800e-06,1.79470900e+00
1.31212800e-06,1.79470904e+00
1.31222800e-06,1.79470908e+00
1.31232800e-06,1.79470912e+00
1.31242800e-06,1.79470916e+00
1.31252800e-06,1.79470920e+00
1.31262800e-06,1.79470924e+00
1.31272800e-06,1.79470927e+00
1.31282800e-06,1.79470931e+00
1.31292800e-06,1.79470935e+00
1.31302800e-06,1.79470939e+00
1.31312800e-06,1.79470943e+00
1.31322800e-06,1.79470947e+00
1.31332800e-06,1.79470950e+00
1.31342800e-06,1.79470954e+00
1.31352800e-06,1.79470958e+00
1.31362800e-06,1.79470962e+00
1.31372800e-06,1.79470965e+00
1.31382800e-06,1.79470969e+00
1.31392800e-06,1.79470973e+00
1.31402800e-06,1.79470977e+00
1.31412800e-06,1.79470981e+00
1.31422800e-06,1.79470984e+00
1.31432800e-06,1.79470988e+00
1.31442800e-06,1.79470992e+00
1.31452800e-06,1.79470995e+00
1.31462800e-06,1.79470999e+00
1.31472800e-06,1.79471003e+00
1.31482800e-06,1.79471007e+00
1.31492800e-06,1.79471010e+00
1.31502800e-06,1.79471014e+00
1.31512800e-06,1.79471018e+00
1.31522800e-06,1.79471021e+00
1.31532800e-06,1.79471025e+00
1.31542800e-06,1.79471029e+00
1.31552800e-06,1.79471032e+00
1.31562800e-06,1.79471036e+00
1.31572800e-06,1.79471040e+00
1.31582800e-06,1.79471043e+00
1.31592800e-06,1.79471047e+00
1.31602800e-06,1.79471051e+00
1.31612800e-06,1.79471054e+00
1.31622800e-06,1.79471058e+00
1.31632800e-06,1.79471062e+00
1.31642800e-06,1.79471065e+00
1.31652800e-06,1.79471069e+00
1.31662800e-06,1.79471072e+00
1.31672800e-06,1.79471076e+00
1.31682800e-06,1.79471080e+00
1.31692800e-06,1.79471083e+00
1.31702800e-06,1.79471087e+00
1.31712800e-06,1.79471090e+00
1.31722800e-06,1.79471094e+00
1.31732800e-06,1.79471097e+00
1.31742800e-06,1.79471101e+00
1.31752800e-06,1.79471104e+00
1.31762800e-06,1.79471108e+00
1.31772800e-06,1.79471112e+00
1.31782800e-06,1.79471115e+00
1.31792800e-06,1.79471119e+00
1.31802800e-06,1.79471122e+00
1.31812800e-06,1.79471126e+00
1.31822800e-06,1.79471129e+00
1.31832800e-06,1.79471133e+00
1.31842800e-06,1.79471136e+00
1.31852800e-06,1.79471139e+00
1.31862800e-06,1.79471143e+00
1.31872800e-06,1.79471146e+00
1.31882800e-06,1.79471150e+00
1.31892800e-06,1.79471153e+00
1.31902800e-06,1.79471157e+00
1.31912800e-06,1.79471160e+00
1.31922800e-06,1.79471164e+00
1.31932800e-06,1.79471167e+00
1.31942800e-06,1.79471170e+00
1.31952800e-06,1.79471174e+00
1.31962800e-06,1.79471177e+00
1.31972800e-06,1.79471181e+00
1.31982800e-06,1.79471184e+00
1.31992800e-06,1.79471187e+00
1.32002800e-06,1.79471191e+00
1.32012800e-06,1.79471194e+00
1.32022800e-06,1.79471197e+00
1.32032800e-06,1.79471201e+00
1.32042800e-06,1.79471204e+00
1.32052800e-06,1.79471207e+00
1.32062800e-06,1.79471211e+00
1.32072800e-06,1.79471214e+00
1.32082800e-06,1.79471217e+00
1.32092800e-06,1.79471221e+00
1.32102800e-06,1.79471224e+00
1.32112800e-06,1.79471227e+00
1.32122800e-06,1.79471230e+00
1.32132800e-06,1.79471234e+00
1.32142800e-06,1.79471237e+00
1.32152800e-06,1.79471240e+00
1.32162800e-06,1.79471243e+00
1.32172800e-06,1.79471247e+00
1.32182800e-06,1.79471250e+00
1.32192800e-06,1.79471253e+00
1.32202800e-06,1.79471256e+00
1.32212800e-06,1.79471259e+00
1.32222800e-06,1.79471263e+00
1.32232800e-06,1.79471266e+00
1.32242800e-06,1.79471269e+00
1.32252800e-06,1.79471272e+00
1.32262800e-06,1.79471275e+00
1.32272800e-06,1.79471278e+00
1.32282800e-06,1.79471282e+00
1.32292800e-06,1.79471285e+00
1.32302800e-06,1.79471288e+00
1.32312800e-06,1.79471291e+00
1.32322800e-06,1.79471294e+00
1.32332800e-06,1.79471297e+00
1.32342800e-06,1.79471300e+00
1.32352800e-06,1.79471303e+00
1.32362800e-06,1.79471306e+00
1.32372800e-06,1.79471309e+00
1.32382800e-06,1.79471312e+00
1.32392800e-06,1.79471316e+00
1.32402800e-06,1.79471319e+00
1.32412800e-06,1.79471322e+00
1.32422800e-06,1.79471325e+00
1.32432800e-06,1.79471328e+00
1.32442800e-06,1.79471331e+00
1.32452800e-06,1.79471334e+00
1.32462800e-06,1.79471337e+00
1.32472800e-06,1.79471340e+00
1.32482800e-06,1.79471343e+00
1.32492800e-06,1.79471346e+00
1.32502800e-06,1.79471348e+00
1.32512800e-06,1.79471351e+00
1.32522800e-06,1.79471354e+00
1.32532800e-06,1.79471357e+00
1.32542800e-06,1.79471360e+00
1.32552800e-06,1.79471363e+00
1.32562800e-06,1.79471366e+00
1.32572800e-06,1.79471369e+00
1.32582800e-06,1.79471372e+00
1.32592800e-06,1.79471375e+00
1.32602800e-06,1.79471378e+00
1.32612800e-06,1.79471380e+00
1.32622800e-06,1.79471383e+00
1.32632800e-06,1.79471386e+00
1.32642800e-06,1.79471389e+00
1.32652800e-06,1.79471392e+00
1.32662800e-06,1.79471395e+00
1.32672800e-06,1.79471397e+00
1.32682800e-06,1.79471400e+00
1.32692800e-06,1.79471403e+00
1.32702800e-06,1.79471406e+00
1.32712800e-06,1.79471408e+00
1.32722800e-06,1.79471411e+00
1.32732800e-06,1.79471414e+00
1.32742800e-06,1.79471417e+00
1.32752800e-06,1.79471419e+00
1.32762800e-06,1.79471422e+00
1.32772800e-06,1.79471425e+00
1.32782800e-06,1.79471428e+00
1.32792800e-06,1.79471430e+00
1.32802800e-06,1.79471433e+00
1.32812800e-06,1.79471436e+00
1.32822800e-06,1.79471438e+00
1.32832800e-06,1.79471441e+00
1.32842800e-06,1.79471443e+00
1.32852800e-06,1.79471446e+00
1.32862800e-06,1.79471449e+00
1.32872800e-06,1.79471451e+00
1.32882800e-06,1.79471454e+00
1.32892800e-06,1.79471457e+00
1.32902800e-06,1.79471459e+00
1.32912800e-06,1.79471462e+00
1.32922800e-06,1.79471464e+00
1.32932800e-06,1.79471467e+00
1.32942800e-06,1.79471469e+00
1.32952800e-06,1.79471472e+00
1.32962800e-06,1.79471474e+00
1.32972800e-06,1.79471477e+00
1.32982800e-06,1.79471479e+00
1.32992800e-06,1.79471482e+00
1.33002800e-06,1.79471484e+00
1.33012800e-06,1.79471487e+00
1.33022800e-06,1.79471489e+00
1.33032800e-06,1.79471492e+00
1.33042800e-06,1.79471494e+00
1.33052800e-06,1.79471497e+00
1.33062800e-06,1.79471499e+00
1.33072800e-06,1.79471501e+00
1.33082800e-06,1.79471504e+00
1.33092800e-06,1.79471506e+00
1.33102800e-06,1.79471509e+00
1.33112800e-06,1.79471511e+00
1.33122800e-06,1.79471513e+00
1.33132800e-06,1.79471516e+00
1.33142800e-06,1.79471518e+00
1.33152800e-06,1.79471520e+00
1.33162800e-06,1.79471523e+00
1.33172800e-06,1.79471525e+00
1.33182800e-06,1.79471527e+00
1.33192800e-06,1.79471530e+00
1.33202800e-06,1.79471532e+00
1.33212800e-06,1.79471534e+00
1.33222800e-06,1.79471536e+00
1.33232800e-06,1.79471539e+00
1.33242800e-06,1.79471541e+00
1.33252800e-06,1.79471543e+00
1.33262800e-06,1.79471545e+00
1.33272800e-06,1.79471547e+00
1.33282800e-06,1.79471550e+00
1.33292800e-06,1.79471552e+00
1.33302800e-06,1.79471554e+00
1.33312800e-06,1.79471556e+00
1.33322800e-06,1.79471558e+00
1.33332800e-06,1.79471560e+00
1.33342800e-06,1.79471563e+00
1.33352800e-06,1.79471565e+00
1.33362800e-06,1.79471567e+00
1.33372800e-06,1.79471569e+00
1.33382800e-06,1.79471571e+00
1.33392800e-06,1.79471573e+00
1.33402800e-06,1.79471575e+00
1.33412800e-06,1.79471577e+00
1.33422800e-06,1.79471579e+00
1.33432800e-06,1.79471581e+00
1.33442800e-06,1.79471583e+00
1.33452800e-06,1.79471585e+00
1.33462800e-06,1.79471587e+00
1.33472800e-06,1.79471589e+00
1.33482800e-06,1.79471591e+00
1.33492800e-06,1.79471593e+00
1.33502800e-06,1.79471595e+00
1.33512800e-06,1.79471597e+00
1.33522800e-06,1.79471599e+00
1.33532800e-06,1.79471601e+00
1.33542800e-06,1.79471603e+00
1.33552800e-06,1.79471604e+00
1.33562800e-06,1.79471606e+00
1.33572800e-06,1.79471608e+00
1.33582800e-06,1.79471610e+00
1.33592800e-06,1.79471612e+00
1.33602800e-06,1.79471614e+00
1.33612800e-06,1.79471616e+00
1.33622800e-06,1.79471617e+00
1.33632800e-06,1.79471619e+00
1.33642800e-06,1.79471621e+00
1.33652800e-06,1.79471623e+00
1.33662800e-06,1.79471624e+00
1.33672800e-06,1.79471626e+00
1.33682800e-06,1.79471628e+00
1.33692800e-06,1.79471630e+00
1.33702800e-06,1.79471631e+00
1.33712800e-06,1.79471633e+00
1.33722800e-06,1.79471635e+00
1.33732800e-06,1.79471636e+00
1.33742800e-06,1.79471638e+00
1.33752800e-06,1.79471640e+00
1.33762800e-06,1.79471641e+00
1.33772800e-06,1.79471643e+00
1.33782800e-06,1.79471644e+00
1.33792800e-06,1.79471646e+00
1.33802800e-06,1.79471648e+00
1.33812800e-06,1.79471649e+00
1.33822800e-06,1.79471651e+00
1.33832800e-06,1.79471652e+00
1.33842800e-06,1.79471654e+00
1.33852800e-06,1.79471655e+00
1.33862800e-06,1.79471657e+00
1.33872800e-06,1.79471658e+00
1.33882800e-06,1.79471660e+00
1.33892800e-06,1.79471661e+00
1.33902800e-06,1.79471663e+00
1.33912800e-06,1.79471664e+00
1.33922800e-06,1.79471666e+00
1.33932800e-06,1.79471667e+00
1.33942800e-06,1.79471669e+00
1.33952800e-06,1.79471670e+00
1.33962800e-06,1.79471671e+00
1.33972800e-06,1.79471673e+00
1.33982800e-06,1.79471674e+00
1.33992800e-06,1.79471675e+00
1.34002800e-06,1.79471677e+00
1.34012800e-06,1.79471678e+00
1.34022800e-06,1.79471679e+00
1.34032800e-06,1.79471681e+00
1.34042800e-06,1.79471682e+00
1.34052800e-06,1.79471683e+00
1.34062800e-06,1.79471684e+00
1.34072800e-06,1.79471686e+00
1.34082800e-06,1.79471687e+00
1.34092800e-06,1.79471688e+00
1.34102800e-06,1.79471689e+00
1.34112800e-06,1.79471691e+00
1.34122800e-06,1.79471692e+00
1.34132800e-06,1.79471693e+00
1.34142800e-06,1.79471694e+00
1.34152800e-06,1.79471695e+00
1.34162800e-06,1.79471696e+00
1.34172800e-06,1.79471697e+00
1.34182800e-06,1.79471698e+00
1.34192800e-06,1.79471700e+00
1.34202800e-06,1.79471701e+00
1.34212800e-06,1.79471702e+00
1.34222800e-06,1.79471703e+00
1.34232800e-06,1.79471704e+00
1.34242800e-06,1.79471705e+00
1.34252800e-06,1.79471706e+00
1.34262800e-06,1.79471707e+00
1.34272800e-06,1.79471708e+00
1.34282800e-06,1.79471709e+00
1.34292800e-06,1.79471710e+00
1.34302800e-06,1.79471711e+00
1.34312800e-06,1.79471711e+00
1.34322800e-06,1.79471712e+00
1.34332800e-06,1.79471713e+00
1.34342800e-06,1.79471714e+00
1.34352800e-06,1.79471715e+00
1.34362800e-06,1.79471716e+00
1.34372800e-06,1.79471717e+00
1.34382800e-06,1.79471718e+00
1.34392800e-06,1.79471718e+00
1.34402800e-06,1.79471719e+00
1.34412800e-06,1.79471720e+00
1.34422800e-06,1.79471721e+00
1.34432800e-06,1.79471721e+00
1.34442800e-06,1.79471722e+00
1.34452800e-06,1.79471723e+00
1.34462800e-06,1.79471724e+00
1.34472800e-06,1.79471724e+00
1.34482800e-06,1.79471725e+00
1.34492800e-06,1.79471726e+00
1.34502800e-06,1.79471726e+00
1.34512800e-06,1.79471727e+00
1.34522800e-06,1.79471728e+00
1.34532800e-06,1.79471728e+00
1.34542800e-06,1.79471729e+00
1.34552800e-06,1.79471729e+00
1.34562800e-06,1.79471730e+00
1.34572800e-06,1.79471731e+00
1.34582800e-06,1.79471731e+00
1.34592800e-06,1.79471732e+00
1.34602800e-06,1.79471732e+00
1.34612800e-06,1.79471733e+00
1.34622800e-06,1.79471733e+00
1.34632800e-06,1.79471734e+00
1.34642800e-06,1.79471734e+00
1.34652800e-06,1.79471734e+00
1.34662800e-06,1.79471735e+00
1.34672800e-06,1.79471735e+00
1.34682800e-06,1.79471736e+00
1.34692800e-06,1.79471736e+00
1.34702800e-06,1.79471736e+00
1.34712800e-06,1.79471737e+00
1.34722800e-06,1.79471737e+00
1.34732800e-06,1.79471737e+00
1.34742800e-06,1.79471738e+00
1.34752800e-06,1.79471738e+00
1.34762800e-06,1.79471738e+00
1.34772800e-06,1.79471739e+00
1.34782800e-06,1.79471739e+00
1.34792800e-06,1.79471739e+00
1.34802800e-06,1.79471739e+00
1.34812800e-06,1.79471739e+00
1.34822800e-06,1.79471740e+00
1.34832800e-06,1.79471740e+00
1.34842800e-06,1.79471740e+00
1.34852800e-06,1.79471740e+00
1.34862800e-06,1.79471740e+00
1.34872800e-06,1.79471740e+00
1.34882800e-06,1.79471740e+00
1.34892800e-06,1.79471740e+00
1.34902800e-06,1.79471740e+00
1.34912800e-06,1.79471741e+00
1.34922800e-06,1.79471741e+00
1.34932800e-06,1.79471741e+00
1.34942800e-06,1.79471741e+00
1.34952800e-06,1.79471741e+00
1.34962800e-06,1.79471741e+00
1.34972800e-06,1.79471740e+00
1.34982800e-06,1.79471740e+00
1.34992800e-06,1.79471740e+00
1.35002800e-06,1.79471740e+00
1.35012800e-06,1.79471740e+00
1.35022800e-06,1.79471740e+00
1.35032800e-06,1.79471740e+00
1.35042800e-06,1.79471740e+00
1.35052800e-06,1.79471740e+00
1.35062800e-06,1.79471739e+00
1.35072800e-06,1.79471739e+00
1.35082800e-06,1.79471739e+00
1.35092800e-06,1.79471739e+00
1.35102800e-06,1.79471738e+00
1.35112800e-06,1.79471738e+00
1.35122800e-06,1.79471738e+00
1.35132800e-06,1.79471738e+00
1.35142800e-06,1.79471737e+00
1.35152800e-06,1.79471737e+00
1.35162800e-06,1.79471737e+00
1.35172800e-06,1.79471736e+00
1.35182800e-06,1.79471736e+00
1.35192800e-06,1.79471735e+00
1.35202800e-06,1.79471735e+00
1.35212800e-06,1.79471735e+00
1.35222800e-06,1.79471734e+00
1.35232800e-06,1.79471734e+00
1.35242800e-06,1.79471733e+00
1.35252800e-06,1.79471733e+00
1.35262800e-06,1.79471732e+00
1.35272800e-06,1.79471732e+00
1.35282800e-06,1.79471731e+00
1.35292800e-06,1.79471731e+00
1.35302800e-06,1.79471730e+00
1.35312800e-06,1.79471729e+00
1.35322800e-06,1.79471729e+00
1.35332800e-06,1.79471728e+00
1.35342800e-06,1.79471728e+00
1.35352800e-06,1.79471727e+00
1.35362800e-06,1.79471726e+00
1.35372800e-06,1.79471726e+00
1.35382800e-06,1.79471725e+00
1.35392800e-06,1.79471724e+00
1.35402800e-06,1.79471723e+00
1.35412800e-06,1.79471723e+00
1.35422800e-06,1.79471722e+00
1.35432800e-06,1.79471721e+00
1.35442800e-06,1.79471720e+00
1.35452800e-06,1.79471719e+00
1.35462800e-06,1.79471719e+00
1.35472800e-06,1.79471718e+00
1.35482800e-06,1.79471717e+00
1.35492800e-06,1.79471716e+00
1.35502800e-06,1.79471715e+00
1.35512800e-06,1.79471714e+00
1.35522800e-06,1.79471713e+00
1.35532800e-06,1.79471712e+00
1.35542800e-06,1.79471711e+00
1.35552800e-06,1.79471710e+00
1.35562800e-06,1.79471709e+00
1.35572800e-06,1.79471708e+00
1.35582800e-06,1.79471707e+00
1.35592800e-06,1.79471706e+00
1.35602800e-06,1.79471705e+00
1.35612800e-06,1.79471704e+00
1.35622800e-06,1.79471703e+00
1.35632800e-06,1.79471702e+00
1.35642800e-06,1.79471701e+00
1.35652800e-06,1.79471699e+00
1.35662800e-06,1.79471698e+00
1.35672800e-06,1.79471697e+00
1.35682800e-06,1.79471696e+00
1.35692800e-06,1.79471694e+00
1.35702800e-06,1.79471693e+00
1.35712800e-06,1.79471692e+00
1.35722800e-06,1.79471691e+00
1.35732800e-06,1.79471689e+00
1.35742800e-06,1.79471688e+00
1.35752800e-06,1.79471687e+00
1.35762800e-06,1.79471685e+00
1.35772800e-06,1.79471684e+00
1.35782800e-06,1.79471683e+00
1.35792800e-06,1.79471681e+00
1.35802800e-06,1.79471680e+00
1.35812800e-06,1.79471678e+00
1.35822800e-06,1.79471677e+00
1.35832800e-06,1.79471675e+00
1.35842800e-06,1.79471674e+00
1.35852800e-06,1.79471672e+00
1.35862800e-06,1.79471671e+00
1.35872800e-06,1.79471669e+00
1.35882800e-06,1.79471668e+00
1.35892800e-06,1.79471666e+00
1.35902800e-06,1.79471664e+00
1.35912800e-06,1.79471663e+00
1.35922800e-06,1.79471661e+00
1.35932800e-06,1.79471659e+00
1.35942800e-06,1.79471658e+00
1.35952800e-06,1.79471656e+00
1.35962800e-06,1.79471654e+00
1.35972800e-06,1.79471653e+00
1.35982800e-06,1.79471651e+00
1.35992800e-06,1.79471649e+00
1.36002800e-06,1.79471647e+00
1.36012800e-06,1.79471645e+00
1.36022800e-06,1.79471644e+00
1.36032800e-06,1.79471642e+00
1.36042800e-06,1.79471640e+00
1.36052800e-06,1.79471638e+00
1.36062800e-06,1.79471636e+00
1.36072800e-06,1.79471634e+00
1.36082800e-06,1.79471632e+00
1.36092800e-06,1.79471630e+00
1.36102800e-06,1.79471628e+00
1.36112800e-06,1.79471626e+00
1.36122800e-06,1.79471624e+00
1.36132800e-06,1.79471622e+00
1.36142800e-06,1.79471620e+00
1.36152800e-06,1.79471618e+00
1.36162800e-06,1.79471616e+00
1.36172800e-06,1.79471614e+00
1.36182800e-06,1.79471612e+00
1.36192800e-06,1.79471610e+00
1.36202800e-06,1.79471608e+00
1.36212800e-06,1.79471605e+00
1.36222800e-06,1.79471603e+00
1.36232800e-06,1.79471601e+00
1.36242800e-06,1.79471599e+00
1.36252800e-06,1.79471596e+00
1.36262800e-06,1.79471594e+00
1.36272800e-06,1.79471592e+00
1.36282800e-06,1.79471590e+00
1.36292800e-06,1.79471587e+00
1.36302800e-06,1.79471585e+00
1.36312800e-06,1.79471582e+00
1.36322800e-06,1.79471580e+00
1.36332800e-06,1.79471578e+00
1.36342800e-06,1.79471575e+00
1.36352800e-06,1.79471573e+00
1.36362800e-06,1.79471570e+00
1.36372800e-06,1.79471568e+00
1.36382800e-06,1.79471565e+00
1.36392800e-06,1.79471563e+00
1.36402800e-06,1.79471560e+00
1.36412800e-06,1.79471558e+00
1.36422800e-06,1.79471555e+00
1.36432800e-06,1.79471552e+00
1.36442800e-06,1.79471550e+00
1.36452800e-06,1.79471547e+00
1.36462800e-06,1.79471545e+00
1.36472800e-06,1.79471542e+00
1.36482800e-06,1.79471539e+00
1.36492800e-06,1.79471536e+00
1.36502800e-06,1.79471534e+00
1.36512800e-06,1.79471531e+00
1.36522800e-06,1.79471528e+00
1.36532800e-06,1.79471525e+00
1.36542800e-06,1.79471523e+00
1.36552800e-06,1.79471520e+00
1.36562800e-06,1.79471517e+00
1.36572800e-06,1.79471514e+00
1.36582800e-06,1.79471511e+00
1.36592800e-06,1.79471508e+00
1.36602800e-06,1.79471505e+00
1.36612800e-06,1.79471502e+00
1.36622800e-06,1.79471499e+00
1.36632800e-06,1.79471496e+00
1.36642800e-06,1.79471493e+00
1.36652800e-06,1.79471490e+00
1.36662800e-06,1.79471487e+00
1.36672800e-06,1.79471484e+00
1.36682800e-06,1.79471481e+00
1.36692800e-06,1.79471478e+00
1.36702800e-06,1.79471475e+00
1.36712800e-06,1.79471472e+00
1.36722800e-06,1.79471468e+00
1.36732800e-06,1.79471465e+00
1.36742800e-06,1.79471462e+00
1.36752800e-06,1.79471459e+00
1.36762800e-06,1.79471455e+00
1.36772800e-06,1.79471452e+00
1.36782800e-06,1.79471449e+00
1.36792800e-06,1.79471446e+00
1.36802800e-06,1.79471442e+00
1.36812800e-06,1.79471439e+00
1.36822800e-06,1.79471435e+00
1.36832800e-06,1.79471432e+00
1.36842800e-06,1.79471429e+00
1.36852800e-06,1.79471425e+00
1.36862800e-06,1.79471422e+00
1.36872800e-06,1.79471418e+00
1.36882800e-06,1.79471415e+00
1.36892800e-06,1.79471411e+00
1.36902800e-06,1.79471408e+00
1.36912800e-06,1.79471404e+00
1.36922800e-06,1.79471400e+00
1.36932800e-06,1.79471397e+00
1.36942800e-06,1.79471393e+00
1.36952800e-06,1.79471390e+00
1.36962800e-06,1.79471386e+00
1.36972800e-06,1.79471382e+00
1.36982800e-06,1.79471379e+00
1.36992800e-06,1.79471375e+00
1.37002800e-06,1.79471371e+00
1.37012800e-06,1.79471367e+00
1.37022800e-06,1.79471363e+00
1.37032800e-06,1.79471360e+00
1.37042800e-06,1.79471356e+00
1.37052800e-06,1.79471352e+00
1.37062800e-06,1.79471348e+00
1.37072800e-06,1.79471344e+00
1.37082800e-06,1.79471340e+00
1.37092800e-06,1.79471336e+00
1.37102800e-06,1.79471332e+00
1.37112800e-06,1.79471328e+00
1.37122800e-06,1.79471324e+00
1.37132800e-06,1.79471320e+00
1.37142800e-06,1.79471316e+00
1.37152800e-06,1.79471312e+00
1.37162800e-06,1.79471308e+00
1.37172800e-06,1.79471304e+00
1.37182800e-06,1.79471300e+00
1.37192800e-06,1.79471296e+00
1.37202800e-06,1.79471292e+00
1.37212800e-06,1.79471287e+00
1.37222800e-06,1.79471283e+00
1.37232800e-06,1.79471279e+00
1.37242800e-06,1.79471275e+00
1.37252800e-06,1.79471270e+00
1.37262800e-06,1.79471266e+00
1.37272800e-06,1.79471262e+00
1.37282800e-06,1.79471257e+00
1.37292800e-06,1.79471253e+00
1.37302800e-06,1.79471249e+00
1.37312800e-06,1.79471244e+00
1.37322800e-06,1.79471240e+00
1.37332800e-06,1.79471235e+00
1.37342800e-06,1.79471231e+00
1.37352800e-06,1.79471226e+00
1.37362800e-06,1.79471222e+00
1.37372800e-06,1.79471217e+00
1.37382800e-06,1.79471213e+00
1.37392800e-06,1.79471208e+00
1.37402800e-06,1.79471204e+00
1.37412800e-06,1.79471199e+00
1.37422800e-06,1.79471194e+00
1.37432800e-06,1.79471190e+00
1.37442800e-06,1.79471185e+00
1.37452800e-06,1.79471180e+00
1.37462800e-06,1.79471175e+00
1.37472800e-06,1.79471171e+00
1.37482800e-06,1.79471166e+00
1.37492800e-06,1.79471161e+00
1.37502800e-06,1.79471156e+00
1.37512800e-06,1.79471151e+00
1.37522800e-06,1.79471147e+00
1.37532800e-06,1.79471142e+00
1.37542800e-06,1.79471137e+00
1.37552800e-06,1.79471132e+00
1.37562800e-06,1.79471127e+00
1.37572800e-06,1.79471122e+00
1.37582800e-06,1.79471117e+00
1.37592800e-06,1.79471112e+00
1.37602800e-06,1.79471107e+00
1.37612800e-06,1.79471102e+00
1.37622800e-06,1.79471097e+00
1.37632800e-06,1.79471092e+00
1.37642800e-06,1.79471086e+00
1.37652800e-06,1.79471081e+00
1.37662800e-06,1.79471076e+00
1.37672800e-06,1.79471071e+00
1.37682800e-06,1.79471066e+00
1.37692800e-06,1.79471060e+00
1.37702800e-06,1.79471055e+00
1.37712800e-06,1.79471050e+00
1.37722800e-06,1.79471045e+00
1.37732800e-06,1.79471039e+00
1.37742800e-06,1.79471034e+00
1.37752800e-06,1.79471028e+00
1.37762800e-06,1.79471023e+00
1.37772800e-06,1.79471018e+00
1.37782800e-06,1.79471012e+00
1.37792800e-06,1.79471007e+00
1.37802800e-06,1.79471001e+00
1.37812800e-06,1.79470996e+00
1.37822800e-06,1.79470990e+00
1.37832800e-06,1.79470985e+00
1.37842800e-06,1.79470979e+00
1.37852800e-06,1.79470973e+00
1.37862800e-06,1.79470968e+00
1.37872800e-06,1.79470962e+00
1.37882800e-06,1.79470957e+00
1.37892800e-06,1.79470951e+00
1.37902800e-06,1.79470945e+00
1.37912800e-06,1.79470939e+00
1.37922800e-06,1.79470934e+00
1.37932800e-06,1.79470928e+00
1.37942800e-06,1.79470922e+00
1.37952800e-06,1.79470916e+00
1.37962800e-06,1.79470910e+00
1.37972800e-06,1.79470904e+00
1.37982800e-06,1.79470899e+00
1.37992800e-06,1.79470893e+00
1.38002800e-06,1.79470887e+00
1.38012800e-06,1.79470881e+00
1.38022800e-06,1.79470875e+00
1.38032800e-06,1.79470869e+00
1.38042800e-06,1.79470863e+00
1.38052800e-06,1.79470857e+00
1.38062800e-06,1.79470850e+00
1.38072800e-06,1.79470844e+00
1.38082800e-06,1.79470838e+00
1.38092800e-06,1.79470832e+00
1.38102800e-06,1.79470826e+00
1.38112800e-06,1.79470820e+00
1.38122800e-06,1.79470813e+00
1.38132800e-06,1.79470807e+00
1.38142800e-06,1.79470801e+00
1.38152800e-06,1.79470795e+00
1.38162800e-06,1.79470788e+00
1.38172800e-06,1.79470782e+00
1.38182800e-06,1.79470776e+00
1.38192800e-06,1.79470769e+00
1.38202800e-06,1.79470763e+00
1.38212800e-06,1.79470756e+00
1.38222800e-06,1.79470750e+00
1.38232800e-06,1.79470743e+00
1.38242800e-06,1.79470737e+00
1.38252800e-06,1.79470730e+00
1.38262800e-06,1.79470724e+00
1.38272800e-06,1.79470717e+00
1.38282800e-06,1.79470711e+00
1.38292800e-06,1.79470704e+00
1.38302800e-06,1.79470697e+00
1.38312800e-06,1.79470691e+00
1.38322800e-06,1.79470684e+00
1.38332800e-06,1.79470677e+00
1.38342800e-06,1.79470671e+00
1.38352800e-06,1.79470664e+00
1.38362800e-06,1.79470657e+00
1.38372800e-06,1.79470650e+00
1.38382800e-06,1.79470643e+00
1.38392800e-06,1.79470637e+00
1.38402800e-06,1.79470630e+00
1.38412800e-06,1.79470623e+00
1.38422800e-06,1.79470616e+00
1.38432800e-06,1.79470609e+00
1.38442800e-06,1.79470602e+00
1.38452800e-06,1.79470595e+00
1.38462800e-06,1.79470588e+00
1.38472800e-06,1.79470581e+00
1.38482800e-06,1.79470574e+00
1.38492800e-06,1.79470567e+00
1.38502800e-06,1.79470560e+00
1.38512800e-06,1.79470552e+00
1.38522800e-06,1.79470545e+00
1.38532800e-06,1.79470538e+00
1.38542800e-06,1.79470531e+00
1.38552800e-06,1.79470524e+00
1.38562800e-06,1.79470516e+00
1.38572800e-06,1.79470509e+00
1.38582800e-06,1.79470502e+00
1.38592800e-06,1.79470494e+00
1.38602800e-06,1.79470487e+00
1.38612800e-06,1.79470480e+00
1.38622800e-06,1.79470472e+00
1.38632800e-06,1.79470465e+00
1.38642800e-06,1.79470457e+00
1.38652800e-06,1.79470450e+00
1.38662800e-06,1.79470442e+00
1.38672800e-06,1.79470435e+00
1.38682800e-06,1.79470427e+00
1.38692800e-06,1.79470420e+00
1.38702800e-06,1.79470412e+00
1.38712800e-06,1.79470404e+00
1.38722800e-06,1.79470397e+00
1.38732800e-06,1.79470389e+00
1.38742800e-06,1.79470381e+00
1.38752800e-06,1.79470374e+00
1.38762800e-06,1.79470366e+00
1.38772800e-06,1.79470358e+00
1.38782800e-06,1.79470350e+00
1.38792800e-06,1.79470343e+00
1.38802800e-06,1.79470335e+00
1.38812800e-06,1.79470327e+00
1.38822800e-06,1.79470319e+00
1.38832800e-06,1.79470311e+00
1.38842800e-06,1.79470303e+00
1.38852800e-06,1.79470295e+00
1.38862800e-06,1.79470287e+00
1.38872800e-06,1.79470279e+00
1.38882800e-06,1.79470271e+00
1.38892800e-06,1.79470263e+00
1.38902800e-06,1.79470255e+00
1.38912800e-06,1.79470247e+00
1.38922800e-06,1.79470239e+00
1.38932800e-06,1.79470231e+00
1.38942800e-06,1.79470222e+00
1.38952800e-06,1.79470214e+00
1.38962800e-06,1.79470206e+00
1.38972800e-06,1.79470198e+00
1.38982800e-06,1.79470189e+00
1.38992800e-06,1.79470181e+00
1.39002800e-06,1.79470173e+00
1.39012800e-06,1.79470164e+00
1.39022800e-06,1.79470156e+00
1.39032800e-06,1.79470148e+00
1.39042800e-06,1.79470139e+00
1.39052800e-06,1.79470131e+00
1.39062800e-06,1.79470122e+00
1.39072800e-06,1.79470114e+00
1.39082800e-06,1.79470105e+00
1.39092800e-06,1.79470097e+00
1.39102800e-06,1.79470088e+00
1.39112800e-06,1.79470079e+00
1.39122800e-06,1.79470071e+00
1.39132800e-06,1.79470062e+00
1.39142800e-06,1.79470053e+00
1.39152800e-06,1.79470045e+00
1.39162800e-06,1.79470036e+00
1.39172800e-06,1.79470027e+00
1.39182800e-06,1.79470018e+00
1.39192800e-06,1.79470010e+00
1.39202800e-06,1.79470001e+00
1.39212800e-06,1.79469992e+00
1.39222800e-06,1.79469983e+00
1.39232800e-06,1.79469974e+00
1.39242800e-06,1.79469965e+00
1.39252800e-06,1.79469956e+00
1.39262800e-06,1.79469947e+00
1.39272800e-06,1.79469938e+00
1.39282800e-06,1.79469929e+00
1.39292800e-06,1.79469920e+00
1.39302800e-06,1.79469911e+00
1.39312800e-06,1.79469902e+00
1.39322800e-06,1.79469893e+00
1.39332800e-06,1.79469884e+00
1.39342800e-06,1.79469875e+00
1.39352800e-06,1.79469865e+00
1.39362800e-06,1.79469856e+00
1.39372800e-06,1.79469847e+00
1.39382800e-06,1.79469838e+00
1.39392800e-06,1.79469828e+00
1.39402800e-06,1.79469819e+00
1.39412800e-06,1.79469810e+00
1.39422800e-06,1.79469800e+00
1.39432800e-06,1.79469791e+00
1.39442800e-06,1.79469781e+00
1.39452800e-06,1.79469772e+00
1.39462800e-06,1.79469762e+00
1.39472800e-06,1.79469753e+00
1.39482800e-06,1.79469743e+00
1.39492800e-06,1.79469734e+00
1.39502800e-06,1.79469724e+00
1.39512800e-06,1.79469715e+00
1.39522800e-06,1.79469705e+00
1.39532800e-06,1.79469695e+00
1.39542800e-06,1.79469686e+00
1.39552800e-06,1.79469676e+00
1.39562800e-06,1.79469666e+00
1.39572800e-06,1.79469656e+00
1.39582800e-06,1.79469647e+00
1.39592800e-06,1.79469637e+00
1.39602800e-06,1.79469627e+00
1.39612800e-06,1.79469617e+00
1.39622800e-06,1.79469607e+00
1.39632800e-06,1.79469597e+00
1.39642800e-06,1.79469587e+00
1.39652800e-06,1.79469577e+00
1.39662800e-06,1.79469567e+00
1.39672800e-06,1.79469557e+00
1.39682800e-06,1.79469547e+00
1.39692800e-06,1.79469537e+00
1.39702800e-06,1.79469527e+00
1.39712800e-06,1.79469517e+00
1.39722800e-06,1.79469507e+00
1.39732800e-06,1.79469497e+00
1.39742800e-06,1.79469487e+00
1.39752800e-06,1.79469476e+00
1.39762800e-06,1.79469466e+00
1.39772800e-06,1.79469456e+00
1.39782800e-06,1.79469446e+00
1.39792800e-06,1.79469435e+00
1.39802800e-06,1.79469425e+00
1.39812800e-06,1.79469415e+00
1.39822800e-06,1.79469404e+00
1.39832800e-06,1.79469394e+00
1.39842800e-06,1.79469383e+00
1.39852800e-06,1.79469373e+00
1.39862800e-06,1.79469362e+00
1.39872800e-06,1.79469352e+00
1.39882800e-06,1.79469341e+00
1.39892800e-06,1.79469331e+00
1.39902800e-06,1.79469320e+00
1.39912800e-06,1.79469309e+00
1.39922800e-06,1.79469299e+00
1.39932800e-06,1.79469288e+00
1.39942800e-06,1.79469277e+00
1.39952800e-06,1.79469267e+00
1.39962800e-06,1.79469256e+00
1.39972800e-06,1.79469245e+00
1.39982800e-06,1.79469234e+00
1.39992800e-06,1.79469223e+00
1.40002800e-06,1.79469213e+00
1.40012800e-06,1.79469202e+00
1.40022800e-06,1.79469191e+00
1.40032800e-06,1.79469180e+00
1.40042800e-06,1.79469169e+00
1.40052800e-06,1.79469158e+00
1.40062800e-06,1.79469147e+00
1.40072800e-06,1.79469136e+00
1.40082800e-06,1.79469125e+00
1.40092800e-06,1.79469114e+00
1.40102800e-06,1.79469103e+00
1.40112800e-06,1.79469091e+00
1.40122800e-06,1.79469080e+00
1.40132800e-06,1.79469069e+00
1.40142800e-06,1.79469058e+00
1.40152800e-06,1.79469047e+00
1.40162800e-06,1.79469035e+00
1.40172800e-06,1.79469024e+00
1.40182800e-06,1.79469013e+00
1.40192800e-06,1.79469001e+00
1.40202800e-06,1.79468990e+00
1.40212800e-06,1.79468979e+00
1.40222800e-06,1.79468967e+00
1.40232800e-06,1.79468956e+00
1.40242800e-06,1.79468944e+00
1.40252800e-06,1.79468933e+00
1.40262800e-06,1.79468921e+00
1.40272800e-06,1.79468910e+00
1.40282800e-06,1.79468898e+00
1.40292800e-06,1.79468887e+00
1.40302800e-06,1.79468875e+00
1.40312800e-06,1.79468863e+00
1.40322800e-06,1.79468852e+00
1.40332800e-06,1.79468840e+00
1.40342800e-06,1.79468828e+00
1.40352800e-06,1.79468816e+00
1.40362800e-06,1.79468805e+00
1.40372800e-06,1.79468793e+00
1.40382800e-06,1.79468781e+00
1.40392800e-06,1.79468769e+00
1.40402800e-06,1.79468757e+00
1.40412800e-06,1.79468745e+00
1.40422800e-06,1.79468733e+00
1.40432800e-06,1.79468721e+00
1.40442800e-06,1.79468709e+00
1.40452800e-06,1.79468697e+00
1.40462800e-06,1.79468685e+00
1.40472800e-06,1.79468673e+00
1.40482800e-06,1.79468661e+00
1.40492800e-06,1.79468649e+00
1.40502800e-06,1.79468637e+00
1.40512800e-06,1.79468625e+00
1.40522800e-06,1.79468612e+00
1.40532800e-06,1.79468600e+00
1.40542800e-06,1.79468588e+00
1.40552800e-06,1.79468576e+00
1.40562800e-06,1.79468563e+00
1.40572800e-06,1.79468551e+00
1.40582800e-06,1.79468539e+00
1.40592800e-06,1.79468526e+00
1.40602800e-06,1.79468514e+00
1.40612800e-06,1.79468501e+00
1.40622800e-06,1.79468489e+00
1.40632800e-06,1.79468476e+00
1.40642800e-06,1.79468464e+00
1.40652800e-06,1.79468451e+00
1.40662800e-06,1.79468439e+00
1.40672800e-06,1.79468426e+00
1.40682800e-06,1.79468414e+00
1.40692800e-06,1.79468401e+00
1.40702800e-06,1.79468388e+00
1.40712800e-06,1.79468376e+00
1.40722800e-06,1.79468363e+00
1.40732800e-06,1.79468350e+00
1.40742800e-06,1.79468337e+00
1.40752800e-06,1.79468325e+00
1.40762800e-06,1.79468312e+00
1.40772800e-06,1.79468299e+00
1.40782800e-06,1.79468286e+00
1.40792800e-06,1.79468273e+00
1.40802800e-06,1.79468260e+00
1.40812800e-06,1.79468247e+00
1.40822800e-06,1.79468234e+00
1.40832800e-06,1.79468221e+00
1.40842800e-06,1.79468208e+00
1.40852800e-06,1.79468195e+00
1.40862800e-06,1.79468182e+00
1.40872800e-06,1.79468169e+00
1.40882800e-06,1.79468156e+00
1.40892800e-06,1.79468143e+00
1.40902800e-06,1.79468129e+00
1.40912800e-06,1.79468116e+00
1.40922800e-06,1.79468103e+00
1.40932800e-06,1.79468090e+00
1.40942800e-06,1.79468076e+00
1.40952800e-06,1.79468063e+00
1.40962800e-06,1.79468050e+00
1.40972800e-06,1.79468036e+00
1.40982800e-06,1.79468023e+00
1.40992800e-06,1.79468010e+00
1.41002800e-06,1.79467996e+00
1.41012800e-06,1.79467983e+00
1.41022800e-06,1.79467969e+00
1.41032800e-06,1.79467956e+00
1.41042800e-06,1.79467942e+00
1.41052800e-06,1.79467929e+00
1.41062800e-06,1.79467915e+00
1.41072800e-06,1.79467901e+00
1.41082800e-06,1.79467888e+00
1.41092800e-06,1.79467874e+00
1.41102800e-06,1.79467860e+00
1.41112800e-06,1.79467847e+00
1.41122800e-06,1.79467833e+00
1.41132800e-06,1.79467819e+00
1.41142800e-06,1.79467805e+00
1.41152800e-06,1.79467791e+00
1.41162800e-06,1.79467778e+00
1.41172800e-06,1.79467764e+00
1.41182800e-06,1.79467750e+00
1.41192800e-06,1.79467736e+00
1.41202800e-06,1.79467722e+00
1.41212800e-06,1.79467708e+00
1.41222800e-06,1.79467694e+00
1.41232800e-06,1.79467680e+00
1.41242800e-06,1.79467666e+00
1.41252800e-06,1.79467652e+00
1.41262800e-06,1.79467637e+00
1.41272800e-06,1.79467623e+00
1.41282800e-06,1.79467609e+00
1.41292800e-06,1.79467595e+00
1.41302800e-06,1.79467581e+00
1.41312800e-06,1.79467566e+00
1.41322800e-06,1.79467552e+00
1.41332800e-06,1.79467538e+00
1.41342800e-06,1.79467524e+00
1.41352800e-06,1.79467509e+00
1.41362800e-06,1.79467495e+00
1.41372800e-06,1.79467480e+00
1.41382800e-06,1.79467466e+00
1.41392800e-06,1.79467452e+00
1.41402800e-06,1.79467437e+00
1.41412800e-06,1.79467423e+00
1.41422800e-06,1.79467408e+00
1.41432800e-06,1.79467393e+00
1.41442800e-06,1.79467379e+00
1.41452800e-06,1.79467364e+00
1.41462800e-06,1.79467350e+00
1.41472800e-06,1.79467335e+00
1.41482800e-06,1.79467320e+00
1.41492800e-06,1.79467306e+00
1.41502800e-06,1.79467291e+00
1.41512800e-06,1.79467276e+00
1.41522800e-06,1.79467261e+00
1.41532800e-06,1.79467246e+00
1.41542800e-06,1.79467232e+00
1.41552800e-06,1.79467217e+00
1.41562800e-06,1.79467202e+00
1.41572800e-06,1.79467187e+00
1.41582800e-06,1.79467172e+00
1.41592800e-06,1.79467157e+00
1.41602800e-06,1.79467142e+00
1.41612800e-06,1.79467127e+00
1.41622800e-06,1.79467112e+00
1.41632800e-06,1.79467097e+00
1.41642800e-06,1.79467082e+00
1.41652800e-06,1.79467067e+00
1.41662800e-06,1.79467052e+00
1.41672800e-06,1.79467036e+00
1.41682800e-06,1.79467021e+00
1.41692800e-06,1.79467006e+00
1.41702800e-06,1.79466991e+00
1.41712800e-06,1.79466975e+00
1.41722800e-06,1.79466960e+00
1.41732800e-06,1.79466945e+00
1.41742800e-06,1.79466929e+00
1.41752800e-06,1.79466914e+00
1.41762800e-06,1.79466899e+00
1.41772800e-06,1.79466883e+00
1.41782800e-06,1.79466868e+00
1.41792800e-06,1.79466852e+00
1.41802800e-06,1.79466837e+00
1.41812800e-06,1.79466821e+00
1.41822800e-06,1.79466806e+00
1.41832800e-06,1.79466790e+00
1.41842800e-06,1.79466775e+00
1.41852800e-06,1.79466759e+00
1.41862800e-06,1.79466743e+00
1.41872800e-06,1.79466728e+00
1.41882800e-06,1.79466712e+00
1.41892800e-06,1.79466696e+00
1.41902800e-06,1.79466680e+00
1.41912800e-06,1.79466665e+00
1.41922800e-06,1.79466649e+00
1.41932800e-06,1.79466633e+00
1.41942800e-06,1.79466617e+00
1.41952800e-06,1.79466601e+00
1.41962800e-06,1.79466585e+00
1.41972800e-06,1.79466569e+00
1.41982800e-06,1.79466553e+00
1.41992800e-06,1.79466537e+00
1.42002800e-06,1.79466521e+00
1.42012800e-06,1.79466505e+00
1.42022800e-06,1.79466489e+00
1.42032800e-06,1.79466473e+00
1.42042800e-06,1.79466457e+00
1.42052800e-06,1.79466441e+00
1.42062800e-06,1.79466425e+00
1.42072800e-06,1.79466409e+00
1.42082800e-06,1.79466392e+00
1.42092800e-06,1.79466376e+00
1.42102800e-06,1.79466360e+00
1.42112800e-06,1.79466344e+00
1.42122800e-06,1.79466327e+00
1.42132800e-06,1.79466311e+00
1.42142800e-06,1.79466295e+00
1.42152800e-06,1.79466278e+00
1.42162800e-06,1.79466262e+00
1.42172800e-06,1.79466245e+00
1.42182800e-06,1.79466229e+00
1.42192800e-06,1.79466212e+00
1.42202800e-06,1.79466196e+00
1.42212800e-06,1.79466179e+00
1.42222800e-06,1.79466163e+00
1.42232800e-06,1.79466146e+00
1.42242800e-06,1.79466130e+00
1.42252800e-06,1.79466113e+00
1.42262800e-06,1.79466096e+00
1.42272800e-06,1.79466080e+00
1.42282800e-06,1.79466063e+00
1.42292800e-06,1.79466046e+00
1.42302800e-06,1.79466029e+00
1.42312800e-06,1.79466013e+00
1.42322800e-06,1.79465996e+00
1.42332800e-06,1.79465979e+00
1.42342800e-06,1.79465962e+00
1.42352800e-06,1.79465945e+00
1.42362800e-06,1.79465928e+00
1.42372800e-06,1.79465912e+00
1.42382800e-06,1.79465895e+00
1.42392800e-06,1.79465878e+00
1.42402800e-06,1.79465861e+00
1.42412800e-06,1.79465844e+00
1.42422800e-06,1.79465826e+00
1.42432800e-06,1.79465809e+00
1.42442800e-06,1.79465792e+00
1.42452800e-06,1.79465775e+00
1.42462800e-06,1.79465758e+00
1.42472800e-06,1.79465741e+00
1.42482800e-06,1.79465724e+00
1.42492800e-06,1.79465706e+00
1.42502800e-06,1.79465689e+00
1.42512800e-06,1.79465672e+00
1.42522800e-06,1.79465655e+00
1.42532800e-06,1.79465637e+00
1.42542800e-06,1.79465620e+00
1.42552800e-06,1.79465603e+00
1.42562800e-06,1.79465585e+00
1.42572800e-06,1.79465568e+00
1.42582800e-06,1.79465550e+00
1.42592800e-06,1.79465533e+00
1.42602800e-06,1.79465515e+00
1.42612800e-06,1.79465498e+00
1.42622800e-06,1.79465480e+00
1.42632800e-06,1.79465463e+00
1.42642800e-06,1.79465445e+00
1.42652800e-06,1.79465428e+00
1.42662800e-06,1.79465410e+00
1.42672800e-06,1.79465392e+00
1.42682800e-06,1.79465375e+00
1.42692800e-06,1.79465357e+00
1.42702800e-06,1.79465339e+00
1.42712800e-06,1.79465321e+00
1.42722800e-06,1.79465304e+00
1.42732800e-06,1.79465286e+00
1.42742800e-06,1.79465268e+00
1.42752800e-06,1.79465250e+00
1.42762800e-06,1.79465232e+00
1.42772800e-06,1.79465214e+00
1.42782800e-06,1.79465196e+00
1.42792800e-06,1.79465179e+00
1.42802800e-06,1.79465161e+00
1.42812800e-06,1.79465143e+00
1.42822800e-06,1.79465125e+00
1.42832800e-06,1.79465106e+00
1.42842800e-06,1.79465088e+00
1.42852800e-06,1.79465070e+00
1.42862800e-06,1.79465052e+00
1.42872800e-06,1.79465034e+00
1.42882800e-06,1.79465016e+00
1.42892800e-06,1.79464998e+00
1.42902800e-06,1.79464980e+00
1.42912800e-06,1.79464961e+00
1.42922800e-06,1.79464943e+00
1.42932800e-06,1.79464925e+00
1.42942800e-06,1.79464907e+00
1.42952800e-06,1.79464888e+00
1.42962800e-06,1.79464870e+00
1.42972800e-06,1.79464851e+00
1.42982800e-06,1.79464833e+00
1.42992800e-06,1.79464815e+00
1.43002800e-06,1.79464796e+00
1.43012800e-06,1.79464778e+00
1.43022800e-06,1.79464759e+00
1.43032800e-06,1.79464741e+00
1.43042800e-06,1.79464722e+00
1.43052800e-06,1.79464704e+00
1.43062800e-06,1.79464685e+00
1.43072800e-06,1.79464667e+00
1.43082800e-06,1.79464648e+00
1.43092800e-06,1.79464629e+00
1.43102800e-06,1.79464611e+00
1.43112800e-06,1.79464592e+00
1.43122800e-06,1.79464573e+00
1.43132800e-06,1.79464554e+00
1.43142800e-06,1.79464536e+00
1.43152800e-06,1.79464517e+00
1.43162800e-06,1.79464498e+00
1.43172800e-06,1.79464479e+00
1.43182800e-06,1.79464460e+00
1.43192800e-06,1.79464442e+00
1.43202800e-06,1.79464423e+00
1.43212800e-06,1.79464404e+00
1.43222800e-06,1.79464385e+00
1.43232800e-06,1.79464366e+00
1.43242800e-06,1.79464347e+00
1.43252800e-06,1.79464328e+00
1.43262800e-06,1.79464309e+00
1.43272800e-06,1.79464290e+00
1.43282800e-06,1.79464271e+00
1.43292800e-06,1.79464252e+00
1.43302800e-06,1.79464232e+00
1.43312800e-06,1.79464213e+00
1.43322800e-06,1.79464194e+00
1.43332800e-06,1.79464175e+00
1.43342800e-06,1.79464156e+00
1.43352800e-06,1.79464137e+00
1.43362800e-06,1.79464117e+00
1.43372800e-06,1.79464098e+00
1.43382800e-06,1.79464079e+00
1.43392800e-06,1.79464059e+00
1.43402800e-06,1.79464040e+00
1.43412800e-06,1.79464021e+00
1.43422800e-06,1.79464001e+00
1.43432800e-06,1.79463982e+00
1.43442800e-06,1.79463962e+00
1.43452800e-06,1.79463943e+00
1.43462800e-06,1.79463923e+00
1.43472800e-06,1.79463904e+00
1.43482800e-06,1.79463884e+00
1.43492800e-06,1.79463865e+00
1.43502800e-06,1.79463845e+00
1.43512800e-06,1.79463826e+00
1.43522800e-06,1.79463806e+00
1.43532800e-06,1.79463787e+00
1.43542800e-06,1.79463767e+00
1.43552800e-06,1.79463747e+00
1.43562800e-06,1.79463728e+00
1.43572800e-06,1.79463708e+00
1.43582800e-06,1.79463688e+00
1.43592800e-06,1.79463668e+00
1.43602800e-06,1.79463649e+00
1.43612800e-06,1.79463629e+00
1.43622800e-06,1.79463609e+00
1.43632800e-06,1.79463589e+00
1.43642800e-06,1.79463569e+00
1.43652800e-06,1.79463549e+00
1.43662800e-06,1.79463529e+00
1.43672800e-06,1.79463510e+00
1.43682800e-06,1.79463490e+00
1.43692800e-06,1.79463470e+00
1.43702800e-06,1.79463450e+00
1.43712800e-06,1.79463430e+00
1.43722800e-06,1.79463410e+00
1.43732800e-06,1.79463390e+00
1.43742800e-06,1.79463369e+00
1.43752800e-06,1.79463349e+00
1.43762800e-06,1.79463329e+00
1.43772800e-06,1.79463309e+00
1.43782800e-06,1.79463289e+00
1.43792800e-06,1.79463269e+00
1.43802800e-06,1.79463249e+00
1.43812800e-06,1.79463228e+00
1.43822800e-06,1.79463208e+00
1.43832800e-06,1.79463188e+00
1.43842800e-06,1.79463168e+00
1.43852800e-06,1.79463147e+00
1.43862800e-06,1.79463127e+00
1.43872800e-06,1.79463107e+00
1.43882800e-06,1.79463086e+00
1.43892800e-06,1.79463066e+00
1.43902800e-06,1.79463045e+00
1.43912800e-06,1.79463025e+00
1.43922800e-06,1.79463005e+00
1.43932800e-06,1.79462984e+00
1.43942800e-06,1.79462964e+00
1.43952800e-06,1.79462943e+00
1.43962800e-06,1.79462923e+00
1.43972800e-06,1.79462902e+00
1.43982800e-06,1.79462882e+00
1.43992800e-06,1.79462861e+00
1.44002800e-06,1.79462840e+00
1.44012800e-06,1.79462820e+00
1.44022800e-06,1.79462799e+00
1.44032800e-06,1.79462778e+00
1.44042800e-06,1.79462758e+00
1.44052800e-06,1.79462737e+00
1.44062800e-06,1.79462716e+00
1.44072800e-06,1.79462696e+00
1.44082800e-06,1.79462675e+00
1.44092800e-06,1.79462654e+00
1.44102800e-06,1.79462633e+00
1.44112800e-06,1.79462612e+00
1.44122800e-06,1.79462592e+00
1.44132800e-06,1.79462571e+00
1.44142800e-06,1.79462550e+00
1.44152800e-06,1.79462529e+00
1.44162800e-06,1.79462508e+00
1.44172800e-06,1.79462487e+00
1.44182800e-06,1.79462466e+00
1.44192800e-06,1.79462445e+00
1.44202800e-06,1.79462424e+00
1.44212800e-06,1.79462403e+00
1.44222800e-06,1.79462382e+00
1.44232800e-06,1.79462361e+00
1.44242800e-06,1.79462340e+00
1.44252800e-06,1.79462319e+00
1.44262800e-06,1.79462298e+00
1.44272800e-06,1.79462277e+00
1.44282800e-06,1.79462255e+00
1.44292800e-06,1.79462234e+00
1.44302800e-06,1.79462213e+00
1.44312800e-06,1.79462192e+00
1.44322800e-06,1.79462171e+00
1.44332800e-06,1.79462149e+00
1.44342800e-06,1.79462128e+00
1.44352800e-06,1.79462107e+00
1.44362800e-06,1.79462086e+00
1.44372800e-06,1.79462064e+00
1.44382800e-06,1.79462043e+00
1.44392800e-06,1.79462022e+00
1.44402800e-06,1.79462000e+00
1.44412800e-06,1.79461979e+00
1.44422800e-06,1.79461958e+00
1.44432800e-06,1.79461936e+00
1.44442800e-06,1.79461915e+00
1.44452800e-06,1.79461893e+00
1.44462800e-06,1.79461872e+00
1.44472800e-06,1.79461850e+00
1.44482800e-06,1.79461829e+00
1.44492800e-06,1.79461807e+00
1.44502800e-06,1.79461786e+00
1.44512800e-06,1.79461764e+00
1.44522800e-06,1.79461743e+00
1.44532800e-06,1.79461721e+00
1.44542800e-06,1.79461699e+00
1.44552800e-06,1.79461678e+00
1.44562800e-06,1.79461656e+00
1.44572800e-06,1.79461634e+00
1.44582800e-06,1.79461613e+00
1.44592800e-06,1.79461591e+00
1.44602800e-06,1.79461569e+00
1.44612800e-06,1.79461547e+00
1.44622800e-06,1.79461526e+00
1.44632800e-06,1.79461504e+00
1.44642800e-06,1.79461482e+00
1.44652800e-06,1.79461460e+00
1.44662800e-06,1.79461439e+00
1.44672800e-06,1.79461417e+00
1.44682800e-06,1.79461395e+00
1.44692800e-06,1.79461373e+00
1.44702800e-06,1.79461351e+00
1.44712800e-06,1.79461329e+00
1.44722800e-06,1.79461307e+00
1.44732800e-06,1.79461285e+00
1.44742800e-06,1.79461263e+00
1.44752800e-06,1.79461241e+00
1.44762800e-06,1.79461219e+00
1.44772800e-06,1.79461197e+00
1.44782800e-06,1.79461175e+00
1.44792800e-06,1.79461153e+00
1.44802800e-06,1.79461131e+00
1.44812800e-06,1.79461109e+00
1.44822800e-06,1.79461087e+00
1.44832800e-06,1.79461065e+00
1.44842800e-06,1.79461043e+00
1.44852800e-06,1.79461021e+00
1.44862800e-06,1.79460999e+00
1.44872800e-06,1.79460976e+00
1.44882800e-06,1.79460954e+00
1.44892800e-06,1.79460932e+00
1.44902800e-06,1.79460910e+00
1.44912800e-06,1.79460888e+00
1.44922800e-06,1.79460865e+00
1.44932800e-06,1.79460843e+00
1.44942800e-06,1.79460821e+00
1.44952800e-06,1.79460799e+00
1.44962800e-06,1.79460776e+00
1.44972800e-06,1.79460754e+00
1.44982800e-06,1.79460732e+00
1.44992800e-06,1.79460709e+00
1.45002800e-06,1.79460687e+00
1.45012800e-06,1.79460665e+00
1.45022800e-06,1.79460642e+00
1.45032800e-06,1.79460620e+00
1.45042800e-06,1.79460597e+00
1.45052800e-06,1.79460575e+00
1.45062800e-06,1.79460552e+00
1.45072800e-06,1.79460530e+00
1.45082800e-06,1.79460507e+00
1.45092800e-06,1.79460485e+00
1.45102800e-06,1.79460462e+00
1.45112800e-06,1.79460440e+00
1.45122800e-06,1.79460417e+00
1.45132800e-06,1.79460395e+00
1.45142800e-06,1.79460372e+00
1.45152800e-06,1.79460350e+00
1.45162800e-06,1.79460327e+00
1.45172800e-06,1.79460304e+00
1.45182800e-06,1.79460282e+00
1.45192800e-06,1.79460259e+00
1.45202800e-06,1.79460236e+00
1.45212800e-06,1.79460214e+00
1.45222800e-06,1.79460191e+00
1.45232800e-06,1.79460168e+00
1.45242800e-06,1.79460146e+00
1.45252800e-06,1.79460123e+00
1.45262800e-06,1.79460100e+00
1.45272800e-06,1.79460077e+00
1.45282800e-06,1.79460055e+00
1.45292800e-06,1.79460032e+00
1.45302800e-06,1.79460009e+00
1.45312800e-06,1.79459986e+00
1.45322800e-06,1.79459964e+00
1.45332800e-06,1.79459941e+00
1.45342800e-06,1.79459918e+00
1.45352800e-06,1.79459895e+00
1.45362800e-06,1.79459872e+00
1.45372800e-06,1.79459849e+00
1.45382800e-06,1.79459826e+00
1.45392800e-06,1.79459803e+00
1.45402800e-06,1.79459781e+00
1.45412800e-06,1.79459758e+00
1.45422800e-06,1.79459735e+00
1.45432800e-06,1.79459712e+00
1.45442800e-06,1.79459689e+00
1.45452800e-06,1.79459666e+00
1.45462800e-06,1.79459643e+00
1.45472800e-06,1.79459620e+00
1.45482800e-06,1.79459597e+00
1.45492800e-06,1.79459574e+00
1.45502800e-06,1.79459551e+00
1.45512800e-06,1.79459528e+00
1.45522800e-06,1.79459504e+00
1.45532800e-06,1.79459481e+00
1.45542800e-06,1.79459458e+00
1.45552800e-06,1.79459435e+00
1.45562800e-06,1.79459412e+00
1.45572800e-06,1.79459389e+00
1.45582800e-06,1.79459366e+00
1.45592800e-06,1.79459343e+00
1.45602800e-06,1.79459319e+00
1.45612800e-06,1.79459296e+00
1.45622800e-06,1.79459273e+00
1.45632800e-06,1.79459250e+00
1.45642800e-06,1.79459227e+00
1.45652800e-06,1.79459203e+00
1.45662800e-06,1.79459180e+00
1.45672800e-06,1.79459157e+00
1.45682800e-06,1.79459134e+00
1.45692800e-06,1.79459110e+00
1.45702800e-06,1.79459087e+00
1.45712800e-06,1.79459064e+00
1.45722800e-06,1.79459041e+00
1.45732800e-06,1.79459017e+00
1.45742800e-06,1.79458994e+00
1.45752800e-06,1.79458971e+00
1.45762800e-06,1.79458947e+00
1.45772800e-06,1.79458924e+00
1.45782800e-06,1.79458901e+00
1.45792800e-06,1.79458877e+00
1.45802800e-06,1.79458854e+00
1.45812800e-06,1.79458830e+00
1.45822800e-06,1.79458807e+00
1.45832800e-06,1.79458784e+00
1.45842800e-06,1.79458760e+00
1.45852800e-06,1.79458737e+00
1.45862800e-06,1.79458713e+00
1.45872800e-06,1.79458690e+00
1.45882800e-06,1.79458666e+00
1.45892800e-06,1.79458643e+00
1.45902800e-06,1.79458620e+00
1.45912800e-06,1.79458596e+00
1.45922800e-06,1.79458573e+00
1.45932800e-06,1.79458549e+00
1.45942800e-06,1.79458526e+00
1.45952800e-06,1.79458502e+00
1.45962800e-06,1.79458478e+00
1.45972800e-06,1.79458455e+00
1.45982800e-06,1.79458431e+00
1.45992800e-06,1.79458408e+00
1.46002800e-06,1.79458384e+00
1.46012800e-06,1.79458361e+00
1.46022800e-06,1.79458337e+00
1.46032800e-06,1.79458314e+00
1.46042800e-06,1.79458290e+00
1.46052800e-06,1.79458266e+00
1.46062800e-06,1.79458243e+00
1.46072800e-06,1.79458219e+00
1.46082800e-06,1.79458195e+00
1.46092800e-06,1.79458172e+00
1.46102800e-06,1.79458148e+00
1.46112800e-06,1.79458125e+00
1.46122800e-06,1.79458101e+00
1.46132800e-06,1.79458077e+00
1.46142800e-06,1.79458053e+00
1.46152800e-06,1.79458030e+00
1.46162800e-06,1.79458006e+00
1.46172800e-06,1.79457982e+00
1.46182800e-06,1.79457959e+00
1.46192800e-06,1.79457935e+00
1.46202800e-06,1.79457911e+00
1.46212800e-06,1.79457888e+00
1.46222800e-06,1.79457864e+00
1.46232800e-06,1.79457840e+00
1.46242800e-06,1.79457816e+00
1.46252800e-06,1.79457793e+00
1.46262800e-06,1.79457769e+00
1.46272800e-06,1.79457745e+00
1.46282800e-06,1.79457721e+00
1.46292800e-06,1.79457697e+00
1.46302800e-06,1.79457674e+00
1.46312800e-06,1.79457650e+00
1.46322800e-06,1.79457626e+00
1.46332800e-06,1.79457602e+00
1.46342800e-06,1.79457578e+00
1.46352800e-06,1.79457555e+00
1.46362800e-06,1.79457531e+00
1.46372800e-06,1.79457507e+00
1.46382800e-06,1.79457483e+00
1.46392800e-06,1.79457459e+00
1.46402800e-06,1.79457435e+00
1.46412800e-06,1.79457412e+00
1.46422800e-06,1.79457388e+00
1.46432800e-06,1.79457364e+00
1.46442800e-06,1.79457340e+00
1.46452800e-06,1.79457316e+00
1.46462800e-06,1.79457292e+00
1.46472800e-06,1.79457268e+00
1.46482800e-06,1.79457244e+00
1.46492800e-06,1.79457220e+00
1.46502800e-06,1.79457197e+00
1.46512800e-06,1.79457173e+00
1.46522800e-06,1.79457149e+00
1.46532800e-06,1.79457125e+00
1.46542800e-06,1.79457101e+00
1.46552800e-06,1.79457077e+00
1.46562800e-06,1.79457053e+00
1.46572800e-06,1.79457029e+00
1.46582800e-06,1.79457005e+00
1.46592800e-06,1.79456981e+00
1.46602800e-06,1.79456957e+00
1.46612800e-06,1.79456933e+00
1.46622800e-06,1.79456909e+00
1.46632800e-06,1.79456885e+00
1.46642800e-06,1.79456862e+00
1.46652800e-06,1.79456838e+00
1.46662800e-06,1.79456814e+00
1.46672800e-06,1.79456790e+00
1.46682800e-06,1.79456766e+00
1.46692800e-06,1.79456742e+00
1.46702800e-06,1.79456718e+00
1.46712800e-06,1.79456694e+00
1.46722800e-06,1.79456670e+00
1.46732800e-06,1.79456646e+00
1.46742800e-06,1.79456622e+00
1.46752800e-06,1.79456598e+00
1.46762800e-06,1.79456574e+00
1.46772800e-06,1.79456550e+00
1.46782800e-06,1.79456526e+00
1.46792800e-06,1.79456502e+00
1.46802800e-06,1.79456478e+00
1.46812800e-06,1.79456454e+00
1.46822800e-06,1.79456430e+00
1.46832800e-06,1.79456406e+00
1.46842800e-06,1.79456382e+00
1.46852800e-06,1.79456358e+00
1.46862800e-06,1.79456334e+00
1.46872800e-06,1.79456310e+00
1.46882800e-06,1.79456286e+00
1.46892800e-06,1.79456262e+00
1.46902800e-06,1.79456238e+00
1.46912800e-06,1.79456214e+00
1.46922800e-06,1.79456190e+00
1.46932800e-06,1.79456165e+00
1.46942800e-06,1.79456141e+00
1.46952800e-06,1.79456117e+00
1.46962800e-06,1.79456093e+00
1.46972800e-06,1.79456069e+00
1.46982800e-06,1.79456045e+00
1.46992800e-06,1.79456021e+00
1.47002800e-06,1.79455997e+00
1.47012800e-06,1.79455973e+00
1.47022800e-06,1.79455949e+00
1.47032800e-06,1.79455925e+00
1.47042800e-06,1.79455901e+00
1.47052800e-06,1.79455877e+00
1.47062800e-06,1.79455853e+00
1.47072800e-06,1.79455829e+00
1.47082800e-06,1.79455805e+00
1.47092800e-06,1.79455781e+00
1.47102800e-06,1.79455757e+00
1.47112800e-06,1.79455733e+00
1.47122800e-06,1.79455709e+00
1.47132800e-06,1.79455685e+00
1.47142800e-06,1.79455661e+00
1.47152800e-06,1.79455637e+00
1.47162800e-06,1.79455613e+00
1.47172800e-06,1.79455589e+00
1.47182800e-06,1.79455565e+00
1.47192800e-06,1.79455541e+00
1.47202800e-06,1.79455517e+00
1.47212800e-06,1.79455493e+00
1.47222800e-06,1.79455469e+00
1.47232800e-06,1.79455445e+00
1.47242800e-06,1.79455421e+00
1.47252800e-06,1.79455397e+00
1.47262800e-06,1.79455373e+00
1.47272800e-06,1.79455349e+00
1.47282800e-06,1.79455325e+00
1.47292800e-06,1.79455301e+00
1.47302800e-06,1.79455277e+00
1.47312800e-06,1.79455253e+00
1.47322800e-06,1.79455229e+00
1.47332800e-06,1.79455205e+00
1.47342800e-06,1.79455181e+00
1.47352800e-06,1.79455157e+00
1.47362800e-06,1.79455133e+00
1.47372800e-06,1.79455109e+00
1.47382800e-06,1.79455085e+00
1.47392800e-06,1.79455061e+00
1.47402800e-06,1.79455037e+00
1.47412800e-06,1.79455013e+00
1.47422800e-06,1.79454989e+00
1.47432800e-06,1.79454965e+00
1.47442800e-06,1.79454941e+00
1.47452800e-06,1.79454917e+00
1.47462800e-06,1.79454893e+00
1.47472800e-06,1.79454869e+00
1.47482800e-06,1.79454845e+00
1.47492800e-06,1.79454821e+00
1.47502800e-06,1.79454797e+00
1.47512800e-06,1.79454773e+00
1.47522800e-06,1.79454749e+00
1.47532800e-06,1.79454725e+00
1.47542800e-06,1.79454701e+00
1.47552800e-06,1.79454677e+00
1.47562800e-06,1.79454654e+00
1.47572800e-06,1.79454630e+00
1.47582800e-06,1.79454606e+00
1.47592800e-06,1.79454582e+00
1.47602800e-06,1.79454558e+00
1.47612800e-06,1.79454534e+00
1.47622800e-06,1.79454510e+00
1.47632800e-06,1.79454486e+00
1.47642800e-06,1.79454462e+00
1.47652800e-06,1.79454439e+00
1.47662800e-06,1.79454415e+00
1.47672800e-06,1.79454391e+00
1.47682800e-06,1.79454367e+00
1.47692800e-06,1.79454343e+00
1.47702800e-06,1.79454319e+00
1.47712800e-06,1.79454296e+00
1.47722800e-06,1.79454272e+00
1.47732800e-06,1.79454248e+00
1.47742800e-06,1.79454224e+00
1.47752800e-06,1.79454200e+00
1.47762800e-06,1.79454177e+00
1.47772800e-06,1.79454153e+00
1.47782800e-06,1.79454129e+00
1.47792800e-06,1.79454105e+00
1.47802800e-06,1.79454082e+00
1.47812800e-06,1.79454058e+00
1.47822800e-06,1.79454034e+00
1.47832800e-06,1.79454010e+00
1.47842800e-06,1.79453987e+00
1.47852800e-06,1.79453963e+00
1.47862800e-06,1.79453939e+00
1.47872800e-06,1.79453915e+00
1.47882800e-06,1.79453892e+00
1.47892800e-06,1.79453868e+00
1.47902800e-06,1.79453844e+00
1.47912800e-06,1.79453821e+00
1.47922800e-06,1.79453797e+00
1.47932800e-06,1.79453773e+00
1.47942800e-06,1.79453750e+00
1.47952800e-06,1.79453726e+00
1.47962800e-06,1.79453702e+00
1.47972800e-06,1.79453679e+00
1.47982800e-06,1.79453655e+00
1.47992800e-06,1.79453632e+00
1.48002800e-06,1.79453608e+00
1.48012800e-06,1.79453584e+00
1.48022800e-06,1.79453561e+00
1.48032800e-06,1.79453537e+00
1.48042800e-06,1.79453514e+00
1.48052800e-06,1.79453490e+00
1.48062800e-06,1.79453467e+00
1.48072800e-06,1.79453443e+00
1.48082800e-06,1.79453420e+00
1.48092800e-06,1.79453396e+00
1.48102800e-06,1.79453373e+00
1.48112800e-06,1.79453349e+00
1.48122800e-06,1.79453326e+00
1.48132800e-06,1.79453302e+00
1.48142800e-06,1.79453279e+00
1.48152800e-06,1.79453255e+00
1.48162800e-06,1.79453232e+00
1.48172800e-06,1.79453209e+00
1.48182800e-06,1.79453185e+00
1.48192800e-06,1.79453162e+00
1.48202800e-06,1.79453138e+00
1.48212800e-06,1.79453115e+00
1.48222800e-06,1.79453092e+00
1.48232800e-06,1.79453068e+00
1.48242800e-06,1.79453045e+00
1.48252800e-06,1.79453022e+00
1.48262800e-06,1.79452998e+00
1.48272800e-06,1.79452975e+00
1.48282800e-06,1.79452952e+00
1.48292800e-06,1.79452929e+00
1.48302800e-06,1.79452905e+00
1.48312800e-06,1.79452882e+00
1.48322800e-06,1.79452859e+00
1.48332800e-06,1.79452836e+00
1.48342800e-06,1.79452812e+00
1.48352800e-06,1.79452789e+00
1.48362800e-06,1.79452766e+00
1.48372800e-06,1.79452743e+00
1.48382800e-06,1.79452720e+00
1.48392800e-06,1.79452697e+00
1.48402800e-06,1.79452674e+00
1.48412800e-06,1.79452650e+00
1.48422800e-06,1.79452627e+00
1.48432800e-06,1.79452604e+00
1.48442800e-06,1.79452581e+00
1.48452800e-06,1.79452558e+00
1.48462800e-06,1.79452535e+00
1.48472800e-06,1.79452512e+00
1.48482800e-06,1.79452489e+00
1.48492800e-06,1.79452466e+00
1.48502800e-06,1.79452443e+00
1.48512800e-06,1.79452420e+00
1.48522800e-06,1.79452397e+00
1.48532800e-06,1.79452374e+00
1.48542800e-06,1.79452351e+00
1.48552800e-06,1.79452328e+00
1.48562800e-06,1.79452306e+00
1.48572800e-06,1.79452283e+00
1.48582800e-06,1.79452260e+00
1.48592800e-06,1.79452237e+00
1.48602800e-06,1.79452214e+00
1.48612800e-06,1.79452191e+00
1.48622800e-06,1.79452169e+00
1.48632800e-06,1.79452146e+00
1.48642800e-06,1.79452123e+00
1.48652800e-06,1.79452100e+00
1.48662800e-06,1.79452078e+00
1.48672800e-06,1.79452055e+00
1.48682800e-06,1.79452032e+00
1.48692800e-06,1.79452010e+00
1.48702800e-06,1.79451987e+00
1.48712800e-06,1.79451964e+00
1.48722800e-06,1.79451942e+00
1.48732800e-06,1.79451919e+00
1.48742800e-06,1.79451897e+00
1.48752800e-06,1.79451874e+00
1.48762800e-06,1.79451852e+00
1.48772800e-06,1.79451829e+00
1.48782800e-06,1.79451807e+00
1.48792800e-06,1.79451784e+00
1.48802800e-06,1.79451762e+00
1.48812800e-06,1.79451739e+00
1.48822800e-06,1.79451717e+00
1.48832800e-06,1.79451694e+00
1.48842800e-06,1.79451672e+00
1.48852800e-06,1.79451650e+00
1.48862800e-06,1.79451627e+00
1.48872800e-06,1.79451605e+00
1.48882800e-06,1.79451583e+00
1.48892800e-06,1.79451560e+00
1.48902800e-06,1.79451538e+00
1.48912800e-06,1.79451516e+00
1.48922800e-06,1.79451494e+00
1.48932800e-06,1.79451471e+00
1.48942800e-06,1.79451449e+00
1.48952800e-06,1.79451427e+00
1.48962800e-06,1.79451405e+00
1.48972800e-06,1.79451383e+00
1.48982800e-06,1.79451361e+00
1.48992800e-06,1.79451339e+00
1.49002800e-06,1.79451316e+00
1.49012800e-06,1.79451294e+00
1.49022800e-06,1.79451272e+00
1.49032800e-06,1.79451250e+00
1.49042800e-06,1.79451228e+00
1.49052800e-06,1.79451206e+00
1.49062800e-06,1.79451185e+00
1.49072800e-06,1.79451163e+00
1.49082800e-06,1.79451141e+00
1.49092800e-06,1.79451119e+00
1.49102800e-06,1.79451097e+00
1.49112800e-06,1.79451075e+00
1.49122800e-06,1.79451053e+00
1.49132800e-06,1.79451032e+00
1.49142800e-06,1.79451010e+00
1.49152800e-06,1.79450988e+00
1.49162800e-06,1.79450966e+00
1.49172800e-06,1.79450945e+00
1.49182800e-06,1.79450923e+00
1.49192800e-06,1.79450901e+00
1.49202800e-06,1.79450880e+00
1.49212800e-06,1.79450858e+00
1.49222800e-06,1.79450837e+00
1.49232800e-06,1.79450815e+00
1.49242800e-06,1.79450794e+00
1.49252800e-06,1.79450772e+00
1.49262800e-06,1.79450751e+00
1.49272800e-06,1.79450729e+00
1.49282800e-06,1.79450708e+00
1.49292800e-06,1.79450686e+00
1.49302800e-06,1.79450665e+00
1.49312800e-06,1.79450644e+00
1.49322800e-06,1.79450622e+00
1.49332800e-06,1.79450601e+00
1.49342800e-06,1.79450580e+00
1.49352800e-06,1.79450559e+00
1.49362800e-06,1.79450537e+00
1.49372800e-06,1.79450516e+00
1.49382800e-06,1.79450495e+00
1.49392800e-06,1.79450474e+00
1.49402800e-06,1.79450453e+00
1.49412800e-06,1.79450432e+00
1.49422800e-06,1.79450411e+00
1.49432800e-06,1.79450390e+00
1.49442800e-06,1.79450369e+00
1.49452800e-06,1.79450348e+00
1.49462800e-06,1.79450327e+00
1.49472800e-06,1.79450306e+00
1.49482800e-06,1.79450285e+00
1.49492800e-06,1.79450264e+00
1.49502800e-06,1.79450243e+00
1.49512800e-06,1.79450222e+00
1.49522800e-06,1.79450202e+00
1.49532800e-06,1.79450181e+00
1.49542800e-06,1.79450160e+00
1.49552800e-06,1.79450139e+00
1.49562800e-06,1.79450119e+00
1.49572800e-06,1.79450098e+00
1.49582800e-06,1.79450078e+00
1.49592800e-06,1.79450057e+00
1.49602800e-06,1.79450036e+00
1.49612800e-06,1.79450016e+00
1.49622800e-06,1.79449995e+00
1.49632800e-06,1.79449975e+00
1.49642800e-06,1.79449954e+00
1.49652800e-06,1.79449934e+00
1.49662800e-06,1.79449914e+00
1.49672800e-06,1.79449893e+00
1.49682800e-06,1.79449873e+00
1.49692800e-06,1.79449853e+00
1.49702800e-06,1.79449832e+00
1.49712800e-06,1.79449812e+00
1.49722800e-06,1.79449792e+00
1.49732800e-06,1.79449772e+00
1.49742800e-06,1.79449752e+00
1.49752800e-06,1.79449732e+00
1.49762800e-06,1.79449712e+00
1.49772800e-06,1.79449692e+00
1.49782800e-06,1.79449672e+00
1.49792800e-06,1.79449652e+00
1.49802800e-06,1.79449632e+00
1.49812800e-06,1.79449612e+00
1.49822800e-06,1.79449592e+00
1.49832800e-06,1.79449572e+00
1.49842800e-06,1.79449552e+00
1.49852800e-06,1.79449532e+00
1.49862800e-06,1.79449513e+00
1.49872800e-06,1.79449493e+00
1.49882800e-06,1.79449473e+00
1.49892800e-06,1.79449454e+00
1.49902800e-06,1.79449434e+00
1.49912800e-06,1.79449414e+00
1.49922800e-06,1.79449395e+00
1.49932800e-06,1.79449375e+00
1.49942800e-06,1.79449356e+00
1.49952800e-06,1.79449336e+00
1.49962800e-06,1.79449317e+00
1.49972800e-06,1.79449298e+00
1.49982800e-06,1.79449278e+00
1.49992800e-06,1.79449259e+00
1.50002800e-06,1.79449240e+00
1.50012800e-06,1.79449220e+00
1.50022800e-06,1.79449201e+00
1.50032800e-06,1.79449182e+00
1.50042800e-06,1.79449163e+00
1.50052800e-06,1.79449144e+00
1.50062800e-06,1.79449125e+00
1.50072800e-06,1.79449106e+00
1.50082800e-06,1.79449087e+00
1.50092800e-06,1.79449068e+00
1.50102800e-06,1.79449049e+00
1.50112800e-06,1.79449030e+00
1.50122800e-06,1.79449011e+00
1.50132800e-06,1.79448992e+00
1.50142800e-06,1.79448973e+00
1.50152800e-06,1.79448955e+00
1.50162800e-06,1.79448936e+00
1.50172800e-06,1.79448917e+00
1.50182800e-06,1.79448899e+00
1.50192800e-06,1.79448880e+00
1.50202800e-06,1.79448861e+00
1.50212800e-06,1.79448843e+00
1.50222800e-06,1.79448824e+00
1.50232800e-06,1.79448806e+00
1.50242800e-06,1.79448787e+00
1.50252800e-06,1.79448769e+00
1.50262800e-06,1.79448751e+00
1.50272800e-06,1.79448732e+00
1.50282800e-06,1.79448714e+00
1.50292800e-06,1.79448696e+00
1.50302800e-06,1.79448678e+00
1.50312800e-06,1.79448660e+00
1.50322800e-06,1.79448642e+00
1.50332800e-06,1.79448623e+00
1.50342800e-06,1.79448605e+00
1.50352800e-06,1.79448587e+00
1.50362800e-06,1.79448570e+00
1.50372800e-06,1.79448552e+00
1.50382800e-06,1.79448534e+00
1.50392800e-06,1.79448516e+00
1.50402800e-06,1.79448498e+00
1.50412800e-06,1.79448480e+00
1.50422800e-06,1.79448463e+00
1.50432800e-06,1.79448445e+00
1.50442800e-06,1.79448427e+00
1.50452800e-06,1.79448410e+00
1.50462800e-06,1.79448392e+00
1.50472800e-06,1.79448375e+00
1.50482800e-06,1.79448357e+00
1.50492800e-06,1.79448340e+00
1.50502800e-06,1.79448322e+00
1.50512800e-06,1.79448305e+00
1.50522800e-06,1.79448288e+00
1.50532800e-06,1.79448271e+00
1.50542800e-06,1.79448253e+00
1.50552800e-06,1.79448236e+00
1.50562800e-06,1.79448219e+00
1.50572800e-06,1.79448202e+00
1.50582800e-06,1.79448185e+00
1.50592800e-06,1.79448168e+00
1.50602800e-06,1.79448151e+00
1.50612800e-06,1.79448134e+00
1.50622800e-06,1.79448117e+00
1.50632800e-06,1.79448100e+00
1.50642800e-06,1.79448084e+00
1.50652800e-06,1.79448067e+00
1.50662800e-06,1.79448050e+00
1.50672800e-06,1.79448034e+00
1.50682800e-06,1.79448017e+00
1.50692800e-06,1.79448000e+00
1.50702800e-06,1.79447984e+00
1.50712800e-06,1.79447967e+00
1.50722800e-06,1.79447951e+00
1.50732800e-06,1.79447935e+00
1.50742800e-06,1.79447918e+00
1.50752800e-06,1.79447902e+00
1.50762800e-06,1.79447886e+00
1.50772800e-06,1.79447870e+00
1.50782800e-06,1.79447853e+00
1.50792800e-06,1.79447837e+00
1.50802800e-06,1.79447821e+00
1.50812800e-06,1.79447805e+00
1.50822800e-06,1.79447789e+00
1.50832800e-06,1.79447773e+00
1.50842800e-06,1.79447757e+00
1.50852800e-06,1.79447742e+00
1.50862800e-06,1.79447726e+00
1.50872800e-06,1.79447710e+00
1.50882800e-06,1.79447694e+00
1.50892800e-06,1.79447679e+00
1.50902800e-06,1.79447663e+00
1.50912800e-06,1.79447648e+00
1.50922800e-06,1.79447632e+00
1.50932800e-06,1.79447617e+00
1.50942800e-06,1.79447601e+00
1.50952800e-06,1.79447586e+00
1.50962800e-06,1.79447571e+00
1.50972800e-06,1.79447555e+00
1.50982800e-06,1.79447540e+00
1.50992800e-06,1.79447525e+00
1.51002800e-06,1.79447510e+00
1.51012800e-06,1.79447495e+00
1.51022800e-06,1.79447480e+00
1.51032800e-06,1.79447465e+00
1.51042800e-06,1.79447450e+00
1.51052800e-06,1.79447435e+00
1.51062800e-06,1.79447420e+00
1.51072800e-06,1.79447405e+00
1.51082800e-06,1.79447391e+00
1.51092800e-06,1.79447376e+00
1.51102800e-06,1.79447361e+00
1.51112800e-06,1.79447347e+00
1.51122800e-06,1.79447332e+00
1.51132800e-06,1.79447318e+00
1.51142800e-06,1.79447303e+00
1.51152800e-06,1.79447289e+00
1.51162800e-06,1.79447275e+00
1.51172800e-06,1.79447261e+00
1.51182800e-06,1.79447246e+00
1.51192800e-06,1.79447232e+00
1.51202800e-06,1.79447218e+00
1.51212800e-06,1.79447204e+00
1.51222800e-06,1.79447190e+00
1.51232800e-06,1.79447176e+00
1.51242800e-06,1.79447162e+00
1.51252800e-06,1.79447148e+00
1.51262800e-06,1.79447135e+00
1.51272800e-06,1.79447121e+00
1.51282800e-06,1.79447107e+00
1.51292800e-06,1.79447094e+00
1.51302800e-06,1.79447080e+00
1.51312800e-06,1.79447066e+00
1.51322800e-06,1.79447053e+00
1.51332800e-06,1.79447040e+00
1.51342800e-06,1.79447026e+00
1.51352800e-06,1.79447013e+00
1.51362800e-06,1.79447000e+00
1.51372800e-06,1.79446986e+00
1.51382800e-06,1.79446973e+00
1.51392800e-06,1.79446960e+00
1.51402800e-06,1.79446947e+00
1.51412800e-06,1.79446934e+00
1.51422800e-06,1.79446921e+00
1.51432800e-06,1.79446908e+00
1.51442800e-06,1.79446896e+00
1.51452800e-06,1.79446883e+00
1.51462800e-06,1.79446870e+00
1.51472800e-06,1.79446858e+00
1.51482800e-06,1.79446845e+00
1.51492800e-06,1.79446832e+00
1.51502800e-06,1.79446820e+00
1.51512800e-06,1.79446808e+00
1.51522800e-06,1.79446795e+00
1.51532800e-06,1.79446783e+00
1.51542800e-06,1.79446771e+00
1.51552800e-06,1.79446759e+00
1.51562800e-06,1.79446746e+00
1.51572800e-06,1.79446734e+00
1.51582800e-06,1.79446722e+00
1.51592800e-06,1.79446710e+00
1.51602800e-06,1.79446698e+00
1.51612800e-06,1.79446687e+00
1.51622800e-06,1.79446675e+00
1.51632800e-06,1.79446663e+00
1.51642800e-06,1.79446651e+00
1.51652800e-06,1.79446640e+00
1.51662800e-06,1.79446628e+00
1.51672800e-06,1.79446617e+00
1.51682800e-06,1.79446605e+00
1.51692800e-06,1.79446594e+00
1.51702800e-06,1.79446583e+00
1.51712800e-06,1.79446572e+00
1.51722800e-06,1.79446560e+00
1.51732800e-06,1.79446549e+00
1.51742800e-06,1.79446538e+00
1.51752800e-06,1.79446527e+00
1.51762800e-06,1.79446516e+00
1.51772800e-06,1.79446505e+00
1.51782800e-06,1.79446494e+00
1.51792800e-06,1.79446484e+00
1.51802800e-06,1.79446473e+00
1.51812800e-06,1.79446462e+00
1.51822800e-06,1.79446452e+00
1.51832800e-06,1.79446441e+00
1.51842800e-06,1.79446431e+00
1.51852800e-06,1.79446420e+00
1.51862800e-06,1.79446410e+00
1.51872800e-06,1.79446400e+00
1.51882800e-06,1.79446390e+00
1.51892800e-06,1.79446380e+00
1.51902800e-06,1.79446369e+00
1.51912800e-06,1.79446359e+00
1.51922800e-06,1.79446349e+00
1.51932800e-06,1.79446340e+00
1.51942800e-06,1.79446330e+00
1.51952800e-06,1.79446320e+00
1.51962800e-06,1.79446310e+00
1.51972800e-06,1.79446301e+00
1.51982800e-06,1.79446291e+00
1.51992800e-06,1.79446282e+00
1.52002800e-06,1.79446272e+00
1.52012800e-06,1.79446263e+00
1.52022800e-06,1.79446253e+00
1.52032800e-06,1.79446244e+00
1.52042800e-06,1.79446235e+00
1.52052800e-06,1.79446226e+00
1.52062800e-06,1.79446217e+00
1.52072800e-06,1.79446208e+00
1.52082800e-06,1.79446199e+00
1.52092800e-06,1.79446190e+00
1.52102800e-06,1.79446181e+00
1.52112800e-06,1.79446173e+00
1.52122800e-06,1.79446164e+00
1.52132800e-06,1.79446155e+00
1.52142800e-06,1.79446147e+00
1.52152800e-06,1.79446138e+00
1.52162800e-06,1.79446130e+00
1.52172800e-06,1.79446122e+00
1.52182800e-06,1.79446113e+00
1.52192800e-06,1.79446105e+00
1.52202800e-06,1.79446097e+00
1.52212800e-06,1.79446089e+00
1.52222800e-06,1.79446081e+00
1.52232800e-06,1.79446073e+00
1.52242800e-06,1.79446065e+00
1.52252800e-06,1.79446057e+00
1.52262800e-06,1.79446050e+00
1.52272800e-06,1.79446042e+00
1.52282800e-06,1.79446034e+00
1.52292800e-06,1.79446027e+00
1.52302800e-06,1.79446019e+00
1.52312800e-06,1.79446012e+00
1.52322800e-06,1.79446005e+00
1.52332800e-06,1.79445998e+00
1.52342800e-06,1.79445990e+00
1.52352800e-06,1.79445983e+00
1.52362800e-06,1.79445976e+00
1.52372800e-06,1.79445969e+00
1.52382800e-06,1.79445962e+00
1.52392800e-06,1.79445956e+00
1.52402800e-06,1.79445949e+00
1.52412800e-06,1.79445942e+00
1.52422800e-06,1.79445936e+00
1.52432800e-06,1.79445929e+00
1.52442800e-06,1.79445923e+00
1.52452800e-06,1.79445916e+00
1.52462800e-06,1.79445910e+00
1.52472800e-06,1.79445904e+00
1.52482800e-06,1.79445898e+00
1.52492800e-06,1.79445891e+00
1.52502800e-06,1.79445885e+00
1.52512800e-06,1.79445879e+00
1.52522800e-06,1.79445874e+00
1.52532800e-06,1.79445868e+00
1.52542800e-06,1.79445862e+00
1.52552800e-06,1.79445856e+00
1.52562800e-06,1.79445851e+00
1.52572800e-06,1.79445845e+00
1.52582800e-06,1.79445840e+00
1.52592800e-06,1.79445834e+00
1.52602800e-06,1.79445829e+00
1.52612800e-06,1.79445824e+00
1.52622800e-06,1.79445819e+00
1.52632800e-06,1.79445814e+00
1.52642800e-06,1.79445809e+00
1.52652800e-06,1.79445804e+00
1.52662800e-06,1.79445799e+00
1.52672800e-06,1.79445794e+00
1.52682800e-06,1.79445789e+00
1.52692800e-06,1.79445785e+00
1.52702800e-06,1.79445780e+00
1.52712800e-06,1.79445776e+00
1.52722800e-06,1.79445771e+00
1.52732800e-06,1.79445767e+00
1.52742800e-06,1.79445763e+00
1.52752800e-06,1.79445759e+00
1.52762800e-06,1.79445754e+00
1.52772800e-06,1.79445750e+00
1.52782800e-06,1.79445746e+00
1.52792800e-06,1.79445743e+00
1.52802800e-06,1.79445739e+00
1.52812800e-06,1.79445735e+00
1.52822800e-06,1.79445731e+00
1.52832800e-06,1.79445728e+00
1.52842800e-06,1.79445724e+00
1.52852800e-06,1.79445721e+00
1.52862800e-06,1.79445718e+00
1.52872800e-06,1.79445714e+00
1.52882800e-06,1.79445711e+00
1.52892800e-06,1.79445708e+00
1.52902800e-06,1.79445705e+00
1.52912800e-06,1.79445702e+00
1.52922800e-06,1.79445699e+00
1.52932800e-06,1.79445697e+00
1.52942800e-06,1.79445694e+00
1.52952800e-06,1.79445691e+00
1.52962800e-06,1.79445689e+00
1.52972800e-06,1.79445686e+00
1.52982800e-06,1.79445684e+00
1.52992800e-06,1.79445682e+00
1.53002800e-06,1.79445679e+00
1.53012800e-06,1.79445677e+00
1.53022800e-06,1.79445675e+00
1.53032800e-06,1.79445673e+00
1.53042800e-06,1.79445671e+00
1.53052800e-06,1.79445669e+00
1.53062800e-06,1.79445668e+00
1.53072800e-06,1.79445666e+00
1.53082800e-06,1.79445664e+00
1.53092800e-06,1.79445663e+00
1.53102800e-06,1.79445661e+00
1.53112800e-06,1.79445660e+00
1.53122800e-06,1.79445659e+00
1.53132800e-06,1.79445658e+00
1.53142800e-06,1.79445657e+00
1.53152800e-06,1.79445656e+00
1.53162800e-06,1.79445655e+00
1.53172800e-06,1.79445654e+00
1.53182800e-06,1.79445653e+00
1.53192800e-06,1.79445652e+00
1.53202800e-06,1.79445652e+00
1.53212800e-06,1.79445651e+00
1.53222800e-06,1.79445651e+00
1.53232800e-06,1.79445650e+00
1.53242800e-06,1.79445650e+00
1.53252800e-06,1.79445650e+00
1.53262800e-06,1.79445650e+00
1.53272800e-06,1.79445650e+00
1.53282800e-06,1.79445650e+00
1.53292800e-06,1.79445650e+00
1.53302800e-06,1.79445650e+00
1.53312800e-06,1.79445651e+00
1.53322800e-06,1.79445651e+00
1.53332800e-06,1.79445652e+00
1.53342800e-06,1.79445652e+00
1.53352800e-06,1.79445653e+00
1.53362800e-06,1.79445654e+00
1.53372800e-06,1.79445654e+00
1.53382800e-06,1.79445655e+00
1.53392800e-06,1.79445656e+00
1.53402800e-06,1.79445657e+00
1.53412800e-06,1.79445659e+00
1.53422800e-06,1.79445660e+00
1.53432800e-06,1.79445661e+00
1.53442800e-06,1.79445663e+00
1.53452800e-06,1.79445664e+00
1.53462800e-06,1.79445666e+00
1.53472800e-06,1.79445667e+00
1.53482800e-06,1.79445669e+00
1.53492800e-06,1.79445671e+00
1.53502800e-06,1.79445673e+00
1.53512800e-06,1.79445675e+00
1.53522800e-06,1.79445677e+00
1.53532800e-06,1.79445680e+00
1.53542800e-06,1.79445682e+00
1.53552800e-06,1.79445684e+00
1.53562800e-06,1.79445687e+00
1.53572800e-06,1.79445689e+00
1.53582800e-06,1.79445692e+00
1.53592800e-06,1.79445695e+00
1.53602800e-06,1.79445698e+00
1.53612800e-06,1.79445700e+00
1.53622800e-06,1.79445703e+00
1.53632800e-06,1.79445707e+00
1.53642800e-06,1.79445710e+00
1.53652800e-06,1.79445713e+00
1.53662800e-06,1.79445716e+00
1.53672800e-06,1.79445720e+00
1.53682800e-06,1.79445723e+00
1.53692800e-06,1.79445727e+00
1.53702800e-06,1.79445731e+00
1.53712800e-06,1.79445735e+00
1.53722800e-06,1.79445739e+00
1.53732800e-06,1.79445743e+00
1.53742800e-06,1.79445747e+00
1.53752800e-06,1.79445751e+00
1.53762800e-06,1.79445755e+00
1.53772800e-06,1.79445760e+00
1.53782800e-06,1.79445764e+00
1.53792800e-06,1.79445769e+00
1.53802800e-06,1.79445773e+00
1.53812800e-06,1.79445778e+00
1.53822800e-06,1.79445783e+00
1.53832800e-06,1.79445788e+00
1.53842800e-06,1.79445793e+00
1.53852800e-06,1.79445798e+00
1.53862800e-06,1.79445803e+00
1.53872800e-06,1.79445808e+00
1.53882800e-06,1.79445814e+00
1.53892800e-06,1.79445819e+00
1.53902800e-06,1.79445825e+00
1.53912800e-06,1.79445831e+00
1.53922800e-06,1.79445836e+00
1.53932800e-06,1.79445842e+00
1.53942800e-06,1.79445848e+00
1.53952800e-06,1.79445854e+00
1.53962800e-06,1.79445860e+00
1.53972800e-06,1.79445867e+00
1.53982800e-06,1.79445873e+00
1.53992800e-06,1.79445879e+00
1.54002800e-06,1.79445886e+00
1.54012800e-06,1.79445892e+00
1.54022800e-06,1.79445899e+00
1.54032800e-06,1.79445906e+00
1.54042800e-06,1.79445913e+00
1.54052800e-06,1.79445920e+00
1.54062800e-06,1.79445927e+00
1.54072800e-06,1.79445934e+00
1.54082800e-06,1.79445941e+00
1.54092800e-06,1.79445949e+00
1.54102800e-06,1.79445956e+00
1.54112800e-06,1.79445964e+00
1.54122800e-06,1.79445971e+00
1.54132800e-06,1.79445979e+00
1.54142800e-06,1.79445987e+00
1.54152800e-06,1.79445995e+00
1.54162800e-06,1.79446003e+00
1.54172800e-06,1.79446011e+00
1.54182800e-06,1.79446019e+00
1.54192800e-06,1.79446028e+00
1.54202800e-06,1.79446036e+00
1.54212800e-06,1.79446045e+00
1.54222800e-06,1.79446053e+00
1.54232800e-06,1.79446062e+00
1.54242800e-06,1.79446071e+00
1.54252800e-06,1.79446080e+00
1.54262800e-06,1.79446089e+00
1.54272800e-06,1.79446098e+00
1.54282800e-06,1.79446107e+00
1.54292800e-06,1.79446117e+00
1.54302800e-06,1.79446126e+00
1.54312800e-06,1.79446136e+00
1.54322800e-06,1.79446145e+00
1.54332800e-06,1.79446155e+00
1.54342800e-06,1.79446165e+00
1.54352800e-06,1.79446175e+00
1.54362800e-06,1.79446185e+00
1.54372800e-06,1.79446195e+00
1.54382800e-06,1.79446205e+00
1.54392800e-06,1.79446215e+00
1.54402800e-06,1.79446226e+00
1.54412800e-06,1.79446236e+00
1.54422800e-06,1.79446247e+00
1.54432800e-06,1.79446258e+00
1.54442800e-06,1.79446269e+00
1.54452800e-06,1.79446279e+00
1.54462800e-06,1.79446290e+00
1.54472800e-06,1.79446302e+00
1.54482800e-06,1.79446313e+00
1.54492800e-06,1.79446324e+00
1.54502800e-06,1.79446336e+00
1.54512800e-06,1.79446347e+00
1.54522800e-06,1.79446359e+00
1.54532800e-06,1.79446370e+00
1.54542800e-06,1.79446382e+00
1.54552800e-06,1.79446394e+00
1.54562800e-06,1.79446406e+00
1.54572800e-06,1.79446418e+00
1.54582800e-06,1.79446431e+00
1.54592800e-06,1.79446443e+00
1.54602800e-06,1.79446456e+00
1.54612800e-06,1.79446468e+00
1.54622800e-06,1.79446481e+00
1.54632800e-06,1.79446494e+00
1.54642800e-06,1.79446506e+00
1.54652800e-06,1.79446519e+00
1.54662800e-06,1.79446532e+00
1.54672800e-06,1.79446546e+00
1.54682800e-06,1.79446559e+00
1.54692800e-06,1.79446572e+00
1.54702800e-06,1.79446586e+00
1.54712800e-06,1.79446599e+00
1.54722800e-06,1.79446613e+00
1.54732800e-06,1.79446627e+00
1.54742800e-06,1.79446641e+00
1.54752800e-06,1.79446655e+00
1.54762800e-06,1.79446669e+00
1.54772800e-06,1.79446683e+00
1.54782800e-06,1.79446698e+00
1.54792800e-06,1.79446712e+00
1.54802800e-06,1.79446727e+00
1.54812800e-06,1.79446741e+00
1.54822800e-06,1.79446756e+00
1.54832800e-06,1.79446771e+00
1.54842800e-06,1.79446786e+00
1.54852800e-06,1.79446801e+00
1.54862800e-06,1.79446816e+00
1.54872800e-06,1.79446831e+00
1.54882800e-06,1.79446847e+00
1.54892800e-06,1.79446862e+00
1.54902800e-06,1.79446878e+00
1.54912800e-06,1.79446894e+00
1.54922800e-06,1.79446909e+00
1.54932800e-06,1.79446925e+00
1.54942800e-06,1.79446941e+00
1.54952800e-06,1.79446957e+00
1.54962800e-06,1.79446974e+00
1.54972800e-06,1.79446990e+00
1.54982800e-06,1.79447007e+00
1.54992800e-06,1.79447023e+00
1.55002800e-06,1.79447040e+00
1.55012800e-06,1.79447057e+00
1.55022800e-06,1.79447073e+00
1.55032800e-06,1.79447090e+00
1.55042800e-06,1.79447108e+00
1.55052800e-06,1.79447125e+00
1.55062800e-06,1.79447142e+00
1.55072800e-06,1.79447160e+00
1.55082800e-06,1.79447177e+00
1.55092800e-06,1.79447195e+00
1.55102800e-06,1.79447213e+00
1.55112800e-06,1.79447230e+00
1.55122800e-06,1.79447248e+00
1.55132800e-06,1.79447267e+00
1.55142800e-06,1.79447285e+00
1.55152800e-06,1.79447303e+00
1.55162800e-06,1.79447322e+00
1.55172800e-06,1.79447340e+00
1.55182800e-06,1.79447359e+00
1.55192800e-06,1.79447377e+00
1.55202800e-06,1.79447396e+00
1.55212800e-06,1.79447415e+00
1.55222800e-06,1.79447434e+00
1.55232800e-06,1.79447454e+00
1.55242800e-06,1.79447473e+00
1.55252800e-06,1.79447492e+00
1.55262800e-06,1.79447512e+00
1.55272800e-06,1.79447532e+00
1.55282800e-06,1.79447551e+00
1.55292800e-06,1.79447571e+00
1.55302800e-06,1.79447591e+00
1.55312800e-06,1.79447611e+00
1.55322800e-06,1.79447631e+00
1.55332800e-06,1.79447652e+00
1.55342800e-06,1.79447672e+00
1.55352800e-06,1.79447693e+00
1.55362800e-06,1.79447713e+00
1.55372800e-06,1.79447734e+00
1.55382800e-06,1.79447755e+00
1.55392800e-06,1.79447776e+00
1.55402800e-06,1.79447797e+00
1.55412800e-06,1.79447818e+00
1.55422800e-06,1.79447840e+00
1.55432800e-06,1.79447861e+00
1.55442800e-06,1.79447883e+00
1.55452800e-06,1.79447904e+00
1.55462800e-06,1.79447926e+00
1.55472800e-06,1.79447948e+00
1.55482800e-06,1.79447970e+00
1.55492800e-06,1.79447992e+00
1.55502800e-06,1.79448014e+00
1.55512800e-06,1.79448037e+00
1.55522800e-06,1.79448059e+00
1.55532800e-06,1.79448082e+00
1.55542800e-06,1.79448104e+00
1.55552800e-06,1.79448127e+00
1.55562800e-06,1.79448150e+00
1.55572800e-06,1.79448173e+00
1.55582800e-06,1.79448196e+00
1.55592800e-06,1.79448220e+00
1.55602800e-06,1.79448243e+00
1.55612800e-06,1.79448267e+00
1.55622800e-06,1.79448290e+00
1.55632800e-06,1.79448314e+00
1.55642800e-06,1.79448338e+00
1.55652800e-06,1.79448362e+00
1.55662800e-06,1.79448386e+00
1.55672800e-06,1.79448410e+00
1.55682800e-06,1.79448434e+00
1.55692800e-06,1.79448459e+00
1.55702800e-06,1.79448483e+00
1.55712800e-06,1.79448508e+00
1.55722800e-06,1.79448533e+00
1.55732800e-06,1.79448558e+00
1.55742800e-06,1.79448583e+00
1.55752800e-06,1.79448608e+00
1.55762800e-06,1.79448633e+00
1.55772800e-06,1.79448658e+00
1.55782800e-06,1.79448684e+00
1.55792800e-06,1.79448709e+00
1.55802800e-06,1.79448735e+00
1.55812800e-06,1.79448761e+00
1.55822800e-06,1.79448787e+00
1.55832800e-06,1.79448813e+00
1.55842800e-06,1.79448839e+00
1.55852800e-06,1.79448865e+00
1.55862800e-06,1.79448892e+00
1.55872800e-06,1.79448918e+00
1.55882800e-06,1.79448945e+00
1.55892800e-06,1.79448972e+00
1.55902800e-06,1.79448998e+00
1.55912800e-06,1.79449025e+00
1.55922800e-06,1.79449053e+00
1.55932800e-06,1.79449080e+00
1.55942800e-06,1.79449107e+00
1.55952800e-06,1.79449135e+00
1.55962800e-06,1.79449162e+00
1.55972800e-06,1.79449190e+00
1.55982800e-06,1.79449218e+00
1.55992800e-06,1.79449246e+00
1.56002800e-06,1.79449274e+00
1.56012800e-06,1.79449302e+00
1.56022800e-06,1.79449330e+00
1.56032800e-06,1.79449359e+00
1.56042800e-06,1.79449387e+00
1.56052800e-06,1.79449416e+00
1.56062800e-06,1.79449445e+00
1.56072800e-06,1.79449473e+00
1.56082800e-06,1.79449503e+00
1.56092800e-06,1.79449532e+00
1.56102800e-06,1.79449561e+00
1.56112800e-06,1.79449590e+00
1.56122800e-06,1.79449620e+00
1.56132800e-06,1.79449649e+00
1.56142800e-06,1.79449679e+00
1.56152800e-06,1.79449709e+00
1.56162800e-06,1.79449739e+00
1.56172800e-06,1.79449769e+00
1.56182800e-06,1.79449799e+00
1.56192800e-06,1.79449830e+00
1.56202800e-06,1.79449860e+00
1.56212800e-06,1.79449891e+00
1.56222800e-06,1.79449921e+00
1.56232800e-06,1.79449952e+00
1.56242800e-06,1.79449983e+00
1.56252800e-06,1.79450014e+00
1.56262800e-06,1.79450045e+00
1.56272800e-06,1.79450077e+00
1.56282800e-06,1.79450108e+00
1.56292800e-06,1.79450140e+00
1.56302800e-06,1.79450171e+00
1.56312800e-06,1.79450203e+00
1.56322800e-06,1.79450235e+00
1.56332800e-06,1.79450267e+00
1.56342800e-06,1.79450299e+00
1.56352800e-06,1.79450331e+00
1.56362800e-06,1.79450364e+00
1.56372800e-06,1.79450396e+00
1.56382800e-06,1.79450429e+00
1.56392800e-06,1.79450462e+00
1.56402800e-06,1.79450495e+00
1.56412800e-06,1.79450528e+00
1.56422800e-06,1.79450561e+00
1.56432800e-06,1.79450594e+00
1.56442800e-06,1.79450627e+00
1.56452800e-06,1.79450661e+00
1.56462800e-06,1.79450695e+00
1.56472800e-06,1.79450728e+00
1.56482800e-06,1.79450762e+00
1.56492800e-06,1.79450796e+00
1.56502800e-06,1.79450830e+00
1.56512800e-06,1.79450864e+00
1.56522800e-06,1.79450899e+00
1.56532800e-06,1.79450933e+00
1.56542800e-06,1.79450968e+00
1.56552800e-06,1.79451003e+00
1.56562800e-06,1.79451037e+00
1.56572800e-06,1.79451072e+00
1.56582800e-06,1.79451108e+00
1.56592800e-06,1.79451143e+00
1.56602800e-06,1.79451178e+00
1.56612800e-06,1.79451214e+00
1.56622800e-06,1.79451249e+00
1.56632800e-06,1.79451285e+00
1.56642800e-06,1.79451321e+00
1.56652800e-06,1.79451357e+00
1.56662800e-06,1.79451393e+00
1.56672800e-06,1.79451429e+00
1.56682800e-06,1.79451465e+00
1.56692800e-06,1.79451502e+00
1.56702800e-06,1.79451538e+00
1.56712800e-06,1.79451575e+00
1.56722800e-06,1.79451612e+00
1.56732800e-06,1.79451649e+00
1.56742800e-06,1.79451686e+00
1.56752800e-06,1.79451723e+00
1.56762800e-06,1.79451760e+00
1.56772800e-06,1.79451798e+00
1.56782800e-06,1.79451836e+00
1.56792800e-06,1.79451873e+00
1.56802800e-06,1.79451911e+00
1.56812800e-06,1.79451949e+00
1.56822800e-06,1.79451987e+00
1.56832800e-06,1.79452025e+00
1.56842800e-06,1.79452064e+00
1.56852800e-06,1.79452102e+00
1.56862800e-06,1.79452141e+00
1.56872800e-06,1.79452179e+00
1.56882800e-06,1.79452218e+00
1.56892800e-06,1.79452257e+00
1.56902800e-06,1.79452296e+00
1.56912800e-06,1.79452335e+00
1.56922800e-06,1.79452375e+00
1.56932800e-06,1.79452414e+00
1.56942800e-06,1.79452454e+00
1.56952800e-06,1.79452494e+00
1.56962800e-06,1.79452533e+00
1.56972800e-06,1.79452573e+00
1.56982800e-06,1.79452613e+00
1.56992800e-06,1.79452654e+00
1.57002800e-06,1.79452694e+00
1.57012800e-06,1.79452734e+00
1.57022800e-06,1.79452775e+00
1.57032800e-06,1.79452816e+00
1.57042800e-06,1.79452857e+00
1.57052800e-06,1.79452898e+00
1.57062800e-06,1.79452939e+00
1.57072800e-06,1.79452980e+00
1.57082800e-06,1.79453021e+00
1.57092800e-06,1.79453063e+00
1.57102800e-06,1.79453104e+00
1.57112800e-06,1.79453146e+00
1.57122800e-06,1.79453188e+00
1.57132800e-06,1.79453230e+00
1.57142800e-06,1.79453272e+00
1.57152800e-06,1.79453314e+00
1.57162800e-06,1.79453357e+00
1.57172800e-06,1.79453399e+00
1.57182800e-06,1.79453442e+00
1.57192800e-06,1.79453484e+00
1.57202800e-06,1.79453527e+00
1.57212800e-06,1.79453570e+00
1.57222800e-06,1.79453613e+00
1.57232800e-06,1.79453657e+00
1.57242800e-06,1.79453700e+00
1.57252800e-06,1.79453743e+00
1.57262800e-06,1.79453787e+00
1.57272800e-06,1.79453831e+00
1.57282800e-06,1.79453875e+00
1.57292800e-06,1.79453919e+00
1.57302800e-06,1.79453963e+00
1.57312800e-06,1.79454007e+00
1.57322800e-06,1.79454051e+00
1.57332800e-06,1.79454096e+00
1.57342800e-06,1.79454141e+00
1.57352800e-06,1.79454185e+00
1.57362800e-06,1.79454230e+00
1.57372800e-06,1.79454275e+00
1.57382800e-06,1.79454321e+00
1.57392800e-06,1.79454366e+00
1.57402800e-06,1.79454411e+00
1.57412800e-06,1.79454457e+00
1.57422800e-06,1.79454502e+00
1.57432800e-06,1.79454548e+00
1.57442800e-06,1.79454594e+00
1.57452800e-06,1.79454640e+00
1.57462800e-06,1.79454686e+00
1.57472800e-06,1.79454733e+00
1.57482800e-06,1.79454779e+00
1.57492800e-06,1.79454826e+00
1.57502800e-06,1.79454872e+00
1.57512800e-06,1.79454919e+00
1.57522800e-06,1.79454966e+00
1.57532800e-06,1.79455013e+00
1.57542800e-06,1.79455060e+00
1.57552800e-06,1.79455108e+00
1.57562800e-06,1.79455155e+00
1.57572800e-06,1.79455203e+00
1.57582800e-06,1.79455250e+00
1.57592800e-06,1.79455298e+00
1.57602800e-06,1.79455346e+00
1.57612800e-06,1.79455394e+00
1.57622800e-06,1.79455442e+00
1.57632800e-06,1.79455491e+00
1.57642800e-06,1.79455539e+00
1.57652800e-06,1.79455588e+00
1.57662800e-06,1.79455637e+00
1.57672800e-06,1.79455685e+00
1.57682800e-06,1.79455734e+00
1.57692800e-06,1.79455784e+00
1.57702800e-06,1.79455833e+00
1.57712800e-06,1.79455882e+00
1.57722800e-06,1.79455932e+00
1.57732800e-06,1.79455981e+00
1.57742800e-06,1.79456031e+00
1.57752800e-06,1.79456081e+00
1.57762800e-06,1.79456131e+00
1.57772800e-06,1.79456181e+00
1.57782800e-06,1.79456231e+00
1.57792800e-06,1.79456282e+00
1.57802800e-06,1.79456332e+00
1.57812800e-06,1.79456383e+00
1.57822800e-06,1.79456434e+00
1.57832800e-06,1.79456485e+00
1.57842800e-06,1.79456536e+00
1.57852800e-06,1.79456587e+00
1.57862800e-06,1.79456638e+00
1.57872800e-06,1.79456690e+00
1.57882800e-06,1.79456741e+00
1.57892800e-06,1.79456793e+00
1.57902800e-06,1.79456845e+00
1.57912800e-06,1.79456897e+00
1.57922800e-06,1.79456949e+00
1.57932800e-06,1.79457001e+00
1.57942800e-06,1.79457053e+00
1.57952800e-06,1.79457106e+00
1.57962800e-06,1.79457158e+00
1.57972800e-06,1.79457211e+00
1.57982800e-06,1.79457264e+00
1.57992800e-06,1.79457317e+00
1.58002800e-06,1.79457370e+00
1.58012800e-06,1.79457423e+00
1.58022800e-06,1.79457476e+00
1.58032800e-06,1.79457530e+00
1.58042800e-06,1.79457583e+00
1.58052800e-06,1.79457637e+00
1.58062800e-06,1.79457691e+00
1.58072800e-06,1.79457745e+00
1.58082800e-06,1.79457799e+00
1.58092800e-06,1.79457853e+00
1.58102800e-06,1.79457908e+00
1.58112800e-06,1.79457962e+00
1.58122800e-06,1.79458017e+00
1.58132800e-06,1.79458072e+00
1.58142800e-06,1.79458126e+00
1.58152800e-06,1.79458181e+00
1.58162800e-06,1.79458237e+00
1.58172800e-06,1.79458292e+00
1.58182800e-06,1.79458347e+00
1.58192800e-06,1.79458403e+00
1.58202800e-06,1.79458458e+00
1.58212800e-06,1.79458514e+00
1.58222800e-06,1.79458570e+00
1.58232800e-06,1.79458626e+00
1.58242800e-06,1.79458682e+00
1.58252800e-06,1.79458739e+00
1.58262800e-06,1.79458795e+00
1.58272800e-06,1.79458852e+00
1.58282800e-06,1.79458908e+00
1.58292800e-06,1.79458965e+00
1.58302800e-06,1.79459022e+00
1.58312800e-06,1.79459079e+00
1.58322800e-06,1.79459136e+00
1.58332800e-06,1.79459194e+00
1.58342800e-06,1.79459251e+00
1.58352800e-06,1.79459309e+00
1.58362800e-06,1.79459366e+00
1.58372800e-06,1.79459424e+00
1.58382800e-06,1.79459482e+00
1.58392800e-06,1.79459540e+00
1.58402800e-06,1.79459598e+00
1.58412800e-06,1.79459657e+00
1.58422800e-06,1.79459715e+00
1.58432800e-06,1.79459774e+00
1.58442800e-06,1.79459832e+00
1.58452800e-06,1.79459891e+00
1.58462800e-06,1.79459950e+00
1.58472800e-06,1.79460009e+00
1.58482800e-06,1.79460069e+00
1.58492800e-06,1.79460128e+00
1.58502800e-06,1.79460187e+00
1.58512800e-06,1.79460247e+00
1.58522800e-06,1.79460307e+00
1.58532800e-06,1.79460367e+00
1.58542800e-06,1.79460427e+00
1.58552800e-06,1.79460487e+00
1.58562800e-06,1.79460547e+00
1.58572800e-06,1.79460607e+00
1.58582800e-06,1.79460668e+00
1.58592800e-06,1.79460729e+00
1.58602800e-06,1.79460789e+00
1.58612800e-06,1.79460850e+00
1.58622800e-06,1.79460911e+00
1.58632800e-06,1.79460972e+00
1.58642800e-06,1.79461034e+00
1.58652800e-06,1.79461095e+00
1.58662800e-06,1.79461156e+00
1.58672800e-06,1.79461218e+00
1.58682800e-06,1.79461280e+00
1.58692800e-06,1.79461342e+00
1.58702800e-06,1.79461404e+00
1.58712800e-06,1.79461466e+00
1.58722800e-06,1.79461528e+00
1.58732800e-06,1.79461591e+00
1.58742800e-06,1.79461653e+00
1.58752800e-06,1.79461716e+00
1.58762800e-06,1.79461779e+00
1.58772800e-06,1.79461841e+00
1.58782800e-06,1.79461905e+00
1.58792800e-06,1.79461968e+00
1.58802800e-06,1.79462031e+00
1.58812800e-06,1.79462094e+00
1.58822800e-06,1.79462158e+00
1.58832800e-06,1.79462222e+00
1.58842800e-06,1.79462285e+00
1.58852800e-06,1.79462349e+00
1.58862800e-06,1.79462413e+00
1.58872800e-06,1.79462478e+00
1.58882800e-06,1.79462542e+00
1.58892800e-06,1.79462606e+00
1.58902800e-06,1.79462671e+00
1.58912800e-06,1.79462735e+00
1.58922800e-06,1.79462800e+00
1.58932800e-06,1.79462865e+00
1.58942800e-06,1.79462930e+00
1.58952800e-06,1.79462995e+00
1.58962800e-06,1.79463061e+00
1.58972800e-06,1.79463126e+00
1.58982800e-06,1.79463192e+00
1.58992800e-06,1.79463257e+00
1.59002800e-06,1.79463323e+00
1.59012800e-06,1.79463389e+00
1.59022800e-06,1.79463455e+00
1.59032800e-06,1.79463521e+00
1.59042800e-06,1.79463588e+00
1.59052800e-06,1.79463654e+00
1.59062800e-06,1.79463720e+00
1.59072800e-06,1.79463787e+00
1.59082800e-06,1.79463854e+00
1.59092800e-06,1.79463921e+00
1.59102800e-06,1.79463988e+00
1.59112800e-06,1.79464055e+00
1.59122800e-06,1.79464122e+00
1.59132800e-06,1.79464190e+00
1.59142800e-06,1.79464257e+00
1.59152800e-06,1.79464325e+00
1.59162800e-06,1.79464393e+00
1.59172800e-06,1.79464461e+00
1.59182800e-06,1.79464529e+00
1.59192800e-06,1.79464597e+00
1.59202800e-06,1.79464665e+00
1.59212800e-06,1.79464734e+00
1.59222800e-06,1.79464802e+00
1.59232800e-06,1.79464871e+00
1.59242800e-06,1.79464939e+00
1.59252800e-06,1.79465008e+00
1.59262800e-06,1.79465077e+00
1.59272800e-06,1.79465147e+00
1.59282800e-06,1.79465216e+00
1.59292800e-06,1.79465285e+00
1.59302800e-06,1.79465355e+00
1.59312800e-06,1.79465424e+00
1.59322800e-06,1.79465494e+00
1.59332800e-06,1.79465564e+00
1.59342800e-06,1.79465634e+00
1.59352800e-06,1.79465704e+00
1.59362800e-06,1.79465774e+00
1.59372800e-06,1.79465845e+00
1.59382800e-06,1.79465915e+00
1.59392800e-06,1.79465986e+00
1.59402800e-06,1.79466057e+00
1.59412800e-06,1.79466127e+00
1.59422800e-06,1.79466198e+00
1.59432800e-06,1.79466269e+00
1.59442800e-06,1.79466341e+00
1.59452800e-06,1.79466412e+00
1.59462800e-06,1.79466484e+00
1.59472800e-06,1.79466555e+00
1.59482800e-06,1.79466627e+00
1.59492800e-06,1.79466699e+00
1.59502800e-06,1.79466771e+00
1.59512800e-06,1.79466843e+00
1.59522800e-06,1.79466915e+00
1.59532800e-06,1.79466987e+00
1.59542800e-06,1.79467060e+00
1.59552800e-06,1.79467132e+00
1.59562800e-06,1.79467205e+00
1.59572800e-06,1.79467278e+00
1.59582800e-06,1.79467351e+00
1.59592800e-06,1.79467424e+00
1.59602800e-06,1.79467497e+00
1.59612800e-06,1.79467570e+00
1.59622800e-06,1.79467643e+00
1.59632800e-06,1.79467717e+00
1.59642800e-06,1.79467791e+00
1.59652800e-06,1.79467864e+00
1.59662800e-06,1.79467938e+00
1.59672800e-06,1.79468012e+00
1.59682800e-06,1.79468086e+00
1.59692800e-06,1.79468160e+00
1.59702800e-06,1.79468235e+00
1.59712800e-06,1.79468309e+00
1.59722800e-06,1.79468384e+00
1.59732800e-06,1.79468459e+00
1.59742800e-06,1.79468533e+00
1.59752800e-06,1.79468608e+00
1.59762800e-06,1.79468683e+00
1.59772800e-06,1.79468759e+00
1.59782800e-06,1.79468834e+00
1.59792800e-06,1.79468909e+00
1.59802800e-06,1.79468985e+00
1.59812800e-06,1.79469060e+00
1.59822800e-06,1.79469136e+00
1.59832800e-06,1.79469212e+00
1.59842800e-06,1.79469288e+00
1.59852800e-06,1.79469364e+00
1.59862800e-06,1.79469440e+00
1.59872800e-06,1.79469517e+00
1.59882800e-06,1.79469593e+00
1.59892800e-06,1.79469670e+00
1.59902800e-06,1.79469747e+00
1.59912800e-06,1.79469823e+00
1.59922800e-06,1.79469900e+00
1.59932800e-06,1.79469977e+00
1.59942800e-06,1.79470054e+00
1.59952800e-06,1.79470132e+00
1.59962800e-06,1.79470209e+00
1.59972800e-06,1.79470287e+00
1.59982800e-06,1.79470364e+00
1.59992800e-06,1.79470442e+00
1.60002800e-06,1.79470520e+00
1.60012800e-06,1.79470598e+00
1.60022800e-06,1.79470676e+00
1.60032800e-06,1.79470754e+00
1.60042800e-06,1.79470833e+00
1.60052800e-06,1.79470911e+00
1.60062800e-06,1.79470990e+00
1.60072800e-06,1.79471068e+00
1.60082800e-06,1.79471147e+00
1.60092800e-06,1.79471226e+00
1.60102800e-06,1.79471305e+00
1.60112800e-06,1.79471384e+00
1.60122800e-06,1.79471463e+00
1.60132800e-06,1.79471543e+00
1.60142800e-06,1.79471622e+00
1.60152800e-06,1.79471702e+00
1.60162800e-06,1.79471781e+00
1.60172800e-06,1.79471861e+00
1.60182800e-06,1.79471941e+00
1.60192800e-06,1.79472021e+00
1.60202800e-06,1.79472101e+00
1.60212800e-06,1.79472181e+00
1.60222800e-06,1.79472262e+00
1.60232800e-06,1.79472342e+00
1.60242800e-06,1.79472423e+00
1.60252800e-06,1.79472504e+00
1.60262800e-06,1.79472584e+00
1.60272800e-06,1.79472665e+00
1.60282800e-06,1.79472746e+00
1.60292800e-06,1.79472827e+00
1.60302800e-06,1.79472909e+00
1.60312800e-06,1.79472990e+00
1.60322800e-06,1.79473072e+00
1.60332800e-06,1.79473153e+00
1.60342800e-06,1.79473235e+00
1.60352800e-06,1.79473317e+00
1.60362800e-06,1.79473399e+00
1.60372800e-06,1.79473481e+00
1.60382800e-06,1.79473563e+00
1.60392800e-06,1.79473645e+00
1.60402800e-06,1.79473727e+00
1.60412800e-06,1.79473810e+00
1.60422800e-06,1.79473892e+00
1.60432800e-06,1.79473975e+00
1.60442800e-06,1.79474058e+00
1.60452800e-06,1.79474141e+00
1.60462800e-06,1.79474224e+00
1.60472800e-06,1.79474307e+00
1.60482800e-06,1.79474390e+00
1.60492800e-06,1.79474474e+00
1.60502800e-06,1.79474557e+00
1.60512800e-06,1.79474641e+00
1.60522800e-06,1.79474724e+00
1.60532800e-06,1.79474808e+00
1.60542800e-06,1.79474892e+00
1.60552800e-06,1.79474976e+00
1.60562800e-06,1.79475060e+00
1.60572800e-06,1.79475144e+00
1.60582800e-06,1.79475229e+00
1.60592800e-06,1.79475313e+00
1.60602800e-06,1.79475398e+00
1.60612800e-06,1.79475482e+00
1.60622800e-06,1.79475567e+00
1.60632800e-06,1.79475652e+00
1.60642800e-06,1.79475737e+00
1.60652800e-06,1.79475822e+00
1.60662800e-06,1.79475907e+00
1.60672800e-06,1.79475992e+00
1.60682800e-06,1.79476078e+00
1.60692800e-06,1.79476163e+00
1.60702800e-06,1.79476249e+00
1.60712800e-06,1.79476334e+00
1.60722800e-06,1.79476420e+00
1.60732800e-06,1.79476506e+00
1.60742800e-06,1.79476592e+00
1.60752800e-06,1.79476678e+00
1.60762800e-06,1.79476764e+00
1.60772800e-06,1.79476851e+00
1.60782800e-06,1.79476937e+00
1.60792800e-06,1.79477023e+00
1.60802800e-06,1.79477110e+00
1.60812800e-06,1.79477197e+00
1.60822800e-06,1.79477284e+00
1.60832800e-06,1.79477371e+00
1.60842800e-06,1.79477458e+00
1.60852800e-06,1.79477545e+00
1.60862800e-06,1.79477632e+00
1.60872800e-06,1.79477719e+00
1.60882800e-06,1.79477807e+00
1.60892800e-06,1.79477894e+00
1.60902800e-06,1.79477982e+00
1.60912800e-06,1.79478070e+00
1.60922800e-06,1.79478158e+00
1.60932800e-06,1.79478245e+00
1.60942800e-06,1.79478334e+00
1.60952800e-06,1.79478422e+00
1.60962800e-06,1.79478510e+00
1.60972800e-06,1.79478598e+00
1.60982800e-06,1.79478687e+00
1.60992800e-06,1.79478775e+00
1.61002800e-06,1.79478864e+00
1.61012800e-06,1.79478953e+00
1.61022800e-06,1.79479041e+00
1.61032800e-06,1.79479130e+00
1.61042800e-06,1.79479219e+00
1.61052800e-06,1.79479309e+00
1.61062800e-06,1.79479398e+00
1.61072800e-06,1.79479487e+00
1.61082800e-06,1.79479577e+00
1.61092800e-06,1.79479666e+00
1.61102800e-06,1.79479756e+00
1.61112800e-06,1.79479845e+00
1.61122800e-06,1.79479935e+00
1.61132800e-06,1.79480025e+00
1.61142800e-06,1.79480115e+00
1.61152800e-06,1.79480205e+00
1.61162800e-06,1.79480295e+00
1.61172800e-06,1.79480386e+00
1.61182800e-06,1.79480476e+00
1.61192800e-06,1.79480567e+00
1.61202800e-06,1.79480657e+00
1.61212800e-06,1.79480748e+00
1.61222800e-06,1.79480839e+00
1.61232800e-06,1.79480930e+00
1.61242800e-06,1.79481021e+00
1.61252800e-06,1.79481112e+00
1.61262800e-06,1.79481203e+00
1.61272800e-06,1.79481294e+00
1.61282800e-06,1.79481385e+00
1.61292800e-06,1.79481477e+00
1.61302800e-06,1.79481568e+00
1.61312800e-06,1.79481660e+00
1.61322800e-06,1.79481752e+00
1.61332800e-06,1.79481843e+00
1.61342800e-06,1.79481935e+00
1.61352800e-06,1.79482027e+00
1.61362800e-06,1.79482119e+00
1.61372800e-06,1.79482212e+00
1.61382800e-06,1.79482304e+00
1.61392800e-06,1.79482396e+00
1.61402800e-06,1.79482489e+00
1.61412800e-06,1.79482581e+00
1.61422800e-06,1.79482674e+00
1.61432800e-06,1.79482767e+00
1.61442800e-06,1.79482859e+00
1.61452800e-06,1.79482952e+00
1.61462800e-06,1.79483045e+00
1.61472800e-06,1.79483138e+00
1.61482800e-06,1.79483231e+00
1.61492800e-06,1.79483325e+00
1.61502800e-06,1.79483418e+00
1.61512800e-06,1.79483511e+00
1.61522800e-06,1.79483605e+00
1.61532800e-06,1.79483699e+00
1.61542800e-06,1.79483792e+00
1.61552800e-06,1.79483886e+00
1.61562800e-06,1.79483980e+00
1.61572800e-06,1.79484074e+00
1.61582800e-06,1.79484168e+00
1.61592800e-06,1.79484262e+00
1.61602800e-06,1.79484356e+00
1.61612800e-06,1.79484451e+00
1.61622800e-06,1.79484545e+00
1.61632800e-06,1.79484640e+00
1.61642800e-06,1.79484734e+00
1.61652800e-06,1.79484829e+00
1.61662800e-06,1.79484923e+00
1.61672800e-06,1.79485018e+00
1.61682800e-06,1.79485113e+00
1.61692800e-06,1.79485208e+00
1.61702800e-06,1.79485303e+00
1.61712800e-06,1.79485398e+00
1.61722800e-06,1.79485494e+00
1.61732800e-06,1.79485589e+00
1.61742800e-06,1.79485684e+00
1.61752800e-06,1.79485780e+00
1.61762800e-06,1.79485875e+00
1.61772800e-06,1.79485971e+00
1.61782800e-06,1.79486067e+00
1.61792800e-06,1.79486163e+00
1.61802800e-06,1.79486259e+00
1.61812800e-06,1.79486355e+00
1.61822800e-06,1.79486451e+00
1.61832800e-06,1.79486547e+00
1.61842800e-06,1.79486643e+00
1.61852800e-06,1.79486739e+00
1.61862800e-06,1.79486836e+00
1.61872800e-06,1.79486932e+00
1.61882800e-06,1.79487029e+00
1.61892800e-06,1.79487125e+00
1.61902800e-06,1.79487222e+00
1.61912800e-06,1.79487319e+00
1.61922800e-06,1.79487416e+00
1.61932800e-06,1.79487513e+00
1.61942800e-06,1.79487610e+00
1.61952800e-06,1.79487707e+00
1.61962800e-06,1.79487804e+00
1.61972800e-06,1.79487901e+00
1.61982800e-06,1.79487998e+00
1.61992800e-06,1.79488096e+00
1.62002800e-06,1.79488193e+00
1.62012800e-06,1.79488291e+00
1.62022800e-06,1.79488389e+00
1.62032800e-06,1.79488486e+00
1.62042800e-06,1.79488584e+00
1.62052800e-06,1.79488682e+00
1.62062800e-06,1.79488780e+00
1.62072800e-06,1.79488878e+00
1.62082800e-06,1.79488976e+00
1.62092800e-06,1.79489074e+00
1.62102800e-06,1.79489172e+00
1.62112800e-06,1.79489271e+00
1.62122800e-06,1.79489369e+00
1.62132800e-06,1.79489467e+00
1.62142800e-06,1.79489566e+00
1.62152800e-06,1.79489665e+00
1.62162800e-06,1.79489763e+00
1.62172800e-06,1.79489862e+00
1.62182800e-06,1.79489961e+00
1.62192800e-06,1.79490060e+00
1.62202800e-06,1.79490159e+00
1.62212800e-06,1.79490258e+00
1.62222800e-06,1.79490357e+00
1.62232800e-06,1.79490456e+00
1.62242800e-06,1.79490555e+00
1.62252800e-06,1.79490655e+00
1.62262800e-06,1.79490754e+00
1.62272800e-06,1.79490853e+00
1.62282800e-06,1.79490953e+00
1.62292800e-06,1.79491053e+00
1.62302800e-06,1.79491152e+00
1.62312800e-06,1.79491252e+00
1.62322800e-06,1.79491352e+00
1.62332800e-06,1.79491452e+00
1.62342800e-06,1.79491552e+00
1.62352800e-06,1.79491652e+00
1.62362800e-06,1.79491752e+00
1.62372800e-06,1.79491852e+00
1.62382800e-06,1.79491952e+00
1.62392800e-06,1.79492052e+00
1.62402800e-06,1.79492153e+00
1.62412800e-06,1.79492253e+00
1.62422800e-06,1.79492353e+00
1.62432800e-06,1.79492454e+00
1.62442800e-06,1.79492555e+00
1.62452800e-06,1.79492655e+00
1.62462800e-06,1.79492756e+00
1.62472800e-06,1.79492857e+00
1.62482800e-06,1.79492958e+00
1.62492800e-06,1.79493059e+00
1.62502800e-06,1.79493160e+00
1.62512800e-06,1.79493261e+00
1.62522800e-06,1.79493362e+00
1.62532800e-06,1.79493463e+00
1.62542800e-06,1.79493564e+00
1.62552800e-06,1.79493665e+00
1.62562800e-06,1.79493767e+00
1.62572800e-06,1.79493868e+00
1.62582800e-06,1.79493970e+00
1.62592800e-06,1.79494071e+00
1.62602800e-06,1.79494173e+00
1.62612800e-06,1.79494274e+00
1.62622800e-06,1.79494376e+00
1.62632800e-06,1.79494478e+00
1.62642800e-06,1.79494580e+00
1.62652800e-06,1.79494682e+00
1.62662800e-06,1.79494784e+00
1.62672800e-06,1.79494886e+00
1.62682800e-06,1.79494988e+00
1.62692800e-06,1.79495090e+00
1.62702800e-06,1.79495192e+00
1.62712800e-06,1.79495294e+00
1.62722800e-06,1.79495397e+00
1.62732800e-06,1.79495499e+00
1.62742800e-06,1.79495601e+00
1.62752800e-06,1.79495704e+00
1.62762800e-06,1.79495806e+00
1.62772800e-06,1.79495909e+00
1.62782800e-06,1.79496011e+00
1.62792800e-06,1.79496114e+00
1.62802800e-06,1.79496217e+00
1.62812800e-06,1.79496320e+00
1.62822800e-06,1.79496423e+00
1.62832800e-06,1.79496525e+00
1.62842800e-06,1.79496628e+00
1.62852800e-06,1.79496731e+00
1.62862800e-06,1.79496834e+00
1.62872800e-06,1.79496938e+00
1.62882800e-06,1.79497041e+00
1.62892800e-06,1.79497144e+00
1.62902800e-06,1.79497247e+00
1.62912800e-06,1.79497351e+00
1.62922800e-06,1.79497454e+00
1.62932800e-06,1.79497557e+00
1.62942800e-06,1.79497661e+00
1.62952800e-06,1.79497764e+00
1.62962800e-06,1.79497868e+00
1.62972800e-06,1.79497972e+00
1.62982800e-06,1.79498075e+00
1.62992800e-06,1.79498179e+00
1.63002800e-06,1.79498283e+00
1.63012800e-06,1.79498386e+00
1.63022800e-06,1.79498490e+00
1.63032800e-06,1.79498594e+00
1.63042800e-06,1.79498698e+00
1.63052800e-06,1.79498802e+00
1.63062800e-06,1.79498906e+00
1.63072800e-06,1.79499010e+00
1.63082800e-06,1.79499114e+00
1.63092800e-06,1.79499219e+00
1.63102800e-06,1.79499323e+00
1.63112800e-06,1.79499427e+00
1.63122800e-06,1.79499531e+00
1.63132800e-06,1.79499636e+00
1.63142800e-06,1.79499740e+00
1.63152800e-06,1.79499845e+00
1.63162800e-06,1.79499949e+00
1.63172800e-06,1.79500054e+00
1.63182800e-06,1.79500158e+00
1.63192800e-06,1.79500263e+00
1.63202800e-06,1.79500368e+00
1.63212800e-06,1.79500472e+00
1.63222800e-06,1.79500577e+00
1.63232800e-06,1.79500682e+00
1.63242800e-06,1.79500787e+00
1.63252800e-06,1.79500892e+00
1.63262800e-06,1.79500996e+00
1.63272800e-06,1.79501101e+00
1.63282800e-06,1.79501206e+00
1.63292800e-06,1.79501311e+00
1.63302800e-06,1.79501416e+00
1.63312800e-06,1.79501522e+00
1.63322800e-06,1.79501627e+00
1.63332800e-06,1.79501732e+00
1.63342800e-06,1.79501837e+00
1.63352800e-06,1.79501942e+00
1.63362800e-06,1.79502048e+00
1.63372800e-06,1.79502153e+00
1.63382800e-06,1.79502258e+00
1.63392800e-06,1.79502364e+00
1.63402800e-06,1.79502469e+00
1.63412800e-06,1.79502575e+00
1.63422800e-06,1.79502680e+00
1.63432800e-06,1.79502786e+00
1.63442800e-06,1.79502891e+00
1.63452800e-06,1.79502997e+00
1.63462800e-06,1.79503102e+00
1.63472800e-06,1.79503208e+00
1.63482800e-06,1.79503314e+00
1.63492800e-06,1.79503420e+00
1.63502800e-06,1.79503525e+00
1.63512800e-06,1.79503631e+00
1.63522800e-06,1.79503737e+00
1.63532800e-06,1.79503843e+00
1.63542800e-06,1.79503949e+00
1.63552800e-06,1.79504055e+00
1.63562800e-06,1.79504161e+00
1.63572800e-06,1.79504267e+00
1.63582800e-06,1.79504373e+00
1.63592800e-06,1.79504479e+00
1.63602800e-06,1.79504585e+00
1.63612800e-06,1.79504691e+00
1.63622800e-06,1.79504797e+00
1.63632800e-06,1.79504903e+00
1.63642800e-06,1.79505009e+00
1.63652800e-06,1.79505115e+00
1.63662800e-06,1.79505222e+00
1.63672800e-06,1.79505328e+00
1.63682800e-06,1.79505434e+00
1.63692800e-06,1.79505540e+00
1.63702800e-06,1.79505647e+00
1.63712800e-06,1.79505753e+00
1.63722800e-06,1.79505860e+00
1.63732800e-06,1.79505966e+00
1.63742800e-06,1.79506072e+00
1.63752800e-06,1.79506179e+00
1.63762800e-06,1.79506285e+00
1.63772800e-06,1.79506392e+00
1.63782800e-06,1.79506498e+00
1.63792800e-06,1.79506605e+00
1.63802800e-06,1.79506711e+00
1.63812800e-06,1.79506818e+00
1.63822800e-06,1.79506925e+00
1.63832800e-06,1.79507031e+00
1.63842800e-06,1.79507138e+00
1.63852800e-06,1.79507245e+00
1.63862800e-06,1.79507351e+00
1.63872800e-06,1.79507458e+00
1.63882800e-06,1.79507565e+00
1.63892800e-06,1.79507671e+00
1.63902800e-06,1.79507778e+00
1.63912800e-06,1.79507885e+00
1.63922800e-06,1.79507992e+00
1.63932800e-06,1.79508099e+00
1.63942800e-06,1.79508205e+00
1.63952800e-06,1.79508312e+00
1.63962800e-06,1.79508419e+00
1.63972800e-06,1.79508526e+00
1.63982800e-06,1.79508633e+00
1.63992800e-06,1.79508740e+00
1.64002800e-06,1.79508847e+00
1.64012800e-06,1.79508954e+00
1.64022800e-06,1.79509061e+00
1.64032800e-06,1.79509168e+00
1.64042800e-06,1.79509275e+00
1.64052800e-06,1.79509382e+00
1.64062800e-06,1.79509489e+00
1.64072800e-06,1.79509596e+00
1.64082800e-06,1.79509703e+00
1.64092800e-06,1.79509810e+00
1.64102800e-06,1.79509917e+00
1.64112800e-06,1.79510024e+00
1.64122800e-06,1.79510131e+00
1.64132800e-06,1.79510238e+00
1.64142800e-06,1.79510345e+00
1.64152800e-06,1.79510452e+00
1.64162800e-06,1.79510559e+00
1.64172800e-06,1.79510666e+00
1.64182800e-06,1.79510773e+00
1.64192800e-06,1.79510881e+00
1.64202800e-06,1.79510988e+00
1.64212800e-06,1.79511095e+00
1.64222800e-06,1.79511202e+00
1.64232800e-06,1.79511309e+00
1.64242800e-06,1.79511416e+00
1.64252800e-06,1.79511523e+00
1.64262800e-06,1.79511631e+00
1.64272800e-06,1.79511738e+00
1.64282800e-06,1.79511845e+00
1.64292800e-06,1.79511952e+00
1.64302800e-06,1.79512059e+00
1.64312800e-06,1.79512167e+00
1.64322800e-06,1.79512274e+00
1.64332800e-06,1.79512381e+00
1.64342800e-06,1.79512488e+00
1.64352800e-06,1.79512595e+00
1.64362800e-06,1.79512703e+00
1.64372800e-06,1.79512810e+00
1.64382800e-06,1.79512917e+00
1.64392800e-06,1.79513024e+00
1.64402800e-06,1.79513131e+00
1.64412800e-06,1.79513239e+00
1.64422800e-06,1.79513346e+00
1.64432800e-06,1.79513453e+00
1.64442800e-06,1.79513560e+00
1.64452800e-06,1.79513667e+00
1.64462800e-06,1.79513775e+00
1.64472800e-06,1.79513882e+00
1.64482800e-06,1.79513989e+00
1.64492800e-06,1.79514096e+00
1.64502800e-06,1.79514203e+00
1.64512800e-06,1.79514310e+00
1.64522800e-06,1.79514418e+00
1.64532800e-06,1.79514525e+00
1.64542800e-06,1.79514632e+00
1.64552800e-06,1.79514739e+00
1.64562800e-06,1.79514846e+00
1.64572800e-06,1.79514953e+00
1.64582800e-06,1.79515061e+00
1.64592800e-06,1.79515168e+00
1.64602800e-06,1.79515275e+00
1.64612800e-06,1.79515382e+00
1.64622800e-06,1.79515489e+00
1.64632800e-06,1.79515596e+00
1.64642800e-06,1.79515703e+00
1.64652800e-06,1.79515810e+00
1.64662800e-06,1.79515917e+00
1.64672800e-06,1.79516024e+00
1.64682800e-06,1.79516131e+00
1.64692800e-06,1.79516238e+00
1.64702800e-06,1.79516345e+00
1.64712800e-06,1.79516452e+00
1.64722800e-06,1.79516559e+00
1.64732800e-06,1.79516666e+00
1.64742800e-06,1.79516773e+00
1.64752800e-06,1.79516880e+00
1.64762800e-06,1.79516987e+00
1.64772800e-06,1.79517094e+00
1.64782800e-06,1.79517201e+00
1.64792800e-06,1.79517308e+00
1.64802800e-06,1.79517415e+00
1.64812800e-06,1.79517522e+00
1.64822800e-06,1.79517629e+00
1.64832800e-06,1.79517735e+00
1.64842800e-06,1.79517842e+00
1.64852800e-06,1.79517949e+00
1.64862800e-06,1.79518056e+00
1.64872800e-06,1.79518163e+00
1.64882800e-06,1.79518269e+00
1.64892800e-06,1.79518376e+00
1.64902800e-06,1.79518483e+00
1.64912800e-06,1.79518590e+00
1.64922800e-06,1.79518696e+00
1.64932800e-06,1.79518803e+00
1.64942800e-06,1.79518909e+00
1.64952800e-06,1.79519016e+00
1.64962800e-06,1.79519123e+00
1.64972800e-06,1.79519229e+00
1.64982800e-06,1.79519336e+00
1.64992800e-06,1.79519442e+00
1.65002800e-06,1.79519549e+00
1.65012800e-06,1.79519655e+00
1.65022800e-06,1.79519762e+00
1.65032800e-06,1.79519868e+00
1.65042800e-06,1.79519974e+00
1.65052800e-06,1.79520081e+00
1.65062800e-06,1.79520187e+00
1.65072800e-06,1.79520293e+00
1.65082800e-06,1.79520400e+00
1.65092800e-06,1.79520506e+00
1.65102800e-06,1.79520612e+00
1.65112800e-06,1.79520718e+00
1.65122800e-06,1.79520825e+00
1.65132800e-06,1.79520931e+00
1.65142800e-06,1.79521037e+00
1.65152800e-06,1.79521143e+00
1.65162800e-06,1.79521249e+00
1.65172800e-06,1.79521355e+00
1.65182800e-06,1.79521461e+00
1.65192800e-06,1.79521567e+00
1.65202800e-06,1.79521673e+00
1.65212800e-06,1.79521779e+00
1.65222800e-06,1.79521885e+00
1.65232800e-06,1.79521991e+00
1.65242800e-06,1.79522096e+00
1.65252800e-06,1.79522202e+00
1.65262800e-06,1.79522308e+00
1.65272800e-06,1.79522414e+00
1.65282800e-06,1.79522519e+00
1.65292800e-06,1.79522625e+00
1.65302800e-06,1.79522731e+00
1.65312800e-06,1.79522836e+00
1.65322800e-06,1.79522942e+00
1.65332800e-06,1.79523047e+00
1.65342800e-06,1.79523153e+00
1.65352800e-06,1.79523258e+00
1.65362800e-06,1.79523363e+00
1.65372800e-06,1.79523469e+00
1.65382800e-06,1.79523574e+00
1.65392800e-06,1.79523679e+00
1.65402800e-06,1.79523785e+00
1.65412800e-06,1.79523890e+00
1.65422800e-06,1.79523995e+00
1.65432800e-06,1.79524100e+00
1.65442800e-06,1.79524205e+00
1.65452800e-06,1.79524310e+00
1.65462800e-06,1.79524415e+00
1.65472800e-06,1.79524520e+00
1.65482800e-06,1.79524625e+00
1.65492800e-06,1.79524730e+00
1.65502800e-06,1.79524835e+00
1.65512800e-06,1.79524939e+00
1.65522800e-06,1.79525044e+00
1.65532800e-06,1.79525149e+00
1.65542800e-06,1.79525253e+00
1.65552800e-06,1.79525358e+00
1.65562800e-06,1.79525462e+00
1.65572800e-06,1.79525567e+00
1.65582800e-06,1.79525671e+00
1.65592800e-06,1.79525776e+00
1.65602800e-06,1.79525880e+00
1.65612800e-06,1.79525984e+00
1.65622800e-06,1.79526089e+00
1.65632800e-06,1.79526193e+00
1.65642800e-06,1.79526297e+00
1.65652800e-06,1.79526401e+00
1.65662800e-06,1.79526505e+00
1.65672800e-06,1.79526609e+00
1.65682800e-06,1.79526713e+00
1.65692800e-06,1.79526817e+00
1.65702800e-06,1.79526921e+00
1.65712800e-06,1.79527025e+00
1.65722800e-06,1.79527128e+00
1.65732800e-06,1.79527232e+00
1.65742800e-06,1.79527336e+00
1.65752800e-06,1.79527439e+00
1.65762800e-06,1.79527543e+00
1.65772800e-06,1.79527646e+00
1.65782800e-06,1.79527750e+00
1.65792800e-06,1.79527853e+00
1.65802800e-06,1.79527957e+00
1.65812800e-06,1.79528060e+00
1.65822800e-06,1.79528163e+00
1.65832800e-06,1.79528266e+00
1.65842800e-06,1.79528369e+00
1.65852800e-06,1.79528472e+00
1.65862800e-06,1.79528575e+00
1.65872800e-06,1.79528678e+00
1.65882800e-06,1.79528781e+00
1.65892800e-06,1.79528884e+00
1.65902800e-06,1.79528986e+00
1.65912800e-06,1.79529089e+00
1.65922800e-06,1.79529192e+00
1.65932800e-06,1.79529294e+00
1.65942800e-06,1.79529397e+00
1.65952800e-06,1.79529499e+00
1.65962800e-06,1.79529601e+00
1.65972800e-06,1.79529704e+00
1.65982800e-06,1.79529806e+00
1.65992800e-06,1.79529908e+00
1.66002800e-06,1.79530010e+00
1.66012800e-06,1.79530112e+00
1.66022800e-06,1.79530214e+00
1.66032800e-06,1.79530316e+00
1.66042800e-06,1.79530418e+00
1.66052800e-06,1.79530520e+00
1.66062800e-06,1.79530621e+00
1.66072800e-06,1.79530723e+00
1.66082800e-06,1.79530825e+00
1.66092800e-06,1.79530926e+00
1.66102800e-06,1.79531028e+00
1.66112800e-06,1.79531129e+00
1.66122800e-06,1.79531230e+00
1.66132800e-06,1.79531331e+00
1.66142800e-06,1.79531433e+00
1.66152800e-06,1.79531534e+00
1.66162800e-06,1.79531635e+00
1.66172800e-06,1.79531736e+00
1.66182800e-06,1.79531837e+00
1.66192800e-06,1.79531937e+00
1.66202800e-06,1.79532038e+00
1.66212800e-06,1.79532139e+00
1.66222800e-06,1.79532239e+00
1.66232800e-06,1.79532340e+00
1.66242800e-06,1.79532440e+00
1.66252800e-06,1.79532541e+00
1.66262800e-06,1.79532641e+00
1.66272800e-06,1.79532741e+00
1.66282800e-06,1.79532841e+00
1.66292800e-06,1.79532941e+00
1.66302800e-06,1.79533041e+00
1.66312800e-06,1.79533141e+00
1.66322800e-06,1.79533241e+00
1.66332800e-06,1.79533341e+00
1.66342800e-06,1.79533440e+00
1.66352800e-06,1.79533540e+00
1.66362800e-06,1.79533639e+00
1.66372800e-06,1.79533739e+00
1.66382800e-06,1.79533838e+00
1.66392800e-06,1.79533937e+00
1.66402800e-06,1.79534037e+00
1.66412800e-06,1.79534136e+00
1.66422800e-06,1.79534235e+00
1.66432800e-06,1.79534334e+00
1.66442800e-06,1.79534432e+00
1.66452800e-06,1.79534531e+00
1.66462800e-06,1.79534630e+00
1.66472800e-06,1.79534728e+00
1.66482800e-06,1.79534827e+00
1.66492800e-06,1.79534925e+00
1.66502800e-06,1.79535024e+00
1.66512800e-06,1.79535122e+00
1.66522800e-06,1.79535220e+00
1.66532800e-06,1.79535318e+00
1.66542800e-06,1.79535416e+00
1.66552800e-06,1.79535514e+00
1.66562800e-06,1.79535612e+00
1.66572800e-06,1.79535710e+00
1.66582800e-06,1.79535807e+00
1.66592800e-06,1.79535905e+00
1.66602800e-06,1.79536002e+00
1.66612800e-06,1.79536100e+00
1.66622800e-06,1.79536197e+00
1.66632800e-06,1.79536294e+00
1.66642800e-06,1.79536391e+00
1.66652800e-06,1.79536488e+00
1.66662800e-06,1.79536585e+00
1.66672800e-06,1.79536682e+00
1.66682800e-06,1.79536778e+00
1.66692800e-06,1.79536875e+00
1.66702800e-06,1.79536972e+00
1.66712800e-06,1.79537068e+00
1.66722800e-06,1.79537164e+00
1.66732800e-06,1.79537261e+00
1.66742800e-06,1.79537357e+00
1.66752800e-06,1.79537453e+00
1.66762800e-06,1.79537549e+00
1.66772800e-06,1.79537645e+00
1.66782800e-06,1.79537740e+00
1.66792800e-06,1.79537836e+00
1.66802800e-06,1.79537932e+00
1.66812800e-06,1.79538027e+00
1.66822800e-06,1.79538122e+00
1.66832800e-06,1.79538218e+00
1.66842800e-06,1.79538313e+00
1.66852800e-06,1.79538408e+00
1.66862800e-06,1.79538503e+00
1.66872800e-06,1.79538598e+00
1.66882800e-06,1.79538692e+00
1.66892800e-06,1.79538787e+00
1.66902800e-06,1.79538882e+00
1.66912800e-06,1.79538976e+00
1.66922800e-06,1.79539070e+00
1.66932800e-06,1.79539165e+00
1.66942800e-06,1.79539259e+00
1.66952800e-06,1.79539353e+00
1.66962800e-06,1.79539447e+00
1.66972800e-06,1.79539540e+00
1.66982800e-06,1.79539634e+00
1.66992800e-06,1.79539728e+00
1.67002800e-06,1.79539821e+00
1.67012800e-06,1.79539915e+00
1.67022800e-06,1.79540008e+00
1.67032800e-06,1.79540101e+00
1.67042800e-06,1.79540194e+00
1.67052800e-06,1.79540287e+00
1.67062800e-06,1.79540380e+00
1.67072800e-06,1.79540473e+00
1.67082800e-06,1.79540565e+00
1.67092800e-06,1.79540658e+00
1.67102800e-06,1.79540750e+00
1.67112800e-06,1.79540842e+00
1.67122800e-06,1.79540934e+00
1.67132800e-06,1.79541026e+00
1.67142800e-06,1.79541118e+00
1.67152800e-06,1.79541210e+00
1.67162800e-06,1.79541302e+00
1.67172800e-06,1.79541393e+00
1.67182800e-06,1.79541485e+00
1.67192800e-06,1.79541576e+00
1.67202800e-06,1.79541668e+00
1.67212800e-06,1.79541759e+00
1.67222800e-06,1.79541850e+00
1.67232800e-06,1.79541941e+00
1.67242800e-06,1.79542031e+00
1.67252800e-06,1.79542122e+00
1.67262800e-06,1.79542212e+00
1.67272800e-06,1.79542303e+00
1.67282800e-06,1.79542393e+00
1.67292800e-06,1.79542483e+00
1.67302800e-06,1.79542573e+00
1.67312800e-06,1.79542663e+00
1.67322800e-06,1.79542753e+00
1.67332800e-06,1.79542843e+00
1.67342800e-06,1.79542932e+00
1.67352800e-06,1.79543022e+00
1.67362800e-06,1.79543111e+00
1.67372800e-06,1.79543200e+00
1.67382800e-06,1.79543289e+00
1.67392800e-06,1.79543378e+00
1.67402800e-06,1.79543467e+00
1.67412800e-06,1.79543556e+00
1.67422800e-06,1.79543644e+00
1.67432800e-06,1.79543733e+00
1.67442800e-06,1.79543821e+00
1.67452800e-06,1.79543909e+00
1.67462800e-06,1.79543997e+00
1.67472800e-06,1.79544085e+00
1.67482800e-06,1.79544173e+00
1.67492800e-06,1.79544261e+00
1.67502800e-06,1.79544348e+00
1.67512800e-06,1.79544436e+00
1.67522800e-06,1.79544523e+00
1.67532800e-06,1.79544610e+00
1.67542800e-06,1.79544697e+00
1.67552800e-06,1.79544784e+00
1.67562800e-06,1.79544871e+00
1.67572800e-06,1.79544957e+00
1.67582800e-06,1.79545044e+00
1.67592800e-06,1.79545130e+00
1.67602800e-06,1.79545216e+00
1.67612800e-06,1.79545302e+00
1.67622800e-06,1.79545388e+00
1.67632800e-06,1.79545474e+00
1.67642800e-06,1.79545560e+00
1.67652800e-06,1.79545645e+00
1.67662800e-06,1.79545731e+00
1.67672800e-06,1.79545816e+00
1.67682800e-06,1.79545901e+00
1.67692800e-06,1.79545986e+00
1.67702800e-06,1.79546071e+00
1.67712800e-06,1.79546155e+00
1.67722800e-06,1.79546240e+00
1.67732800e-06,1.79546324e+00
1.67742800e-06,1.79546409e+00
1.67752800e-06,1.79546493e+00
1.67762800e-06,1.79546577e+00
1.67772800e-06,1.79546661e+00
1.67782800e-06,1.79546744e+00
1.67792800e-06,1.79546828e+00
1.67802800e-06,1.79546911e+00
1.67812800e-06,1.79546995e+00
1.67822800e-06,1.79547078e+00
1.67832800e-06,1.79547161e+00
1.67842800e-06,1.79547243e+00
1.67852800e-06,1.79547326e+00
1.67862800e-06,1.79547409e+00
1.67872800e-06,1.79547491e+00
1.67882800e-06,1.79547573e+00
1.67892800e-06,1.79547655e+00
1.67902800e-06,1.79547737e+00
1.67912800e-06,1.79547819e+00
1.67922800e-06,1.79547901e+00
1.67932800e-06,1.79547982e+00
1.67942800e-06,1.79548064e+00
1.67952800e-06,1.79548145e+00
1.67962800e-06,1.79548226e+00
1.67972800e-06,1.79548307e+00
1.67982800e-06,1.79548388e+00
1.67992800e-06,1.79548468e+00
1.68002800e-06,1.79548549e+00
1.68012800e-06,1.79548629e+00
1.68022800e-06,1.79548709e+00
1.68032800e-06,1.79548789e+00
1.68042800e-06,1.79548869e+00
1.68052800e-06,1.79548949e+00
1.68062800e-06,1.79549028e+00
1.68072800e-06,1.79549108e+00
1.68082800e-06,1.79549187e+00
1.68092800e-06,1.79549266e+00
1.68102800e-06,1.79549345e+00
1.68112800e-06,1.79549423e+00
1.68122800e-06,1.79549502e+00
1.68132800e-06,1.79549580e+00
1.68142800e-06,1.79549659e+00
1.68152800e-06,1.79549737e+00
1.68162800e-06,1.79549815e+00
1.68172800e-06,1.79549893e+00
1.68182800e-06,1.79549970e+00
1.68192800e-06,1.79550048e+00
1.68202800e-06,1.79550125e+00
1.68212800e-06,1.79550202e+00
1.68222800e-06,1.79550279e+00
1.68232800e-06,1.79550356e+00
1.68242800e-06,1.79550432e+00
1.68252800e-06,1.79550509e+00
1.68262800e-06,1.79550585e+00
1.68272800e-06,1.79550661e+00
1.68282800e-06,1.79550737e+00
1.68292800e-06,1.79550813e+00
1.68302800e-06,1.79550889e+00
1.68312800e-06,1.79550964e+00
1.68322800e-06,1.79551040e+00
1.68332800e-06,1.79551115e+00
1.68342800e-06,1.79551190e+00
1.68352800e-06,1.79551265e+00
1.68362800e-06,1.79551339e+00
1.68372800e-06,1.79551414e+00
1.68382800e-06,1.79551488e+00
1.68392800e-06,1.79551562e+00
1.68402800e-06,1.79551636e+00
1.68412800e-06,1.79551710e+00
1.68422800e-06,1.79551784e+00
1.68432800e-06,1.79551857e+00
1.68442800e-06,1.79551930e+00
1.68452800e-06,1.79552003e+00
1.68462800e-06,1.79552076e+00
1.68472800e-06,1.79552149e+00
1.68482800e-06,1.79552222e+00
1.68492800e-06,1.79552294e+00
1.68502800e-06,1.79552366e+00
1.68512800e-06,1.79552438e+00
1.68522800e-06,1.79552510e+00
1.68532800e-06,1.79552582e+00
1.68542800e-06,1.79552653e+00
1.68552800e-06,1.79552725e+00
1.68562800e-06,1.79552796e+00
1.68572800e-06,1.79552867e+00
1.68582800e-06,1.79552938e+00
1.68592800e-06,1.79553008e+00
1.68602800e-06,1.79553079e+00
1.68612800e-06,1.79553149e+00
1.68622800e-06,1.79553219e+00
1.68632800e-06,1.79553289e+00
1.68642800e-06,1.79553359e+00
1.68652800e-06,1.79553428e+00
1.68662800e-06,1.79553498e+00
1.68672800e-06,1.79553567e+00
1.68682800e-06,1.79553636e+00
1.68692800e-06,1.79553705e+00
1.68702800e-06,1.79553773e+00
1.68712800e-06,1.79553842e+00
1.68722800e-06,1.79553910e+00
1.68732800e-06,1.79553978e+00
1.68742800e-06,1.79554046e+00
1.68752800e-06,1.79554114e+00
1.68762800e-06,1.79554181e+00
1.68772800e-06,1.79554248e+00
1.68782800e-06,1.79554315e+00
1.68792800e-06,1.79554382e+00
1.68802800e-06,1.79554449e+00
1.68812800e-06,1.79554516e+00
1.68822800e-06,1.79554582e+00
1.68832800e-06,1.79554648e+00
1.68842800e-06,1.79554714e+00
1.68852800e-06,1.79554780e+00
1.68862800e-06,1.79554846e+00
1.68872800e-06,1.79554911e+00
1.68882800e-06,1.79554976e+00
1.68892800e-06,1.79555041e+00
1.68902800e-06,1.79555106e+00
1.68912800e-06,1.79555171e+00
1.68922800e-06,1.79555235e+00
1.68932800e-06,1.79555299e+00
1.68942800e-06,1.79555363e+00
1.68952800e-06,1.79555427e+00
1.68962800e-06,1.79555491e+00
1.68972800e-06,1.79555554e+00
1.68982800e-06,1.79555618e+00
1.68992800e-06,1.79555681e+00
1.69002800e-06,1.79555743e+00
1.69012800e-06,1.79555806e+00
1.69022800e-06,1.79555869e+00
1.69032800e-06,1.79555931e+00
1.69042800e-06,1.79555993e+00
1.69052800e-06,1.79556055e+00
1.69062800e-06,1.79556116e+00
1.69072800e-06,1.79556178e+00
1.69082800e-06,1.79556239e+00
1.69092800e-06,1.79556300e+00
1.69102800e-06,1.79556361e+00
1.69112800e-06,1.79556421e+00
1.69122800e-06,1.79556482e+00
1.69132800e-06,1.79556542e+00
1.69142800e-06,1.79556602e+00
1.69152800e-06,1.79556662e+00
1.69162800e-06,1.79556722e+00
1.69172800e-06,1.79556781e+00
1.69182800e-06,1.79556840e+00
1.69192800e-06,1.79556899e+00
1.69202800e-06,1.79556958e+00
1.69212800e-06,1.79557016e+00
1.69222800e-06,1.79557075e+00
1.69232800e-06,1.79557133e+00
1.69242800e-06,1.79557191e+00
1.69252800e-06,1.79557249e+00
1.69262800e-06,1.79557306e+00
1.69272800e-06,1.79557363e+00
1.69282800e-06,1.79557420e+00
1.69292800e-06,1.79557477e+00
1.69302800e-06,1.79557534e+00
1.69312800e-06,1.79557590e+00
1.69322800e-06,1.79557647e+00
1.69332800e-06,1.79557703e+00
1.69342800e-06,1.79557758e+00
1.69352800e-06,1.79557814e+00
1.69362800e-06,1.79557869e+00
1.69372800e-06,1.79557924e+00
1.69382800e-06,1.79557979e+00
1.69392800e-06,1.79558034e+00
1.69402800e-06,1.79558089e+00
1.69412800e-06,1.79558143e+00
1.69422800e-06,1.79558197e+00
1.69432800e-06,1.79558251e+00
1.69442800e-06,1.79558304e+00
1.69452800e-06,1.79558358e+00
1.69462800e-06,1.79558411e+00
1.69472800e-06,1.79558464e+00
1.69482800e-06,1.79558517e+00
1.69492800e-06,1.79558569e+00
1.69502800e-06,1.79558621e+00
1.69512800e-06,1.79558674e+00
1.69522800e-06,1.79558725e+00
1.69532800e-06,1.79558777e+00
1.69542800e-06,1.79558828e+00
1.69552800e-06,1.79558880e+00
1.69562800e-06,1.79558930e+00
1.69572800e-06,1.79558981e+00
1.69582800e-06,1.79559032e+00
1.69592800e-06,1.79559082e+00
1.69602800e-06,1.79559132e+00
1.69612800e-06,1.79559182e+00
1.69622800e-06,1.79559231e+00
1.69632800e-06,1.79559281e+00
1.69642800e-06,1.79559330e+00
1.69652800e-06,1.79559379e+00
1.69662800e-06,1.79559427e+00
1.69672800e-06,1.79559476e+00
1.69682800e-06,1.79559524e+00
1.69692800e-06,1.79559572e+00
1.69702800e-06,1.79559620e+00
1.69712800e-06,1.79559667e+00
1.69722800e-06,1.79559714e+00
1.69732800e-06,1.79559761e+00
1.69742800e-06,1.79559808e+00
1.69752800e-06,1.79559855e+00
1.69762800e-06,1.79559901e+00
1.69772800e-06,1.79559947e+00
1.69782800e-06,1.79559993e+00
1.69792800e-06,1.79560039e+00
1.69802800e-06,1.79560084e+00
1.69812800e-06,1.79560129e+00
1.69822800e-06,1.79560174e+00
1.69832800e-06,1.79560219e+00
1.69842800e-06,1.79560263e+00
1.69852800e-06,1.79560307e+00
1.69862800e-06,1.79560351e+00
1.69872800e-06,1.79560395e+00
1.69882800e-06,1.79560438e+00
1.69892800e-06,1.79560482e+00
1.69902800e-06,1.79560525e+00
1.69912800e-06,1.79560567e+00
1.69922800e-06,1.79560610e+00
1.69932800e-06,1.79560652e+00
1.69942800e-06,1.79560694e+00
1.69952800e-06,1.79560736e+00
1.69962800e-06,1.79560777e+00
1.69972800e-06,1.79560819e+00
1.69982800e-06,1.79560860e+00
1.69992800e-06,1.79560900e+00
1.70002800e-06,1.79560941e+00
1.70012800e-06,1.79560981e+00
1.70022800e-06,1.79561021e+00
1.70032800e-06,1.79561061e+00
1.70042800e-06,1.79561100e+00
1.70052800e-06,1.79561140e+00
1.70062800e-06,1.79561179e+00
1.70072800e-06,1.79561217e+00
1.70082800e-06,1.79561256e+00
1.70092800e-06,1.79561294e+00
1.70102800e-06,1.79561332e+00
1.70112800e-06,1.79561370e+00
1.70122800e-06,1.79561408e+00
1.70132800e-06,1.79561445e+00
1.70142800e-06,1.79561482e+00
1.70152800e-06,1.79561519e+00
1.70162800e-06,1.79561555e+00
1.70172800e-06,1.79561591e+00
1.70182800e-06,1.79561627e+00
1.70192800e-06,1.79561663e+00
1.70202800e-06,1.79561699e+00
1.70212800e-06,1.79561734e+00
1.70222800e-06,1.79561769e+00
1.70232800e-06,1.79561803e+00
1.70242800e-06,1.79561838e+00
1.70252800e-06,1.79561872e+00
1.70262800e-06,1.79561906e+00
1.70272800e-06,1.79561940e+00
1.70282800e-06,1.79561973e+00
1.70292800e-06,1.79562006e+00
1.70302800e-06,1.79562039e+00
1.70312800e-06,1.79562072e+00
1.70322800e-06,1.79562104e+00
1.70332800e-06,1.79562136e+00
1.70342800e-06,1.79562168e+00
1.70352800e-06,1.79562199e+00
1.70362800e-06,1.79562231e+00
1.70372800e-06,1.79562262e+00
1.70382800e-06,1.79562292e+00
1.70392800e-06,1.79562323e+00
1.70402800e-06,1.79562353e+00
1.70412800e-06,1.79562383e+00
1.70422800e-06,1.79562413e+00
1.70432800e-06,1.79562442e+00
1.70442800e-06,1.79562471e+00
1.70452800e-06,1.79562500e+00
1.70462800e-06,1.79562529e+00
1.70472800e-06,1.79562557e+00
1.70482800e-06,1.79562585e+00
1.70492800e-06,1.79562613e+00
1.70502800e-06,1.79562641e+00
1.70512800e-06,1.79562668e+00
1.70522800e-06,1.79562695e+00
1.70532800e-06,1.79562721e+00
1.70542800e-06,1.79562748e+00
1.70552800e-06,1.79562774e+00
1.70562800e-06,1.79562800e+00
1.70572800e-06,1.79562825e+00
1.70582800e-06,1.79562851e+00
1.70592800e-06,1.79562876e+00
1.70602800e-06,1.79562901e+00
1.70612800e-06,1.79562925e+00
1.70622800e-06,1.79562949e+00
1.70632800e-06,1.79562973e+00
1.70642800e-06,1.79562997e+00
1.70652800e-06,1.79563020e+00
1.70662800e-06,1.79563043e+00
1.70672800e-06,1.79563066e+00
1.70682800e-06,1.79563089e+00
1.70692800e-06,1.79563111e+00
1.70702800e-06,1.79563133e+00
1.70712800e-06,1.79563155e+00
1.70722800e-06,1.79563176e+00
1.70732800e-06,1.79563197e+00
1.70742800e-06,1.79563218e+00
1.70752800e-06,1.79563239e+00
1.70762800e-06,1.79563259e+00
1.70772800e-06,1.79563279e+00
1.70782800e-06,1.79563298e+00
1.70792800e-06,1.79563318e+00
1.70802800e-06,1.79563337e+00
1.70812800e-06,1.79563356e+00
1.70822800e-06,1.79563374e+00
1.70832800e-06,1.79563393e+00
1.70842800e-06,1.79563411e+00
1.70852800e-06,1.79563428e+00
1.70862800e-06,1.79563446e+00
1.70872800e-06,1.79563463e+00
1.70882800e-06,1.79563479e+00
1.70892800e-06,1.79563496e+00
1.70902800e-06,1.79563512e+00
1.70912800e-06,1.79563528e+00
1.70922800e-06,1.79563544e+00
1.70932800e-06,1.79563559e+00
1.70942800e-06,1.79563574e+00
1.70952800e-06,1.79563589e+00
1.70962800e-06,1.79563603e+00
1.70972800e-06,1.79563617e+00
1.70982800e-06,1.79563631e+00
1.70992800e-06,1.79563645e+00
1.71002800e-06,1.79563658e+00
1.71012800e-06,1.79563671e+00
1.71022800e-06,1.79563684e+00
1.71032800e-06,1.79563696e+00
1.71042800e-06,1.79563708e+00
1.71052800e-06,1.79563720e+00
1.71062800e-06,1.79563731e+00
1.71072800e-06,1.79563742e+00
1.71082800e-06,1.79563753e+00
1.71092800e-06,1.79563764e+00
1.71102800e-06,1.79563774e+00
1.71112800e-06,1.79563784e+00
1.71122800e-06,1.79563793e+00
1.71132800e-06,1.79563803e+00
1.71142800e-06,1.79563812e+00
1.71152800e-06,1.79563820e+00
1.71162800e-06,1.79563829e+00
1.71172800e-06,1.79563837e+00
1.71182800e-06,1.79563845e+00
1.71192800e-06,1.79563852e+00
1.71202800e-06,1.79563859e+00
1.71212800e-06,1.79563866e+00
1.71222800e-06,1.79563873e+00
1.71232800e-06,1.79563879e+00
1.71242800e-06,1.79563885e+00
1.71252800e-06,1.79563891e+00
1.71262800e-06,1.79563896e+00
1.71272800e-06,1.79563901e+00
1.71282800e-06,1.79563906e+00
1.71292800e-06,1.79563910e+00
1.71302800e-06,1.79563914e+00
1.71312800e-06,1.79563918e+00
1.71322800e-06,1.79563921e+00
1.71332800e-06,1.79563924e+00
1.71342800e-06,1.79563927e+00
1.71352800e-06,1.79563930e+00
1.71362800e-06,1.79563932e+00
1.71372800e-06,1.79563934e+00
1.71382800e-06,1.79563935e+00
1.71392800e-06,1.79563936e+00
1.71402800e-06,1.79563937e+00
1.71412800e-06,1.79563938e+00
1.71422800e-06,1.79563938e+00
1.71432800e-06,1.79563938e+00
1.71442800e-06,1.79563937e+00
1.71452800e-06,1.79563937e+00
1.71462800e-06,1.79563936e+00
1.71472800e-06,1.79563934e+00
1.71482800e-06,1.79563933e+00
1.71492800e-06,1.79563931e+00
1.71502800e-06,1.79563928e+00
1.71512800e-06,1.79563926e+00
1.71522800e-06,1.79563923e+00
1.71532800e-06,1.79563919e+00
1.71542800e-06,1.79563916e+00
1.71552800e-06,1.79563912e+00
1.71562800e-06,1.79563907e+00
1.71572800e-06,1.79563903e+00
1.71582800e-06,1.79563898e+00
1.71592800e-06,1.79563892e+00
1.71602800e-06,1.79563887e+00
1.71612800e-06,1.79563881e+00
1.71622800e-06,1.79563874e+00
1.71632800e-06,1.79563868e+00
1.71642800e-06,1.79563861e+00
1.71652800e-06,1.79563854e+00
1.71662800e-06,1.79563846e+00
1.71672800e-06,1.79563838e+00
1.71682800e-06,1.79563830e+00
1.71692800e-06,1.79563821e+00
1.71702800e-06,1.79563812e+00
1.71712800e-06,1.79563803e+00
1.71722800e-06,1.79563793e+00
1.71732800e-06,1.79563783e+00
1.71742800e-06,1.79563773e+00
1.71752800e-06,1.79563762e+00
1.71762800e-06,1.79563751e+00
1.71772800e-06,1.79563740e+00
1.71782800e-06,1.79563728e+00
1.71792800e-06,1.79563716e+00
1.71802800e-06,1.79563704e+00
1.71812800e-06,1.79563691e+00
1.71822800e-06,1.79563678e+00
1.71832800e-06,1.79563665e+00
1.71842800e-06,1.79563651e+00
1.71852800e-06,1.79563637e+00
1.71862800e-06,1.79563622e+00
1.71872800e-06,1.79563608e+00
1.71882800e-06,1.79563593e+00
1.71892800e-06,1.79563577e+00
1.71902800e-06,1.79563561e+00
1.71912800e-06,1.79563545e+00
1.71922800e-06,1.79563529e+00
1.71932800e-06,1.79563512e+00
1.71942800e-06,1.79563495e+00
1.71952800e-06,1.79563477e+00
1.71962800e-06,1.79563459e+00
1.71972800e-06,1.79563441e+00
1.71982800e-06,1.79563422e+00
1.71992800e-06,1.79563403e+00
1.72002800e-06,1.79563384e+00
1.72012800e-06,1.79563364e+00
1.72022800e-06,1.79563344e+00
1.72032800e-06,1.79563324e+00
1.72042800e-06,1.79563303e+00
1.72052800e-06,1.79563282e+00
1.72062800e-06,1.79563260e+00
1.72072800e-06,1.79563239e+00
1.72082800e-06,1.79563217e+00
1.72092800e-06,1.79563194e+00
1.72102800e-06,1.79563171e+00
1.72112800e-06,1.79563148e+00
1.72122800e-06,1.79563124e+00
1.72132800e-06,1.79563100e+00
1.72142800e-06,1.79563076e+00
1.72152800e-06,1.79563051e+00
1.72162800e-06,1.79563026e+00
1.72172800e-06,1.79563001e+00
1.72182800e-06,1.79562975e+00
1.72192800e-06,1.79562949e+00
1.72202800e-06,1.79562922e+00
1.72212800e-06,1.79562895e+00
1.72222800e-06,1.79562868e+00
1.72232800e-06,1.79562841e+00
1.72242800e-06,1.79562813e+00
1.72252800e-06,1.79562784e+00
1.72262800e-06,1.79562756e+00
1.72272800e-06,1.79562726e+00
1.72282800e-06,1.79562697e+00
1.72292800e-06,1.79562667e+00
1.72302800e-06,1.79562637e+00
1.72312800e-06,1.79562606e+00
1.72322800e-06,1.79562575e+00
1.72332800e-06,1.79562544e+00
1.72342800e-06,1.79562512e+00
1.72352800e-06,1.79562480e+00
1.72362800e-06,1.79562448e+00
1.72372800e-06,1.79562415e+00
1.72382800e-06,1.79562382e+00
1.72392800e-06,1.79562348e+00
1.72402800e-06,1.79562314e+00
1.72412800e-06,1.79562280e+00
1.72422800e-06,1.79562245e+00
1.72432800e-06,1.79562210e+00
1.72442800e-06,1.79562175e+00
1.72452800e-06,1.79562139e+00
1.72462800e-06,1.79562103e+00
1.72472800e-06,1.79562066e+00
1.72482800e-06,1.79562029e+00
1.72492800e-06,1.79561992e+00
1.72502800e-06,1.79561954e+00
1.72512800e-06,1.79561916e+00
1.72522800e-06,1.79561877e+00
1.72532800e-06,1.79561839e+00
1.72542800e-06,1.79561799e+00
1.72552800e-06,1.79561760e+00
1.72562800e-06,1.79561720e+00
1.72572800e-06,1.79561679e+00
1.72582800e-06,1.79561638e+00
1.72592800e-06,1.79561597e+00
1.72602800e-06,1.79561555e+00
1.72612800e-06,1.79561513e+00
1.72622800e-06,1.79561471e+00
1.72632800e-06,1.79561428e+00
1.72642800e-06,1.79561385e+00
1.72652800e-06,1.79561341e+00
1.72662800e-06,1.79561298e+00
1.72672800e-06,1.79561253e+00
1.72682800e-06,1.79561208e+00
1.72692800e-06,1.79561163e+00
1.72702800e-06,1.79561118e+00
1.72712800e-06,1.79561072e+00
1.72722800e-06,1.79561025e+00
1.72732800e-06,1.79560979e+00
1.72742800e-06,1.79560932e+00
1.72752800e-06,1.79560884e+00
1.72762800e-06,1.79560836e+00
1.72772800e-06,1.79560788e+00
1.72782800e-06,1.79560739e+00
1.72792800e-06,1.79560690e+00
1.72802800e-06,1.79560640e+00
1.72812800e-06,1.79560590e+00
1.72822800e-06,1.79560540e+00
1.72832800e-06,1.79560489e+00
1.72842800e-06,1.79560438e+00
1.72852800e-06,1.79560387e+00
1.72862800e-06,1.79560335e+00
1.72872800e-06,1.79560282e+00
1.72882800e-06,1.79560230e+00
1.72892800e-06,1.79560176e+00
1.72902800e-06,1.79560123e+00
1.72912800e-06,1.79560069e+00
1.72922800e-06,1.79560014e+00
1.72932800e-06,1.79559959e+00
1.72942800e-06,1.79559904e+00
1.72952800e-06,1.79559849e+00
1.72962800e-06,1.79559793e+00
1.72972800e-06,1.79559736e+00
1.72982800e-06,1.79559679e+00
1.72992800e-06,1.79559622e+00
1.73002800e-06,1.79559564e+00
1.73012800e-06,1.79559506e+00
1.73022800e-06,1.79559447e+00
1.73032800e-06,1.79559389e+00
1.73042800e-06,1.79559329e+00
1.73052800e-06,1.79559269e+00
1.73062800e-06,1.79559209e+00
1.73072800e-06,1.79559148e+00
1.73082800e-06,1.79559087e+00
1.73092800e-06,1.79559026e+00
1.73102800e-06,1.79558964e+00
1.73112800e-06,1.79558902e+00
1.73122800e-06,1.79558839e+00
1.73132800e-06,1.79558776e+00
1.73142800e-06,1.79558712e+00
1.73152800e-06,1.79558648e+00
1.73162800e-06,1.79558584e+00
1.73172800e-06,1.79558519e+00
1.73182800e-06,1.79558454e+00
1.73192800e-06,1.79558388e+00
1.73202800e-06,1.79558322e+00
1.73212800e-06,1.79558255e+00
1.73222800e-06,1.79558188e+00
1.73232800e-06,1.79558121e+00
1.73242800e-06,1.79558053e+00
1.73252800e-06,1.79557984e+00
1.73262800e-06,1.79557916e+00
1.73272800e-06,1.79557846e+00
1.73282800e-06,1.79557777e+00
1.73292800e-06,1.79557707e+00
1.73302800e-06,1.79557636e+00
1.73312800e-06,1.79557565e+00
1.73322800e-06,1.79557494e+00
1.73332800e-06,1.79557422e+00
1.73342800e-06,1.79557350e+00
1.73352800e-06,1.79557277e+00
1.73362800e-06,1.79557204e+00
1.73372800e-06,1.79557131e+00
1.73382800e-06,1.79557057e+00
1.73392800e-06,1.79556982e+00
1.73402800e-06,1.79556907e+00
1.73412800e-06,1.79556832e+00
1.73422800e-06,1.79556756e+00
1.73432800e-06,1.79556680e+00
1.73442800e-06,1.79556604e+00
1.73452800e-06,1.79556526e+00
1.73462800e-06,1.79556449e+00
1.73472800e-06,1.79556371e+00
1.73482800e-06,1.79556292e+00
1.73492800e-06,1.79556214e+00
1.73502800e-06,1.79556134e+00
1.73512800e-06,1.79556054e+00
1.73522800e-06,1.79555974e+00
1.73532800e-06,1.79555894e+00
1.73542800e-06,1.79555812e+00
1.73552800e-06,1.79555731e+00
1.73562800e-06,1.79555649e+00
1.73572800e-06,1.79555566e+00
1.73582800e-06,1.79555483e+00
1.73592800e-06,1.79555400e+00
1.73602800e-06,1.79555316e+00
1.73612800e-06,1.79555232e+00
1.73622800e-06,1.79555147e+00
1.73632800e-06,1.79555062e+00
1.73642800e-06,1.79554976e+00
1.73652800e-06,1.79554890e+00
1.73662800e-06,1.79554803e+00
1.73672800e-06,1.79554716e+00
1.73682800e-06,1.79554629e+00
1.73692800e-06,1.79554541e+00
1.73702800e-06,1.79554452e+00
1.73712800e-06,1.79554363e+00
1.73722800e-06,1.79554274e+00
1.73732800e-06,1.79554184e+00
1.73742800e-06,1.79554094e+00
1.73752800e-06,1.79554003e+00
1.73762800e-06,1.79553912e+00
1.73772800e-06,1.79553820e+00
1.73782800e-06,1.79553728e+00
1.73792800e-06,1.79553635e+00
1.73802800e-06,1.79553542e+00
1.73812800e-06,1.79553448e+00
1.73822800e-06,1.79553354e+00
1.73832800e-06,1.79553260e+00
1.73842800e-06,1.79553165e+00
1.73852800e-06,1.79553069e+00
1.73862800e-06,1.79552973e+00
1.73872800e-06,1.79552877e+00
1.73882800e-06,1.79552780e+00
1.73892800e-06,1.79552682e+00
1.73902800e-06,1.79552584e+00
1.73912800e-06,1.79552486e+00
1.73922800e-06,1.79552387e+00
1.73932800e-06,1.79552288e+00
1.73942800e-06,1.79552188e+00
1.73952800e-06,1.79552088e+00
1.73962800e-06,1.79551987e+00
1.73972800e-06,1.79551886e+00
1.73982800e-06,1.79551784e+00
1.73992800e-06,1.79551682e+00
1.74002800e-06,1.79551579e+00
1.74012800e-06,1.79551476e+00
1.74022800e-06,1.79551372e+00
1.74032800e-06,1.79551268e+00
1.74042800e-06,1.79551163e+00
1.74052800e-06,1.79551058e+00
1.74062800e-06,1.79550952e+00
1.74072800e-06,1.79550846e+00
1.74082800e-06,1.79550740e+00
1.74092800e-06,1.79550632e+00
1.74102800e-06,1.79550525e+00
1.74112800e-06,1.79550417e+00
1.74122800e-06,1.79550308e+00
1.74132800e-06,1.79550199e+00
1.74142800e-06,1.79550089e+00
1.74152800e-06,1.79549979e+00
1.74162800e-06,1.79549869e+00
1.74172800e-06,1.79549758e+00
1.74182800e-06,1.79549646e+00
1.74192800e-06,1.79549534e+00
1.74202800e-06,1.79549421e+00
1.74212800e-06,1.79549308e+00
1.74222800e-06,1.79549194e+00
1.74232800e-06,1.79549080e+00
1.74242800e-06,1.79548966e+00
1.74252800e-06,1.79548851e+00
1.74262800e-06,1.79548735e+00
1.74272800e-06,1.79548619e+00
1.74282800e-06,1.79548502e+00
1.74292800e-06,1.79548385e+00
1.74302800e-06,1.79548267e+00
1.74312800e-06,1.79548149e+00
1.74322800e-06,1.79548030e+00
1.74332800e-06,1.79547911e+00
1.74342800e-06,1.79547792e+00
1.74352800e-06,1.79547671e+00
1.74362800e-06,1.79547551e+00
1.74372800e-06,1.79547429e+00
1.74382800e-06,1.79547308e+00
1.74392800e-06,1.79547185e+00
1.74402800e-06,1.79547062e+00
1.74412800e-06,1.79546939e+00
1.74422800e-06,1.79546815e+00
1.74432800e-06,1.79546691e+00
1.74442800e-06,1.79546566e+00
1.74452800e-06,1.79546441e+00
1.74462800e-06,1.79546315e+00
1.74472800e-06,1.79546188e+00
1.74482800e-06,1.79546061e+00
1.74492800e-06,1.79545934e+00
1.74502800e-06,1.79545806e+00
1.74512800e-06,1.79545677e+00
1.74522800e-06,1.79545548e+00
1.74532800e-06,1.79545418e+00
1.74542800e-06,1.79545288e+00
1.74552800e-06,1.79545158e+00
1.74562800e-06,1.79545026e+00
1.74572800e-06,1.79544895e+00
1.74582800e-06,1.79544762e+00
1.74592800e-06,1.79544630e+00
1.74602800e-06,1.79544496e+00
1.74612800e-06,1.79544362e+00
1.74622800e-06,1.79544228e+00
1.74632800e-06,1.79544093e+00
1.74642800e-06,1.79543958e+00
1.74652800e-06,1.79543822e+00
1.74662800e-06,1.79543685e+00
1.74672800e-06,1.79543548e+00
1.74682800e-06,1.79543410e+00
1.74692800e-06,1.79543272e+00
1.74702800e-06,1.79543133e+00
1.74712800e-06,1.79542994e+00
1.74722800e-06,1.79542854e+00
1.74732800e-06,1.79542714e+00
1.74742800e-06,1.79542573e+00
1.74752800e-06,1.79542431e+00
1.74762800e-06,1.79542289e+00
1.74772800e-06,1.79542147e+00
1.74782800e-06,1.79542004e+00
1.74792800e-06,1.79541860e+00
1.74802800e-06,1.79541716e+00
1.74812800e-06,1.79541571e+00
1.74822800e-06,1.79541426e+00
1.74832800e-06,1.79541280e+00
1.74842800e-06,1.79541134e+00
1.74852800e-06,1.79540987e+00
1.74862800e-06,1.79540839e+00
1.74872800e-06,1.79540691e+00
1.74882800e-06,1.79540542e+00
1.74892800e-06,1.79540393e+00
1.74902800e-06,1.79540243e+00
1.74912800e-06,1.79540093e+00
1.74922800e-06,1.79539942e+00
1.74932800e-06,1.79539791e+00
1.74942800e-06,1.79539639e+00
1.74952800e-06,1.79539486e+00
1.74962800e-06,1.79539333e+00
1.74972800e-06,1.79539179e+00
1.74982800e-06,1.79539025e+00
1.74992800e-06,1.79538870e+00
1.75002800e-06,1.79538714e+00
1.75012800e-06,1.79538558e+00
1.75022800e-06,1.79538402e+00
1.75032800e-06,1.79538245e+00
1.75042800e-06,1.79538087e+00
1.75052800e-06,1.79537929e+00
1.75062800e-06,1.79537770e+00
1.75072800e-06,1.79537610e+00
1.75082800e-06,1.79537450e+00
1.75092800e-06,1.79537290e+00
1.75102800e-06,1.79537129e+00
1.75112800e-06,1.79536967e+00
1.75122800e-06,1.79536804e+00
1.75132800e-06,1.79536642e+00
1.75142800e-06,1.79536478e+00
1.75152800e-06,1.79536314e+00
1.75162800e-06,1.79536149e+00
1.75172800e-06,1.79535984e+00
1.75182800e-06,1.79535818e+00
1.75192800e-06,1.79535652e+00
1.75202800e-06,1.79535485e+00
1.75212800e-06,1.79535317e+00
1.75222800e-06,1.79535149e+00
1.75232800e-06,1.79534980e+00
1.75242800e-06,1.79534811e+00
1.75252800e-06,1.79534641e+00
1.75262800e-06,1.79534470e+00
1.75272800e-06,1.79534299e+00
1.75282800e-06,1.79534127e+00
1.75292800e-06,1.79533955e+00
1.75302800e-06,1.79533782e+00
1.75312800e-06,1.79533608e+00
1.75322800e-06,1.79533434e+00
1.75332800e-06,1.79533259e+00
1.75342800e-06,1.79533084e+00
1.75352800e-06,1.79532908e+00
1.75362800e-06,1.79532732e+00
1.75372800e-06,1.79532554e+00
1.75382800e-06,1.79532377e+00
1.75392800e-06,1.79532198e+00
1.75402800e-06,1.79532019e+00
1.75412800e-06,1.79531840e+00
1.75422800e-06,1.79531659e+00
1.75432800e-06,1.79531479e+00
1.75442800e-06,1.79531297e+00
1.75452800e-06,1.79531115e+00
1.75462800e-06,1.79530932e+00
1.75472800e-06,1.79530749e+00
1.75482800e-06,1.79530565e+00
1.75492800e-06,1.79530381e+00
1.75502800e-06,1.79530196e+00
1.75512800e-06,1.79530010e+00
1.75522800e-06,1.79529823e+00
1.75532800e-06,1.79529637e+00
1.75542800e-06,1.79529449e+00
1.75552800e-06,1.79529261e+00
1.75562800e-06,1.79529072e+00
1.75572800e-06,1.79528882e+00
1.75582800e-06,1.79528692e+00
1.75592800e-06,1.79528502e+00
1.75602800e-06,1.79528310e+00
1.75612800e-06,1.79528118e+00
1.75622800e-06,1.79527926e+00
1.75632800e-06,1.79527732e+00
1.75642800e-06,1.79527538e+00
1.75652800e-06,1.79527344e+00
1.75662800e-06,1.79527149e+00
1.75672800e-06,1.79526953e+00
1.75682800e-06,1.79526757e+00
1.75692800e-06,1.79526560e+00
1.75702800e-06,1.79526362e+00
1.75712800e-06,1.79526163e+00
1.75722800e-06,1.79525965e+00
1.75732800e-06,1.79525765e+00
1.75742800e-06,1.79525565e+00
1.75752800e-06,1.79525364e+00
1.75762800e-06,1.79525162e+00
1.75772800e-06,1.79524960e+00
1.75782800e-06,1.79524757e+00
1.75792800e-06,1.79524554e+00
1.75802800e-06,1.79524350e+00
1.75812800e-06,1.79524145e+00
1.75822800e-06,1.79523939e+00
1.75832800e-06,1.79523733e+00
1.75842800e-06,1.79523527e+00
1.75852800e-06,1.79523319e+00
1.75862800e-06,1.79523111e+00
1.75872800e-06,1.79522902e+00
1.75882800e-06,1.79522693e+00
1.75892800e-06,1.79522483e+00
1.75902800e-06,1.79522272e+00
1.75912800e-06,1.79522061e+00
1.75922800e-06,1.79521849e+00
1.75932800e-06,1.79521636e+00
1.75942800e-06,1.79521423e+00
1.75952800e-06,1.79521209e+00
1.75962800e-06,1.79520994e+00
1.75972800e-06,1.79520779e+00
1.75982800e-06,1.79520563e+00
1.75992800e-06,1.79520346e+00
1.76002800e-06,1.79520129e+00
1.76012800e-06,1.79519911e+00
1.76022800e-06,1.79519692e+00
1.76032800e-06,1.79519473e+00
1.76042800e-06,1.79519253e+00
1.76052800e-06,1.79519032e+00
1.76062800e-06,1.79518811e+00
1.76072800e-06,1.79518589e+00
1.76082800e-06,1.79518366e+00
1.76092800e-06,1.79518143e+00
1.76102800e-06,1.79517919e+00
1.76112800e-06,1.79517694e+00
1.76122800e-06,1.79517468e+00
1.76132800e-06,1.79517242e+00
1.76142800e-06,1.79517016e+00
1.76152800e-06,1.79516788e+00
1.76162800e-06,1.79516560e+00
1.76172800e-06,1.79516331e+00
1.76182800e-06,1.79516101e+00
1.76192800e-06,1.79515871e+00
1.76202800e-06,1.79515640e+00
1.76212800e-06,1.79515408e+00
1.76222800e-06,1.79515176e+00
1.76232800e-06,1.79514943e+00
1.76242800e-06,1.79514709e+00
1.76252800e-06,1.79514475e+00
1.76262800e-06,1.79514240e+00
1.76272800e-06,1.79514004e+00
1.76282800e-06,1.79513767e+00
1.76292800e-06,1.79513530e+00
1.76302800e-06,1.79513292e+00
1.76312800e-06,1.79513053e+00
1.76322800e-06,1.79512814e+00
1.76332800e-06,1.79512574e+00
1.76342800e-06,1.79512333e+00
1.76352800e-06,1.79512092e+00
1.76362800e-06,1.79511849e+00
1.76372800e-06,1.79511606e+00
1.76382800e-06,1.79511363e+00
1.76392800e-06,1.79511118e+00
1.76402800e-06,1.79510873e+00
1.76412800e-06,1.79510628e+00
1.76422800e-06,1.79510381e+00
1.76432800e-06,1.79510134e+00
1.76442800e-06,1.79509886e+00
1.76452800e-06,1.79509637e+00
1.76462800e-06,1.79509388e+00
1.76472800e-06,1.79509138e+00
1.76482800e-06,1.79508887e+00
1.76492800e-06,1.79508635e+00
1.76502800e-06,1.79508383e+00
1.76512800e-06,1.79508130e+00
1.76522800e-06,1.79507876e+00
1.76532800e-06,1.79507622e+00
1.76542800e-06,1.79507367e+00
1.76552800e-06,1.79507111e+00
1.76562800e-06,1.79506854e+00
1.76572800e-06,1.79506596e+00
1.76582800e-06,1.79506338e+00
1.76592800e-06,1.79506079e+00
1.76602800e-06,1.79505820e+00
1.76612800e-06,1.79505559e+00
1.76622800e-06,1.79505298e+00
1.76632800e-06,1.79505036e+00
1.76642800e-06,1.79504774e+00
1.76652800e-06,1.79504510e+00
1.76662800e-06,1.79504246e+00
1.76672800e-06,1.79503981e+00
1.76682800e-06,1.79503716e+00
1.76692800e-06,1.79503449e+00
1.76702800e-06,1.79503182e+00
1.76712800e-06,1.79502914e+00
1.76722800e-06,1.79502646e+00
1.76732800e-06,1.79502376e+00
1.76742800e-06,1.79502106e+00
1.76752800e-06,1.79501835e+00
1.76762800e-06,1.79501564e+00
1.76772800e-06,1.79501291e+00
1.76782800e-06,1.79501018e+00
1.76792800e-06,1.79500744e+00
1.76802800e-06,1.79500469e+00
1.76812800e-06,1.79500194e+00
1.76822800e-06,1.79499918e+00
1.76832800e-06,1.79499641e+00
1.76842800e-06,1.79499363e+00
1.76852800e-06,1.79499084e+00
1.76862800e-06,1.79498805e+00
1.76872800e-06,1.79498525e+00
1.76882800e-06,1.79498244e+00
1.76892800e-06,1.79497962e+00
1.76902800e-06,1.79497680e+00
1.76912800e-06,1.79497396e+00
1.76922800e-06,1.79497112e+00
1.76932800e-06,1.79496828e+00
1.76942800e-06,1.79496542e+00
1.76952800e-06,1.79496256e+00
1.76962800e-06,1.79495968e+00
1.76972800e-06,1.79495681e+00
1.76982800e-06,1.79495392e+00
1.76992800e-06,1.79495102e+00
1.77002800e-06,1.79494812e+00
1.77012800e-06,1.79494521e+00
1.77022800e-06,1.79494229e+00
1.77032800e-06,1.79493936e+00
1.77042800e-06,1.79493643e+00
1.77052800e-06,1.79493348e+00
1.77062800e-06,1.79493053e+00
1.77072800e-06,1.79492757e+00
1.77082800e-06,1.79492461e+00
1.77092800e-06,1.79492163e+00
1.77102800e-06,1.79491865e+00
1.77112800e-06,1.79491566e+00
1.77122800e-06,1.79491266e+00
1.77132800e-06,1.79490965e+00
1.77142800e-06,1.79490664e+00
1.77152800e-06,1.79490361e+00
1.77162800e-06,1.79490058e+00
1.77172800e-06,1.79489754e+00
1.77182800e-06,1.79489449e+00
1.77192800e-06,1.79489144e+00
1.77202800e-06,1.79488837e+00
1.77212800e-06,1.79488530e+00
1.77222800e-06,1.79488222e+00
1.77232800e-06,1.79487913e+00
1.77242800e-06,1.79487603e+00
1.77252800e-06,1.79487293e+00
1.77262800e-06,1.79486981e+00
1.77272800e-06,1.79486669e+00
1.77282800e-06,1.79486356e+00
1.77292800e-06,1.79486042e+00
1.77302800e-06,1.79485727e+00
1.77312800e-06,1.79485412e+00
1.77322800e-06,1.79485095e+00
1.77332800e-06,1.79484778e+00
1.77342800e-06,1.79484460e+00
1.77352800e-06,1.79484141e+00
1.77362800e-06,1.79483821e+00
1.77372800e-06,1.79483501e+00
1.77382800e-06,1.79483179e+00
1.77392800e-06,1.79482857e+00
1.77402800e-06,1.79482534e+00
1.77412800e-06,1.79482210e+00
1.77422800e-06,1.79481885e+00
1.77432800e-06,1.79481559e+00
1.77442800e-06,1.79481233e+00
1.77452800e-06,1.79480905e+00
1.77462800e-06,1.79480577e+00
1.77472800e-06,1.79480248e+00
1.77482800e-06,1.79479918e+00
1.77492800e-06,1.79479587e+00
1.77502800e-06,1.79479255e+00
1.77512800e-06,1.79478923e+00
1.77522800e-06,1.79478589e+00
1.77532800e-06,1.79478255e+00
1.77542800e-06,1.79477920e+00
1.77552800e-06,1.79477584e+00
1.77562800e-06,1.79477247e+00
1.77572800e-06,1.79476909e+00
1.77582800e-06,1.79476571e+00
1.77592800e-06,1.79476231e+00
1.77602800e-06,1.79475891e+00
1.77612800e-06,1.79475549e+00
1.77622800e-06,1.79475207e+00
1.77632800e-06,1.79474864e+00
1.77642800e-06,1.79474520e+00
1.77652800e-06,1.79474175e+00
1.77662800e-06,1.79473830e+00
1.77672800e-06,1.79473483e+00
1.77682800e-06,1.79473135e+00
1.77692800e-06,1.79472787e+00
1.77702800e-06,1.79472438e+00
1.77712800e-06,1.79472088e+00
1.77722800e-06,1.79471737e+00
1.77732800e-06,1.79471385e+00
1.77742800e-06,1.79471032e+00
1.77752800e-06,1.79470678e+00
1.77762800e-06,1.79470323e+00
1.77772800e-06,1.79469968e+00
1.77782800e-06,1.79469611e+00
1.77792800e-06,1.79469254e+00
1.77802800e-06,1.79468895e+00
1.77812800e-06,1.79468536e+00
1.77822800e-06,1.79468176e+00
1.77832800e-06,1.79467815e+00
1.77842800e-06,1.79467453e+00
1.77852800e-06,1.79467090e+00
1.77862800e-06,1.79466726e+00
1.77872800e-06,1.79466362e+00
1.77882800e-06,1.79465996e+00
1.77892800e-06,1.79465630e+00
1.77902800e-06,1.79465262e+00
1.77912800e-06,1.79464894e+00
1.77922800e-06,1.79464524e+00
1.77932800e-06,1.79464154e+00
1.77942800e-06,1.79463783e+00
1.77952800e-06,1.79463411e+00
1.77962800e-06,1.79463038e+00
1.77972800e-06,1.79462664e+00
1.77982800e-06,1.79462289e+00
1.77992800e-06,1.79461913e+00
1.78002800e-06,1.79461536e+00
1.78012800e-06,1.79461158e+00
1.78022800e-06,1.79460780e+00
1.78032800e-06,1.79460400e+00
1.78042800e-06,1.79460019e+00
1.78052800e-06,1.79459638e+00
1.78062800e-06,1.79459255e+00
1.78072800e-06,1.79458872e+00
1.78082800e-06,1.79458488e+00
1.78092800e-06,1.79458102e+00
1.78102800e-06,1.79457716e+00
1.78112800e-06,1.79457329e+00
1.78122800e-06,1.79456940e+00
1.78132800e-06,1.79456551e+00
1.78142800e-06,1.79456161e+00
1.78152800e-06,1.79455770e+00
1.78162800e-06,1.79455378e+00
1.78172800e-06,1.79454985e+00
1.78182800e-06,1.79454591e+00
1.78192800e-06,1.79454196e+00
1.78202800e-06,1.79453800e+00
1.78212800e-06,1.79453403e+00
1.78222800e-06,1.79453005e+00
1.78232800e-06,1.79452606e+00
1.78242800e-06,1.79452206e+00
1.78252800e-06,1.79451805e+00
1.78262800e-06,1.79451403e+00
1.78272800e-06,1.79451000e+00
1.78282800e-06,1.79450597e+00
1.78292800e-06,1.79450192e+00
1.78302800e-06,1.79449786e+00
1.78312800e-06,1.79449379e+00
1.78322800e-06,1.79448971e+00
1.78332800e-06,1.79448562e+00
1.78342800e-06,1.79448153e+00
1.78352800e-06,1.79447742e+00
1.78362800e-06,1.79447330e+00
1.78372800e-06,1.79446917e+00
1.78382800e-06,1.79446503e+00
1.78392800e-06,1.79446089e+00
1.78402800e-06,1.79445673e+00
1.78412800e-06,1.79445256e+00
1.78422800e-06,1.79444838e+00
1.78432800e-06,1.79444419e+00
1.78442800e-06,1.79443999e+00
1.78452800e-06,1.79443578e+00
1.78462800e-06,1.79443156e+00
1.78472800e-06,1.79442733e+00
1.78482800e-06,1.79442309e+00
1.78492800e-06,1.79441884e+00
1.78502800e-06,1.79441458e+00
1.78512800e-06,1.79441031e+00
1.78522800e-06,1.79440603e+00
1.78532800e-06,1.79440174e+00
1.78542800e-06,1.79439744e+00
1.78552800e-06,1.79439313e+00
1.78562800e-06,1.79438881e+00
1.78572800e-06,1.79438447e+00
1.78582800e-06,1.79438013e+00
1.78592800e-06,1.79437578e+00
1.78602800e-06,1.79437141e+00
1.78612800e-06,1.79436704e+00
1.78622800e-06,1.79436265e+00
1.78632800e-06,1.79435826e+00
1.78642800e-06,1.79435385e+00
1.78652800e-06,1.79434943e+00
1.78662800e-06,1.79434501e+00
1.78672800e-06,1.79434057e+00
1.78682800e-06,1.79433612e+00
1.78692800e-06,1.79433166e+00
1.78702800e-06,1.79432719e+00
1.78712800e-06,1.79432271e+00
1.78722800e-06,1.79431822e+00
1.78732800e-06,1.79431372e+00
1.78742800e-06,1.79430921e+00
1.78752800e-06,1.79430468e+00
1.78762800e-06,1.79430015e+00
1.78772800e-06,1.79429561e+00
1.78782800e-06,1.79429105e+00
1.78792800e-06,1.79428648e+00
1.78802800e-06,1.79428191e+00
1.78812800e-06,1.79427732e+00
1.78822800e-06,1.79427272e+00
1.78832800e-06,1.79426811e+00
1.78842800e-06,1.79426349e+00
1.78852800e-06,1.79425886e+00
1.78862800e-06,1.79425422e+00
1.78872800e-06,1.79424956e+00
1.78882800e-06,1.79424490e+00
1.78892800e-06,1.79424022e+00
1.78902800e-06,1.79423554e+00
1.78912800e-06,1.79423084e+00
1.78922800e-06,1.79422613e+00
1.78932800e-06,1.79422141e+00
1.78942800e-06,1.79421668e+00
1.78952800e-06,1.79421194e+00
1.78962800e-06,1.79420718e+00
1.78972800e-06,1.79420242e+00
1.78982800e-06,1.79419765e+00
1.78992800e-06,1.79419286e+00
1.79002800e-06,1.79418806e+00
1.79012800e-06,1.79418325e+00
1.79022800e-06,1.79417843e+00
1.79032800e-06,1.79417360e+00
1.79042800e-06,1.79416876e+00
1.79052800e-06,1.79416390e+00
1.79062800e-06,1.79415904e+00
1.79072800e-06,1.79415416e+00
1.79082800e-06,1.79414927e+00
1.79092800e-06,1.79414437e+00
1.79102800e-06,1.79413946e+00
1.79112800e-06,1.79413454e+00
1.79122800e-06,1.79412960e+00
1.79132800e-06,1.79412466e+00
1.79142800e-06,1.79411970e+00
1.79152800e-06,1.79411473e+00
1.79162800e-06,1.79410975e+00
1.79172800e-06,1.79410476e+00
1.79182800e-06,1.79409976e+00
1.79192800e-06,1.79409474e+00
1.79202800e-06,1.79408972e+00
1.79212800e-06,1.79408468e+00
1.79222800e-06,1.79407963e+00
1.79232800e-06,1.79407457e+00
1.79242800e-06,1.79406949e+00
1.79252800e-06,1.79406441e+00
1.79262800e-06,1.79405931e+00
1.79272800e-06,1.79405420e+00
1.79282800e-06,1.79404908e+00
1.79292800e-06,1.79404395e+00
1.79302800e-06,1.79403881e+00
1.79312800e-06,1.79403365e+00
1.79322800e-06,1.79402848e+00
1.79332800e-06,1.79402331e+00
1.79342800e-06,1.79401811e+00
1.79352800e-06,1.79401291e+00
1.79362800e-06,1.79400770e+00
1.79372800e-06,1.79400247e+00
1.79382800e-06,1.79399723e+00
1.79392800e-06,1.79399198e+00
1.79402800e-06,1.79398671e+00
1.79412800e-06,1.79398144e+00
1.79422800e-06,1.79397615e+00
1.79432800e-06,1.79397085e+00
1.79442800e-06,1.79396554e+00
1.79452800e-06,1.79396021e+00
1.79462800e-06,1.79395488e+00
1.79472800e-06,1.79394953e+00
1.79482800e-06,1.79394417e+00
1.79492800e-06,1.79393880e+00
1.79502800e-06,1.79393341e+00
1.79512800e-06,1.79392801e+00
1.79522800e-06,1.79392260e+00
1.79532800e-06,1.79391718e+00
1.79542800e-06,1.79391175e+00
1.79552800e-06,1.79390630e+00
1.79562800e-06,1.79390084e+00
1.79572800e-06,1.79389537e+00
1.79582800e-06,1.79388988e+00
1.79592800e-06,1.79388439e+00
1.79602800e-06,1.79387888e+00
1.79612800e-06,1.79387336e+00
1.79622800e-06,1.79386782e+00
1.79632800e-06,1.79386228e+00
1.79642800e-06,1.79385672e+00
1.79652800e-06,1.79385115e+00
1.79662800e-06,1.79384556e+00
1.79672800e-06,1.79383996e+00
1.79682800e-06,1.79383435e+00
1.79692800e-06,1.79382873e+00
1.79702800e-06,1.79382310e+00
1.79712800e-06,1.79381745e+00
1.79722800e-06,1.79381179e+00
1.79732800e-06,1.79380611e+00
1.79742800e-06,1.79380043e+00
1.79752800e-06,1.79379473e+00
1.79762800e-06,1.79378902e+00
1.79772800e-06,1.79378329e+00
1.79782800e-06,1.79377755e+00
1.79792800e-06,1.79377180e+00
1.79802800e-06,1.79376604e+00
1.79812800e-06,1.79376026e+00
1.79822800e-06,1.79375447e+00
1.79832800e-06,1.79374867e+00
1.79842800e-06,1.79374286e+00
1.79852800e-06,1.79373703e+00
1.79862800e-06,1.79373118e+00
1.79872800e-06,1.79372533e+00
1.79882800e-06,1.79371946e+00
1.79892800e-06,1.79371358e+00
1.79902800e-06,1.79370769e+00
1.79912800e-06,1.79370178e+00
1.79922800e-06,1.79369586e+00
1.79932800e-06,1.79368992e+00
1.79942800e-06,1.79368398e+00
1.79952800e-06,1.79367802e+00
1.79962800e-06,1.79367204e+00
1.79972800e-06,1.79366605e+00
1.79982800e-06,1.79366005e+00
1.79992800e-06,1.79365404e+00
1.80002800e-06,1.79364801e+00
1.80012800e-06,1.79364197e+00
1.80022800e-06,1.79363592e+00
1.80032800e-06,1.79362985e+00
1.80042800e-06,1.79362377e+00
1.80052800e-06,1.79361767e+00
1.80062800e-06,1.79361156e+00
1.80072800e-06,1.79360544e+00
1.80082800e-06,1.79359931e+00
1.80092800e-06,1.79359316e+00
1.80102800e-06,1.79358699e+00
1.80112800e-06,1.79358082e+00
1.80122800e-06,1.79357463e+00
1.80132800e-06,1.79356842e+00
1.80142800e-06,1.79356220e+00
1.80152800e-06,1.79355597e+00
1.80162800e-06,1.79354973e+00
1.80172800e-06,1.79354347e+00
1.80182800e-06,1.79353720e+00
1.80192800e-06,1.79353091e+00
1.80202800e-06,1.79352461e+00
1.80212800e-06,1.79351829e+00
1.80222800e-06,1.79351196e+00
1.80232800e-06,1.79350562e+00
1.80242800e-06,1.79349926e+00
1.80252800e-06,1.79349289e+00
1.80262800e-06,1.79348651e+00
1.80272800e-06,1.79348011e+00
1.80282800e-06,1.79347370e+00
1.80292800e-06,1.79346727e+00
1.80302800e-06,1.79346083e+00
1.80312800e-06,1.79345437e+00
1.80322800e-06,1.79344790e+00
1.80332800e-06,1.79344142e+00
1.80342800e-06,1.79343492e+00
1.80352800e-06,1.79342841e+00
1.80362800e-06,1.79342188e+00
1.80372800e-06,1.79341534e+00
1.80382800e-06,1.79340878e+00
1.80392800e-06,1.79340221e+00
1.80402800e-06,1.79339563e+00
1.80412800e-06,1.79338903e+00
1.80422800e-06,1.79338242e+00
1.80432800e-06,1.79337579e+00
1.80442800e-06,1.79336915e+00
1.80452800e-06,1.79336249e+00
1.80462800e-06,1.79335582e+00
1.80472800e-06,1.79334913e+00
1.80482800e-06,1.79334243e+00
1.80492800e-06,1.79333572e+00
1.80502800e-06,1.79332899e+00
1.80512800e-06,1.79332224e+00
1.80522800e-06,1.79331548e+00
1.80532800e-06,1.79330871e+00
1.80542800e-06,1.79330192e+00
1.80552800e-06,1.79329512e+00
1.80562800e-06,1.79328830e+00
1.80572800e-06,1.79328146e+00
1.80582800e-06,1.79327462e+00
1.80592800e-06,1.79326775e+00
1.80602800e-06,1.79326087e+00
1.80612800e-06,1.79325398e+00
1.80622800e-06,1.79324707e+00
1.80632800e-06,1.79324015e+00
1.80642800e-06,1.79323321e+00
1.80652800e-06,1.79322626e+00
1.80662800e-06,1.79321929e+00
1.80672800e-06,1.79321231e+00
1.80682800e-06,1.79320531e+00
1.80692800e-06,1.79319829e+00
1.80702800e-06,1.79319126e+00
1.80712800e-06,1.79318422e+00
1.80722800e-06,1.79317716e+00
1.80732800e-06,1.79317009e+00
1.80742800e-06,1.79316300e+00
1.80752800e-06,1.79315589e+00
1.80762800e-06,1.79314877e+00
1.80772800e-06,1.79314163e+00
1.80782800e-06,1.79313448e+00
1.80792800e-06,1.79312731e+00
1.80802800e-06,1.79312013e+00
1.80812800e-06,1.79311293e+00
1.80822800e-06,1.79310572e+00
1.80832800e-06,1.79309849e+00
1.80842800e-06,1.79309125e+00
1.80852800e-06,1.79308399e+00
1.80862800e-06,1.79307671e+00
1.80872800e-06,1.79306942e+00
1.80882800e-06,1.79306211e+00
1.80892800e-06,1.79305479e+00
1.80902800e-06,1.79304745e+00
1.80912800e-06,1.79304009e+00
1.80922800e-06,1.79303272e+00
1.80932800e-06,1.79302534e+00
1.80942800e-06,1.79301793e+00
1.80952800e-06,1.79301052e+00
1.80962800e-06,1.79300308e+00
1.80972800e-06,1.79299563e+00
1.80982800e-06,1.79298816e+00
1.80992800e-06,1.79298068e+00
1.81002800e-06,1.79297318e+00
1.81012800e-06,1.79296567e+00
1.81022800e-06,1.79295814e+00
1.81032800e-06,1.79295059e+00
1.81042800e-06,1.79294303e+00
1.81052800e-06,1.79293545e+00
1.81062800e-06,1.79292786e+00
1.81072800e-06,1.79292025e+00
1.81082800e-06,1.79291262e+00
1.81092800e-06,1.79290497e+00
1.81102800e-06,1.79289731e+00
1.81112800e-06,1.79288964e+00
1.81122800e-06,1.79288194e+00
1.81132800e-06,1.79287423e+00
1.81142800e-06,1.79286651e+00
1.81152800e-06,1.79285877e+00
1.81162800e-06,1.79285101e+00
1.81172800e-06,1.79284323e+00
1.81182800e-06,1.79283544e+00
1.81192800e-06,1.79282763e+00
1.81202800e-06,1.79281981e+00
1.81212800e-06,1.79281196e+00
1.81222800e-06,1.79280411e+00
1.81232800e-06,1.79279623e+00
1.81242800e-06,1.79278834e+00
1.81252800e-06,1.79278043e+00
1.81262800e-06,1.79277250e+00
1.81272800e-06,1.79276456e+00
1.81282800e-06,1.79275660e+00
1.81292800e-06,1.79274863e+00
1.81302800e-06,1.79274063e+00
1.81312800e-06,1.79273262e+00
1.81322800e-06,1.79272460e+00
1.81332800e-06,1.79271655e+00
1.81342800e-06,1.79270849e+00
1.81352800e-06,1.79270041e+00
1.81362800e-06,1.79269232e+00
1.81372800e-06,1.79268421e+00
1.81382800e-06,1.79267608e+00
1.81392800e-06,1.79266793e+00
1.81402800e-06,1.79265976e+00
1.81412800e-06,1.79265158e+00
1.81422800e-06,1.79264338e+00
1.81432800e-06,1.79263517e+00
1.81442800e-06,1.79262694e+00
1.81452800e-06,1.79261868e+00
1.81462800e-06,1.79261042e+00
1.81472800e-06,1.79260213e+00
1.81482800e-06,1.79259383e+00
1.81492800e-06,1.79258551e+00
1.81502800e-06,1.79257717e+00
1.81512800e-06,1.79256881e+00
1.81522800e-06,1.79256044e+00
1.81532800e-06,1.79255205e+00
1.81542800e-06,1.79254364e+00
1.81552800e-06,1.79253522e+00
1.81562800e-06,1.79252677e+00
1.81572800e-06,1.79251831e+00
1.81582800e-06,1.79250983e+00
1.81592800e-06,1.79250133e+00
1.81602800e-06,1.79249282e+00
1.81612800e-06,1.79248429e+00
1.81622800e-06,1.79247573e+00
1.81632800e-06,1.79246717e+00
1.81642800e-06,1.79245858e+00
1.81652800e-06,1.79244997e+00
1.81662800e-06,1.79244135e+00
1.81672800e-06,1.79243271e+00
1.81682800e-06,1.79242405e+00
1.81692800e-06,1.79241537e+00
1.81702800e-06,1.79240668e+00
1.81712800e-06,1.79239797e+00
1.81722800e-06,1.79238923e+00
1.81732800e-06,1.79238048e+00
1.81742800e-06,1.79237172e+00
1.81752800e-06,1.79236293e+00
1.81762800e-06,1.79235412e+00
1.81772800e-06,1.79234530e+00
1.81782800e-06,1.79233646e+00
1.81792800e-06,1.79232760e+00
1.81802800e-06,1.79231872e+00
1.81812800e-06,1.79230982e+00
1.81822800e-06,1.79230091e+00
1.81832800e-06,1.79229197e+00
1.81842800e-06,1.79228302e+00
1.81852800e-06,1.79227405e+00
1.81862800e-06,1.79226506e+00
1.81872800e-06,1.79225605e+00
1.81882800e-06,1.79224702e+00
1.81892800e-06,1.79223798e+00
1.81902800e-06,1.79222891e+00
1.81912800e-06,1.79221983e+00
1.81922800e-06,1.79221072e+00
1.81932800e-06,1.79220160e+00
1.81942800e-06,1.79219246e+00
1.81952800e-06,1.79218330e+00
1.81962800e-06,1.79217412e+00
1.81972800e-06,1.79216492e+00
1.81982800e-06,1.79215571e+00
1.81992800e-06,1.79214647e+00
1.82002800e-06,1.79213721e+00
1.82012800e-06,1.79212794e+00
1.82022800e-06,1.79211865e+00
1.82032800e-06,1.79210933e+00
1.82042800e-06,1.79210000e+00
1.82052800e-06,1.79209065e+00
1.82062800e-06,1.79208128e+00
1.82072800e-06,1.79207189e+00
1.82082800e-06,1.79206248e+00
1.82092800e-06,1.79205305e+00
1.82102800e-06,1.79204360e+00
1.82112800e-06,1.79203413e+00
1.82122800e-06,1.79202465e+00
1.82132800e-06,1.79201514e+00
1.82142800e-06,1.79200561e+00
1.82152800e-06,1.79199607e+00
1.82162800e-06,1.79198650e+00
1.82172800e-06,1.79197691e+00
1.82182800e-06,1.79196731e+00
1.82192800e-06,1.79195768e+00
1.82202800e-06,1.79194804e+00
1.82212800e-06,1.79193837e+00
1.82222800e-06,1.79192869e+00
1.82232800e-06,1.79191898e+00
1.82242800e-06,1.79190926e+00
1.82252800e-06,1.79189951e+00
1.82262800e-06,1.79188975e+00
1.82272800e-06,1.79187996e+00
1.82282800e-06,1.79187016e+00
1.82292800e-06,1.79186033e+00
1.82302800e-06,1.79185049e+00
1.82312800e-06,1.79184062e+00
1.82322800e-06,1.79183074e+00
1.82332800e-06,1.79182083e+00
1.82342800e-06,1.79181090e+00
1.82352800e-06,1.79180096e+00
1.82362800e-06,1.79179099e+00
1.82372800e-06,1.79178100e+00
1.82382800e-06,1.79177099e+00
1.82392800e-06,1.79176097e+00
1.82402800e-06,1.79175092e+00
1.82412800e-06,1.79174085e+00
1.82422800e-06,1.79173076e+00
1.82432800e-06,1.79172065e+00
1.82442800e-06,1.79171052e+00
1.82452800e-06,1.79170036e+00
1.82462800e-06,1.79169019e+00
1.82472800e-06,1.79168000e+00
1.82482800e-06,1.79166978e+00
1.82492800e-06,1.79165955e+00
1.82502800e-06,1.79164929e+00
1.82512800e-06,1.79163902e+00
1.82522800e-06,1.79162872e+00
1.82532800e-06,1.79161840e+00
1.82542800e-06,1.79160806e+00
1.82552800e-06,1.79159770e+00
1.82562800e-06,1.79158732e+00
1.82572800e-06,1.79157691e+00
1.82582800e-06,1.79156649e+00
1.82592800e-06,1.79155604e+00
1.82602800e-06,1.79154558e+00
1.82612800e-06,1.79153509e+00
1.82622800e-06,1.79152458e+00
1.82632800e-06,1.79151405e+00
1.82642800e-06,1.79150350e+00
1.82652800e-06,1.79149292e+00
1.82662800e-06,1.79148233e+00
1.82672800e-06,1.79147171e+00
1.82682800e-06,1.79146108e+00
1.82692800e-06,1.79145042e+00
1.82702800e-06,1.79143974e+00
1.82712800e-06,1.79142903e+00
1.82722800e-06,1.79141831e+00
1.82732800e-06,1.79140756e+00
1.82742800e-06,1.79139680e+00
1.82752800e-06,1.79138601e+00
1.82762800e-06,1.79137520e+00
1.82772800e-06,1.79136436e+00
1.82782800e-06,1.79135351e+00
1.82792800e-06,1.79134263e+00
1.82802800e-06,1.79133173e+00
1.82812800e-06,1.79132081e+00
1.82822800e-06,1.79130987e+00
1.82832800e-06,1.79129890e+00
1.82842800e-06,1.79128792e+00
1.82852800e-06,1.79127691e+00
1.82862800e-06,1.79126588e+00
1.82872800e-06,1.79125482e+00
1.82882800e-06,1.79124375e+00
1.82892800e-06,1.79123265e+00
1.82902800e-06,1.79122153e+00
1.82912800e-06,1.79121039e+00
1.82922800e-06,1.79119922e+00
1.82932800e-06,1.79118803e+00
1.82942800e-06,1.79117682e+00
1.82952800e-06,1.79116559e+00
1.82962800e-06,1.79115434e+00
1.82972800e-06,1.79114306e+00
1.82982800e-06,1.79113176e+00
1.82992800e-06,1.79112044e+00
1.83002800e-06,1.79110909e+00
1.83012800e-06,1.79109772e+00
1.83022800e-06,1.79108633e+00
1.83032800e-06,1.79107492e+00
1.83042800e-06,1.79106348e+00
1.83052800e-06,1.79105202e+00
1.83062800e-06,1.79104054e+00
1.83072800e-06,1.79102903e+00
1.83082800e-06,1.79101750e+00
1.83092800e-06,1.79100595e+00
1.83102800e-06,1.79099438e+00
1.83112800e-06,1.79098278e+00
1.83122800e-06,1.79097116e+00
1.83132800e-06,1.79095951e+00
1.83142800e-06,1.79094785e+00
1.83152800e-06,1.79093616e+00
1.83162800e-06,1.79092444e+00
1.83172800e-06,1.79091271e+00
1.83182800e-06,1.79090094e+00
1.83192800e-06,1.79088916e+00
1.83202800e-06,1.79087735e+00
1.83212800e-06,1.79086552e+00
1.83222800e-06,1.79085367e+00
1.83232800e-06,1.79084179e+00
1.83242800e-06,1.79082989e+00
1.83252800e-06,1.79081796e+00
1.83262800e-06,1.79080601e+00
1.83272800e-06,1.79079404e+00
1.83282800e-06,1.79078204e+00
1.83292800e-06,1.79077002e+00
1.83302800e-06,1.79075798e+00
1.83312800e-06,1.79074591e+00
1.83322800e-06,1.79073382e+00
1.83332800e-06,1.79072170e+00
1.83342800e-06,1.79070956e+00
1.83352800e-06,1.79069740e+00
1.83362800e-06,1.79068521e+00
1.83372800e-06,1.79067300e+00
1.83382800e-06,1.79066076e+00
1.83392800e-06,1.79064850e+00
1.83402800e-06,1.79063622e+00
1.83412800e-06,1.79062391e+00
1.83422800e-06,1.79061157e+00
1.83432800e-06,1.79059922e+00
1.83442800e-06,1.79058683e+00
1.83452800e-06,1.79057443e+00
1.83462800e-06,1.79056200e+00
1.83472800e-06,1.79054954e+00
1.83482800e-06,1.79053706e+00
1.83492800e-06,1.79052456e+00
1.83502800e-06,1.79051203e+00
1.83512800e-06,1.79049947e+00
1.83522800e-06,1.79048689e+00
1.83532800e-06,1.79047429e+00
1.83542800e-06,1.79046166e+00
1.83552800e-06,1.79044901e+00
1.83562800e-06,1.79043633e+00
1.83572800e-06,1.79042363e+00
1.83582800e-06,1.79041090e+00
1.83592800e-06,1.79039815e+00
1.83602800e-06,1.79038537e+00
1.83612800e-06,1.79037257e+00
1.83622800e-06,1.79035974e+00
1.83632800e-06,1.79034689e+00
1.83642800e-06,1.79033401e+00
1.83652800e-06,1.79032110e+00
1.83662800e-06,1.79030818e+00
1.83672800e-06,1.79029522e+00
1.83682800e-06,1.79028224e+00
1.83692800e-06,1.79026924e+00
1.83702800e-06,1.79025621e+00
1.83712800e-06,1.79024315e+00
1.83722800e-06,1.79023007e+00
1.83732800e-06,1.79021696e+00
1.83742800e-06,1.79020383e+00
1.83752800e-06,1.79019067e+00
1.83762800e-06,1.79017749e+00
1.83772800e-06,1.79016428e+00
1.83782800e-06,1.79015105e+00
1.83792800e-06,1.79013779e+00
1.83802800e-06,1.79012450e+00
1.83812800e-06,1.79011119e+00
1.83822800e-06,1.79009785e+00
1.83832800e-06,1.79008449e+00
1.83842800e-06,1.79007110e+00
1.83852800e-06,1.79005768e+00
1.83862800e-06,1.79004424e+00
1.83872800e-06,1.79003077e+00
1.83882800e-06,1.79001727e+00
1.83892800e-06,1.79000375e+00
1.83902800e-06,1.78999021e+00
1.83912800e-06,1.78997663e+00
1.83922800e-06,1.78996303e+00
1.83932800e-06,1.78994941e+00
1.83942800e-06,1.78993576e+00
1.83952800e-06,1.78992208e+00
1.83962800e-06,1.78990837e+00
1.83972800e-06,1.78989464e+00
1.83982800e-06,1.78988088e+00
1.83992800e-06,1.78986710e+00
1.84002800e-06,1.78985329e+00
1.84012800e-06,1.78983945e+00
1.84022800e-06,1.78982559e+00
1.84032800e-06,1.78981170e+00
1.84042800e-06,1.78979778e+00
1.84052800e-06,1.78978383e+00
1.84062800e-06,1.78976986e+00
1.84072800e-06,1.78975586e+00
1.84082800e-06,1.78974184e+00
1.84092800e-06,1.78972779e+00
1.84102800e-06,1.78971371e+00
1.84112800e-06,1.78969960e+00
1.84122800e-06,1.78968547e+00
1.84132800e-06,1.78967130e+00
1.84142800e-06,1.78965712e+00
1.84152800e-06,1.78964290e+00
1.84162800e-06,1.78962866e+00
1.84172800e-06,1.78961439e+00
1.84182800e-06,1.78960009e+00
1.84192800e-06,1.78958577e+00
1.84202800e-06,1.78957142e+00
1.84212800e-06,1.78955704e+00
1.84222800e-06,1.78954263e+00
1.84232800e-06,1.78952820e+00
1.84242800e-06,1.78951373e+00
1.84252800e-06,1.78949924e+00
1.84262800e-06,1.78948473e+00
1.84272800e-06,1.78947018e+00
1.84282800e-06,1.78945561e+00
1.84292800e-06,1.78944101e+00
1.84302800e-06,1.78942638e+00
1.84312800e-06,1.78941173e+00
1.84322800e-06,1.78939704e+00
1.84332800e-06,1.78938233e+00
1.84342800e-06,1.78936759e+00
1.84352800e-06,1.78935282e+00
1.84362800e-06,1.78933803e+00
1.84372800e-06,1.78932320e+00
1.84382800e-06,1.78930835e+00
1.84392800e-06,1.78929347e+00
1.84402800e-06,1.78927856e+00
1.84412800e-06,1.78926362e+00
1.84422800e-06,1.78924866e+00
1.84432800e-06,1.78923366e+00
1.84442800e-06,1.78921864e+00
1.84452800e-06,1.78920359e+00
1.84462800e-06,1.78918851e+00
1.84472800e-06,1.78917341e+00
1.84482800e-06,1.78915827e+00
1.84492800e-06,1.78914310e+00
1.84502800e-06,1.78912791e+00
1.84512800e-06,1.78911269e+00
1.84522800e-06,1.78909744e+00
1.84532800e-06,1.78908216e+00
1.84542800e-06,1.78906685e+00
1.84552800e-06,1.78905152e+00
1.84562800e-06,1.78903615e+00
1.84572800e-06,1.78902075e+00
1.84582800e-06,1.78900533e+00
1.84592800e-06,1.78898988e+00
1.84602800e-06,1.78897440e+00
1.84612800e-06,1.78895889e+00
1.84622800e-06,1.78894335e+00
1.84632800e-06,1.78892778e+00
1.84642800e-06,1.78891218e+00
1.84652800e-06,1.78889655e+00
1.84662800e-06,1.78888090e+00
1.84672800e-06,1.78886521e+00
1.84682800e-06,1.78884949e+00
1.84692800e-06,1.78883375e+00
1.84702800e-06,1.78881798e+00
1.84712800e-06,1.78880217e+00
1.84722800e-06,1.78878634e+00
1.84732800e-06,1.78877048e+00
1.84742800e-06,1.78875458e+00
1.84752800e-06,1.78873866e+00
1.84762800e-06,1.78872271e+00
1.84772800e-06,1.78870673e+00
1.84782800e-06,1.78869072e+00
1.84792800e-06,1.78867468e+00
1.84802800e-06,1.78865861e+00
1.84812800e-06,1.78864251e+00
1.84822800e-06,1.78862638e+00
1.84832800e-06,1.78861022e+00
1.84842800e-06,1.78859403e+00
1.84852800e-06,1.78857781e+00
1.84862800e-06,1.78856156e+00
1.84872800e-06,1.78854528e+00
1.84882800e-06,1.78852896e+00
1.84892800e-06,1.78851262e+00
1.84902800e-06,1.78849625e+00
1.84912800e-06,1.78847985e+00
1.84922800e-06,1.78846342e+00
1.84932800e-06,1.78844696e+00
1.84942800e-06,1.78843047e+00
1.84952800e-06,1.78841394e+00
1.84962800e-06,1.78839739e+00
1.84972800e-06,1.78838081e+00
1.84982800e-06,1.78836419e+00
1.84992800e-06,1.78834755e+00
1.85002800e-06,1.78833087e+00
1.85012800e-06,1.78831417e+00
1.85022800e-06,1.78829743e+00
1.85032800e-06,1.78828067e+00
1.85042800e-06,1.78826387e+00
1.85052800e-06,1.78824704e+00
1.85062800e-06,1.78823018e+00
1.85072800e-06,1.78821329e+00
1.85082800e-06,1.78819637e+00
1.85092800e-06,1.78817942e+00
1.85102800e-06,1.78816243e+00
1.85112800e-06,1.78814542e+00
1.85122800e-06,1.78812837e+00
1.85132800e-06,1.78811130e+00
1.85142800e-06,1.78809419e+00
1.85152800e-06,1.78807705e+00
1.85162800e-06,1.78805988e+00
1.85172800e-06,1.78804268e+00
1.85182800e-06,1.78802545e+00
1.85192800e-06,1.78800818e+00
1.85202800e-06,1.78799089e+00
1.85212800e-06,1.78797356e+00
1.85222800e-06,1.78795620e+00
1.85232800e-06,1.78793881e+00
1.85242800e-06,1.78792139e+00
1.85252800e-06,1.78790394e+00
1.85262800e-06,1.78788646e+00
1.85272800e-06,1.78786894e+00
1.85282800e-06,1.78785139e+00
1.85292800e-06,1.78783381e+00
1.85302800e-06,1.78781620e+00
1.85312800e-06,1.78779856e+00
1.85322800e-06,1.78778089e+00
1.85332800e-06,1.78776318e+00
1.85342800e-06,1.78774544e+00
1.85352800e-06,1.78772767e+00
1.85362800e-06,1.78770987e+00
1.85372800e-06,1.78769204e+00
1.85382800e-06,1.78767417e+00
1.85392800e-06,1.78765628e+00
1.85402800e-06,1.78763835e+00
1.85412800e-06,1.78762038e+00
1.85422800e-06,1.78760239e+00
1.85432800e-06,1.78758436e+00
1.85442800e-06,1.78756630e+00
1.85452800e-06,1.78754821e+00
1.85462800e-06,1.78753009e+00
1.85472800e-06,1.78751194e+00
1.85482800e-06,1.78749375e+00
1.85492800e-06,1.78747553e+00
1.85502800e-06,1.78745727e+00
1.85512800e-06,1.78743899e+00
1.85522800e-06,1.78742067e+00
1.85532800e-06,1.78740232e+00
1.85542800e-06,1.78738394e+00
1.85552800e-06,1.78736552e+00
1.85562800e-06,1.78734708e+00
1.85572800e-06,1.78732860e+00
1.85582800e-06,1.78731008e+00
1.85592800e-06,1.78729154e+00
1.85602800e-06,1.78727296e+00
1.85612800e-06,1.78725435e+00
1.85622800e-06,1.78723570e+00
1.85632800e-06,1.78721703e+00
1.85642800e-06,1.78719832e+00
1.85652800e-06,1.78717957e+00
1.85662800e-06,1.78716080e+00
1.85672800e-06,1.78714199e+00
1.85682800e-06,1.78712315e+00
1.85692800e-06,1.78710427e+00
1.85702800e-06,1.78708536e+00
1.85712800e-06,1.78706642e+00
1.85722800e-06,1.78704745e+00
1.85732800e-06,1.78702844e+00
1.85742800e-06,1.78700940e+00
1.85752800e-06,1.78699032e+00
1.85762800e-06,1.78697122e+00
1.85772800e-06,1.78695208e+00
1.85782800e-06,1.78693290e+00
1.85792800e-06,1.78691369e+00
1.85802800e-06,1.78689445e+00
1.85812800e-06,1.78687518e+00
1.85822800e-06,1.78685587e+00
1.85832800e-06,1.78683653e+00
1.85842800e-06,1.78681716e+00
1.85852800e-06,1.78679775e+00
1.85862800e-06,1.78677831e+00
1.85872800e-06,1.78675883e+00
1.85882800e-06,1.78673932e+00
1.85892800e-06,1.78671978e+00
1.85902800e-06,1.78670020e+00
1.85912800e-06,1.78668059e+00
1.85922800e-06,1.78666095e+00
1.85932800e-06,1.78664127e+00
1.85942800e-06,1.78662156e+00
1.85952800e-06,1.78660181e+00
1.85962800e-06,1.78658203e+00
1.85972800e-06,1.78656222e+00
1.85982800e-06,1.78654237e+00
1.85992800e-06,1.78652249e+00
1.86002800e-06,1.78650258e+00
1.86012800e-06,1.78648263e+00
1.86022800e-06,1.78646265e+00
1.86032800e-06,1.78644263e+00
1.86042800e-06,1.78642258e+00
1.86052800e-06,1.78640249e+00
1.86062800e-06,1.78638237e+00
1.86072800e-06,1.78636222e+00
1.86082800e-06,1.78634203e+00
1.86092800e-06,1.78632181e+00
1.86102800e-06,1.78630155e+00
1.86112800e-06,1.78628126e+00
1.86122800e-06,1.78626094e+00
1.86132800e-06,1.78624058e+00
1.86142800e-06,1.78622019e+00
1.86152800e-06,1.78619976e+00
1.86162800e-06,1.78617930e+00
1.86172800e-06,1.78615880e+00
1.86182800e-06,1.78613827e+00
1.86192800e-06,1.78611770e+00
1.86202800e-06,1.78609710e+00
1.86212800e-06,1.78607647e+00
1.86222800e-06,1.78605580e+00
1.86232800e-06,1.78603510e+00
1.86242800e-06,1.78601436e+00
1.86252800e-06,1.78599359e+00
1.86262800e-06,1.78597278e+00
1.86272800e-06,1.78595194e+00
1.86282800e-06,1.78593106e+00
1.86292800e-06,1.78591015e+00
1.86302800e-06,1.78588921e+00
1.86312800e-06,1.78586823e+00
1.86322800e-06,1.78584721e+00
1.86332800e-06,1.78582616e+00
1.86342800e-06,1.78580508e+00
1.86352800e-06,1.78578396e+00
1.86362800e-06,1.78576280e+00
1.86372800e-06,1.78574161e+00
1.86382800e-06,1.78572039e+00
1.86392800e-06,1.78569913e+00
1.86402800e-06,1.78567784e+00
1.86412800e-06,1.78565651e+00
1.86422800e-06,1.78563515e+00
1.86432800e-06,1.78561375e+00
1.86442800e-06,1.78559231e+00
1.86452800e-06,1.78557085e+00
1.86462800e-06,1.78554934e+00
1.86472800e-06,1.78552781e+00
1.86482800e-06,1.78550623e+00
1.86492800e-06,1.78548462e+00
1.86502800e-06,1.78546298e+00
1.86512800e-06,1.78544130e+00
1.86522800e-06,1.78541959e+00
1.86532800e-06,1.78539784e+00
1.86542800e-06,1.78537606e+00
1.86552800e-06,1.78535424e+00
1.86562800e-06,1.78533239e+00
1.86572800e-06,1.78531050e+00
1.86582800e-06,1.78528858e+00
1.86592800e-06,1.78526662e+00
1.86602800e-06,1.78524462e+00
1.86612800e-06,1.78522259e+00
1.86622800e-06,1.78520053e+00
1.86632800e-06,1.78517843e+00
1.86642800e-06,1.78515630e+00
1.86652800e-06,1.78513413e+00
1.86662800e-06,1.78511192e+00
1.86672800e-06,1.78508968e+00
1.86682800e-06,1.78506741e+00
1.86692800e-06,1.78504509e+00
1.86702800e-06,1.78502275e+00
1.86712800e-06,1.78500037e+00
1.86722800e-06,1.78497795e+00
1.86732800e-06,1.78495550e+00
1.86742800e-06,1.78493301e+00
1.86752800e-06,1.78491049e+00
1.86762800e-06,1.78488793e+00
1.86772800e-06,1.78486534e+00
1.86782800e-06,1.78484271e+00
1.86792800e-06,1.78482005e+00
1.86802800e-06,1.78479735e+00
1.86812800e-06,1.78477462e+00
1.86822800e-06,1.78475185e+00
1.86832800e-06,1.78472904e+00
1.86842800e-06,1.78470620e+00
1.86852800e-06,1.78468333e+00
1.86862800e-06,1.78466042e+00
1.86872800e-06,1.78463747e+00
1.86882800e-06,1.78461449e+00
1.86892800e-06,1.78459148e+00
1.86902800e-06,1.78456842e+00
1.86912800e-06,1.78454534e+00
1.86922800e-06,1.78452222e+00
1.86932800e-06,1.78449906e+00
1.86942800e-06,1.78447587e+00
1.86952800e-06,1.78445264e+00
1.86962800e-06,1.78442937e+00
1.86972800e-06,1.78440608e+00
1.86982800e-06,1.78438274e+00
1.86992800e-06,1.78435937e+00
1.87002800e-06,1.78433597e+00
1.87012800e-06,1.78431253e+00
1.87022800e-06,1.78428905e+00
1.87032800e-06,1.78426554e+00
1.87042800e-06,1.78424200e+00
1.87052800e-06,1.78421842e+00
1.87062800e-06,1.78419480e+00
1.87072800e-06,1.78417115e+00
1.87082800e-06,1.78414747e+00
1.87092800e-06,1.78412374e+00
1.87102800e-06,1.78409999e+00
1.87112800e-06,1.78407620e+00
1.87122800e-06,1.78405237e+00
1.87132800e-06,1.78402851e+00
1.87142800e-06,1.78400461e+00
1.87152800e-06,1.78398068e+00
1.87162800e-06,1.78395671e+00
1.87172800e-06,1.78393271e+00
1.87182800e-06,1.78390867e+00
1.87192800e-06,1.78388460e+00
1.87202800e-06,1.78386049e+00
1.87212800e-06,1.78383635e+00
1.87222800e-06,1.78381217e+00
1.87232800e-06,1.78378796e+00
1.87242800e-06,1.78376371e+00
1.87252800e-06,1.78373943e+00
1.87262800e-06,1.78371511e+00
1.87272800e-06,1.78369076e+00
1.87282800e-06,1.78366637e+00
1.87292800e-06,1.78364195e+00
1.87302800e-06,1.78361750e+00
1.87312800e-06,1.78359300e+00
1.87322800e-06,1.78356848e+00
1.87332800e-06,1.78354392e+00
1.87342800e-06,1.78351932e+00
1.87352800e-06,1.78349469e+00
1.87362800e-06,1.78347003e+00
1.87372800e-06,1.78344533e+00
1.87382800e-06,1.78342059e+00
1.87392800e-06,1.78339582e+00
1.87402800e-06,1.78337102e+00
1.87412800e-06,1.78334618e+00
1.87422800e-06,1.78332131e+00
1.87432800e-06,1.78329640e+00
1.87442800e-06,1.78327146e+00
1.87452800e-06,1.78324648e+00
1.87462800e-06,1.78322147e+00
1.87472800e-06,1.78319643e+00
1.87482800e-06,1.78317135e+00
1.87492800e-06,1.78314624e+00
1.87502800e-06,1.78312109e+00
1.87512800e-06,1.78309591e+00
1.87522800e-06,1.78307069e+00
1.87532800e-06,1.78304544e+00
1.87542800e-06,1.78302016e+00
1.87552800e-06,1.78299484e+00
1.87562800e-06,1.78296949e+00
1.87572800e-06,1.78294410e+00
1.87582800e-06,1.78291868e+00
1.87592800e-06,1.78289323e+00
1.87602800e-06,1.78286774e+00
1.87612800e-06,1.78284222e+00
1.87622800e-06,1.78281666e+00
1.87632800e-06,1.78279107e+00
1.87642800e-06,1.78276545e+00
1.87652800e-06,1.78273979e+00
1.87662800e-06,1.78271410e+00
1.87672800e-06,1.78268838e+00
1.87682800e-06,1.78266263e+00
1.87692800e-06,1.78263684e+00
1.87702800e-06,1.78261101e+00
1.87712800e-06,1.78258516e+00
1.87722800e-06,1.78255927e+00
1.87732800e-06,1.78253334e+00
1.87742800e-06,1.78250739e+00
1.87752800e-06,1.78248140e+00
1.87762800e-06,1.78245538e+00
1.87772800e-06,1.78242932e+00
1.87782800e-06,1.78240323e+00
1.87792800e-06,1.78237711e+00
1.87802800e-06,1.78235096e+00
1.87812800e-06,1.78232477e+00
1.87822800e-06,1.78229855e+00
1.87832800e-06,1.78227230e+00
1.87842800e-06,1.78224602e+00
1.87852800e-06,1.78221970e+00
1.87862800e-06,1.78219335e+00
1.87872800e-06,1.78216697e+00
1.87882800e-06,1.78214056e+00
1.87892800e-06,1.78211411e+00
1.87902800e-06,1.78208763e+00
1.87912800e-06,1.78206113e+00
1.87922800e-06,1.78203458e+00
1.87932800e-06,1.78200801e+00
1.87942800e-06,1.78198141e+00
1.87952800e-06,1.78195477e+00
1.87962800e-06,1.78192810e+00
1.87972800e-06,1.78190140e+00
1.87982800e-06,1.78187467e+00
1.87992800e-06,1.78184791e+00
1.88002800e-06,1.78182111e+00
1.88012800e-06,1.78179429e+00
1.88022800e-06,1.78176743e+00
1.88032800e-06,1.78174054e+00
1.88042800e-06,1.78171362e+00
1.88052800e-06,1.78168667e+00
1.88062800e-06,1.78165969e+00
1.88072800e-06,1.78163268e+00
1.88082800e-06,1.78160564e+00
1.88092800e-06,1.78157857e+00
1.88102800e-06,1.78155147e+00
1.88112800e-06,1.78152434e+00
1.88122800e-06,1.78149717e+00
1.88132800e-06,1.78146998e+00
1.88142800e-06,1.78144276e+00
1.88152800e-06,1.78141550e+00
1.88162800e-06,1.78138822e+00
1.88172800e-06,1.78136091e+00
1.88182800e-06,1.78133357e+00
1.88192800e-06,1.78130620e+00
1.88202800e-06,1.78127879e+00
1.88212800e-06,1.78125136e+00
1.88222800e-06,1.78122390e+00
1.88232800e-06,1.78119642e+00
1.88242800e-06,1.78116890e+00
1.88252800e-06,1.78114135e+00
1.88262800e-06,1.78111378e+00
1.88272800e-06,1.78108617e+00
1.88282800e-06,1.78105854e+00
1.88292800e-06,1.78103088e+00
1.88302800e-06,1.78100319e+00
1.88312800e-06,1.78097548e+00
1.88322800e-06,1.78094773e+00
1.88332800e-06,1.78091996e+00
1.88342800e-06,1.78089216e+00
1.88352800e-06,1.78086433e+00
1.88362800e-06,1.78083647e+00
1.88372800e-06,1.78080859e+00
1.88382800e-06,1.78078068e+00
1.88392800e-06,1.78075274e+00
1.88402800e-06,1.78072478e+00
1.88412800e-06,1.78069679e+00
1.88422800e-06,1.78066877e+00
1.88432800e-06,1.78064073e+00
1.88442800e-06,1.78061266e+00
1.88452800e-06,1.78058456e+00
1.88462800e-06,1.78055644e+00
1.88472800e-06,1.78052829e+00
1.88482800e-06,1.78050011e+00
1.88492800e-06,1.78047191e+00
1.88502800e-06,1.78044368e+00
1.88512800e-06,1.78041543e+00
1.88522800e-06,1.78038716e+00
1.88532800e-06,1.78035885e+00
1.88542800e-06,1.78033053e+00
1.88552800e-06,1.78030218e+00
1.88562800e-06,1.78027380e+00
1.88572800e-06,1.78024540e+00
1.88582800e-06,1.78021697e+00
1.88592800e-06,1.78018853e+00
1.88602800e-06,1.78016005e+00
1.88612800e-06,1.78013156e+00
1.88622800e-06,1.78010304e+00
1.88632800e-06,1.78007449e+00
1.88642800e-06,1.78004593e+00
1.88652800e-06,1.78001734e+00
1.88662800e-06,1.77998872e+00
1.88672800e-06,1.77996009e+00
1.88682800e-06,1.77993143e+00
1.88692800e-06,1.77990275e+00
1.88702800e-06,1.77987405e+00
1.88712800e-06,1.77984532e+00
1.88722800e-06,1.77981658e+00
1.88732800e-06,1.77978781e+00
1.88742800e-06,1.77975902e+00
1.88752800e-06,1.77973021e+00
1.88762800e-06,1.77970138e+00
1.88772800e-06,1.77967252e+00
1.88782800e-06,1.77964365e+00
1.88792800e-06,1.77961476e+00
1.88802800e-06,1.77958585e+00
1.88812800e-06,1.77955691e+00
1.88822800e-06,1.77952796e+00
1.88832800e-06,1.77949899e+00
1.88842800e-06,1.77946999e+00
1.88852800e-06,1.77944098e+00
1.88862800e-06,1.77941195e+00
1.88872800e-06,1.77938290e+00
1.88882800e-06,1.77935384e+00
1.88892800e-06,1.77932475e+00
1.88902800e-06,1.77929565e+00
1.88912800e-06,1.77926653e+00
1.88922800e-06,1.77923739e+00
1.88932800e-06,1.77920823e+00
1.88942800e-06,1.77917906e+00
1.88952800e-06,1.77914987e+00
1.88962800e-06,1.77912066e+00
1.88972800e-06,1.77909144e+00
1.88982800e-06,1.77906220e+00
1.88992800e-06,1.77903294e+00
1.89002800e-06,1.77900367e+00
1.89012800e-06,1.77897439e+00
1.89022800e-06,1.77894509e+00
1.89032800e-06,1.77891577e+00
1.89042800e-06,1.77888644e+00
1.89052800e-06,1.77885709e+00
1.89062800e-06,1.77882774e+00
1.89072800e-06,1.77879836e+00
1.89082800e-06,1.77876898e+00
1.89092800e-06,1.77873958e+00
1.89102800e-06,1.77871016e+00
1.89112800e-06,1.77868074e+00
1.89122800e-06,1.77865130e+00
1.89132800e-06,1.77862185e+00
1.89142800e-06,1.77859239e+00
1.89152800e-06,1.77856291e+00
1.89162800e-06,1.77853343e+00
1.89172800e-06,1.77850393e+00
1.89182800e-06,1.77847443e+00
1.89192800e-06,1.77844491e+00
1.89202800e-06,1.77841538e+00
1.89212800e-06,1.77838585e+00
1.89222800e-06,1.77835630e+00
1.89232800e-06,1.77832674e+00
1.89242800e-06,1.77829718e+00
1.89252800e-06,1.77826760e+00
1.89262800e-06,1.77823802e+00
1.89272800e-06,1.77820843e+00
1.89282800e-06,1.77817884e+00
1.89292800e-06,1.77814923e+00
1.89302800e-06,1.77811962e+00
1.89312800e-06,1.77809000e+00
1.89322800e-06,1.77806038e+00
1.89332800e-06,1.77803075e+00
1.89342800e-06,1.77800111e+00
1.89352800e-06,1.77797147e+00
1.89362800e-06,1.77794182e+00
1.89372800e-06,1.77791217e+00
1.89382800e-06,1.77788251e+00
1.89392800e-06,1.77785285e+00
1.89402800e-06,1.77782319e+00
1.89412800e-06,1.77779353e+00
1.89422800e-06,1.77776386e+00
1.89432800e-06,1.77773418e+00
1.89442800e-06,1.77770451e+00
1.89452800e-06,1.77767484e+00
1.89462800e-06,1.77764516e+00
1.89472800e-06,1.77761548e+00
1.89482800e-06,1.77758580e+00
1.89492800e-06,1.77755612e+00
1.89502800e-06,1.77752644e+00
1.89512800e-06,1.77749677e+00
1.89522800e-06,1.77746709e+00
1.89532800e-06,1.77743741e+00
1.89542800e-06,1.77740774e+00
1.89552800e-06,1.77737807e+00
1.89562800e-06,1.77734840e+00
1.89572800e-06,1.77731873e+00
1.89582800e-06,1.77728907e+00
1.89592800e-06,1.77725941e+00
1.89602800e-06,1.77722975e+00
1.89612800e-06,1.77720010e+00
1.89622800e-06,1.77717046e+00
1.89632800e-06,1.77714082e+00
1.89642800e-06,1.77711118e+00
1.89652800e-06,1.77708156e+00
1.89662800e-06,1.77705193e+00
1.89672800e-06,1.77702232e+00
1.89682800e-06,1.77699271e+00
1.89692800e-06,1.77696312e+00
1.89702800e-06,1.77693353e+00
1.89712800e-06,1.77690395e+00
1.89722800e-06,1.77687438e+00
1.89732800e-06,1.77684481e+00
1.89742800e-06,1.77681526e+00
1.89752800e-06,1.77678572e+00
1.89762800e-06,1.77675620e+00
1.89772800e-06,1.77672668e+00
1.89782800e-06,1.77669718e+00
1.89792800e-06,1.77666769e+00
1.89802800e-06,1.77663821e+00
1.89812800e-06,1.77660874e+00
1.89822800e-06,1.77657929e+00
1.89832800e-06,1.77654986e+00
1.89842800e-06,1.77652044e+00
1.89852800e-06,1.77649104e+00
1.89862800e-06,1.77646165e+00
1.89872800e-06,1.77643228e+00
1.89882800e-06,1.77640293e+00
1.89892800e-06,1.77637359e+00
1.89902800e-06,1.77634427e+00
1.89912800e-06,1.77631498e+00
1.89922800e-06,1.77628570e+00
1.89932800e-06,1.77625644e+00
1.89942800e-06,1.77622720e+00
1.89952800e-06,1.77619799e+00
1.89962800e-06,1.77616879e+00
1.89972800e-06,1.77613962e+00
1.89982800e-06,1.77611047e+00
1.89992800e-06,1.77608134e+00
1.90002800e-06,1.77605224e+00
1.90012800e-06,1.77602317e+00
1.90022800e-06,1.77599411e+00
1.90032800e-06,1.77596509e+00
1.90042800e-06,1.77593609e+00
1.90052800e-06,1.77590711e+00
1.90062800e-06,1.77587817e+00
1.90072800e-06,1.77584925e+00
1.90082800e-06,1.77582036e+00
1.90092800e-06,1.77579150e+00
1.90102800e-06,1.77576267e+00
1.90112800e-06,1.77573388e+00
1.90122800e-06,1.77570511e+00
1.90132800e-06,1.77567637e+00
1.90142800e-06,1.77564767e+00
1.90152800e-06,1.77561900e+00
1.90162800e-06,1.77559036e+00
1.90172800e-06,1.77556176e+00
1.90182800e-06,1.77553319e+00
1.90192800e-06,1.77550466e+00
1.90202800e-06,1.77547617e+00
1.90212800e-06,1.77544771e+00
1.90222800e-06,1.77541929e+00
1.90232800e-06,1.77539091e+00
1.90242800e-06,1.77536256e+00
1.90252800e-06,1.77533426e+00
1.90262800e-06,1.77530600e+00
1.90272800e-06,1.77527778e+00
1.90282800e-06,1.77524960e+00
1.90292800e-06,1.77522146e+00
1.90302800e-06,1.77519337e+00
1.90312800e-06,1.77516532e+00
1.90322800e-06,1.77513731e+00
1.90332800e-06,1.77510935e+00
1.90342800e-06,1.77508144e+00
1.90352800e-06,1.77505357e+00
1.90362800e-06,1.77502575e+00
1.90372800e-06,1.77499798e+00
1.90382800e-06,1.77497026e+00
1.90392800e-06,1.77494258e+00
1.90402800e-06,1.77491496e+00
1.90412800e-06,1.77488739e+00
1.90422800e-06,1.77485987e+00
1.90432800e-06,1.77483241e+00
1.90442800e-06,1.77480500e+00
1.90452800e-06,1.77477764e+00
1.90462800e-06,1.77475034e+00
1.90472800e-06,1.77472309e+00
1.90482800e-06,1.77469590e+00
1.90492800e-06,1.77466877e+00
1.90502800e-06,1.77464170e+00
1.90512800e-06,1.77461468e+00
1.90522800e-06,1.77458773e+00
1.90532800e-06,1.77456084e+00
1.90542800e-06,1.77453401e+00
1.90552800e-06,1.77450724e+00
1.90562800e-06,1.77448053e+00
1.90572800e-06,1.77445389e+00
1.90582800e-06,1.77442731e+00
1.90592800e-06,1.77440080e+00
1.90602800e-06,1.77437436e+00
1.90612800e-06,1.77434798e+00
1.90622800e-06,1.77432168e+00
1.90632800e-06,1.77429544e+00
1.90642800e-06,1.77426927e+00
1.90652800e-06,1.77424317e+00
1.90662800e-06,1.77421715e+00
1.90672800e-06,1.77419120e+00
1.90682800e-06,1.77416532e+00
1.90692800e-06,1.77413952e+00
1.90702800e-06,1.77411379e+00
1.90712800e-06,1.77408814e+00
1.90722800e-06,1.77406256e+00
1.90732800e-06,1.77403707e+00
1.90742800e-06,1.77401165e+00
1.90752800e-06,1.77398632e+00
1.90762800e-06,1.77396106e+00
1.90772800e-06,1.77393589e+00
1.90782800e-06,1.77391080e+00
1.90792800e-06,1.77388580e+00
1.90802800e-06,1.77386088e+00
1.90812800e-06,1.77383604e+00
1.90822800e-06,1.77381129e+00
1.90832800e-06,1.77378664e+00
1.90842800e-06,1.77376207e+00
1.90852800e-06,1.77373759e+00
1.90862800e-06,1.77371320e+00
1.90872800e-06,1.77368890e+00
1.90882800e-06,1.77366469e+00
1.90892800e-06,1.77364058e+00
1.90902800e-06,1.77361657e+00
1.90912800e-06,1.77359265e+00
1.90922800e-06,1.77356883e+00
1.90932800e-06,1.77354510e+00
1.90942800e-06,1.77352148e+00
1.90952800e-06,1.77349795e+00
1.90962800e-06,1.77347453e+00
1.90972800e-06,1.77345121e+00
1.90982800e-06,1.77342799e+00
1.90992800e-06,1.77340487e+00
1.91002800e-06,1.77338186e+00
1.91012800e-06,1.77335896e+00
1.91022800e-06,1.77333617e+00
1.91032800e-06,1.77331348e+00
1.91042800e-06,1.77329091e+00
1.91052800e-06,1.77326844e+00
1.91062800e-06,1.77324609e+00
1.91072800e-06,1.77322385e+00
1.91082800e-06,1.77320172e+00
1.91092800e-06,1.77317971e+00
1.91102800e-06,1.77315781e+00
1.91112800e-06,1.77313604e+00
1.91122800e-06,1.77311438e+00
1.91132800e-06,1.77309284e+00
1.91142800e-06,1.77307142e+00
1.91152800e-06,1.77305013e+00
1.91162800e-06,1.77302896e+00
1.91172800e-06,1.77300791e+00
1.91182800e-06,1.77298699e+00
1.91192800e-06,1.77296619e+00
1.91202800e-06,1.77294552e+00
1.91212800e-06,1.77292498e+00
1.91222800e-06,1.77290458e+00
1.91232800e-06,1.77288430e+00
1.91242800e-06,1.77286416e+00
1.91252800e-06,1.77284414e+00
1.91262800e-06,1.77282427e+00
1.91272800e-06,1.77280453e+00
1.91282800e-06,1.77278493e+00
1.91292800e-06,1.77276547e+00
1.91302800e-06,1.77274614e+00
1.91312800e-06,1.77272696e+00
1.91322800e-06,1.77270792e+00
1.91332800e-06,1.77268902e+00
1.91342800e-06,1.77267027e+00
1.91352800e-06,1.77265167e+00
1.91362800e-06,1.77263321e+00
1.91372800e-06,1.77261490e+00
1.91382800e-06,1.77259674e+00
1.91392800e-06,1.77257873e+00
1.91402800e-06,1.77256087e+00
1.91412800e-06,1.77254317e+00
1.91422800e-06,1.77252562e+00
1.91432800e-06,1.77250823e+00
1.91442800e-06,1.77249099e+00
1.91452800e-06,1.77247392e+00
1.91462800e-06,1.77245700e+00
1.91472800e-06,1.77244025e+00
1.91482800e-06,1.77242365e+00
1.91492800e-06,1.77240722e+00
1.91502800e-06,1.77239096e+00
1.91512800e-06,1.77237486e+00
1.91522800e-06,1.77235893e+00
1.91532800e-06,1.77234317e+00
1.91542800e-06,1.77232758e+00
1.91552800e-06,1.77231216e+00
1.91562800e-06,1.77229692e+00
1.91572800e-06,1.77228184e+00
1.91582800e-06,1.77226695e+00
1.91592800e-06,1.77225223e+00
1.91602800e-06,1.77223769e+00
1.91612800e-06,1.77222333e+00
1.91622800e-06,1.77220915e+00
1.91632800e-06,1.77219515e+00
1.91642800e-06,1.77218133e+00
1.91652800e-06,1.77216770e+00
1.91662800e-06,1.77215426e+00
1.91672800e-06,1.77214100e+00
1.91682800e-06,1.77212794e+00
1.91692800e-06,1.77211506e+00
1.91702800e-06,1.77210237e+00
1.91712800e-06,1.77208988e+00
1.91722800e-06,1.77207758e+00
1.91732800e-06,1.77206548e+00
1.91742800e-06,1.77205358e+00
1.91752800e-06,1.77204187e+00
1.91762800e-06,1.77203036e+00
1.91772800e-06,1.77201906e+00
1.91782800e-06,1.77200795e+00
1.91792800e-06,1.77199705e+00
1.91802800e-06,1.77198636e+00
1.91812800e-06,1.77197587e+00
1.91822800e-06,1.77196559e+00
1.91832800e-06,1.77195552e+00
1.91842800e-06,1.77194566e+00
1.91852800e-06,1.77193602e+00
1.91862800e-06,1.77192658e+00
1.91872800e-06,1.77191736e+00
1.91882800e-06,1.77190836e+00
1.91892800e-06,1.77189958e+00
1.91902800e-06,1.77189101e+00
1.91912800e-06,1.77188267e+00
1.91922800e-06,1.77187454e+00
1.91932800e-06,1.77186664e+00
1.91942800e-06,1.77185896e+00
1.91952800e-06,1.77185151e+00
1.91962800e-06,1.77184429e+00
1.91972800e-06,1.77183729e+00
1.91982800e-06,1.77183053e+00
1.91992800e-06,1.77182399e+00
1.92002800e-06,1.77181769e+00
1.92012800e-06,1.77181162e+00
1.92022800e-06,1.77180579e+00
1.92032800e-06,1.77180020e+00
1.92042800e-06,1.77179484e+00
1.92052800e-06,1.77178972e+00
1.92062800e-06,1.77178484e+00
1.92072800e-06,1.77178021e+00
1.92082800e-06,1.77177581e+00
1.92092800e-06,1.77177167e+00
1.92102800e-06,1.77176777e+00
1.92112800e-06,1.77176411e+00
1.92122800e-06,1.77176071e+00
1.92132800e-06,1.77175755e+00
1.92142800e-06,1.77175465e+00
1.92152800e-06,1.77175200e+00
1.92162800e-06,1.77174960e+00
1.92172800e-06,1.77174746e+00
1.92182800e-06,1.77174557e+00
1.92192800e-06,1.77174395e+00
1.92202800e-06,1.77174258e+00
1.92212800e-06,1.77174147e+00
1.92222800e-06,1.77174063e+00
1.92232800e-06,1.77174004e+00
1.92242800e-06,1.77173972e+00
1.92252800e-06,1.77173967e+00
1.92262800e-06,1.77173989e+00
1.92272800e-06,1.77174037e+00
1.92282800e-06,1.77174112e+00
1.92292800e-06,1.77174214e+00
1.92302800e-06,1.77174344e+00
1.92312800e-06,1.77174501e+00
1.92322800e-06,1.77174685e+00
1.92332800e-06,1.77174897e+00
1.92342800e-06,1.77175136e+00
1.92352800e-06,1.77175403e+00
1.92362800e-06,1.77175699e+00
1.92372800e-06,1.77176022e+00
1.92382800e-06,1.77176373e+00
1.92392800e-06,1.77176753e+00
1.92402800e-06,1.77177161e+00
1.92412800e-06,1.77177598e+00
1.92422800e-06,1.77178063e+00
1.92432800e-06,1.77178557e+00
1.92442800e-06,1.77179079e+00
1.92452800e-06,1.77179631e+00
1.92462800e-06,1.77180212e+00
1.92472800e-06,1.77180822e+00
1.92482800e-06,1.77181461e+00
1.92492800e-06,1.77182130e+00
1.92502800e-06,1.77182828e+00
1.92512800e-06,1.77183556e+00
1.92522800e-06,1.77184313e+00
1.92532800e-06,1.77185101e+00
1.92542800e-06,1.77185918e+00
1.92552800e-06,1.77186765e+00
1.92562800e-06,1.77187643e+00
1.92572800e-06,1.77188550e+00
1.92582800e-06,1.77189488e+00
1.92592800e-06,1.77190457e+00
1.92602800e-06,1.77191456e+00
1.92612800e-06,1.77192485e+00
1.92622800e-06,1.77193545e+00
1.92632800e-06,1.77194636e+00
1.92642800e-06,1.77195758e+00
1.92652800e-06,1.77196911e+00
1.92662800e-06,1.77198095e+00
1.92672800e-06,1.77199310e+00
1.92682800e-06,1.77200556e+00
1.92692800e-06,1.77201834e+00
1.92702800e-06,1.77203143e+00
1.92712800e-06,1.77204483e+00
1.92722800e-06,1.77205855e+00
1.92732800e-06,1.77207259e+00
1.92742800e-06,1.77208694e+00
1.92752800e-06,1.77210162e+00
1.92762800e-06,1.77211661e+00
1.92772800e-06,1.77213191e+00
1.92782800e-06,1.77214754e+00
1.92792800e-06,1.77216349e+00
1.92802800e-06,1.77217976e+00
1.92812800e-06,1.77219636e+00
1.92822800e-06,1.77221327e+00
1.92832800e-06,1.77223051e+00
1.92842800e-06,1.77224807e+00
1.92852800e-06,1.77226596e+00
1.92862800e-06,1.77228417e+00
1.92872800e-06,1.77230271e+00
1.92882800e-06,1.77232157e+00
1.92892800e-06,1.77234076e+00
1.92902800e-06,1.77236028e+00
1.92912800e-06,1.77238012e+00
1.92922800e-06,1.77240029e+00
1.92932800e-06,1.77242079e+00
1.92942800e-06,1.77244162e+00
1.92952800e-06,1.77246277e+00
1.92962800e-06,1.77248426e+00
1.92972800e-06,1.77250608e+00
1.92982800e-06,1.77252822e+00
1.92992800e-06,1.77255070e+00
1.93002800e-06,1.77257350e+00
1.93012800e-06,1.77259664e+00
1.93022800e-06,1.77262011e+00
1.93032800e-06,1.77264391e+00
1.93042800e-06,1.77266804e+00
1.93052800e-06,1.77269250e+00
1.93062800e-06,1.77271730e+00
1.93072800e-06,1.77274243e+00
1.93082800e-06,1.77276788e+00
1.93092800e-06,1.77279368e+00
1.93102800e-06,1.77281980e+00
1.93112800e-06,1.77284625e+00
1.93122800e-06,1.77287304e+00
1.93132800e-06,1.77290016e+00
1.93142800e-06,1.77292761e+00
1.93152800e-06,1.77295540e+00
1.93162800e-06,1.77298351e+00
1.93172800e-06,1.77301196e+00
1.93182800e-06,1.77304074e+00
1.93192800e-06,1.77306985e+00
1.93202800e-06,1.77309929e+00
1.93212800e-06,1.77312907e+00
1.93222800e-06,1.77315917e+00
1.93232800e-06,1.77318961e+00
1.93242800e-06,1.77322038e+00
1.93252800e-06,1.77325148e+00
1.93262800e-06,1.77328290e+00
1.93272800e-06,1.77331466e+00
1.93282800e-06,1.77334675e+00
1.93292800e-06,1.77337916e+00
1.93302800e-06,1.77341190e+00
1.93312800e-06,1.77344498e+00
1.93322800e-06,1.77347837e+00
1.93332800e-06,1.77351210e+00
1.93342800e-06,1.77354615e+00
1.93352800e-06,1.77358053e+00
1.93362800e-06,1.77361524e+00
1.93372800e-06,1.77365027e+00
1.93382800e-06,1.77368562e+00
1.93392800e-06,1.77372130e+00
1.93402800e-06,1.77375730e+00
1.93412800e-06,1.77379362e+00
1.93422800e-06,1.77383026e+00
1.93432800e-06,1.77386723e+00
1.93442800e-06,1.77390451e+00
1.93452800e-06,1.77394211e+00
1.93462800e-06,1.77398004e+00
1.93472800e-06,1.77401827e+00
1.93482800e-06,1.77405683e+00
1.93492800e-06,1.77409570e+00
1.93502800e-06,1.77413489e+00
1.93512800e-06,1.77417439e+00
1.93522800e-06,1.77421420e+00
1.93532800e-06,1.77425433e+00
1.93542800e-06,1.77429476e+00
1.93552800e-06,1.77433551e+00
1.93562800e-06,1.77437656e+00
1.93572800e-06,1.77441793e+00
1.93582800e-06,1.77445959e+00
1.93592800e-06,1.77450157e+00
1.93602800e-06,1.77454385e+00
1.93612800e-06,1.77458643e+00
1.93622800e-06,1.77462931e+00
1.93632800e-06,1.77467249e+00
1.93642800e-06,1.77471597e+00
1.93652800e-06,1.77475975e+00
1.93662800e-06,1.77480383e+00
1.93672800e-06,1.77484820e+00
1.93682800e-06,1.77489287e+00
1.93692800e-06,1.77493782e+00
1.93702800e-06,1.77498307e+00
1.93712800e-06,1.77502861e+00
1.93722800e-06,1.77507443e+00
1.93732800e-06,1.77512055e+00
1.93742800e-06,1.77516694e+00
1.93752800e-06,1.77521362e+00
1.93762800e-06,1.77526059e+00
1.93772800e-06,1.77530783e+00
1.93782800e-06,1.77535535e+00
1.93792800e-06,1.77540315e+00
1.93802800e-06,1.77545122e+00
1.93812800e-06,1.77549956e+00
1.93822800e-06,1.77554818e+00
1.93832800e-06,1.77559707e+00
1.93842800e-06,1.77564623e+00
1.93852800e-06,1.77569565e+00
1.93862800e-06,1.77574533e+00
1.93872800e-06,1.77579528e+00
1.93882800e-06,1.77584550e+00
1.93892800e-06,1.77589597e+00
1.93902800e-06,1.77594669e+00
1.93912800e-06,1.77599767e+00
1.93922800e-06,1.77604891e+00
1.93932800e-06,1.77610040e+00
1.93942800e-06,1.77615213e+00
1.93952800e-06,1.77620412e+00
1.93962800e-06,1.77625635e+00
1.93972800e-06,1.77630882e+00
1.93982800e-06,1.77636153e+00
1.93992800e-06,1.77641449e+00
1.94002800e-06,1.77646767e+00
1.94012800e-06,1.77652110e+00
1.94022800e-06,1.77657476e+00
1.94032800e-06,1.77662865e+00
1.94042800e-06,1.77668276e+00
1.94052800e-06,1.77673710e+00
1.94062800e-06,1.77679167e+00
1.94072800e-06,1.77684646e+00
1.94082800e-06,1.77690147e+00
1.94092800e-06,1.77695669e+00
1.94102800e-06,1.77701213e+00
1.94112800e-06,1.77706779e+00
1.94122800e-06,1.77712365e+00
1.94132800e-06,1.77717972e+00
1.94142800e-06,1.77723600e+00
1.94152800e-06,1.77729248e+00
1.94162800e-06,1.77734916e+00
1.94172800e-06,1.77740605e+00
1.94182800e-06,1.77746312e+00
1.94192800e-06,1.77752039e+00
1.94202800e-06,1.77757786e+00
1.94212800e-06,1.77763551e+00
1.94222800e-06,1.77769335e+00
1.94232800e-06,1.77775137e+00
1.94242800e-06,1.77780957e+00
1.94252800e-06,1.77786796e+00
1.94262800e-06,1.77792652e+00
1.94272800e-06,1.77798525e+00
1.94282800e-06,1.77804415e+00
1.94292800e-06,1.77810323e+00
1.94302800e-06,1.77816247e+00
1.94312800e-06,1.77822188e+00
1.94322800e-06,1.77828144e+00
1.94332800e-06,1.77834117e+00
1.94342800e-06,1.77840105e+00
1.94352800e-06,1.77846109e+00
1.94362800e-06,1.77852127e+00
1.94372800e-06,1.77858161e+00
1.94382800e-06,1.77864209e+00
1.94392800e-06,1.77870272e+00
1.94402800e-06,1.77876348e+00
1.94412800e-06,1.77882439e+00
1.94422800e-06,1.77888543e+00
1.94432800e-06,1.77894660e+00
1.94442800e-06,1.77900790e+00
1.94452800e-06,1.77906933e+00
1.94462800e-06,1.77913089e+00
1.94472800e-06,1.77919257e+00
1.94482800e-06,1.77925436e+00
1.94492800e-06,1.77931628e+00
1.94502800e-06,1.77937831e+00
1.94512800e-06,1.77944045e+00
1.94522800e-06,1.77950270e+00
1.94532800e-06,1.77956506e+00
1.94542800e-06,1.77962752e+00
1.94552800e-06,1.77969008e+00
1.94562800e-06,1.77975274e+00
1.94572800e-06,1.77981549e+00
1.94582800e-06,1.77987834e+00
1.94592800e-06,1.77994128e+00
1.94602800e-06,1.78000431e+00
1.94612800e-06,1.78006742e+00
1.94622800e-06,1.78013062e+00
1.94632800e-06,1.78019390e+00
1.94642800e-06,1.78025725e+00
1.94652800e-06,1.78032068e+00
1.94662800e-06,1.78038418e+00
1.94672800e-06,1.78044775e+00
1.94682800e-06,1.78051138e+00
1.94692800e-06,1.78057508e+00
1.94702800e-06,1.78063884e+00
1.94712800e-06,1.78070266e+00
1.94722800e-06,1.78076654e+00
1.94732800e-06,1.78083047e+00
1.94742800e-06,1.78089445e+00
1.94752800e-06,1.78095848e+00
1.94762800e-06,1.78102256e+00
1.94772800e-06,1.78108668e+00
1.94782800e-06,1.78115084e+00
1.94792800e-06,1.78121504e+00
1.94802800e-06,1.78127927e+00
1.94812800e-06,1.78134354e+00
1.94822800e-06,1.78140783e+00
1.94832800e-06,1.78147216e+00
1.94842800e-06,1.78153651e+00
1.94852800e-06,1.78160088e+00
1.94862800e-06,1.78166528e+00
1.94872800e-06,1.78172969e+00
1.94882800e-06,1.78179412e+00
1.94892800e-06,1.78185856e+00
1.94902800e-06,1.78192301e+00
1.94912800e-06,1.78198747e+00
1.94922800e-06,1.78205194e+00
1.94932800e-06,1.78211641e+00
1.94942800e-06,1.78218088e+00
1.94952800e-06,1.78224534e+00
1.94962800e-06,1.78230981e+00
1.94972800e-06,1.78237427e+00
1.94982800e-06,1.78243872e+00
1.94992800e-06,1.78250315e+00
1.95002800e-06,1.78256758e+00
1.95012800e-06,1.78263199e+00
1.95022800e-06,1.78269638e+00
1.95032800e-06,1.78276075e+00
1.95042800e-06,1.78282510e+00
1.95052800e-06,1.78288942e+00
1.95062800e-06,1.78295372e+00
1.95072800e-06,1.78301798e+00
1.95082800e-06,1.78308222e+00
1.95092800e-06,1.78314642e+00
1.95102800e-06,1.78321059e+00
1.95112800e-06,1.78327471e+00
1.95122800e-06,1.78333880e+00
1.95132800e-06,1.78340285e+00
1.95142800e-06,1.78346685e+00
1.95152800e-06,1.78353080e+00
1.95162800e-06,1.78359471e+00
1.95172800e-06,1.78365856e+00
1.95182800e-06,1.78372236e+00
1.95192800e-06,1.78378611e+00
1.95202800e-06,1.78384980e+00
1.95212800e-06,1.78391343e+00
1.95222800e-06,1.78397699e+00
1.95232800e-06,1.78404050e+00
1.95242800e-06,1.78410394e+00
1.95252800e-06,1.78416732e+00
1.95262800e-06,1.78423062e+00
1.95272800e-06,1.78429386e+00
1.95282800e-06,1.78435702e+00
1.95292800e-06,1.78442011e+00
1.95302800e-06,1.78448312e+00
1.95312800e-06,1.78454605e+00
1.95322800e-06,1.78460890e+00
1.95332800e-06,1.78467167e+00
1.95342800e-06,1.78473436e+00
1.95352800e-06,1.78479696e+00
1.95362800e-06,1.78485948e+00
1.95372800e-06,1.78492190e+00
1.95382800e-06,1.78498424e+00
1.95392800e-06,1.78504648e+00
1.95402800e-06,1.78510863e+00
1.95412800e-06,1.78517069e+00
1.95422800e-06,1.78523265e+00
1.95432800e-06,1.78529450e+00
1.95442800e-06,1.78535626e+00
1.95452800e-06,1.78541792e+00
1.95462800e-06,1.78547947e+00
1.95472800e-06,1.78554092e+00
1.95482800e-06,1.78560226e+00
1.95492800e-06,1.78566349e+00
1.95502800e-06,1.78572462e+00
1.95512800e-06,1.78578563e+00
1.95522800e-06,1.78584653e+00
1.95532800e-06,1.78590731e+00
1.95542800e-06,1.78596798e+00
1.95552800e-06,1.78602854e+00
1.95562800e-06,1.78608898e+00
1.95572800e-06,1.78614929e+00
1.95582800e-06,1.78620949e+00
1.95592800e-06,1.78626956e+00
1.95602800e-06,1.78632951e+00
1.95612800e-06,1.78638934e+00
1.95622800e-06,1.78644904e+00
1.95632800e-06,1.78650861e+00
1.95642800e-06,1.78656806e+00
1.95652800e-06,1.78662737e+00
1.95662800e-06,1.78668656e+00
1.95672800e-06,1.78674561e+00
1.95682800e-06,1.78680453e+00
1.95692800e-06,1.78686332e+00
1.95702800e-06,1.78692197e+00
1.95712800e-06,1.78698048e+00
1.95722800e-06,1.78703886e+00
1.95732800e-06,1.78709710e+00
1.95742800e-06,1.78715520e+00
1.95752800e-06,1.78721316e+00
1.95762800e-06,1.78727098e+00
1.95772800e-06,1.78732865e+00
1.95782800e-06,1.78738619e+00
1.95792800e-06,1.78744357e+00
1.95802800e-06,1.78750082e+00
1.95812800e-06,1.78755791e+00
1.95822800e-06,1.78761486e+00
1.95832800e-06,1.78767166e+00
1.95842800e-06,1.78772832e+00
1.95852800e-06,1.78778482e+00
1.95862800e-06,1.78784117e+00
1.95872800e-06,1.78789737e+00
1.95882800e-06,1.78795342e+00
1.95892800e-06,1.78800932e+00
1.95902800e-06,1.78806506e+00
1.95912800e-06,1.78812065e+00
1.95922800e-06,1.78817609e+00
1.95932800e-06,1.78823136e+00
1.95942800e-06,1.78828649e+00
1.95952800e-06,1.78834145e+00
1.95962800e-06,1.78839626e+00
1.95972800e-06,1.78845091e+00
1.95982800e-06,1.78850540e+00
1.95992800e-06,1.78855973e+00
1.96002800e-06,1.78861390e+00
1.96012800e-06,1.78866790e+00
1.96022800e-06,1.78872175e+00
1.96032800e-06,1.78877544e+00
1.96042800e-06,1.78882896e+00
1.96052800e-06,1.78888232e+00
1.96062800e-06,1.78893552e+00
1.96072800e-06,1.78898855e+00
1.96082800e-06,1.78904142e+00
1.96092800e-06,1.78909413e+00
1.96102800e-06,1.78914666e+00
1.96112800e-06,1.78919904e+00
1.96122800e-06,1.78925124e+00
1.96132800e-06,1.78930328e+00
1.96142800e-06,1.78935516e+00
1.96152800e-06,1.78940686e+00
1.96162800e-06,1.78945840e+00
1.96172800e-06,1.78950977e+00
1.96182800e-06,1.78956097e+00
1.96192800e-06,1.78961201e+00
1.96202800e-06,1.78966287e+00
1.96212800e-06,1.78971357e+00
1.96222800e-06,1.78976409e+00
1.96232800e-06,1.78981445e+00
1.96242800e-06,1.78986463e+00
1.96252800e-06,1.78991465e+00
1.96262800e-06,1.78996449e+00
1.96272800e-06,1.79001417e+00
1.96282800e-06,1.79006367e+00
1.96292800e-06,1.79011300e+00
1.96302800e-06,1.79016216e+00
1.96312800e-06,1.79021115e+00
1.96322800e-06,1.79025997e+00
1.96332800e-06,1.79030861e+00
1.96342800e-06,1.79035709e+00
1.96352800e-06,1.79040539e+00
1.96362800e-06,1.79045352e+00
1.96372800e-06,1.79050147e+00
1.96382800e-06,1.79054926e+00
1.96392800e-06,1.79059687e+00
1.96402800e-06,1.79064430e+00
1.96412800e-06,1.79069157e+00
1.96422800e-06,1.79073866e+00
1.96432800e-06,1.79078558e+00
1.96442800e-06,1.79083233e+00
1.96452800e-06,1.79087891e+00
1.96462800e-06,1.79092531e+00
1.96472800e-06,1.79097154e+00
1.96482800e-06,1.79101759e+00
1.96492800e-06,1.79106347e+00
1.96502800e-06,1.79110918e+00
1.96512800e-06,1.79115472e+00
1.96522800e-06,1.79120008e+00
1.96532800e-06,1.79124528e+00
1.96542800e-06,1.79129030e+00
1.96552800e-06,1.79133514e+00
1.96562800e-06,1.79137981e+00
1.96572800e-06,1.79142432e+00
1.96582800e-06,1.79146864e+00
1.96592800e-06,1.79151280e+00
1.96602800e-06,1.79155679e+00
1.96612800e-06,1.79160060e+00
1.96622800e-06,1.79164424e+00
1.96632800e-06,1.79168771e+00
1.96642800e-06,1.79173100e+00
1.96652800e-06,1.79177413e+00
1.96662800e-06,1.79181708e+00
1.96672800e-06,1.79185986e+00
1.96682800e-06,1.79190247e+00
1.96692800e-06,1.79194491e+00
1.96702800e-06,1.79198718e+00
1.96712800e-06,1.79202928e+00
1.96722800e-06,1.79207121e+00
1.96732800e-06,1.79211297e+00
1.96742800e-06,1.79215456e+00
1.96752800e-06,1.79219598e+00
1.96762800e-06,1.79223723e+00
1.96772800e-06,1.79227831e+00
1.96782800e-06,1.79231922e+00
1.96792800e-06,1.79235996e+00
1.96802800e-06,1.79240053e+00
1.96812800e-06,1.79244094e+00
1.96822800e-06,1.79248117e+00
1.96832800e-06,1.79252124e+00
1.96842800e-06,1.79256114e+00
1.96852800e-06,1.79260088e+00
1.96862800e-06,1.79264044e+00
1.96872800e-06,1.79267984e+00
1.96882800e-06,1.79271908e+00
1.96892800e-06,1.79275814e+00
1.96902800e-06,1.79279705e+00
1.96912800e-06,1.79283578e+00
1.96922800e-06,1.79287435e+00
1.96932800e-06,1.79291276e+00
1.96942800e-06,1.79295100e+00
1.96952800e-06,1.79298907e+00
1.96962800e-06,1.79302698e+00
1.96972800e-06,1.79306473e+00
1.96982800e-06,1.79310232e+00
1.96992800e-06,1.79313974e+00
1.97002800e-06,1.79317700e+00
1.97012800e-06,1.79321409e+00
1.97022800e-06,1.79325103e+00
1.97032800e-06,1.79328780e+00
1.97042800e-06,1.79332441e+00
1.97052800e-06,1.79336086e+00
1.97062800e-06,1.79339715e+00
1.97072800e-06,1.79343328e+00
1.97082800e-06,1.79346925e+00
1.97092800e-06,1.79350506e+00
1.97102800e-06,1.79354071e+00
1.97112800e-06,1.79357620e+00
1.97122800e-06,1.79361154e+00
1.97132800e-06,1.79364671e+00
1.97142800e-06,1.79368173e+00
1.97152800e-06,1.79371659e+00
1.97162800e-06,1.79375129e+00
1.97172800e-06,1.79378584e+00
1.97182800e-06,1.79382023e+00
1.97192800e-06,1.79385446e+00
1.97202800e-06,1.79388854e+00
1.97212800e-06,1.79392246e+00
1.97222800e-06,1.79395623e+00
1.97232800e-06,1.79398985e+00
1.97242800e-06,1.79402331e+00
1.97252800e-06,1.79405662e+00
1.97262800e-06,1.79408978e+00
1.97272800e-06,1.79412278e+00
1.97282800e-06,1.79415563e+00
1.97292800e-06,1.79418833e+00
1.97302800e-06,1.79422088e+00
1.97312800e-06,1.79425327e+00
1.97322800e-06,1.79428552e+00
1.97332800e-06,1.79431762e+00
1.97342800e-06,1.79434956e+00
1.97352800e-06,1.79438136e+00
1.97362800e-06,1.79441301e+00
1.97372800e-06,1.79444451e+00
1.97382800e-06,1.79447587e+00
1.97392800e-06,1.79450707e+00
1.97402800e-06,1.79453813e+00
1.97412800e-06,1.79456904e+00
1.97422800e-06,1.79459981e+00
1.97432800e-06,1.79463043e+00
1.97442800e-06,1.79466091e+00
1.97452800e-06,1.79469124e+00
1.97462800e-06,1.79472143e+00
1.97472800e-06,1.79475147e+00
1.97482800e-06,1.79478137e+00
1.97492800e-06,1.79481112e+00
1.97502800e-06,1.79484074e+00
1.97512800e-06,1.79487021e+00
1.97522800e-06,1.79489954e+00
1.97532800e-06,1.79492873e+00
1.97542800e-06,1.79495778e+00
1.97552800e-06,1.79498669e+00
1.97562800e-06,1.79501546e+00
1.97572800e-06,1.79504408e+00
1.97582800e-06,1.79507257e+00
1.97592800e-06,1.79510093e+00
1.97602800e-06,1.79512914e+00
1.97612800e-06,1.79515722e+00
1.97622800e-06,1.79518516e+00
1.97632800e-06,1.79521296e+00
1.97642800e-06,1.79524063e+00
1.97652800e-06,1.79526816e+00
1.97662800e-06,1.79529555e+00
1.97672800e-06,1.79532281e+00
1.97682800e-06,1.79534994e+00
1.97692800e-06,1.79537693e+00
1.97702800e-06,1.79540379e+00
1.97712800e-06,1.79543052e+00
1.97722800e-06,1.79545712e+00
1.97732800e-06,1.79548358e+00
1.97742800e-06,1.79550991e+00
1.97752800e-06,1.79553611e+00
1.97762800e-06,1.79556218e+00
1.97772800e-06,1.79558812e+00
1.97782800e-06,1.79561393e+00
1.97792800e-06,1.79563961e+00
1.97802800e-06,1.79566516e+00
1.97812800e-06,1.79569058e+00
1.97822800e-06,1.79571588e+00
1.97832800e-06,1.79574105e+00
1.97842800e-06,1.79576609e+00
1.97852800e-06,1.79579100e+00
1.97862800e-06,1.79581579e+00
1.97872800e-06,1.79584046e+00
1.97882800e-06,1.79586499e+00
1.97892800e-06,1.79588941e+00
1.97902800e-06,1.79591370e+00
1.97912800e-06,1.79593786e+00
1.97922800e-06,1.79596191e+00
1.97932800e-06,1.79598583e+00
1.97942800e-06,1.79600963e+00
1.97952800e-06,1.79603330e+00
1.97962800e-06,1.79605686e+00
1.97972800e-06,1.79608029e+00
1.97982800e-06,1.79610361e+00
1.97992800e-06,1.79612680e+00
1.98002800e-06,1.79614987e+00
1.98012800e-06,1.79617283e+00
1.98022800e-06,1.79619567e+00
1.98032800e-06,1.79621839e+00
1.98042800e-06,1.79624099e+00
1.98052800e-06,1.79626347e+00
1.98062800e-06,1.79628584e+00
1.98072800e-06,1.79630809e+00
1.98082800e-06,1.79633022e+00
1.98092800e-06,1.79635224e+00
1.98102800e-06,1.79637415e+00
1.98112800e-06,1.79639594e+00
1.98122800e-06,1.79641761e+00
1.98132800e-06,1.79643918e+00
1.98142800e-06,1.79646063e+00
1.98152800e-06,1.79648196e+00
1.98162800e-06,1.79650319e+00
1.98172800e-06,1.79652430e+00
1.98182800e-06,1.79654530e+00
1.98192800e-06,1.79656619e+00
1.98202800e-06,1.79658698e+00
1.98212800e-06,1.79660765e+00
1.98222800e-06,1.79662821e+00
1.98232800e-06,1.79664866e+00
1.98242800e-06,1.79666900e+00
1.98252800e-06,1.79668924e+00
1.98262800e-06,1.79670937e+00
1.98272800e-06,1.79672939e+00
1.98282800e-06,1.79674930e+00
1.98292800e-06,1.79676911e+00
1.98302800e-06,1.79678881e+00
1.98312800e-06,1.79680840e+00
1.98322800e-06,1.79682789e+00
1.98332800e-06,1.79684728e+00
1.98342800e-06,1.79686656e+00
1.98352800e-06,1.79688574e+00
1.98362800e-06,1.79690481e+00
1.98372800e-06,1.79692378e+00
1.98382800e-06,1.79694265e+00
1.98392800e-06,1.79696142e+00
1.98402800e-06,1.79698009e+00
1.98412800e-06,1.79699865e+00
1.98422800e-06,1.79701711e+00
1.98432800e-06,1.79703548e+00
1.98442800e-06,1.79705374e+00
1.98452800e-06,1.79707191e+00
1.98462800e-06,1.79708997e+00
1.98472800e-06,1.79710794e+00
1.98482800e-06,1.79712581e+00
1.98492800e-06,1.79714358e+00
1.98502800e-06,1.79716125e+00
1.98512800e-06,1.79717883e+00
1.98522800e-06,1.79719631e+00
1.98532800e-06,1.79721369e+00
1.98542800e-06,1.79723098e+00
1.98552800e-06,1.79724817e+00
1.98562800e-06,1.79726527e+00
1.98572800e-06,1.79728227e+00
1.98582800e-06,1.79729918e+00
1.98592800e-06,1.79731600e+00
1.98602800e-06,1.79733272e+00
1.98612800e-06,1.79734935e+00
1.98622800e-06,1.79736589e+00
1.98632800e-06,1.79738234e+00
1.98642800e-06,1.79739869e+00
1.98652800e-06,1.79741495e+00
1.98662800e-06,1.79743113e+00
1.98672800e-06,1.79744721e+00
1.98682800e-06,1.79746320e+00
1.98692800e-06,1.79747911e+00
1.98702800e-06,1.79749492e+00
1.98712800e-06,1.79751065e+00
1.98722800e-06,1.79752628e+00
1.98732800e-06,1.79754183e+00
1.98742800e-06,1.79755729e+00
1.98752800e-06,1.79757267e+00
1.98762800e-06,1.79758796e+00
1.98772800e-06,1.79760316e+00
1.98782800e-06,1.79761828e+00
1.98792800e-06,1.79763331e+00
1.98802800e-06,1.79764825e+00
1.98812800e-06,1.79766311e+00
1.98822800e-06,1.79767789e+00
1.98832800e-06,1.79769258e+00
1.98842800e-06,1.79770719e+00
1.98852800e-06,1.79772172e+00
1.98862800e-06,1.79773616e+00
1.98872800e-06,1.79775052e+00
1.98882800e-06,1.79776480e+00
1.98892800e-06,1.79777900e+00
1.98902800e-06,1.79779311e+00
1.98912800e-06,1.79780715e+00
1.98922800e-06,1.79782110e+00
1.98932800e-06,1.79783498e+00
1.98942800e-06,1.79784877e+00
1.98952800e-06,1.79786249e+00
1.98962800e-06,1.79787612e+00
1.98972800e-06,1.79788968e+00
1.98982800e-06,1.79790316e+00
1.98992800e-06,1.79791656e+00
1.99002800e-06,1.79792989e+00
1.99012800e-06,1.79794314e+00
1.99022800e-06,1.79795631e+00
1.99032800e-06,1.79796940e+00
1.99042800e-06,1.79798242e+00
1.99052800e-06,1.79799536e+00
1.99062800e-06,1.79800823e+00
1.99072800e-06,1.79802102e+00
1.99082800e-06,1.79803374e+00
1.99092800e-06,1.79804638e+00
1.99102800e-06,1.79805895e+00
1.99112800e-06,1.79807145e+00
1.99122800e-06,1.79808387e+00
1.99132800e-06,1.79809622e+00
1.99142800e-06,1.79810850e+00
1.99152800e-06,1.79812071e+00
1.99162800e-06,1.79813284e+00
1.99172800e-06,1.79814490e+00
1.99182800e-06,1.79815689e+00
1.99192800e-06,1.79816881e+00
1.99202800e-06,1.79818067e+00
1.99212800e-06,1.79819245e+00
1.99222800e-06,1.79820416e+00
1.99232800e-06,1.79821580e+00
1.99242800e-06,1.79822737e+00
1.99252800e-06,1.79823888e+00
1.99262800e-06,1.79825031e+00
1.99272800e-06,1.79826168e+00
1.99282800e-06,1.79827298e+00
1.99292800e-06,1.79828421e+00
1.99302800e-06,1.79829538e+00
1.99312800e-06,1.79830648e+00
1.99322800e-06,1.79831751e+00
1.99332800e-06,1.79832848e+00
1.99342800e-06,1.79833938e+00
1.99352800e-06,1.79835022e+00
1.99362800e-06,1.79836099e+00
1.99372800e-06,1.79837170e+00
1.99382800e-06,1.79838234e+00
1.99392800e-06,1.79839292e+00
1.99402800e-06,1.79840343e+00
1.99412800e-06,1.79841389e+00
1.99422800e-06,1.79842428e+00
1.99432800e-06,1.79843460e+00
1.99442800e-06,1.79844487e+00
1.99452800e-06,1.79845507e+00
1.99462800e-06,1.79846521e+00
1.99472800e-06,1.79847529e+00
1.99482800e-06,1.79848530e+00
1.99492800e-06,1.79849526e+00
1.99502800e-06,1.79850516e+00
1.99512800e-06,1.79851499e+00
1.99522800e-06,1.79852477e+00
1.99532800e-06,1.79853449e+00
1.99542800e-06,1.79854415e+00
1.99552800e-06,1.79855374e+00
1.99562800e-06,1.79856329e+00
1.99572800e-06,1.79857277e+00
1.99582800e-06,1.79858219e+00
1.99592800e-06,1.79859156e+00
1.99602800e-06,1.79860087e+00
1.99612800e-06,1.79861012e+00
1.99622800e-06,1.79861931e+00
1.99632800e-06,1.79862845e+00
1.99642800e-06,1.79863753e+00
1.99652800e-06,1.79864656e+00
1.99662800e-06,1.79865553e+00
1.99672800e-06,1.79866445e+00
1.99682800e-06,1.79867331e+00
1.99692800e-06,1.79868211e+00
1.99702800e-06,1.79869086e+00
1.99712800e-06,1.79869956e+00
1.99722800e-06,1.79870820e+00
1.99732800e-06,1.79871679e+00
1.99742800e-06,1.79872533e+00
1.99752800e-06,1.79873381e+00
1.99762800e-06,1.79874224e+00
1.99772800e-06,1.79875062e+00
1.99782800e-06,1.79875895e+00
1.99792800e-06,1.79876722e+00
1.99802800e-06,1.79877544e+00
1.99812800e-06,1.79878362e+00
1.99822800e-06,1.79879174e+00
1.99832800e-06,1.79879981e+00
1.99842800e-06,1.79880782e+00
1.99852800e-06,1.79881579e+00
1.99862800e-06,1.79882371e+00
1.99872800e-06,1.79883158e+00
1.99882800e-06,1.79883940e+00
1.99892800e-06,1.79884717e+00
1.99902800e-06,1.79885489e+00
1.99912800e-06,1.79886256e+00
1.99922800e-06,1.79887019e+00
1.99932800e-06,1.79887776e+00
1.99942800e-06,1.79888529e+00
1.99952800e-06,1.79889277e+00
1.99962800e-06,1.79890021e+00
1.99972800e-06,1.79890759e+00
1.99982800e-06,1.79891493e+00
1.99992800e-06,1.79892223e+00
2.00002800e-06,1.79892947e+00
2.00012800e-06,1.79893667e+00
2.00022800e-06,1.79894383e+00
2.00032800e-06,1.79895094e+00
2.00042800e-06,1.79895800e+00
2.00052800e-06,1.79896502e+00
2.00062800e-06,1.79897200e+00
2.00072800e-06,1.79897893e+00
2.00082800e-06,1.79898581e+00
2.00092800e-06,1.79899266e+00
2.00102800e-06,1.79899945e+00
2.00112800e-06,1.79900621e+00
2.00122800e-06,1.79901292e+00
2.00132800e-06,1.79901959e+00
2.00142800e-06,1.79902621e+00
2.00152800e-06,1.79903280e+00
2.00162800e-06,1.79903934e+00
2.00172800e-06,1.79904583e+00
2.00182800e-06,1.79905229e+00
2.00192800e-06,1.79905871e+00
2.00202800e-06,1.79906508e+00
2.00212800e-06,1.79907141e+00
2.00222800e-06,1.79907770e+00
2.00232800e-06,1.79908395e+00
2.00242800e-06,1.79909017e+00
2.00252800e-06,1.79909634e+00
2.00262800e-06,1.79910247e+00
2.00272800e-06,1.79910856e+00
2.00282800e-06,1.79911461e+00
2.00292800e-06,1.79912062e+00
2.00302800e-06,1.79912659e+00
2.00312800e-06,1.79913253e+00
2.00322800e-06,1.79913842e+00
2.00332800e-06,1.79914428e+00
2.00342800e-06,1.79915010e+00
2.00352800e-06,1.79915588e+00
2.00362800e-06,1.79916162e+00
2.00372800e-06,1.79916733e+00
2.00382800e-06,1.79917299e+00
2.00392800e-06,1.79917862e+00
2.00402800e-06,1.79918422e+00
2.00412800e-06,1.79918978e+00
2.00422800e-06,1.79919530e+00
2.00432800e-06,1.79920078e+00
2.00442800e-06,1.79920623e+00
2.00452800e-06,1.79921164e+00
2.00462800e-06,1.79921702e+00
2.00472800e-06,1.79922236e+00
2.00482800e-06,1.79922767e+00
2.00492800e-06,1.79923294e+00
2.00502800e-06,1.79923818e+00
2.00512800e-06,1.79924338e+00
2.00522800e-06,1.79924855e+00
2.00532800e-06,1.79925368e+00
2.00542800e-06,1.79925878e+00
2.00552800e-06,1.79926385e+00
2.00562800e-06,1.79926888e+00
2.00572800e-06,1.79927388e+00
2.00582800e-06,1.79927885e+00
2.00592800e-06,1.79928378e+00
2.00602800e-06,1.79928868e+00
2.00612800e-06,1.79929355e+00
2.00622800e-06,1.79929838e+00
2.00632800e-06,1.79930319e+00
2.00642800e-06,1.79930796e+00
2.00652800e-06,1.79931270e+00
2.00662800e-06,1.79931740e+00
2.00672800e-06,1.79932208e+00
2.00682800e-06,1.79932673e+00
2.00692800e-06,1.79933134e+00
2.00702800e-06,1.79933592e+00
2.00712800e-06,1.79934047e+00
2.00722800e-06,1.79934500e+00
2.00732800e-06,1.79934949e+00
2.00742800e-06,1.79935395e+00
2.00752800e-06,1.79935838e+00
2.00762800e-06,1.79936278e+00
2.00772800e-06,1.79936716e+00
2.00782800e-06,1.79937150e+00
2.00792800e-06,1.79937581e+00
2.00802800e-06,1.79938010e+00
2.00812800e-06,1.79938435e+00
2.00822800e-06,1.79938858e+00
2.00832800e-06,1.79939278e+00
2.00842800e-06,1.79939695e+00
2.00852800e-06,1.79940109e+00
2.00862800e-06,1.79940520e+00
2.00872800e-06,1.79940929e+00
2.00882800e-06,1.79941335e+00
2.00892800e-06,1.79941738e+00
2.00902800e-06,1.79942138e+00
2.00912800e-06,1.79942536e+00
2.00922800e-06,1.79942931e+00
2.00932800e-06,1.79943323e+00
2.00942800e-06,1.79943713e+00
2.00952800e-06,1.79944100e+00
2.00962800e-06,1.79944484e+00
2.00972800e-06,1.79944866e+00
2.00982800e-06,1.79945245e+00
2.00992800e-06,1.79945621e+00
2.01002800e-06,1.79945995e+00
2.01012800e-06,1.79946367e+00
2.01022800e-06,1.79946736e+00
2.01032800e-06,1.79947102e+00
2.01042800e-06,1.79947466e+00
2.01052800e-06,1.79947827e+00
2.01062800e-06,1.79948186e+00
2.01072800e-06,1.79948543e+00
2.01082800e-06,1.79948897e+00
2.01092800e-06,1.79949248e+00
2.01102800e-06,1.79949597e+00
2.01112800e-06,1.79949944e+00
2.01122800e-06,1.79950288e+00
2.01132800e-06,1.79950630e+00
2.01142800e-06,1.79950970e+00
2.01152800e-06,1.79951307e+00
2.01162800e-06,1.79951642e+00
2.01172800e-06,1.79951975e+00
2.01182800e-06,1.79952306e+00
2.01192800e-06,1.79952634e+00
2.01202800e-06,1.79952960e+00
2.01212800e-06,1.79953283e+00
2.01222800e-06,1.79953605e+00
2.01232800e-06,1.79953924e+00
2.01242800e-06,1.79954241e+00
2.01252800e-06,1.79954555e+00
2.01262800e-06,1.79954868e+00
2.01272800e-06,1.79955178e+00
2.01282800e-06,1.79955487e+00
2.01292800e-06,1.79955793e+00
2.01302800e-06,1.79956097e+00
2.01312800e-06,1.79956399e+00
2.01322800e-06,1.79956699e+00
2.01332800e-06,1.79956996e+00
2.01342800e-06,1.79957292e+00
2.01352800e-06,1.79957586e+00
2.01362800e-06,1.79957877e+00
2.01372800e-06,1.79958167e+00
2.01382800e-06,1.79958454e+00
2.01392800e-06,1.79958740e+00
2.01402800e-06,1.79959023e+00
2.01412800e-06,1.79959305e+00
2.01422800e-06,1.79959584e+00
2.01432800e-06,1.79959862e+00
2.01442800e-06,1.79960138e+00
2.01452800e-06,1.79960411e+00
2.01462800e-06,1.79960683e+00
2.01472800e-06,1.79960953e+00
2.01482800e-06,1.79961221e+00
2.01492800e-06,1.79961488e+00
2.01502800e-06,1.79961752e+00
2.01512800e-06,1.79962014e+00
2.01522800e-06,1.79962275e+00
2.01532800e-06,1.79962534e+00
2.01542800e-06,1.79962791e+00
2.01552800e-06,1.79963046e+00
2.01562800e-06,1.79963299e+00
2.01572800e-06,1.79963551e+00
2.01582800e-06,1.79963801e+00
2.01592800e-06,1.79964049e+00
2.01602800e-06,1.79964295e+00
2.01612800e-06,1.79964540e+00
2.01622800e-06,1.79964783e+00
2.01632800e-06,1.79965024e+00
2.01642800e-06,1.79965263e+00
2.01652800e-06,1.79965501e+00
2.01662800e-06,1.79965737e+00
2.01672800e-06,1.79965972e+00
2.01682800e-06,1.79966205e+00
2.01692800e-06,1.79966436e+00
2.01702800e-06,1.79966665e+00
2.01712800e-06,1.79966893e+00
2.01722800e-06,1.79967119e+00
2.01732800e-06,1.79967344e+00
2.01742800e-06,1.79967567e+00
2.01752800e-06,1.79967789e+00
2.01762800e-06,1.79968009e+00
2.01772800e-06,1.79968227e+00
2.01782800e-06,1.79968444e+00
2.01792800e-06,1.79968659e+00
2.01802800e-06,1.79968873e+00
2.01812800e-06,1.79969085e+00
2.01822800e-06,1.79969296e+00
2.01832800e-06,1.79969505e+00
2.01842800e-06,1.79969713e+00
2.01852800e-06,1.79969919e+00
2.01862800e-06,1.79970124e+00
2.01872800e-06,1.79970328e+00
2.01882800e-06,1.79970530e+00
2.01892800e-06,1.79970730e+00
2.01902800e-06,1.79970929e+00
2.01912800e-06,1.79971127e+00
2.01922800e-06,1.79971323e+00
2.01932800e-06,1.79971518e+00
2.01942800e-06,1.79971711e+00
2.01952800e-06,1.79971904e+00
2.01962800e-06,1.79972094e+00
2.01972800e-06,1.79972284e+00
2.01982800e-06,1.79972472e+00
2.01992800e-06,1.79972658e+00
2.02002800e-06,1.79972844e+00
2.02012800e-06,1.79973028e+00
2.02022800e-06,1.79973210e+00
2.02032800e-06,1.79973392e+00
2.02042800e-06,1.79973572e+00
2.02052800e-06,1.79973751e+00
2.02062800e-06,1.79973928e+00
2.02072800e-06,1.79974104e+00
2.02082800e-06,1.79974279e+00
2.02092800e-06,1.79974453e+00
2.02102800e-06,1.79974626e+00
2.02112800e-06,1.79974797e+00
2.02122800e-06,1.79974967e+00
2.02132800e-06,1.79975136e+00
2.02142800e-06,1.79975303e+00
2.02152800e-06,1.79975470e+00
2.02162800e-06,1.79975635e+00
2.02172800e-06,1.79975799e+00
2.02182800e-06,1.79975962e+00
2.02192800e-06,1.79976124e+00
2.02202800e-06,1.79976284e+00
2.02212800e-06,1.79976443e+00
2.02222800e-06,1.79976602e+00
2.02232800e-06,1.79976759e+00
2.02242800e-06,1.79976915e+00
2.02252800e-06,1.79977070e+00
2.02262800e-06,1.79977223e+00
2.02272800e-06,1.79977376e+00
2.02282800e-06,1.79977527e+00
2.02292800e-06,1.79977678e+00
2.02302800e-06,1.79977827e+00
2.02312800e-06,1.79977975e+00
2.02322800e-06,1.79978123e+00
2.02332800e-06,1.79978269e+00
2.02342800e-06,1.79978414e+00
2.02352800e-06,1.79978558e+00
2.02362800e-06,1.79978701e+00
2.02372800e-06,1.79978843e+00
2.02382800e-06,1.79978984e+00
2.02392800e-06,1.79979124e+00
2.02402800e-06,1.79979263e+00
2.02412800e-06,1.79979401e+00
2.02422800e-06,1.79979538e+00
2.02432800e-06,1.79979674e+00
2.02442800e-06,1.79979809e+00
2.02452800e-06,1.79979943e+00
2.02462800e-06,1.79980076e+00
2.02472800e-06,1.79980208e+00
2.02482800e-06,1.79980339e+00
2.02492800e-06,1.79980469e+00
2.02502800e-06,1.79980598e+00
2.02512800e-06,1.79980727e+00
2.02522800e-06,1.79980854e+00
2.02532800e-06,1.79980980e+00
2.02542800e-06,1.79981106e+00
2.02552800e-06,1.79981231e+00
2.02562800e-06,1.79981354e+00
2.02572800e-06,1.79981477e+00
2.02582800e-06,1.79981599e+00
2.02592800e-06,1.79981720e+00
2.02602800e-06,1.79981840e+00
2.02612800e-06,1.79981960e+00
2.02622800e-06,1.79982078e+00
2.02632800e-06,1.79982196e+00
2.02642800e-06,1.79982312e+00
2.02652800e-06,1.79982428e+00
2.02662800e-06,1.79982543e+00
2.02672800e-06,1.79982658e+00
2.02682800e-06,1.79982771e+00
2.02692800e-06,1.79982884e+00
2.02702800e-06,1.79982995e+00
2.02712800e-06,1.79983106e+00
2.02722800e-06,1.79983217e+00
2.02732800e-06,1.79983326e+00
2.02742800e-06,1.79983435e+00
2.02752800e-06,1.79983542e+00
2.02762800e-06,1.79983649e+00
2.02772800e-06,1.79983756e+00
2.02782800e-06,1.79983861e+00
2.02792800e-06,1.79983966e+00
2.02802800e-06,1.79984070e+00
2.02812800e-06,1.79984173e+00
2.02822800e-06,1.79984275e+00
2.02832800e-06,1.79984377e+00
2.02842800e-06,1.79984478e+00
2.02852800e-06,1.79984578e+00
2.02862800e-06,1.79984678e+00
2.02872800e-06,1.79984776e+00
2.02882800e-06,1.79984875e+00
2.02892800e-06,1.79984972e+00
2.02902800e-06,1.79985069e+00
2.02912800e-06,1.79985165e+00
2.02922800e-06,1.79985260e+00
2.02932800e-06,1.79985354e+00
2.02942800e-06,1.79985448e+00
2.02952800e-06,1.79985541e+00
2.02962800e-06,1.79985634e+00
2.02972800e-06,1.79985726e+00
2.02982800e-06,1.79985817e+00
2.02992800e-06,1.79985908e+00
2.03002800e-06,1.79985997e+00
2.03012800e-06,1.79986087e+00
2.03022800e-06,1.79986175e+00
2.03032800e-06,1.79986263e+00
2.03042800e-06,1.79986351e+00
2.03052800e-06,1.79986437e+00
2.03062800e-06,1.79986523e+00
2.03072800e-06,1.79986609e+00
2.03082800e-06,1.79986693e+00
2.03092800e-06,1.79986778e+00
2.03102800e-06,1.79986861e+00
2.03112800e-06,1.79986944e+00
2.03122800e-06,1.79987027e+00
2.03132800e-06,1.79987108e+00
2.03142800e-06,1.79987190e+00
2.03152800e-06,1.79987270e+00
2.03162800e-06,1.79987350e+00
2.03172800e-06,1.79987430e+00
2.03182800e-06,1.79987508e+00
2.03192800e-06,1.79987587e+00
2.03202800e-06,1.79987664e+00
2.03212800e-06,1.79987742e+00
2.03222800e-06,1.79987818e+00
2.03232800e-06,1.79987894e+00
2.03242800e-06,1.79987970e+00
2.03252800e-06,1.79988045e+00
2.03262800e-06,1.79988119e+00
2.03272800e-06,1.79988193e+00
2.03282800e-06,1.79988266e+00
2.03292800e-06,1.79988339e+00
2.03302800e-06,1.79988412e+00
2.03312800e-06,1.79988483e+00
2.03322800e-06,1.79988555e+00
2.03332800e-06,1.79988625e+00
2.03342800e-06,1.79988696e+00
2.03352800e-06,1.79988765e+00
2.03362800e-06,1.79988834e+00
2.03372800e-06,1.79988903e+00
2.03382800e-06,1.79988971e+00
2.03392800e-06,1.79989039e+00
2.03402800e-06,1.79989106e+00
2.03412800e-06,1.79989173e+00
2.03422800e-06,1.79989239e+00
2.03432800e-06,1.79989305e+00
2.03442800e-06,1.79989371e+00
2.03452800e-06,1.79989435e+00
2.03462800e-06,1.79989500e+00
2.03472800e-06,1.79989564e+00
2.03482800e-06,1.79989627e+00
2.03492800e-06,1.79989690e+00
2.03502800e-06,1.79989753e+00
2.03512800e-06,1.79989815e+00
2.03522800e-06,1.79989876e+00
2.03532800e-06,1.79989938e+00
2.03542800e-06,1.79989998e+00
2.03552800e-06,1.79990059e+00
2.03562800e-06,1.79990119e+00
2.03572800e-06,1.79990178e+00
2.03582800e-06,1.79990237e+00
2.03592800e-06,1.79990296e+00
2.03602800e-06,1.79990354e+00
2.03612800e-06,1.79990412e+00
2.03622800e-06,1.79990469e+00
2.03632800e-06,1.79990526e+00
2.03642800e-06,1.79990583e+00
2.03652800e-06,1.79990639e+00
2.03662800e-06,1.79990695e+00
2.03672800e-06,1.79990750e+00
2.03682800e-06,1.79990805e+00
2.03692800e-06,1.79990859e+00
2.03702800e-06,1.79990914e+00
2.03712800e-06,1.79990967e+00
2.03722800e-06,1.79991021e+00
2.03732800e-06,1.79991074e+00
2.03742800e-06,1.79991126e+00
2.03752800e-06,1.79991179e+00
2.03762800e-06,1.79991231e+00
2.03772800e-06,1.79991282e+00
2.03782800e-06,1.79991333e+00
2.03792800e-06,1.79991384e+00
2.03802800e-06,1.79991434e+00
2.03812800e-06,1.79991484e+00
2.03822800e-06,1.79991534e+00
2.03832800e-06,1.79991584e+00
2.03842800e-06,1.79991633e+00
2.03852800e-06,1.79991681e+00
2.03862800e-06,1.79991729e+00
2.03872800e-06,1.79991777e+00
2.03882800e-06,1.79991825e+00
2.03892800e-06,1.79991872e+00
2.03902800e-06,1.79991919e+00
2.03912800e-06,1.79991966e+00
2.03922800e-06,1.79992012e+00
2.03932800e-06,1.79992058e+00
2.03942800e-06,1.79992104e+00
2.03952800e-06,1.79992149e+00
2.03962800e-06,1.79992194e+00
2.03972800e-06,1.79992239e+00
2.03982800e-06,1.79992283e+00
2.03992800e-06,1.79992327e+00
2.04002800e-06,1.79992371e+00
2.04012800e-06,1.79992414e+00
2.04022800e-06,1.79992457e+00
2.04032800e-06,1.79992500e+00
2.04042800e-06,1.79992543e+00
2.04052800e-06,1.79992585e+00
2.04062800e-06,1.79992627e+00
2.04072800e-06,1.79992668e+00
2.04082800e-06,1.79992710e+00
2.04092800e-06,1.79992751e+00
2.04102800e-06,1.79992791e+00
2.04112800e-06,1.79992832e+00
2.04122800e-06,1.79992872e+00
2.04132800e-06,1.79992912e+00
2.04142800e-06,1.79992951e+00
2.04152800e-06,1.79992991e+00
2.04162800e-06,1.79993030e+00
2.04172800e-06,1.79993068e+00
2.04182800e-06,1.79993107e+00
2.04192800e-06,1.79993145e+00
2.04202800e-06,1.79993183e+00
2.04212800e-06,1.79993221e+00
2.04222800e-06,1.79993258e+00
2.04232800e-06,1.79993295e+00
2.04242800e-06,1.79993332e+00
2.04252800e-06,1.79993369e+00
2.04262800e-06,1.79993405e+00
2.04272800e-06,1.79993441e+00
2.04282800e-06,1.79993477e+00
2.04292800e-06,1.79993513e+00
2.04302800e-06,1.79993548e+00
2.04312800e-06,1.79993583e+00
2.04322800e-06,1.79993618e+00
2.04332800e-06,1.79993653e+00
2.04342800e-06,1.79993687e+00
2.04352800e-06,1.79993722e+00
2.04362800e-06,1.79993756e+00
2.04372800e-06,1.79993789e+00
2.04382800e-06,1.79993823e+00
2.04392800e-06,1.79993856e+00
2.04402800e-06,1.79993889e+00
2.04412800e-06,1.79993922e+00
2.04422800e-06,1.79993954e+00
2.04432800e-06,1.79993987e+00
2.04442800e-06,1.79994019e+00
2.04452800e-06,1.79994051e+00
2.04462800e-06,1.79994082e+00
2.04472800e-06,1.79994114e+00
2.04482800e-06,1.79994145e+00
2.04492800e-06,1.79994176e+00
2.04502800e-06,1.79994207e+00
2.04512800e-06,1.79994237e+00
2.04522800e-06,1.79994268e+00
2.04532800e-06,1.79994298e+00
2.04542800e-06,1.79994328e+00
2.04552800e-06,1.79994357e+00
2.04562800e-06,1.79994387e+00
2.04572800e-06,1.79994416e+00
2.04582800e-06,1.79994445e+00
2.04592800e-06,1.79994474e+00
2.04602800e-06,1.79994503e+00
2.04612800e-06,1.79994532e+00
2.04622800e-06,1.79994560e+00
2.04632800e-06,1.79994588e+00
2.04642800e-06,1.79994616e+00
2.04652800e-06,1.79994644e+00
2.04662800e-06,1.79994672e+00
2.04672800e-06,1.79994699e+00
2.04682800e-06,1.79994726e+00
2.04692800e-06,1.79994753e+00
2.04702800e-06,1.79994780e+00
2.04712800e-06,1.79994807e+00
2.04722800e-06,1.79994833e+00
2.04732800e-06,1.79994859e+00
2.04742800e-06,1.79994886e+00
2.04752800e-06,1.79994911e+00
2.04762800e-06,1.79994937e+00
2.04772800e-06,1.79994963e+00
2.04782800e-06,1.79994988e+00
2.04792800e-06,1.79995014e+00
2.04802800e-06,1.79995039e+00
2.04812800e-06,1.79995063e+00
2.04822800e-06,1.79995088e+00
2.04832800e-06,1.79995113e+00
2.04842800e-06,1.79995137e+00
2.04852800e-06,1.79995161e+00
2.04862800e-06,1.79995186e+00
2.04872800e-06,1.79995209e+00
2.04882800e-06,1.79995233e+00
2.04892800e-06,1.79995257e+00
2.04902800e-06,1.79995280e+00
2.04912800e-06,1.79995304e+00
2.04922800e-06,1.79995327e+00
2.04932800e-06,1.79995350e+00
2.04942800e-06,1.79995373e+00
2.04952800e-06,1.79995395e+00
2.04962800e-06,1.79995418e+00
2.04972800e-06,1.79995440e+00
2.04982800e-06,1.79995462e+00
2.04992800e-06,1.79995484e+00
2.05002800e-06,1.79995506e+00
2.05012800e-06,1.79995528e+00
2.05022800e-06,1.79995550e+00
2.05032800e-06,1.79995571e+00
2.05042800e-06,1.79995593e+00
2.05052800e-06,1.79995614e+00
2.05062800e-06,1.79995635e+00
2.05072800e-06,1.79995656e+00
2.05082800e-06,1.79995677e+00
2.05092800e-06,1.79995697e+00
2.05102800e-06,1.79995718e+00
2.05112800e-06,1.79995738e+00
2.05122800e-06,1.79995758e+00
2.05132800e-06,1.79995779e+00
2.05142800e-06,1.79995799e+00
2.05152800e-06,1.79995818e+00
2.05162800e-06,1.79995838e+00
2.05172800e-06,1.79995858e+00
2.05182800e-06,1.79995877e+00
2.05192800e-06,1.79995897e+00
2.05202800e-06,1.79995916e+00
2.05212800e-06,1.79995935e+00
2.05222800e-06,1.79995954e+00
2.05232800e-06,1.79995973e+00
2.05242800e-06,1.79995991e+00
2.05252800e-06,1.79996010e+00
2.05262800e-06,1.79996028e+00
2.05272800e-06,1.79996047e+00
2.05282800e-06,1.79996065e+00
2.05292800e-06,1.79996083e+00
2.05302800e-06,1.79996101e+00
2.05312800e-06,1.79996119e+00
2.05322800e-06,1.79996137e+00
2.05332800e-06,1.79996155e+00
2.05342800e-06,1.79996172e+00
2.05352800e-06,1.79996190e+00
2.05362800e-06,1.79996207e+00
2.05372800e-06,1.79996224e+00
2.05382800e-06,1.79996241e+00
2.05392800e-06,1.79996258e+00
2.05402800e-06,1.79996275e+00
2.05412800e-06,1.79996292e+00
2.05422800e-06,1.79996309e+00
2.05432800e-06,1.79996325e+00
2.05442800e-06,1.79996342e+00
2.05452800e-06,1.79996358e+00
2.05462800e-06,1.79996374e+00
2.05472800e-06,1.79996390e+00
2.05482800e-06,1.79996406e+00
2.05492800e-06,1.79996422e+00
2.05502800e-06,1.79996438e+00
2.05512800e-06,1.79996454e+00
2.05522800e-06,1.79996469e+00
2.05532800e-06,1.79996485e+00
2.05542800e-06,1.79996500e+00
2.05552800e-06,1.79996516e+00
2.05562800e-06,1.79996531e+00
2.05572800e-06,1.79996546e+00
2.05582800e-06,1.79996561e+00
2.05592800e-06,1.79996576e+00
2.05602800e-06,1.79996591e+00
2.05612800e-06,1.79996606e+00
2.05622800e-06,1.79996621e+00
2.05632800e-06,1.79996635e+00
2.05642800e-06,1.79996650e+00
2.05652800e-06,1.79996664e+00
2.05662800e-06,1.79996678e+00
2.05672800e-06,1.79996693e+00
2.05682800e-06,1.79996707e+00
2.05692800e-06,1.79996721e+00
2.05702800e-06,1.79996735e+00
2.05712800e-06,1.79996749e+00
2.05722800e-06,1.79996762e+00
2.05732800e-06,1.79996776e+00
2.05742800e-06,1.79996790e+00
2.05752800e-06,1.79996803e+00
2.05762800e-06,1.79996817e+00
2.05772800e-06,1.79996830e+00
2.05782800e-06,1.79996843e+00
2.05792800e-06,1.79996857e+00
2.05802800e-06,1.79996870e+00
2.05812800e-06,1.79996883e+00
2.05822800e-06,1.79996896e+00
2.05832800e-06,1.79996909e+00
2.05842800e-06,1.79996922e+00
2.05852800e-06,1.79996934e+00
2.05862800e-06,1.79996947e+00
2.05872800e-06,1.79996959e+00
2.05882800e-06,1.79996972e+00
2.05892800e-06,1.79996984e+00
2.05902800e-06,1.79996997e+00
2.05912800e-06,1.79997009e+00
2.05922800e-06,1.79997021e+00
2.05932800e-06,1.79997033e+00
2.05942800e-06,1.79997045e+00
2.05952800e-06,1.79997057e+00
2.05962800e-06,1.79997069e+00
2.05972800e-06,1.79997081e+00
2.05982800e-06,1.79997093e+00
2.05992800e-06,1.79997105e+00
2.06002800e-06,1.79997116e+00
2.06012800e-06,1.79997128e+00
2.06022800e-06,1.79997139e+00
2.06032800e-06,1.79997151e+00
2.06042800e-06,1.79997162e+00
2.06052800e-06,1.79997173e+00
2.06062800e-06,1.79997184e+00
2.06072800e-06,1.79997196e+00
2.06082800e-06,1.79997207e+00
2.06092800e-06,1.79997218e+00
2.06102800e-06,1.79997229e+00
2.06112800e-06,1.79997240e+00
2.06122800e-06,1.79997250e+00
2.06132800e-06,1.79997261e+00
2.06142800e-06,1.79997272e+00
2.06152800e-06,1.79997282e+00
2.06162800e-06,1.79997293e+00
2.06172800e-06,1.79997303e+00
2.06182800e-06,1.79997314e+00
2.06192800e-06,1.79997324e+00
2.06202800e-06,1.79997335e+00
2.06212800e-06,1.79997345e+00
2.06222800e-06,1.79997355e+00
2.06232800e-06,1.79997365e+00
2.06242800e-06,1.79997375e+00
2.06252800e-06,1.79997385e+00
2.06262800e-06,1.79997395e+00
2.06272800e-06,1.79997405e+00
2.06282800e-06,1.79997415e+00
2.06292800e-06,1.79997425e+00
2.06302800e-06,1.79997434e+00
2.06312800e-06,1.79997444e+00
2.06322800e-06,1.79997454e+00
2.06332800e-06,1.79997463e+00
2.06342800e-06,1.79997473e+00
2.06352800e-06,1.79997482e+00
2.06362800e-06,1.79997491e+00
2.06372800e-06,1.79997501e+00
2.06382800e-06,1.79997510e+00
2.06392800e-06,1.79997519e+00
2.06402800e-06,1.79997528e+00
2.06412800e-06,1.79997538e+00
2.06422800e-06,1.79997547e+00
2.06432800e-06,1.79997556e+00
2.06442800e-06,1.79997565e+00
2.06452800e-06,1.79997573e+00
2.06462800e-06,1.79997582e+00
2.06472800e-06,1.79997591e+00
2.06482800e-06,1.79997600e+00
2.06492800e-06,1.79997609e+00
2.06502800e-06,1.79997617e+00
2.06512800e-06,1.79997626e+00
2.06522800e-06,1.79997634e+00
2.06532800e-06,1.79997643e+00
2.06542800e-06,1.79997651e+00
2.06552800e-06,1.79997660e+00
2.06562800e-06,1.79997668e+00
2.06572800e-06,1.79997676e+00
2.06582800e-06,1.79997685e+00
2.06592800e-06,1.79997693e+00
2.06602800e-06,1.79997701e+00
2.06612800e-06,1.79997709e+00
2.06622800e-06,1.79997717e+00
2.06632800e-06,1.79997725e+00
2.06642800e-06,1.79997733e+00
2.06652800e-06,1.79997741e+00
2.06662800e-06,1.79997749e+00
2.06672800e-06,1.79997757e+00
2.06682800e-06,1.79997765e+00
2.06692800e-06,1.79997772e+00
2.06702800e-06,1.79997780e+00
2.06712800e-06,1.79997788e+00
2.06722800e-06,1.79997795e+00
2.06732800e-06,1.79997803e+00
2.06742800e-06,1.79997810e+00
2.06752800e-06,1.79997818e+00
2.06762800e-06,1.79997825e+00
2.06772800e-06,1.79997833e+00
2.06782800e-06,1.79997840e+00
2.06792800e-06,1.79997847e+00
2.06802800e-06,1.79997855e+00
2.06812800e-06,1.79997862e+00
2.06822800e-06,1.79997869e+00
2.06832800e-06,1.79997876e+00
2.06842800e-06,1.79997883e+00
2.06852800e-06,1.79997890e+00
2.06862800e-06,1.79997897e+00
2.06872800e-06,1.79997904e+00
2.06882800e-06,1.79997911e+00
2.06892800e-06,1.79997918e+00
2.06902800e-06,1.79997925e+00
2.06912800e-06,1.79997932e+00
2.06922800e-06,1.79997939e+00
2.06932800e-06,1.79997945e+00
2.06942800e-06,1.79997952e+00
2.06952800e-06,1.79997959e+00
2.06962800e-06,1.79997965e+00
2.06972800e-06,1.79997972e+00
2.06982800e-06,1.79997979e+00
2.06992800e-06,1.79997985e+00
2.07002800e-06,1.79997992e+00
2.07012800e-06,1.79997998e+00
2.07022800e-06,1.79998004e+00
2.07032800e-06,1.79998011e+00
2.07042800e-06,1.79998017e+00
2.07052800e-06,1.79998023e+00
2.07062800e-06,1.79998030e+00
2.07072800e-06,1.79998036e+00
2.07082800e-06,1.79998042e+00
2.07092800e-06,1.79998048e+00
2.07102800e-06,1.79998054e+00
2.07112800e-06,1.79998060e+00
2.07122800e-06,1.79998066e+00
2.07132800e-06,1.79998072e+00
2.07142800e-06,1.79998078e+00
2.07152800e-06,1.79998084e+00
2.07162800e-06,1.79998090e+00
2.07172800e-06,1.79998096e+00
2.07182800e-06,1.79998102e+00
2.07192800e-06,1.79998108e+00
2.07202800e-06,1.79998113e+00
2.07212800e-06,1.79998119e+00
2.07222800e-06,1.79998125e+00
2.07232800e-06,1.79998131e+00
2.07242800e-06,1.79998136e+00
2.07252800e-06,1.79998142e+00
2.07262800e-06,1.79998147e+00
2.07272800e-06,1.79998153e+00
2.07282800e-06,1.79998158e+00
2.07292800e-06,1.79998164e+00
2.07302800e-06,1.79998169e+00
2.07312800e-06,1.79998175e+00
2.07322800e-06,1.79998180e+00
2.07332800e-06,1.79998185e+00
2.07342800e-06,1.79998191e+00
2.07352800e-06,1.79998196e+00
2.07362800e-06,1.79998201e+00
2.07372800e-06,1.79998206e+00
2.07382800e-06,1.79998211e+00
2.07392800e-06,1.79998217e+00
2.07402800e-06,1.79998222e+00
2.07412800e-06,1.79998227e+00
2.07422800e-06,1.79998232e+00
2.07432800e-06,1.79998237e+00
2.07442800e-06,1.79998242e+00
2.07452800e-06,1.79998247e+00
2.07462800e-06,1.79998252e+00
2.07472800e-06,1.79998257e+00
2.07482800e-06,1.79998261e+00
2.07492800e-06,1.79998266e+00
2.07502800e-06,1.79998271e+00
2.07512800e-06,1.79998276e+00
2.07522800e-06,1.79998280e+00
2.07532800e-06,1.79998285e+00
2.07542800e-06,1.79998290e+00
2.07552800e-06,1.79998295e+00
2.07562800e-06,1.79998299e+00
2.07572800e-06,1.79998304e+00
2.07582800e-06,1.79998308e+00
2.07592800e-06,1.79998313e+00
2.07602800e-06,1.79998317e+00
2.07612800e-06,1.79998322e+00
2.07622800e-06,1.79998326e+00
2.07632800e-06,1.79998331e+00
2.07642800e-06,1.79998335e+00
2.07652800e-06,1.79998339e+00
2.07662800e-06,1.79998344e+00
2.07672800e-06,1.79998348e+00
2.07682800e-06,1.79998352e+00
2.07692800e-06,1.79998356e+00
2.07702800e-06,1.79998361e+00
2.07712800e-06,1.79998365e+00
2.07722800e-06,1.79998369e+00
2.07732800e-06,1.79998373e+00
2.07742800e-06,1.79998377e+00
2.07752800e-06,1.79998381e+00
2.07762800e-06,1.79998385e+00
2.07772800e-06,1.79998389e+00
2.07782800e-06,1.79998393e+00
2.07792800e-06,1.79998397e+00
2.07802800e-06,1.79998401e+00
2.07812800e-06,1.79998405e+00
2.07822800e-06,1.79998409e+00
2.07832800e-06,1.79998413e+00
2.07842800e-06,1.79998416e+00
2.07852800e-06,1.79998420e+00
2.07862800e-06,1.79998424e+00
2.07872800e-06,1.79998428e+00
2.07882800e-06,1.79998431e+00
2.07892800e-06,1.79998435e+00
2.07902800e-06,1.79998439e+00
2.07912800e-06,1.79998442e+00
2.07922800e-06,1.79998446e+00
2.07932800e-06,1.79998449e+00
2.07942800e-06,1.79998453e+00
2.07952800e-06,1.79998456e+00
2.07962800e-06,1.79998460e+00
2.07972800e-06,1.79998463e+00
2.07982800e-06,1.79998466e+00
2.07992800e-06,1.79998470e+00
2.08002800e-06,1.79998473e+00
2.08012800e-06,1.79998477e+00
2.08022800e-06,1.79998480e+00
2.08032800e-06,1.79998483e+00
2.08042800e-06,1.79998486e+00
2.08052800e-06,1.79998489e+00
2.08062800e-06,1.79998493e+00
2.08072800e-06,1.79998496e+00
2.08082800e-06,1.79998499e+00
2.08092800e-06,1.79998502e+00
2.08102800e-06,1.79998505e+00
2.08112800e-06,1.79998508e+00
2.08122800e-06,1.79998511e+00
2.08132800e-06,1.79998514e+00
2.08142800e-06,1.79998517e+00
2.08152800e-06,1.79998520e+00
2.08162800e-06,1.79998523e+00
2.08172800e-06,1.79998526e+00
2.08182800e-06,1.79998529e+00
2.08192800e-06,1.79998531e+00
2.08202800e-06,1.79998534e+00
2.08212800e-06,1.79998537e+00
2.08222800e-06,1.79998540e+00
2.08232800e-06,1.79998542e+00
2.08242800e-06,1.79998545e+00
2.08252800e-06,1.79998548e+00
2.08262800e-06,1.79998550e+00
2.08272800e-06,1.79998553e+00
2.08282800e-06,1.79998555e+00
2.08292800e-06,1.79998558e+00
2.08302800e-06,1.79998560e+00
2.08312800e-06,1.79998563e+00
2.08322800e-06,1.79998565e+00
2.08332800e-06,1.79998568e+00
2.08342800e-06,1.79998570e+00
2.08352800e-06,1.79998572e+00
2.08362800e-06,1.79998575e+00
2.08372800e-06,1.79998577e+00
2.08382800e-06,1.79998579e+00
2.08392800e-06,1.79998581e+00
2.08402800e-06,1.79998583e+00
2.08412800e-06,1.79998586e+00
2.08422800e-06,1.79998588e+00
2.08432800e-06,1.79998590e+00
2.08442800e-06,1.79998592e+00
2.08452800e-06,1.79998594e+00
2.08462800e-06,1.79998596e+00
2.08472800e-06,1.79998598e+00
2.08482800e-06,1.79998600e+00
2.08492800e-06,1.79998602e+00
2.08502800e-06,1.79998604e+00
2.08512800e-06,1.79998605e+00
2.08522800e-06,1.79998607e+00
2.08532800e-06,1.79998609e+00
2.08542800e-06,1.79998611e+00
2.08552800e-06,1.79998613e+00
2.08562800e-06,1.79998614e+00
2.08572800e-06,1.79998616e+00
2.08582800e-06,1.79998618e+00
2.08592800e-06,1.79998619e+00
2.08602800e-06,1.79998621e+00
2.08612800e-06,1.79998622e+00
2.08622800e-06,1.79998624e+00
2.08632800e-06,1.79998625e+00
2.08642800e-06,1.79998627e+00
2.08652800e-06,1.79998628e+00
2.08662800e-06,1.79998629e+00
2.08672800e-06,1.79998631e+00
2.08682800e-06,1.79998632e+00
2.08692800e-06,1.79998633e+00
2.08702800e-06,1.79998634e+00
2.08712800e-06,1.79998636e+00
2.08722800e-06,1.79998637e+00
2.08732800e-06,1.79998638e+00
2.08742800e-06,1.79998639e+00
2.08752800e-06,1.79998640e+00
2.08762800e-06,1.79998641e+00
2.08772800e-06,1.79998642e+00
2.08782800e-06,1.79998643e+00
2.08792800e-06,1.79998644e+00
2.08802800e-06,1.79998645e+00
2.08812800e-06,1.79998646e+00
2.08822800e-06,1.79998647e+00
2.08832800e-06,1.79998647e+00
2.08842800e-06,1.79998648e+00
2.08852800e-06,1.79998649e+00
2.08862800e-06,1.79998649e+00
2.08872800e-06,1.79998650e+00
2.08882800e-06,1.79998651e+00
2.08892800e-06,1.79998651e+00
2.08902800e-06,1.79998652e+00
2.08912800e-06,1.79998652e+00
2.08922800e-06,1.79998653e+00
2.08932800e-06,1.79998653e+00
2.08942800e-06,1.79998653e+00
2.08952800e-06,1.79998654e+00
2.08962800e-06,1.79998654e+00
2.08972800e-06,1.79998654e+00
2.08982800e-06,1.79998654e+00
2.08992800e-06,1.79998654e+00
2.09002800e-06,1.79998655e+00
2.09012800e-06,1.79998655e+00
2.09022800e-06,1.79998655e+00
2.09032800e-06,1.79998655e+00
2.09042800e-06,1.79998655e+00
2.09052800e-06,1.79998655e+00
2.09062800e-06,1.79998654e+00
2.09072800e-06,1.79998654e+00
2.09082800e-06,1.79998654e+00
2.09092800e-06,1.79998654e+00
2.09102800e-06,1.79998653e+00
2.09112800e-06,1.79998653e+00
2.09122800e-06,1.79998653e+00
2.09132800e-06,1.79998652e+00
2.09142800e-06,1.79998652e+00
2.09152800e-06,1.79998651e+00
2.09162800e-06,1.79998651e+00
2.09172800e-06,1.79998650e+00
2.09182800e-06,1.79998649e+00
2.09192800e-06,1.79998649e+00
2.09202800e-06,1.79998648e+00
2.09212800e-06,1.79998647e+00
2.09222800e-06,1.79998646e+00
2.09232800e-06,1.79998645e+00
2.09242800e-06,1.79998644e+00
2.09252800e-06,1.79998643e+00
2.09262800e-06,1.79998642e+00
2.09272800e-06,1.79998641e+00
2.09282800e-06,1.79998640e+00
2.09292800e-06,1.79998639e+00
2.09302800e-06,1.79998637e+00
2.09312800e-06,1.79998636e+00
2.09322800e-06,1.79998635e+00
2.09332800e-06,1.79998633e+00
2.09342800e-06,1.79998632e+00
2.09352800e-06,1.79998630e+00
2.09362800e-06,1.79998629e+00
2.09372800e-06,1.79998627e+00
2.09382800e-06,1.79998625e+00
2.09392800e-06,1.79998624e+00
2.09402800e-06,1.79998622e+00
2.09412800e-06,1.79998620e+00
2.09422800e-06,1.79998618e+00
2.09432800e-06,1.79998616e+00
2.09442800e-06,1.79998614e+00
2.09452800e-06,1.79998612e+00
2.09462800e-06,1.79998610e+00
2.09472800e-06,1.79998608e+00
2.09482800e-06,1.79998605e+00
2.09492800e-06,1.79998603e+00
2.09502800e-06,1.79998601e+00
2.09512800e-06,1.79998598e+00
2.09522800e-06,1.79998596e+00
2.09532800e-06,1.79998593e+00
2.09542800e-06,1.79998590e+00
2.09552800e-06,1.79998588e+00
2.09562800e-06,1.79998585e+00
2.09572800e-06,1.79998582e+00
2.09582800e-06,1.79998579e+00
2.09592800e-06,1.79998576e+00
2.09602800e-06,1.79998573e+00
2.09612800e-06,1.79998570e+00
2.09622800e-06,1.79998567e+00
2.09632800e-06,1.79998564e+00
2.09642800e-06,1.79998560e+00
2.09652800e-06,1.79998557e+00
2.09662800e-06,1.79998553e+00
2.09672800e-06,1.79998550e+00
2.09682800e-06,1.79998546e+00
2.09692800e-06,1.79998543e+00
2.09702800e-06,1.79998539e+00
2.09712800e-06,1.79998535e+00
2.09722800e-06,1.79998531e+00
2.09732800e-06,1.79998527e+00
2.09742800e-06,1.79998523e+00
2.09752800e-06,1.79998519e+00
2.09762800e-06,1.79998515e+00
2.09772800e-06,1.79998510e+00
2.09782800e-06,1.79998506e+00
2.09792800e-06,1.79998501e+00
2.09802800e-06,1.79998497e+00
2.09812800e-06,1.79998492e+00
2.09822800e-06,1.79998488e+00
2.09832800e-06,1.79998483e+00
2.09842800e-06,1.79998478e+00
2.09852800e-06,1.79998473e+00
2.09862800e-06,1.79998468e+00
2.09872800e-06,1.79998463e+00
2.09882800e-06,1.79998457e+00
2.09892800e-06,1.79998452e+00
2.09902800e-06,1.79998447e+00
2.09912800e-06,1.79998441e+00
2.09922800e-06,1.79998435e+00
2.09932800e-06,1.79998430e+00
2.09942800e-06,1.79998424e+00
2.09952800e-06,1.79998418e+00
2.09962800e-06,1.79998412e+00
2.09972800e-06,1.79998406e+00
2.09982800e-06,1.79998400e+00
2.09992800e-06,1.79998393e+00
2.10002800e-06,1.79998387e+00
2.10012800e-06,1.79998380e+00
2.10022800e-06,1.79998374e+00
2.10032800e-06,1.79998367e+00
2.10042800e-06,1.79998360e+00
2.10052800e-06,1.79998353e+00
2.10062800e-06,1.79998346e+00
2.10072800e-06,1.79998339e+00
2.10082800e-06,1.79998332e+00
2.10092800e-06,1.79998324e+00
2.10102800e-06,1.79998317e+00
2.10112800e-06,1.79998309e+00
2.10122800e-06,1.79998302e+00
2.10132800e-06,1.79998294e+00
2.10142800e-06,1.79998286e+00
2.10152800e-06,1.79998278e+00
2.10162800e-06,1.79998269e+00
2.10172800e-06,1.79998261e+00
2.10182800e-06,1.79998253e+00
2.10192800e-06,1.79998244e+00
2.10202800e-06,1.79998235e+00
2.10212800e-06,1.79998226e+00
2.10222800e-06,1.79998217e+00
2.10232800e-06,1.79998208e+00
2.10242800e-06,1.79998199e+00
2.10252800e-06,1.79998190e+00
2.10262800e-06,1.79998180e+00
2.10272800e-06,1.79998170e+00
2.10282800e-06,1.79998161e+00
2.10292800e-06,1.79998151e+00
2.10302800e-06,1.79998140e+00
2.10312800e-06,1.79998130e+00
2.10322800e-06,1.79998120e+00
2.10332800e-06,1.79998109e+00
2.10342800e-06,1.79998099e+00
2.10352800e-06,1.79998088e+00
2.10362800e-06,1.79998077e+00
2.10372800e-06,1.79998065e+00
2.10382800e-06,1.79998054e+00
2.10392800e-06,1.79998043e+00
2.10402800e-06,1.79998031e+00
2.10412800e-06,1.79998019e+00
2.10422800e-06,1.79998007e+00
2.10432800e-06,1.79997995e+00
2.10442800e-06,1.79997983e+00
2.10452800e-06,1.79997970e+00
2.10462800e-06,1.79997957e+00
2.10472800e-06,1.79997945e+00
2.10482800e-06,1.79997931e+00
2.10492800e-06,1.79997918e+00
2.10502800e-06,1.79997905e+00
2.10512800e-06,1.79997891e+00
2.10522800e-06,1.79997877e+00
2.10532800e-06,1.79997863e+00
2.10542800e-06,1.79997849e+00
2.10552800e-06,1.79997835e+00
2.10562800e-06,1.79997820e+00
2.10572800e-06,1.79997805e+00
2.10582800e-06,1.79997791e+00
2.10592800e-06,1.79997775e+00
2.10602800e-06,1.79997760e+00
2.10612800e-06,1.79997744e+00
2.10622800e-06,1.79997728e+00
2.10632800e-06,1.79997712e+00
2.10642800e-06,1.79997696e+00
2.10652800e-06,1.79997680e+00
2.10662800e-06,1.79997663e+00
2.10672800e-06,1.79997646e+00
2.10682800e-06,1.79997629e+00
2.10692800e-06,1.79997611e+00
2.10702800e-06,1.79997594e+00
2.10712800e-06,1.79997576e+00
2.10722800e-06,1.79997558e+00
2.10732800e-06,1.79997539e+00
2.10742800e-06,1.79997521e+00
2.10752800e-06,1.79997502e+00
2.10762800e-06,1.79997483e+00
2.10772800e-06,1.79997463e+00
2.10782800e-06,1.79997444e+00
2.10792800e-06,1.79997424e+00
2.10802800e-06,1.79997403e+00
2.10812800e-06,1.79997383e+00
2.10822800e-06,1.79997362e+00
2.10832800e-06,1.79997341e+00
2.10842800e-06,1.79997320e+00
2.10852800e-06,1.79997298e+00
2.10862800e-06,1.79997276e+00
2.10872800e-06,1.79997254e+00
2.10882800e-06,1.79997232e+00
2.10892800e-06,1.79997209e+00
2.10902800e-06,1.79997186e+00
2.10912800e-06,1.79997162e+00
2.10922800e-06,1.79997138e+00
2.10932800e-06,1.79997114e+00
2.10942800e-06,1.79997090e+00
2.10952800e-06,1.79997065e+00
2.10962800e-06,1.79997040e+00
2.10972800e-06,1.79997015e+00
2.10982800e-06,1.79996989e+00
2.10992800e-06,1.79996963e+00
2.11002800e-06,1.79996936e+00
2.11012800e-06,1.79996910e+00
2.11022800e-06,1.79996882e+00
2.11032800e-06,1.79996855e+00
2.11042800e-06,1.79996827e+00
2.11052800e-06,1.79996799e+00
2.11062800e-06,1.79996770e+00
2.11072800e-06,1.79996741e+00
2.11082800e-06,1.79996711e+00
2.11092800e-06,1.79996681e+00
2.11102800e-06,1.79996651e+00
2.11112800e-06,1.79996621e+00
2.11122800e-06,1.79996589e+00
2.11132800e-06,1.79996558e+00
2.11142800e-06,1.79996526e+00
2.11152800e-06,1.79996494e+00
2.11162800e-06,1.79996461e+00
2.11172800e-06,1.79996427e+00
2.11182800e-06,1.79996394e+00
2.11192800e-06,1.79996360e+00
2.11202800e-06,1.79996325e+00
2.11212800e-06,1.79996290e+00
2.11222800e-06,1.79996254e+00
2.11232800e-06,1.79996218e+00
2.11242800e-06,1.79996182e+00
2.11252800e-06,1.79996145e+00
2.11262800e-06,1.79996107e+00
2.11272800e-06,1.79996069e+00
2.11282800e-06,1.79996030e+00
2.11292800e-06,1.79995991e+00
2.11302800e-06,1.79995951e+00
2.11312800e-06,1.79995911e+00
2.11322800e-06,1.79995870e+00
2.11332800e-06,1.79995829e+00
2.11342800e-06,1.79995787e+00
2.11352800e-06,1.79995745e+00
2.11362800e-06,1.79995702e+00
2.11372800e-06,1.79995658e+00
2.11382800e-06,1.79995614e+00
2.11392800e-06,1.79995569e+00
2.11402800e-06,1.79995524e+00
2.11412800e-06,1.79995478e+00
2.11422800e-06,1.79995431e+00
2.11432800e-06,1.79995383e+00
2.11442800e-06,1.79995335e+00
2.11452800e-06,1.79995287e+00
2.11462800e-06,1.79995237e+00
2.11472800e-06,1.79995187e+00
2.11482800e-06,1.79995137e+00
2.11492800e-06,1.79995085e+00
2.11502800e-06,1.79995033e+00
2.11512800e-06,1.79994980e+00
2.11522800e-06,1.79994927e+00
2.11532800e-06,1.79994872e+00
2.11542800e-06,1.79994817e+00
2.11552800e-06,1.79994761e+00
2.11562800e-06,1.79994705e+00
2.11572800e-06,1.79994647e+00
2.11582800e-06,1.79994589e+00
2.11592800e-06,1.79994530e+00
2.11602800e-06,1.79994470e+00
2.11612800e-06,1.79994409e+00
2.11622800e-06,1.79994348e+00
2.11632800e-06,1.79994285e+00
2.11642800e-06,1.79994222e+00
2.11652800e-06,1.79994158e+00
2.11662800e-06,1.79994093e+00
2.11672800e-06,1.79994027e+00
2.11682800e-06,1.79993960e+00
2.11692800e-06,1.79993892e+00
2.11702800e-06,1.79993823e+00
2.11712800e-06,1.79993753e+00
2.11722800e-06,1.79993682e+00
2.11732800e-06,1.79993611e+00
2.11742800e-06,1.79993538e+00
2.11752800e-06,1.79993464e+00
2.11762800e-06,1.79993389e+00
2.11772800e-06,1.79993313e+00
2.11782800e-06,1.79993236e+00
2.11792800e-06,1.79993158e+00
2.11802800e-06,1.79993079e+00
2.11812800e-06,1.79992998e+00
2.11822800e-06,1.79992917e+00
2.11832800e-06,1.79992834e+00
2.11842800e-06,1.79992750e+00
2.11852800e-06,1.79992665e+00
2.11862800e-06,1.79992579e+00
2.11872800e-06,1.79992491e+00
2.11882800e-06,1.79992402e+00
2.11892800e-06,1.79992312e+00
2.11902800e-06,1.79992221e+00
2.11912800e-06,1.79992128e+00
2.11922800e-06,1.79992034e+00
2.11932800e-06,1.79991939e+00
2.11942800e-06,1.79991842e+00
2.11952800e-06,1.79991744e+00
2.11962800e-06,1.79991644e+00
2.11972800e-06,1.79991543e+00
2.11982800e-06,1.79991440e+00
2.11992800e-06,1.79991336e+00
2.12002800e-06,1.79991231e+00
2.12012800e-06,1.79991124e+00
2.12022800e-06,1.79991015e+00
2.12032800e-06,1.79990905e+00
2.12042800e-06,1.79990793e+00
2.12052800e-06,1.79990679e+00
2.12062800e-06,1.79990564e+00
2.12072800e-06,1.79990447e+00
2.12082800e-06,1.79990329e+00
2.12092800e-06,1.79990208e+00
2.12102800e-06,1.79990086e+00
2.12112800e-06,1.79989962e+00
2.12122800e-06,1.79989837e+00
2.12132800e-06,1.79989709e+00
2.12142800e-06,1.79989580e+00
2.12152800e-06,1.79989448e+00
2.12162800e-06,1.79989315e+00
2.12172800e-06,1.79989180e+00
2.12182800e-06,1.79989042e+00
2.12192800e-06,1.79988903e+00
2.12202800e-06,1.79988761e+00
2.12212800e-06,1.79988618e+00
2.12222800e-06,1.79988472e+00
2.12232800e-06,1.79988324e+00
2.12242800e-06,1.79988174e+00
2.12252800e-06,1.79988022e+00
2.12262800e-06,1.79987867e+00
2.12272800e-06,1.79987710e+00
2.12282800e-06,1.79987550e+00
2.12292800e-06,1.79987389e+00
2.12302800e-06,1.79987224e+00
2.12312800e-06,1.79987058e+00
2.12322800e-06,1.79986888e+00
2.12332800e-06,1.79986716e+00
2.12342800e-06,1.79986542e+00
2.12352800e-06,1.79986365e+00
2.12362800e-06,1.79986185e+00
2.12372800e-06,1.79986003e+00
2.12382800e-06,1.79985817e+00
2.12392800e-06,1.79985629e+00
2.12402800e-06,1.79985438e+00
2.12412800e-06,1.79985244e+00
2.12422800e-06,1.79985047e+00
2.12432800e-06,1.79984847e+00
2.12442800e-06,1.79984644e+00
2.12452800e-06,1.79984438e+00
2.12462800e-06,1.79984229e+00
2.12472800e-06,1.79984016e+00
2.12482800e-06,1.79983800e+00
2.12492800e-06,1.79983581e+00
2.12502800e-06,1.79983358e+00
2.12512800e-06,1.79983132e+00
2.12522800e-06,1.79982903e+00
2.12532800e-06,1.79982669e+00
2.12542800e-06,1.79982433e+00
2.12552800e-06,1.79982192e+00
2.12562800e-06,1.79981948e+00
2.12572800e-06,1.79981700e+00
2.12582800e-06,1.79981448e+00
2.12592800e-06,1.79981192e+00
2.12602800e-06,1.79980932e+00
2.12612800e-06,1.79980668e+00
2.12622800e-06,1.79980400e+00
2.12632800e-06,1.79980127e+00
2.12642800e-06,1.79979851e+00
2.12652800e-06,1.79979569e+00
2.12662800e-06,1.79979284e+00
2.12672800e-06,1.79978994e+00
2.12682800e-06,1.79978699e+00
2.12692800e-06,1.79978400e+00
2.12702800e-06,1.79978096e+00
2.12712800e-06,1.79977787e+00
2.12722800e-06,1.79977473e+00
2.12732800e-06,1.79977154e+00
2.12742800e-06,1.79976830e+00
2.12752800e-06,1.79976500e+00
2.12762800e-06,1.79976166e+00
2.12772800e-06,1.79975826e+00
2.12782800e-06,1.79975481e+00
2.12792800e-06,1.79975130e+00
2.12802800e-06,1.79974773e+00
2.12812800e-06,1.79974411e+00
2.12822800e-06,1.79974043e+00
2.12832800e-06,1.79973669e+00
2.12842800e-06,1.79973288e+00
2.12852800e-06,1.79972902e+00
2.12862800e-06,1.79972509e+00
2.12872800e-06,1.79972110e+00
2.12882800e-06,1.79971705e+00
2.12892800e-06,1.79971293e+00
2.12902800e-06,1.79970874e+00
2.12912800e-06,1.79970448e+00
2.12922800e-06,1.79970015e+00
2.12932800e-06,1.79969575e+00
2.12942800e-06,1.79969128e+00
2.12952800e-06,1.79968674e+00
2.12962800e-06,1.79968212e+00
2.12972800e-06,1.79967742e+00
2.12982800e-06,1.79967265e+00
2.12992800e-06,1.79966780e+00
2.13002800e-06,1.79966287e+00
2.13012800e-06,1.79965785e+00
2.13022800e-06,1.79965276e+00
2.13032800e-06,1.79964757e+00
2.13042800e-06,1.79964231e+00
2.13052800e-06,1.79963695e+00
2.13062800e-06,1.79963151e+00
2.13072800e-06,1.79962597e+00
2.13082800e-06,1.79962034e+00
2.13092800e-06,1.79961462e+00
2.13102800e-06,1.79960880e+00
2.13112800e-06,1.79960288e+00
2.13122800e-06,1.79959687e+00
2.13132800e-06,1.79959075e+00
2.13142800e-06,1.79958453e+00
2.13152800e-06,1.79957820e+00
2.13162800e-06,1.79957177e+00
2.13172800e-06,1.79956523e+00
2.13182800e-06,1.79955857e+00
2.13192800e-06,1.79955181e+00
2.13202800e-06,1.79954493e+00
2.13212800e-06,1.79953793e+00
2.13222800e-06,1.79953081e+00
2.13232800e-06,1.79952357e+00
2.13242800e-06,1.79951621e+00
2.13252800e-06,1.79950872e+00
2.13262800e-06,1.79950111e+00
2.13272800e-06,1.79949336e+00
2.13282800e-06,1.79948548e+00
2.13292800e-06,1.79947746e+00
2.13302800e-06,1.79946931e+00
2.13312800e-06,1.79946101e+00
2.13322800e-06,1.79945258e+00
2.13332800e-06,1.79944399e+00
2.13342800e-06,1.79943526e+00
2.13352800e-06,1.79942637e+00
2.13362800e-06,1.79941734e+00
2.13372800e-06,1.79940814e+00
2.13382800e-06,1.79939878e+00
2.13392800e-06,1.79938927e+00
2.13402800e-06,1.79937958e+00
2.13412800e-06,1.79936973e+00
2.13422800e-06,1.79935970e+00
2.13432800e-06,1.79934950e+00
2.13442800e-06,1.79933911e+00
2.13452800e-06,1.79932855e+00
2.13462800e-06,1.79931780e+00
2.13472800e-06,1.79930686e+00
2.13482800e-06,1.79929573e+00
2.13492800e-06,1.79928440e+00
2.13502800e-06,1.79927286e+00
2.13512800e-06,1.79926113e+00
2.13522800e-06,1.79924919e+00
2.13532800e-06,1.79923703e+00
2.13542800e-06,1.79922466e+00
2.13552800e-06,1.79921207e+00
2.13562800e-06,1.79919925e+00
2.13572800e-06,1.79918620e+00
2.13582800e-06,1.79917292e+00
2.13592800e-06,1.79915941e+00
2.13602800e-06,1.79914565e+00
2.13612800e-06,1.79913164e+00
2.13622800e-06,1.79911738e+00
2.13632800e-06,1.79910286e+00
2.13642800e-06,1.79908808e+00
2.13652800e-06,1.79907304e+00
2.13662800e-06,1.79905772e+00
2.13672800e-06,1.79904212e+00
2.13682800e-06,1.79902624e+00
2.13692800e-06,1.79901008e+00
2.13702800e-06,1.79899361e+00
2.13712800e-06,1.79897685e+00
2.13722800e-06,1.79895978e+00
2.13732800e-06,1.79894240e+00
2.13742800e-06,1.79892470e+00
2.13752800e-06,1.79890668e+00
2.13762800e-06,1.79888832e+00
2.13772800e-06,1.79886963e+00
2.13782800e-06,1.79885060e+00
2.13792800e-06,1.79883121e+00
2.13802800e-06,1.79881146e+00
2.13812800e-06,1.79879135e+00
2.13822800e-06,1.79877087e+00
2.13832800e-06,1.79875000e+00
2.13842800e-06,1.79872875e+00
2.13852800e-06,1.79870710e+00
2.13862800e-06,1.79868505e+00
2.13872800e-06,1.79866258e+00
2.13882800e-06,1.79863970e+00
2.13892800e-06,1.79861639e+00
2.13902800e-06,1.79859263e+00
2.13912800e-06,1.79856844e+00
2.13922800e-06,1.79854378e+00
2.13932800e-06,1.79851867e+00
2.13942800e-06,1.79849307e+00
2.13952800e-06,1.79846700e+00
2.13962800e-06,1.79844043e+00
2.13972800e-06,1.79841335e+00
2.13982800e-06,1.79838576e+00
2.13992800e-06,1.79835764e+00
2.14002800e-06,1.79832899e+00
2.14012800e-06,1.79829979e+00
2.14022800e-06,1.79827003e+00
2.14032800e-06,1.79823970e+00
2.14042800e-06,1.79820879e+00
2.14052800e-06,1.79817728e+00
2.14062800e-06,1.79814517e+00
2.14072800e-06,1.79811243e+00
2.14082800e-06,1.79807906e+00
2.14092800e-06,1.79804504e+00
2.14102800e-06,1.79801037e+00
2.14112800e-06,1.79797502e+00
2.14122800e-06,1.79793897e+00
2.14132800e-06,1.79790223e+00
2.14142800e-06,1.79786476e+00
2.14152800e-06,1.79782657e+00
2.14162800e-06,1.79778762e+00
2.14172800e-06,1.79774790e+00
2.14182800e-06,1.79770740e+00
2.14192800e-06,1.79766610e+00
2.14202800e-06,1.79762398e+00
2.14212800e-06,1.79758103e+00
2.14222800e-06,1.79753722e+00
2.14232800e-06,1.79749254e+00
2.14242800e-06,1.79744697e+00
2.14252800e-06,1.79740048e+00
2.14262800e-06,1.79735307e+00
2.14272800e-06,1.79730470e+00
2.14282800e-06,1.79725535e+00
2.14292800e-06,1.79720501e+00
2.14302800e-06,1.79715366e+00
2.14312800e-06,1.79710126e+00
2.14322800e-06,1.79704779e+00
2.14332800e-06,1.79699324e+00
2.14342800e-06,1.79693757e+00
2.14352800e-06,1.79688076e+00
2.14362800e-06,1.79682279e+00
2.14372800e-06,1.79676363e+00
2.14382800e-06,1.79670324e+00
2.14392800e-06,1.79664161e+00
2.14402800e-06,1.79657870e+00
2.14412800e-06,1.79651448e+00
2.14422800e-06,1.79644893e+00
2.14432800e-06,1.79638201e+00
2.14442800e-06,1.79631368e+00
2.14452800e-06,1.79624393e+00
2.14462800e-06,1.79617270e+00
2.14472800e-06,1.79609997e+00
2.14482800e-06,1.79602570e+00
2.14492800e-06,1.79594986e+00
2.14502800e-06,1.79587240e+00
2.14512800e-06,1.79579328e+00
2.14522800e-06,1.79571248e+00
2.14532800e-06,1.79562993e+00
2.14542800e-06,1.79554561e+00
2.14552800e-06,1.79545947e+00
2.14562800e-06,1.79537146e+00
2.14572800e-06,1.79528153e+00
2.14582800e-06,1.79518965e+00
2.14592800e-06,1.79509575e+00
2.14602800e-06,1.79499979e+00
2.14612800e-06,1.79490172e+00
2.14622800e-06,1.79480148e+00
2.14632800e-06,1.79469902e+00
2.14642800e-06,1.79459428e+00
2.14652800e-06,1.79448719e+00
2.14662800e-06,1.79437771e+00
2.14672800e-06,1.79426576e+00
2.14682800e-06,1.79415129e+00
2.14692800e-06,1.79403422e+00
2.14702800e-06,1.79391448e+00
2.14712800e-06,1.79379201e+00
2.14722800e-06,1.79366674e+00
2.14732800e-06,1.79353857e+00
2.14742800e-06,1.79340745e+00
2.14752800e-06,1.79327328e+00
2.14762800e-06,1.79313598e+00
2.14772800e-06,1.79299547e+00
2.14782800e-06,1.79285165e+00
2.14792800e-06,1.79270444e+00
2.14802800e-06,1.79255373e+00
2.14812800e-06,1.79239944e+00
2.14822800e-06,1.79224145e+00
2.14832800e-06,1.79207965e+00
2.14842800e-06,1.79191395e+00
2.14852800e-06,1.79174422e+00
2.14862800e-06,1.79157036e+00
2.14872800e-06,1.79139222e+00
2.14882800e-06,1.79120969e+00
2.14892800e-06,1.79102264e+00
2.14902800e-06,1.79083093e+00
2.14912800e-06,1.79063441e+00
2.14922800e-06,1.79043295e+00
2.14932800e-06,1.79022638e+00
2.14942800e-06,1.79001455e+00
2.14952800e-06,1.78979729e+00
2.14962800e-06,1.78957443e+00
2.14972800e-06,1.78934579e+00
2.14982800e-06,1.78911120e+00
2.14992800e-06,1.78887044e+00
2.15002800e-06,1.78862332e+00
2.15012800e-06,1.78836964e+00
2.15022800e-06,1.78810916e+00
2.15032800e-06,1.78784168e+00
2.15042800e-06,1.78756693e+00
2.15052800e-06,1.78728469e+00
2.15062800e-06,1.78699468e+00
2.15072800e-06,1.78669664e+00
2.15082800e-06,1.78639029e+00
2.15092800e-06,1.78607532e+00
2.15102800e-06,1.78575143e+00
2.15112800e-06,1.78541830e+00
2.15122800e-06,1.78507559e+00
2.15132800e-06,1.78472293e+00
2.15142800e-06,1.78435997e+00
2.15152800e-06,1.78398630e+00
2.15162800e-06,1.78360152e+00
2.15172800e-06,1.78320519e+00
2.15182800e-06,1.78279687e+00
2.15192800e-06,1.78237608e+00
2.15202800e-06,1.78194232e+00
2.15212800e-06,1.78149507e+00
2.15222800e-06,1.78103375e+00
2.15232800e-06,1.78055780e+00
2.15242800e-06,1.78006660e+00
2.15252800e-06,1.77955949e+00
2.15262800e-06,1.77903578e+00
2.15272800e-06,1.77849475e+00
2.15282800e-06,1.77793562e+00
2.15292800e-06,1.77735758e+00
2.15302800e-06,1.77675977e+00
2.15312800e-06,1.77614126e+00
2.15322800e-06,1.77550108e+00
2.15332800e-06,1.77483819e+00
2.15342800e-06,1.77415148e+00
2.15352800e-06,1.77343979e+00
2.15362800e-06,1.77270184e+00
2.15372800e-06,1.77193632e+00
2.15382800e-06,1.77114177e+00
2.15392800e-06,1.77031666e+00
2.15402800e-06,1.76945936e+00
2.15412800e-06,1.76856809e+00
2.15422800e-06,1.76764096e+00
2.15432800e-06,1.76667591e+00
2.15442800e-06,1.76567076e+00
2.15452800e-06,1.76462311e+00
2.15462800e-06,1.76353040e+00
2.15472800e-06,1.76238983e+00
2.15482800e-06,1.76119836e+00
2.15492800e-06,1.75995271e+00
2.15502800e-06,1.75864927e+00
2.15512800e-06,1.75728410e+00
2.15522800e-06,1.75585291e+00
2.15532800e-06,1.75435094e+00
2.15542800e-06,1.75277299e+00
2.15552800e-06,1.75111330e+00
2.15562800e-06,1.74936546e+00
2.15572800e-06,1.74752237e+00
2.15582800e-06,1.74557610e+00
2.15592800e-06,1.74351775e+00
2.15602800e-06,1.74133731e+00
2.15612800e-06,1.73902345e+00
2.15622800e-06,1.73656329e+00
2.15632800e-06,1.73394210e+00
2.15642800e-06,1.73114294e+00
2.15652800e-06,1.72814619e+00
2.15662800e-06,1.72492892e+00
2.15672800e-06,1.72146416e+00
2.15682800e-06,1.71771986e+00
2.15692800e-06,1.71365753e+00
2.15702800e-06,1.70923038e+00
2.15712800e-06,1.70438082e+00
2.15722800e-06,1.69903689e+00
2.15732800e-06,1.69310716e+00
2.15742800e-06,1.68647335e+00
2.15752800e-06,1.67897944e+00
2.15762800e-06,1.67041545e+00
2.15772800e-06,1.66049352e+00
2.15782800e-06,1.64881474e+00
2.15792800e-06,1.63483093e+00
2.15802800e-06,1.61782819e+00
2.15812800e-06,1.59700313e+00
2.15822800e-06,1.57170014e+00
2.15832800e-06,1.54168189e+00
2.15842800e-06,1.50712710e+00
2.15852800e-06,1.46834107e+00
2.15862800e-06,1.42549777e+00
2.15872800e-06,1.37856815e+00
2.15882800e-06,1.32735684e+00
2.15892800e-06,1.27157226e+00
2.15902800e-06,1.21093377e+00
2.15912800e-06,1.14538974e+00
2.15922800e-06,1.07561633e+00
2.15932800e-06,1.00407686e+00
2.15942800e-06,9.36749297e-01
2.15952800e-06,8.81497784e-01
2.15962800e-06,8.39353559e-01
2.15972800e-06,8.03060888e-01
2.15982800e-06,7.68034982e-01
2.15992800e-06,7.34612473e-01
2.16002800e-06,7.03115113e-01
2.16012800e-06,6.74109227e-01
2.16022800e-06,6.48342657e-01
2.16032800e-06,6.26154981e-01
2.16042800e-06,6.08269686e-01
2.16052800e-06,5.97468716e-01
2.16062800e-06,5.95469665e-01
2.16072800e-06,5.98585827e-01
2.16082800e-06,6.02139701e-01
2.16092800e-06,6.04799761e-01
2.16102800e-06,6.06655988e-01
2.16112800e-06,6.07794422e-01
2.16122800e-06,6.08309605e-01
2.16132800e-06,6.08270469e-01
2.16142800e-06,6.07735878e-01
2.16152800e-06,6.06758158e-01
2.16162800e-06,6.05393586e-01
2.16172800e-06,6.03700889e-01
2.16182800e-06,6.01740326e-01
2.16192800e-06,5.99569161e-01
2.16202800e-06,5.97239946e-01
2.16212800e-06,5.94798620e-01
2.16222800e-06,5.92284460e-01
2.16232800e-06,5.89730100e-01
2.16242800e-06,5.87162174e-01
2.16252800e-06,5.84602046e-01
2.16262800e-06,5.82066474e-01
2.16272800e-06,5.79568482e-01
2.16282800e-06,5.77117805e-01
2.16292800e-06,5.74721719e-01
2.16302800e-06,5.72385226e-01
2.16312800e-06,5.70111806e-01
2.16322800e-06,5.67903391e-01
2.16332800e-06,5.65761043e-01
2.16342800e-06,5.63684765e-01
2.16352800e-06,5.61674132e-01
2.16362800e-06,5.59727984e-01
2.16372800e-06,5.57845029e-01
2.16382800e-06,5.56023448e-01
2.16392800e-06,5.54261484e-01
2.16402800e-06,5.52556985e-01
2.16412800e-06,5.50907990e-01
2.16422800e-06,5.49312220e-01
2.16432800e-06,5.47767672e-01
2.16442800e-06,5.46272072e-01
2.16452800e-06,5.44823471e-01
2.16462800e-06,5.43419677e-01
2.16472800e-06,5.42058855e-01
2.16482800e-06,5.40738935e-01
2.16492800e-06,5.39458224e-01
2.16502800e-06,5.38214799e-01
2.16512800e-06,5.37007119e-01
2.16522800e-06,5.35833412e-01
2.16532800e-06,5.34692293e-01
2.16542800e-06,5.33582139e-01
2.16552800e-06,5.32501715e-01
2.16562800e-06,5.31449541e-01
2.16572800e-06,5.30424521e-01
2.16582800e-06,5.29425306e-01
2.16592800e-06,5.28450929e-01
2.16602800e-06,5.27500166e-01
2.16612800e-06,5.26572163e-01
2.16622800e-06,5.25665807e-01
2.16632800e-06,5.24780351e-01
2.16642800e-06,5.23914778e-01
2.16652800e-06,5.23068436e-01
2.16662800e-06,5.22240397e-01
2.16672800e-06,5.21430093e-01
2.16682800e-06,5.20636673e-01
2.16692800e-06,5.19859645e-01
2.16702800e-06,5.19098227e-01
2.16712800e-06,5.18351992e-01
2.16722800e-06,5.17620222e-01
2.16732800e-06,5.16902547e-01
2.16742800e-06,5.16198303e-01
2.16752800e-06,5.15507174e-01
2.16762800e-06,5.14828543e-01
2.16772800e-06,5.14162139e-01
2.16782800e-06,5.13507388e-01
2.16792800e-06,5.12864062e-01
2.16802800e-06,5.12231624e-01
2.16812800e-06,5.11609879e-01
2.16822800e-06,5.10998328e-01
2.16832800e-06,5.10396807e-01
2.16842800e-06,5.09804846e-01
2.16852800e-06,5.09222309e-01
2.16862800e-06,5.08648754e-01
2.16872800e-06,5.08084071e-01
2.16882800e-06,5.07527840e-01
2.16892800e-06,5.06979975e-01
2.16902800e-06,5.06440078e-01
2.16912800e-06,5.05908081e-01
2.16922800e-06,5.05383607e-01
2.16932800e-06,5.04866606e-01
2.16942800e-06,5.04356717e-01
2.16952800e-06,5.03853908e-01
2.16962800e-06,5.03357833e-01
2.16972800e-06,5.02868475e-01
2.16982800e-06,5.02385501e-01
2.16992800e-06,5.01908907e-01
2.17002800e-06,5.01438374e-01
2.17012800e-06,5.00973910e-01
2.17022800e-06,5.00515206e-01
2.17032800e-06,5.00062282e-01
2.17042800e-06,4.99614840e-01
2.17052800e-06,4.99172909e-01
2.17062800e-06,4.98736200e-01
2.17072800e-06,4.98304751e-01
2.17082800e-06,4.97878283e-01
2.17092800e-06,4.97456840e-01
2.17102800e-06,4.97040154e-01
2.17112800e-06,4.96628274e-01
2.17122800e-06,4.96220939e-01
2.17132800e-06,4.95818207e-01
2.17142800e-06,4.95419822e-01
2.17152800e-06,4.95025848e-01
2.17162800e-06,4.94636037e-01
2.17172800e-06,4.94250456e-01
2.17182800e-06,4.93868864e-01
2.17192800e-06,4.93491334e-01
2.17202800e-06,4.93117629e-01
2.17212800e-06,4.92747828e-01
2.17222800e-06,4.92381698e-01
2.17232800e-06,4.92019322e-01
2.17242800e-06,4.91660472e-01
2.17252800e-06,4.91305236e-01
2.17262800e-06,4.90953388e-01
2.17272800e-06,4.90605021e-01
2.17282800e-06,4.90259914e-01
2.17292800e-06,4.89918161e-01
2.17302800e-06,4.89579547e-01
2.17312800e-06,4.89244168e-01
2.17322800e-06,4.88911811e-01
2.17332800e-06,4.88582578e-01
2.17342800e-06,4.88256257e-01
2.17352800e-06,4.87932953e-01
2.17362800e-06,4.87612458e-01
2.17372800e-06,4.87294878e-01
2.17382800e-06,4.86980009e-01
2.17392800e-06,4.86667959e-01
2.17402800e-06,4.86358527e-01
2.17412800e-06,4.86051822e-01
2.17422800e-06,4.85747645e-01
2.17432800e-06,4.85446109e-01
2.17442800e-06,4.85147017e-01
2.17452800e-06,4.84850483e-01
2.17462800e-06,4.84556313e-01
2.17472800e-06,4.84264622e-01
2.17482800e-06,4.83975217e-01
2.17492800e-06,4.83688217e-01
2.17502800e-06,4.83403430e-01
2.17512800e-06,4.83120975e-01
2.17522800e-06,4.82840664e-01
2.17532800e-06,4.82562617e-01
2.17542800e-06,4.82286648e-01
2.17552800e-06,4.82012877e-01
2.17562800e-06,4.81741119e-01
2.17572800e-06,4.81471497e-01
2.17582800e-06,4.81203828e-01
2.17592800e-06,4.80938235e-01
2.17602800e-06,4.80674536e-01
2.17612800e-06,4.80412856e-01
2.17622800e-06,4.80153015e-01
2.17632800e-06,4.79895138e-01
2.17642800e-06,4.79639046e-01
2.17652800e-06,4.79384865e-01
2.17662800e-06,4.79132418e-01
2.17672800e-06,4.78881832e-01
2.17682800e-06,4.78632930e-01
2.17692800e-06,4.78385842e-01
2.17702800e-06,4.78140391e-01
2.17712800e-06,4.77896706e-01
2.17722800e-06,4.77654613e-01
2.17732800e-06,4.77414241e-01
2.17742800e-06,4.77175419e-01
2.17752800e-06,4.76938275e-01
2.17762800e-06,4.76702638e-01
2.17772800e-06,4.76468638e-01
2.17782800e-06,4.76236105e-01
2.17792800e-06,4.76005169e-01
2.17802800e-06,4.75775662e-01
2.17812800e-06,4.75547714e-01
2.17822800e-06,4.75321157e-01
2.17832800e-06,4.75096122e-01
2.17842800e-06,4.74872442e-01
2.17852800e-06,4.74650249e-01
2.17862800e-06,4.74429377e-01
2.17872800e-06,4.74209957e-01
2.17882800e-06,4.73991825e-01
2.17892800e-06,4.73775112e-01
2.17902800e-06,4.73559655e-01
2.17912800e-06,4.73345585e-01
2.17922800e-06,4.73132740e-01
2.17932800e-06,4.72921251e-01
2.17942800e-06,4.72710957e-01
2.17952800e-06,4.72501991e-01
2.17962800e-06,4.72294189e-01
2.17972800e-06,4.72087687e-01
2.17982800e-06,4.71882322e-01
2.17992800e-06,4.71678228e-01
2.18002800e-06,4.71475245e-01
2.18012800e-06,4.71273506e-01
2.18022800e-06,4.71072852e-01
2.18032800e-06,4.70873416e-01
2.18042800e-06,4.70675039e-01
2.18052800e-06,4.70477856e-01
2.18062800e-06,4.70281707e-01
2.18072800e-06,4.70086728e-01
2.18082800e-06,4.69892761e-01
2.18092800e-06,4.69699939e-01
2.18102800e-06,4.69508105e-01
2.18112800e-06,4.69317394e-01
2.18122800e-06,4.69127650e-01
2.18132800e-06,4.68939007e-01
2.18142800e-06,4.68751308e-01
2.18152800e-06,4.68564689e-01
2.18162800e-06,4.68378994e-01
2.18172800e-06,4.68194359e-01
2.18182800e-06,4.68010627e-01
2.18192800e-06,4.67827934e-01
2.18202800e-06,4.67646126e-01
2.18212800e-06,4.67465337e-01
2.18222800e-06,4.67285414e-01
2.18232800e-06,4.67106491e-01
2.18242800e-06,4.66928416e-01
2.18252800e-06,4.66751322e-01
2.18262800e-06,4.66575058e-01
2.18272800e-06,4.66399759e-01
2.18282800e-06,4.66225271e-01
2.18292800e-06,4.66051731e-01
2.18302800e-06,4.65878986e-01
2.18312800e-06,4.65707171e-01
2.18322800e-06,4.65536135e-01
2.18332800e-06,4.65366014e-01
2.18342800e-06,4.65196655e-01
2.18352800e-06,4.65028194e-01
2.18362800e-06,4.64860481e-01
2.18372800e-06,4.64693651e-01
2.18382800e-06,4.64527553e-01
2.18392800e-06,4.64362324e-01
2.18402800e-06,4.64197812e-01
2.18412800e-06,4.64034153e-01
2.18422800e-06,4.63871199e-01
2.18432800e-06,4.63709083e-01
2.18442800e-06,4.63547657e-01
2.18452800e-06,4.63387057e-01
2.18462800e-06,4.63227133e-01
2.18472800e-06,4.63068021e-01
2.18482800e-06,4.62909572e-01
2.18492800e-06,4.62751923e-01
2.18502800e-06,4.62594924e-01
2.18512800e-06,4.62438711e-01
2.18522800e-06,4.62283136e-01
2.18532800e-06,4.62128335e-01
2.18542800e-06,4.61974160e-01
2.18552800e-06,4.61820747e-01
2.18562800e-06,4.61667948e-01
2.18572800e-06,4.61515899e-01
2.18582800e-06,4.61364453e-01
2.18592800e-06,4.61213745e-01
2.18602800e-06,4.61063629e-01
2.18612800e-06,4.60914240e-01
2.18622800e-06,4.60765432e-01
2.18632800e-06,4.60617340e-01
2.18642800e-06,4.60469818e-01
2.18652800e-06,4.60323002e-01
2.18662800e-06,4.60176746e-01
2.18672800e-06,4.60031185e-01
2.18682800e-06,4.59886174e-01
2.18692800e-06,4.59741847e-01
2.18702800e-06,4.59598061e-01
2.18712800e-06,4.59454949e-01
2.18722800e-06,4.59312368e-01
2.18732800e-06,4.59170452e-01
2.18742800e-06,4.59029058e-01
2.18752800e-06,4.58888319e-01
2.18762800e-06,4.58748092e-01
2.18772800e-06,4.58608511e-01
2.18782800e-06,4.58469434e-01
2.18792800e-06,4.58330994e-01
2.18802800e-06,4.58193048e-01
2.18812800e-06,4.58055731e-01
2.18822800e-06,4.57918900e-01
2.18832800e-06,4.57782688e-01
2.18842800e-06,4.57646954e-01
2.18852800e-06,4.57511832e-01
2.18862800e-06,4.57377179e-01
2.18872800e-06,4.57243130e-01
2.18882800e-06,4.57109541e-01
2.18892800e-06,4.56976548e-01
2.18902800e-06,4.56844009e-01
2.18912800e-06,4.56712057e-01
2.18922800e-06,4.56580551e-01
2.18932800e-06,4.56449625e-01
2.18942800e-06,4.56319138e-01
2.18952800e-06,4.56189222e-01
2.18962800e-06,4.56059738e-01
2.18972800e-06,4.55930819e-01
2.18982800e-06,4.55802324e-01
2.18992800e-06,4.55674387e-01
2.19002800e-06,4.55546867e-01
2.19012800e-06,4.55419897e-01
2.19022800e-06,4.55293338e-01
2.19032800e-06,4.55167323e-01
2.19042800e-06,4.55041711e-01
2.19052800e-06,4.54916637e-01
2.19062800e-06,4.54791959e-01
2.19072800e-06,4.54667812e-01
2.19082800e-06,4.54544056e-01
2.19092800e-06,4.54420824e-01
2.19102800e-06,4.54297976e-01
2.19112800e-06,4.54175646e-01
2.19122800e-06,4.54053694e-01
2.19132800e-06,4.53932254e-01
2.19142800e-06,4.53811186e-01
2.19152800e-06,4.53690623e-01
2.19162800e-06,4.53570427e-01
2.19172800e-06,4.53450730e-01
2.19182800e-06,4.53331395e-01
2.19192800e-06,4.53212552e-01
2.19202800e-06,4.53094065e-01
2.19212800e-06,4.52976066e-01
2.19222800e-06,4.52858416e-01
2.19232800e-06,4.52741248e-01
2.19242800e-06,4.52624425e-01
2.19252800e-06,4.52508078e-01
2.19262800e-06,4.52392071e-01
2.19272800e-06,4.52276534e-01
2.19282800e-06,4.52161332e-01
2.19292800e-06,4.52046595e-01
2.19302800e-06,4.51932188e-01
2.19312800e-06,4.51818240e-01
2.19322800e-06,4.51704617e-01
2.19332800e-06,4.51591449e-01
2.19342800e-06,4.51478600e-01
2.19352800e-06,4.51366202e-01
2.19362800e-06,4.51254118e-01
2.19372800e-06,4.51142479e-01
2.19382800e-06,4.51031150e-01
2.19392800e-06,4.50920262e-01
2.19402800e-06,4.50809679e-01
2.19412800e-06,4.50699531e-01
2.19422800e-06,4.50589685e-01
2.19432800e-06,4.50480269e-01
2.19442800e-06,4.50371150e-01
2.19452800e-06,4.50262457e-01
2.19462800e-06,4.50154056e-01
2.19472800e-06,4.50046077e-01
2.19482800e-06,4.49938386e-01
2.19492800e-06,4.49831113e-01
2.19502800e-06,4.49724123e-01
2.19512800e-06,4.49617546e-01
2.19522800e-06,4.49511249e-01
2.19532800e-06,4.49405361e-01
2.19542800e-06,4.49299749e-01
2.19552800e-06,4.49194541e-01
2.19562800e-06,4.49089605e-01
2.19572800e-06,4.48985069e-01
2.19582800e-06,4.48880801e-01
2.19592800e-06,4.48776930e-01
2.19602800e-06,4.48673322e-01
2.19612800e-06,4.48570108e-01
2.19622800e-06,4.48467153e-01
2.19632800e-06,4.48364588e-01
2.19642800e-06,4.48262278e-01
2.19652800e-06,4.48160354e-01
2.19662800e-06,4.48058683e-01
2.19672800e-06,4.47957393e-01
2.19682800e-06,4.47856352e-01
2.19692800e-06,4.47755689e-01
2.19702800e-06,4.47655272e-01
2.19712800e-06,4.47555228e-01
2.19722800e-06,4.47455428e-01
2.19732800e-06,4.47355997e-01
2.19742800e-06,4.47256805e-01
2.19752800e-06,4.47157981e-01
2.19762800e-06,4.47059392e-01
2.19772800e-06,4.46961166e-01
2.19782800e-06,4.46863174e-01
2.19792800e-06,4.46765541e-01
2.19802800e-06,4.46668137e-01
2.19812800e-06,4.46571090e-01
2.19822800e-06,4.46474270e-01
2.19832800e-06,4.46377802e-01
2.19842800e-06,4.46281558e-01
2.19852800e-06,4.46185664e-01
2.19862800e-06,4.46089991e-01
2.19872800e-06,4.45994664e-01
2.19882800e-06,4.45899554e-01
2.19892800e-06,4.45804788e-01
2.19902800e-06,4.45710237e-01
2.19912800e-06,4.45616026e-01
2.19922800e-06,4.45522026e-01
2.19932800e-06,4.45428364e-01
2.19942800e-06,4.45334911e-01
2.19952800e-06,4.45241793e-01
2.19962800e-06,4.45148880e-01
2.19972800e-06,4.45056299e-01
2.19982800e-06,4.44963921e-01
2.19992800e-06,4.44871872e-01
2.20002800e-06,4.44780024e-01
2.20012800e-06,4.44688501e-01
2.20022800e-06,4.44597177e-01
2.20032800e-06,4.44506175e-01
2.20042800e-06,4.44415369e-01
2.20052800e-06,4.44324882e-01
2.20062800e-06,4.44234589e-01
2.20072800e-06,4.44144613e-01
2.20082800e-06,4.44054828e-01
2.20092800e-06,4.43965357e-01
2.20102800e-06,4.43876075e-01
2.20112800e-06,4.43787104e-01
2.20122800e-06,4.43698319e-01
2.20132800e-06,4.43609843e-01
2.20142800e-06,4.43521551e-01
2.20152800e-06,4.43433565e-01
2.20162800e-06,4.43345760e-01
2.20172800e-06,4.43258260e-01
2.20182800e-06,4.43170938e-01
2.20192800e-06,4.43083918e-01
2.20202800e-06,4.42997074e-01
2.20212800e-06,4.42910529e-01
2.20222800e-06,4.42824158e-01
2.20232800e-06,4.42738085e-01
2.20242800e-06,4.42652183e-01
2.20252800e-06,4.42566576e-01
2.20262800e-06,4.42481138e-01
2.20272800e-06,4.42395993e-01
2.20282800e-06,4.42311015e-01
2.20292800e-06,4.42226327e-01
2.20302800e-06,4.42141804e-01
2.20312800e-06,4.42057569e-01
2.20322800e-06,4.41973497e-01
2.20332800e-06,4.41889711e-01
2.20342800e-06,4.41806086e-01
2.20352800e-06,4.41722744e-01
2.20362800e-06,4.41639561e-01
2.20372800e-06,4.41556660e-01
2.20382800e-06,4.41473915e-01
2.20392800e-06,4.41391449e-01
2.20402800e-06,4.41309139e-01
2.20412800e-06,4.41227105e-01
2.20422800e-06,4.41145225e-01
2.20432800e-06,4.41063619e-01
2.20442800e-06,4.40982165e-01
2.20452800e-06,4.40900983e-01
2.20462800e-06,4.40819951e-01
2.20472800e-06,4.40739189e-01
2.20482800e-06,4.40658575e-01
2.20492800e-06,4.40578230e-01
2.20502800e-06,4.40498030e-01
2.20512800e-06,4.40418097e-01
2.20522800e-06,4.40338308e-01
2.20532800e-06,4.40258784e-01
2.20542800e-06,4.40179402e-01
2.20552800e-06,4.40100283e-01
2.20562800e-06,4.40021304e-01
2.20572800e-06,4.39942586e-01
2.20582800e-06,4.39864007e-01
2.20592800e-06,4.39785687e-01
2.20602800e-06,4.39707504e-01
2.20612800e-06,4.39629578e-01
2.20622800e-06,4.39551787e-01
2.20632800e-06,4.39474252e-01
2.20642800e-06,4.39396851e-01
2.20652800e-06,4.39319703e-01
2.20662800e-06,4.39242687e-01
2.20672800e-06,4.39165924e-01
2.20682800e-06,4.39089290e-01
2.20692800e-06,4.39012907e-01
2.20702800e-06,4.38936652e-01
2.20712800e-06,4.38860646e-01
2.20722800e-06,4.38784768e-01
2.20732800e-06,4.38709136e-01
2.20742800e-06,4.38633629e-01
2.20752800e-06,4.38558368e-01
2.20762800e-06,4.38483231e-01
2.20772800e-06,4.38408337e-01
2.20782800e-06,4.38333566e-01
2.20792800e-06,4.38259037e-01
2.20802800e-06,4.38184629e-01
2.20812800e-06,4.38110461e-01
2.20822800e-06,4.38036413e-01
2.20832800e-06,4.37962604e-01
2.20842800e-06,4.37888913e-01
2.20852800e-06,4.37815459e-01
2.20862800e-06,4.37742121e-01
2.20872800e-06,4.37669019e-01
2.20882800e-06,4.37596033e-01
2.20892800e-06,4.37523281e-01
2.20902800e-06,4.37450642e-01
2.20912800e-06,4.37378237e-01
2.20922800e-06,4.37305943e-01
2.20932800e-06,4.37233881e-01
2.20942800e-06,4.37161930e-01
2.20952800e-06,4.37090209e-01
2.20962800e-06,4.37018598e-01
2.20972800e-06,4.36947215e-01
2.20982800e-06,4.36875940e-01
2.20992800e-06,4.36804892e-01
2.21002800e-06,4.36733952e-01
2.21012800e-06,4.36663236e-01
2.21022800e-06,4.36592627e-01
2.21032800e-06,4.36522242e-01
2.21042800e-06,4.36451961e-01
2.21052800e-06,4.36381903e-01
2.21062800e-06,4.36311948e-01
2.21072800e-06,4.36242215e-01
2.21082800e-06,4.36172584e-01
2.21092800e-06,4.36103172e-01
2.21102800e-06,4.36033862e-01
2.21112800e-06,4.35964770e-01
2.21122800e-06,4.35895779e-01
2.21132800e-06,4.35827004e-01
2.21142800e-06,4.35758328e-01
2.21152800e-06,4.35689868e-01
2.21162800e-06,4.35621505e-01
2.21172800e-06,4.35553357e-01
2.21182800e-06,4.35485305e-01
2.21192800e-06,4.35417467e-01
2.21202800e-06,4.35349723e-01
2.21212800e-06,4.35282192e-01
2.21222800e-06,4.35214755e-01
2.21232800e-06,4.35147529e-01
2.21242800e-06,4.35080396e-01
2.21252800e-06,4.35013472e-01
2.21262800e-06,4.34946640e-01
2.21272800e-06,4.34880016e-01
2.21282800e-06,4.34813484e-01
2.21292800e-06,4.34747158e-01
2.21302800e-06,4.34680923e-01
2.21312800e-06,4.34614893e-01
2.21322800e-06,4.34548952e-01
2.21332800e-06,4.34483215e-01
2.21342800e-06,4.34417567e-01
2.21352800e-06,4.34352122e-01
2.21362800e-06,4.34286764e-01
2.21372800e-06,4.34221608e-01
2.21382800e-06,4.34156538e-01
2.21392800e-06,4.34091669e-01
2.21402800e-06,4.34026885e-01
2.21412800e-06,4.33962300e-01
2.21422800e-06,4.33897800e-01
2.21432800e-06,4.33833499e-01
2.21442800e-06,4.33769280e-01
2.21452800e-06,4.33705260e-01
2.21462800e-06,4.33641321e-01
2.21472800e-06,4.33577579e-01
2.21482800e-06,4.33513918e-01
2.21492800e-06,4.33450452e-01
2.21502800e-06,4.33387067e-01
2.21512800e-06,4.33323876e-01
2.21522800e-06,4.33260764e-01
2.21532800e-06,4.33197846e-01
2.21542800e-06,4.33135006e-01
2.21552800e-06,4.33072359e-01
2.21562800e-06,4.33009788e-01
2.21572800e-06,4.32947410e-01
2.21582800e-06,4.32885107e-01
2.21592800e-06,4.32822995e-01
2.21602800e-06,4.32760959e-01
2.21612800e-06,4.32699112e-01
2.21622800e-06,4.32637339e-01
2.21632800e-06,4.32575755e-01
2.21642800e-06,4.32514245e-01
2.21652800e-06,4.32452922e-01
2.21662800e-06,4.32391673e-01
2.21672800e-06,4.32330609e-01
2.21682800e-06,4.32269618e-01
2.21692800e-06,4.32208812e-01
2.21702800e-06,4.32148078e-01
2.21712800e-06,4.32087528e-01
2.21722800e-06,4.32027049e-01
2.21732800e-06,4.31966753e-01
2.21742800e-06,4.31906526e-01
2.21752800e-06,4.31846483e-01
2.21762800e-06,4.31786508e-01
2.21772800e-06,4.31726715e-01
2.21782800e-06,4.31666990e-01
2.21792800e-06,4.31607446e-01
2.21802800e-06,4.31547969e-01
2.21812800e-06,4.31488672e-01
2.21822800e-06,4.31429442e-01
2.21832800e-06,4.31370390e-01
2.21842800e-06,4.31311404e-01
2.21852800e-06,4.31252597e-01
2.21862800e-06,4.31193854e-01
2.21872800e-06,4.31135289e-01
2.21882800e-06,4.31076787e-01
2.21892800e-06,4.31018462e-01
2.21902800e-06,4.30960201e-01
2.21912800e-06,4.30902115e-01
2.21922800e-06,4.30844092e-01
2.21932800e-06,4.30786244e-01
2.21942800e-06,4.30728458e-01
2.21952800e-06,4.30670845e-01
2.21962800e-06,4.30613294e-01
2.21972800e-06,4.30555915e-01
2.21982800e-06,4.30498598e-01
2.21992800e-06,4.30441452e-01
2.22002800e-06,4.30384367e-01
2.22012800e-06,4.30327453e-01
2.22022800e-06,4.30270598e-01
2.22032800e-06,4.30213913e-01
2.22042800e-06,4.30157287e-01
2.22052800e-06,4.30100831e-01
2.22062800e-06,4.30044433e-01
2.22072800e-06,4.29988204e-01
2.22082800e-06,4.29932032e-01
2.22092800e-06,4.29876028e-01
2.22102800e-06,4.29820080e-01
2.22112800e-06,4.29764300e-01
2.22122800e-06,4.29708576e-01
2.22132800e-06,4.29653019e-01
2.22142800e-06,4.29597516e-01
2.22152800e-06,4.29542180e-01
2.22162800e-06,4.29486898e-01
2.22172800e-06,4.29431781e-01
2.22182800e-06,4.29376719e-01
2.22192800e-06,4.29321820e-01
2.22202800e-06,4.29266975e-01
2.22212800e-06,4.29212294e-01
2.22222800e-06,4.29157665e-01
2.22232800e-06,4.29103199e-01
2.22242800e-06,4.29048786e-01
2.22252800e-06,4.28994534e-01
2.22262800e-06,4.28940334e-01
2.22272800e-06,4.28886296e-01
2.22282800e-06,4.28832308e-01
2.22292800e-06,4.28778481e-01
2.22302800e-06,4.28724705e-01
2.22312800e-06,4.28671088e-01
2.22322800e-06,4.28617521e-01
2.22332800e-06,4.28564114e-01
2.22342800e-06,4.28510756e-01
2.22352800e-06,4.28457556e-01
2.22362800e-06,4.28404405e-01
2.22372800e-06,4.28351412e-01
2.22382800e-06,4.28298467e-01
2.22392800e-06,4.28245679e-01
2.22402800e-06,4.28192939e-01
2.22412800e-06,4.28140355e-01
2.22422800e-06,4.28087819e-01
2.22432800e-06,4.28035438e-01
2.22442800e-06,4.27983103e-01
2.22452800e-06,4.27930924e-01
2.22462800e-06,4.27878791e-01
2.22472800e-06,4.27826812e-01
2.22482800e-06,4.27774879e-01
2.22492800e-06,4.27723099e-01
2.22502800e-06,4.27671365e-01
2.22512800e-06,4.27619784e-01
2.22522800e-06,4.27568247e-01
2.22532800e-06,4.27516862e-01
2.22542800e-06,4.27465522e-01
2.22552800e-06,4.27414333e-01
2.22562800e-06,4.27363188e-01
2.22572800e-06,4.27312194e-01
2.22582800e-06,4.27261243e-01
2.22592800e-06,4.27210443e-01
2.22602800e-06,4.27159685e-01
2.22612800e-06,4.27109077e-01
2.22622800e-06,4.27058511e-01
2.22632800e-06,4.27008094e-01
2.22642800e-06,4.26957719e-01
2.22652800e-06,4.26907493e-01
2.22662800e-06,4.26857308e-01
2.22672800e-06,4.26807270e-01
2.22682800e-06,4.26757274e-01
2.22692800e-06,4.26707425e-01
2.22702800e-06,4.26657616e-01
2.22712800e-06,4.26607954e-01
2.22722800e-06,4.26558331e-01
2.22732800e-06,4.26508855e-01
2.22742800e-06,4.26459418e-01
2.22752800e-06,4.26410127e-01
2.22762800e-06,4.26360875e-01
2.22772800e-06,4.26311767e-01
2.22782800e-06,4.26262698e-01
2.22792800e-06,4.26213774e-01
2.22802800e-06,4.26164887e-01
2.22812800e-06,4.26116145e-01
2.22822800e-06,4.26067440e-01
2.22832800e-06,4.26018878e-01
2.22842800e-06,4.25970354e-01
2.22852800e-06,4.25921972e-01
2.22862800e-06,4.25873627e-01
2.22872800e-06,4.25825424e-01
2.22882800e-06,4.25777257e-01
2.22892800e-06,4.25729233e-01
2.22902800e-06,4.25681243e-01
2.22912800e-06,4.25633396e-01
2.22922800e-06,4.25585583e-01
2.22932800e-06,4.25537911e-01
2.22942800e-06,4.25490274e-01
2.22952800e-06,4.25442778e-01
2.22962800e-06,4.25395315e-01
2.22972800e-06,4.25347993e-01
2.22982800e-06,4.25300704e-01
2.22992800e-06,4.25253555e-01
2.23002800e-06,4.25206439e-01
2.23012800e-06,4.25159462e-01
2.23022800e-06,4.25112518e-01
2.23032800e-06,4.25065712e-01
2.23042800e-06,4.25018940e-01
2.23052800e-06,4.24972304e-01
2.23062800e-06,4.24925702e-01
2.23072800e-06,4.24879236e-01
2.23082800e-06,4.24832802e-01
2.23092800e-06,4.24786506e-01
2.23102800e-06,4.24740240e-01
2.23112800e-06,4.24694111e-01
2.23122800e-06,4.24648014e-01
2.23132800e-06,4.24602052e-01
2.23142800e-06,4.24556120e-01
2.23152800e-06,4.24510324e-01
2.23162800e-06,4.24464559e-01
2.23172800e-06,4.24418928e-01
2.23182800e-06,4.24373328e-01
2.23192800e-06,4.24327861e-01
2.23202800e-06,4.24282425e-01
2.23212800e-06,4.24237122e-01
2.23222800e-06,4.24191849e-01
2.23232800e-06,4.24146709e-01
2.23242800e-06,4.24101598e-01
2.23252800e-06,4.24056620e-01
2.23262800e-06,4.24011671e-01
2.23272800e-06,4.23966854e-01
2.23282800e-06,4.23922065e-01
2.23292800e-06,4.23877409e-01
2.23302800e-06,4.23832780e-01
2.23312800e-06,4.23788283e-01
2.23322800e-06,4.23743814e-01
2.23332800e-06,4.23699475e-01
2.23342800e-06,4.23655164e-01
2.23352800e-06,4.23610984e-01
2.23362800e-06,4.23566830e-01
2.23372800e-06,4.23522807e-01
2.23382800e-06,4.23478810e-01
2.23392800e-06,4.23434943e-01
2.23402800e-06,4.23391103e-01
2.23412800e-06,4.23347391e-01
2.23422800e-06,4.23303706e-01
2.23432800e-06,4.23260150e-01
2.23442800e-06,4.23216619e-01
2.23452800e-06,4.23173217e-01
2.23462800e-06,4.23129840e-01
2.23472800e-06,4.23086591e-01
2.23482800e-06,4.23043367e-01
2.23492800e-06,4.23000270e-01
2.23502800e-06,4.22957199e-01
2.23512800e-06,4.22914254e-01
2.23522800e-06,4.22871334e-01
2.23532800e-06,4.22828541e-01
2.23542800e-06,4.22785772e-01
2.23552800e-06,4.22743129e-01
2.23562800e-06,4.22700510e-01
2.23572800e-06,4.22658017e-01
2.23582800e-06,4.22615547e-01
2.23592800e-06,4.22573204e-01
2.23602800e-06,4.22530883e-01
2.23612800e-06,4.22488687e-01
2.23622800e-06,4.22446514e-01
2.23632800e-06,4.22404466e-01
2.23642800e-06,4.22362441e-01
2.23652800e-06,4.22320540e-01
2.23662800e-06,4.22278661e-01
2.23672800e-06,4.22236906e-01
2.23682800e-06,4.22195174e-01
2.23692800e-06,4.22153565e-01
2.23702800e-06,4.22111977e-01
2.23712800e-06,4.22070513e-01
2.23722800e-06,4.22029070e-01
2.23732800e-06,4.21987750e-01
2.23742800e-06,4.21946452e-01
2.23752800e-06,4.21905275e-01
2.23762800e-06,4.21864120e-01
2.23772800e-06,4.21823087e-01
2.23782800e-06,4.21782074e-01
2.23792800e-06,4.21741183e-01
2.23802800e-06,4.21700313e-01
2.23812800e-06,4.21659563e-01
2.23822800e-06,4.21618834e-01
2.23832800e-06,4.21578226e-01
2.23842800e-06,4.21537638e-01
2.23852800e-06,4.21497170e-01
2.23862800e-06,4.21456722e-01
2.23872800e-06,4.21416394e-01
2.23882800e-06,4.21376085e-01
2.23892800e-06,4.21335897e-01
2.23902800e-06,4.21295727e-01
2.23912800e-06,4.21255677e-01
2.23922800e-06,4.21215645e-01
2.23932800e-06,4.21175733e-01
2.23942800e-06,4.21135839e-01
2.23952800e-06,4.21096065e-01
2.23962800e-06,4.21056308e-01
2.23972800e-06,4.21016670e-01
2.23982800e-06,4.20977050e-01
2.23992800e-06,4.20937548e-01
2.24002800e-06,4.20898064e-01
2.24012800e-06,4.20858698e-01
2.24022800e-06,4.20819349e-01
2.24032800e-06,4.20780118e-01
2.24042800e-06,4.20740904e-01
2.24052800e-06,4.20701807e-01
2.24062800e-06,4.20662727e-01
2.24072800e-06,4.20623764e-01
2.24082800e-06,4.20584818e-01
2.24092800e-06,4.20545989e-01
2.24102800e-06,4.20507176e-01
2.24112800e-06,4.20468479e-01
2.24122800e-06,4.20429798e-01
2.24132800e-06,4.20391234e-01
2.24142800e-06,4.20352685e-01
2.24152800e-06,4.20314252e-01
2.24162800e-06,4.20275835e-01
2.24172800e-06,4.20237533e-01
2.24182800e-06,4.20199247e-01
2.24192800e-06,4.20161075e-01
2.24202800e-06,4.20122919e-01
2.24212800e-06,4.20084878e-01
2.24222800e-06,4.20046852e-01
2.24232800e-06,4.20008940e-01
2.24242800e-06,4.19971043e-01
2.24252800e-06,4.19933260e-01
2.24262800e-06,4.19895491e-01
2.24272800e-06,4.19857837e-01
2.24282800e-06,4.19820197e-01
2.24292800e-06,4.19782670e-01
2.24302800e-06,4.19745158e-01
2.24312800e-06,4.19707758e-01
2.24322800e-06,4.19670373e-01
2.24332800e-06,4.19633101e-01
2.24342800e-06,4.19595843e-01
2.24352800e-06,4.19558696e-01
2.24362800e-06,4.19521564e-01
2.24372800e-06,4.19484544e-01
2.24382800e-06,4.19447537e-01
2.24392800e-06,4.19410642e-01
2.24402800e-06,4.19373761e-01
2.24412800e-06,4.19336991e-01
2.24422800e-06,4.19300234e-01
2.24432800e-06,4.19263589e-01
2.24442800e-06,4.19226956e-01
2.24452800e-06,4.19190434e-01
2.24462800e-06,4.19153926e-01
2.24472800e-06,4.19117527e-01
2.24482800e-06,4.19081142e-01
2.24492800e-06,4.19044866e-01
2.24502800e-06,4.19008603e-01
2.24512800e-06,4.18972450e-01
2.24522800e-06,4.18936310e-01
2.24532800e-06,4.18900279e-01
2.24542800e-06,4.18864260e-01
2.24552800e-06,4.18828351e-01
2.24562800e-06,4.18792453e-01
2.24572800e-06,4.18756665e-01
2.24582800e-06,4.18720888e-01
2.24592800e-06,4.18685221e-01
2.24602800e-06,4.18649564e-01
2.24612800e-06,4.18614017e-01
2.24622800e-06,4.18578481e-01
2.24632800e-06,4.18543053e-01
2.24642800e-06,4.18507636e-01
2.24652800e-06,4.18472328e-01
2.24662800e-06,4.18437030e-01
2.24672800e-06,4.18401840e-01
2.24682800e-06,4.18366661e-01
2.24692800e-06,4.18331590e-01
2.24702800e-06,4.18296529e-01
2.24712800e-06,4.18261576e-01
2.24722800e-06,4.18226633e-01
2.24732800e-06,4.18191797e-01
2.24742800e-06,4.18156971e-01
2.24752800e-06,4.18122252e-01
2.24762800e-06,4.18087544e-01
2.24772800e-06,4.18052942e-01
2.24782800e-06,4.18018349e-01
2.24792800e-06,4.17983863e-01
2.24802800e-06,4.17949387e-01
2.24812800e-06,4.17915017e-01
2.24822800e-06,4.17880657e-01
2.24832800e-06,4.17846402e-01
2.24842800e-06,4.17812157e-01
2.24852800e-06,4.17778017e-01
2.24862800e-06,4.17743886e-01
2.24872800e-06,4.17709861e-01
2.24882800e-06,4.17675845e-01
2.24892800e-06,4.17641934e-01
2.24902800e-06,4.17608032e-01
2.24912800e-06,4.17574235e-01
2.24922800e-06,4.17540447e-01
2.24932800e-06,4.17506763e-01
2.24942800e-06,4.17473088e-01
2.24952800e-06,4.17439517e-01
2.24962800e-06,4.17405955e-01
2.24972800e-06,4.17372497e-01
2.24982800e-06,4.17339047e-01
2.24992800e-06,4.17305701e-01
2.25002800e-06,4.17272363e-01
2.25012800e-06,4.17239129e-01
2.25022800e-06,4.17205903e-01
2.25032800e-06,4.17172780e-01
2.25042800e-06,4.17139665e-01
2.25052800e-06,4.17106654e-01
2.25062800e-06,4.17073650e-01
2.25072800e-06,4.17040749e-01
2.25082800e-06,4.17007856e-01
2.25092800e-06,4.16975065e-01
2.25102800e-06,4.16942282e-01
2.25112800e-06,4.16909601e-01
2.25122800e-06,4.16876928e-01
2.25132800e-06,4.16844357e-01
2.25142800e-06,4.16811793e-01
2.25152800e-06,4.16779331e-01
2.25162800e-06,4.16746877e-01
2.25172800e-06,4.16714524e-01
2.25182800e-06,4.16682178e-01
2.25192800e-06,4.16649933e-01
2.25202800e-06,4.16617696e-01
2.25212800e-06,4.16585559e-01
2.25222800e-06,4.16553430e-01
2.25232800e-06,4.16521401e-01
2.25242800e-06,4.16489379e-01
2.25252800e-06,4.16457458e-01
2.25262800e-06,4.16425544e-01
2.25272800e-06,4.16393730e-01
2.25282800e-06,4.16361922e-01
2.25292800e-06,4.16330215e-01
2.25302800e-06,4.16298514e-01
2.25312800e-06,4.16266913e-01
2.25322800e-06,4.16235319e-01
2.25332800e-06,4.16203824e-01
2.25342800e-06,4.16172336e-01
2.25352800e-06,4.16140947e-01
2.25362800e-06,4.16109564e-01
2.25372800e-06,4.16078280e-01
2.25382800e-06,4.16047003e-01
2.25392800e-06,4.16015825e-01
2.25402800e-06,4.15984652e-01
2.25412800e-06,4.15953578e-01
2.25422800e-06,4.15922511e-01
2.25432800e-06,4.15891542e-01
2.25442800e-06,4.15860578e-01
2.25452800e-06,4.15829713e-01
2.25462800e-06,4.15798854e-01
2.25472800e-06,4.15768092e-01
2.25482800e-06,4.15737337e-01
2.25492800e-06,4.15706679e-01
2.25502800e-06,4.15676027e-01
2.25512800e-06,4.15645472e-01
2.25522800e-06,4.15614923e-01
2.25532800e-06,4.15584472e-01
2.25542800e-06,4.15554025e-01
2.25552800e-06,4.15523676e-01
2.25562800e-06,4.15493332e-01
2.25572800e-06,4.15463086e-01
2.25582800e-06,4.15432844e-01
2.25592800e-06,4.15402699e-01
2.25602800e-06,4.15372559e-01
2.25612800e-06,4.15342516e-01
2.25622800e-06,4.15312478e-01
2.25632800e-06,4.15282536e-01
2.25642800e-06,4.15252599e-01
2.25652800e-06,4.15222759e-01
2.25662800e-06,4.15192923e-01
2.25672800e-06,4.15163183e-01
2.25682800e-06,4.15133448e-01
2.25692800e-06,4.15103808e-01
2.25702800e-06,4.15074173e-01
2.25712800e-06,4.15044635e-01
2.25722800e-06,4.15015100e-01
2.25732800e-06,4.14985661e-01
2.25742800e-06,4.14956226e-01
2.25752800e-06,4.14926886e-01
2.25762800e-06,4.14897551e-01
2.25772800e-06,4.14868311e-01
2.25782800e-06,4.14839075e-01
2.25792800e-06,4.14809934e-01
2.25802800e-06,4.14780797e-01
2.25812800e-06,4.14751755e-01
2.25822800e-06,4.14722717e-01
2.25832800e-06,4.14693773e-01
2.25842800e-06,4.14664833e-01
2.25852800e-06,4.14635988e-01
2.25862800e-06,4.14607147e-01
2.25872800e-06,4.14578400e-01
2.25882800e-06,4.14549656e-01
2.25892800e-06,4.14521007e-01
2.25902800e-06,4.14492361e-01
2.25912800e-06,4.14463809e-01
2.25922800e-06,4.14435260e-01
2.25932800e-06,4.14406806e-01
2.25942800e-06,4.14378354e-01
2.25952800e-06,4.14349997e-01
2.25962800e-06,4.14321642e-01
2.25972800e-06,4.14293381e-01
2.25982800e-06,4.14265123e-01
2.25992800e-06,4.14236959e-01
2.26002800e-06,4.14208797e-01
2.26012800e-06,4.14180729e-01
2.26022800e-06,4.14152664e-01
2.26032800e-06,4.14124691e-01
2.26042800e-06,4.14096722e-01
2.26052800e-06,4.14068846e-01
2.26062800e-06,4.14040972e-01
2.26072800e-06,4.14013191e-01
2.26082800e-06,4.13985412e-01
2.26092800e-06,4.13957726e-01
2.26102800e-06,4.13930043e-01
2.26112800e-06,4.13902452e-01
2.26122800e-06,4.13874864e-01
2.26132800e-06,4.13847368e-01
2.26142800e-06,4.13819874e-01
2.26152800e-06,4.13792473e-01
2.26162800e-06,4.13765074e-01
2.26172800e-06,4.13737766e-01
2.26182800e-06,4.13710461e-01
2.26192800e-06,4.13683248e-01
2.26202800e-06,4.13656037e-01
2.26212800e-06,4.13628918e-01
2.26222800e-06,4.13601801e-01
2.26232800e-06,4.13574775e-01
2.26242800e-06,4.13547751e-01
2.26252800e-06,4.13520819e-01
2.26262800e-06,4.13493888e-01
2.26272800e-06,4.13467049e-01
2.26282800e-06,4.13440212e-01
2.26292800e-06,4.13413466e-01
2.26302800e-06,4.13386721e-01
2.26312800e-06,4.13360068e-01
2.26322800e-06,4.13333416e-01
2.26332800e-06,4.13306855e-01
2.26342800e-06,4.13280295e-01
2.26352800e-06,4.13253826e-01
2.26362800e-06,4.13227359e-01
2.26372800e-06,4.13200982e-01
2.26382800e-06,4.13174607e-01
2.26392800e-06,4.13148322e-01
2.26402800e-06,4.13122039e-01
2.26412800e-06,4.13095845e-01
2.26422800e-06,4.13069653e-01
2.26432800e-06,4.13043552e-01
2.26442800e-06,4.13017451e-01
2.26452800e-06,4.12991440e-01
2.26462800e-06,4.12965431e-01
2.26472800e-06,4.12939511e-01
2.26482800e-06,4.12913593e-01
2.26492800e-06,4.12887764e-01
2.26502800e-06,4.12861936e-01
2.26512800e-06,4.12836198e-01
2.26522800e-06,4.12810461e-01
2.26532800e-06,4.12784813e-01
2.26542800e-06,4.12759166e-01
2.26552800e-06,4.12733609e-01
2.26562800e-06,4.12708052e-01
2.26572800e-06,4.12682585e-01
2.26582800e-06,4.12657118e-01
2.26592800e-06,4.12631740e-01
2.26602800e-06,4.12606363e-01
2.26612800e-06,4.12581075e-01
2.26622800e-06,4.12555788e-01
2.26632800e-06,4.12530589e-01
2.26642800e-06,4.12505391e-01
2.26652800e-06,4.12480282e-01
2.26662800e-06,4.12455173e-01
2.26672800e-06,4.12430153e-01
2.26682800e-06,4.12405133e-01
2.26692800e-06,4.12380201e-01
2.26702800e-06,4.12355270e-01
2.26712800e-06,4.12330428e-01
2.26722800e-06,4.12305585e-01
2.26732800e-06,4.12280831e-01
2.26742800e-06,4.12256077e-01
2.26752800e-06,4.12231411e-01
2.26762800e-06,4.12206746e-01
2.26772800e-06,4.12182168e-01
2.26782800e-06,4.12157591e-01
2.26792800e-06,4.12133101e-01
2.26802800e-06,4.12108611e-01
2.26812800e-06,4.12084209e-01
2.26822800e-06,4.12059807e-01
2.26832800e-06,4.12035493e-01
2.26842800e-06,4.12011179e-01
2.26852800e-06,4.11986952e-01
2.26862800e-06,4.11962725e-01
2.26872800e-06,4.11938586e-01
2.26882800e-06,4.11914446e-01
2.26892800e-06,4.11890394e-01
2.26902800e-06,4.11866341e-01
2.26912800e-06,4.11842376e-01
2.26922800e-06,4.11818410e-01
2.26932800e-06,4.11794532e-01
2.26942800e-06,4.11770653e-01
2.26952800e-06,4.11746861e-01
2.26962800e-06,4.11723068e-01
2.26972800e-06,4.11699363e-01
2.26982800e-06,4.11675657e-01
2.26992800e-06,4.11652038e-01
2.27002800e-06,4.11628418e-01
2.27012800e-06,4.11604885e-01
2.27022800e-06,4.11581352e-01
2.27032800e-06,4.11557905e-01
2.27042800e-06,4.11534457e-01
2.27052800e-06,4.11511096e-01
2.27062800e-06,4.11487734e-01
2.27072800e-06,4.11464458e-01
2.27082800e-06,4.11441182e-01
2.27092800e-06,4.11417992e-01
2.27102800e-06,4.11394802e-01
2.27112800e-06,4.11371697e-01
2.27122800e-06,4.11348592e-01
2.27132800e-06,4.11325572e-01
2.27142800e-06,4.11302552e-01
2.27152800e-06,4.11279618e-01
2.27162800e-06,4.11256683e-01
2.27172800e-06,4.11233833e-01
2.27182800e-06,4.11210983e-01
2.27192800e-06,4.11188219e-01
2.27202800e-06,4.11165453e-01
2.27212800e-06,4.11142773e-01
2.27222800e-06,4.11120092e-01
2.27232800e-06,4.11097497e-01
2.27242800e-06,4.11074901e-01
2.27252800e-06,4.11052390e-01
2.27262800e-06,4.11029878e-01
2.27272800e-06,4.11007451e-01
2.27282800e-06,4.10985023e-01
2.27292800e-06,4.10962680e-01
2.27302800e-06,4.10940336e-01
2.27312800e-06,4.10918078e-01
2.27322800e-06,4.10895818e-01
2.27332800e-06,4.10873643e-01
2.27342800e-06,4.10851467e-01
2.27352800e-06,4.10829375e-01
2.27362800e-06,4.10807283e-01
2.27372800e-06,4.10785275e-01
2.27382800e-06,4.10763267e-01
2.27392800e-06,4.10741342e-01
2.27402800e-06,4.10719417e-01
2.27412800e-06,4.10697576e-01
2.27422800e-06,4.10675734e-01
2.27432800e-06,4.10653976e-01
2.27442800e-06,4.10632217e-01
2.27452800e-06,4.10610542e-01
2.27462800e-06,4.10588866e-01
2.27472800e-06,4.10567274e-01
2.27482800e-06,4.10545681e-01
2.27492800e-06,4.10524172e-01
2.27502800e-06,4.10502661e-01
2.27512800e-06,4.10481235e-01
2.27522800e-06,4.10459807e-01
2.27532800e-06,4.10438463e-01
2.27542800e-06,4.10417118e-01
2.27552800e-06,4.10395857e-01
2.27562800e-06,4.10374594e-01
2.27572800e-06,4.10353415e-01
2.27582800e-06,4.10332235e-01
2.27592800e-06,4.10311138e-01
2.27602800e-06,4.10290039e-01
2.27612800e-06,4.10269025e-01
2.27622800e-06,4.10248008e-01
2.27632800e-06,4.10227076e-01
2.27642800e-06,4.10206141e-01
2.27652800e-06,4.10185290e-01
2.27662800e-06,4.10164438e-01
2.27672800e-06,4.10143669e-01
2.27682800e-06,4.10122898e-01
2.27692800e-06,4.10102210e-01
2.27702800e-06,4.10081521e-01
2.27712800e-06,4.10060915e-01
2.27722800e-06,4.10040308e-01
2.27732800e-06,4.10019783e-01
2.27742800e-06,4.09999257e-01
2.27752800e-06,4.09978814e-01
2.27762800e-06,4.09958369e-01
2.27772800e-06,4.09938007e-01
2.27782800e-06,4.09917643e-01
2.27792800e-06,4.09897362e-01
2.27802800e-06,4.09877080e-01
2.27812800e-06,4.09856880e-01
2.27822800e-06,4.09836678e-01
2.27832800e-06,4.09816559e-01
2.27842800e-06,4.09796438e-01
2.27852800e-06,4.09776400e-01
2.27862800e-06,4.09756360e-01
2.27872800e-06,4.09736403e-01
2.27882800e-06,4.09716444e-01
2.27892800e-06,4.09696567e-01
2.27902800e-06,4.09676688e-01
2.27912800e-06,4.09656892e-01
2.27922800e-06,4.09637094e-01
2.27932800e-06,4.09617378e-01
2.27942800e-06,4.09597660e-01
2.27952800e-06,4.09578025e-01
2.27962800e-06,4.09558387e-01
2.27972800e-06,4.09538832e-01
2.27982800e-06,4.09519275e-01
2.27992800e-06,4.09499800e-01
2.28002800e-06,4.09480323e-01
2.28012800e-06,4.09460927e-01
2.28022800e-06,4.09441531e-01
2.28032800e-06,4.09422215e-01
2.28042800e-06,4.09402899e-01
2.28052800e-06,4.09383663e-01
2.28062800e-06,4.09364426e-01
2.28072800e-06,4.09345271e-01
2.28082800e-06,4.09326113e-01
2.28092800e-06,4.09307038e-01
2.28102800e-06,4.09287960e-01
2.28112800e-06,4.09268964e-01
2.28122800e-06,4.09249966e-01
2.28132800e-06,4.09231049e-01
2.28142800e-06,4.09212131e-01
2.28152800e-06,4.09193294e-01
2.28162800e-06,4.09174455e-01
2.28172800e-06,4.09155697e-01
2.28182800e-06,4.09136938e-01
2.28192800e-06,4.09118259e-01
2.28202800e-06,4.09099579e-01
2.28212800e-06,4.09080980e-01
2.28222800e-06,4.09062379e-01
2.28232800e-06,4.09043859e-01
2.28242800e-06,4.09025337e-01
2.28252800e-06,4.09006896e-01
2.28262800e-06,4.08988454e-01
2.28272800e-06,4.08970092e-01
2.28282800e-06,4.08951728e-01
2.28292800e-06,4.08933445e-01
2.28302800e-06,4.08915160e-01
2.28312800e-06,4.08896956e-01
2.28322800e-06,4.08878750e-01
2.28332800e-06,4.08860625e-01
2.28342800e-06,4.08842497e-01
2.28352800e-06,4.08824451e-01
2.28362800e-06,4.08806402e-01
2.28372800e-06,4.08788434e-01
2.28382800e-06,4.08770464e-01
2.28392800e-06,4.08752575e-01
2.28402800e-06,4.08734684e-01
2.28412800e-06,4.08716873e-01
2.28422800e-06,4.08699060e-01
2.28432800e-06,4.08681328e-01
2.28442800e-06,4.08663594e-01
2.28452800e-06,4.08645940e-01
2.28462800e-06,4.08628284e-01
2.28472800e-06,4.08610708e-01
2.28482800e-06,4.08593131e-01
2.28492800e-06,4.08575633e-01
2.28502800e-06,4.08558134e-01
2.28512800e-06,4.08540715e-01
2.28522800e-06,4.08523294e-01
2.28532800e-06,4.08505952e-01
2.28542800e-06,4.08488610e-01
2.28552800e-06,4.08471346e-01
2.28562800e-06,4.08454082e-01
2.28572800e-06,4.08436897e-01
2.28582800e-06,4.08419710e-01
2.28592800e-06,4.08402603e-01
2.28602800e-06,4.08385494e-01
2.28612800e-06,4.08368465e-01
2.28622800e-06,4.08351434e-01
2.28632800e-06,4.08334483e-01
2.28642800e-06,4.08317530e-01
2.28652800e-06,4.08300656e-01
2.28662800e-06,4.08283781e-01
2.28672800e-06,4.08266985e-01
2.28682800e-06,4.08250188e-01
2.28692800e-06,4.08233470e-01
2.28702800e-06,4.08216750e-01
2.28712800e-06,4.08200110e-01
2.28722800e-06,4.08183468e-01
2.28732800e-06,4.08166905e-01
2.28742800e-06,4.08150341e-01
2.28752800e-06,4.08133856e-01
2.28762800e-06,4.08117369e-01
2.28772800e-06,4.08100961e-01
2.28782800e-06,4.08084552e-01
2.28792800e-06,4.08068222e-01
2.28802800e-06,4.08051890e-01
2.28812800e-06,4.08035637e-01
2.28822800e-06,4.08019382e-01
2.28832800e-06,4.08003207e-01
2.28842800e-06,4.07987030e-01
2.28852800e-06,4.07970932e-01
2.28862800e-06,4.07954832e-01
2.28872800e-06,4.07938811e-01
2.28882800e-06,4.07922789e-01
2.28892800e-06,4.07906845e-01
2.28902800e-06,4.07890900e-01
2.28912800e-06,4.07875034e-01
2.28922800e-06,4.07859166e-01
2.28932800e-06,4.07843377e-01
2.28942800e-06,4.07827586e-01
2.28952800e-06,4.07811874e-01
2.28962800e-06,4.07796160e-01
2.28972800e-06,4.07780525e-01
2.28982800e-06,4.07764888e-01
2.28992800e-06,4.07749330e-01
2.29002800e-06,4.07733771e-01
2.29012800e-06,4.07718290e-01
2.29022800e-06,4.07702808e-01
2.29032800e-06,4.07687404e-01
2.29042800e-06,4.07671998e-01
2.29052800e-06,4.07656671e-01
2.29062800e-06,4.07641343e-01
2.29072800e-06,4.07626093e-01
2.29082800e-06,4.07610841e-01
2.29092800e-06,4.07595668e-01
2.29102800e-06,4.07580493e-01
2.29112800e-06,4.07565397e-01
2.29122800e-06,4.07550299e-01
2.29132800e-06,4.07535279e-01
2.29142800e-06,4.07520258e-01
2.29152800e-06,4.07505316e-01
2.29162800e-06,4.07490372e-01
2.29172800e-06,4.07475506e-01
2.29182800e-06,4.07460638e-01
2.29192800e-06,4.07445849e-01
2.29202800e-06,4.07431058e-01
2.29212800e-06,4.07416346e-01
2.29222800e-06,4.07401632e-01
2.29232800e-06,4.07386996e-01
2.29242800e-06,4.07372359e-01
2.29252800e-06,4.07357800e-01
2.29262800e-06,4.07343239e-01
2.29272800e-06,4.07328757e-01
2.29282800e-06,4.07314273e-01
2.29292800e-06,4.07299867e-01
2.29302800e-06,4.07285460e-01
2.29312800e-06,4.07271130e-01
2.29322800e-06,4.07256800e-01
2.29332800e-06,4.07242547e-01
2.29342800e-06,4.07228293e-01
2.29352800e-06,4.07214117e-01
2.29362800e-06,4.07199939e-01
2.29372800e-06,4.07185840e-01
2.29382800e-06,4.07171739e-01
2.29392800e-06,4.07157716e-01
2.29402800e-06,4.07143691e-01
2.29412800e-06,4.07129745e-01
2.29422800e-06,4.07115797e-01
2.29432800e-06,4.07101927e-01
2.29442800e-06,4.07088055e-01
2.29452800e-06,4.07074262e-01
2.29462800e-06,4.07060467e-01
2.29472800e-06,4.07046749e-01
2.29482800e-06,4.07033031e-01
2.29492800e-06,4.07019390e-01
2.29502800e-06,4.07005748e-01
2.29512800e-06,4.06992184e-01
2.29522800e-06,4.06978619e-01
2.29532800e-06,4.06965131e-01
2.29542800e-06,4.06951642e-01
2.29552800e-06,4.06938230e-01
2.29562800e-06,4.06924818e-01
2.29572800e-06,4.06911482e-01
2.29582800e-06,4.06898146e-01
2.29592800e-06,4.06884887e-01
2.29602800e-06,4.06871628e-01
2.29612800e-06,4.06858445e-01
2.29622800e-06,4.06845262e-01
2.29632800e-06,4.06832156e-01
2.29642800e-06,4.06819049e-01
2.29652800e-06,4.06806019e-01
2.29662800e-06,4.06792989e-01
2.29672800e-06,4.06780035e-01
2.29682800e-06,4.06767081e-01
2.29692800e-06,4.06754204e-01
2.29702800e-06,4.06741327e-01
2.29712800e-06,4.06728526e-01
2.29722800e-06,4.06715724e-01
2.29732800e-06,4.06703000e-01
2.29742800e-06,4.06690275e-01
2.29752800e-06,4.06677627e-01
2.29762800e-06,4.06664978e-01
2.29772800e-06,4.06652407e-01
2.29782800e-06,4.06639834e-01
2.29792800e-06,4.06627339e-01
2.29802800e-06,4.06614843e-01
2.29812800e-06,4.06602424e-01
2.29822800e-06,4.06590005e-01
2.29832800e-06,4.06577662e-01
2.29842800e-06,4.06565319e-01
2.29852800e-06,4.06553052e-01
2.29862800e-06,4.06540785e-01
2.29872800e-06,4.06528595e-01
2.29882800e-06,4.06516405e-01
2.29892800e-06,4.06504291e-01
2.29902800e-06,4.06492177e-01
2.29912800e-06,4.06480140e-01
2.29922800e-06,4.06468102e-01
2.29932800e-06,4.06456141e-01
2.29942800e-06,4.06444180e-01
2.29952800e-06,4.06432295e-01
2.29962800e-06,4.06420410e-01
2.29972800e-06,4.06408602e-01
2.29982800e-06,4.06396793e-01
2.29992800e-06,4.06385062e-01
2.30002800e-06,4.06373329e-01
2.30012800e-06,4.06361674e-01
2.30022800e-06,4.06350018e-01
2.30032800e-06,4.06338439e-01
2.30042800e-06,4.06326860e-01
2.30052800e-06,4.06315357e-01
2.30062800e-06,4.06303854e-01
2.30072800e-06,4.06292428e-01
2.30082800e-06,4.06281001e-01
2.30092800e-06,4.06269651e-01
2.30102800e-06,4.06258301e-01
2.30112800e-06,4.06247028e-01
2.30122800e-06,4.06235754e-01
2.30132800e-06,4.06224557e-01
2.30142800e-06,4.06213360e-01
2.30152800e-06,4.06202239e-01
2.30162800e-06,4.06191118e-01
2.30172800e-06,4.06180074e-01
2.30182800e-06,4.06169030e-01
2.30192800e-06,4.06158062e-01
2.30202800e-06,4.06147095e-01
2.30212800e-06,4.06136204e-01
2.30222800e-06,4.06125313e-01
2.30232800e-06,4.06114498e-01
2.30242800e-06,4.06103683e-01
2.30252800e-06,4.06092945e-01
2.30262800e-06,4.06082207e-01
2.30272800e-06,4.06071545e-01
2.30282800e-06,4.06060884e-01
2.30292800e-06,4.06050299e-01
2.30302800e-06,4.06039714e-01
2.30312800e-06,4.06029206e-01
2.30322800e-06,4.06018697e-01
2.30332800e-06,4.06008265e-01
2.30342800e-06,4.05997834e-01
2.30352800e-06,4.05987479e-01
2.30362800e-06,4.05977124e-01
2.30372800e-06,4.05966845e-01
2.30382800e-06,4.05956567e-01
2.30392800e-06,4.05946365e-01
2.30402800e-06,4.05936163e-01
2.30412800e-06,4.05926038e-01
2.30422800e-06,4.05915913e-01
2.30432800e-06,4.05905864e-01
2.30442800e-06,4.05895816e-01
2.30452800e-06,4.05885844e-01
2.30462800e-06,4.05875873e-01
2.30472800e-06,4.05865978e-01
2.30482800e-06,4.05856083e-01
2.30492800e-06,4.05846265e-01
2.30502800e-06,4.05836447e-01
2.30512800e-06,4.05826706e-01
2.30522800e-06,4.05816965e-01
2.30532800e-06,4.05807300e-01
2.30542800e-06,4.05797636e-01
2.30552800e-06,4.05788048e-01
2.30562800e-06,4.05778461e-01
2.30572800e-06,4.05768950e-01
2.30582800e-06,4.05759440e-01
2.30592800e-06,4.05750006e-01
2.30602800e-06,4.05740572e-01
2.30612800e-06,4.05731215e-01
2.30622800e-06,4.05721859e-01
2.30632800e-06,4.05712579e-01
2.30642800e-06,4.05703299e-01
2.30652800e-06,4.05694096e-01
2.30662800e-06,4.05684894e-01
2.30672800e-06,4.05675768e-01
2.30682800e-06,4.05666643e-01
2.30692800e-06,4.05657593e-01
2.30702800e-06,4.05648545e-01
2.30712800e-06,4.05639573e-01
2.30722800e-06,4.05630602e-01
2.30732800e-06,4.05621708e-01
2.30742800e-06,4.05612814e-01
2.30752800e-06,4.05603996e-01
2.30762800e-06,4.05595180e-01
2.30772800e-06,4.05586439e-01
2.30782800e-06,4.05577700e-01
2.30792800e-06,4.05569036e-01
2.30802800e-06,4.05560374e-01
2.30812800e-06,4.05551788e-01
2.30822800e-06,4.05543204e-01
2.30832800e-06,4.05534695e-01
2.30842800e-06,4.05526188e-01
2.30852800e-06,4.05517756e-01
2.30862800e-06,4.05509326e-01
2.30872800e-06,4.05500972e-01
2.30882800e-06,4.05492620e-01
2.30892800e-06,4.05484343e-01
2.30902800e-06,4.05476068e-01
2.30912800e-06,4.05467869e-01
2.30922800e-06,4.05459671e-01
2.30932800e-06,4.05451549e-01
2.30942800e-06,4.05443429e-01
2.30952800e-06,4.05435385e-01
2.30962800e-06,4.05427343e-01
2.30972800e-06,4.05419376e-01
2.30982800e-06,4.05411411e-01
2.30992800e-06,4.05403522e-01
2.31002800e-06,4.05395635e-01
2.31012800e-06,4.05387824e-01
2.31022800e-06,4.05380014e-01
2.31032800e-06,4.05372281e-01
2.31042800e-06,4.05364549e-01
2.31052800e-06,4.05356893e-01
2.31062800e-06,4.05349239e-01
2.31072800e-06,4.05341661e-01
2.31082800e-06,4.05334085e-01
2.31092800e-06,4.05326585e-01
2.31102800e-06,4.05319086e-01
2.31112800e-06,4.05311664e-01
2.31122800e-06,4.05304244e-01
2.31132800e-06,4.05296899e-01
2.31142800e-06,4.05289557e-01
2.31152800e-06,4.05282290e-01
2.31162800e-06,4.05275026e-01
2.31172800e-06,4.05267838e-01
2.31182800e-06,4.05260651e-01
2.31192800e-06,4.05253541e-01
2.31202800e-06,4.05246433e-01
2.31212800e-06,4.05239400e-01
2.31222800e-06,4.05232370e-01
2.31232800e-06,4.05225416e-01
2.31242800e-06,4.05218464e-01
2.31252800e-06,4.05211588e-01
2.31262800e-06,4.05204715e-01
2.31272800e-06,4.05197917e-01
2.31282800e-06,4.05191122e-01
2.31292800e-06,4.05184403e-01
2.31302800e-06,4.05177686e-01
2.31312800e-06,4.05171045e-01
2.31322800e-06,4.05164406e-01
2.31332800e-06,4.05157843e-01
2.31342800e-06,4.05151283e-01
2.31352800e-06,4.05144799e-01
2.31362800e-06,4.05138318e-01
2.31372800e-06,4.05131912e-01
2.31382800e-06,4.05125509e-01
2.31392800e-06,4.05119182e-01
2.31402800e-06,4.05112857e-01
2.31412800e-06,4.05106609e-01
2.31422800e-06,4.05100363e-01
2.31432800e-06,4.05094193e-01
2.31442800e-06,4.05088026e-01
2.31452800e-06,4.05081935e-01
2.31462800e-06,4.05075847e-01
2.31472800e-06,4.05069835e-01
2.31482800e-06,4.05063825e-01
2.31492800e-06,4.05057892e-01
2.31502800e-06,4.05051961e-01
2.31512800e-06,4.05046106e-01
2.31522800e-06,4.05040255e-01
2.31532800e-06,4.05034479e-01
2.31542800e-06,4.05028707e-01
2.31552800e-06,4.05023010e-01
2.31562800e-06,4.05017316e-01
2.31572800e-06,4.05011699e-01
2.31582800e-06,4.05006084e-01
2.31592800e-06,4.05000546e-01
2.31602800e-06,4.04995011e-01
2.31612800e-06,4.04989551e-01
2.31622800e-06,4.04984095e-01
2.31632800e-06,4.04978715e-01
2.31642800e-06,4.04973338e-01
2.31652800e-06,4.04968037e-01
2.31662800e-06,4.04962740e-01
2.31672800e-06,4.04957518e-01
2.31682800e-06,4.04952300e-01
2.31692800e-06,4.04947158e-01
2.31702800e-06,4.04942020e-01
2.31712800e-06,4.04936957e-01
2.31722800e-06,4.04931898e-01
2.31732800e-06,4.04926915e-01
2.31742800e-06,4.04921936e-01
2.31752800e-06,4.04917032e-01
2.31762800e-06,4.04912132e-01
2.31772800e-06,4.04907308e-01
2.31782800e-06,4.04902488e-01
2.31792800e-06,4.04897744e-01
2.31802800e-06,4.04893004e-01
2.31812800e-06,4.04888339e-01
2.31822800e-06,4.04883679e-01
2.31832800e-06,4.04879095e-01
2.31842800e-06,4.04874514e-01
2.31852800e-06,4.04870009e-01
2.31862800e-06,4.04865509e-01
2.31872800e-06,4.04861084e-01
2.31882800e-06,4.04856664e-01
2.31892800e-06,4.04852319e-01
2.31902800e-06,4.04847978e-01
2.31912800e-06,4.04843714e-01
2.31922800e-06,4.04839454e-01
2.31932800e-06,4.04835269e-01
2.31942800e-06,4.04831089e-01
2.31952800e-06,4.04826985e-01
2.31962800e-06,4.04822885e-01
2.31972800e-06,4.04818861e-01
2.31982800e-06,4.04814842e-01
2.31992800e-06,4.04810898e-01
2.32002800e-06,4.04806959e-01
2.32012800e-06,4.04803096e-01
2.32022800e-06,4.04799238e-01
2.32032800e-06,4.04795455e-01
2.32042800e-06,4.04791677e-01
2.32052800e-06,4.04787975e-01
2.32062800e-06,4.04784278e-01
2.32072800e-06,4.04780657e-01
2.32082800e-06,4.04777040e-01
2.32092800e-06,4.04773500e-01
2.32102800e-06,4.04769964e-01
2.32112800e-06,4.04766504e-01
2.32122800e-06,4.04763049e-01
2.32132800e-06,4.04759670e-01
2.32142800e-06,4.04756296e-01
2.32152800e-06,4.04752998e-01
2.32162800e-06,4.04749704e-01
2.32172800e-06,4.04746487e-01
2.32182800e-06,4.04743275e-01
2.32192800e-06,4.04740139e-01
2.32202800e-06,4.04737008e-01
2.32212800e-06,4.04733953e-01
2.32222800e-06,4.04730904e-01
2.32232800e-06,4.04727930e-01
2.32242800e-06,4.04724961e-01
2.32252800e-06,4.04722069e-01
2.32262800e-06,4.04719182e-01
2.32272800e-06,4.04716370e-01
2.32282800e-06,4.04713565e-01
2.32292800e-06,4.04710835e-01
2.32302800e-06,4.04708111e-01
2.32312800e-06,4.04705462e-01
2.32322800e-06,4.04702820e-01
2.32332800e-06,4.04700253e-01
2.32342800e-06,4.04697692e-01
2.32352800e-06,4.04695207e-01
2.32362800e-06,4.04692728e-01
2.32372800e-06,4.04690324e-01
2.32382800e-06,4.04687927e-01
2.32392800e-06,4.04685605e-01
2.32402800e-06,4.04683289e-01
2.32412800e-06,4.04681050e-01
2.32422800e-06,4.04678816e-01
2.32432800e-06,4.04676658e-01
2.32442800e-06,4.04674506e-01
2.32452800e-06,4.04672431e-01
2.32462800e-06,4.04670361e-01
2.32472800e-06,4.04668367e-01
2.32482800e-06,4.04666380e-01
2.32492800e-06,4.04664468e-01
2.32502800e-06,4.04662563e-01
2.32512800e-06,4.04660734e-01
2.32522800e-06,4.04658911e-01
2.32532800e-06,4.04657164e-01
2.32542800e-06,4.04655423e-01
2.32552800e-06,4.04653758e-01
2.32562800e-06,4.04652100e-01
2.32572800e-06,4.04650518e-01
2.32582800e-06,4.04648942e-01
2.32592800e-06,4.04647443e-01
2.32602800e-06,4.04645950e-01
2.32612800e-06,4.04644533e-01
2.32622800e-06,4.04643123e-01
2.32632800e-06,4.04641788e-01
2.32642800e-06,4.04640461e-01
2.32652800e-06,4.04639209e-01
2.32662800e-06,4.04637965e-01
2.32672800e-06,4.04636796e-01
2.32682800e-06,4.04635634e-01
2.32692800e-06,4.04634549e-01
2.32702800e-06,4.04633470e-01
2.32712800e-06,4.04632467e-01
2.32722800e-06,4.04631472e-01
2.32732800e-06,4.04630552e-01
2.32742800e-06,4.04629640e-01
2.32752800e-06,4.04628803e-01
2.32762800e-06,4.04627974e-01
2.32772800e-06,4.04627221e-01
2.32782800e-06,4.04626475e-01
2.32792800e-06,4.04625805e-01
2.32802800e-06,4.04625143e-01
2.32812800e-06,4.04624557e-01
2.32822800e-06,4.04623978e-01
2.32832800e-06,4.04623475e-01
2.32842800e-06,4.04622979e-01
2.32852800e-06,4.04622560e-01
2.32862800e-06,4.04622148e-01
2.32872800e-06,4.04621813e-01
2.32882800e-06,4.04621485e-01
2.32892800e-06,4.04621233e-01
2.32902800e-06,4.04620989e-01
2.32912800e-06,4.04620821e-01
2.32922800e-06,4.04620661e-01
2.32932800e-06,4.04620577e-01
2.32942800e-06,4.04620500e-01
2.32952800e-06,4.04620500e-01
2.32962800e-06,4.04620508e-01
2.32972800e-06,4.04620592e-01
2.32982800e-06,4.04620684e-01
2.32992800e-06,4.04620852e-01
2.33002800e-06,4.04621028e-01
2.33012800e-06,4.04621281e-01
2.33022800e-06,4.04621541e-01
2.33032800e-06,4.04621878e-01
2.33042800e-06,4.04622223e-01
2.33052800e-06,4.04622644e-01
2.33062800e-06,4.04623074e-01
2.33072800e-06,4.04623579e-01
2.33082800e-06,4.04624093e-01
2.33092800e-06,4.04624684e-01
2.33102800e-06,4.04625282e-01
2.33112800e-06,4.04625957e-01
2.33122800e-06,4.04626640e-01
2.33132800e-06,4.04627400e-01
2.33142800e-06,4.04628168e-01
2.33152800e-06,4.04629013e-01
2.33162800e-06,4.04629866e-01
2.33172800e-06,4.04630795e-01
2.33182800e-06,4.04631733e-01
2.33192800e-06,4.04632748e-01
2.33202800e-06,4.04633771e-01
2.33212800e-06,4.04634871e-01
2.33222800e-06,4.04635979e-01
2.33232800e-06,4.04637164e-01
2.33242800e-06,4.04638357e-01
2.33252800e-06,4.04639627e-01
2.33262800e-06,4.04640906e-01
2.33272800e-06,4.04642261e-01
2.33282800e-06,4.04643626e-01
2.33292800e-06,4.04645067e-01
2.33302800e-06,4.04646516e-01
2.33312800e-06,4.04648043e-01
2.33322800e-06,4.04649578e-01
2.33332800e-06,4.04651199e-01
2.33342800e-06,4.04652828e-01
2.33352800e-06,4.04654535e-01
2.33362800e-06,4.04656250e-01
2.33372800e-06,4.04658041e-01
2.33382800e-06,4.04659841e-01
2.33392800e-06,4.04661718e-01
2.33402800e-06,4.04663604e-01
2.33412800e-06,4.04665567e-01
2.33422800e-06,4.04667538e-01
2.33432800e-06,4.04669586e-01
2.33442800e-06,4.04671643e-01
2.33452800e-06,4.04673777e-01
2.33462800e-06,4.04675920e-01
2.33472800e-06,4.04678140e-01
2.33482800e-06,4.04680368e-01
2.33492800e-06,4.04682674e-01
2.33502800e-06,4.04684988e-01
2.33512800e-06,4.04687380e-01
2.33522800e-06,4.04689780e-01
2.33532800e-06,4.04692258e-01
2.33542800e-06,4.04694745e-01
2.33552800e-06,4.04697308e-01
2.33562800e-06,4.04699881e-01
2.33572800e-06,4.04702531e-01
2.33582800e-06,4.04705191e-01
2.33592800e-06,4.04707928e-01
2.33602800e-06,4.04710674e-01
2.33612800e-06,4.04713499e-01
2.33622800e-06,4.04716331e-01
2.33632800e-06,4.04719243e-01
2.33642800e-06,4.04722162e-01
2.33652800e-06,4.04725161e-01
2.33662800e-06,4.04728166e-01
2.33672800e-06,4.04731253e-01
2.33682800e-06,4.04734345e-01
2.33692800e-06,4.04737520e-01
2.33702800e-06,4.04740699e-01
2.33712800e-06,4.04743961e-01
2.33722800e-06,4.04747227e-01
2.33732800e-06,4.04750576e-01
2.33742800e-06,4.04753929e-01
2.33752800e-06,4.04757367e-01
2.33762800e-06,4.04760807e-01
2.33772800e-06,4.04764332e-01
2.33782800e-06,4.04767860e-01
2.33792800e-06,4.04771473e-01
2.33802800e-06,4.04775089e-01
2.33812800e-06,4.04778791e-01
2.33822800e-06,4.04782495e-01
2.33832800e-06,4.04786284e-01
2.33842800e-06,4.04790076e-01
2.33852800e-06,4.04793954e-01
2.33862800e-06,4.04797835e-01
2.33872800e-06,4.04801801e-01
2.33882800e-06,4.04805770e-01
2.33892800e-06,4.04809825e-01
2.33902800e-06,4.04813882e-01
2.33912800e-06,4.04818026e-01
2.33922800e-06,4.04822172e-01
2.33932800e-06,4.04826403e-01
2.33942800e-06,4.04830638e-01
2.33952800e-06,4.04834959e-01
2.33962800e-06,4.04839274e-01
2.33972800e-06,4.04843675e-01
2.33982800e-06,4.04848078e-01
2.33992800e-06,4.04852567e-01
2.34002800e-06,4.04857059e-01
2.34012800e-06,4.04861637e-01
2.34022800e-06,4.04866218e-01
2.34032800e-06,4.04870884e-01
2.34042800e-06,4.04875554e-01
2.34052800e-06,4.04880309e-01
2.34062800e-06,4.04885067e-01
2.34072800e-06,4.04889911e-01
2.34082800e-06,4.04894759e-01
2.34092800e-06,4.04899692e-01
2.34102800e-06,4.04904628e-01
2.34112800e-06,4.04909650e-01
2.34122800e-06,4.04914675e-01
2.34132800e-06,4.04919786e-01
2.34142800e-06,4.04924901e-01
2.34152800e-06,4.04930101e-01
2.34162800e-06,4.04935305e-01
2.34172800e-06,4.04940594e-01
2.34182800e-06,4.04945887e-01
2.34192800e-06,4.04951266e-01
2.34202800e-06,4.04956649e-01
2.34212800e-06,4.04962117e-01
2.34222800e-06,4.04967589e-01
2.34232800e-06,4.04973147e-01
2.34242800e-06,4.04978709e-01
2.34252800e-06,4.04984356e-01
2.34262800e-06,4.04990008e-01
2.34272800e-06,4.04995745e-01
2.34282800e-06,4.05001486e-01
2.34292800e-06,4.05007313e-01
2.34302800e-06,4.05013144e-01
2.34312800e-06,4.05019061e-01
2.34322800e-06,4.05024982e-01
2.34332800e-06,4.05030989e-01
2.34342800e-06,4.05037000e-01
2.34352800e-06,4.05043097e-01
2.34362800e-06,4.05049198e-01
2.34372800e-06,4.05055385e-01
2.34382800e-06,4.05061576e-01
2.34392800e-06,4.05067854e-01
2.34402800e-06,4.05074135e-01
2.34412800e-06,4.05080503e-01
2.34422800e-06,4.05086875e-01
2.34432800e-06,4.05093333e-01
2.34442800e-06,4.05099795e-01
2.34452800e-06,4.05106344e-01
2.34462800e-06,4.05112897e-01
2.34472800e-06,4.05119536e-01
2.34482800e-06,4.05126180e-01
2.34492800e-06,4.05132909e-01
2.34502800e-06,4.05139644e-01
2.34512800e-06,4.05146464e-01
2.34522800e-06,4.05153289e-01
2.34532800e-06,4.05160201e-01
2.34542800e-06,4.05167117e-01
2.34552800e-06,4.05174119e-01
2.34562800e-06,4.05181126e-01
2.34572800e-06,4.05188219e-01
2.34582800e-06,4.05195317e-01
2.34592800e-06,4.05202502e-01
2.34602800e-06,4.05209691e-01
2.34612800e-06,4.05216966e-01
2.34622800e-06,4.05224247e-01
2.34632800e-06,4.05231614e-01
2.34642800e-06,4.05238985e-01
2.34652800e-06,4.05246443e-01
2.34662800e-06,4.05253907e-01
2.34672800e-06,4.05261456e-01
2.34682800e-06,4.05269011e-01
2.34692800e-06,4.05276652e-01
2.34702800e-06,4.05284298e-01
2.34712800e-06,4.05292030e-01
2.34722800e-06,4.05299768e-01
2.34732800e-06,4.05307592e-01
2.34742800e-06,4.05315422e-01
2.34752800e-06,4.05323338e-01
2.34762800e-06,4.05331259e-01
2.34772800e-06,4.05339267e-01
2.34782800e-06,4.05347280e-01
2.34792800e-06,4.05355380e-01
2.34802800e-06,4.05363485e-01
2.34812800e-06,4.05371677e-01
2.34822800e-06,4.05379874e-01
2.34832800e-06,4.05388158e-01
2.34842800e-06,4.05396447e-01
2.34852800e-06,4.05404823e-01
2.34862800e-06,4.05413205e-01
2.34872800e-06,4.05421673e-01
2.34882800e-06,4.05430147e-01
2.34892800e-06,4.05438707e-01
2.34902800e-06,4.05447274e-01
2.34912800e-06,4.05455926e-01
2.34922800e-06,4.05464585e-01
2.34932800e-06,4.05473331e-01
2.34942800e-06,4.05482082e-01
2.34952800e-06,4.05490920e-01
2.34962800e-06,4.05499764e-01
2.34972800e-06,4.05508694e-01
2.34982800e-06,4.05517631e-01
2.34992800e-06,4.05526654e-01
2.35002800e-06,4.05535683e-01
2.35012800e-06,4.05544799e-01
2.35022800e-06,4.05553921e-01
2.35032800e-06,4.05563130e-01
2.35042800e-06,4.05572345e-01
2.35052800e-06,4.05581647e-01
2.35062800e-06,4.05590955e-01
2.35072800e-06,4.05600350e-01
2.35082800e-06,4.05609751e-01
2.35092800e-06,4.05619239e-01
2.35102800e-06,4.05628734e-01
2.35112800e-06,4.05638315e-01
2.35122800e-06,4.05647902e-01
2.35132800e-06,4.05657577e-01
2.35142800e-06,4.05667258e-01
2.35152800e-06,4.05677025e-01
2.35162800e-06,4.05686800e-01
2.35172800e-06,4.05696661e-01
2.35182800e-06,4.05706529e-01
2.35192800e-06,4.05716483e-01
2.35202800e-06,4.05726444e-01
2.35212800e-06,4.05736493e-01
2.35222800e-06,4.05746548e-01
2.35232800e-06,4.05756689e-01
2.35242800e-06,4.05766838e-01
2.35252800e-06,4.05777073e-01
2.35262800e-06,4.05787316e-01
2.35272800e-06,4.05797645e-01
2.35282800e-06,4.05807981e-01
2.35292800e-06,4.05818404e-01
2.35302800e-06,4.05828835e-01
2.35312800e-06,4.05839352e-01
2.35322800e-06,4.05849876e-01
2.35332800e-06,4.05860487e-01
2.35342800e-06,4.05871105e-01
2.35352800e-06,4.05881810e-01
2.35362800e-06,4.05892522e-01
2.35372800e-06,4.05903322e-01
2.35382800e-06,4.05914128e-01
2.35392800e-06,4.05925021e-01
2.35402800e-06,4.05935922e-01
2.35412800e-06,4.05946910e-01
2.35422800e-06,4.05957905e-01
2.35432800e-06,4.05968987e-01
2.35442800e-06,4.05980077e-01
2.35452800e-06,4.05991253e-01
2.35462800e-06,4.06002437e-01
2.35472800e-06,4.06013708e-01
2.35482800e-06,4.06024987e-01
2.35492800e-06,4.06036352e-01
2.35502800e-06,4.06047725e-01
2.35512800e-06,4.06059186e-01
2.35522800e-06,4.06070653e-01
2.35532800e-06,4.06082208e-01
2.35542800e-06,4.06093771e-01
2.35552800e-06,4.06105420e-01
2.35562800e-06,4.06117078e-01
2.35572800e-06,4.06128822e-01
2.35582800e-06,4.06140575e-01
2.35592800e-06,4.06152414e-01
2.35602800e-06,4.06164261e-01
2.35612800e-06,4.06176196e-01
2.35622800e-06,4.06188138e-01
2.35632800e-06,4.06200167e-01
2.35642800e-06,4.06212205e-01
2.35652800e-06,4.06224329e-01
2.35662800e-06,4.06236462e-01
2.35672800e-06,4.06248681e-01
2.35682800e-06,4.06260909e-01
2.35692800e-06,4.06273224e-01
2.35702800e-06,4.06285547e-01
2.35712800e-06,4.06297957e-01
2.35722800e-06,4.06310376e-01
2.35732800e-06,4.06322881e-01
2.35742800e-06,4.06335395e-01
2.35752800e-06,4.06347996e-01
2.35762800e-06,4.06360605e-01
2.35772800e-06,4.06373301e-01
2.35782800e-06,4.06386006e-01
2.35792800e-06,4.06398798e-01
2.35802800e-06,4.06411598e-01
2.35812800e-06,4.06424486e-01
2.35822800e-06,4.06437382e-01
2.35832800e-06,4.06450365e-01
2.35842800e-06,4.06463357e-01
2.35852800e-06,4.06476436e-01
2.35862800e-06,4.06489523e-01
2.35872800e-06,4.06502698e-01
2.35882800e-06,4.06515881e-01
2.35892800e-06,4.06529151e-01
2.35902800e-06,4.06542431e-01
2.35912800e-06,4.06555797e-01
2.35922800e-06,4.06569172e-01
2.35932800e-06,4.06582634e-01
2.35942800e-06,4.06596106e-01
2.35952800e-06,4.06609664e-01
2.35962800e-06,4.06623231e-01
2.35972800e-06,4.06636885e-01
2.35982800e-06,4.06650549e-01
2.35992800e-06,4.06664299e-01
2.36002800e-06,4.06678059e-01
2.36012800e-06,4.06691905e-01
2.36022800e-06,4.06705761e-01
2.36032800e-06,4.06719704e-01
2.36042800e-06,4.06733656e-01
2.36052800e-06,4.06747695e-01
2.36062800e-06,4.06761743e-01
2.36072800e-06,4.06775879e-01
2.36082800e-06,4.06790024e-01
2.36092800e-06,4.06804256e-01
2.36102800e-06,4.06818497e-01
2.36112800e-06,4.06832825e-01
2.36122800e-06,4.06847163e-01
2.36132800e-06,4.06861587e-01
2.36142800e-06,4.06876022e-01
2.36152800e-06,4.06890543e-01
2.36162800e-06,4.06905074e-01
2.36172800e-06,4.06919692e-01
2.36182800e-06,4.06934319e-01
2.36192800e-06,4.06949034e-01
2.36202800e-06,4.06963758e-01
2.36212800e-06,4.06978569e-01
2.36222800e-06,4.06993390e-01
2.36232800e-06,4.07008298e-01
2.36242800e-06,4.07023216e-01
2.36252800e-06,4.07038220e-01
2.36262800e-06,4.07053235e-01
2.36272800e-06,4.07068336e-01
2.36282800e-06,4.07083448e-01
2.36292800e-06,4.07098646e-01
2.36302800e-06,4.07113854e-01
2.36312800e-06,4.07129150e-01
2.36322800e-06,4.07144455e-01
2.36332800e-06,4.07159847e-01
2.36342800e-06,4.07175249e-01
2.36352800e-06,4.07190739e-01
2.36362800e-06,4.07206238e-01
2.36372800e-06,4.07221824e-01
2.36382800e-06,4.07237421e-01
2.36392800e-06,4.07253104e-01
2.36402800e-06,4.07268798e-01
2.36412800e-06,4.07284578e-01
2.36422800e-06,4.07300369e-01
2.36432800e-06,4.07316247e-01
2.36442800e-06,4.07332135e-01
2.36452800e-06,4.07348110e-01
2.36462800e-06,4.07364095e-01
2.36472800e-06,4.07380167e-01
2.36482800e-06,4.07396249e-01
2.36492800e-06,4.07412419e-01
2.36502800e-06,4.07428599e-01
2.36512800e-06,4.07444865e-01
2.36522800e-06,4.07461142e-01
2.36532800e-06,4.07477507e-01
2.36542800e-06,4.07493881e-01
2.36552800e-06,4.07510343e-01
2.36562800e-06,4.07526815e-01
2.36572800e-06,4.07543374e-01
2.36582800e-06,4.07559943e-01
2.36592800e-06,4.07576600e-01
2.36602800e-06,4.07593267e-01
2.36612800e-06,4.07610021e-01
2.36622800e-06,4.07626785e-01
2.36632800e-06,4.07643637e-01
2.36642800e-06,4.07660499e-01
2.36652800e-06,4.07677448e-01
2.36662800e-06,4.07694407e-01
2.36672800e-06,4.07711454e-01
2.36682800e-06,4.07728511e-01
2.36692800e-06,4.07745656e-01
2.36702800e-06,4.07762811e-01
2.36712800e-06,4.07780053e-01
2.36722800e-06,4.07797305e-01
2.36732800e-06,4.07814645e-01
2.36742800e-06,4.07831995e-01
2.36752800e-06,4.07849433e-01
2.36762800e-06,4.07866881e-01
2.36772800e-06,4.07884416e-01
2.36782800e-06,4.07901962e-01
2.36792800e-06,4.07919595e-01
2.36802800e-06,4.07937239e-01
2.36812800e-06,4.07954969e-01
2.36822800e-06,4.07972711e-01
2.36832800e-06,4.07990539e-01
2.36842800e-06,4.08008379e-01
2.36852800e-06,4.08026305e-01
2.36862800e-06,4.08044243e-01
2.36872800e-06,4.08062267e-01
2.36882800e-06,4.08080302e-01
2.36892800e-06,4.08098424e-01
2.36902800e-06,4.08116557e-01
2.36912800e-06,4.08134777e-01
2.36922800e-06,4.08153008e-01
2.36932800e-06,4.08171326e-01
2.36942800e-06,4.08189655e-01
2.36952800e-06,4.08208071e-01
2.36962800e-06,4.08226498e-01
2.36972800e-06,4.08245012e-01
2.36982800e-06,4.08263537e-01
2.36992800e-06,4.08282149e-01
2.37002800e-06,4.08300772e-01
2.37012800e-06,4.08319482e-01
2.37022800e-06,4.08338203e-01
2.37032800e-06,4.08357011e-01
2.37042800e-06,4.08375830e-01
2.37052800e-06,4.08394736e-01
2.37062800e-06,4.08413653e-01
2.37072800e-06,4.08432657e-01
2.37082800e-06,4.08451672e-01
2.37092800e-06,4.08470774e-01
2.37102800e-06,4.08489888e-01
2.37112800e-06,4.08509088e-01
2.37122800e-06,4.08528299e-01
2.37132800e-06,4.08547598e-01
2.37142800e-06,4.08566907e-01
2.37152800e-06,4.08586303e-01
2.37162800e-06,4.08605711e-01
2.37172800e-06,4.08625205e-01
2.37182800e-06,4.08644711e-01
2.37192800e-06,4.08664304e-01
2.37202800e-06,4.08683908e-01
2.37212800e-06,4.08703599e-01
2.37222800e-06,4.08723301e-01
2.37232800e-06,4.08743089e-01
2.37242800e-06,4.08762890e-01
2.37252800e-06,4.08782777e-01
2.37262800e-06,4.08802675e-01
2.37272800e-06,4.08822660e-01
2.37282800e-06,4.08842657e-01
2.37292800e-06,4.08862740e-01
2.37302800e-06,4.08882835e-01
2.37312800e-06,4.08903016e-01
2.37322800e-06,4.08923209e-01
2.37332800e-06,4.08943489e-01
2.37342800e-06,4.08963780e-01
2.37352800e-06,4.08984157e-01
2.37362800e-06,4.09004547e-01
2.37372800e-06,4.09025023e-01
2.37382800e-06,4.09045510e-01
2.37392800e-06,4.09066084e-01
2.37402800e-06,4.09086670e-01
2.37412800e-06,4.09107342e-01
2.37422800e-06,4.09128026e-01
2.37432800e-06,4.09148796e-01
2.37442800e-06,4.09169578e-01
2.37452800e-06,4.09190446e-01
2.37462800e-06,4.09211327e-01
2.37472800e-06,4.09232293e-01
2.37482800e-06,4.09253272e-01
2.37492800e-06,4.09274336e-01
2.37502800e-06,4.09295413e-01
2.37512800e-06,4.09316576e-01
2.37522800e-06,4.09337750e-01
2.37532800e-06,4.09359011e-01
2.37542800e-06,4.09380284e-01
2.37552800e-06,4.09401643e-01
2.37562800e-06,4.09423014e-01
2.37572800e-06,4.09444471e-01
2.37582800e-06,4.09465940e-01
2.37592800e-06,4.09487495e-01
2.37602800e-06,4.09509063e-01
2.37612800e-06,4.09530716e-01
2.37622800e-06,4.09552381e-01
2.37632800e-06,4.09574133e-01
2.37642800e-06,4.09595896e-01
2.37652800e-06,4.09617745e-01
2.37662800e-06,4.09639607e-01
2.37672800e-06,4.09661554e-01
2.37682800e-06,4.09683514e-01
2.37692800e-06,4.09705559e-01
2.37702800e-06,4.09727617e-01
2.37712800e-06,4.09749760e-01
2.37722800e-06,4.09771916e-01
2.37732800e-06,4.09794157e-01
2.37742800e-06,4.09816411e-01
2.37752800e-06,4.09838750e-01
2.37762800e-06,4.09861102e-01
2.37772800e-06,4.09883539e-01
2.37782800e-06,4.09905989e-01
2.37792800e-06,4.09928524e-01
2.37802800e-06,4.09951072e-01
2.37812800e-06,4.09973705e-01
2.37822800e-06,4.09996350e-01
2.37832800e-06,4.10019082e-01
2.37842800e-06,4.10041825e-01
2.37852800e-06,4.10064654e-01
2.37862800e-06,4.10087495e-01
2.37872800e-06,4.10110422e-01
2.37882800e-06,4.10133361e-01
2.37892800e-06,4.10156386e-01
2.37902800e-06,4.10179422e-01
2.37912800e-06,4.10202545e-01
2.37922800e-06,4.10225680e-01
2.37932800e-06,4.10248900e-01
2.37942800e-06,4.10272132e-01
2.37952800e-06,4.10295450e-01
2.37962800e-06,4.10318780e-01
2.37972800e-06,4.10342196e-01
2.37982800e-06,4.10365624e-01
2.37992800e-06,4.10389137e-01
2.38002800e-06,4.10412663e-01
2.38012800e-06,4.10436274e-01
2.38022800e-06,4.10459897e-01
2.38032800e-06,4.10483605e-01
2.38042800e-06,4.10507326e-01
2.38052800e-06,4.10531132e-01
2.38062800e-06,4.10554950e-01
2.38072800e-06,4.10578854e-01
2.38082800e-06,4.10602770e-01
2.38092800e-06,4.10626771e-01
2.38102800e-06,4.10650784e-01
2.38112800e-06,4.10674883e-01
2.38122800e-06,4.10698994e-01
2.38132800e-06,4.10723190e-01
2.38142800e-06,4.10747398e-01
2.38152800e-06,4.10771691e-01
2.38162800e-06,4.10795997e-01
2.38172800e-06,4.10820388e-01
2.38182800e-06,4.10844791e-01
2.38192800e-06,4.10869279e-01
2.38202800e-06,4.10893779e-01
2.38212800e-06,4.10918364e-01
2.38222800e-06,4.10942962e-01
2.38232800e-06,4.10967644e-01
2.38242800e-06,4.10992339e-01
2.38252800e-06,4.11017119e-01
2.38262800e-06,4.11041910e-01
2.38272800e-06,4.11066787e-01
2.38282800e-06,4.11091676e-01
2.38292800e-06,4.11116650e-01
2.38302800e-06,4.11141636e-01
2.38312800e-06,4.11166707e-01
2.38322800e-06,4.11191790e-01
2.38332800e-06,4.11216958e-01
2.38342800e-06,4.11242138e-01
2.38352800e-06,4.11267403e-01
2.38362800e-06,4.11292680e-01
2.38372800e-06,4.11318041e-01
2.38382800e-06,4.11343415e-01
2.38392800e-06,4.11368874e-01
2.38402800e-06,4.11394344e-01
2.38412800e-06,4.11419899e-01
2.38422800e-06,4.11445467e-01
2.38432800e-06,4.11471119e-01
2.38442800e-06,4.11496783e-01
2.38452800e-06,4.11522531e-01
2.38462800e-06,4.11548292e-01
2.38472800e-06,4.11574137e-01
2.38482800e-06,4.11599994e-01
2.38492800e-06,4.11625936e-01
2.38502800e-06,4.11651890e-01
2.38512800e-06,4.11677928e-01
2.38522800e-06,4.11703978e-01
2.38532800e-06,4.11730113e-01
2.38542800e-06,4.11756259e-01
2.38552800e-06,4.11782490e-01
2.38562800e-06,4.11808733e-01
2.38572800e-06,4.11835061e-01
2.38582800e-06,4.11861400e-01
2.38592800e-06,4.11887823e-01
2.38602800e-06,4.11914259e-01
2.38612800e-06,4.11940778e-01
2.38622800e-06,4.11967310e-01
2.38632800e-06,4.11993925e-01
2.38642800e-06,4.12020553e-01
2.38652800e-06,4.12047265e-01
2.38662800e-06,4.12073989e-01
2.38672800e-06,4.12100796e-01
2.38682800e-06,4.12127616e-01
2.38692800e-06,4.12154519e-01
2.38702800e-06,4.12181435e-01
2.38712800e-06,4.12208434e-01
2.38722800e-06,4.12235446e-01
2.38732800e-06,4.12262541e-01
2.38742800e-06,4.12289648e-01
2.38752800e-06,4.12316838e-01
2.38762800e-06,4.12344041e-01
2.38772800e-06,4.12371328e-01
2.38782800e-06,4.12398626e-01
2.38792800e-06,4.12426008e-01
2.38802800e-06,4.12453402e-01
2.38812800e-06,4.12480879e-01
2.38822800e-06,4.12508368e-01
2.38832800e-06,4.12535941e-01
2.38842800e-06,4.12563525e-01
2.38852800e-06,4.12591193e-01
2.38862800e-06,4.12618873e-01
2.38872800e-06,4.12646636e-01
2.38882800e-06,4.12674411e-01
2.38892800e-06,4.12702269e-01
2.38902800e-06,4.12730139e-01
2.38912800e-06,4.12758093e-01
2.38922800e-06,4.12786058e-01
2.38932800e-06,4.12814106e-01
2.38942800e-06,4.12842166e-01
2.38952800e-06,4.12870309e-01
2.38962800e-06,4.12898464e-01
2.38972800e-06,4.12926702e-01
2.38982800e-06,4.12954952e-01
2.38992800e-06,4.12983284e-01
2.39002800e-06,4.13011629e-01
2.39012800e-06,4.13040056e-01
2.39022800e-06,4.13068495e-01
2.39032800e-06,4.13097016e-01
2.39042800e-06,4.13125550e-01
2.39052800e-06,4.13154166e-01
2.39062800e-06,4.13182794e-01
2.39072800e-06,4.13211504e-01
2.39082800e-06,4.13240226e-01
2.39092800e-06,4.13269031e-01
2.39102800e-06,4.13297847e-01
2.39112800e-06,4.13326746e-01
2.39122800e-06,4.13355657e-01
2.39132800e-06,4.13384650e-01
2.39142800e-06,4.13413654e-01
2.39152800e-06,4.13442741e-01
2.39162800e-06,4.13471839e-01
2.39172800e-06,4.13501020e-01
2.39182800e-06,4.13530212e-01
2.39192800e-06,4.13559487e-01
2.39202800e-06,4.13588773e-01
2.39212800e-06,4.13618141e-01
2.39222800e-06,4.13647521e-01
2.39232800e-06,4.13676982e-01
2.39242800e-06,4.13706456e-01
2.39252800e-06,4.13736011e-01
2.39262800e-06,4.13765577e-01
2.39272800e-06,4.13795226e-01
2.39282800e-06,4.13824886e-01
2.39292800e-06,4.13854628e-01
2.39302800e-06,4.13884381e-01
2.39312800e-06,4.13914216e-01
2.39322800e-06,4.13944062e-01
2.39332800e-06,4.13973990e-01
2.39342800e-06,4.14003929e-01
2.39352800e-06,4.14033950e-01
2.39362800e-06,4.14063983e-01
2.39372800e-06,4.14094096e-01
2.39382800e-06,4.14124221e-01
2.39392800e-06,4.14154428e-01
2.39402800e-06,4.14184645e-01
2.39412800e-06,4.14214944e-01
2.39422800e-06,4.14245255e-01
2.39432800e-06,4.14275646e-01
2.39442800e-06,4.14306049e-01
2.39452800e-06,4.14336533e-01
2.39462800e-06,4.14367028e-01
2.39472800e-06,4.14397604e-01
2.39482800e-06,4.14428191e-01
2.39492800e-06,4.14458860e-01
2.39502800e-06,4.14489539e-01
2.39512800e-06,4.14520300e-01
2.39522800e-06,4.14551071e-01
2.39532800e-06,4.14581923e-01
2.39542800e-06,4.14612787e-01
2.39552800e-06,4.14643731e-01
2.39562800e-06,4.14674686e-01
2.39572800e-06,4.14705722e-01
2.39582800e-06,4.14736768e-01
2.39592800e-06,4.14767896e-01
2.39602800e-06,4.14799034e-01
2.39612800e-06,4.14830253e-01
2.39622800e-06,4.14861482e-01
2.39632800e-06,4.14892792e-01
2.39642800e-06,4.14924113e-01
2.39652800e-06,4.14955514e-01
2.39662800e-06,4.14986926e-01
2.39672800e-06,4.15018419e-01
2.39682800e-06,4.15049922e-01
2.39692800e-06,4.15081505e-01
2.39702800e-06,4.15113099e-01
2.39712800e-06,4.15144773e-01
2.39722800e-06,4.15176458e-01
2.39732800e-06,4.15208222e-01
2.39742800e-06,4.15239998e-01
2.39752800e-06,4.15271853e-01
2.39762800e-06,4.15303719e-01
2.39772800e-06,4.15335665e-01
2.39782800e-06,4.15367621e-01
2.39792800e-06,4.15399657e-01
2.39802800e-06,4.15431703e-01
2.39812800e-06,4.15463829e-01
2.39822800e-06,4.15495966e-01
2.39832800e-06,4.15528182e-01
2.39842800e-06,4.15560409e-01
2.39852800e-06,4.15592715e-01
2.39862800e-06,4.15625031e-01
2.39872800e-06,4.15657427e-01
2.39882800e-06,4.15689833e-01
2.39892800e-06,4.15722319e-01
2.39902800e-06,4.15754814e-01
2.39912800e-06,4.15787389e-01
2.39922800e-06,4.15819974e-01
2.39932800e-06,4.15852638e-01
2.39942800e-06,4.15885313e-01
2.39952800e-06,4.15918066e-01
2.39962800e-06,4.15950830e-01
2.39972800e-06,4.15983672e-01
2.39982800e-06,4.16016525e-01
2.39992800e-06,4.16049456e-01
2.40002800e-06,4.16082397e-01
2.40012800e-06,4.16115417e-01
2.40022800e-06,4.16148448e-01
2.40032800e-06,4.16181556e-01
2.40042800e-06,4.16214675e-01
2.40052800e-06,4.16247872e-01
2.40062800e-06,4.16281079e-01
2.40072800e-06,4.16314365e-01
2.40082800e-06,4.16347660e-01
2.40092800e-06,4.16381034e-01
2.40102800e-06,4.16414417e-01
2.40112800e-06,4.16447879e-01
2.40122800e-06,4.16481350e-01
2.40132800e-06,4.16514900e-01
2.40142800e-06,4.16548459e-01
2.40152800e-06,4.16582097e-01
2.40162800e-06,4.16615744e-01
2.40172800e-06,4.16649469e-01
2.40182800e-06,4.16683203e-01
2.40192800e-06,4.16717015e-01
2.40202800e-06,4.16750837e-01
2.40212800e-06,4.16784737e-01
2.40222800e-06,4.16818646e-01
2.40232800e-06,4.16852633e-01
2.40242800e-06,4.16886629e-01
2.40252800e-06,4.16920702e-01
2.40262800e-06,4.16954785e-01
2.40272800e-06,4.16988946e-01
2.40282800e-06,4.17023116e-01
2.40292800e-06,4.17057363e-01
2.40302800e-06,4.17091619e-01
2.40312800e-06,4.17125953e-01
2.40322800e-06,4.17160295e-01
2.40332800e-06,4.17194715e-01
2.40342800e-06,4.17229144e-01
2.40352800e-06,4.17263650e-01
2.40362800e-06,4.17298165e-01
2.40372800e-06,4.17332757e-01
2.40382800e-06,4.17367358e-01
2.40392800e-06,4.17402036e-01
2.40402800e-06,4.17436723e-01
2.40412800e-06,4.17471487e-01
2.40422800e-06,4.17506259e-01
2.40432800e-06,4.17541108e-01
2.40442800e-06,4.17575966e-01
2.40452800e-06,4.17610900e-01
2.40462800e-06,4.17645843e-01
2.40472800e-06,4.17680863e-01
2.40482800e-06,4.17715891e-01
2.40492800e-06,4.17750996e-01
2.40502800e-06,4.17786109e-01
2.40512800e-06,4.17821298e-01
2.40522800e-06,4.17856496e-01
2.40532800e-06,4.17891770e-01
2.40542800e-06,4.17927053e-01
2.40552800e-06,4.17962411e-01
2.40562800e-06,4.17997778e-01
2.40572800e-06,4.18033221e-01
2.40582800e-06,4.18068672e-01
2.40592800e-06,4.18104199e-01
2.40602800e-06,4.18139735e-01
2.40612800e-06,4.18175346e-01
2.40622800e-06,4.18210965e-01
2.40632800e-06,4.18246660e-01
2.40642800e-06,4.18282362e-01
2.40652800e-06,4.18318141e-01
2.40662800e-06,4.18353927e-01
2.40672800e-06,4.18389789e-01
2.40682800e-06,4.18425659e-01
2.40692800e-06,4.18461604e-01
2.40702800e-06,4.18497557e-01
2.40712800e-06,4.18533585e-01
2.40722800e-06,4.18569621e-01
2.40732800e-06,4.18605732e-01
2.40742800e-06,4.18641851e-01
2.40752800e-06,4.18678045e-01
2.40762800e-06,4.18714246e-01
2.40772800e-06,4.18750523e-01
2.40782800e-06,4.18786806e-01
2.40792800e-06,4.18823165e-01
2.40802800e-06,4.18859531e-01
2.40812800e-06,4.18895972e-01
2.40822800e-06,4.18932421e-01
2.40832800e-06,4.18968944e-01
2.40842800e-06,4.19005474e-01
2.40852800e-06,4.19042078e-01
2.40862800e-06,4.19078690e-01
2.40872800e-06,4.19115377e-01
2.40882800e-06,4.19152070e-01
2.40892800e-06,4.19188838e-01
2.40902800e-06,4.19225613e-01
2.40912800e-06,4.19262462e-01
2.40922800e-06,4.19299318e-01
2.40932800e-06,4.19336248e-01
2.40942800e-06,4.19373185e-01
2.40952800e-06,4.19410196e-01
2.40962800e-06,4.19447214e-01
2.40972800e-06,4.19484305e-01
2.40982800e-06,4.19521404e-01
2.40992800e-06,4.19558576e-01
2.41002800e-06,4.19595755e-01
2.41012800e-06,4.19633007e-01
2.41022800e-06,4.19670266e-01
2.41032800e-06,4.19707599e-01
2.41042800e-06,4.19744938e-01
2.41052800e-06,4.19782350e-01
2.41062800e-06,4.19819769e-01
2.41072800e-06,4.19857261e-01
2.41082800e-06,4.19894759e-01
2.41092800e-06,4.19932331e-01
2.41102800e-06,4.19969909e-01
2.41112800e-06,4.20007560e-01
2.41122800e-06,4.20045217e-01
2.41132800e-06,4.20082947e-01
2.41142800e-06,4.20120683e-01
2.41152800e-06,4.20158492e-01
2.41162800e-06,4.20196307e-01
2.41172800e-06,4.20234195e-01
2.41182800e-06,4.20272089e-01
2.41192800e-06,4.20310055e-01
2.41202800e-06,4.20348027e-01
2.41212800e-06,4.20386071e-01
2.41222800e-06,4.20424122e-01
2.41232800e-06,4.20462244e-01
2.41242800e-06,4.20500373e-01
2.41252800e-06,4.20538573e-01
2.41262800e-06,4.20576780e-01
2.41272800e-06,4.20615058e-01
2.41282800e-06,4.20653342e-01
2.41292800e-06,4.20691698e-01
2.41302800e-06,4.20730059e-01
2.41312800e-06,4.20768492e-01
2.41322800e-06,4.20806931e-01
2.41332800e-06,4.20845441e-01
2.41342800e-06,4.20883956e-01
2.41352800e-06,4.20922543e-01
2.41362800e-06,4.20961136e-01
2.41372800e-06,4.20999800e-01
2.41382800e-06,4.21038469e-01
2.41392800e-06,4.21077209e-01
2.41402800e-06,4.21115954e-01
2.41412800e-06,4.21154771e-01
2.41422800e-06,4.21193592e-01
2.41432800e-06,4.21232485e-01
2.41442800e-06,4.21271382e-01
2.41452800e-06,4.21310351e-01
2.41462800e-06,4.21349324e-01
2.41472800e-06,4.21388368e-01
2.41482800e-06,4.21427417e-01
2.41492800e-06,4.21466537e-01
2.41502800e-06,4.21505661e-01
2.41512800e-06,4.21544856e-01
2.41522800e-06,4.21584055e-01
2.41532800e-06,4.21623325e-01
2.41542800e-06,4.21662599e-01
2.41552800e-06,4.21701944e-01
2.41562800e-06,4.21741293e-01
2.41572800e-06,4.21780712e-01
2.41582800e-06,4.21820135e-01
2.41592800e-06,4.21859629e-01
2.41602800e-06,4.21899127e-01
2.41612800e-06,4.21938694e-01
2.41622800e-06,4.21978266e-01
2.41632800e-06,4.22017908e-01
2.41642800e-06,4.22057553e-01
2.41652800e-06,4.22097269e-01
2.41662800e-06,4.22136988e-01
2.41672800e-06,4.22176777e-01
2.41682800e-06,4.22216570e-01
2.41692800e-06,4.22256432e-01
2.41702800e-06,4.22296298e-01
2.41712800e-06,4.22336233e-01
2.41722800e-06,4.22376172e-01
2.41732800e-06,4.22416180e-01
2.41742800e-06,4.22456191e-01
2.41752800e-06,4.22496272e-01
2.41762800e-06,4.22536356e-01
2.41772800e-06,4.22576509e-01
2.41782800e-06,4.22616666e-01
2.41792800e-06,4.22656891e-01
2.41802800e-06,4.22697120e-01
2.41812800e-06,4.22737417e-01
2.41822800e-06,4.22777717e-01
2.41832800e-06,4.22818086e-01
2.41842800e-06,4.22858458e-01
2.41852800e-06,4.22898899e-01
2.41862800e-06,4.22939342e-01
2.41872800e-06,4.22979854e-01
2.41882800e-06,4.23020369e-01
2.41892800e-06,4.23060952e-01
2.41902800e-06,4.23101538e-01
2.41912800e-06,4.23142191e-01
2.41922800e-06,4.23182848e-01
2.41932800e-06,4.23223572e-01
2.41942800e-06,4.23264299e-01
2.41952800e-06,4.23305094e-01
2.41962800e-06,4.23345891e-01
2.41972800e-06,4.23386756e-01
2.41982800e-06,4.23427624e-01
2.41992800e-06,4.23468558e-01
2.42002800e-06,4.23509496e-01
2.42012800e-06,4.23550500e-01
2.42022800e-06,4.23591507e-01
2.42032800e-06,4.23632581e-01
2.42042800e-06,4.23673657e-01
2.42052800e-06,4.23714801e-01
2.42062800e-06,4.23755946e-01
2.42072800e-06,4.23797158e-01
2.42082800e-06,4.23838373e-01
2.42092800e-06,4.23879654e-01
2.42102800e-06,4.23920937e-01
2.42112800e-06,4.23962287e-01
2.42122800e-06,4.24003638e-01
2.42132800e-06,4.24045056e-01
2.42142800e-06,4.24086476e-01
2.42152800e-06,4.24127962e-01
2.42162800e-06,4.24169450e-01
2.42172800e-06,4.24211004e-01
2.42182800e-06,4.24252560e-01
2.42192800e-06,4.24294182e-01
2.42202800e-06,4.24335805e-01
2.42212800e-06,4.24377494e-01
2.42222800e-06,4.24419185e-01
2.42232800e-06,4.24460941e-01
2.42242800e-06,4.24502699e-01
2.42252800e-06,4.24544522e-01
2.42262800e-06,4.24586346e-01
2.42272800e-06,4.24628236e-01
2.42282800e-06,4.24670127e-01
2.42292800e-06,4.24712084e-01
2.42302800e-06,4.24754041e-01
2.42312800e-06,4.24796064e-01
2.42322800e-06,4.24838088e-01
2.42332800e-06,4.24880176e-01
2.42342800e-06,4.24922266e-01
2.42352800e-06,4.24964420e-01
2.42362800e-06,4.25006576e-01
2.42372800e-06,4.25048796e-01
2.42382800e-06,4.25091016e-01
2.42392800e-06,4.25133302e-01
2.42402800e-06,4.25175588e-01
2.42412800e-06,4.25217938e-01
2.42422800e-06,4.25260289e-01
2.42432800e-06,4.25302704e-01
2.42442800e-06,4.25345120e-01
2.42452800e-06,4.25387600e-01
2.42462800e-06,4.25430080e-01
2.42472800e-06,4.25472624e-01
2.42482800e-06,4.25515168e-01
2.42492800e-06,4.25557777e-01
2.42502800e-06,4.25600385e-01
2.42512800e-06,4.25643057e-01
2.42522800e-06,4.25685730e-01
2.42532800e-06,4.25728465e-01
2.42542800e-06,4.25771201e-01
2.42552800e-06,4.25814000e-01
2.42562800e-06,4.25856799e-01
2.42572800e-06,4.25899662e-01
2.42582800e-06,4.25942524e-01
2.42592800e-06,4.25985449e-01
2.42602800e-06,4.26028374e-01
2.42612800e-06,4.26071362e-01
2.42622800e-06,4.26114350e-01
2.42632800e-06,4.26157400e-01
2.42642800e-06,4.26200450e-01
2.42652800e-06,4.26243563e-01
2.42662800e-06,4.26286675e-01
2.42672800e-06,4.26329850e-01
2.42682800e-06,4.26373024e-01
2.42692800e-06,4.26416260e-01
2.42702800e-06,4.26459495e-01
2.42712800e-06,4.26502793e-01
2.42722800e-06,4.26546090e-01
2.42732800e-06,4.26589449e-01
2.42742800e-06,4.26632807e-01
2.42752800e-06,4.26676228e-01
2.42762800e-06,4.26719647e-01
2.42772800e-06,4.26763127e-01
2.42782800e-06,4.26806607e-01
2.42792800e-06,4.26850148e-01
2.42802800e-06,4.26893688e-01
2.42812800e-06,4.26937290e-01
2.42822800e-06,4.26980890e-01
2.42832800e-06,4.27024552e-01
2.42842800e-06,4.27068212e-01
2.42852800e-06,4.27111934e-01
2.42862800e-06,4.27155653e-01
2.42872800e-06,4.27199434e-01
2.42882800e-06,4.27243214e-01
2.42892800e-06,4.27287054e-01
2.42902800e-06,4.27330893e-01
2.42912800e-06,4.27374792e-01
2.42922800e-06,4.27418689e-01
2.42932800e-06,4.27462648e-01
2.42942800e-06,4.27506604e-01
2.42952800e-06,4.27550620e-01
2.42962800e-06,4.27594635e-01
2.42972800e-06,4.27638710e-01
2.42982800e-06,4.27682783e-01
2.42992800e-06,4.27726916e-01
2.43002800e-06,4.27771047e-01
2.43012800e-06,4.27815238e-01
2.43022800e-06,4.27859427e-01
2.43032800e-06,4.27903675e-01
2.43042800e-06,4.27947921e-01
2.43052800e-06,4.27992227e-01
2.43062800e-06,4.28036531e-01
2.43072800e-06,4.28080894e-01
2.43082800e-06,4.28125254e-01
2.43092800e-06,4.28169674e-01
2.43102800e-06,4.28214091e-01
2.43112800e-06,4.28258568e-01
2.43122800e-06,4.28303041e-01
2.43132800e-06,4.28347574e-01
2.43142800e-06,4.28392104e-01
2.43152800e-06,4.28436693e-01
2.43162800e-06,4.28481279e-01
2.43172800e-06,4.28525924e-01
2.43182800e-06,4.28570566e-01
2.43192800e-06,4.28615266e-01
2.43202800e-06,4.28659963e-01
2.43212800e-06,4.28704719e-01
2.43222800e-06,4.28749472e-01
2.43232800e-06,4.28794283e-01
2.43242800e-06,4.28839090e-01
2.43252800e-06,4.28883956e-01
2.43262800e-06,4.28928819e-01
2.43272800e-06,4.28973739e-01
2.43282800e-06,4.29018656e-01
2.43292800e-06,4.29063631e-01
2.43302800e-06,4.29108602e-01
2.43312800e-06,4.29153632e-01
2.43322800e-06,4.29198657e-01
2.43332800e-06,4.29243740e-01
2.43342800e-06,4.29288819e-01
2.43352800e-06,4.29333956e-01
2.43362800e-06,4.29379088e-01
2.43372800e-06,4.29424279e-01
2.43382800e-06,4.29469464e-01
2.43392800e-06,4.29514708e-01
2.43402800e-06,4.29559947e-01
2.43412800e-06,4.29605243e-01
2.43422800e-06,4.29650535e-01
2.43432800e-06,4.29695884e-01
2.43442800e-06,4.29741228e-01
2.43452800e-06,4.29786630e-01
2.43462800e-06,4.29832027e-01
2.43472800e-06,4.29877480e-01
2.43482800e-06,4.29922929e-01
2.43492800e-06,4.29968435e-01
2.43502800e-06,4.30013935e-01
2.43512800e-06,4.30059493e-01
2.43522800e-06,4.30105045e-01
2.43532800e-06,4.30150654e-01
2.43542800e-06,4.30196257e-01
2.43552800e-06,4.30241917e-01
2.43562800e-06,4.30287572e-01
2.43572800e-06,4.30333283e-01
2.43582800e-06,4.30378988e-01
2.43592800e-06,4.30424750e-01
2.43602800e-06,4.30470506e-01
2.43612800e-06,4.30516318e-01
2.43622800e-06,4.30562125e-01
2.43632800e-06,4.30607987e-01
2.43642800e-06,4.30653844e-01
2.43652800e-06,4.30699756e-01
2.43662800e-06,4.30745663e-01
2.43672800e-06,4.30791625e-01
2.43682800e-06,4.30837581e-01
2.43692800e-06,4.30883593e-01
2.43702800e-06,4.30929598e-01
2.43712800e-06,4.30975659e-01
2.43722800e-06,4.31021714e-01
2.43732800e-06,4.31067824e-01
2.43742800e-06,4.31113927e-01
2.43752800e-06,4.31160086e-01
2.43762800e-06,4.31206238e-01
2.43772800e-06,4.31252445e-01
2.43782800e-06,4.31298646e-01
2.43792800e-06,4.31344901e-01
2.43802800e-06,4.31391150e-01
2.43812800e-06,4.31437454e-01
2.43822800e-06,4.31483750e-01
2.43832800e-06,4.31530101e-01
2.43842800e-06,4.31576446e-01
2.43852800e-06,4.31622845e-01
2.43862800e-06,4.31669237e-01
2.43872800e-06,4.31715683e-01
2.43882800e-06,4.31762122e-01
2.43892800e-06,4.31808615e-01
2.43902800e-06,4.31855101e-01
2.43912800e-06,4.31901641e-01
2.43922800e-06,4.31948173e-01
2.43932800e-06,4.31994760e-01
2.43942800e-06,4.32041339e-01
2.43952800e-06,4.32087972e-01
2.43962800e-06,4.32134597e-01
2.43972800e-06,4.32181276e-01
2.43982800e-06,4.32227947e-01
2.43992800e-06,4.32274672e-01
2.44002800e-06,4.32321389e-01
2.44012800e-06,4.32368159e-01
2.44022800e-06,4.32414922e-01
2.44032800e-06,4.32461738e-01
2.44042800e-06,4.32508546e-01
2.44052800e-06,4.32555406e-01
2.44062800e-06,4.32602259e-01
2.44072800e-06,4.32649165e-01
2.44082800e-06,4.32696062e-01
2.44092800e-06,4.32743013e-01
2.44102800e-06,4.32789955e-01
2.44112800e-06,4.32836949e-01
2.44122800e-06,4.32883936e-01
2.44132800e-06,4.32930975e-01
2.44142800e-06,4.32978005e-01
2.44152800e-06,4.33025088e-01
2.44162800e-06,4.33072162e-01
2.44172800e-06,4.33119288e-01
2.44182800e-06,4.33166406e-01
2.44192800e-06,4.33213576e-01
2.44202800e-06,4.33260737e-01
2.44212800e-06,4.33307950e-01
2.44222800e-06,4.33355154e-01
2.44232800e-06,4.33402410e-01
2.44242800e-06,4.33449657e-01
2.44252800e-06,4.33496956e-01
2.44262800e-06,4.33544245e-01
2.44272800e-06,4.33591586e-01
2.44282800e-06,4.33638919e-01
2.44292800e-06,4.33686302e-01
2.44302800e-06,4.33733676e-01
2.44312800e-06,4.33781101e-01
2.44322800e-06,4.33828517e-01
2.44332800e-06,4.33875984e-01
2.44342800e-06,4.33923442e-01
2.44352800e-06,4.33970951e-01
2.44362800e-06,4.34018450e-01
2.44372800e-06,4.34065999e-01
2.44382800e-06,4.34113540e-01
2.44392800e-06,4.34161131e-01
2.44402800e-06,4.34208712e-01
2.44412800e-06,4.34256344e-01
2.44422800e-06,4.34303966e-01
2.44432800e-06,4.34351638e-01
2.44442800e-06,4.34399300e-01
2.44452800e-06,4.34447013e-01
2.44462800e-06,4.34494716e-01
2.44472800e-06,4.34542468e-01
2.44482800e-06,4.34590211e-01
2.44492800e-06,4.34638003e-01
2.44502800e-06,4.34685786e-01
2.44512800e-06,4.34733618e-01
2.44522800e-06,4.34781440e-01
2.44532800e-06,4.34829311e-01
2.44542800e-06,4.34877173e-01
2.44552800e-06,4.34925083e-01
2.44562800e-06,4.34972984e-01
2.44572800e-06,4.35020933e-01
2.44582800e-06,4.35068873e-01
2.44592800e-06,4.35116861e-01
2.44602800e-06,4.35164839e-01
2.44612800e-06,4.35212865e-01
2.44622800e-06,4.35260882e-01
2.44632800e-06,4.35308947e-01
2.44642800e-06,4.35357001e-01
2.44652800e-06,4.35405104e-01
2.44662800e-06,4.35453196e-01
2.44672800e-06,4.35501337e-01
2.44682800e-06,4.35549467e-01
2.44692800e-06,4.35597645e-01
2.44702800e-06,4.35645812e-01
2.44712800e-06,4.35694028e-01
2.44722800e-06,4.35742233e-01
2.44732800e-06,4.35790485e-01
2.44742800e-06,4.35838727e-01
2.44752800e-06,4.35887016e-01
2.44762800e-06,4.35935295e-01
2.44772800e-06,4.35983621e-01
2.44782800e-06,4.36031936e-01
2.44792800e-06,4.36080298e-01
2.44802800e-06,4.36128649e-01
2.44812800e-06,4.36177048e-01
2.44822800e-06,4.36225435e-01
2.44832800e-06,4.36273870e-01
2.44842800e-06,4.36322293e-01
2.44852800e-06,4.36370763e-01
2.44862800e-06,4.36419222e-01
2.44872800e-06,4.36467728e-01
2.44882800e-06,4.36516222e-01
2.44892800e-06,4.36564763e-01
2.44902800e-06,4.36613292e-01
2.44912800e-06,4.36661868e-01
2.44922800e-06,4.36710432e-01
2.44932800e-06,4.36759043e-01
2.44942800e-06,4.36807642e-01
2.44952800e-06,4.36856288e-01
2.44962800e-06,4.36904921e-01
2.44972800e-06,4.36953601e-01
2.44982800e-06,4.37002269e-01
2.44992800e-06,4.37050983e-01
2.45002800e-06,4.37099684e-01
2.45012800e-06,4.37148432e-01
2.45022800e-06,4.37197168e-01
2.45032800e-06,4.37245950e-01
2.45042800e-06,4.37294719e-01
2.45052800e-06,4.37343534e-01
2.45062800e-06,4.37392336e-01
2.45072800e-06,4.37441185e-01
2.45082800e-06,4.37490020e-01
2.45092800e-06,4.37538902e-01
2.45102800e-06,4.37587770e-01
2.45112800e-06,4.37636685e-01
2.45122800e-06,4.37685586e-01
2.45132800e-06,4.37734533e-01
2.45142800e-06,4.37783467e-01
2.45152800e-06,4.37832446e-01
2.45162800e-06,4.37881412e-01
2.45172800e-06,4.37930423e-01
2.45182800e-06,4.37979422e-01
2.45192800e-06,4.38028465e-01
2.45202800e-06,4.38077495e-01
2.45212800e-06,4.38126570e-01
2.45222800e-06,4.38175632e-01
2.45232800e-06,4.38224738e-01
2.45242800e-06,4.38273831e-01
2.45252800e-06,4.38322969e-01
2.45262800e-06,4.38372094e-01
2.45272800e-06,4.38421262e-01
2.45282800e-06,4.38470418e-01
2.45292800e-06,4.38519618e-01
2.45302800e-06,4.38568804e-01
2.45312800e-06,4.38618034e-01
2.45322800e-06,4.38667251e-01
2.45332800e-06,4.38716512e-01
2.45342800e-06,4.38765759e-01
2.45352800e-06,4.38815050e-01
2.45362800e-06,4.38864327e-01
2.45372800e-06,4.38913648e-01
2.45382800e-06,4.38962955e-01
2.45392800e-06,4.39012306e-01
2.45402800e-06,4.39061643e-01
2.45412800e-06,4.39111024e-01
2.45422800e-06,4.39160390e-01
2.45432800e-06,4.39209800e-01
2.45442800e-06,4.39259195e-01
2.45452800e-06,4.39308635e-01
2.45462800e-06,4.39358059e-01
2.45472800e-06,4.39407527e-01
2.45482800e-06,4.39456981e-01
2.45492800e-06,4.39506478e-01
2.45502800e-06,4.39555960e-01
2.45512800e-06,4.39605486e-01
2.45522800e-06,4.39654996e-01
2.45532800e-06,4.39704550e-01
2.45542800e-06,4.39754089e-01
2.45552800e-06,4.39803671e-01
2.45562800e-06,4.39853238e-01
2.45572800e-06,4.39902848e-01
2.45582800e-06,4.39952443e-01
2.45592800e-06,4.40002081e-01
2.45602800e-06,4.40051703e-01
2.45612800e-06,4.40101368e-01
2.45622800e-06,4.40151018e-01
2.45632800e-06,4.40200711e-01
2.45642800e-06,4.40250388e-01
2.45652800e-06,4.40300108e-01
2.45662800e-06,4.40349812e-01
2.45672800e-06,4.40399558e-01
2.45682800e-06,4.40449290e-01
2.45692800e-06,4.40499063e-01
2.45702800e-06,4.40548821e-01
2.45712800e-06,4.40598620e-01
2.45722800e-06,4.40648405e-01
2.45732800e-06,4.40698231e-01
2.45742800e-06,4.40748041e-01
2.45752800e-06,4.40797894e-01
2.45762800e-06,4.40847730e-01
2.45772800e-06,4.40897608e-01
2.45782800e-06,4.40947471e-01
2.45792800e-06,4.40997375e-01
2.45802800e-06,4.41047263e-01
2.45812800e-06,4.41097192e-01
2.45822800e-06,4.41147106e-01
2.45832800e-06,4.41197061e-01
2.45842800e-06,4.41246999e-01
2.45852800e-06,4.41296979e-01
2.45862800e-06,4.41346943e-01
2.45872800e-06,4.41396948e-01
2.45882800e-06,4.41446937e-01
2.45892800e-06,4.41496967e-01
2.45902800e-06,4.41546980e-01
2.45912800e-06,4.41597034e-01
2.45922800e-06,4.41647072e-01
2.45932800e-06,4.41697151e-01
2.45942800e-06,4.41747213e-01
2.45952800e-06,4.41797316e-01
2.45962800e-06,4.41847402e-01
2.45972800e-06,4.41897529e-01
2.45982800e-06,4.41947639e-01
2.45992800e-06,4.41997790e-01
2.46002800e-06,4.42047924e-01
2.46012800e-06,4.42098098e-01
2.46022800e-06,4.42148256e-01
2.46032800e-06,4.42198453e-01
2.46042800e-06,4.42248634e-01
2.46052800e-06,4.42298855e-01
2.46062800e-06,4.42349059e-01
2.46072800e-06,4.42399303e-01
2.46082800e-06,4.42449530e-01
2.46092800e-06,4.42499797e-01
2.46102800e-06,4.42550047e-01
2.46112800e-06,4.42600337e-01
2.46122800e-06,4.42650609e-01
2.46132800e-06,4.42700921e-01
2.46142800e-06,4.42751216e-01
2.46152800e-06,4.42801551e-01
2.46162800e-06,4.42851868e-01
2.46172800e-06,4.42902225e-01
2.46182800e-06,4.42952564e-01
2.46192800e-06,4.43002942e-01
2.46202800e-06,4.43053303e-01
2.46212800e-06,4.43103704e-01
2.46222800e-06,4.43154087e-01
2.46232800e-06,4.43204508e-01
2.46242800e-06,4.43254913e-01
2.46252800e-06,4.43305356e-01
2.46262800e-06,4.43355782e-01
2.46272800e-06,4.43406246e-01
2.46282800e-06,4.43456693e-01
2.46292800e-06,4.43507179e-01
2.46302800e-06,4.43557647e-01
2.46312800e-06,4.43608153e-01
2.46322800e-06,4.43658642e-01
2.46332800e-06,4.43709170e-01
2.46342800e-06,4.43759679e-01
2.46352800e-06,4.43810227e-01
2.46362800e-06,4.43860757e-01
2.46372800e-06,4.43911325e-01
2.46382800e-06,4.43961875e-01
2.46392800e-06,4.44012463e-01
2.46402800e-06,4.44063034e-01
2.46412800e-06,4.44113642e-01
2.46422800e-06,4.44164232e-01
2.46432800e-06,4.44214861e-01
2.46442800e-06,4.44265471e-01
2.46452800e-06,4.44316119e-01
2.46462800e-06,4.44366748e-01
2.46472800e-06,4.44417416e-01
2.46482800e-06,4.44468065e-01
2.46492800e-06,4.44518752e-01
2.46502800e-06,4.44569420e-01
2.46512800e-06,4.44620126e-01
2.46522800e-06,4.44670813e-01
2.46532800e-06,4.44721538e-01
2.46542800e-06,4.44772245e-01
2.46552800e-06,4.44822989e-01
2.46562800e-06,4.44873714e-01
2.46572800e-06,4.44924476e-01
2.46582800e-06,4.44975220e-01
2.46592800e-06,4.45026001e-01
2.46602800e-06,4.45076764e-01
2.46612800e-06,4.45127563e-01
2.46622800e-06,4.45178344e-01
2.46632800e-06,4.45229161e-01
2.46642800e-06,4.45279960e-01
2.46652800e-06,4.45330795e-01
2.46662800e-06,4.45381612e-01
2.46672800e-06,4.45432466e-01
2.46682800e-06,4.45483300e-01
2.46692800e-06,4.45534171e-01
2.46702800e-06,4.45585023e-01
2.46712800e-06,4.45635912e-01
2.46722800e-06,4.45686782e-01
2.46732800e-06,4.45737688e-01
2.46742800e-06,4.45788575e-01
2.46752800e-06,4.45839498e-01
2.46762800e-06,4.45890402e-01
2.46772800e-06,4.45941342e-01
2.46782800e-06,4.45992263e-01
2.46792800e-06,4.46043221e-01
2.46802800e-06,4.46094159e-01
2.46812800e-06,4.46145133e-01
2.46822800e-06,4.46196087e-01
2.46832800e-06,4.46247078e-01
2.46842800e-06,4.46298049e-01
2.46852800e-06,4.46349056e-01
2.46862800e-06,4.46400044e-01
2.46872800e-06,4.46451068e-01
2.46882800e-06,4.46502071e-01
2.46892800e-06,4.46553111e-01
2.46902800e-06,4.46604131e-01
2.46912800e-06,4.46655187e-01
2.46922800e-06,4.46706222e-01
2.46932800e-06,4.46757294e-01
2.46942800e-06,4.46808346e-01
2.46952800e-06,4.46859433e-01
2.46962800e-06,4.46910500e-01
2.46972800e-06,4.46961603e-01
2.46982800e-06,4.47012685e-01
2.46992800e-06,4.47063804e-01
2.47002800e-06,4.47114902e-01
2.47012800e-06,4.47166035e-01
2.47022800e-06,4.47217149e-01
2.47032800e-06,4.47268297e-01
2.47042800e-06,4.47319425e-01
2.47052800e-06,4.47370589e-01
2.47062800e-06,4.47421732e-01
2.47072800e-06,4.47472910e-01
2.47082800e-06,4.47524069e-01
2.47092800e-06,4.47575262e-01
2.47102800e-06,4.47626434e-01
2.47112800e-06,4.47677642e-01
2.47122800e-06,4.47728829e-01
2.47132800e-06,4.47780051e-01
2.47142800e-06,4.47831252e-01
2.47152800e-06,4.47882489e-01
2.47162800e-06,4.47933704e-01
2.47172800e-06,4.47984955e-01
2.47182800e-06,4.48036184e-01
2.47192800e-06,4.48087449e-01
2.47202800e-06,4.48138692e-01
2.47212800e-06,4.48189971e-01
2.47222800e-06,4.48241228e-01
2.47232800e-06,4.48292520e-01
2.47242800e-06,4.48343791e-01
2.47252800e-06,4.48395097e-01
2.47262800e-06,4.48446381e-01
2.47272800e-06,4.48497700e-01
2.47282800e-06,4.48548998e-01
2.47292800e-06,4.48600331e-01
2.47302800e-06,4.48651642e-01
2.47312800e-06,4.48702987e-01
2.47322800e-06,4.48754312e-01
2.47332800e-06,4.48805670e-01
2.47342800e-06,4.48857008e-01
2.47352800e-06,4.48908379e-01
2.47362800e-06,4.48959729e-01
2.47372800e-06,4.49011113e-01
2.47382800e-06,4.49062476e-01
2.47392800e-06,4.49113873e-01
2.47402800e-06,4.49165249e-01
2.47412800e-06,4.49216658e-01
2.47422800e-06,4.49268046e-01
2.47432800e-06,4.49319468e-01
2.47442800e-06,4.49370868e-01
2.47452800e-06,4.49422302e-01
2.47462800e-06,4.49473715e-01
2.47472800e-06,4.49525161e-01
2.47482800e-06,4.49576586e-01
2.47492800e-06,4.49628044e-01
2.47502800e-06,4.49679481e-01
2.47512800e-06,4.49730951e-01
2.47522800e-06,4.49782399e-01
2.47532800e-06,4.49833881e-01
2.47542800e-06,4.49885341e-01
2.47552800e-06,4.49936835e-01
2.47562800e-06,4.49988307e-01
2.47572800e-06,4.50039811e-01
2.47582800e-06,4.50091295e-01
2.47592800e-06,4.50142811e-01
2.47602800e-06,4.50194306e-01
2.47612800e-06,4.50245833e-01
2.47622800e-06,4.50297339e-01
2.47632800e-06,4.50348878e-01
2.47642800e-06,4.50400395e-01
2.47652800e-06,4.50451945e-01
2.47662800e-06,4.50503473e-01
2.47672800e-06,4.50555034e-01
2.47682800e-06,4.50606573e-01
2.47692800e-06,4.50658144e-01
2.47702800e-06,4.50709694e-01
2.47712800e-06,4.50761276e-01
2.47722800e-06,4.50812837e-01
2.47732800e-06,4.50864429e-01
2.47742800e-06,4.50916001e-01
2.47752800e-06,4.50967604e-01
2.47762800e-06,4.51019185e-01
2.47772800e-06,4.51070799e-01
2.47782800e-06,4.51122390e-01
2.47792800e-06,4.51174014e-01
2.47802800e-06,4.51225616e-01
2.47812800e-06,4.51277250e-01
2.47822800e-06,4.51328862e-01
2.47832800e-06,4.51380506e-01
2.47842800e-06,4.51432128e-01
2.47852800e-06,4.51483782e-01
2.47862800e-06,4.51535414e-01
2.47872800e-06,4.51587077e-01
2.47882800e-06,4.51638719e-01
2.47892800e-06,4.51690392e-01
2.47902800e-06,4.51742044e-01
2.47912800e-06,4.51793727e-01
2.47922800e-06,4.51845388e-01
2.47932800e-06,4.51897080e-01
2.47942800e-06,4.51948750e-01
2.47952800e-06,4.52000452e-01
2.47962800e-06,4.52052132e-01
2.47972800e-06,4.52103843e-01
2.47982800e-06,4.52155532e-01
2.47992800e-06,4.52207252e-01
2.48002800e-06,4.52258950e-01
2.48012800e-06,4.52310679e-01
2.48022800e-06,4.52362386e-01
2.48032800e-06,4.52414124e-01
2.48042800e-06,4.52465840e-01
2.48052800e-06,4.52517587e-01
2.48062800e-06,4.52569312e-01
2.48072800e-06,4.52621068e-01
2.48082800e-06,4.52672802e-01
2.48092800e-06,4.52724566e-01
2.48102800e-06,4.52776308e-01
2.48112800e-06,4.52828081e-01
2.48122800e-06,4.52879832e-01
2.48132800e-06,4.52931614e-01
2.48142800e-06,4.52983373e-01
2.48152800e-06,4.53035163e-01
2.48162800e-06,4.53086930e-01
2.48172800e-06,4.53138728e-01
2.48182800e-06,4.53190504e-01
2.48192800e-06,4.53242310e-01
2.48202800e-06,4.53294094e-01
2.48212800e-06,4.53345908e-01
2.48222800e-06,4.53397700e-01
2.48232800e-06,4.53449523e-01
2.48242800e-06,4.53501322e-01
2.48252800e-06,4.53553153e-01
2.48262800e-06,4.53604960e-01
2.48272800e-06,4.53656798e-01
2.48282800e-06,4.53708614e-01
2.48292800e-06,4.53760460e-01
2.48302800e-06,4.53812283e-01
2.48312800e-06,4.53864136e-01
2.48322800e-06,4.53915967e-01
2.48332800e-06,4.53967828e-01
2.48342800e-06,4.54019666e-01
2.48352800e-06,4.54071535e-01
2.48362800e-06,4.54123380e-01
2.48372800e-06,4.54175256e-01
2.48382800e-06,4.54227109e-01
2.48392800e-06,4.54278992e-01
2.48402800e-06,4.54330852e-01
2.48412800e-06,4.54382742e-01
2.48422800e-06,4.54434610e-01
2.48432800e-06,4.54486507e-01
2.48442800e-06,4.54538381e-01
2.48452800e-06,4.54590286e-01
2.48462800e-06,4.54642167e-01
2.48472800e-06,4.54694078e-01
2.48482800e-06,4.54745967e-01
2.48492800e-06,4.54797885e-01
2.48502800e-06,4.54849780e-01
2.48512800e-06,4.54901705e-01
2.48522800e-06,4.54953606e-01
2.48532800e-06,4.55005538e-01
2.48542800e-06,4.55057446e-01
2.48552800e-06,4.55109384e-01
2.48562800e-06,4.55161300e-01
2.48572800e-06,4.55213244e-01
2.48582800e-06,4.55265166e-01
2.48592800e-06,4.55317117e-01
2.48602800e-06,4.55369045e-01
2.48612800e-06,4.55421002e-01
2.48622800e-06,4.55472936e-01
2.48632800e-06,4.55524900e-01
2.48642800e-06,4.55576841e-01
2.48652800e-06,4.55628811e-01
2.48662800e-06,4.55680757e-01
2.48672800e-06,4.55732733e-01
2.48682800e-06,4.55784686e-01
2.48692800e-06,4.55836668e-01
2.48702800e-06,4.55888627e-01
2.48712800e-06,4.55940615e-01
2.48722800e-06,4.55992580e-01
2.48732800e-06,4.56044574e-01
2.48742800e-06,4.56096545e-01
2.48752800e-06,4.56148544e-01
2.48762800e-06,4.56200521e-01
2.48772800e-06,4.56252526e-01
2.48782800e-06,4.56304509e-01
2.48792800e-06,4.56356520e-01
2.48802800e-06,4.56408508e-01
2.48812800e-06,4.56460524e-01
2.48822800e-06,4.56512518e-01
2.48832800e-06,4.56564540e-01
2.48842800e-06,4.56616539e-01
2.48852800e-06,4.56668567e-01
2.48862800e-06,4.56720572e-01
2.48872800e-06,4.56772605e-01
2.48882800e-06,4.56824615e-01
2.48892800e-06,4.56876653e-01
2.48902800e-06,4.56928668e-01
2.48912800e-06,4.56980712e-01
2.48922800e-06,4.57032732e-01
2.48932800e-06,4.57084781e-01
2.48942800e-06,4.57136807e-01
2.48952800e-06,4.57188861e-01
2.48962800e-06,4.57240892e-01
2.48972800e-06,4.57292951e-01
2.48982800e-06,4.57344987e-01
2.48992800e-06,4.57397051e-01
2.49002800e-06,4.57449092e-01
2.49012800e-06,4.57501161e-01
2.49022800e-06,4.57553207e-01
2.49032800e-06,4.57605280e-01
2.49042800e-06,4.57657331e-01
2.49052800e-06,4.57709410e-01
2.49062800e-06,4.57761465e-01
2.49072800e-06,4.57813549e-01
2.49082800e-06,4.57865609e-01
2.49092800e-06,4.57917697e-01
2.49102800e-06,4.57969762e-01
2.49112800e-06,4.58021855e-01
2.49122800e-06,4.58073924e-01
2.49132800e-06,4.58126021e-01
2.49142800e-06,4.58178095e-01
2.49152800e-06,4.58230197e-01
2.49162800e-06,4.58282275e-01
2.49172800e-06,4.58334382e-01
2.49182800e-06,4.58386465e-01
2.49192800e-06,4.58438575e-01
2.49202800e-06,4.58490662e-01
2.49212800e-06,4.58542778e-01
2.49222800e-06,4.58594869e-01
2.49232800e-06,4.58646988e-01
2.49242800e-06,4.58699084e-01
2.49252800e-06,4.58751208e-01
2.49262800e-06,4.58803308e-01
2.49272800e-06,4.58855435e-01
2.49282800e-06,4.58907540e-01
2.49292800e-06,4.58959671e-01
2.49302800e-06,4.59011780e-01
2.49312800e-06,4.59063916e-01
2.49322800e-06,4.59116028e-01
2.49332800e-06,4.59168168e-01
2.49342800e-06,4.59220284e-01
2.49352800e-06,4.59272428e-01
2.49362800e-06,4.59324548e-01
2.49372800e-06,4.59376696e-01
2.49382800e-06,4.59428820e-01
2.49392800e-06,4.59480972e-01
2.49402800e-06,4.59533100e-01
2.49412800e-06,4.59585255e-01
2.49422800e-06,4.59637387e-01
2.49432800e-06,4.59689546e-01
2.49442800e-06,4.59741681e-01
2.49452800e-06,4.59793844e-01
2.49462800e-06,4.59845983e-01
2.49472800e-06,4.59898150e-01
2.49482800e-06,4.59950292e-01
2.49492800e-06,4.60002462e-01
2.49502800e-06,4.60054609e-01
2.49512800e-06,4.60106782e-01
2.49522800e-06,4.60158932e-01
2.49532800e-06,4.60211109e-01
2.49542800e-06,4.60263263e-01
2.49552800e-06,4.60315443e-01
2.49562800e-06,4.60367600e-01
2.49572800e-06,4.60419784e-01
2.49582800e-06,4.60471944e-01
2.49592800e-06,4.60524132e-01
2.49602800e-06,4.60576295e-01
2.49612800e-06,4.60628486e-01
2.49622800e-06,4.60680653e-01
2.49632800e-06,4.60732847e-01
2.49642800e-06,4.60785017e-01
2.49652800e-06,4.60837214e-01
2.49662800e-06,4.60889387e-01
2.49672800e-06,4.60941587e-01
2.49682800e-06,4.60993764e-01
2.49692800e-06,4.61045967e-01
2.49702800e-06,4.61098147e-01
2.49712800e-06,4.61150354e-01
2.49722800e-06,4.61202536e-01
2.49732800e-06,4.61254746e-01
2.49742800e-06,4.61306932e-01
2.49752800e-06,4.61359144e-01
2.49762800e-06,4.61411333e-01
2.49772800e-06,4.61463549e-01
2.49782800e-06,4.61515741e-01
2.49792800e-06,4.61567959e-01
2.49802800e-06,4.61620154e-01
2.49812800e-06,4.61672375e-01
2.49822800e-06,4.61724573e-01
2.49832800e-06,4.61776797e-01
2.49842800e-06,4.61828998e-01
2.49852800e-06,4.61881225e-01
2.49862800e-06,4.61933428e-01
2.49872800e-06,4.61985658e-01
2.49882800e-06,4.62037864e-01
2.49892800e-06,4.62090097e-01
2.49902800e-06,4.62142305e-01
2.49912800e-06,4.62194541e-01
2.49922800e-06,4.62246752e-01
2.49932800e-06,4.62298990e-01
2.49942800e-06,4.62351204e-01
2.49952800e-06,4.62403445e-01
2.49962800e-06,4.62455662e-01
2.49972800e-06,4.62507905e-01
2.49982800e-06,4.62560125e-01
2.49992800e-06,4.62612370e-01
2.50002800e-06,4.62664592e-01
2.50012800e-06,4.62716841e-01
2.50022800e-06,4.62769065e-01
2.50032800e-06,4.62821316e-01
2.50042800e-06,4.62873543e-01
2.50052800e-06,4.62925796e-01
2.50062800e-06,4.62978026e-01
2.50072800e-06,4.63030281e-01
2.50082800e-06,4.63082513e-01
2.50092800e-06,4.63134771e-01
2.50102800e-06,4.63187006e-01
2.50112800e-06,4.63239266e-01
2.50122800e-06,4.63291503e-01
2.50132800e-06,4.63343765e-01
2.50142800e-06,4.63396004e-01
2.50152800e-06,4.63448269e-01
2.50162800e-06,4.63500511e-01
2.50172800e-06,4.63552778e-01
2.50182800e-06,4.63605022e-01
2.50192800e-06,4.63657291e-01
2.50202800e-06,4.63709537e-01
2.50212800e-06,4.63761809e-01
2.50222800e-06,4.63814057e-01
2.50232800e-06,4.63866331e-01
2.50242800e-06,4.63918581e-01
2.50252800e-06,4.63970857e-01
2.50262800e-06,4.64023109e-01
2.50272800e-06,4.64075388e-01
2.50282800e-06,4.64127642e-01
2.50292800e-06,4.64179923e-01
2.50302800e-06,4.64232179e-01
2.50312800e-06,4.64284462e-01
2.50322800e-06,4.64336720e-01
2.50332800e-06,4.64389005e-01
2.50342800e-06,4.64441265e-01
2.50352800e-06,4.64493552e-01
2.50362800e-06,4.64545815e-01
2.50372800e-06,4.64598103e-01
2.50382800e-06,4.64650368e-01
2.50392800e-06,4.64702658e-01
2.50402800e-06,4.64754925e-01
2.50412800e-06,4.64807217e-01
2.50422800e-06,4.64859486e-01
2.50432800e-06,4.64911780e-01
2.50442800e-06,4.64964051e-01
2.50452800e-06,4.65016347e-01
2.50462800e-06,4.65068619e-01
2.50472800e-06,4.65120917e-01
2.50482800e-06,4.65173192e-01
2.50492800e-06,4.65225492e-01
2.50502800e-06,4.65277768e-01
2.50512800e-06,4.65330069e-01
2.50522800e-06,4.65382347e-01
2.50532800e-06,4.65434651e-01
2.50542800e-06,4.65486931e-01
2.50552800e-06,4.65539236e-01
2.50562800e-06,4.65591517e-01
2.50572800e-06,4.65643825e-01
2.50582800e-06,4.65696108e-01
2.50592800e-06,4.65748417e-01
2.50602800e-06,4.65800702e-01
2.50612800e-06,4.65853012e-01
2.50622800e-06,4.65905299e-01
2.50632800e-06,4.65957611e-01
2.50642800e-06,4.66009900e-01
2.50652800e-06,4.66062213e-01
2.50662800e-06,4.66114504e-01
2.50672800e-06,4.66166819e-01
2.50682800e-06,4.66219111e-01
2.50692800e-06,4.66271428e-01
2.50702800e-06,4.66323721e-01
2.50712800e-06,4.66376040e-01
2.50722800e-06,4.66428335e-01
2.50732800e-06,4.66480655e-01
2.50742800e-06,4.66532952e-01
2.50752800e-06,4.66585274e-01
2.50762800e-06,4.66637572e-01
2.50772800e-06,4.66689895e-01
2.50782800e-06,4.66742195e-01
2.50792800e-06,4.66794520e-01
2.50802800e-06,4.66846821e-01
2.50812800e-06,4.66899148e-01
2.50822800e-06,4.66951451e-01
2.50832800e-06,4.67003779e-01
2.50842800e-06,4.67056083e-01
2.50852800e-06,4.67108412e-01
2.50862800e-06,4.67160718e-01
2.50872800e-06,4.67213049e-01
2.50882800e-06,4.67265356e-01
2.50892800e-06,4.67317689e-01
2.50902800e-06,4.67369998e-01
2.50912800e-06,4.67422331e-01
2.50922800e-06,4.67474642e-01
2.50932800e-06,4.67526977e-01
2.50942800e-06,4.67579288e-01
2.50952800e-06,4.67631625e-01
2.50962800e-06,4.67683938e-01
2.50972800e-06,4.67736276e-01
2.50982800e-06,4.67788590e-01
2.50992800e-06,4.67840930e-01
2.51002800e-06,4.67893246e-01
2.51012800e-06,4.67945586e-01
2.51022800e-06,4.67997903e-01
2.51032800e-06,4.68050246e-01
2.51042800e-06,4.68102564e-01
2.51052800e-06,4.68154907e-01
2.51062800e-06,4.68207227e-01
2.51072800e-06,4.68259572e-01
2.51082800e-06,4.68311893e-01
2.51092800e-06,4.68364239e-01
2.51102800e-06,4.68416562e-01
2.51112800e-06,4.68468909e-01
2.51122800e-06,4.68521233e-01
2.51132800e-06,4.68573581e-01
2.51142800e-06,4.68625906e-01
2.51152800e-06,4.68678256e-01
2.51162800e-06,4.68730582e-01
2.51172800e-06,4.68782933e-01
2.51182800e-06,4.68835261e-01
2.51192800e-06,4.68887613e-01
2.51202800e-06,4.68939942e-01
2.51212800e-06,4.68992296e-01
2.51222800e-06,4.69044626e-01
2.51232800e-06,4.69096981e-01
2.51242800e-06,4.69149312e-01
2.51252800e-06,4.69201668e-01
2.51262800e-06,4.69254000e-01
2.51272800e-06,4.69306358e-01
2.51282800e-06,4.69358691e-01
2.51292800e-06,4.69411050e-01
2.51302800e-06,4.69463385e-01
2.51312800e-06,4.69515744e-01
2.51322800e-06,4.69568080e-01
2.51332800e-06,4.69620441e-01
2.51342800e-06,4.69672778e-01
2.51352800e-06,4.69725140e-01
2.51362800e-06,4.69777478e-01
2.51372800e-06,4.69829841e-01
2.51382800e-06,4.69882181e-01
2.51392800e-06,4.69934545e-01
2.51402800e-06,4.69986886e-01
2.51412800e-06,4.70039251e-01
2.51422800e-06,4.70091593e-01
2.51432800e-06,4.70143959e-01
2.51442800e-06,4.70196302e-01
2.51452800e-06,4.70248669e-01
2.51462800e-06,4.70301014e-01
2.51472800e-06,4.70353382e-01
2.51482800e-06,4.70405727e-01
2.51492800e-06,4.70458097e-01
2.51502800e-06,4.70510443e-01
2.51512800e-06,4.70562814e-01
2.51522800e-06,4.70615161e-01
2.51532800e-06,4.70667533e-01
2.51542800e-06,4.70719882e-01
2.51552800e-06,4.70772255e-01
2.51562800e-06,4.70824604e-01
2.51572800e-06,4.70876978e-01
2.51582800e-06,4.70929329e-01
2.51592800e-06,4.70981704e-01
2.51602800e-06,4.71034055e-01
2.51612800e-06,4.71086431e-01
2.51622800e-06,4.71138784e-01
2.51632800e-06,4.71191161e-01
2.51642800e-06,4.71243515e-01
2.51652800e-06,4.71295893e-01
2.51662800e-06,4.71348248e-01
2.51672800e-06,4.71400627e-01
2.51682800e-06,4.71452983e-01
2.51692800e-06,4.71505363e-01
2.51702800e-06,4.71557720e-01
2.51712800e-06,4.71610101e-01
2.51722800e-06,4.71662458e-01
2.51732800e-06,4.71714841e-01
2.51742800e-06,4.71767200e-01
2.51752800e-06,4.71819583e-01
2.51762800e-06,4.71871943e-01
2.51772800e-06,4.71924327e-01
2.51782800e-06,4.71976688e-01
2.51792800e-06,4.72029073e-01
2.51802800e-06,4.72081435e-01
2.51812800e-06,4.72133821e-01
2.51822800e-06,4.72186184e-01
2.51832800e-06,4.72238571e-01
2.51842800e-06,4.72290935e-01
2.51852800e-06,4.72343323e-01
2.51862800e-06,4.72395688e-01
2.51872800e-06,4.72448077e-01
2.51882800e-06,4.72500442e-01
2.51892800e-06,4.72552832e-01
2.51902800e-06,4.72605199e-01
2.51912800e-06,4.72657590e-01
2.51922800e-06,4.72709958e-01
2.51932800e-06,4.72762350e-01
2.51942800e-06,4.72814719e-01
2.51952800e-06,4.72867112e-01
2.51962800e-06,4.72919481e-01
2.51972800e-06,4.72971875e-01
2.51982800e-06,4.73024246e-01
2.51992800e-06,4.73076641e-01
2.52002800e-06,4.73129012e-01
2.52012800e-06,4.73181408e-01
2.52022800e-06,4.73233781e-01
2.52032800e-06,4.73286177e-01
2.52042800e-06,4.73338551e-01
2.52052800e-06,4.73390948e-01
2.52062800e-06,4.73443323e-01
2.52072800e-06,4.73495721e-01
2.52082800e-06,4.73548097e-01
2.52092800e-06,4.73600496e-01
2.52102800e-06,4.73652872e-01
2.52112800e-06,4.73705273e-01
2.52122800e-06,4.73757650e-01
2.52132800e-06,4.73810051e-01
2.52142800e-06,4.73862430e-01
2.52152800e-06,4.73914832e-01
2.52162800e-06,4.73967211e-01
2.52172800e-06,4.74019614e-01
2.52182800e-06,4.74071994e-01
2.52192800e-06,4.74124398e-01
2.52202800e-06,4.74176779e-01
2.52212800e-06,4.74229184e-01
2.52222800e-06,4.74281566e-01
2.52232800e-06,4.74333972e-01
2.52242800e-06,4.74386355e-01
2.52252800e-06,4.74438762e-01
2.52262800e-06,4.74491145e-01
2.52272800e-06,4.74543553e-01
2.52282800e-06,4.74595938e-01
2.52292800e-06,4.74648346e-01
2.52302800e-06,4.74700732e-01
2.52312800e-06,4.74753141e-01
2.52322800e-06,4.74805528e-01
2.52332800e-06,4.74857938e-01
2.52342800e-06,4.74910326e-01
2.52352800e-06,4.74962737e-01
2.52362800e-06,4.75015125e-01
2.52372800e-06,4.75067538e-01
2.52382800e-06,4.75119927e-01
2.52392800e-06,4.75172340e-01
2.52402800e-06,4.75224730e-01
2.52412800e-06,4.75277144e-01
2.52422800e-06,4.75329535e-01
2.52432800e-06,4.75381950e-01
2.52442800e-06,4.75434342e-01
2.52452800e-06,4.75486758e-01
2.52462800e-06,4.75539151e-01
2.52472800e-06,4.75591567e-01
2.52482800e-06,4.75643961e-01
2.52492800e-06,4.75696379e-01
2.52502800e-06,4.75748773e-01
2.52512800e-06,4.75801192e-01
2.52522800e-06,4.75853587e-01
2.52532800e-06,4.75906007e-01
2.52542800e-06,4.75958403e-01
2.52552800e-06,4.76010823e-01
2.52562800e-06,4.76063221e-01
2.52572800e-06,4.76115642e-01
2.52582800e-06,4.76168040e-01
2.52592800e-06,4.76220462e-01
2.52602800e-06,4.76272861e-01
2.52612800e-06,4.76325284e-01
2.52622800e-06,4.76377685e-01
2.52632800e-06,4.76430108e-01
2.52642800e-06,4.76482509e-01
2.52652800e-06,4.76534934e-01
2.52662800e-06,4.76587336e-01
2.52672800e-06,4.76639761e-01
2.52682800e-06,4.76692164e-01
2.52692800e-06,4.76744591e-01
2.52702800e-06,4.76796995e-01
2.52712800e-06,4.76849422e-01
2.52722800e-06,4.76901827e-01
2.52732800e-06,4.76954255e-01
2.52742800e-06,4.77006660e-01
2.52752800e-06,4.77059089e-01
2.52762800e-06,4.77111496e-01
2.52772800e-06,4.77163926e-01
2.52782800e-06,4.77216333e-01
2.52792800e-06,4.77268764e-01
2.52802800e-06,4.77321172e-01
2.52812800e-06,4.77373604e-01
2.52822800e-06,4.77426013e-01
2.52832800e-06,4.77478446e-01
2.52842800e-06,4.77530856e-01
2.52852800e-06,4.77583290e-01
2.52862800e-06,4.77635701e-01
2.52872800e-06,4.77688135e-01
2.52882800e-06,4.77740547e-01
2.52892800e-06,4.77792983e-01
2.52902800e-06,4.77845395e-01
2.52912800e-06,4.77897832e-01
2.52922800e-06,4.77950245e-01
2.52932800e-06,4.78002683e-01
2.52942800e-06,4.78055097e-01
2.52952800e-06,4.78107535e-01
2.52962800e-06,4.78159951e-01
2.52972800e-06,4.78212390e-01
2.52982800e-06,4.78264806e-01
2.52992800e-06,4.78317246e-01
2.53002800e-06,4.78369663e-01
2.53012800e-06,4.78422104e-01
2.53022800e-06,4.78474522e-01
2.53032800e-06,4.78526964e-01
2.53042800e-06,4.78579383e-01
2.53052800e-06,4.78631826e-01
2.53062800e-06,4.78684246e-01
2.53072800e-06,4.78736689e-01
2.53082800e-06,4.78789111e-01
2.53092800e-06,4.78841555e-01
2.53102800e-06,4.78893977e-01
2.53112800e-06,4.78946422e-01
2.53122800e-06,4.78998845e-01
2.53132800e-06,4.79051291e-01
2.53142800e-06,4.79103715e-01
2.53152800e-06,4.79156162e-01
2.53162800e-06,4.79208587e-01
2.53172800e-06,4.79261035e-01
2.53182800e-06,4.79313461e-01
2.53192800e-06,4.79365909e-01
2.53202800e-06,4.79418336e-01
2.53212800e-06,4.79470786e-01
2.53222800e-06,4.79523213e-01
2.53232800e-06,4.79575664e-01
2.53242800e-06,4.79628093e-01
2.53252800e-06,4.79680544e-01
2.53262800e-06,4.79732974e-01
2.53272800e-06,4.79785426e-01
2.53282800e-06,4.79837857e-01
2.53292800e-06,4.79890310e-01
2.53302800e-06,4.79942741e-01
2.53312800e-06,4.79995196e-01
2.53322800e-06,4.80047628e-01
2.53332800e-06,4.80100083e-01
2.53342800e-06,4.80152516e-01
2.53352800e-06,4.80204973e-01
2.53362800e-06,4.80257407e-01
2.53372800e-06,4.80309864e-01
2.53382800e-06,4.80362299e-01
2.53392800e-06,4.80414757e-01
2.53402800e-06,4.80467193e-01
2.53412800e-06,4.80519652e-01
2.53422800e-06,4.80572089e-01
2.53432800e-06,4.80624549e-01
2.53442800e-06,4.80676987e-01
2.53452800e-06,4.80729448e-01
2.53462800e-06,4.80781887e-01
2.53472800e-06,4.80834349e-01
2.53482800e-06,4.80886788e-01
2.53492800e-06,4.80939251e-01
2.53502800e-06,4.80991692e-01
2.53512800e-06,4.81044156e-01
2.53522800e-06,4.81096598e-01
2.53532800e-06,4.81149062e-01
2.53542800e-06,4.81201505e-01
2.53552800e-06,4.81253970e-01
2.53562800e-06,4.81306414e-01
2.53572800e-06,4.81358881e-01
2.53582800e-06,4.81411325e-01
2.53592800e-06,4.81463793e-01
2.53602800e-06,4.81516238e-01
2.53612800e-06,4.81568707e-01
2.53622800e-06,4.81621153e-01
2.53632800e-06,4.81673623e-01
2.53642800e-06,4.81726070e-01
2.53652800e-06,4.81778541e-01
2.53662800e-06,4.81830989e-01
2.53672800e-06,4.81883461e-01
2.53682800e-06,4.81935910e-01
2.53692800e-06,4.81988382e-01
2.53702800e-06,4.82040833e-01
2.53712800e-06,4.82093306e-01
2.53722800e-06,4.82145758e-01
2.53732800e-06,4.82198232e-01
2.53742800e-06,4.82250684e-01
2.53752800e-06,4.82303159e-01
2.53762800e-06,4.82355613e-01
2.53772800e-06,4.82408089e-01
2.53782800e-06,4.82460543e-01
2.53792800e-06,4.82513021e-01
2.53802800e-06,4.82565476e-01
2.53812800e-06,4.82617954e-01
2.53822800e-06,4.82670410e-01
2.53832800e-06,4.82722889e-01
2.53842800e-06,4.82775347e-01
2.53852800e-06,4.82827827e-01
2.53862800e-06,4.82880285e-01
2.53872800e-06,4.82932766e-01
2.53882800e-06,4.82985226e-01
2.53892800e-06,4.83037708e-01
2.53902800e-06,4.83090168e-01
2.53912800e-06,4.83142651e-01
2.53922800e-06,4.83195112e-01
2.53932800e-06,4.83247596e-01
2.53942800e-06,4.83300059e-01
2.53952800e-06,4.83352544e-01
2.53962800e-06,4.83405007e-01
2.53972800e-06,4.83457493e-01
2.53982800e-06,4.83509957e-01
2.53992800e-06,4.83562444e-01
2.54002800e-06,4.83614910e-01
2.54012800e-06,4.83667398e-01
2.54022800e-06,4.83719864e-01
2.54032800e-06,4.83772353e-01
2.54042800e-06,4.83824821e-01
2.54052800e-06,4.83877311e-01
2.54062800e-06,4.83929779e-01
2.54072800e-06,4.83982270e-01
2.54082800e-06,4.84034739e-01
2.54092800e-06,4.84087231e-01
2.54102800e-06,4.84139702e-01
2.54112800e-06,4.84192195e-01
2.54122800e-06,4.84244667e-01
2.54132800e-06,4.84297161e-01
2.54142800e-06,4.84349633e-01
2.54152800e-06,4.84402128e-01
2.54162800e-06,4.84454602e-01
2.54172800e-06,4.84507098e-01
2.54182800e-06,4.84559572e-01
2.54192800e-06,4.84612069e-01
2.54202800e-06,4.84664545e-01
2.54212800e-06,4.84717043e-01
2.54222800e-06,4.84769520e-01
2.54232800e-06,4.84822019e-01
2.54242800e-06,4.84874496e-01
2.54252800e-06,4.84926997e-01
2.54262800e-06,4.84979475e-01
2.54272800e-06,4.85031976e-01
2.54282800e-06,4.85084456e-01
2.54292800e-06,4.85136958e-01
2.54302800e-06,4.85189439e-01
2.54312800e-06,4.85241942e-01
2.54322800e-06,4.85294424e-01
2.54332800e-06,4.85346929e-01
2.54342800e-06,4.85399411e-01
2.54352800e-06,4.85451917e-01
2.54362800e-06,4.85504401e-01
2.54372800e-06,4.85556907e-01
2.54382800e-06,4.85609392e-01
2.54392800e-06,4.85661900e-01
2.54402800e-06,4.85714386e-01
2.54412800e-06,4.85766894e-01
2.54422800e-06,4.85819381e-01
2.54432800e-06,4.85871891e-01
2.54442800e-06,4.85924379e-01
2.54452800e-06,4.85976889e-01
2.54462800e-06,4.86029379e-01
2.54472800e-06,4.86081890e-01
2.54482800e-06,4.86134380e-01
2.54492800e-06,4.86186893e-01
2.54502800e-06,4.86239384e-01
2.54512800e-06,4.86291898e-01
2.54522800e-06,4.86344391e-01
2.54532800e-06,4.86396905e-01
2.54542800e-06,4.86449399e-01
2.54552800e-06,4.86501915e-01
2.54562800e-06,4.86554409e-01
2.54572800e-06,4.86606926e-01
2.54582800e-06,4.86659422e-01
2.54592800e-06,4.86711940e-01
2.54602800e-06,4.86764436e-01
2.54612800e-06,4.86816955e-01
2.54622800e-06,4.86869453e-01
2.54632800e-06,4.86921973e-01
2.54642800e-06,4.86974472e-01
2.54652800e-06,4.87026993e-01
2.54662800e-06,4.87079493e-01
2.54672800e-06,4.87132015e-01
2.54682800e-06,4.87184516e-01
2.54692800e-06,4.87237040e-01
2.54702800e-06,4.87289542e-01
2.54712800e-06,4.87342066e-01
2.54722800e-06,4.87394569e-01
2.54732800e-06,4.87447095e-01
2.54742800e-06,4.87499599e-01
2.54752800e-06,4.87552125e-01
2.54762800e-06,4.87604631e-01
2.54772800e-06,4.87657159e-01
2.54782800e-06,4.87709665e-01
2.54792800e-06,4.87762194e-01
2.54802800e-06,4.87814701e-01
2.54812800e-06,4.87867231e-01
2.54822800e-06,4.87919740e-01
2.54832800e-06,4.87972271e-01
2.54842800e-06,4.88024781e-01
2.54852800e-06,4.88077312e-01
2.54862800e-06,4.88129823e-01
2.54872800e-06,4.88182356e-01
2.54882800e-06,4.88234868e-01
2.54892800e-06,4.88287402e-01
2.54902800e-06,4.88339916e-01
2.54912800e-06,4.88392451e-01
2.54922800e-06,4.88444965e-01
2.54932800e-06,4.88497501e-01
2.54942800e-06,4.88550017e-01
2.54952800e-06,4.88602554e-01
2.54962800e-06,4.88655070e-01
2.54972800e-06,4.88707609e-01
2.54982800e-06,4.88760126e-01
2.54992800e-06,4.88812666e-01
2.55002800e-06,4.88865185e-01
2.55012800e-06,4.88917725e-01
2.55022800e-06,4.88970245e-01
2.55032800e-06,4.89022787e-01
2.55042800e-06,4.89075308e-01
2.55052800e-06,4.89127851e-01
2.55062800e-06,4.89180373e-01
2.55072800e-06,4.89232917e-01
2.55082800e-06,4.89285440e-01
2.55092800e-06,4.89337985e-01
2.55102800e-06,4.89390509e-01
2.55112800e-06,4.89443056e-01
2.55122800e-06,4.89495581e-01
2.55132800e-06,4.89548128e-01
2.55142800e-06,4.89600655e-01
2.55152800e-06,4.89653203e-01
2.55162800e-06,4.89705731e-01
2.55172800e-06,4.89758281e-01
2.55182800e-06,4.89810809e-01
2.55192800e-06,4.89863360e-01
2.55202800e-06,4.89915890e-01
2.55212800e-06,4.89968442e-01
2.55222800e-06,4.90020973e-01
2.55232800e-06,4.90073526e-01
2.55242800e-06,4.90126058e-01
2.55252800e-06,4.90178612e-01
2.55262800e-06,4.90231145e-01
2.55272800e-06,4.90283700e-01
2.55282800e-06,4.90336235e-01
2.55292800e-06,4.90388791e-01
2.55302800e-06,4.90441327e-01
2.55312800e-06,4.90493884e-01
2.55322800e-06,4.90546421e-01
2.55332800e-06,4.90598980e-01
2.55342800e-06,4.90651517e-01
2.55352800e-06,4.90704077e-01
2.55362800e-06,4.90756616e-01
2.55372800e-06,4.90809177e-01
2.55382800e-06,4.90861717e-01
2.55392800e-06,4.90914279e-01
2.55402800e-06,4.90966820e-01
2.55412800e-06,4.91019383e-01
2.55422800e-06,4.91071926e-01
2.55432800e-06,4.91124490e-01
2.55442800e-06,4.91177034e-01
2.55452800e-06,4.91229599e-01
2.55462800e-06,4.91282144e-01
2.55472800e-06,4.91334710e-01
2.55482800e-06,4.91387256e-01
2.55492800e-06,4.91439824e-01
2.55502800e-06,4.91492371e-01
2.55512800e-06,4.91544940e-01
2.55522800e-06,4.91597488e-01
2.55532800e-06,4.91650058e-01
2.55542800e-06,4.91702607e-01
2.55552800e-06,4.91755178e-01
2.55562800e-06,4.91807729e-01
2.55572800e-06,4.91860301e-01
2.55582800e-06,4.91912853e-01
2.55592800e-06,4.91965426e-01
2.55602800e-06,4.92017979e-01
2.55612800e-06,4.92070553e-01
2.55622800e-06,4.92123107e-01
2.55632800e-06,4.92175683e-01
2.55642800e-06,4.92228238e-01
2.55652800e-06,4.92280815e-01
2.55662800e-06,4.92333371e-01
2.55672800e-06,4.92385949e-01
2.55682800e-06,4.92438506e-01
2.55692800e-06,4.92491085e-01
2.55702800e-06,4.92543644e-01
2.55712800e-06,4.92596224e-01
2.55722800e-06,4.92648784e-01
2.55732800e-06,4.92701365e-01
2.55742800e-06,4.92753926e-01
2.55752800e-06,4.92806509e-01
2.55762800e-06,4.92859071e-01
2.55772800e-06,4.92911655e-01
2.55782800e-06,4.92964218e-01
2.55792800e-06,4.93016803e-01
2.55802800e-06,4.93069367e-01
2.55812800e-06,4.93121953e-01
2.55822800e-06,4.93174519e-01
2.55832800e-06,4.93227106e-01
2.55842800e-06,4.93279673e-01
2.55852800e-06,4.93332261e-01
2.55862800e-06,4.93384829e-01
2.55872800e-06,4.93437418e-01
2.55882800e-06,4.93489987e-01
2.55892800e-06,4.93542578e-01
2.55902800e-06,4.93595148e-01
2.55912800e-06,4.93647740e-01
2.55922800e-06,4.93700312e-01
2.55932800e-06,4.93752904e-01
2.55942800e-06,4.93805477e-01
2.55952800e-06,4.93858071e-01
2.55962800e-06,4.93910645e-01
2.55972800e-06,4.93963240e-01
2.55982800e-06,4.94015815e-01
2.55992800e-06,4.94068412e-01
2.56002800e-06,4.94120988e-01
2.56012800e-06,4.94173585e-01
2.56022800e-06,4.94226163e-01
2.56032800e-06,4.94278761e-01
2.56042800e-06,4.94331340e-01
2.56052800e-06,4.94383940e-01
2.56062800e-06,4.94436519e-01
2.56072800e-06,4.94489120e-01
2.56082800e-06,4.94541701e-01
2.56092800e-06,4.94594303e-01
2.56102800e-06,4.94646885e-01
2.56112800e-06,4.94699489e-01
2.56122800e-06,4.94752072e-01
2.56132800e-06,4.94804676e-01
2.56142800e-06,4.94857261e-01
2.56152800e-06,4.94909866e-01
2.56162800e-06,4.94962452e-01
2.56172800e-06,4.95015059e-01
2.56182800e-06,4.95067645e-01
2.56192800e-06,4.95120253e-01
2.56202800e-06,4.95172841e-01
2.56212800e-06,4.95225450e-01
2.56222800e-06,4.95278040e-01
2.56232800e-06,4.95330650e-01
2.56242800e-06,4.95383240e-01
2.56252800e-06,4.95435852e-01
2.56262800e-06,4.95488443e-01
2.56272800e-06,4.95541056e-01
2.56282800e-06,4.95593648e-01
2.56292800e-06,4.95646262e-01
2.56302800e-06,4.95698856e-01
2.56312800e-06,4.95751471e-01
2.56322800e-06,4.95804066e-01
2.56332800e-06,4.95856682e-01
2.56342800e-06,4.95909278e-01
2.56352800e-06,4.95961895e-01
2.56362800e-06,4.96014493e-01
2.56372800e-06,4.96067111e-01
2.56382800e-06,4.96119709e-01
2.56392800e-06,4.96172329e-01
2.56402800e-06,4.96224929e-01
2.56412800e-06,4.96277549e-01
2.56422800e-06,4.96330150e-01
2.56432800e-06,4.96382772e-01
2.56442800e-06,4.96435374e-01
2.56452800e-06,4.96487997e-01
2.56462800e-06,4.96540600e-01
2.56472800e-06,4.96593225e-01
2.56482800e-06,4.96645829e-01
2.56492800e-06,4.96698454e-01
2.56502800e-06,4.96751060e-01
2.56512800e-06,4.96803686e-01
2.56522800e-06,4.96856293e-01
2.56532800e-06,4.96908921e-01
2.56542800e-06,4.96961529e-01
2.56552800e-06,4.97014158e-01
2.56562800e-06,4.97066767e-01
2.56572800e-06,4.97119397e-01
2.56582800e-06,4.97172007e-01
2.56592800e-06,4.97224638e-01
2.56602800e-06,4.97277250e-01
2.56612800e-06,4.97329882e-01
2.56622800e-06,4.97382494e-01
2.56632800e-06,4.97435128e-01
2.56642800e-06,4.97487742e-01
2.56652800e-06,4.97540376e-01
2.56662800e-06,4.97592991e-01
2.56672800e-06,4.97645627e-01
2.56682800e-06,4.97698243e-01
2.56692800e-06,4.97750880e-01
2.56702800e-06,4.97803497e-01
2.56712800e-06,4.97856136e-01
2.56722800e-06,4.97908754e-01
2.56732800e-06,4.97961393e-01
2.56742800e-06,4.98014013e-01
2.56752800e-06,4.98066653e-01
2.56762800e-06,4.98119274e-01
2.56772800e-06,4.98171916e-01
2.56782800e-06,4.98224538e-01
2.56792800e-06,4.98277181e-01
2.56802800e-06,4.98329804e-01
2.56812800e-06,4.98382448e-01
2.56822800e-06,4.98435072e-01
2.56832800e-06,4.98487717e-01
2.56842800e-06,4.98540342e-01
2.56852800e-06,4.98592989e-01
2.56862800e-06,4.98645615e-01
2.56872800e-06,4.98698262e-01
2.56882800e-06,4.98750890e-01
2.56892800e-06,4.98803539e-01
2.56902800e-06,4.98856168e-01
2.56912800e-06,4.98908817e-01
2.56922800e-06,4.98961447e-01
2.56932800e-06,4.99014098e-01
2.56942800e-06,4.99066729e-01
2.56952800e-06,4.99119381e-01
2.56962800e-06,4.99172014e-01
2.56972800e-06,4.99224667e-01
2.56982800e-06,4.99277300e-01
2.56992800e-06,4.99329955e-01
2.57002800e-06,4.99382589e-01
2.57012800e-06,4.99435245e-01
2.57022800e-06,4.99487881e-01
2.57032800e-06,4.99540537e-01
2.57042800e-06,4.99593174e-01
2.57052800e-06,4.99645832e-01
2.57062800e-06,4.99698470e-01
2.57072800e-06,4.99751129e-01
2.57082800e-06,4.99803768e-01
2.57092800e-06,4.99856428e-01
2.57102800e-06,4.99909068e-01
2.57112800e-06,4.99961730e-01
2.57122800e-06,5.00014371e-01
2.57132800e-06,5.00067033e-01
2.57142800e-06,5.00119676e-01
2.57152800e-06,5.00172339e-01
2.57162800e-06,5.00224983e-01
2.57172800e-06,5.00277648e-01
2.57182800e-06,5.00330293e-01
2.57192800e-06,5.00382959e-01
2.57202800e-06,5.00435605e-01
2.57212800e-06,5.00488271e-01
2.57222800e-06,5.00540919e-01
2.57232800e-06,5.00593587e-01
2.57242800e-06,5.00646235e-01
2.57252800e-06,5.00698904e-01
2.57262800e-06,5.00751554e-01
2.57272800e-06,5.00804224e-01
2.57282800e-06,5.00856875e-01
2.57292800e-06,5.00909546e-01
2.57302800e-06,5.00962198e-01
2.57312800e-06,5.01014870e-01
2.57322800e-06,5.01067523e-01
2.57332800e-06,5.01120197e-01
2.57342800e-06,5.01172851e-01
2.57352800e-06,5.01225525e-01
2.57362800e-06,5.01278181e-01
2.57372800e-06,5.01330856e-01
2.57382800e-06,5.01383513e-01
2.57392800e-06,5.01436190e-01
2.57402800e-06,5.01488847e-01
2.57412800e-06,5.01541525e-01
2.57422800e-06,5.01594184e-01
2.57432800e-06,5.01646863e-01
2.57442800e-06,5.01699523e-01
2.57452800e-06,5.01752203e-01
2.57462800e-06,5.01804864e-01
2.57472800e-06,5.01857545e-01
2.57482800e-06,5.01910207e-01
2.57492800e-06,5.01962889e-01
2.57502800e-06,5.02015552e-01
2.57512800e-06,5.02068236e-01
2.57522800e-06,5.02120900e-01
2.57532800e-06,5.02173585e-01
2.57542800e-06,5.02226250e-01
2.57552800e-06,5.02278936e-01
2.57562800e-06,5.02331602e-01
2.57572800e-06,5.02384289e-01
2.57582800e-06,5.02436957e-01
2.57592800e-06,5.02489645e-01
2.57602800e-06,5.02542313e-01
2.57612800e-06,5.02595002e-01
2.57622800e-06,5.02647672e-01
2.57632800e-06,5.02700362e-01
2.57642800e-06,5.02753033e-01
2.57652800e-06,5.02805724e-01
2.57662800e-06,5.02858396e-01
2.57672800e-06,5.02911088e-01
2.57682800e-06,5.02963762e-01
2.57692800e-06,5.03016455e-01
2.57702800e-06,5.03069129e-01
2.57712800e-06,5.03121823e-01
2.57722800e-06,5.03174499e-01
2.57732800e-06,5.03227194e-01
2.57742800e-06,5.03279871e-01
2.57752800e-06,5.03332567e-01
2.57762800e-06,5.03385245e-01
2.57772800e-06,5.03437942e-01
2.57782800e-06,5.03490621e-01
2.57792800e-06,5.03543319e-01
2.57802800e-06,5.03595999e-01
2.57812800e-06,5.03648699e-01
2.57822800e-06,5.03701380e-01
2.57832800e-06,5.03754080e-01
2.57842800e-06,5.03806762e-01
2.57852800e-06,5.03859464e-01
2.57862800e-06,5.03912147e-01
2.57872800e-06,5.03964850e-01
2.57882800e-06,5.04017534e-01
2.57892800e-06,5.04070238e-01
2.57902800e-06,5.04122923e-01
2.57912800e-06,5.04175628e-01
2.57922800e-06,5.04228314e-01
2.57932800e-06,5.04281020e-01
2.57942800e-06,5.04333707e-01
2.57952800e-06,5.04386415e-01
2.57962800e-06,5.04439103e-01
2.57972800e-06,5.04491811e-01
2.57982800e-06,5.04544500e-01
2.57992800e-06,5.04597210e-01
2.58002800e-06,5.04649900e-01
2.58012800e-06,5.04702610e-01
2.58022800e-06,5.04755302e-01
2.58032800e-06,5.04808013e-01
2.58042800e-06,5.04860705e-01
2.58052800e-06,5.04913418e-01
2.58062800e-06,5.04966111e-01
2.58072800e-06,5.05018825e-01
2.58082800e-06,5.05071519e-01
2.58092800e-06,5.05124234e-01
2.58102800e-06,5.05176929e-01
2.58112800e-06,5.05229645e-01
2.58122800e-06,5.05282341e-01
2.58132800e-06,5.05335058e-01
2.58142800e-06,5.05387755e-01
2.58152800e-06,5.05440473e-01
2.58162800e-06,5.05493171e-01
2.58172800e-06,5.05545890e-01
2.58182800e-06,5.05598590e-01
2.58192800e-06,5.05651309e-01
2.58202800e-06,5.05704010e-01
2.58212800e-06,5.05756730e-01
2.58222800e-06,5.05809432e-01
2.58232800e-06,5.05862154e-01
2.58242800e-06,5.05914856e-01
2.58252800e-06,5.05967579e-01
2.58262800e-06,5.06020283e-01
2.58272800e-06,5.06073006e-01
2.58282800e-06,5.06125711e-01
2.58292800e-06,5.06178436e-01
2.58302800e-06,5.06231141e-01
2.58312800e-06,5.06283867e-01
2.58322800e-06,5.06336574e-01
2.58332800e-06,5.06389300e-01
2.58342800e-06,5.06442008e-01
2.58352800e-06,5.06494735e-01
2.58362800e-06,5.06547444e-01
2.58372800e-06,5.06600173e-01
2.58382800e-06,5.06652882e-01
2.58392800e-06,5.06705612e-01
2.58402800e-06,5.06758323e-01
2.58412800e-06,5.06811053e-01
2.58422800e-06,5.06863765e-01
2.58432800e-06,5.06916496e-01
2.58442800e-06,5.06969209e-01
2.58452800e-06,5.07021941e-01
2.58462800e-06,5.07074655e-01
2.58472800e-06,5.07127388e-01
2.58482800e-06,5.07180103e-01
2.58492800e-06,5.07232837e-01
2.58502800e-06,5.07285553e-01
2.58512800e-06,5.07338288e-01
2.58522800e-06,5.07391005e-01
2.58532800e-06,5.07443741e-01
2.58542800e-06,5.07496459e-01
2.58552800e-06,5.07549196e-01
2.58562800e-06,5.07601914e-01
2.58572800e-06,5.07654652e-01
2.58582800e-06,5.07707372e-01
2.58592800e-06,5.07760111e-01
2.58602800e-06,5.07812831e-01
2.58612800e-06,5.07865571e-01
2.58622800e-06,5.07918293e-01
2.58632800e-06,5.07971033e-01
2.58642800e-06,5.08023756e-01
2.58652800e-06,5.08076498e-01
2.58662800e-06,5.08129221e-01
2.58672800e-06,5.08181964e-01
2.58682800e-06,5.08234688e-01
2.58692800e-06,5.08287431e-01
2.58702800e-06,5.08340156e-01
2.58712800e-06,5.08392901e-01
2.58722800e-06,5.08445627e-01
2.58732800e-06,5.08498372e-01
2.58742800e-06,5.08551099e-01
2.58752800e-06,5.08603846e-01
2.58762800e-06,5.08656573e-01
2.58772800e-06,5.08709321e-01
2.58782800e-06,5.08762050e-01
2.58792800e-06,5.08814798e-01
2.58802800e-06,5.08867527e-01
2.58812800e-06,5.08920276e-01
2.58822800e-06,5.08973007e-01
2.58832800e-06,5.09025757e-01
2.58842800e-06,5.09078488e-01
2.58852800e-06,5.09131239e-01
2.58862800e-06,5.09183972e-01
2.58872800e-06,5.09236723e-01
2.58882800e-06,5.09289457e-01
2.58892800e-06,5.09342209e-01
2.58902800e-06,5.09394943e-01
2.58912800e-06,5.09447697e-01
2.58922800e-06,5.09500432e-01
2.58932800e-06,5.09553186e-01
2.58942800e-06,5.09605922e-01
2.58952800e-06,5.09658677e-01
2.58962800e-06,5.09711414e-01
2.58972800e-06,5.09764170e-01
2.58982800e-06,5.09816907e-01
2.58992800e-06,5.09869664e-01
2.59002800e-06,5.09922403e-01
2.59012800e-06,5.09975160e-01
2.59022800e-06,5.10027900e-01
2.59032800e-06,5.10080658e-01
2.59042800e-06,5.10133398e-01
2.59052800e-06,5.10186158e-01
2.59062800e-06,5.10238898e-01
2.59072800e-06,5.10291659e-01
2.59082800e-06,5.10344400e-01
2.59092800e-06,5.10397161e-01
2.59102800e-06,5.10449904e-01
2.59112800e-06,5.10502666e-01
2.59122800e-06,5.10555409e-01
2.59132800e-06,5.10608172e-01
2.59142800e-06,5.10660916e-01
2.59152800e-06,5.10713680e-01
2.59162800e-06,5.10766425e-01
2.59172800e-06,5.10819189e-01
2.59182800e-06,5.10871935e-01
2.59192800e-06,5.10924700e-01
2.59202800e-06,5.10977447e-01
2.59212800e-06,5.11030212e-01
2.59222800e-06,5.11082960e-01
2.59232800e-06,5.11135727e-01
2.59242800e-06,5.11188475e-01
2.59252800e-06,5.11241242e-01
2.59262800e-06,5.11293991e-01
2.59272800e-06,5.11346759e-01
2.59282800e-06,5.11399509e-01
2.59292800e-06,5.11452278e-01
2.59302800e-06,5.11505029e-01
2.59312800e-06,5.11557798e-01
2.59322800e-06,5.11610550e-01
2.59332800e-06,5.11663320e-01
2.59342800e-06,5.11716072e-01
2.59352800e-06,5.11768844e-01
2.59362800e-06,5.11821596e-01
2.59372800e-06,5.11874368e-01
2.59382800e-06,5.11927122e-01
2.59392800e-06,5.11979895e-01
2.59402800e-06,5.12032649e-01
2.59412800e-06,5.12085423e-01
2.59422800e-06,5.12138178e-01
2.59432800e-06,5.12190952e-01
2.59442800e-06,5.12243708e-01
2.59452800e-06,5.12296483e-01
2.59462800e-06,5.12349239e-01
2.59472800e-06,5.12402015e-01
2.59482800e-06,5.12454772e-01
2.59492800e-06,5.12507548e-01
2.59502800e-06,5.12560306e-01
2.59512800e-06,5.12613083e-01
2.59522800e-06,5.12665842e-01
2.59532800e-06,5.12718620e-01
2.59542800e-06,5.12771379e-01
2.59552800e-06,5.12824157e-01
2.59562800e-06,5.12876917e-01
2.59572800e-06,5.12929697e-01
2.59582800e-06,5.12982457e-01
2.59592800e-06,5.13035237e-01
2.59602800e-06,5.13087998e-01
2.59612800e-06,5.13140779e-01
2.59622800e-06,5.13193541e-01
2.59632800e-06,5.13246322e-01
2.59642800e-06,5.13299085e-01
2.59652800e-06,5.13351867e-01
2.59662800e-06,5.13404630e-01
2.59672800e-06,5.13457412e-01
2.59682800e-06,5.13510176e-01
2.59692800e-06,5.13562959e-01
2.59702800e-06,5.13615724e-01
2.59712800e-06,5.13668508e-01
2.59722800e-06,5.13721273e-01
2.59732800e-06,5.13774057e-01
2.59742800e-06,5.13826823e-01
2.59752800e-06,5.13879608e-01
2.59762800e-06,5.13932375e-01
2.59772800e-06,5.13985161e-01
2.59782800e-06,5.14037928e-01
2.59792800e-06,5.14090714e-01
2.59802800e-06,5.14143482e-01
2.59812800e-06,5.14196268e-01
2.59822800e-06,5.14249037e-01
2.59832800e-06,5.14301824e-01
2.59842800e-06,5.14354593e-01
2.59852800e-06,5.14407381e-01
2.59862800e-06,5.14460151e-01
2.59872800e-06,5.14512939e-01
2.59882800e-06,5.14565710e-01
2.59892800e-06,5.14618499e-01
2.59902800e-06,5.14671269e-01
2.59912800e-06,5.14724059e-01
2.59922800e-06,5.14776830e-01
2.59932800e-06,5.14829620e-01
2.59942800e-06,5.14882392e-01
2.59952800e-06,5.14935183e-01
2.59962800e-06,5.14987956e-01
2.59972800e-06,5.15040747e-01
2.59982800e-06,5.15093520e-01
2.59992800e-06,5.15146312e-01
2.60002800e-06,5.15199085e-01
2.60012800e-06,5.15251878e-01
2.60022800e-06,5.15304652e-01
2.60032800e-06,5.15357444e-01
2.60042800e-06,5.15410219e-01
2.60052800e-06,5.15463012e-01
2.60062800e-06,5.15515788e-01
2.60072800e-06,5.15568581e-01
2.60082800e-06,5.15621357e-01
2.60092800e-06,5.15674151e-01
2.60102800e-06,5.15726928e-01
2.60112800e-06,5.15779722e-01
2.60122800e-06,5.15832499e-01
2.60132800e-06,5.15885294e-01
2.60142800e-06,5.15938071e-01
2.60152800e-06,5.15990867e-01
2.60162800e-06,5.16043645e-01
2.60172800e-06,5.16096441e-01
2.60182800e-06,5.16149219e-01
2.60192800e-06,5.16202016e-01
2.60202800e-06,5.16254794e-01
2.60212800e-06,5.16307591e-01
2.60222800e-06,5.16360371e-01
2.60232800e-06,5.16413168e-01
2.60242800e-06,5.16465948e-01
2.60252800e-06,5.16518745e-01
2.60262800e-06,5.16571525e-01
2.60272800e-06,5.16624324e-01
2.60282800e-06,5.16677104e-01
2.60292800e-06,5.16729903e-01
2.60302800e-06,5.16782684e-01
2.60312800e-06,5.16835483e-01
2.60322800e-06,5.16888264e-01
2.60332800e-06,5.16941064e-01
2.60342800e-06,5.16993845e-01
2.60352800e-06,5.17046645e-01
2.60362800e-06,5.17099427e-01
2.60372800e-06,5.17152227e-01
2.60382800e-06,5.17205010e-01
2.60392800e-06,5.17257810e-01
2.60402800e-06,5.17310593e-01
2.60412800e-06,5.17363394e-01
2.60422800e-06,5.17416177e-01
2.60432800e-06,5.17468979e-01
2.60442800e-06,5.17521762e-01
2.60452800e-06,5.17574564e-01
2.60462800e-06,5.17627348e-01
2.60472800e-06,5.17680150e-01
2.60482800e-06,5.17732934e-01
2.60492800e-06,5.17785736e-01
2.60502800e-06,5.17838521e-01
2.60512800e-06,5.17891323e-01
2.60522800e-06,5.17944108e-01
2.60532800e-06,5.17996911e-01
2.60542800e-06,5.18049696e-01
2.60552800e-06,5.18102500e-01
2.60562800e-06,5.18155285e-01
2.60572800e-06,5.18208089e-01
2.60582800e-06,5.18260874e-01
2.60592800e-06,5.18313678e-01
2.60602800e-06,5.18366464e-01
2.60612800e-06,5.18419268e-01
2.60622800e-06,5.18472055e-01
2.60632800e-06,5.18524859e-01
2.60642800e-06,5.18577646e-01
2.60652800e-06,5.18630450e-01
2.60662800e-06,5.18683237e-01
2.60672800e-06,5.18736042e-01
2.60682800e-06,5.18788829e-01
2.60692800e-06,5.18841634e-01
2.60702800e-06,5.18894421e-01
2.60712800e-06,5.18947227e-01
2.60722800e-06,5.19000014e-01
2.60732800e-06,5.19052820e-01
2.60742800e-06,5.19105607e-01
2.60752800e-06,5.19158413e-01
2.60762800e-06,5.19211201e-01
2.60772800e-06,5.19264007e-01
2.60782800e-06,5.19316795e-01
2.60792800e-06,5.19369601e-01
2.60802800e-06,5.19422390e-01
2.60812800e-06,5.19475196e-01
2.60822800e-06,5.19527984e-01
2.60832800e-06,5.19580791e-01
2.60842800e-06,5.19633579e-01
2.60852800e-06,5.19686386e-01
2.60862800e-06,5.19739175e-01
2.60872800e-06,5.19791982e-01
2.60882800e-06,5.19844770e-01
2.60892800e-06,5.19897577e-01
2.60902800e-06,5.19950366e-01
2.60912800e-06,5.20003173e-01
2.60922800e-06,5.20055963e-01
2.60932800e-06,5.20108770e-01
2.60942800e-06,5.20161559e-01
2.60952800e-06,5.20214366e-01
2.60962800e-06,5.20267156e-01
2.60972800e-06,5.20319963e-01
2.60982800e-06,5.20372752e-01
2.60992800e-06,5.20425560e-01
2.61002800e-06,5.20478349e-01
2.61012800e-06,5.20531157e-01
2.61022800e-06,5.20583946e-01
2.61032800e-06,5.20636754e-01
2.61042800e-06,5.20689543e-01
2.61052800e-06,5.20742351e-01
2.61062800e-06,5.20795141e-01
2.61072800e-06,5.20847948e-01
2.61082800e-06,5.20900738e-01
2.61092800e-06,5.20953546e-01
2.61102800e-06,5.21006335e-01
2.61112800e-06,5.21059143e-01
2.61122800e-06,5.21111933e-01
2.61132800e-06,5.21164740e-01
2.61142800e-06,5.21217530e-01
2.61152800e-06,5.21270338e-01
2.61162800e-06,5.21323128e-01
2.61172800e-06,5.21375935e-01
2.61182800e-06,5.21428725e-01
2.61192800e-06,5.21481532e-01
2.61202800e-06,5.21534322e-01
2.61212800e-06,5.21587130e-01
2.61222800e-06,5.21639919e-01
2.61232800e-06,5.21692727e-01
2.61242800e-06,5.21745516e-01
2.61252800e-06,5.21798324e-01
2.61262800e-06,5.21851113e-01
2.61272800e-06,5.21903920e-01
2.61282800e-06,5.21956710e-01
2.61292800e-06,5.22009517e-01
2.61302800e-06,5.22062307e-01
2.61312800e-06,5.22115114e-01
2.61322800e-06,5.22167903e-01
2.61332800e-06,5.22220710e-01
2.61342800e-06,5.22273499e-01
2.61352800e-06,5.22326306e-01
2.61362800e-06,5.22379095e-01
2.61372800e-06,5.22431902e-01
2.61382800e-06,5.22484691e-01
2.61392800e-06,5.22537497e-01
2.61402800e-06,5.22590286e-01
2.61412800e-06,5.22643092e-01
2.61422800e-06,5.22695881e-01
2.61432800e-06,5.22748687e-01
2.61442800e-06,5.22801475e-01
2.61452800e-06,5.22854281e-01
2.61462800e-06,5.22907070e-01
2.61472800e-06,5.22959875e-01
2.61482800e-06,5.23012663e-01
2.61492800e-06,5.23065469e-01
2.61502800e-06,5.23118257e-01
2.61512800e-06,5.23171062e-01
2.61522800e-06,5.23223850e-01
2.61532800e-06,5.23276655e-01
2.61542800e-06,5.23329442e-01
2.61552800e-06,5.23382247e-01
2.61562800e-06,5.23435034e-01
2.61572800e-06,5.23487838e-01
2.61582800e-06,5.23540625e-01
2.61592800e-06,5.23593430e-01
2.61602800e-06,5.23646216e-01
2.61612800e-06,5.23699020e-01
2.61622800e-06,5.23751806e-01
2.61632800e-06,5.23804610e-01
2.61642800e-06,5.23857396e-01
2.61652800e-06,5.23910199e-01
2.61662800e-06,5.23962985e-01
2.61672800e-06,5.24015788e-01
2.61682800e-06,5.24068573e-01
2.61692800e-06,5.24121376e-01
2.61702800e-06,5.24174161e-01
2.61712800e-06,5.24226963e-01
2.61722800e-06,5.24279748e-01
2.61732800e-06,5.24332549e-01
2.61742800e-06,5.24385334e-01
2.61752800e-06,5.24438135e-01
2.61762800e-06,5.24490919e-01
2.61772800e-06,5.24543720e-01
2.61782800e-06,5.24596503e-01
2.61792800e-06,5.24649304e-01
2.61802800e-06,5.24702087e-01
2.61812800e-06,5.24754887e-01
2.61822800e-06,5.24807670e-01
2.61832800e-06,5.24860470e-01
2.61842800e-06,5.24913252e-01
2.61852800e-06,5.24966051e-01
2.61862800e-06,5.25018833e-01
2.61872800e-06,5.25071632e-01
2.61882800e-06,5.25124413e-01
2.61892800e-06,5.25177211e-01
2.61902800e-06,5.25229992e-01
2.61912800e-06,5.25282790e-01
2.61922800e-06,5.25335570e-01
2.61932800e-06,5.25388367e-01
2.61942800e-06,5.25441147e-01
2.61952800e-06,5.25493944e-01
2.61962800e-06,5.25546723e-01
2.61972800e-06,5.25599519e-01
2.61982800e-06,5.25652298e-01
2.61992800e-06,5.25705093e-01
2.62002800e-06,5.25757871e-01
2.62012800e-06,5.25810667e-01
2.62022800e-06,5.25863444e-01
2.62032800e-06,5.25916238e-01
2.62042800e-06,5.25969015e-01
2.62052800e-06,5.26021809e-01
2.62062800e-06,5.26074586e-01
2.62072800e-06,5.26127379e-01
2.62082800e-06,5.26180154e-01
2.62092800e-06,5.26232947e-01
2.62102800e-06,5.26285722e-01
2.62112800e-06,5.26338514e-01
2.62122800e-06,5.26391288e-01
2.62132800e-06,5.26444080e-01
2.62142800e-06,5.26496853e-01
2.62152800e-06,5.26549644e-01
2.62162800e-06,5.26602417e-01
2.62172800e-06,5.26655207e-01
2.62182800e-06,5.26707979e-01
2.62192800e-06,5.26760768e-01
2.62202800e-06,5.26813540e-01
2.62212800e-06,5.26866328e-01
2.62222800e-06,5.26919099e-01
2.62232800e-06,5.26971887e-01
2.62242800e-06,5.27024657e-01
2.62252800e-06,5.27077444e-01
2.62262800e-06,5.27130213e-01
2.62272800e-06,5.27182999e-01
2.62282800e-06,5.27235768e-01
2.62292800e-06,5.27288553e-01
2.62302800e-06,5.27341321e-01
2.62312800e-06,5.27394105e-01
2.62322800e-06,5.27446872e-01
2.62332800e-06,5.27499656e-01
2.62342800e-06,5.27552422e-01
2.62352800e-06,5.27605205e-01
2.62362800e-06,5.27657970e-01
2.62372800e-06,5.27710752e-01
2.62382800e-06,5.27763516e-01
2.62392800e-06,5.27816297e-01
2.62402800e-06,5.27869061e-01
2.62412800e-06,5.27921841e-01
2.62422800e-06,5.27974603e-01
2.62432800e-06,5.28027382e-01
2.62442800e-06,5.28080144e-01
2.62452800e-06,5.28132922e-01
2.62462800e-06,5.28185683e-01
2.62472800e-06,5.28238460e-01
2.62482800e-06,5.28291220e-01
2.62492800e-06,5.28343997e-01
2.62502800e-06,5.28396755e-01
2.62512800e-06,5.28449531e-01
2.62522800e-06,5.28502289e-01
2.62532800e-06,5.28555063e-01
2.62542800e-06,5.28607820e-01
2.62552800e-06,5.28660593e-01
2.62562800e-06,5.28713349e-01
2.62572800e-06,5.28766121e-01
2.62582800e-06,5.28818876e-01
2.62592800e-06,5.28871647e-01
2.62602800e-06,5.28924401e-01
2.62612800e-06,5.28977171e-01
2.62622800e-06,5.29029923e-01
2.62632800e-06,5.29082692e-01
2.62642800e-06,5.29135444e-01
2.62652800e-06,5.29188212e-01
2.62662800e-06,5.29240962e-01
2.62672800e-06,5.29293729e-01
2.62682800e-06,5.29346478e-01
2.62692800e-06,5.29399243e-01
2.62702800e-06,5.29451992e-01
2.62712800e-06,5.29504756e-01
2.62722800e-06,5.29557503e-01
2.62732800e-06,5.29610266e-01
2.62742800e-06,5.29663012e-01
2.62752800e-06,5.29715774e-01
2.62762800e-06,5.29768518e-01
2.62772800e-06,5.29821279e-01
2.62782800e-06,5.29874022e-01
2.62792800e-06,5.29926782e-01
2.62802800e-06,5.29979524e-01
2.62812800e-06,5.30032282e-01
2.62822800e-06,5.30085023e-01
2.62832800e-06,5.30137780e-01
2.62842800e-06,5.30190519e-01
2.62852800e-06,5.30243275e-01
2.62862800e-06,5.30296013e-01
2.62872800e-06,5.30348767e-01
2.62882800e-06,5.30401504e-01
2.62892800e-06,5.30454257e-01
2.62902800e-06,5.30506992e-01
2.62912800e-06,5.30559744e-01
2.62922800e-06,5.30612478e-01
2.62932800e-06,5.30665228e-01
2.62942800e-06,5.30717961e-01
2.62952800e-06,5.30770709e-01
2.62962800e-06,5.30823441e-01
2.62972800e-06,5.30876188e-01
2.62982800e-06,5.30928918e-01
2.62992800e-06,5.30981664e-01
2.63002800e-06,5.31034392e-01
2.63012800e-06,5.31087136e-01
2.63022800e-06,5.31139863e-01
2.63032800e-06,5.31192606e-01
2.63042800e-06,5.31245332e-01
2.63052800e-06,5.31298073e-01
2.63062800e-06,5.31350797e-01
2.63072800e-06,5.31403537e-01
2.63082800e-06,5.31456259e-01
2.63092800e-06,5.31508997e-01
2.63102800e-06,5.31561718e-01
2.63112800e-06,5.31614455e-01
2.63122800e-06,5.31667174e-01
2.63132800e-06,5.31719909e-01
2.63142800e-06,5.31772626e-01
2.63152800e-06,5.31825360e-01
2.63162800e-06,5.31878076e-01
2.63172800e-06,5.31930808e-01
2.63182800e-06,5.31983522e-01
2.63192800e-06,5.32036252e-01
2.63202800e-06,5.32088965e-01
2.63212800e-06,5.32141693e-01
2.63222800e-06,5.32194404e-01
2.63232800e-06,5.32247131e-01
2.63242800e-06,5.32299840e-01
2.63252800e-06,5.32352565e-01
2.63262800e-06,5.32405272e-01
2.63272800e-06,5.32457996e-01
2.63282800e-06,5.32510701e-01
2.63292800e-06,5.32563423e-01
2.63302800e-06,5.32616127e-01
2.63312800e-06,5.32668846e-01
2.63322800e-06,5.32721548e-01
2.63332800e-06,5.32774266e-01
2.63342800e-06,5.32826966e-01
2.63352800e-06,5.32879682e-01
2.63362800e-06,5.32932381e-01
2.63372800e-06,5.32985095e-01
2.63382800e-06,5.33037791e-01
2.63392800e-06,5.33090503e-01
2.63402800e-06,5.33143198e-01
2.63412800e-06,5.33195908e-01
2.63422800e-06,5.33248601e-01
2.63432800e-06,5.33301309e-01
2.63442800e-06,5.33354000e-01
2.63452800e-06,5.33406706e-01
2.63462800e-06,5.33459395e-01
2.63472800e-06,5.33512099e-01
2.63482800e-06,5.33564786e-01
2.63492800e-06,5.33617488e-01
2.63502800e-06,5.33670173e-01
2.63512800e-06,5.33722873e-01
2.63522800e-06,5.33775556e-01
2.63532800e-06,5.33828254e-01
2.63542800e-06,5.33880935e-01
2.63552800e-06,5.33933631e-01
2.63562800e-06,5.33986309e-01
2.63572800e-06,5.34039003e-01
2.63582800e-06,5.34091679e-01
2.63592800e-06,5.34144371e-01
2.63602800e-06,5.34197045e-01
2.63612800e-06,5.34249735e-01
2.63622800e-06,5.34302407e-01
2.63632800e-06,5.34355094e-01
2.63642800e-06,5.34407764e-01
2.63652800e-06,5.34460449e-01
2.63662800e-06,5.34513117e-01
2.63672800e-06,5.34565800e-01
2.63682800e-06,5.34618465e-01
2.63692800e-06,5.34671146e-01
2.63702800e-06,5.34723809e-01
2.63712800e-06,5.34776487e-01
2.63722800e-06,5.34829148e-01
2.63732800e-06,5.34881824e-01
2.63742800e-06,5.34934482e-01
2.63752800e-06,5.34987156e-01
2.63762800e-06,5.35039812e-01
2.63772800e-06,5.35092483e-01
2.63782800e-06,5.35145137e-01
2.63792800e-06,5.35197805e-01
2.63802800e-06,5.35250457e-01
2.63812800e-06,5.35303123e-01
2.63822800e-06,5.35355772e-01
2.63832800e-06,5.35408436e-01
2.63842800e-06,5.35461082e-01
2.63852800e-06,5.35513743e-01
2.63862800e-06,5.35566387e-01
2.63872800e-06,5.35619046e-01
2.63882800e-06,5.35671687e-01
2.63892800e-06,5.35724344e-01
2.63902800e-06,5.35776982e-01
2.63912800e-06,5.35829636e-01
2.63922800e-06,5.35882272e-01
2.63932800e-06,5.35934923e-01
2.63942800e-06,5.35987557e-01
2.63952800e-06,5.36040205e-01
2.63962800e-06,5.36092836e-01
2.63972800e-06,5.36145482e-01
2.63982800e-06,5.36198110e-01
2.63992800e-06,5.36250753e-01
2.64002800e-06,5.36303379e-01
2.64012800e-06,5.36356019e-01
2.64022800e-06,5.36408642e-01
2.64032800e-06,5.36461280e-01
2.64042800e-06,5.36513900e-01
2.64052800e-06,5.36566534e-01
2.64062800e-06,5.36619152e-01
2.64072800e-06,5.36671784e-01
2.64082800e-06,5.36724398e-01
2.64092800e-06,5.36777027e-01
2.64102800e-06,5.36829639e-01
2.64112800e-06,5.36882265e-01
2.64122800e-06,5.36934874e-01
2.64132800e-06,5.36987497e-01
2.64142800e-06,5.37040103e-01
2.64152800e-06,5.37092723e-01
2.64162800e-06,5.37145326e-01
2.64172800e-06,5.37197943e-01
2.64182800e-06,5.37250543e-01
2.64192800e-06,5.37303158e-01
2.64202800e-06,5.37355754e-01
2.64212800e-06,5.37408366e-01
2.64222800e-06,5.37460959e-01
2.64232800e-06,5.37513568e-01
2.64242800e-06,5.37566158e-01
2.64252800e-06,5.37618764e-01
2.64262800e-06,5.37671351e-01
2.64272800e-06,5.37723953e-01
2.64282800e-06,5.37776538e-01
2.64292800e-06,5.37829137e-01
2.64302800e-06,5.37881718e-01
2.64312800e-06,5.37934314e-01
2.64322800e-06,5.37986892e-01
2.64332800e-06,5.38039484e-01
2.64342800e-06,5.38092059e-01
2.64352800e-06,5.38144648e-01
2.64362800e-06,5.38197220e-01
2.64372800e-06,5.38249806e-01
2.64382800e-06,5.38302374e-01
2.64392800e-06,5.38354957e-01
2.64402800e-06,5.38407522e-01
2.64412800e-06,5.38460101e-01
2.64422800e-06,5.38512662e-01
2.64432800e-06,5.38565238e-01
2.64442800e-06,5.38617796e-01
2.64452800e-06,5.38670369e-01
2.64462800e-06,5.38722924e-01
2.64472800e-06,5.38775493e-01
2.64482800e-06,5.38828044e-01
2.64492800e-06,5.38880609e-01
2.64502800e-06,5.38933157e-01
2.64512800e-06,5.38985719e-01
2.64522800e-06,5.39038263e-01
2.64532800e-06,5.39090821e-01
2.64542800e-06,5.39143362e-01
2.64552800e-06,5.39195917e-01
2.64562800e-06,5.39248454e-01
2.64572800e-06,5.39301005e-01
2.64582800e-06,5.39353538e-01
2.64592800e-06,5.39406085e-01
2.64602800e-06,5.39458615e-01
2.64612800e-06,5.39511159e-01
2.64622800e-06,5.39563684e-01
2.64632800e-06,5.39616224e-01
2.64642800e-06,5.39668746e-01
2.64652800e-06,5.39721283e-01
2.64662800e-06,5.39773801e-01
2.64672800e-06,5.39826333e-01
2.64682800e-06,5.39878848e-01
2.64692800e-06,5.39931376e-01
2.64702800e-06,5.39983887e-01
2.64712800e-06,5.40036411e-01
2.64722800e-06,5.40088918e-01
2.64732800e-06,5.40141438e-01
2.64742800e-06,5.40193941e-01
2.64752800e-06,5.40246458e-01
2.64762800e-06,5.40298957e-01
2.64772800e-06,5.40351469e-01
2.64782800e-06,5.40403964e-01
2.64792800e-06,5.40456473e-01
2.64802800e-06,5.40508963e-01
2.64812800e-06,5.40561468e-01
2.64822800e-06,5.40613954e-01
2.64832800e-06,5.40666454e-01
2.64842800e-06,5.40718937e-01
2.64852800e-06,5.40771433e-01
2.64862800e-06,5.40823911e-01
2.64872800e-06,5.40876403e-01
2.64882800e-06,5.40928877e-01
2.64892800e-06,5.40981365e-01
2.64902800e-06,5.41033834e-01
2.64912800e-06,5.41086318e-01
2.64922800e-06,5.41138783e-01
2.64932800e-06,5.41191262e-01
2.64942800e-06,5.41243723e-01
2.64952800e-06,5.41296198e-01
2.64962800e-06,5.41348654e-01
2.64972800e-06,5.41401124e-01
2.64982800e-06,5.41453577e-01
2.64992800e-06,5.41506042e-01
2.65002800e-06,5.41558490e-01
2.65012800e-06,5.41610951e-01
2.65022800e-06,5.41663394e-01
2.65032800e-06,5.41715851e-01
2.65042800e-06,5.41768290e-01
2.65052800e-06,5.41820742e-01
2.65062800e-06,5.41873176e-01
2.65072800e-06,5.41925623e-01
2.65082800e-06,5.41978053e-01
2.65092800e-06,5.42030495e-01
2.65102800e-06,5.42082920e-01
2.65112800e-06,5.42135358e-01
2.65122800e-06,5.42187778e-01
2.65132800e-06,5.42240211e-01
2.65142800e-06,5.42292626e-01
2.65152800e-06,5.42345055e-01
2.65162800e-06,5.42397465e-01
2.65172800e-06,5.42449889e-01
2.65182800e-06,5.42502294e-01
2.65192800e-06,5.42554713e-01
2.65202800e-06,5.42607114e-01
2.65212800e-06,5.42659527e-01
2.65222800e-06,5.42711923e-01
2.65232800e-06,5.42764332e-01
2.65242800e-06,5.42816722e-01
2.65252800e-06,5.42869126e-01
2.65262800e-06,5.42921512e-01
2.65272800e-06,5.42973910e-01
2.65282800e-06,5.43026291e-01
2.65292800e-06,5.43078684e-01
2.65302800e-06,5.43131059e-01
2.65312800e-06,5.43183448e-01
2.65322800e-06,5.43235818e-01
2.65332800e-06,5.43288201e-01
2.65342800e-06,5.43340566e-01
2.65352800e-06,5.43392943e-01
2.65362800e-06,5.43445303e-01
2.65372800e-06,5.43497675e-01
2.65382800e-06,5.43550029e-01
2.65392800e-06,5.43602397e-01
2.65402800e-06,5.43654745e-01
2.65412800e-06,5.43707107e-01
2.65422800e-06,5.43759450e-01
2.65432800e-06,5.43811806e-01
2.65442800e-06,5.43864144e-01
2.65452800e-06,5.43916495e-01
2.65462800e-06,5.43968827e-01
2.65472800e-06,5.44021172e-01
2.65482800e-06,5.44073499e-01
2.65492800e-06,5.44125838e-01
2.65502800e-06,5.44178160e-01
2.65512800e-06,5.44230493e-01
2.65522800e-06,5.44282809e-01
2.65532800e-06,5.44335137e-01
2.65542800e-06,5.44387446e-01
2.65552800e-06,5.44439769e-01
2.65562800e-06,5.44492072e-01
2.65572800e-06,5.44544389e-01
2.65582800e-06,5.44596687e-01
2.65592800e-06,5.44648997e-01
2.65602800e-06,5.44701289e-01
2.65612800e-06,5.44753594e-01
2.65622800e-06,5.44805880e-01
2.65632800e-06,5.44858179e-01
2.65642800e-06,5.44910459e-01
2.65652800e-06,5.44962751e-01
2.65662800e-06,5.45015026e-01
2.65672800e-06,5.45067312e-01
2.65682800e-06,5.45119580e-01
2.65692800e-06,5.45171860e-01
2.65702800e-06,5.45224122e-01
2.65712800e-06,5.45276396e-01
2.65722800e-06,5.45328652e-01
2.65732800e-06,5.45380919e-01
2.65742800e-06,5.45433169e-01
2.65752800e-06,5.45485430e-01
2.65762800e-06,5.45537673e-01
2.65772800e-06,5.45589928e-01
2.65782800e-06,5.45642165e-01
2.65792800e-06,5.45694413e-01
2.65802800e-06,5.45746643e-01
2.65812800e-06,5.45798885e-01
2.65822800e-06,5.45851109e-01
2.65832800e-06,5.45903345e-01
2.65842800e-06,5.45955562e-01
2.65852800e-06,5.46007791e-01
2.65862800e-06,5.46060001e-01
2.65872800e-06,5.46112223e-01
2.65882800e-06,5.46164427e-01
2.65892800e-06,5.46216642e-01
2.65902800e-06,5.46268839e-01
2.65912800e-06,5.46321048e-01
2.65922800e-06,5.46373238e-01
2.65932800e-06,5.46425440e-01
2.65942800e-06,5.46477623e-01
2.65952800e-06,5.46529818e-01
2.65962800e-06,5.46581994e-01
2.65972800e-06,5.46634183e-01
2.65982800e-06,5.46686352e-01
2.65992800e-06,5.46738533e-01
2.66002800e-06,5.46790695e-01
2.66012800e-06,5.46842869e-01
2.66022800e-06,5.46895024e-01
2.66032800e-06,5.46947191e-01
2.66042800e-06,5.46999339e-01
2.66052800e-06,5.47051498e-01
2.66062800e-06,5.47103639e-01
2.66072800e-06,5.47155791e-01
2.66082800e-06,5.47207924e-01
2.66092800e-06,5.47260069e-01
2.66102800e-06,5.47312195e-01
2.66112800e-06,5.47364333e-01
2.66122800e-06,5.47416451e-01
2.66132800e-06,5.47468581e-01
2.66142800e-06,5.47520692e-01
2.66152800e-06,5.47572815e-01
2.66162800e-06,5.47624918e-01
2.66172800e-06,5.47677033e-01
2.66182800e-06,5.47729129e-01
2.66192800e-06,5.47781236e-01
2.66202800e-06,5.47833324e-01
2.66212800e-06,5.47885424e-01
2.66222800e-06,5.47937504e-01
2.66232800e-06,5.47989596e-01
2.66242800e-06,5.48041668e-01
2.66252800e-06,5.48093752e-01
2.66262800e-06,5.48145817e-01
2.66272800e-06,5.48197892e-01
2.66282800e-06,5.48249949e-01
2.66292800e-06,5.48302017e-01
2.66302800e-06,5.48354065e-01
2.66312800e-06,5.48406125e-01
2.66322800e-06,5.48458166e-01
2.66332800e-06,5.48510217e-01
2.66342800e-06,5.48562249e-01
2.66352800e-06,5.48614293e-01
2.66362800e-06,5.48666317e-01
2.66372800e-06,5.48718352e-01
2.66382800e-06,5.48770367e-01
2.66392800e-06,5.48822394e-01
2.66402800e-06,5.48874401e-01
2.66412800e-06,5.48926419e-01
2.66422800e-06,5.48978418e-01
2.66432800e-06,5.49030428e-01
2.66442800e-06,5.49082418e-01
2.66452800e-06,5.49134419e-01
2.66462800e-06,5.49186401e-01
2.66472800e-06,5.49238393e-01
2.66482800e-06,5.49290366e-01
2.66492800e-06,5.49342349e-01
2.66502800e-06,5.49394314e-01
2.66512800e-06,5.49446288e-01
2.66522800e-06,5.49498244e-01
2.66532800e-06,5.49550210e-01
2.66542800e-06,5.49602156e-01
2.66552800e-06,5.49654113e-01
2.66562800e-06,5.49706050e-01
2.66572800e-06,5.49757998e-01
2.66582800e-06,5.49809926e-01
2.66592800e-06,5.49861865e-01
2.66602800e-06,5.49913784e-01
2.66612800e-06,5.49965714e-01
2.66622800e-06,5.50017623e-01
2.66632800e-06,5.50069544e-01
2.66642800e-06,5.50121444e-01
2.66652800e-06,5.50173355e-01
2.66662800e-06,5.50225246e-01
2.66672800e-06,5.50277148e-01
2.66682800e-06,5.50329029e-01
2.66692800e-06,5.50380921e-01
2.66702800e-06,5.50432793e-01
2.66712800e-06,5.50484676e-01
2.66722800e-06,5.50536538e-01
2.66732800e-06,5.50588411e-01
2.66742800e-06,5.50640263e-01
2.66752800e-06,5.50692126e-01
2.66762800e-06,5.50743969e-01
2.66772800e-06,5.50795822e-01
2.66782800e-06,5.50847655e-01
2.66792800e-06,5.50899498e-01
2.66802800e-06,5.50951321e-01
2.66812800e-06,5.51003154e-01
2.66822800e-06,5.51054967e-01
2.66832800e-06,5.51106790e-01
2.66842800e-06,5.51158592e-01
2.66852800e-06,5.51210405e-01
2.66862800e-06,5.51262198e-01
2.66872800e-06,5.51314000e-01
2.66882800e-06,5.51365782e-01
2.66892800e-06,5.51417574e-01
2.66902800e-06,5.51469346e-01
2.66912800e-06,5.51521127e-01
2.66922800e-06,5.51572889e-01
2.66932800e-06,5.51624660e-01
2.66942800e-06,5.51676411e-01
2.66952800e-06,5.51728171e-01
2.66962800e-06,5.51779911e-01
2.66972800e-06,5.51831660e-01
2.66982800e-06,5.51883390e-01
2.66992800e-06,5.51935128e-01
2.67002800e-06,5.51986847e-01
2.67012800e-06,5.52038575e-01
2.67022800e-06,5.52090282e-01
2.67032800e-06,5.52141999e-01
2.67042800e-06,5.52193695e-01
2.67052800e-06,5.52245401e-01
2.67062800e-06,5.52297086e-01
2.67072800e-06,5.52348781e-01
2.67082800e-06,5.52400455e-01
2.67092800e-06,5.52452138e-01
2.67102800e-06,5.52503801e-01
2.67112800e-06,5.52555473e-01
2.67122800e-06,5.52607124e-01
2.67132800e-06,5.52658784e-01
2.67142800e-06,5.52710424e-01
2.67152800e-06,5.52762073e-01
2.67162800e-06,5.52813701e-01
2.67172800e-06,5.52865338e-01
2.67182800e-06,5.52916955e-01
2.67192800e-06,5.52968580e-01
2.67202800e-06,5.53020185e-01
2.67212800e-06,5.53071798e-01
2.67222800e-06,5.53123391e-01
2.67232800e-06,5.53174992e-01
2.67242800e-06,5.53226573e-01
2.67252800e-06,5.53278162e-01
2.67262800e-06,5.53329731e-01
2.67272800e-06,5.53381308e-01
2.67282800e-06,5.53432864e-01
2.67292800e-06,5.53484429e-01
2.67302800e-06,5.53535973e-01
2.67312800e-06,5.53587526e-01
2.67322800e-06,5.53639057e-01
2.67332800e-06,5.53690598e-01
2.67342800e-06,5.53742117e-01
2.67352800e-06,5.53793644e-01
2.67362800e-06,5.53845151e-01
2.67372800e-06,5.53896665e-01
2.67382800e-06,5.53948159e-01
2.67392800e-06,5.53999661e-01
2.67402800e-06,5.54051142e-01
2.67412800e-06,5.54102631e-01
2.67422800e-06,5.54154099e-01
2.67432800e-06,5.54205575e-01
2.67442800e-06,5.54257030e-01
2.67452800e-06,5.54308493e-01
2.67462800e-06,5.54359935e-01
2.67472800e-06,5.54411385e-01
2.67482800e-06,5.54462813e-01
2.67492800e-06,5.54514250e-01
2.67502800e-06,5.54565665e-01
2.67512800e-06,5.54617088e-01
2.67522800e-06,5.54668490e-01
2.67532800e-06,5.54719899e-01
2.67542800e-06,5.54771287e-01
2.67552800e-06,5.54822683e-01
2.67562800e-06,5.54874057e-01
2.67572800e-06,5.54925439e-01
2.67582800e-06,5.54976800e-01
2.67592800e-06,5.55028168e-01
2.67602800e-06,5.55079515e-01
2.67612800e-06,5.55130869e-01
2.67622800e-06,5.55182201e-01
2.67632800e-06,5.55233541e-01
2.67642800e-06,5.55284860e-01
2.67652800e-06,5.55336186e-01
2.67662800e-06,5.55387490e-01
2.67672800e-06,5.55438801e-01
2.67682800e-06,5.55490091e-01
2.67692800e-06,5.55541388e-01
2.67702800e-06,5.55592663e-01
2.67712800e-06,5.55643946e-01
2.67722800e-06,5.55695206e-01
2.67732800e-06,5.55746474e-01
2.67742800e-06,5.55797720e-01
2.67752800e-06,5.55848973e-01
2.67762800e-06,5.55900204e-01
2.67772800e-06,5.55951442e-01
2.67782800e-06,5.56002658e-01
2.67792800e-06,5.56053881e-01
2.67802800e-06,5.56105082e-01
2.67812800e-06,5.56156290e-01
2.67822800e-06,5.56207476e-01
2.67832800e-06,5.56258669e-01
2.67842800e-06,5.56309839e-01
2.67852800e-06,5.56361016e-01
2.67862800e-06,5.56412171e-01
2.67872800e-06,5.56463333e-01
2.67882800e-06,5.56514473e-01
2.67892800e-06,5.56565619e-01
2.67902800e-06,5.56616742e-01
2.67912800e-06,5.56667873e-01
2.67922800e-06,5.56718981e-01
2.67932800e-06,5.56770095e-01
2.67942800e-06,5.56821187e-01
2.67952800e-06,5.56872285e-01
2.67962800e-06,5.56923361e-01
2.67972800e-06,5.56974444e-01
2.67982800e-06,5.57025503e-01
2.67992800e-06,5.57076569e-01
2.68002800e-06,5.57127613e-01
2.68012800e-06,5.57178662e-01
2.68022800e-06,5.57229689e-01
2.68032800e-06,5.57280723e-01
2.68042800e-06,5.57331733e-01
2.68052800e-06,5.57382750e-01
2.68062800e-06,5.57433743e-01
2.68072800e-06,5.57484743e-01
2.68082800e-06,5.57535720e-01
2.68092800e-06,5.57586703e-01
2.68102800e-06,5.57637663e-01
2.68112800e-06,5.57688629e-01
2.68122800e-06,5.57739572e-01
2.68132800e-06,5.57790520e-01
2.68142800e-06,5.57841446e-01
2.68152800e-06,5.57892378e-01
2.68162800e-06,5.57943286e-01
2.68172800e-06,5.57994200e-01
2.68182800e-06,5.58045091e-01
2.68192800e-06,5.58095987e-01
2.68202800e-06,5.58146861e-01
2.68212800e-06,5.58197740e-01
2.68222800e-06,5.58248595e-01
2.68232800e-06,5.58299456e-01
2.68242800e-06,5.58350294e-01
2.68252800e-06,5.58401137e-01
2.68262800e-06,5.58451957e-01
2.68272800e-06,5.58502782e-01
2.68282800e-06,5.58553584e-01
2.68292800e-06,5.58604391e-01
2.68302800e-06,5.58655174e-01
2.68312800e-06,5.58705963e-01
2.68322800e-06,5.58756728e-01
2.68332800e-06,5.58807498e-01
2.68342800e-06,5.58858245e-01
2.68352800e-06,5.58908996e-01
2.68362800e-06,5.58959725e-01
2.68372800e-06,5.59010457e-01
2.68382800e-06,5.59061167e-01
2.68392800e-06,5.59111881e-01
2.68402800e-06,5.59162571e-01
2.68412800e-06,5.59213266e-01
2.68422800e-06,5.59263937e-01
2.68432800e-06,5.59314613e-01
2.68442800e-06,5.59365265e-01
2.68452800e-06,5.59415922e-01
2.68462800e-06,5.59466555e-01
2.68472800e-06,5.59517192e-01
2.68482800e-06,5.59567806e-01
2.68492800e-06,5.59618423e-01
2.68502800e-06,5.59669017e-01
2.68512800e-06,5.59719615e-01
2.68522800e-06,5.59770190e-01
2.68532800e-06,5.59820768e-01
2.68542800e-06,5.59871322e-01
2.68552800e-06,5.59921881e-01
2.68562800e-06,5.59972415e-01
2.68572800e-06,5.60022954e-01
2.68582800e-06,5.60073468e-01
2.68592800e-06,5.60123986e-01
2.68602800e-06,5.60174480e-01
2.68612800e-06,5.60224978e-01
2.68622800e-06,5.60275452e-01
2.68632800e-06,5.60325930e-01
2.68642800e-06,5.60376383e-01
2.68652800e-06,5.60426840e-01
2.68662800e-06,5.60477272e-01
2.68672800e-06,5.60527709e-01
2.68682800e-06,5.60578120e-01
2.68692800e-06,5.60628536e-01
2.68702800e-06,5.60678927e-01
2.68712800e-06,5.60729321e-01
2.68722800e-06,5.60779691e-01
2.68732800e-06,5.60830064e-01
2.68742800e-06,5.60880413e-01
2.68752800e-06,5.60930765e-01
2.68762800e-06,5.60981093e-01
2.68772800e-06,5.61031423e-01
2.68782800e-06,5.61081729e-01
2.68792800e-06,5.61132039e-01
2.68802800e-06,5.61182323e-01
2.68812800e-06,5.61232611e-01
2.68822800e-06,5.61282873e-01
2.68832800e-06,5.61333139e-01
2.68842800e-06,5.61383380e-01
2.68852800e-06,5.61433624e-01
2.68862800e-06,5.61483843e-01
2.68872800e-06,5.61534065e-01
2.68882800e-06,5.61584262e-01
2.68892800e-06,5.61634462e-01
2.68902800e-06,5.61684637e-01
2.68912800e-06,5.61734814e-01
2.68922800e-06,5.61784967e-01
2.68932800e-06,5.61835122e-01
2.68942800e-06,5.61885252e-01
2.68952800e-06,5.61935384e-01
2.68962800e-06,5.61985492e-01
2.68972800e-06,5.62035602e-01
2.68982800e-06,5.62085686e-01
2.68992800e-06,5.62135773e-01
2.69002800e-06,5.62185835e-01
2.69012800e-06,5.62235899e-01
2.69022800e-06,5.62285938e-01
2.69032800e-06,5.62335979e-01
2.69042800e-06,5.62385995e-01
2.69052800e-06,5.62436013e-01
2.69062800e-06,5.62486005e-01
2.69072800e-06,5.62536000e-01
2.69082800e-06,5.62585969e-01
2.69092800e-06,5.62635940e-01
2.69102800e-06,5.62685886e-01
2.69112800e-06,5.62735834e-01
2.69122800e-06,5.62785756e-01
2.69132800e-06,5.62835680e-01
2.69142800e-06,5.62885578e-01
2.69152800e-06,5.62935478e-01
2.69162800e-06,5.62985353e-01
2.69172800e-06,5.63035229e-01
2.69182800e-06,5.63085080e-01
2.69192800e-06,5.63134932e-01
2.69202800e-06,5.63184758e-01
2.69212800e-06,5.63234587e-01
2.69222800e-06,5.63284389e-01
2.69232800e-06,5.63334193e-01
2.69242800e-06,5.63383971e-01
2.69252800e-06,5.63433750e-01
2.69262800e-06,5.63483504e-01
2.69272800e-06,5.63533259e-01
2.69282800e-06,5.63582988e-01
2.69292800e-06,5.63632718e-01
2.69302800e-06,5.63682422e-01
2.69312800e-06,5.63732128e-01
2.69322800e-06,5.63781807e-01
2.69332800e-06,5.63831488e-01
2.69342800e-06,5.63881143e-01
2.69352800e-06,5.63930799e-01
2.69362800e-06,5.63980428e-01
2.69372800e-06,5.64030059e-01
2.69382800e-06,5.64079663e-01
2.69392800e-06,5.64129269e-01
2.69402800e-06,5.64178848e-01
2.69412800e-06,5.64228428e-01
2.69422800e-06,5.64277982e-01
2.69432800e-06,5.64327537e-01
2.69442800e-06,5.64377066e-01
2.69452800e-06,5.64426595e-01
2.69462800e-06,5.64476098e-01
2.69472800e-06,5.64525602e-01
2.69482800e-06,5.64575079e-01
2.69492800e-06,5.64624557e-01
2.69502800e-06,5.64674008e-01
2.69512800e-06,5.64723460e-01
2.69522800e-06,5.64772886e-01
2.69532800e-06,5.64822312e-01
2.69542800e-06,5.64871712e-01
2.69552800e-06,5.64921112e-01
2.69562800e-06,5.64970486e-01
2.69572800e-06,5.65019860e-01
2.69582800e-06,5.65069207e-01
2.69592800e-06,5.65118555e-01
2.69602800e-06,5.65167876e-01
2.69612800e-06,5.65217197e-01
2.69622800e-06,5.65266492e-01
2.69632800e-06,5.65315787e-01
2.69642800e-06,5.65365055e-01
2.69652800e-06,5.65414324e-01
2.69662800e-06,5.65463565e-01
2.69672800e-06,5.65512807e-01
2.69682800e-06,5.65562022e-01
2.69692800e-06,5.65611237e-01
2.69702800e-06,5.65660425e-01
2.69712800e-06,5.65709614e-01
2.69722800e-06,5.65758775e-01
2.69732800e-06,5.65807936e-01
2.69742800e-06,5.65857071e-01
2.69752800e-06,5.65906205e-01
2.69762800e-06,5.65955312e-01
2.69772800e-06,5.66004420e-01
2.69782800e-06,5.66053500e-01
2.69792800e-06,5.66102580e-01
2.69802800e-06,5.66151633e-01
2.69812800e-06,5.66200685e-01
2.69822800e-06,5.66249711e-01
2.69832800e-06,5.66298736e-01
2.69842800e-06,5.66347734e-01
2.69852800e-06,5.66396732e-01
2.69862800e-06,5.66445703e-01
2.69872800e-06,5.66494673e-01
2.69882800e-06,5.66543616e-01
2.69892800e-06,5.66592559e-01
2.69902800e-06,5.66641474e-01
2.69912800e-06,5.66690389e-01
2.69922800e-06,5.66739277e-01
2.69932800e-06,5.66788164e-01
2.69942800e-06,5.66837024e-01
2.69952800e-06,5.66885883e-01
2.69962800e-06,5.66934715e-01
2.69972800e-06,5.66983546e-01
2.69982800e-06,5.67032350e-01
2.69992800e-06,5.67081153e-01
2.70002800e-06,5.67129928e-01
2.70012800e-06,5.67178703e-01
2.70022800e-06,5.67227451e-01
2.70032800e-06,5.67276198e-01
2.70042800e-06,5.67324917e-01
2.70052800e-06,5.67373635e-01
2.70062800e-06,5.67422326e-01
2.70072800e-06,5.67471016e-01
2.70082800e-06,5.67519679e-01
2.70092800e-06,5.67568340e-01
2.70102800e-06,5.67616974e-01
2.70112800e-06,5.67665607e-01
2.70122800e-06,5.67714213e-01
2.70132800e-06,5.67762817e-01
2.70142800e-06,5.67811394e-01
2.70152800e-06,5.67859969e-01
2.70162800e-06,5.67908517e-01
2.70172800e-06,5.67957064e-01
2.70182800e-06,5.68005583e-01
2.70192800e-06,5.68054101e-01
2.70202800e-06,5.68102592e-01
2.70212800e-06,5.68151081e-01
2.70222800e-06,5.68199542e-01
2.70232800e-06,5.68248002e-01
2.70242800e-06,5.68296434e-01
2.70252800e-06,5.68344865e-01
2.70262800e-06,5.68393268e-01
2.70272800e-06,5.68441670e-01
2.70282800e-06,5.68490044e-01
2.70292800e-06,5.68538417e-01
2.70302800e-06,5.68586761e-01
2.70312800e-06,5.68635104e-01
2.70322800e-06,5.68683420e-01
2.70332800e-06,5.68731733e-01
2.70342800e-06,5.68780019e-01
2.70352800e-06,5.68828304e-01
2.70362800e-06,5.68876560e-01
2.70372800e-06,5.68924815e-01
2.70382800e-06,5.68973041e-01
2.70392800e-06,5.69021267e-01
2.70402800e-06,5.69069464e-01
2.70412800e-06,5.69117659e-01
2.70422800e-06,5.69165827e-01
2.70432800e-06,5.69213993e-01
2.70442800e-06,5.69262130e-01
2.70452800e-06,5.69310266e-01
2.70462800e-06,5.69358374e-01
2.70472800e-06,5.69406480e-01
2.70482800e-06,5.69454558e-01
2.70492800e-06,5.69502634e-01
2.70502800e-06,5.69550682e-01
2.70512800e-06,5.69598728e-01
2.70522800e-06,5.69646745e-01
2.70532800e-06,5.69694761e-01
2.70542800e-06,5.69742749e-01
2.70552800e-06,5.69790735e-01
2.70562800e-06,5.69838692e-01
2.70572800e-06,5.69886648e-01
2.70582800e-06,5.69934575e-01
2.70592800e-06,5.69982500e-01
2.70602800e-06,5.70030397e-01
2.70612800e-06,5.70078291e-01
2.70622800e-06,5.70126158e-01
2.70632800e-06,5.70174022e-01
2.70642800e-06,5.70221858e-01
2.70652800e-06,5.70269692e-01
2.70662800e-06,5.70317497e-01
2.70672800e-06,5.70365300e-01
2.70682800e-06,5.70413074e-01
2.70692800e-06,5.70460847e-01
2.70702800e-06,5.70508591e-01
2.70712800e-06,5.70556333e-01
2.70722800e-06,5.70604046e-01
2.70732800e-06,5.70651757e-01
2.70742800e-06,5.70699439e-01
2.70752800e-06,5.70747119e-01
2.70762800e-06,5.70794770e-01
2.70772800e-06,5.70842419e-01
2.70782800e-06,5.70890039e-01
2.70792800e-06,5.70937657e-01
2.70802800e-06,5.70985247e-01
2.70812800e-06,5.71032834e-01
2.70822800e-06,5.71080392e-01
2.70832800e-06,5.71127947e-01
2.70842800e-06,5.71175474e-01
2.70852800e-06,5.71222999e-01
2.70862800e-06,5.71270494e-01
2.70872800e-06,5.71317988e-01
2.70882800e-06,5.71365452e-01
2.70892800e-06,5.71412914e-01
2.70902800e-06,5.71460347e-01
2.70912800e-06,5.71507777e-01
2.70922800e-06,5.71555178e-01
2.70932800e-06,5.71602577e-01
2.70942800e-06,5.71649947e-01
2.70952800e-06,5.71697314e-01
2.70962800e-06,5.71744653e-01
2.70972800e-06,5.71791988e-01
2.70982800e-06,5.71839295e-01
2.70992800e-06,5.71886599e-01
2.71002800e-06,5.71933873e-01
2.71012800e-06,5.71981146e-01
2.71022800e-06,5.72028389e-01
2.71032800e-06,5.72075629e-01
2.71042800e-06,5.72122840e-01
2.71052800e-06,5.72170048e-01
2.71062800e-06,5.72217227e-01
2.71072800e-06,5.72264404e-01
2.71082800e-06,5.72311551e-01
2.71092800e-06,5.72358695e-01
2.71102800e-06,5.72405810e-01
2.71112800e-06,5.72452922e-01
2.71122800e-06,5.72500005e-01
2.71132800e-06,5.72547085e-01
2.71142800e-06,5.72594136e-01
2.71152800e-06,5.72641183e-01
2.71162800e-06,5.72688202e-01
2.71172800e-06,5.72735217e-01
2.71182800e-06,5.72782203e-01
2.71192800e-06,5.72829186e-01
2.71202800e-06,5.72876139e-01
2.71212800e-06,5.72923090e-01
2.71222800e-06,5.72970011e-01
2.71232800e-06,5.73016929e-01
2.71242800e-06,5.73063817e-01
2.71252800e-06,5.73110703e-01
2.71262800e-06,5.73157558e-01
2.71272800e-06,5.73204411e-01
2.71282800e-06,5.73251234e-01
2.71292800e-06,5.73298054e-01
2.71302800e-06,5.73344845e-01
2.71312800e-06,5.73391632e-01
2.71322800e-06,5.73438389e-01
2.71332800e-06,5.73485144e-01
2.71342800e-06,5.73531868e-01
2.71352800e-06,5.73578590e-01
2.71362800e-06,5.73625281e-01
2.71372800e-06,5.73671970e-01
2.71382800e-06,5.73718628e-01
2.71392800e-06,5.73765284e-01
2.71402800e-06,5.73811909e-01
2.71412800e-06,5.73858532e-01
2.71422800e-06,5.73905124e-01
2.71432800e-06,5.73951713e-01
2.71442800e-06,5.73998273e-01
2.71452800e-06,5.74044828e-01
2.71462800e-06,5.74091354e-01
2.71472800e-06,5.74137877e-01
2.71482800e-06,5.74184370e-01
2.71492800e-06,5.74230859e-01
2.71502800e-06,5.74277318e-01
2.71512800e-06,5.74323774e-01
2.71522800e-06,5.74370200e-01
2.71532800e-06,5.74416622e-01
2.71542800e-06,5.74463015e-01
2.71552800e-06,5.74509404e-01
2.71562800e-06,5.74555762e-01
2.71572800e-06,5.74602118e-01
2.71582800e-06,5.74648443e-01
2.71592800e-06,5.74694764e-01
2.71602800e-06,5.74741056e-01
2.71612800e-06,5.74787344e-01
2.71622800e-06,5.74833602e-01
2.71632800e-06,5.74879856e-01
2.71642800e-06,5.74926080e-01
2.71652800e-06,5.74972300e-01
2.71662800e-06,5.75018491e-01
2.71672800e-06,5.75064677e-01
2.71682800e-06,5.75110834e-01
2.71692800e-06,5.75156986e-01
2.71702800e-06,5.75203109e-01
2.71712800e-06,5.75249227e-01
2.71722800e-06,5.75295316e-01
2.71732800e-06,5.75341400e-01
2.71742800e-06,5.75387455e-01
2.71752800e-06,5.75433505e-01
2.71762800e-06,5.75479526e-01
2.71772800e-06,5.75525542e-01
2.71782800e-06,5.75571529e-01
2.71792800e-06,5.75617511e-01
2.71802800e-06,5.75663463e-01
2.71812800e-06,5.75709411e-01
2.71822800e-06,5.75755329e-01
2.71832800e-06,5.75801243e-01
2.71842800e-06,5.75847127e-01
2.71852800e-06,5.75893006e-01
2.71862800e-06,5.75938856e-01
2.71872800e-06,5.75984701e-01
2.71882800e-06,5.76030516e-01
2.71892800e-06,5.76076327e-01
2.71902800e-06,5.76122108e-01
2.71912800e-06,5.76167885e-01
2.71922800e-06,5.76213631e-01
2.71932800e-06,5.76259373e-01
2.71942800e-06,5.76305085e-01
2.71952800e-06,5.76350793e-01
2.71962800e-06,5.76396470e-01
2.71972800e-06,5.76442143e-01
2.71982800e-06,5.76487786e-01
2.71992800e-06,5.76533425e-01
2.72002800e-06,5.76579033e-01
2.72012800e-06,5.76624637e-01
2.72022800e-06,5.76670211e-01
2.72032800e-06,5.76715781e-01
2.72042800e-06,5.76761320e-01
2.72052800e-06,5.76806855e-01
2.72062800e-06,5.76852359e-01
2.72072800e-06,5.76897860e-01
2.72082800e-06,5.76943330e-01
2.72092800e-06,5.76988795e-01
2.72102800e-06,5.77034231e-01
2.72112800e-06,5.77079661e-01
2.72122800e-06,5.77125062e-01
2.72132800e-06,5.77170458e-01
2.72142800e-06,5.77215824e-01
2.72152800e-06,5.77261186e-01
2.72162800e-06,5.77306517e-01
2.72172800e-06,5.77351844e-01
2.72182800e-06,5.77397141e-01
2.72192800e-06,5.77442433e-01
2.72202800e-06,5.77487694e-01
2.72212800e-06,5.77532952e-01
2.72222800e-06,5.77578179e-01
2.72232800e-06,5.77623401e-01
2.72242800e-06,5.77668594e-01
2.72252800e-06,5.77713782e-01
2.72262800e-06,5.77758939e-01
2.72272800e-06,5.77804092e-01
2.72282800e-06,5.77849215e-01
2.72292800e-06,5.77894333e-01
2.72302800e-06,5.77939421e-01
2.72312800e-06,5.77984505e-01
2.72322800e-06,5.78029558e-01
2.72332800e-06,5.78074607e-01
2.72342800e-06,5.78119626e-01
2.72352800e-06,5.78164640e-01
2.72362800e-06,5.78209624e-01
2.72372800e-06,5.78254603e-01
2.72382800e-06,5.78299553e-01
2.72392800e-06,5.78344497e-01
2.72402800e-06,5.78389412e-01
2.72412800e-06,5.78434322e-01
2.72422800e-06,5.78479202e-01
2.72432800e-06,5.78524077e-01
2.72442800e-06,5.78568922e-01
2.72452800e-06,5.78613763e-01
2.72462800e-06,5.78658574e-01
2.72472800e-06,5.78703380e-01
2.72482800e-06,5.78748156e-01
2.72492800e-06,5.78792927e-01
2.72502800e-06,5.78837669e-01
2.72512800e-06,5.78882406e-01
2.72522800e-06,5.78927113e-01
2.72532800e-06,5.78971815e-01
2.72542800e-06,5.79016488e-01
2.72552800e-06,5.79061156e-01
2.72562800e-06,5.79105794e-01
2.72572800e-06,5.79150427e-01
2.72582800e-06,5.79195031e-01
2.72592800e-06,5.79239630e-01
2.72602800e-06,5.79284199e-01
2.72612800e-06,5.79328764e-01
2.72622800e-06,5.79373299e-01
2.72632800e-06,5.79417830e-01
2.72642800e-06,5.79462331e-01
2.72652800e-06,5.79506827e-01
2.72662800e-06,5.79551294e-01
2.72672800e-06,5.79595756e-01
2.72682800e-06,5.79640189e-01
2.72692800e-06,5.79684617e-01
2.72702800e-06,5.79729016e-01
2.72712800e-06,5.79773410e-01
2.72722800e-06,5.79817774e-01
2.72732800e-06,5.79862135e-01
2.72742800e-06,5.79906466e-01
2.72752800e-06,5.79950792e-01
2.72762800e-06,5.79995089e-01
2.72772800e-06,5.80039382e-01
2.72782800e-06,5.80083646e-01
2.72792800e-06,5.80127905e-01
2.72802800e-06,5.80172135e-01
2.72812800e-06,5.80216360e-01
2.72822800e-06,5.80260557e-01
2.72832800e-06,5.80304749e-01
2.72842800e-06,5.80348912e-01
2.72852800e-06,5.80393071e-01
2.72862800e-06,5.80437201e-01
2.72872800e-06,5.80481326e-01
2.72882800e-06,5.80525423e-01
2.72892800e-06,5.80569516e-01
2.72902800e-06,5.80613579e-01
2.72912800e-06,5.80657639e-01
2.72922800e-06,5.80701670e-01
2.72932800e-06,5.80745697e-01
2.72942800e-06,5.80789695e-01
2.72952800e-06,5.80833689e-01
2.72962800e-06,5.80877654e-01
2.72972800e-06,5.80921616e-01
2.72982800e-06,5.80965549e-01
2.72992800e-06,5.81009479e-01
2.73002800e-06,5.81053379e-01
2.73012800e-06,5.81097276e-01
2.73022800e-06,5.81141145e-01
2.73032800e-06,5.81185010e-01
2.73042800e-06,5.81228847e-01
2.73052800e-06,5.81272680e-01
2.73062800e-06,5.81316485e-01
2.73072800e-06,5.81360287e-01
2.73082800e-06,5.81404060e-01
2.73092800e-06,5.81447830e-01
2.73102800e-06,5.81491572e-01
2.73112800e-06,5.81535311e-01
2.73122800e-06,5.81579022e-01
2.73132800e-06,5.81622729e-01
2.73142800e-06,5.81666409e-01
2.73152800e-06,5.81710086e-01
2.73162800e-06,5.81753735e-01
2.73172800e-06,5.81797381e-01
2.73182800e-06,5.81841000e-01
2.73192800e-06,5.81884615e-01
2.73202800e-06,5.81928203e-01
2.73212800e-06,5.81971789e-01
2.73222800e-06,5.82015347e-01
2.73232800e-06,5.82058903e-01
2.73242800e-06,5.82102431e-01
2.73252800e-06,5.82145957e-01
2.73262800e-06,5.82189456e-01
2.73272800e-06,5.82232952e-01
2.73282800e-06,5.82276422e-01
2.73292800e-06,5.82319889e-01
2.73302800e-06,5.82363329e-01
2.73312800e-06,5.82406768e-01
2.73322800e-06,5.82450180e-01
2.73332800e-06,5.82493589e-01
2.73342800e-06,5.82536973e-01
2.73352800e-06,5.82580354e-01
2.73362800e-06,5.82623710e-01
2.73372800e-06,5.82667063e-01
2.73382800e-06,5.82710391e-01
2.73392800e-06,5.82753717e-01
2.73402800e-06,5.82797017e-01
2.73412800e-06,5.82840316e-01
2.73422800e-06,5.82883589e-01
2.73432800e-06,5.82926860e-01
2.73442800e-06,5.82970107e-01
2.73452800e-06,5.83013352e-01
2.73462800e-06,5.83056572e-01
2.73472800e-06,5.83099791e-01
2.73482800e-06,5.83142985e-01
2.73492800e-06,5.83186178e-01
2.73502800e-06,5.83229346e-01
2.73512800e-06,5.83272514e-01
2.73522800e-06,5.83315657e-01
2.73532800e-06,5.83358800e-01
2.73542800e-06,5.83401918e-01
2.73552800e-06,5.83445036e-01
2.73562800e-06,5.83488130e-01
2.73572800e-06,5.83531224e-01
2.73582800e-06,5.83574294e-01
2.73592800e-06,5.83617364e-01
2.73602800e-06,5.83660411e-01
2.73612800e-06,5.83703458e-01
2.73622800e-06,5.83746482e-01
2.73632800e-06,5.83789506e-01
2.73642800e-06,5.83832507e-01
2.73652800e-06,5.83875509e-01
2.73662800e-06,5.83918488e-01
2.73672800e-06,5.83961469e-01
2.73682800e-06,5.84004426e-01
2.73692800e-06,5.84047386e-01
2.73702800e-06,5.84090322e-01
2.73712800e-06,5.84133261e-01
2.73722800e-06,5.84176177e-01
2.73732800e-06,5.84219096e-01
2.73742800e-06,5.84261992e-01
2.73752800e-06,5.84304892e-01
2.73762800e-06,5.84347769e-01
2.73772800e-06,5.84390649e-01
2.73782800e-06,5.84433508e-01
2.73792800e-06,5.84476370e-01
2.73802800e-06,5.84519210e-01
2.73812800e-06,5.84562055e-01
2.73822800e-06,5.84604878e-01
2.73832800e-06,5.84647705e-01
2.73842800e-06,5.84690512e-01
2.73852800e-06,5.84733323e-01
2.73862800e-06,5.84776113e-01
2.73872800e-06,5.84818909e-01
2.73882800e-06,5.84861684e-01
2.73892800e-06,5.84904465e-01
2.73902800e-06,5.84947225e-01
2.73912800e-06,5.84989992e-01
2.73922800e-06,5.85032739e-01
2.73932800e-06,5.85075491e-01
2.73942800e-06,5.85118225e-01
2.73952800e-06,5.85160966e-01
2.73962800e-06,5.85203687e-01
2.73972800e-06,5.85246416e-01
2.73982800e-06,5.85289126e-01
2.73992800e-06,5.85331843e-01
2.74002800e-06,5.85374543e-01
2.74012800e-06,5.85417250e-01
2.74022800e-06,5.85459941e-01
2.74032800e-06,5.85502638e-01
2.74042800e-06,5.85545320e-01
2.74052800e-06,5.85588009e-01
2.74062800e-06,5.85630683e-01
2.74072800e-06,5.85673365e-01
2.74082800e-06,5.85716031e-01
2.74092800e-06,5.85758707e-01
2.74102800e-06,5.85801367e-01
2.74112800e-06,5.85844037e-01
2.74122800e-06,5.85886693e-01
2.74132800e-06,5.85929358e-01
2.74142800e-06,5.85972010e-01
2.74152800e-06,5.86014672e-01
2.74162800e-06,5.86057321e-01
2.74172800e-06,5.86099981e-01
2.74182800e-06,5.86142628e-01
2.74192800e-06,5.86185286e-01
2.74202800e-06,5.86227932e-01
2.74212800e-06,5.86270591e-01
2.74222800e-06,5.86313238e-01
2.74232800e-06,5.86355897e-01
2.74242800e-06,5.86398545e-01
2.74252800e-06,5.86441207e-01
2.74262800e-06,5.86483859e-01
2.74272800e-06,5.86526524e-01
2.74282800e-06,5.86569179e-01
2.74292800e-06,5.86611849e-01
2.74302800e-06,5.86654510e-01
2.74312800e-06,5.86697186e-01
2.74322800e-06,5.86739854e-01
2.74332800e-06,5.86782538e-01
2.74342800e-06,5.86825214e-01
2.74352800e-06,5.86867906e-01
2.74362800e-06,5.86910592e-01
2.74372800e-06,5.86953294e-01
2.74382800e-06,5.86995991e-01
2.74392800e-06,5.87038705e-01
2.74402800e-06,5.87081414e-01
2.74412800e-06,5.87124142e-01
2.74422800e-06,5.87166865e-01
2.74432800e-06,5.87209608e-01
2.74442800e-06,5.87252346e-01
2.74452800e-06,5.87295106e-01
2.74462800e-06,5.87337861e-01
2.74472800e-06,5.87380639e-01
2.74482800e-06,5.87423413e-01
2.74492800e-06,5.87466210e-01
2.74502800e-06,5.87509006e-01
2.74512800e-06,5.87551824e-01
2.74522800e-06,5.87594642e-01
2.74532800e-06,5.87637484e-01
2.74542800e-06,5.87680326e-01
2.74552800e-06,5.87723193e-01
2.74562800e-06,5.87766061e-01
2.74572800e-06,5.87808955e-01
2.74582800e-06,5.87851852e-01
2.74592800e-06,5.87894775e-01
2.74602800e-06,5.87937701e-01
2.74612800e-06,5.87980655e-01
2.74622800e-06,5.88023614e-01
2.74632800e-06,5.88066601e-01
2.74642800e-06,5.88109593e-01
2.74652800e-06,5.88152616e-01
2.74662800e-06,5.88195645e-01
2.74672800e-06,5.88238705e-01
2.74682800e-06,5.88281772e-01
2.74692800e-06,5.88324857e-01
2.74702800e-06,5.88367933e-01
2.74712800e-06,5.88411045e-01
2.74722800e-06,5.88454174e-01
2.74732800e-06,5.88497339e-01
2.74742800e-06,5.88540521e-01
2.74752800e-06,5.88583739e-01
2.74762800e-06,5.88626973e-01
2.74772800e-06,5.88670244e-01
2.74782800e-06,5.88713531e-01
2.74792800e-06,5.88756856e-01
2.74802800e-06,5.88800199e-01
2.74812800e-06,5.88843580e-01
2.74822800e-06,5.88886979e-01
2.74832800e-06,5.88930418e-01
2.74842800e-06,5.88973877e-01
2.74852800e-06,5.89017376e-01
2.74862800e-06,5.89060897e-01
2.74872800e-06,5.89104460e-01
2.74882800e-06,5.89148045e-01
2.74892800e-06,5.89191674e-01
2.74902800e-06,5.89235328e-01
2.74912800e-06,5.89279026e-01
2.74922800e-06,5.89322750e-01
2.74932800e-06,5.89366520e-01
2.74942800e-06,5.89410318e-01
2.74952800e-06,5.89454164e-01
2.74962800e-06,5.89498039e-01
2.74972800e-06,5.89541964e-01
2.74982800e-06,5.89585919e-01
2.74992800e-06,5.89629927e-01
2.75002800e-06,5.89673966e-01
2.75012800e-06,5.89718059e-01
2.75022800e-06,5.89762187e-01
2.75032800e-06,5.89806369e-01
2.75042800e-06,5.89850588e-01
2.75052800e-06,5.89894864e-01
2.75062800e-06,5.89939178e-01
2.75072800e-06,5.89983551e-01
2.75082800e-06,5.90027964e-01
2.75092800e-06,5.90072439e-01
2.75102800e-06,5.90116955e-01
2.75112800e-06,5.90161535e-01
2.75122800e-06,5.90206159e-01
2.75132800e-06,5.90250848e-01
2.75142800e-06,5.90295584e-01
2.75152800e-06,5.90340387e-01
2.75162800e-06,5.90385239e-01
2.75172800e-06,5.90430160e-01
2.75182800e-06,5.90475133e-01
2.75192800e-06,5.90520178e-01
2.75202800e-06,5.90565276e-01
2.75212800e-06,5.90610449e-01
2.75222800e-06,5.90655678e-01
2.75232800e-06,5.90700984e-01
2.75242800e-06,5.90746348e-01
2.75252800e-06,5.90791792e-01
2.75262800e-06,5.90837296e-01
2.75272800e-06,5.90882883e-01
2.75282800e-06,5.90928534e-01
2.75292800e-06,5.90974269e-01
2.75302800e-06,5.91020071e-01
2.75312800e-06,5.91065961e-01
2.75322800e-06,5.91111920e-01
2.75332800e-06,5.91157970e-01
2.75342800e-06,5.91204092e-01
2.75352800e-06,5.91250308e-01
2.75362800e-06,5.91296599e-01
2.75372800e-06,5.91342987e-01
2.75382800e-06,5.91389453e-01
2.75392800e-06,5.91436019e-01
2.75402800e-06,5.91482667e-01
2.75412800e-06,5.91529418e-01
2.75422800e-06,5.91576254e-01
2.75432800e-06,5.91623197e-01
2.75442800e-06,5.91670228e-01
2.75452800e-06,5.91717370e-01
2.75462800e-06,5.91764603e-01
2.75472800e-06,5.91811950e-01
2.75482800e-06,5.91859393e-01
2.75492800e-06,5.91906953e-01
2.75502800e-06,5.91954613e-01
2.75512800e-06,5.92002394e-01
2.75522800e-06,5.92050279e-01
2.75532800e-06,5.92098288e-01
2.75542800e-06,5.92146406e-01
2.75552800e-06,5.92194652e-01
2.75562800e-06,5.92243011e-01
2.75572800e-06,5.92291503e-01
2.75582800e-06,5.92340111e-01
2.75592800e-06,5.92388857e-01
2.75602800e-06,5.92437723e-01
2.75612800e-06,5.92486732e-01
2.75622800e-06,5.92535866e-01
2.75632800e-06,5.92585147e-01
2.75642800e-06,5.92634559e-01
2.75652800e-06,5.92684122e-01
2.75662800e-06,5.92733820e-01
2.75672800e-06,5.92783675e-01
2.75682800e-06,5.92833670e-01
2.75692800e-06,5.92883828e-01
2.75702800e-06,5.92934131e-01
2.75712800e-06,5.92984601e-01
2.75722800e-06,5.93035222e-01
2.75732800e-06,5.93086016e-01
2.75742800e-06,5.93136967e-01
2.75752800e-06,5.93188097e-01
2.75762800e-06,5.93239389e-01
2.75772800e-06,5.93290865e-01
2.75782800e-06,5.93342510e-01
2.75792800e-06,5.93394347e-01
2.75802800e-06,5.93446358e-01
2.75812800e-06,5.93498566e-01
2.75822800e-06,5.93550956e-01
2.75832800e-06,5.93603549e-01
2.75842800e-06,5.93656331e-01
2.75852800e-06,5.93709323e-01
2.75862800e-06,5.93762511e-01
2.75872800e-06,5.93815917e-01
2.75882800e-06,5.93869525e-01
2.75892800e-06,5.93923358e-01
2.75902800e-06,5.93977401e-01
2.75912800e-06,5.94031677e-01
2.75922800e-06,5.94086171e-01
2.75932800e-06,5.94140906e-01
2.75942800e-06,5.94195867e-01
2.75952800e-06,5.94251077e-01
2.75962800e-06,5.94306521e-01
2.75972800e-06,5.94362223e-01
2.75982800e-06,5.94418169e-01
2.75992800e-06,5.94474381e-01
2.76002800e-06,5.94530845e-01
2.76012800e-06,5.94587585e-01
2.76022800e-06,5.94644586e-01
2.76032800e-06,5.94701874e-01
2.76042800e-06,5.94759433e-01
2.76052800e-06,5.94817287e-01
2.76062800e-06,5.94875423e-01
2.76072800e-06,5.94933865e-01
2.76082800e-06,5.94992600e-01
2.76092800e-06,5.95051651e-01
2.76102800e-06,5.95111006e-01
2.76112800e-06,5.95170689e-01
2.76122800e-06,5.95230687e-01
2.76132800e-06,5.95291024e-01
2.76142800e-06,5.95351689e-01
2.76152800e-06,5.95412706e-01
2.76162800e-06,5.95474062e-01
2.76172800e-06,5.95535783e-01
2.76182800e-06,5.95597857e-01
2.76192800e-06,5.95660308e-01
2.76202800e-06,5.95723126e-01
2.76212800e-06,5.95786336e-01
2.76222800e-06,5.95849926e-01
2.76232800e-06,5.95913922e-01
2.76242800e-06,5.95978314e-01
2.76252800e-06,5.96043127e-01
2.76262800e-06,5.96108351e-01
2.76272800e-06,5.96174012e-01
2.76282800e-06,5.96240099e-01
2.76292800e-06,5.96306640e-01
2.76302800e-06,5.96373625e-01
2.76312800e-06,5.96441081e-01
2.76322800e-06,5.96508998e-01
2.76332800e-06,5.96577404e-01
2.76342800e-06,5.96646289e-01
2.76352800e-06,5.96715682e-01
2.76362800e-06,5.96785574e-01
2.76372800e-06,5.96855993e-01
2.76382800e-06,5.96926931e-01
2.76392800e-06,5.96998418e-01
2.76402800e-06,5.97070444e-01
2.76412800e-06,5.97143040e-01
2.76422800e-06,5.97216198e-01
2.76432800e-06,5.97289948e-01
2.76442800e-06,5.97364284e-01
2.76452800e-06,5.97439236e-01
2.76462800e-06,5.97514797e-01
2.76472800e-06,5.97590999e-01
2.76482800e-06,5.97667837e-01
2.76492800e-06,5.97745341e-01
2.76502800e-06,5.97823507e-01
2.76512800e-06,5.97902368e-01
2.76522800e-06,5.97981919e-01
2.76532800e-06,5.98062193e-01
2.76542800e-06,5.98143187e-01
2.76552800e-06,5.98224934e-01
2.76562800e-06,5.98307432e-01
2.76572800e-06,5.98390715e-01
2.76582800e-06,5.98474782e-01
2.76592800e-06,5.98559667e-01
2.76602800e-06,5.98645371e-01
2.76612800e-06,5.98731928e-01
2.76622800e-06,5.98819340e-01
2.76632800e-06,5.98907643e-01
2.76642800e-06,5.98996838e-01
2.76652800e-06,5.99086964e-01
2.76662800e-06,5.99178022e-01
2.76672800e-06,5.99270053e-01
2.76682800e-06,5.99363058e-01
2.76692800e-06,5.99457079e-01
2.76702800e-06,5.99552120e-01
2.76712800e-06,5.99648222e-01
2.76722800e-06,5.99745392e-01
2.76732800e-06,5.99843673e-01
2.76742800e-06,5.99943071e-01
2.76752800e-06,6.00043631e-01
2.76762800e-06,6.00145361e-01
2.76772800e-06,6.00248308e-01
2.76782800e-06,6.00352482e-01
2.76792800e-06,6.00457931e-01
2.76802800e-06,6.00564665e-01
2.76812800e-06,6.00672736e-01
2.76822800e-06,6.00782155e-01
2.76832800e-06,6.00892976e-01
2.76842800e-06,6.01005213e-01
2.76852800e-06,6.01118919e-01
2.76862800e-06,6.01234113e-01
2.76872800e-06,6.01350851e-01
2.76882800e-06,6.01469151e-01
2.76892800e-06,6.01589073e-01
2.76902800e-06,6.01710639e-01
2.76912800e-06,6.01833909e-01
2.76922800e-06,6.01958908e-01
2.76932800e-06,6.02085701e-01
2.76942800e-06,6.02214314e-01
2.76952800e-06,6.02344814e-01
2.76962800e-06,6.02477233e-01
2.76972800e-06,6.02611640e-01
2.76982800e-06,6.02748070e-01
2.76992800e-06,6.02886596e-01
2.77002800e-06,6.03027256e-01
2.77012800e-06,6.03170128e-01
2.77022800e-06,6.03315253e-01
2.77032800e-06,6.03462713e-01
2.77042800e-06,6.03612555e-01
2.77052800e-06,6.03764865e-01
2.77062800e-06,6.03919694e-01
2.77072800e-06,6.04077133e-01
2.77082800e-06,6.04237238e-01
2.77092800e-06,6.04400108e-01
2.77102800e-06,6.04565803e-01
2.77112800e-06,6.04734427e-01
2.77122800e-06,6.04906048e-01
2.77132800e-06,6.05080776e-01
2.77142800e-06,6.05258686e-01
2.77152800e-06,6.05439897e-01
2.77162800e-06,6.05624490e-01
2.77172800e-06,6.05812591e-01
2.77182800e-06,6.06004292e-01
2.77192800e-06,6.06199727e-01
2.77202800e-06,6.06398998e-01
2.77212800e-06,6.06602249e-01
2.77222800e-06,6.06809592e-01
2.77232800e-06,6.07021182e-01
2.77242800e-06,6.07237145e-01
2.77252800e-06,6.07457647e-01
2.77262800e-06,6.07682826e-01
2.77272800e-06,6.07912865e-01
2.77282800e-06,6.08147916e-01
2.77292800e-06,6.08388176e-01
2.77302800e-06,6.08633815e-01
2.77312800e-06,6.08885050e-01
2.77322800e-06,6.09142068e-01
2.77332800e-06,6.09405107e-01
2.77342800e-06,6.09674375e-01
2.77352800e-06,6.09950133e-01
2.77362800e-06,6.10232616e-01
2.77372800e-06,6.10522110e-01
2.77382800e-06,6.10818878e-01
2.77392800e-06,6.11123237e-01
2.77402800e-06,6.11435483e-01
2.77412800e-06,6.11755967e-01
2.77422800e-06,6.12085023e-01
2.77432800e-06,6.12423043e-01
2.77442800e-06,6.12770404e-01
2.77452800e-06,6.13127545e-01
2.77462800e-06,6.13494894e-01
2.77472800e-06,6.13872946e-01
2.77482800e-06,6.14262187e-01
2.77492800e-06,6.14663175e-01
2.77502800e-06,6.15076467e-01
2.77512800e-06,6.15502697e-01
2.77522800e-06,6.15942502e-01
2.77532800e-06,6.16396606e-01
2.77542800e-06,6.16865743e-01
2.77552800e-06,6.17350739e-01
2.77562800e-06,6.17852449e-01
2.77572800e-06,6.18371823e-01
2.77582800e-06,6.18909839e-01
2.77592800e-06,6.19467598e-01
2.77602800e-06,6.20046243e-01
2.77612800e-06,6.20647046e-01
2.77622800e-06,6.21271339e-01
2.77632800e-06,6.21920603e-01
2.77642800e-06,6.22596390e-01
2.77652800e-06,6.23300421e-01
2.77662800e-06,6.24034510e-01
2.77672800e-06,6.24800658e-01
2.77682800e-06,6.25600977e-01
2.77692800e-06,6.26437792e-01
2.77702800e-06,6.27313557e-01
2.77712800e-06,6.28230960e-01
2.77722800e-06,6.29192841e-01
2.77732800e-06,6.30202290e-01
2.77742800e-06,6.31262573e-01
2.77752800e-06,6.32377224e-01
2.77762800e-06,6.33549976e-01
2.77772800e-06,6.34784853e-01
2.77782800e-06,6.36086111e-01
2.77792800e-06,6.37458337e-01
2.77802800e-06,6.38906405e-01
2.77812800e-06,6.40435598e-01
2.77822800e-06,6.42051584e-01
2.77832800e-06,6.43760583e-01
2.77842800e-06,6.45569378e-01
2.77852800e-06,6.47485534e-01
2.77862800e-06,6.49517470e-01
2.77872800e-06,6.51674747e-01
2.77882800e-06,6.53968230e-01
2.77892800e-06,6.56410466e-01
2.77902800e-06,6.59015979e-01
2.77912800e-06,6.61801807e-01
2.77922800e-06,6.64788003e-01
2.77932800e-06,6.67998453e-01
2.77942800e-06,6.71461757e-01
2.77952800e-06,6.75212576e-01
2.77962800e-06,6.79293262e-01
2.77972800e-06,6.83756289e-01
2.77982800e-06,6.88667474e-01
2.77992800e-06,6.94110827e-01
2.78002800e-06,7.00195539e-01
2.78012800e-06,7.07066899e-01
2.78022800e-06,7.14923495e-01
2.78032800e-06,7.24046148e-01
2.78042800e-06,7.34848847e-01
2.78052800e-06,7.47975684e-01
2.78062800e-06,7.64502303e-01
2.78072800e-06,7.86432445e-01
2.78082800e-06,8.18043325e-01
2.78092800e-06,8.70913923e-01
2.78102800e-06,9.91458805e-01
2.78112800e-06,1.35252793e+00
2.78122800e-06,1.74794057e+00
2.78132800e-06,1.80502959e+00
2.78142800e-06,1.78906394e+00
2.78152800e-06,1.80058135e+00
2.78162800e-06,1.79521045e+00
2.78172800e-06,1.80077742e+00
2.78182800e-06,1.79778126e+00
2.78192800e-06,1.80086932e+00
2.78202800e-06,1.79882906e+00
2.78212800e-06,1.80070283e+00
2.78222800e-06,1.79929961e+00
2.78232800e-06,1.80050780e+00
2.78242800e-06,1.79954874e+00
2.78252800e-06,1.80035449e+00
2.78262800e-06,1.79969739e+00
2.78272800e-06,1.80024632e+00
2.78282800e-06,1.79979197e+00
2.78292800e-06,1.80017248e+00
2.78302800e-06,1.79985405e+00
2.78312800e-06,1.80012259e+00
2.78322800e-06,1.79989555e+00
2.78332800e-06,1.80008870e+00
2.78342800e-06,1.79992373e+00
2.78352800e-06,1.80006543e+00
2.78362800e-06,1.79994317e+00
2.78372800e-06,1.80004922e+00
2.78382800e-06,1.79995681e+00
2.78392800e-06,1.80003774e+00
2.78402800e-06,1.79996656e+00
2.78412800e-06,1.80002944e+00
2.78422800e-06,1.79997370e+00
2.78432800e-06,1.80002330e+00
2.78442800e-06,1.79997864e+00
2.78452800e-06,1.80001858e+00
2.78462800e-06,1.79998287e+00
2.78472800e-06,1.80001494e+00
2.78482800e-06,1.79998616e+00
2.78492800e-06,1.80001109e+00
2.78502800e-06,1.79998858e+00
2.78512800e-06,1.80000898e+00
2.78522800e-06,1.79999060e+00
2.78532800e-06,1.80000795e+00
2.78542800e-06,1.79999247e+00
2.78552800e-06,1.80000633e+00
2.78562800e-06,1.79999401e+00
2.78572800e-06,1.80000497e+00
2.78582800e-06,1.79999532e+00
2.78592800e-06,1.80000382e+00
2.78602800e-06,1.79999644e+00
2.78612800e-06,1.80000283e+00
2.78622800e-06,1.79999739e+00
2.78632800e-06,1.80000197e+00
2.78642800e-06,1.79999823e+00
2.78652800e-06,1.80000123e+00
2.78662800e-06,1.79999895e+00
2.78672800e-06,1.80000058e+00
2.78682800e-06,1.79999958e+00
2.78692800e-06,1.80000002e+00
2.78702800e-06,1.80000014e+00
2.78712800e-06,1.79999951e+00
2.78722800e-06,1.80000060e+00
2.78732800e-06,1.79999905e+00
2.78742800e-06,1.80000101e+00
2.78752800e-06,1.79999866e+00
2.78762800e-06,1.80000137e+00
2.78772800e-06,1.79999831e+00
2.78782800e-06,1.80000168e+00
2.78792800e-06,1.79999800e+00
2.78802800e-06,1.80000196e+00
2.78812800e-06,1.79999772e+00
2.78822800e-06,1.80000221e+00
2.78832800e-06,1.79999749e+00
2.78842800e-06,1.80000242e+00
2.78852800e-06,1.79999727e+00
2.78862800e-06,1.80000261e+00
2.78872800e-06,1.79999709e+00
2.78882800e-06,1.80000278e+00
2.78892800e-06,1.79999693e+00
2.78902800e-06,1.80000293e+00
2.78912800e-06,1.79999678e+00
2.78922800e-06,1.80000306e+00
2.78932800e-06,1.79999666e+00
2.78942800e-06,1.80000317e+00
2.78952800e-06,1.79999655e+00
2.78962800e-06,1.80000327e+00
2.78972800e-06,1.79999645e+00
2.78982800e-06,1.80000336e+00
2.78992800e-06,1.79999637e+00
2.79002800e-06,1.80000343e+00
2.79012800e-06,1.79999630e+00
2.79022800e-06,1.80000350e+00
2.79032800e-06,1.79999624e+00
2.79042800e-06,1.80000356e+00
2.79052800e-06,1.79999618e+00
2.79062800e-06,1.80000360e+00
2.79072800e-06,1.79999614e+00
2.79082800e-06,1.80000365e+00
2.79092800e-06,1.79999609e+00
2.79102800e-06,1.80000368e+00
2.79112800e-06,1.79999606e+00
2.79122800e-06,1.80000372e+00
2.79132800e-06,1.79999603e+00
2.79142800e-06,1.80000374e+00
2.79152800e-06,1.79999601e+00
2.79162800e-06,1.80000376e+00
2.79172800e-06,1.79999599e+00
2.79182800e-06,1.80000378e+00
2.79192800e-06,1.79999597e+00
2.79202800e-06,1.80000380e+00
2.79212800e-06,1.79999596e+00
2.79222800e-06,1.80000381e+00
2.79232800e-06,1.79999595e+00
2.79242800e-06,1.80000382e+00
2.79252800e-06,1.79999594e+00
2.79262800e-06,1.80000383e+00
2.79272800e-06,1.79999593e+00
2.79282800e-06,1.80000383e+00
2.79292800e-06,1.79999593e+00
2.79302800e-06,1.80000384e+00
2.79312800e-06,1.79999593e+00
2.79322800e-06,1.80000384e+00
2.79332800e-06,1.79999593e+00
2.79342800e-06,1.80000384e+00
2.79352800e-06,1.79999593e+00
2.79362800e-06,1.80000384e+00
2.79372800e-06,1.79999593e+00
2.79382800e-06,1.80000384e+00
2.79392800e-06,1.79999593e+00
2.79402800e-06,1.80000383e+00
2.79412800e-06,1.79999594e+00
2.79422800e-06,1.80000383e+00
2.79432800e-06,1.79999594e+00
2.79442800e-06,1.80000382e+00
2.79452800e-06,1.79999595e+00
2.79462800e-06,1.80000382e+00
2.79472800e-06,1.79999595e+00
2.79482800e-06,1.80000381e+00
2.79492800e-06,1.79999596e+00
2.79502800e-06,1.80000381e+00
2.79512800e-06,1.79999597e+00
2.79522800e-06,1.80000380e+00
2.79532800e-06,1.79999598e+00
2.79542800e-06,1.80000379e+00
2.79552800e-06,1.79999598e+00
2.79562800e-06,1.80000379e+00
2.79572800e-06,1.79999599e+00
2.79582800e-06,1.80000378e+00
2.79592800e-06,1.79999600e+00
2.79602800e-06,1.80000377e+00
2.79612800e-06,1.79999601e+00
2.79622800e-06,1.80000376e+00
2.79632800e-06,1.79999602e+00
2.79642800e-06,1.80000375e+00
2.79652800e-06,1.79999603e+00
2.79662800e-06,1.80000374e+00
2.79672800e-06,1.79999604e+00
2.79682800e-06,1.80000374e+00
2.79692800e-06,1.79999605e+00
2.79702800e-06,1.80000373e+00
2.79712800e-06,1.79999606e+00
2.79722800e-06,1.80000372e+00
2.79732800e-06,1.79999607e+00
2.79742800e-06,1.80000371e+00
2.79752800e-06,1.79999608e+00
2.79762800e-06,1.80000370e+00
2.79772800e-06,1.79999609e+00
2.79782800e-06,1.80000369e+00
2.79792800e-06,1.79999610e+00
2.79802800e-06,1.80000368e+00
2.79812800e-06,1.79999611e+00
2.79822800e-06,1.80000367e+00
2.79832800e-06,1.79999613e+00
2.79842800e-06,1.80000366e+00
2.79852800e-06,1.79999614e+00
2.79862800e-06,1.80000365e+00
2.79872800e-06,1.79999615e+00
2.79882800e-06,1.80000364e+00
2.79892800e-06,1.79999616e+00
2.79902800e-06,1.80000363e+00
2.79912800e-06,1.79999617e+00
2.79922800e-06,1.80000362e+00
2.79932800e-06,1.79999618e+00
2.79942800e-06,1.80000361e+00
2.79952800e-06,1.79999619e+00
2.79962800e-06,1.80000360e+00
2.79972800e-06,1.79999620e+00
2.79982800e-06,1.80000359e+00
2.79992800e-06,1.79999621e+00
2.80002800e-06,1.80000358e+00
2.80012800e-06,1.79999623e+00
2.80022800e-06,1.80000357e+00
2.80032800e-06,1.79999624e+00
2.80042800e-06,1.80000356e+00
2.80052800e-06,1.79999625e+00
2.80062800e-06,1.80000355e+00
2.80072800e-06,1.79999626e+00
2.80082800e-06,1.80000354e+00
2.80092800e-06,1.79999627e+00
2.80102800e-06,1.80000353e+00
2.80112800e-06,1.79999628e+00
2.80122800e-06,1.80000352e+00
2.80132800e-06,1.79999629e+00
2.80142800e-06,1.80000351e+00
2.80152800e-06,1.79999630e+00
2.80162800e-06,1.80000350e+00
2.80172800e-06,1.79999632e+00
2.80182800e-06,1.80000349e+00
2.80192800e-06,1.79999633e+00
2.80202800e-06,1.80000348e+00
2.80212800e-06,1.79999634e+00
2.80222800e-06,1.80000347e+00
2.80232800e-06,1.79999635e+00
2.80242800e-06,1.80000346e+00
2.80252800e-06,1.79999636e+00
2.80262800e-06,1.80000344e+00
2.80272800e-06,1.79999637e+00
2.80282800e-06,1.80000343e+00
2.80292800e-06,1.79999638e+00
2.80302800e-06,1.80000342e+00
2.80312800e-06,1.79999639e+00
2.80322800e-06,1.80000341e+00
2.80332800e-06,1.79999641e+00
2.80342800e-06,1.80000340e+00
2.80352800e-06,1.79999642e+00
2.80362800e-06,1.80000339e+00
2.80372800e-06,1.79999643e+00
2.80382800e-06,1.80000338e+00
2.80392800e-06,1.79999644e+00
2.80402800e-06,1.80000337e+00
2.80412800e-06,1.79999645e+00
2.80422800e-06,1.80000336e+00
2.80432800e-06,1.79999646e+00
2.80442800e-06,1.80000335e+00
2.80452800e-06,1.79999647e+00
2.80462800e-06,1.80000334e+00
2.80472800e-06,1.79999648e+00
2.80482800e-06,1.80000333e+00
2.80492800e-06,1.79999649e+00
2.80502800e-06,1.80000332e+00
2.80512800e-06,1.79999651e+00
2.80522800e-06,1.80000331e+00
2.80532800e-06,1.79999652e+00
2.80542800e-06,1.80000330e+00
2.80552800e-06,1.79999653e+00
2.80562800e-06,1.80000329e+00
2.80572800e-06,1.79999654e+00
2.80582800e-06,1.80000328e+00
2.80592800e-06,1.79999655e+00
2.80602800e-06,1.80000327e+00
2.80612800e-06,1.79999656e+00
2.80622800e-06,1.80000326e+00
2.80632800e-06,1.79999657e+00
2.80642800e-06,1.80000325e+00
2.80652800e-06,1.79999658e+00
2.80662800e-06,1.80000324e+00
2.80672800e-06,1.79999659e+00
2.80682800e-06,1.80000323e+00
2.80692800e-06,1.79999661e+00
2.80702800e-06,1.80000322e+00
2.80712800e-06,1.79999662e+00
2.80722800e-06,1.80000321e+00
2.80732800e-06,1.79999663e+00
2.80742800e-06,1.80000320e+00
2.80752800e-06,1.79999664e+00
2.80762800e-06,1.80000319e+00
2.80772800e-06,1.79999665e+00
2.80782800e-06,1.80000318e+00
2.80792800e-06,1.79999666e+00
2.80802800e-06,1.80000317e+00
2.80812800e-06,1.79999667e+00
2.80822800e-06,1.80000316e+00
2.80832800e-06,1.79999668e+00
2.80842800e-06,1.80000315e+00
2.80852800e-06,1.79999669e+00
2.80862800e-06,1.80000314e+00
2.80872800e-06,1.79999670e+00
2.80882800e-06,1.80000313e+00
2.80892800e-06,1.79999671e+00
2.80902800e-06,1.80000312e+00
2.80912800e-06,1.79999673e+00
2.80922800e-06,1.80000311e+00
2.80932800e-06,1.79999674e+00
2.80942800e-06,1.80000310e+00
2.80952800e-06,1.79999675e+00
2.80962800e-06,1.80000309e+00
2.80972800e-06,1.79999676e+00
2.80982800e-06,1.80000308e+00
2.80992800e-06,1.79999677e+00
2.81002800e-06,1.80000307e+00
2.81012800e-06,1.79999678e+00
2.81022800e-06,1.80000306e+00
2.81032800e-06,1.79999679e+00
2.81042800e-06,1.80000305e+00
2.81052800e-06,1.79999680e+00
2.81062800e-06,1.80000304e+00
2.81072800e-06,1.79999681e+00
2.81082800e-06,1.80000303e+00
2.81092800e-06,1.79999682e+00
2.81102800e-06,1.80000302e+00
2.81112800e-06,1.79999683e+00
2.81122800e-06,1.80000301e+00
2.81132800e-06,1.79999684e+00
2.81142800e-06,1.80000300e+00
2.81152800e-06,1.79999685e+00
2.81162800e-06,1.80000299e+00
2.81172800e-06,1.79999686e+00
2.81182800e-06,1.80000298e+00
2.81192800e-06,1.79999687e+00
2.81202800e-06,1.80000297e+00
2.81212800e-06,1.79999689e+00
2.81222800e-06,1.80000296e+00
2.81232800e-06,1.79999690e+00
2.81242800e-06,1.80000295e+00
2.81252800e-06,1.79999691e+00
2.81262800e-06,1.80000294e+00
2.81272800e-06,1.79999692e+00
2.81282800e-06,1.80000293e+00
2.81292800e-06,1.79999693e+00
2.81302800e-06,1.80000292e+00
2.81312800e-06,1.79999694e+00
2.81322800e-06,1.80000291e+00
2.81332800e-06,1.79999695e+00
2.81342800e-06,1.80000290e+00
2.81352800e-06,1.79999696e+00
2.81362800e-06,1.80000289e+00
2.81372800e-06,1.79999697e+00
2.81382800e-06,1.80000288e+00
2.81392800e-06,1.79999698e+00
2.81402800e-06,1.80000287e+00
2.81412800e-06,1.79999699e+00
2.81422800e-06,1.80000286e+00
2.81432800e-06,1.79999700e+00
2.81442800e-06,1.80000285e+00
2.81452800e-06,1.79999701e+00
2.81462800e-06,1.80000284e+00
2.81472800e-06,1.79999702e+00
2.81482800e-06,1.80000284e+00
2.81492800e-06,1.79999703e+00
2.81502800e-06,1.80000283e+00
2.81512800e-06,1.79999704e+00
2.81522800e-06,1.80000282e+00
2.81532800e-06,1.79999705e+00
2.81542800e-06,1.80000281e+00
2.81552800e-06,1.79999706e+00
2.81562800e-06,1.80000280e+00
2.81572800e-06,1.79999707e+00
2.81582800e-06,1.80000279e+00
2.81592800e-06,1.79999708e+00
2.81602800e-06,1.80000278e+00
2.81612800e-06,1.79999709e+00
2.81622800e-06,1.80000277e+00
2.81632800e-06,1.79999710e+00
2.81642800e-06,1.80000276e+00
2.81652800e-06,1.79999711e+00
2.81662800e-06,1.80000275e+00
2.81672800e-06,1.79999712e+00
2.81682800e-06,1.80000274e+00
2.81692800e-06,1.79999713e+00
2.81702800e-06,1.80000273e+00
2.81712800e-06,1.79999714e+00
2.81722800e-06,1.80000272e+00
2.81732800e-06,1.79999715e+00
2.81742800e-06,1.80000271e+00
2.81752800e-06,1.79999716e+00
2.81762800e-06,1.80000270e+00
2.81772800e-06,1.79999717e+00
2.81782800e-06,1.80000269e+00
2.81792800e-06,1.79999718e+00
2.81802800e-06,1.80000268e+00
2.81812800e-06,1.79999719e+00
2.81822800e-06,1.80000268e+00
2.81832800e-06,1.79999720e+00
2.81842800e-06,1.80000267e+00
2.81852800e-06,1.79999721e+00
2.81862800e-06,1.80000266e+00
2.81872800e-06,1.79999722e+00
2.81882800e-06,1.80000265e+00
2.81892800e-06,1.79999723e+00
2.81902800e-06,1.80000264e+00
2.81912800e-06,1.79999724e+00
2.81922800e-06,1.80000263e+00
2.81932800e-06,1.79999725e+00
2.81942800e-06,1.80000262e+00
2.81952800e-06,1.79999726e+00
2.81962800e-06,1.80000261e+00
2.81972800e-06,1.79999727e+00
2.81982800e-06,1.80000260e+00
2.81992800e-06,1.79999728e+00
2.82002800e-06,1.80000259e+00
2.82012800e-06,1.79999729e+00
2.82022800e-06,1.80000258e+00
2.82032800e-06,1.79999730e+00
2.82042800e-06,1.80000257e+00
2.82052800e-06,1.79999731e+00
2.82062800e-06,1.80000257e+00
2.82072800e-06,1.79999732e+00
2.82082800e-06,1.80000256e+00
2.82092800e-06,1.79999733e+00
2.82102800e-06,1.80000255e+00
2.82112800e-06,1.79999734e+00
2.82122800e-06,1.80000254e+00
2.82132800e-06,1.79999735e+00
2.82142800e-06,1.80000253e+00
2.82152800e-06,1.79999736e+00
2.82162800e-06,1.80000252e+00
2.82172800e-06,1.79999737e+00
2.82182800e-06,1.80000251e+00
2.82192800e-06,1.79999738e+00
2.82202800e-06,1.80000250e+00
2.82212800e-06,1.79999739e+00
2.82222800e-06,1.80000249e+00
2.82232800e-06,1.79999740e+00
2.82242800e-06,1.80000249e+00
2.82252800e-06,1.79999741e+00
2.82262800e-06,1.80000248e+00
2.82272800e-06,1.79999742e+00
2.82282800e-06,1.80000247e+00
2.82292800e-06,1.79999743e+00
2.82302800e-06,1.80000246e+00
2.82312800e-06,1.79999743e+00
2.82322800e-06,1.80000245e+00
2.82332800e-06,1.79999744e+00
2.82342800e-06,1.80000244e+00
2.82352800e-06,1.79999745e+00
2.82362800e-06,1.80000243e+00
2.82372800e-06,1.79999746e+00
2.82382800e-06,1.80000242e+00
2.82392800e-06,1.79999747e+00
2.82402800e-06,1.80000241e+00
2.82412800e-06,1.79999748e+00
2.82422800e-06,1.80000241e+00
2.82432800e-06,1.79999749e+00
2.82442800e-06,1.80000240e+00
2.82452800e-06,1.79999750e+00
2.82462800e-06,1.80000239e+00
2.82472800e-06,1.79999751e+00
2.82482800e-06,1.80000238e+00
2.82492800e-06,1.79999752e+00
2.82502800e-06,1.80000237e+00
2.82512800e-06,1.79999753e+00
2.82522800e-06,1.80000236e+00
2.82532800e-06,1.79999754e+00
2.82542800e-06,1.80000235e+00
2.82552800e-06,1.79999755e+00
2.82562800e-06,1.80000235e+00
2.82572800e-06,1.79999755e+00
2.82582800e-06,1.80000234e+00
2.82592800e-06,1.79999756e+00
2.82602800e-06,1.80000233e+00
2.82612800e-06,1.79999757e+00
2.82622800e-06,1.80000232e+00
2.82632800e-06,1.79999758e+00
2.82642800e-06,1.80000231e+00
2.82652800e-06,1.79999759e+00
2.82662800e-06,1.80000230e+00
2.82672800e-06,1.79999760e+00
2.82682800e-06,1.80000230e+00
2.82692800e-06,1.79999761e+00
2.82702800e-06,1.80000229e+00
2.82712800e-06,1.79999762e+00
2.82722800e-06,1.80000228e+00
2.82732800e-06,1.79999763e+00
2.82742800e-06,1.80000227e+00
2.82752800e-06,1.79999763e+00
2.82762800e-06,1.80000226e+00
2.82772800e-06,1.79999764e+00
2.82782800e-06,1.80000225e+00
2.82792800e-06,1.79999765e+00
2.82802800e-06,1.80000225e+00
2.82812800e-06,1.79999766e+00
2.82822800e-06,1.80000224e+00
2.82832800e-06,1.79999767e+00
2.82842800e-06,1.80000223e+00
2.82852800e-06,1.79999768e+00
2.82862800e-06,1.80000222e+00
2.82872800e-06,1.79999769e+00
2.82882800e-06,1.80000221e+00
2.82892800e-06,1.79999770e+00
2.82902800e-06,1.80000220e+00
2.82912800e-06,1.79999771e+00
2.82922800e-06,1.80000220e+00
2.82932800e-06,1.79999771e+00
2.82942800e-06,1.80000219e+00
2.82952800e-06,1.79999772e+00
2.82962800e-06,1.80000218e+00
2.82972800e-06,1.79999773e+00
2.82982800e-06,1.80000217e+00
2.82992800e-06,1.79999774e+00
2.83002800e-06,1.80000216e+00
2.83012800e-06,1.79999775e+00
2.83022800e-06,1.80000216e+00
2.83032800e-06,1.79999776e+00
2.83042800e-06,1.80000215e+00
2.83052800e-06,1.79999777e+00
2.83062800e-06,1.80000214e+00
2.83072800e-06,1.79999777e+00
2.83082800e-06,1.80000213e+00
2.83092800e-06,1.79999778e+00
2.83102800e-06,1.80000212e+00
2.83112800e-06,1.79999779e+00
2.83122800e-06,1.80000212e+00
2.83132800e-06,1.79999780e+00
2.83142800e-06,1.80000211e+00
2.83152800e-06,1.79999781e+00
2.83162800e-06,1.80000210e+00
2.83172800e-06,1.79999782e+00
2.83182800e-06,1.80000209e+00
2.83192800e-06,1.79999782e+00
2.83202800e-06,1.80000208e+00
2.83212800e-06,1.79999783e+00
2.83222800e-06,1.80000208e+00
2.83232800e-06,1.79999784e+00
2.83242800e-06,1.80000207e+00
2.83252800e-06,1.79999785e+00
2.83262800e-06,1.80000206e+00
2.83272800e-06,1.79999786e+00
2.83282800e-06,1.80000205e+00
2.83292800e-06,1.79999787e+00
2.83302800e-06,1.80000205e+00
2.83312800e-06,1.79999787e+00
2.83322800e-06,1.80000204e+00
2.83332800e-06,1.79999788e+00
2.83342800e-06,1.80000203e+00
2.83352800e-06,1.79999789e+00
2.83362800e-06,1.80000202e+00
2.83372800e-06,1.79999790e+00
2.83382800e-06,1.80000201e+00
2.83392800e-06,1.79999791e+00
2.83402800e-06,1.80000201e+00
2.83412800e-06,1.79999791e+00
2.83422800e-06,1.80000200e+00
2.83432800e-06,1.79999792e+00
2.83442800e-06,1.80000199e+00
2.83452800e-06,1.79999793e+00
2.83462800e-06,1.80000198e+00
2.83472800e-06,1.79999794e+00
2.83482800e-06,1.80000198e+00
2.83492800e-06,1.79999795e+00
2.83502800e-06,1.80000197e+00
2.83512800e-06,1.79999795e+00
2.83522800e-06,1.80000196e+00
2.83532800e-06,1.79999796e+00
2.83542800e-06,1.80000195e+00
2.83552800e-06,1.79999797e+00
2.83562800e-06,1.80000195e+00
2.83572800e-06,1.79999798e+00
2.83582800e-06,1.80000194e+00
2.83592800e-06,1.79999799e+00
2.83602800e-06,1.80000193e+00
2.83612800e-06,1.79999799e+00
2.83622800e-06,1.80000192e+00
2.83632800e-06,1.79999800e+00
2.83642800e-06,1.80000192e+00
2.83652800e-06,1.79999801e+00
2.83662800e-06,1.80000191e+00
2.83672800e-06,1.79999802e+00
2.83682800e-06,1.80000190e+00
2.83692800e-06,1.79999803e+00
2.83702800e-06,1.80000189e+00
2.83712800e-06,1.79999803e+00
2.83722800e-06,1.80000189e+00
2.83732800e-06,1.79999804e+00
2.83742800e-06,1.80000188e+00
2.83752800e-06,1.79999805e+00
2.83762800e-06,1.80000187e+00
2.83772800e-06,1.79999806e+00
2.83782800e-06,1.80000187e+00
2.83792800e-06,1.79999806e+00
2.83802800e-06,1.80000186e+00
2.83812800e-06,1.79999807e+00
2.83822800e-06,1.80000185e+00
2.83832800e-06,1.79999808e+00
2.83842800e-06,1.80000184e+00
2.83852800e-06,1.79999809e+00
2.83862800e-06,1.80000184e+00
2.83872800e-06,1.79999809e+00
2.83882800e-06,1.80000183e+00
2.83892800e-06,1.79999810e+00
2.83902800e-06,1.80000182e+00
2.83912800e-06,1.79999811e+00
2.83922800e-06,1.80000182e+00
2.83932800e-06,1.79999812e+00
2.83942800e-06,1.80000181e+00
2.83952800e-06,1.79999812e+00
2.83962800e-06,1.80000180e+00
2.83972800e-06,1.79999813e+00
2.83982800e-06,1.80000179e+00
2.83992800e-06,1.79999814e+00
2.84002800e-06,1.80000179e+00
2.84012800e-06,1.79999815e+00
2.84022800e-06,1.80000178e+00
2.84032800e-06,1.79999815e+00
2.84042800e-06,1.80000177e+00
2.84052800e-06,1.79999816e+00
2.84062800e-06,1.80000177e+00
2.84072800e-06,1.79999817e+00
2.84082800e-06,1.80000176e+00
2.84092800e-06,1.79999818e+00
2.84102800e-06,1.80000175e+00
2.84112800e-06,1.79999818e+00
2.84122800e-06,1.80000175e+00
2.84132800e-06,1.79999819e+00
2.84142800e-06,1.80000174e+00
2.84152800e-06,1.79999820e+00
2.84162800e-06,1.80000173e+00
2.84172800e-06,1.79999821e+00
2.84182800e-06,1.80000173e+00
2.84192800e-06,1.79999821e+00
2.84202800e-06,1.80000172e+00
2.84212800e-06,1.79999822e+00
2.84222800e-06,1.80000171e+00
2.84232800e-06,1.79999823e+00
2.84242800e-06,1.80000171e+00
2.84252800e-06,1.79999823e+00
2.84262800e-06,1.80000170e+00
2.84272800e-06,1.79999824e+00
2.84282800e-06,1.80000169e+00
2.84292800e-06,1.79999825e+00
2.84302800e-06,1.80000169e+00
2.84312800e-06,1.79999826e+00
2.84322800e-06,1.80000168e+00
2.84332800e-06,1.79999826e+00
2.84342800e-06,1.80000167e+00
2.84352800e-06,1.79999827e+00
2.84362800e-06,1.80000167e+00
2.84372800e-06,1.79999828e+00
2.84382800e-06,1.80000166e+00
2.84392800e-06,1.79999828e+00
2.84402800e-06,1.80000165e+00
2.84412800e-06,1.79999829e+00
2.84422800e-06,1.80000165e+00
2.84432800e-06,1.79999830e+00
2.84442800e-06,1.80000164e+00
2.84452800e-06,1.79999830e+00
2.84462800e-06,1.80000163e+00
2.84472800e-06,1.79999831e+00
2.84482800e-06,1.80000163e+00
2.84492800e-06,1.79999832e+00
2.84502800e-06,1.80000162e+00
2.84512800e-06,1.79999832e+00
2.84522800e-06,1.80000161e+00
2.84532800e-06,1.79999833e+00
2.84542800e-06,1.80000161e+00
2.84552800e-06,1.79999834e+00
2.84562800e-06,1.80000160e+00
2.84572800e-06,1.79999835e+00
2.84582800e-06,1.80000159e+00
2.84592800e-06,1.79999835e+00
2.84602800e-06,1.80000159e+00
2.84612800e-06,1.79999836e+00
2.84622800e-06,1.80000158e+00
2.84632800e-06,1.79999837e+00
2.84642800e-06,1.80000157e+00
2.84652800e-06,1.79999837e+00
2.84662800e-06,1.80000157e+00
2.84672800e-06,1.79999838e+00
2.84682800e-06,1.80000156e+00
2.84692800e-06,1.79999839e+00
2.84702800e-06,1.80000156e+00
2.84712800e-06,1.79999839e+00
2.84722800e-06,1.80000155e+00
2.84732800e-06,1.79999840e+00
2.84742800e-06,1.80000154e+00
2.84752800e-06,1.79999841e+00
2.84762800e-06,1.80000154e+00
2.84772800e-06,1.79999841e+00
2.84782800e-06,1.80000153e+00
2.84792800e-06,1.79999842e+00
2.84802800e-06,1.80000152e+00
2.84812800e-06,1.79999842e+00
2.84822800e-06,1.80000152e+00
2.84832800e-06,1.79999843e+00
2.84842800e-06,1.80000151e+00
2.84852800e-06,1.79999844e+00
2.84862800e-06,1.80000151e+00
2.84872800e-06,1.79999844e+00
2.84882800e-06,1.80000150e+00
2.84892800e-06,1.79999845e+00
2.84902800e-06,1.80000149e+00
2.84912800e-06,1.79999846e+00
2.84922800e-06,1.80000149e+00
2.84932800e-06,1.79999846e+00
2.84942800e-06,1.80000148e+00
2.84952800e-06,1.79999847e+00
2.84962800e-06,1.80000148e+00
2.84972800e-06,1.79999848e+00
2.84982800e-06,1.80000147e+00
2.84992800e-06,1.79999848e+00
2.85002800e-06,1.80000146e+00
2.85012800e-06,1.79999849e+00
2.85022800e-06,1.80000146e+00
2.85032800e-06,1.79999850e+00
2.85042800e-06,1.80000145e+00
2.85052800e-06,1.79999850e+00
2.85062800e-06,1.80000145e+00
2.85072800e-06,1.79999851e+00
2.85082800e-06,1.80000144e+00
2.85092800e-06,1.79999851e+00
2.85102800e-06,1.80000143e+00
2.85112800e-06,1.79999852e+00
2.85122800e-06,1.80000143e+00
2.85132800e-06,1.79999853e+00
2.85142800e-06,1.80000142e+00
2.85152800e-06,1.79999853e+00
2.85162800e-06,1.80000142e+00
2.85172800e-06,1.79999854e+00
2.85182800e-06,1.80000141e+00
2.85192800e-06,1.79999855e+00
2.85202800e-06,1.80000140e+00
2.85212800e-06,1.79999855e+00
2.85222800e-06,1.80000140e+00
2.85232800e-06,1.79999856e+00
2.85242800e-06,1.80000139e+00
2.85252800e-06,1.79999856e+00
2.85262800e-06,1.80000139e+00
2.85272800e-06,1.79999857e+00
2.85282800e-06,1.80000138e+00
2.85292800e-06,1.79999858e+00
2.85302800e-06,1.80000138e+00
2.85312800e-06,1.79999858e+00
2.85322800e-06,1.80000137e+00
2.85332800e-06,1.79999859e+00
2.85342800e-06,1.80000136e+00
2.85352800e-06,1.79999859e+00
2.85362800e-06,1.80000136e+00
2.85372800e-06,1.79999860e+00
2.85382800e-06,1.80000135e+00
2.85392800e-06,1.79999861e+00
2.85402800e-06,1.80000135e+00
2.85412800e-06,1.79999861e+00
2.85422800e-06,1.80000134e+00
2.85432800e-06,1.79999862e+00
2.85442800e-06,1.80000134e+00
2.85452800e-06,1.79999862e+00
2.85462800e-06,1.80000133e+00
2.85472800e-06,1.79999863e+00
2.85482800e-06,1.80000132e+00
2.85492800e-06,1.79999864e+00
2.85502800e-06,1.80000132e+00
2.85512800e-06,1.79999864e+00
2.85522800e-06,1.80000131e+00
2.85532800e-06,1.79999865e+00
2.85542800e-06,1.80000131e+00
2.85552800e-06,1.79999865e+00
2.85562800e-06,1.80000130e+00
2.85572800e-06,1.79999866e+00
2.85582800e-06,1.80000130e+00
2.85592800e-06,1.79999866e+00
2.85602800e-06,1.80000129e+00
2.85612800e-06,1.79999867e+00
2.85622800e-06,1.80000129e+00
2.85632800e-06,1.79999868e+00
2.85642800e-06,1.80000128e+00
2.85652800e-06,1.79999868e+00
2.85662800e-06,1.80000128e+00
2.85672800e-06,1.79999869e+00
2.85682800e-06,1.80000127e+00
2.85692800e-06,1.79999869e+00
2.85702800e-06,1.80000126e+00
2.85712800e-06,1.79999870e+00
2.85722800e-06,1.80000126e+00
2.85732800e-06,1.79999870e+00
2.85742800e-06,1.80000125e+00
2.85752800e-06,1.79999871e+00
2.85762800e-06,1.80000125e+00
2.85772800e-06,1.79999872e+00
2.85782800e-06,1.80000124e+00
2.85792800e-06,1.79999872e+00
2.85802800e-06,1.80000124e+00
2.85812800e-06,1.79999873e+00
2.85822800e-06,1.80000123e+00
2.85832800e-06,1.79999873e+00
2.85842800e-06,1.80000123e+00
2.85852800e-06,1.79999874e+00
2.85862800e-06,1.80000122e+00
2.85872800e-06,1.79999874e+00
2.85882800e-06,1.80000122e+00
2.85892800e-06,1.79999875e+00
2.85902800e-06,1.80000121e+00
2.85912800e-06,1.79999875e+00
2.85922800e-06,1.80000121e+00
2.85932800e-06,1.79999876e+00
2.85942800e-06,1.80000120e+00
2.85952800e-06,1.79999877e+00
2.85962800e-06,1.80000120e+00
2.85972800e-06,1.79999877e+00
2.85982800e-06,1.80000119e+00
2.85992800e-06,1.79999878e+00
2.86002800e-06,1.80000119e+00
2.86012800e-06,1.79999878e+00
2.86022800e-06,1.80000118e+00
2.86032800e-06,1.79999879e+00
2.86042800e-06,1.80000118e+00
2.86052800e-06,1.79999879e+00
2.86062800e-06,1.80000117e+00
2.86072800e-06,1.79999880e+00
2.86082800e-06,1.80000117e+00
2.86092800e-06,1.79999880e+00
2.86102800e-06,1.80000116e+00
2.86112800e-06,1.79999881e+00
2.86122800e-06,1.80000116e+00
2.86132800e-06,1.79999881e+00
2.86142800e-06,1.80000115e+00
2.86152800e-06,1.79999882e+00
2.86162800e-06,1.80000115e+00
2.86172800e-06,1.79999882e+00
2.86182800e-06,1.80000114e+00
2.86192800e-06,1.79999883e+00
2.86202800e-06,1.80000114e+00
2.86212800e-06,1.79999883e+00
2.86222800e-06,1.80000113e+00
2.86232800e-06,1.79999884e+00
2.86242800e-06,1.80000113e+00
2.86252800e-06,1.79999884e+00
2.86262800e-06,1.80000112e+00
2.86272800e-06,1.79999885e+00
2.86282800e-06,1.80000112e+00
2.86292800e-06,1.79999886e+00
2.86302800e-06,1.80000111e+00
2.86312800e-06,1.79999886e+00
2.86322800e-06,1.80000111e+00
2.86332800e-06,1.79999887e+00
2.86342800e-06,1.80000110e+00
2.86352800e-06,1.79999887e+00
2.86362800e-06,1.80000110e+00
2.86372800e-06,1.79999888e+00
2.86382800e-06,1.80000109e+00
2.86392800e-06,1.79999888e+00
2.86402800e-06,1.80000109e+00
2.86412800e-06,1.79999889e+00
2.86422800e-06,1.80000108e+00
2.86432800e-06,1.79999889e+00
2.86442800e-06,1.80000108e+00
2.86452800e-06,1.79999890e+00
2.86462800e-06,1.80000107e+00
2.86472800e-06,1.79999890e+00
2.86482800e-06,1.80000107e+00
2.86492800e-06,1.79999891e+00
2.86502800e-06,1.80000106e+00
2.86512800e-06,1.79999891e+00
2.86522800e-06,1.80000106e+00
2.86532800e-06,1.79999892e+00
2.86542800e-06,1.80000106e+00
2.86552800e-06,1.79999892e+00
2.86562800e-06,1.80000105e+00
2.86572800e-06,1.79999893e+00
2.86582800e-06,1.80000105e+00
2.86592800e-06,1.79999893e+00
2.86602800e-06,1.80000104e+00
2.86612800e-06,1.79999894e+00
2.86622800e-06,1.80000104e+00
2.86632800e-06,1.79999894e+00
2.86642800e-06,1.80000103e+00
2.86652800e-06,1.79999895e+00
2.86662800e-06,1.80000103e+00
2.86672800e-06,1.79999895e+00
2.86682800e-06,1.80000102e+00
2.86692800e-06,1.79999895e+00
2.86702800e-06,1.80000102e+00
2.86712800e-06,1.79999896e+00
2.86722800e-06,1.80000101e+00
2.86732800e-06,1.79999896e+00
2.86742800e-06,1.80000101e+00
2.86752800e-06,1.79999897e+00
2.86762800e-06,1.80000101e+00
2.86772800e-06,1.79999897e+00
2.86782800e-06,1.80000100e+00
2.86792800e-06,1.79999898e+00
2.86802800e-06,1.80000100e+00
2.86812800e-06,1.79999898e+00
2.86822800e-06,1.80000099e+00
2.86832800e-06,1.79999899e+00
2.86842800e-06,1.80000099e+00
2.86852800e-06,1.79999899e+00
2.86862800e-06,1.80000098e+00
2.86872800e-06,1.79999900e+00
2.86882800e-06,1.80000098e+00
2.86892800e-06,1.79999900e+00
2.86902800e-06,1.80000097e+00
2.86912800e-06,1.79999901e+00
2.86922800e-06,1.80000097e+00
2.86932800e-06,1.79999901e+00
2.86942800e-06,1.80000097e+00
2.86952800e-06,1.79999902e+00
2.86962800e-06,1.80000096e+00
2.86972800e-06,1.79999902e+00
2.86982800e-06,1.80000096e+00
2.86992800e-06,1.79999903e+00
2.87002800e-06,1.80000095e+00
2.87012800e-06,1.79999903e+00
2.87022800e-06,1.80000095e+00
2.87032800e-06,1.79999903e+00
2.87042800e-06,1.80000094e+00
2.87052800e-06,1.79999904e+00
2.87062800e-06,1.80000094e+00
2.87072800e-06,1.79999904e+00
2.87082800e-06,1.80000094e+00
2.87092800e-06,1.79999905e+00
2.87102800e-06,1.80000093e+00
2.87112800e-06,1.79999905e+00
2.87122800e-06,1.80000093e+00
2.87132800e-06,1.79999906e+00
2.87142800e-06,1.80000092e+00
2.87152800e-06,1.79999906e+00
2.87162800e-06,1.80000092e+00
2.87172800e-06,1.79999907e+00
2.87182800e-06,1.80000092e+00
2.87192800e-06,1.79999907e+00
2.87202800e-06,1.80000091e+00
2.87212800e-06,1.79999907e+00
2.87222800e-06,1.80000091e+00
2.87232800e-06,1.79999908e+00
2.87242800e-06,1.80000090e+00
2.87252800e-06,1.79999908e+00
2.87262800e-06,1.80000090e+00
2.87272800e-06,1.79999909e+00
2.87282800e-06,1.80000089e+00
2.87292800e-06,1.79999909e+00
2.87302800e-06,1.80000089e+00
2.87312800e-06,1.79999910e+00
2.87322800e-06,1.80000089e+00
2.87332800e-06,1.79999910e+00
2.87342800e-06,1.80000088e+00
2.87352800e-06,1.79999911e+00
2.87362800e-06,1.80000088e+00
2.87372800e-06,1.79999911e+00
2.87382800e-06,1.80000087e+00
2.87392800e-06,1.79999911e+00
2.87402800e-06,1.80000087e+00
2.87412800e-06,1.79999912e+00
2.87422800e-06,1.80000087e+00
2.87432800e-06,1.79999912e+00
2.87442800e-06,1.80000086e+00
2.87452800e-06,1.79999913e+00
2.87462800e-06,1.80000086e+00
2.87472800e-06,1.79999913e+00
2.87482800e-06,1.80000085e+00
2.87492800e-06,1.79999914e+00
2.87502800e-06,1.80000085e+00
2.87512800e-06,1.79999914e+00
2.87522800e-06,1.80000085e+00
2.87532800e-06,1.79999914e+00
2.87542800e-06,1.80000084e+00
2.87552800e-06,1.79999915e+00
2.87562800e-06,1.80000084e+00
2.87572800e-06,1.79999915e+00
2.87582800e-06,1.80000084e+00
2.87592800e-06,1.79999916e+00
2.87602800e-06,1.80000083e+00
2.87612800e-06,1.79999916e+00
2.87622800e-06,1.80000083e+00
2.87632800e-06,1.79999916e+00
2.87642800e-06,1.80000082e+00
2.87652800e-06,1.79999917e+00
2.87662800e-06,1.80000082e+00
2.87672800e-06,1.79999917e+00
2.87682800e-06,1.80000082e+00
2.87692800e-06,1.79999918e+00
2.87702800e-06,1.80000081e+00
2.87712800e-06,1.79999918e+00
2.87722800e-06,1.80000081e+00
2.87732800e-06,1.79999919e+00
2.87742800e-06,1.80000081e+00
2.87752800e-06,1.79999919e+00
2.87762800e-06,1.80000080e+00
2.87772800e-06,1.79999919e+00
2.87782800e-06,1.80000080e+00
2.87792800e-06,1.79999920e+00
2.87802800e-06,1.80000079e+00
2.87812800e-06,1.79999920e+00
2.87822800e-06,1.80000079e+00
2.87832800e-06,1.79999921e+00
2.87842800e-06,1.80000079e+00
2.87852800e-06,1.79999921e+00
2.87862800e-06,1.80000078e+00
2.87872800e-06,1.79999921e+00
2.87882800e-06,1.80000078e+00
2.87892800e-06,1.79999922e+00
2.87902800e-06,1.80000078e+00
2.87912800e-06,1.79999922e+00
2.87922800e-06,1.80000077e+00
2.87932800e-06,1.79999923e+00
2.87942800e-06,1.80000077e+00
2.87952800e-06,1.79999923e+00
2.87962800e-06,1.80000076e+00
2.87972800e-06,1.79999923e+00
2.87982800e-06,1.80000076e+00
2.87992800e-06,1.79999924e+00
2.88002800e-06,1.80000076e+00
2.88012800e-06,1.79999924e+00
2.88022800e-06,1.80000075e+00
2.88032800e-06,1.79999924e+00
2.88042800e-06,1.80000075e+00
2.88052800e-06,1.79999925e+00
2.88062800e-06,1.80000075e+00
2.88072800e-06,1.79999925e+00
2.88082800e-06,1.80000074e+00
2.88092800e-06,1.79999926e+00
2.88102800e-06,1.80000074e+00
2.88112800e-06,1.79999926e+00
2.88122800e-06,1.80000074e+00
2.88132800e-06,1.79999926e+00
2.88142800e-06,1.80000073e+00
2.88152800e-06,1.79999927e+00
2.88162800e-06,1.80000073e+00
2.88172800e-06,1.79999927e+00
2.88182800e-06,1.80000073e+00
2.88192800e-06,1.79999928e+00
2.88202800e-06,1.80000072e+00
2.88212800e-06,1.79999928e+00
2.88222800e-06,1.80000072e+00
2.88232800e-06,1.79999928e+00
2.88242800e-06,1.80000072e+00
2.88252800e-06,1.79999929e+00
2.88262800e-06,1.80000071e+00
2.88272800e-06,1.79999929e+00
2.88282800e-06,1.80000071e+00
2.88292800e-06,1.79999929e+00
2.88302800e-06,1.80000071e+00
2.88312800e-06,1.79999930e+00
2.88322800e-06,1.80000070e+00
2.88332800e-06,1.79999930e+00
2.88342800e-06,1.80000070e+00
2.88352800e-06,1.79999931e+00
2.88362800e-06,1.80000070e+00
2.88372800e-06,1.79999931e+00
2.88382800e-06,1.80000069e+00
2.88392800e-06,1.79999931e+00
2.88402800e-06,1.80000069e+00
2.88412800e-06,1.79999932e+00
2.88422800e-06,1.80000069e+00
2.88432800e-06,1.79999932e+00
2.88442800e-06,1.80000068e+00
2.88452800e-06,1.79999932e+00
2.88462800e-06,1.80000068e+00
2.88472800e-06,1.79999933e+00
2.88482800e-06,1.80000068e+00
2.88492800e-06,1.79999933e+00
2.88502800e-06,1.80000067e+00
2.88512800e-06,1.79999933e+00
2.88522800e-06,1.80000067e+00
2.88532800e-06,1.79999934e+00
2.88542800e-06,1.80000067e+00
2.88552800e-06,1.79999934e+00
2.88562800e-06,1.80000066e+00
2.88572800e-06,1.79999934e+00
2.88582800e-06,1.80000066e+00
2.88592800e-06,1.79999935e+00
2.88602800e-06,1.80000066e+00
2.88612800e-06,1.79999935e+00
2.88622800e-06,1.80000065e+00
2.88632800e-06,1.79999936e+00
2.88642800e-06,1.80000065e+00
2.88652800e-06,1.79999936e+00
2.88662800e-06,1.80000065e+00
2.88672800e-06,1.79999936e+00
2.88682800e-06,1.80000064e+00
2.88692800e-06,1.79999937e+00
2.88702800e-06,1.80000064e+00
2.88712800e-06,1.79999937e+00
2.88722800e-06,1.80000064e+00
2.88732800e-06,1.79999937e+00
2.88742800e-06,1.80000064e+00
2.88752800e-06,1.79999938e+00
2.88762800e-06,1.80000063e+00
2.88772800e-06,1.79999938e+00
2.88782800e-06,1.80000063e+00
2.88792800e-06,1.79999938e+00
2.88802800e-06,1.80000063e+00
2.88812800e-06,1.79999939e+00
2.88822800e-06,1.80000062e+00
2.88832800e-06,1.79999939e+00
2.88842800e-06,1.80000062e+00
2.88852800e-06,1.79999939e+00
2.88862800e-06,1.80000062e+00
2.88872800e-06,1.79999940e+00
2.88882800e-06,1.80000061e+00
2.88892800e-06,1.79999940e+00
2.88902800e-06,1.80000061e+00
2.88912800e-06,1.79999940e+00
2.88922800e-06,1.80000061e+00
2.88932800e-06,1.79999941e+00
2.88942800e-06,1.80000060e+00
2.88952800e-06,1.79999941e+00
2.88962800e-06,1.80000060e+00
2.88972800e-06,1.79999941e+00
2.88982800e-06,1.80000060e+00
2.88992800e-06,1.79999942e+00
2.89002800e-06,1.80000060e+00
2.89012800e-06,1.79999942e+00
2.89022800e-06,1.80000059e+00
2.89032800e-06,1.79999942e+00
2.89042800e-06,1.80000059e+00
2.89052800e-06,1.79999943e+00
2.89062800e-06,1.80000059e+00
2.89072800e-06,1.79999943e+00
2.89082800e-06,1.80000058e+00
2.89092800e-06,1.79999943e+00
2.89102800e-06,1.80000058e+00
2.89112800e-06,1.79999944e+00
2.89122800e-06,1.80000058e+00
2.89132800e-06,1.79999944e+00
2.89142800e-06,1.80000058e+00
2.89152800e-06,1.79999944e+00
2.89162800e-06,1.80000057e+00
2.89172800e-06,1.79999945e+00
2.89182800e-06,1.80000057e+00
2.89192800e-06,1.79999945e+00
2.89202800e-06,1.80000057e+00
2.89212800e-06,1.79999945e+00
2.89222800e-06,1.80000056e+00
2.89232800e-06,1.79999946e+00
2.89242800e-06,1.80000056e+00
2.89252800e-06,1.79999946e+00
2.89262800e-06,1.80000056e+00
2.89272800e-06,1.79999946e+00
2.89282800e-06,1.80000056e+00
2.89292800e-06,1.79999947e+00
2.89302800e-06,1.80000055e+00
2.89312800e-06,1.79999947e+00
2.89322800e-06,1.80000055e+00
2.89332800e-06,1.79999947e+00
2.89342800e-06,1.80000055e+00
2.89352800e-06,1.79999948e+00
2.89362800e-06,1.80000055e+00
2.89372800e-06,1.79999948e+00
2.89382800e-06,1.80000054e+00
2.89392800e-06,1.79999948e+00
2.89402800e-06,1.80000054e+00
2.89412800e-06,1.79999949e+00
2.89422800e-06,1.80000054e+00
2.89432800e-06,1.79999949e+00
2.89442800e-06,1.80000053e+00
2.89452800e-06,1.79999949e+00
2.89462800e-06,1.80000053e+00
2.89472800e-06,1.79999949e+00
2.89482800e-06,1.80000053e+00
2.89492800e-06,1.79999950e+00
2.89502800e-06,1.80000053e+00
2.89512800e-06,1.79999950e+00
2.89522800e-06,1.80000052e+00
2.89532800e-06,1.79999950e+00
2.89542800e-06,1.80000052e+00
2.89552800e-06,1.79999951e+00
2.89562800e-06,1.80000052e+00
2.89572800e-06,1.79999951e+00
2.89582800e-06,1.80000052e+00
2.89592800e-06,1.79999951e+00
2.89602800e-06,1.80000051e+00
2.89612800e-06,1.79999952e+00
2.89622800e-06,1.80000051e+00
2.89632800e-06,1.79999952e+00
2.89642800e-06,1.80000051e+00
2.89652800e-06,1.79999952e+00
2.89662800e-06,1.80000051e+00
2.89672800e-06,1.79999953e+00
2.89682800e-06,1.80000050e+00
2.89692800e-06,1.79999953e+00
2.89702800e-06,1.80000050e+00
2.89712800e-06,1.79999953e+00
2.89722800e-06,1.80000050e+00
2.89732800e-06,1.79999953e+00
2.89742800e-06,1.80000050e+00
2.89752800e-06,1.79999954e+00
2.89762800e-06,1.80000049e+00
2.89772800e-06,1.79999954e+00
2.89782800e-06,1.80000049e+00
2.89792800e-06,1.79999954e+00
2.89802800e-06,1.80000049e+00
2.89812800e-06,1.79999955e+00
2.89822800e-06,1.80000049e+00
2.89832800e-06,1.79999955e+00
2.89842800e-06,1.80000048e+00
2.89852800e-06,1.79999955e+00
2.89862800e-06,1.80000048e+00
2.89872800e-06,1.79999956e+00
2.89882800e-06,1.80000048e+00
2.89892800e-06,1.79999956e+00
2.89902800e-06,1.80000048e+00
2.89912800e-06,1.79999956e+00
2.89922800e-06,1.80000047e+00
2.89932800e-06,1.79999956e+00
2.89942800e-06,1.80000047e+00
2.89952800e-06,1.79999957e+00
2.89962800e-06,1.80000047e+00
2.89972800e-06,1.79999957e+00
2.89982800e-06,1.80000047e+00
2.89992800e-06,1.79999957e+00
2.90002800e-06,1.80000046e+00
2.90012800e-06,1.79999958e+00
2.90022800e-06,1.80000046e+00
2.90032800e-06,1.79999958e+00
2.90042800e-06,1.80000046e+00
2.90052800e-06,1.79999958e+00
2.90062800e-06,1.80000046e+00
2.90072800e-06,1.79999958e+00
2.90082800e-06,1.80000046e+00
2.90092800e-06,1.79999959e+00
2.90102800e-06,1.80000045e+00
2.90112800e-06,1.79999959e+00
2.90122800e-06,1.80000045e+00
2.90132800e-06,1.79999959e+00
2.90142800e-06,1.80000045e+00
2.90152800e-06,1.79999960e+00
2.90162800e-06,1.80000045e+00
2.90172800e-06,1.79999960e+00
2.90182800e-06,1.80000044e+00
2.90192800e-06,1.79999960e+00
2.90202800e-06,1.80000044e+00
2.90212800e-06,1.79999960e+00
2.90222800e-06,1.80000044e+00
2.90232800e-06,1.79999961e+00
2.90242800e-06,1.80000044e+00
2.90252800e-06,1.79999961e+00
2.90262800e-06,1.80000043e+00
2.90272800e-06,1.79999961e+00
2.90282800e-06,1.80000043e+00
2.90292800e-06,1.79999962e+00
2.90302800e-06,1.80000043e+00
2.90312800e-06,1.79999962e+00
2.90322800e-06,1.80000043e+00
2.90332800e-06,1.79999962e+00
2.90342800e-06,1.80000043e+00
2.90352800e-06,1.79999962e+00
2.90362800e-06,1.80000042e+00
2.90372800e-06,1.79999963e+00
2.90382800e-06,1.80000042e+00
2.90392800e-06,1.79999963e+00
2.90402800e-06,1.80000042e+00
2.90412800e-06,1.79999963e+00
2.90422800e-06,1.80000042e+00
2.90432800e-06,1.79999963e+00
2.90442800e-06,1.80000042e+00
2.90452800e-06,1.79999964e+00
2.90462800e-06,1.80000041e+00
2.90472800e-06,1.79999964e+00
2.90482800e-06,1.80000041e+00
2.90492800e-06,1.79999964e+00
2.90502800e-06,1.80000041e+00
2.90512800e-06,1.79999965e+00
2.90522800e-06,1.80000041e+00
2.90532800e-06,1.79999965e+00
2.90542800e-06,1.80000040e+00
2.90552800e-06,1.79999965e+00
2.90562800e-06,1.80000040e+00
2.90572800e-06,1.79999965e+00
2.90582800e-06,1.80000040e+00
2.90592800e-06,1.79999966e+00
2.90602800e-06,1.80000040e+00
2.90612800e-06,1.79999966e+00
2.90622800e-06,1.80000040e+00
2.90632800e-06,1.79999966e+00
2.90642800e-06,1.80000039e+00
2.90652800e-06,1.79999966e+00
2.90662800e-06,1.80000039e+00
2.90672800e-06,1.79999967e+00
2.90682800e-06,1.80000039e+00
2.90692800e-06,1.79999967e+00
2.90702800e-06,1.80000039e+00
2.90712800e-06,1.79999967e+00
2.90722800e-06,1.80000039e+00
2.90732800e-06,1.79999967e+00
2.90742800e-06,1.80000038e+00
2.90752800e-06,1.79999968e+00
2.90762800e-06,1.80000038e+00
2.90772800e-06,1.79999968e+00
2.90782800e-06,1.80000038e+00
2.90792800e-06,1.79999968e+00
2.90802800e-06,1.80000038e+00
2.90812800e-06,1.79999969e+00
2.90822800e-06,1.80000038e+00
2.90832800e-06,1.79999969e+00
2.90842800e-06,1.80000038e+00
2.90852800e-06,1.79999969e+00
2.90862800e-06,1.80000037e+00
2.90872800e-06,1.79999969e+00
2.90882800e-06,1.80000037e+00
2.90892800e-06,1.79999970e+00
2.90902800e-06,1.80000037e+00
2.90912800e-06,1.79999970e+00
2.90922800e-06,1.80000037e+00
2.90932800e-06,1.79999970e+00
2.90942800e-06,1.80000037e+00
2.90952800e-06,1.79999970e+00
2.90962800e-06,1.80000036e+00
2.90972800e-06,1.79999971e+00
2.90982800e-06,1.80000036e+00
2.90992800e-06,1.79999971e+00
2.91002800e-06,1.80000036e+00
2.91012800e-06,1.79999971e+00
2.91022800e-06,1.80000036e+00
2.91032800e-06,1.79999971e+00
2.91042800e-06,1.80000036e+00
2.91052800e-06,1.79999972e+00
2.91062800e-06,1.80000035e+00
2.91072800e-06,1.79999972e+00
2.91082800e-06,1.80000035e+00
2.91092800e-06,1.79999972e+00
2.91102800e-06,1.80000035e+00
2.91112800e-06,1.79999972e+00
2.91122800e-06,1.80000035e+00
2.91132800e-06,1.79999973e+00
2.91142800e-06,1.80000035e+00
2.91152800e-06,1.79999973e+00
2.91162800e-06,1.80000035e+00
2.91172800e-06,1.79999973e+00
2.91182800e-06,1.80000034e+00
2.91192800e-06,1.79999973e+00
2.91202800e-06,1.80000034e+00
2.91212800e-06,1.79999974e+00
2.91222800e-06,1.80000034e+00
2.91232800e-06,1.79999974e+00
2.91242800e-06,1.80000034e+00
2.91252800e-06,1.79999974e+00
2.91262800e-06,1.80000034e+00
2.91272800e-06,1.79999974e+00
2.91282800e-06,1.80000034e+00
2.91292800e-06,1.79999975e+00
2.91302800e-06,1.80000033e+00
2.91312800e-06,1.79999975e+00
2.91322800e-06,1.80000033e+00
2.91332800e-06,1.79999975e+00
2.91342800e-06,1.80000033e+00
2.91352800e-06,1.79999975e+00
2.91362800e-06,1.80000033e+00
2.91372800e-06,1.79999976e+00
2.91382800e-06,1.80000033e+00
2.91392800e-06,1.79999976e+00
2.91402800e-06,1.80000033e+00
2.91412800e-06,1.79999976e+00
2.91422800e-06,1.80000032e+00
2.91432800e-06,1.79999976e+00
2.91442800e-06,1.80000032e+00
2.91452800e-06,1.79999977e+00
2.91462800e-06,1.80000032e+00
2.91472800e-06,1.79999977e+00
2.91482800e-06,1.80000032e+00
2.91492800e-06,1.79999977e+00
2.91502800e-06,1.80000032e+00
2.91512800e-06,1.79999977e+00
2.91522800e-06,1.80000032e+00
2.91532800e-06,1.79999978e+00
2.91542800e-06,1.80000031e+00
2.91552800e-06,1.79999978e+00
2.91562800e-06,1.80000031e+00
2.91572800e-06,1.79999978e+00
2.91582800e-06,1.80000031e+00
2.91592800e-06,1.79999978e+00
2.91602800e-06,1.80000031e+00
2.91612800e-06,1.79999979e+00
2.91622800e-06,1.80000031e+00
2.91632800e-06,1.79999979e+00
2.91642800e-06,1.80000031e+00
2.91652800e-06,1.79999979e+00
2.91662800e-06,1.80000031e+00
2.91672800e-06,1.79999979e+00
2.91682800e-06,1.80000030e+00
2.91692800e-06,1.79999980e+00
2.91702800e-06,1.80000030e+00
2.91712800e-06,1.79999980e+00
2.91722800e-06,1.80000030e+00
2.91732800e-06,1.79999980e+00
2.91742800e-06,1.80000030e+00
2.91752800e-06,1.79999980e+00
2.91762800e-06,1.80000030e+00
2.91772800e-06,1.79999980e+00
2.91782800e-06,1.80000030e+00
2.91792800e-06,1.79999981e+00
2.91802800e-06,1.80000030e+00
2.91812800e-06,1.79999981e+00
2.91822800e-06,1.80000029e+00
2.91832800e-06,1.79999981e+00
2.91842800e-06,1.80000029e+00
2.91852800e-06,1.79999981e+00
2.91862800e-06,1.80000029e+00
2.91872800e-06,1.79999982e+00
2.91882800e-06,1.80000029e+00
2.91892800e-06,1.79999982e+00
2.91902800e-06,1.80000029e+00
2.91912800e-06,1.79999982e+00
2.91922800e-06,1.80000029e+00
2.91932800e-06,1.79999982e+00
2.91942800e-06,1.80000029e+00
2.91952800e-06,1.79999983e+00
2.91962800e-06,1.80000028e+00
2.91972800e-06,1.79999983e+00
2.91982800e-06,1.80000028e+00
2.91992800e-06,1.79999983e+00
2.92002800e-06,1.80000028e+00
2.92012800e-06,1.79999983e+00
2.92022800e-06,1.80000028e+00
2.92032800e-06,1.79999984e+00
2.92042800e-06,1.80000028e+00
2.92052800e-06,1.79999984e+00
2.92062800e-06,1.80000028e+00
2.92072800e-06,1.79999984e+00
2.92082800e-06,1.80000028e+00
2.92092800e-06,1.79999984e+00
2.92102800e-06,1.80000028e+00
2.92112800e-06,1.79999985e+00
2.92122800e-06,1.80000027e+00
2.92132800e-06,1.79999985e+00
2.92142800e-06,1.80000027e+00
2.92152800e-06,1.79999985e+00
2.92162800e-06,1.80000027e+00
2.92172800e-06,1.79999985e+00
2.92182800e-06,1.80000027e+00
2.92192800e-06,1.79999985e+00
2.92202800e-06,1.80000027e+00
2.92212800e-06,1.79999986e+00
2.92222800e-06,1.80000027e+00
2.92232800e-06,1.79999986e+00
2.92242800e-06,1.80000027e+00
2.92252800e-06,1.79999986e+00
2.92262800e-06,1.80000027e+00
2.92272800e-06,1.79999986e+00
2.92282800e-06,1.80000027e+00
2.92292800e-06,1.79999987e+00
2.92302800e-06,1.80000026e+00
2.92312800e-06,1.79999987e+00
2.92322800e-06,1.80000026e+00
2.92332800e-06,1.79999987e+00
2.92342800e-06,1.80000026e+00
2.92352800e-06,1.79999987e+00
2.92362800e-06,1.80000026e+00
2.92372800e-06,1.79999988e+00
2.92382800e-06,1.80000026e+00
2.92392800e-06,1.79999988e+00
2.92402800e-06,1.80000026e+00
2.92412800e-06,1.79999988e+00
2.92422800e-06,1.80000026e+00
2.92432800e-06,1.79999988e+00
2.92442800e-06,1.80000026e+00
2.92452800e-06,1.79999988e+00
2.92462800e-06,1.80000026e+00
2.92472800e-06,1.79999989e+00
2.92482800e-06,1.80000025e+00
2.92492800e-06,1.79999989e+00
2.92502800e-06,1.80000025e+00
2.92512800e-06,1.79999989e+00
2.92522800e-06,1.80000025e+00
2.92532800e-06,1.79999989e+00
2.92542800e-06,1.80000025e+00
2.92552800e-06,1.79999990e+00
2.92562800e-06,1.80000025e+00
2.92572800e-06,1.79999990e+00
2.92582800e-06,1.80000025e+00
2.92592800e-06,1.79999990e+00
2.92602800e-06,1.80000025e+00
2.92612800e-06,1.79999990e+00
2.92622800e-06,1.80000025e+00
2.92632800e-06,1.79999991e+00
2.92642800e-06,1.80000025e+00
2.92652800e-06,1.79999991e+00
2.92662800e-06,1.80000025e+00
2.92672800e-06,1.79999991e+00
2.92682800e-06,1.80000024e+00
2.92692800e-06,1.79999991e+00
2.92702800e-06,1.80000024e+00
2.92712800e-06,1.79999991e+00
2.92722800e-06,1.80000024e+00
2.92732800e-06,1.79999992e+00
2.92742800e-06,1.80000024e+00
2.92752800e-06,1.79999992e+00
2.92762800e-06,1.80000024e+00
2.92772800e-06,1.79999992e+00
2.92782800e-06,1.80000024e+00
2.92792800e-06,1.79999992e+00
2.92802800e-06,1.80000024e+00
2.92812800e-06,1.79999993e+00
2.92822800e-06,1.80000024e+00
2.92832800e-06,1.79999993e+00
2.92842800e-06,1.80000024e+00
2.92852800e-06,1.79999993e+00
2.92862800e-06,1.80000024e+00
2.92872800e-06,1.79999993e+00
2.92882800e-06,1.80000024e+00
2.92892800e-06,1.79999993e+00
2.92902800e-06,1.80000023e+00
2.92912800e-06,1.79999994e+00
2.92922800e-06,1.80000023e+00
2.92932800e-06,1.79999994e+00
2.92942800e-06,1.80000023e+00
2.92952800e-06,1.79999994e+00
2.92962800e-06,1.80000023e+00
2.92972800e-06,1.79999994e+00
2.92982800e-06,1.80000023e+00
2.92992800e-06,1.79999995e+00
2.93002800e-06,1.80000023e+00
2.93012800e-06,1.79999995e+00
2.93022800e-06,1.80000023e+00
2.93032800e-06,1.79999995e+00
2.93042800e-06,1.80000023e+00
2.93052800e-06,1.79999995e+00
2.93062800e-06,1.80000023e+00
2.93072800e-06,1.79999995e+00
2.93082800e-06,1.80000023e+00
2.93092800e-06,1.79999996e+00
2.93102800e-06,1.80000023e+00
2.93112800e-06,1.79999996e+00
2.93122800e-06,1.80000023e+00
2.93132800e-06,1.79999996e+00
2.93142800e-06,1.80000023e+00
2.93152800e-06,1.79999996e+00
2.93162800e-06,1.80000023e+00
2.93172800e-06,1.79999997e+00
2.93182800e-06,1.80000022e+00
2.93192800e-06,1.79999997e+00
2.93202800e-06,1.80000022e+00
2.93212800e-06,1.79999997e+00
2.93222800e-06,1.80000022e+00
2.93232800e-06,1.79999997e+00
2.93242800e-06,1.80000022e+00
2.93252800e-06,1.79999998e+00
2.93262800e-06,1.80000022e+00
2.93272800e-06,1.79999998e+00
2.93282800e-06,1.80000022e+00
2.93292800e-06,1.79999998e+00
2.93302800e-06,1.80000022e+00
2.93312800e-06,1.79999998e+00
2.93322800e-06,1.80000022e+00
2.93332800e-06,1.79999998e+00
2.93342800e-06,1.80000022e+00
2.93352800e-06,1.79999999e+00
2.93362800e-06,1.80000022e+00
2.93372800e-06,1.79999999e+00
2.93382800e-06,1.80000022e+00
2.93392800e-06,1.79999999e+00
2.93402800e-06,1.80000022e+00
2.93412800e-06,1.79999999e+00
2.93422800e-06,1.80000022e+00
2.93432800e-06,1.80000000e+00
2.93442800e-06,1.80000022e+00
2.93452800e-06,1.80000000e+00
2.93462800e-06,1.80000022e+00
2.93472800e-06,1.80000000e+00
2.93482800e-06,1.80000022e+00
2.93492800e-06,1.80000000e+00
2.93502800e-06,1.80000022e+00
2.93512800e-06,1.80000000e+00
2.93522800e-06,1.80000021e+00
2.93532800e-06,1.80000001e+00
2.93542800e-06,1.80000021e+00
2.93552800e-06,1.80000001e+00
2.93562800e-06,1.80000021e+00
2.93572800e-06,1.80000001e+00
2.93582800e-06,1.80000021e+00
2.93592800e-06,1.80000001e+00
2.93602800e-06,1.80000021e+00
2.93612800e-06,1.80000002e+00
2.93622800e-06,1.80000021e+00
2.93632800e-06,1.80000002e+00
2.93642800e-06,1.80000021e+00
2.93652800e-06,1.80000002e+00
2.93662800e-06,1.80000021e+00
2.93672800e-06,1.80000002e+00
2.93682800e-06,1.80000021e+00
2.93692800e-06,1.80000003e+00
2.93702800e-06,1.80000021e+00
2.93712800e-06,1.80000003e+00
2.93722800e-06,1.80000021e+00
2.93732800e-06,1.80000003e+00
2.93742800e-06,1.80000021e+00
2.93752800e-06,1.80000003e+00
2.93762800e-06,1.80000021e+00
2.93772800e-06,1.80000003e+00
2.93782800e-06,1.80000021e+00
2.93792800e-06,1.80000004e+00
2.93802800e-06,1.80000021e+00
2.93812800e-06,1.80000004e+00
2.93822800e-06,1.80000021e+00
2.93832800e-06,1.80000004e+00
2.93842800e-06,1.80000021e+00
2.93852800e-06,1.80000004e+00
2.93862800e-06,1.80000021e+00
2.93872800e-06,1.80000005e+00
2.93882800e-06,1.80000021e+00
2.93892800e-06,1.80000005e+00
2.93902800e-06,1.80000021e+00
2.93912800e-06,1.80000005e+00
2.93922800e-06,1.80000021e+00
2.93932800e-06,1.80000005e+00
2.93942800e-06,1.80000020e+00
2.93952800e-06,1.80000006e+00
2.93962800e-06,1.80000020e+00
2.93972800e-06,1.80000006e+00
2.93982800e-06,1.80000020e+00
2.93992800e-06,1.80000006e+00
2.94002800e-06,1.80000020e+00
2.94012800e-06,1.80000006e+00
2.94022800e-06,1.80000020e+00
2.94032800e-06,1.80000007e+00
2.94042800e-06,1.80000020e+00
2.94052800e-06,1.80000007e+00
2.94062800e-06,1.80000020e+00
2.94072800e-06,1.80000007e+00
2.94082800e-06,1.80000020e+00
2.94092800e-06,1.80000007e+00
2.94102800e-06,1.80000020e+00
2.94112800e-06,1.80000008e+00
2.94122800e-06,1.80000020e+00
2.94132800e-06,1.80000008e+00
2.94142800e-06,1.80000020e+00
2.94152800e-06,1.80000008e+00
2.94162800e-06,1.80000020e+00
2.94172800e-06,1.80000008e+00
2.94182800e-06,1.80000020e+00
2.94192800e-06,1.80000009e+00
2.94202800e-06,1.80000020e+00
2.94212800e-06,1.80000009e+00
2.94222800e-06,1.80000020e+00
2.94232800e-06,1.80000009e+00
2.94242800e-06,1.80000020e+00
2.94252800e-06,1.80000009e+00
2.94262800e-06,1.80000020e+00
2.94272800e-06,1.80000010e+00
2.94282800e-06,1.80000020e+00
2.94292800e-06,1.80000010e+00
2.94302800e-06,1.80000020e+00
2.94312800e-06,1.80000010e+00
2.94322800e-06,1.80000020e+00
2.94332800e-06,1.80000010e+00
2.94342800e-06,1.80000020e+00
2.94352800e-06,1.80000011e+00
2.94362800e-06,1.80000020e+00
2.94372800e-06,1.80000011e+00
2.94382800e-06,1.80000020e+00
2.94392800e-06,1.80000011e+00
2.94402800e-06,1.80000020e+00
2.94412800e-06,1.80000011e+00
2.94422800e-06,1.80000020e+00
2.94432800e-06,1.80000012e+00
2.94442800e-06,1.80000020e+00
2.94452800e-06,1.80000012e+00
2.94462800e-06,1.80000020e+00
2.94472800e-06,1.80000012e+00
2.94482800e-06,1.80000020e+00
2.94492800e-06,1.80000012e+00
2.94502800e-06,1.80000020e+00
2.94512800e-06,1.80000013e+00
2.94522800e-06,1.80000020e+00
2.94532800e-06,1.80000013e+00
2.94542800e-06,1.80000020e+00
2.94552800e-06,1.80000013e+00
2.94562800e-06,1.80000020e+00
2.94572800e-06,1.80000014e+00
2.94582800e-06,1.80000020e+00
2.94592800e-06,1.80000014e+00
2.94602800e-06,1.80000020e+00
2.94612800e-06,1.80000014e+00
2.94622800e-06,1.80000020e+00
2.94632800e-06,1.80000014e+00
2.94642800e-06,1.80000020e+00
2.94652800e-06,1.80000015e+00
2.94662800e-06,1.80000020e+00
2.94672800e-06,1.80000015e+00
2.94682800e-06,1.80000020e+00
2.94692800e-06,1.80000015e+00
2.94702800e-06,1.80000020e+00
2.94712800e-06,1.80000015e+00
2.94722800e-06,1.80000020e+00
2.94732800e-06,1.80000016e+00
2.94742800e-06,1.80000020e+00
2.94752800e-06,1.80000016e+00
2.94762800e-06,1.80000020e+00
2.94772800e-06,1.80000016e+00
2.94782800e-06,1.80000020e+00
2.94792800e-06,1.80000017e+00
2.94802800e-06,1.80000020e+00
2.94812800e-06,1.80000017e+00
2.94822800e-06,1.80000020e+00
2.94832800e-06,1.80000017e+00
2.94842800e-06,1.80000020e+00
2.94852800e-06,1.80000017e+00
2.94862800e-06,1.80000020e+00
2.94872800e-06,1.80000018e+00
2.94882800e-06,1.80000020e+00
2.94892800e-06,1.80000018e+00
2.94902800e-06,1.80000020e+00
2.94912800e-06,1.80000018e+00
2.94922800e-06,1.80000020e+00
2.94932800e-06,1.80000018e+00
2.94942800e-06,1.80000020e+00
2.94952800e-06,1.80000019e+00
2.94962800e-06,1.80000020e+00
2.94972800e-06,1.80000019e+00
2.94982800e-06,1.80000020e+00
2.94992800e-06,1.80000019e+00
2.95002800e-06,1.80000020e+00
2.95012800e-06,1.80000019e+00
2.95022800e-06,1.80000020e+00
2.95032800e-06,1.80000020e+00
2.95042800e-06,1.80000020e+00
2.95052800e-06,1.80000020e+00
2.95062800e-06,1.80000020e+00
2.95072800e-06,1.80000020e+00
2.95082800e-06,1.80000020e+00
2.95092800e-06,1.80000020e+00
2.95102800e-06,1.80000020e+00
2.95112800e-06,1.80000021e+00
2.95122800e-06,1.80000020e+00
2.95132800e-06,1.80000021e+00
2.95142800e-06,1.80000020e+00
2.95152800e-06,1.80000021e+00
2.95162800e-06,1.80000020e+00
2.95172800e-06,1.80000022e+00
2.95182800e-06,1.80000020e+00
2.95192800e-06,1.80000022e+00
2.95202800e-06,1.80000020e+00
2.95212800e-06,1.80000022e+00
2.95222800e-06,1.80000020e+00
2.95232800e-06,1.80000022e+00
2.95242800e-06,1.80000020e+00
2.95252800e-06,1.80000023e+00
2.95262800e-06,1.80000020e+00
2.95272800e-06,1.80000023e+00
2.95282800e-06,1.80000020e+00
2.95292800e-06,1.80000023e+00
2.95302800e-06,1.80000020e+00
2.95312800e-06,1.80000023e+00
2.95322800e-06,1.80000020e+00
2.95332800e-06,1.80000024e+00
2.95342800e-06,1.80000021e+00
2.95352800e-06,1.80000024e+00
2.95362800e-06,1.80000021e+00
2.95372800e-06,1.80000024e+00
2.95382800e-06,1.80000021e+00
2.95392800e-06,1.80000024e+00
2.95402800e-06,1.80000021e+00
2.95412800e-06,1.80000025e+00
2.95422800e-06,1.80000021e+00
2.95432800e-06,1.80000025e+00
2.95442800e-06,1.80000021e+00
2.95452800e-06,1.80000025e+00
2.95462800e-06,1.80000021e+00
2.95472800e-06,1.80000026e+00
2.95482800e-06,1.80000021e+00
2.95492800e-06,1.80000026e+00
2.95502800e-06,1.80000021e+00
2.95512800e-06,1.80000026e+00
2.95522800e-06,1.80000021e+00
2.95532800e-06,1.80000026e+00
2.95542800e-06,1.80000021e+00
2.95552800e-06,1.80000027e+00
2.95562800e-06,1.80000021e+00
2.95572800e-06,1.80000027e+00
2.95582800e-06,1.80000021e+00
2.95592800e-06,1.80000027e+00
2.95602800e-06,1.80000021e+00
2.95612800e-06,1.80000027e+00
2.95622800e-06,1.80000021e+00
2.95632800e-06,1.80000028e+00
2.95642800e-06,1.80000021e+00
2.95652800e-06,1.80000028e+00
2.95662800e-06,1.80000021e+00
2.95672800e-06,1.80000028e+00
2.95682800e-06,1.80000021e+00
2.95692800e-06,1.80000029e+00
2.95702800e-06,1.80000022e+00
2.95712800e-06,1.80000029e+00
2.95722800e-06,1.80000022e+00
2.95732800e-06,1.80000029e+00
2.95742800e-06,1.80000022e+00
2.95752800e-06,1.80000029e+00
2.95762800e-06,1.80000022e+00
2.95772800e-06,1.80000030e+00
2.95782800e-06,1.80000022e+00
2.95792800e-06,1.80000030e+00
2.95802800e-06,1.80000022e+00
2.95812800e-06,1.80000030e+00
2.95822800e-06,1.80000022e+00
2.95832800e-06,1.80000031e+00
2.95842800e-06,1.80000022e+00
2.95852800e-06,1.80000031e+00
2.95862800e-06,1.80000022e+00
2.95872800e-06,1.80000031e+00
2.95882800e-06,1.80000022e+00
2.95892800e-06,1.80000031e+00
2.95902800e-06,1.80000022e+00
2.95912800e-06,1.80000032e+00
2.95922800e-06,1.80000022e+00
2.95932800e-06,1.80000032e+00
2.95942800e-06,1.80000022e+00
2.95952800e-06,1.80000032e+00
2.95962800e-06,1.80000023e+00
2.95972800e-06,1.80000033e+00
2.95982800e-06,1.80000023e+00
2.95992800e-06,1.80000033e+00
2.96002800e-06,1.80000023e+00
2.96012800e-06,1.80000033e+00
2.96022800e-06,1.80000023e+00
2.96032800e-06,1.80000033e+00
2.96042800e-06,1.80000023e+00
2.96052800e-06,1.80000034e+00
2.96062800e-06,1.80000023e+00
2.96072800e-06,1.80000034e+00
2.96082800e-06,1.80000023e+00
2.96092800e-06,1.80000034e+00
2.96102800e-06,1.80000023e+00
2.96112800e-06,1.80000035e+00
2.96122800e-06,1.80000023e+00
2.96132800e-06,1.80000035e+00
2.96142800e-06,1.80000023e+00
2.96152800e-06,1.80000035e+00
2.96162800e-06,1.80000023e+00
2.96172800e-06,1.80000035e+00
2.96182800e-06,1.80000024e+00
2.96192800e-06,1.80000036e+00
2.96202800e-06,1.80000024e+00
2.96212800e-06,1.80000036e+00
2.96222800e-06,1.80000024e+00
2.96232800e-06,1.80000036e+00
2.96242800e-06,1.80000024e+00
2.96252800e-06,1.80000037e+00
2.96262800e-06,1.80000024e+00
2.96272800e-06,1.80000037e+00
2.96282800e-06,1.80000024e+00
2.96292800e-06,1.80000037e+00
2.96302800e-06,1.80000024e+00
2.96312800e-06,1.80000038e+00
2.96322800e-06,1.80000024e+00
2.96332800e-06,1.80000038e+00
2.96342800e-06,1.80000024e+00
2.96352800e-06,1.80000038e+00
2.96362800e-06,1.80000025e+00
2.96372800e-06,1.80000038e+00
2.96382800e-06,1.80000025e+00
2.96392800e-06,1.80000039e+00
2.96402800e-06,1.80000025e+00
2.96412800e-06,1.80000039e+00
2.96422800e-06,1.80000025e+00
2.96432800e-06,1.80000039e+00
2.96442800e-06,1.80000025e+00
2.96452800e-06,1.80000040e+00
2.96462800e-06,1.80000025e+00
2.96472800e-06,1.80000040e+00
2.96482800e-06,1.80000025e+00
2.96492800e-06,1.80000040e+00
2.96502800e-06,1.80000025e+00
2.96512800e-06,1.80000041e+00
2.96522800e-06,1.80000026e+00
2.96532800e-06,1.80000041e+00
2.96542800e-06,1.80000026e+00
2.96552800e-06,1.80000041e+00
2.96562800e-06,1.80000026e+00
2.96572800e-06,1.80000042e+00
2.96582800e-06,1.80000026e+00
2.96592800e-06,1.80000042e+00
2.96602800e-06,1.80000026e+00
2.96612800e-06,1.80000042e+00
2.96622800e-06,1.80000026e+00
2.96632800e-06,1.80000042e+00
2.96642800e-06,1.80000026e+00
2.96652800e-06,1.80000043e+00
2.96662800e-06,1.80000026e+00
2.96672800e-06,1.80000043e+00
2.96682800e-06,1.80000027e+00
2.96692800e-06,1.80000043e+00
2.96702800e-06,1.80000027e+00
2.96712800e-06,1.80000044e+00
2.96722800e-06,1.80000027e+00
2.96732800e-06,1.80000044e+00
2.96742800e-06,1.80000027e+00
2.96752800e-06,1.80000044e+00
2.96762800e-06,1.80000027e+00
2.96772800e-06,1.80000045e+00
2.96782800e-06,1.80000027e+00
2.96792800e-06,1.80000045e+00
2.96802800e-06,1.80000027e+00
2.96812800e-06,1.80000045e+00
2.96822800e-06,1.80000028e+00
2.96832800e-06,1.80000046e+00
2.96842800e-06,1.80000028e+00
2.96852800e-06,1.80000046e+00
2.96862800e-06,1.80000028e+00
2.96872800e-06,1.80000046e+00
2.96882800e-06,1.80000028e+00
2.96892800e-06,1.80000047e+00
2.96902800e-06,1.80000028e+00
2.96912800e-06,1.80000047e+00
2.96922800e-06,1.80000028e+00
2.96932800e-06,1.80000047e+00
2.96942800e-06,1.80000028e+00
2.96952800e-06,1.80000048e+00
2.96962800e-06,1.80000029e+00
2.96972800e-06,1.80000048e+00
2.96982800e-06,1.80000029e+00
2.96992800e-06,1.80000048e+00
2.97002800e-06,1.80000029e+00
2.97012800e-06,1.80000049e+00
2.97022800e-06,1.80000029e+00
2.97032800e-06,1.80000049e+00
2.97042800e-06,1.80000029e+00
2.97052800e-06,1.80000049e+00
2.97062800e-06,1.80000029e+00
2.97072800e-06,1.80000049e+00
2.97082800e-06,1.80000030e+00
2.97092800e-06,1.80000050e+00
2.97102800e-06,1.80000030e+00
2.97112800e-06,1.80000050e+00
2.97122800e-06,1.80000030e+00
2.97132800e-06,1.80000050e+00
2.97142800e-06,1.80000030e+00
2.97152800e-06,1.80000051e+00
2.97162800e-06,1.80000030e+00
2.97172800e-06,1.80000051e+00
2.97182800e-06,1.80000030e+00
2.97192800e-06,1.80000051e+00
2.97202800e-06,1.80000031e+00
2.97212800e-06,1.80000052e+00
2.97222800e-06,1.80000031e+00
2.97232800e-06,1.80000052e+00
2.97242800e-06,1.80000031e+00
2.97252800e-06,1.80000053e+00
2.97262800e-06,1.80000031e+00
2.97272800e-06,1.80000053e+00
2.97282800e-06,1.80000031e+00
2.97292800e-06,1.80000053e+00
2.97302800e-06,1.80000032e+00
2.97312800e-06,1.80000054e+00
2.97322800e-06,1.80000032e+00
2.97332800e-06,1.80000054e+00
2.97342800e-06,1.80000032e+00
2.97352800e-06,1.80000054e+00
2.97362800e-06,1.80000032e+00
2.97372800e-06,1.80000055e+00
2.97382800e-06,1.80000032e+00
2.97392800e-06,1.80000055e+00
2.97402800e-06,1.80000032e+00
2.97412800e-06,1.80000055e+00
2.97422800e-06,1.80000033e+00
2.97432800e-06,1.80000056e+00
2.97442800e-06,1.80000033e+00
2.97452800e-06,1.80000056e+00
2.97462800e-06,1.80000033e+00
2.97472800e-06,1.80000056e+00
2.97482800e-06,1.80000033e+00
2.97492800e-06,1.80000057e+00
2.97502800e-06,1.80000033e+00
2.97512800e-06,1.80000057e+00
2.97522800e-06,1.80000034e+00
2.97532800e-06,1.80000057e+00
2.97542800e-06,1.80000034e+00
2.97552800e-06,1.80000058e+00
2.97562800e-06,1.80000034e+00
2.97572800e-06,1.80000058e+00
2.97582800e-06,1.80000034e+00
2.97592800e-06,1.80000058e+00
2.97602800e-06,1.80000034e+00
2.97612800e-06,1.80000059e+00
2.97622800e-06,1.80000035e+00
2.97632800e-06,1.80000059e+00
2.97642800e-06,1.80000035e+00
2.97652800e-06,1.80000059e+00
2.97662800e-06,1.80000035e+00
2.97672800e-06,1.80000060e+00
2.97682800e-06,1.80000035e+00
2.97692800e-06,1.80000060e+00
2.97702800e-06,1.80000036e+00
2.97712800e-06,1.80000061e+00
2.97722800e-06,1.80000036e+00
2.97732800e-06,1.80000061e+00
2.97742800e-06,1.80000036e+00
2.97752800e-06,1.80000061e+00
2.97762800e-06,1.80000036e+00
2.97772800e-06,1.80000062e+00
2.97782800e-06,1.80000036e+00
2.97792800e-06,1.80000062e+00
2.97802800e-06,1.80000037e+00
2.97812800e-06,1.80000062e+00
2.97822800e-06,1.80000037e+00
2.97832800e-06,1.80000063e+00
2.97842800e-06,1.80000037e+00
2.97852800e-06,1.80000063e+00
2.97862800e-06,1.80000037e+00
2.97872800e-06,1.80000063e+00
2.97882800e-06,1.80000038e+00
2.97892800e-06,1.80000064e+00
2.97902800e-06,1.80000038e+00
2.97912800e-06,1.80000064e+00
2.97922800e-06,1.80000038e+00
2.97932800e-06,1.80000065e+00
2.97942800e-06,1.80000038e+00
2.97952800e-06,1.80000065e+00
2.97962800e-06,1.80000038e+00
2.97972800e-06,1.80000065e+00
2.97982800e-06,1.80000039e+00
2.97992800e-06,1.80000066e+00
2.98002800e-06,1.80000039e+00
2.98012800e-06,1.80000066e+00
2.98022800e-06,1.80000039e+00
2.98032800e-06,1.80000066e+00
2.98042800e-06,1.80000039e+00
2.98052800e-06,1.80000067e+00
2.98062800e-06,1.80000040e+00
2.98072800e-06,1.80000067e+00
2.98082800e-06,1.80000040e+00
2.98092800e-06,1.80000068e+00
2.98102800e-06,1.80000040e+00
2.98112800e-06,1.80000068e+00
2.98122800e-06,1.80000040e+00
2.98132800e-06,1.80000068e+00
2.98142800e-06,1.80000041e+00
2.98152800e-06,1.80000069e+00
2.98162800e-06,1.80000041e+00
2.98172800e-06,1.80000069e+00
2.98182800e-06,1.80000041e+00
2.98192800e-06,1.80000070e+00
2.98202800e-06,1.80000041e+00
2.98212800e-06,1.80000070e+00
2.98222800e-06,1.80000042e+00
2.98232800e-06,1.80000070e+00
2.98242800e-06,1.80000042e+00
2.98252800e-06,1.80000071e+00
2.98262800e-06,1.80000042e+00
2.98272800e-06,1.80000071e+00
2.98282800e-06,1.80000042e+00
2.98292800e-06,1.80000072e+00
2.98302800e-06,1.80000043e+00
2.98312800e-06,1.80000072e+00
2.98322800e-06,1.80000043e+00
2.98332800e-06,1.80000072e+00
2.98342800e-06,1.80000043e+00
2.98352800e-06,1.80000073e+00
2.98362800e-06,1.80000043e+00
2.98372800e-06,1.80000073e+00
2.98382800e-06,1.80000044e+00
2.98392800e-06,1.80000074e+00
2.98402800e-06,1.80000044e+00
2.98412800e-06,1.80000074e+00
2.98422800e-06,1.80000044e+00
2.98432800e-06,1.80000074e+00
2.98442800e-06,1.80000045e+00
2.98452800e-06,1.80000075e+00
2.98462800e-06,1.80000045e+00
2.98472800e-06,1.80000075e+00
2.98482800e-06,1.80000045e+00
2.98492800e-06,1.80000076e+00
2.98502800e-06,1.80000045e+00
2.98512800e-06,1.80000076e+00
2.98522800e-06,1.80000046e+00
2.98532800e-06,1.80000076e+00
2.98542800e-06,1.80000046e+00
2.98552800e-06,1.80000077e+00
2.98562800e-06,1.80000046e+00
2.98572800e-06,1.80000077e+00
2.98582800e-06,1.80000047e+00
2.98592800e-06,1.80000078e+00
2.98602800e-06,1.80000047e+00
2.98612800e-06,1.80000078e+00
2.98622800e-06,1.80000047e+00
2.98632800e-06,1.80000078e+00
2.98642800e-06,1.80000047e+00
2.98652800e-06,1.80000079e+00
2.98662800e-06,1.80000048e+00
2.98672800e-06,1.80000079e+00
2.98682800e-06,1.80000048e+00
2.98692800e-06,1.80000080e+00
2.98702800e-06,1.80000048e+00
2.98712800e-06,1.80000080e+00
2.98722800e-06,1.80000049e+00
2.98732800e-06,1.80000081e+00
2.98742800e-06,1.80000049e+00
2.98752800e-06,1.80000081e+00
2.98762800e-06,1.80000049e+00
2.98772800e-06,1.80000081e+00
2.98782800e-06,1.80000050e+00
2.98792800e-06,1.80000082e+00
2.98802800e-06,1.80000050e+00
2.98812800e-06,1.80000082e+00
2.98822800e-06,1.80000050e+00
2.98832800e-06,1.80000083e+00
2.98842800e-06,1.80000050e+00
2.98852800e-06,1.80000083e+00
2.98862800e-06,1.80000051e+00
2.98872800e-06,1.80000084e+00
2.98882800e-06,1.80000051e+00
2.98892800e-06,1.80000084e+00
2.98902800e-06,1.80000051e+00
2.98912800e-06,1.80000084e+00
2.98922800e-06,1.80000052e+00
2.98932800e-06,1.80000085e+00
2.98942800e-06,1.80000052e+00
2.98952800e-06,1.80000085e+00
2.98962800e-06,1.80000052e+00
2.98972800e-06,1.80000086e+00
2.98982800e-06,1.80000053e+00
2.98992800e-06,1.80000086e+00
2.99002800e-06,1.80000053e+00
2.99012800e-06,1.80000087e+00
2.99022800e-06,1.80000053e+00
2.99032800e-06,1.80000087e+00
2.99042800e-06,1.80000054e+00
2.99052800e-06,1.80000087e+00
2.99062800e-06,1.80000054e+00
2.99072800e-06,1.80000088e+00
2.99082800e-06,1.80000054e+00
2.99092800e-06,1.80000088e+00
2.99102800e-06,1.80000055e+00
2.99112800e-06,1.80000089e+00
2.99122800e-06,1.80000055e+00
2.99132800e-06,1.80000089e+00
2.99142800e-06,1.80000055e+00
2.99152800e-06,1.80000090e+00
2.99162800e-06,1.80000056e+00
2.99172800e-06,1.80000090e+00
2.99182800e-06,1.80000056e+00
2.99192800e-06,1.80000091e+00
2.99202800e-06,1.80000056e+00
2.99212800e-06,1.80000091e+00
2.99222800e-06,1.80000057e+00
2.99232800e-06,1.80000092e+00
2.99242800e-06,1.80000057e+00
2.99252800e-06,1.80000092e+00
2.99262800e-06,1.80000057e+00
2.99272800e-06,1.80000093e+00
2.99282800e-06,1.80000058e+00
2.99292800e-06,1.80000093e+00
2.99302800e-06,1.80000058e+00
2.99312800e-06,1.80000093e+00
2.99322800e-06,1.80000058e+00
2.99332800e-06,1.80000094e+00
2.99342800e-06,1.80000059e+00
2.99352800e-06,1.80000094e+00
2.99362800e-06,1.80000059e+00
2.99372800e-06,1.80000095e+00
2.99382800e-06,1.80000060e+00
2.99392800e-06,1.80000095e+00
2.99402800e-06,1.80000060e+00
2.99412800e-06,1.80000096e+00
2.99422800e-06,1.80000060e+00
2.99432800e-06,1.80000096e+00
2.99442800e-06,1.80000061e+00
2.99452800e-06,1.80000097e+00
2.99462800e-06,1.80000061e+00
2.99472800e-06,1.80000097e+00
2.99482800e-06,1.80000061e+00
2.99492800e-06,1.80000098e+00
2.99502800e-06,1.80000062e+00
2.99512800e-06,1.80000098e+00
2.99522800e-06,1.80000062e+00
2.99532800e-06,1.80000099e+00
2.99542800e-06,1.80000063e+00
2.99552800e-06,1.80000099e+00
2.99562800e-06,1.80000063e+00
2.99572800e-06,1.80000100e+00
2.99582800e-06,1.80000063e+00
2.99592800e-06,1.80000100e+00
2.99602800e-06,1.80000064e+00
2.99612800e-06,1.80000101e+00
2.99622800e-06,1.80000064e+00
2.99632800e-06,1.80000101e+00
2.99642800e-06,1.80000064e+00
2.99652800e-06,1.80000102e+00
2.99662800e-06,1.80000065e+00
2.99672800e-06,1.80000102e+00
2.99682800e-06,1.80000065e+00
2.99692800e-06,1.80000103e+00
2.99702800e-06,1.80000066e+00
2.99712800e-06,1.80000103e+00
2.99722800e-06,1.80000066e+00
2.99732800e-06,1.80000104e+00
2.99742800e-06,1.80000066e+00
2.99752800e-06,1.80000104e+00
2.99762800e-06,1.80000067e+00
2.99772800e-06,1.80000105e+00
2.99782800e-06,1.80000067e+00
2.99792800e-06,1.80000105e+00
2.99802800e-06,1.80000068e+00
2.99812800e-06,1.80000106e+00
2.99822800e-06,1.80000068e+00
2.99832800e-06,1.80000106e+00
2.99842800e-06,1.80000069e+00
2.99852800e-06,1.80000107e+00
2.99862800e-06,1.80000069e+00
2.99872800e-06,1.80000107e+00
2.99882800e-06,1.80000069e+00
2.99892800e-06,1.80000108e+00
2.99902800e-06,1.80000070e+00
2.99912800e-06,1.80000108e+00
2.99922800e-06,1.80000070e+00
2.99932800e-06,1.80000109e+00
2.99942800e-06,1.80000071e+00
2.99952800e-06,1.80000109e+00
2.99962800e-06,1.80000071e+00
2.99972800e-06,1.80000110e+00
2.99982800e-06,1.80000071e+00
2.99992800e-06,1.80000110e+00
3.00002800e-06,1.80000072e+00
3.00012800e-06,1.80000111e+00
3.00022800e-06,1.80000072e+00
3.00032800e-06,1.80000111e+00
3.00042800e-06,1.80000073e+00
3.00052800e-06,1.80000112e+00
3.00062800e-06,1.80000073e+00
3.00072800e-06,1.80000113e+00
3.00082800e-06,1.80000074e+00
3.00092800e-06,1.80000113e+00
3.00102800e-06,1.80000074e+00
3.00112800e-06,1.80000114e+00
3.00122800e-06,1.80000075e+00
3.00132800e-06,1.80000114e+00
3.00142800e-06,1.80000075e+00
3.00152800e-06,1.80000115e+00
3.00162800e-06,1.80000075e+00
3.00172800e-06,1.80000115e+00
3.00182800e-06,1.80000076e+00
3.00192800e-06,1.80000116e+00
3.00202800e-06,1.80000076e+00
3.00212800e-06,1.80000116e+00
3.00222800e-06,1.80000077e+00
3.00232800e-06,1.80000117e+00
3.00242800e-06,1.80000077e+00
3.00252800e-06,1.80000118e+00
3.00262800e-06,1.80000078e+00
3.00272800e-06,1.80000118e+00
3.00282800e-06,1.80000078e+00
3.00292800e-06,1.80000119e+00
3.00302800e-06,1.80000079e+00
3.00312800e-06,1.80000119e+00
3.00322800e-06,1.80000079e+00
3.00332800e-06,1.80000120e+00
3.00342800e-06,1.80000080e+00
3.00352800e-06,1.80000120e+00
3.00362800e-06,1.80000080e+00
3.00372800e-06,1.80000121e+00
3.00382800e-06,1.80000081e+00
3.00392800e-06,1.80000122e+00
3.00402800e-06,1.80000081e+00
3.00412800e-06,1.80000122e+00
3.00422800e-06,1.80000082e+00
3.00432800e-06,1.80000123e+00
3.00442800e-06,1.80000082e+00
3.00452800e-06,1.80000123e+00
3.00462800e-06,1.80000083e+00
3.00472800e-06,1.80000124e+00
3.00482800e-06,1.80000083e+00
3.00492800e-06,1.80000124e+00
3.00502800e-06,1.80000084e+00
3.00512800e-06,1.80000125e+00
3.00522800e-06,1.80000084e+00
3.00532800e-06,1.80000126e+00
3.00542800e-06,1.80000085e+00
3.00552800e-06,1.80000126e+00
3.00562800e-06,1.80000085e+00
3.00572800e-06,1.80000127e+00
3.00582800e-06,1.80000086e+00
3.00592800e-06,1.80000127e+00
3.00602800e-06,1.80000086e+00
3.00612800e-06,1.80000128e+00
3.00622800e-06,1.80000087e+00
3.00632800e-06,1.80000129e+00
3.00642800e-06,1.80000087e+00
3.00652800e-06,1.80000129e+00
3.00662800e-06,1.80000088e+00
3.00672800e-06,1.80000130e+00
3.00682800e-06,1.80000088e+00
3.00692800e-06,1.80000130e+00
3.00702800e-06,1.80000089e+00
3.00712800e-06,1.80000131e+00
3.00722800e-06,1.80000089e+00
3.00732800e-06,1.80000132e+00
3.00742800e-06,1.80000090e+00
3.00752800e-06,1.80000132e+00
3.00762800e-06,1.80000090e+00
3.00772800e-06,1.80000133e+00
3.00782800e-06,1.80000091e+00
3.00792800e-06,1.80000134e+00
3.00802800e-06,1.80000091e+00
3.00812800e-06,1.80000134e+00
3.00822800e-06,1.80000092e+00
3.00832800e-06,1.80000135e+00
3.00842800e-06,1.80000092e+00
3.00852800e-06,1.80000135e+00
3.00862800e-06,1.80000093e+00
3.00872800e-06,1.80000136e+00
3.00882800e-06,1.80000094e+00
3.00892800e-06,1.80000137e+00
3.00902800e-06,1.80000094e+00
3.00912800e-06,1.80000137e+00
3.00922800e-06,1.80000095e+00
3.00932800e-06,1.80000138e+00
3.00942800e-06,1.80000095e+00
3.00952800e-06,1.80000139e+00
3.00962800e-06,1.80000096e+00
3.00972800e-06,1.80000139e+00
3.00982800e-06,1.80000096e+00
3.00992800e-06,1.80000140e+00
3.01002800e-06,1.80000097e+00
3.01012800e-06,1.80000141e+00
3.01022800e-06,1.80000098e+00
3.01032800e-06,1.80000141e+00
3.01042800e-06,1.80000098e+00
3.01052800e-06,1.80000142e+00
3.01062800e-06,1.80000099e+00
3.01072800e-06,1.80000143e+00
3.01082800e-06,1.80000099e+00
3.01092800e-06,1.80000143e+00
3.01102800e-06,1.80000100e+00
3.01112800e-06,1.80000144e+00
3.01122800e-06,1.80000101e+00
3.01132800e-06,1.80000145e+00
3.01142800e-06,1.80000101e+00
3.01152800e-06,1.80000145e+00
3.01162800e-06,1.80000102e+00
3.01172800e-06,1.80000146e+00
3.01182800e-06,1.80000102e+00
3.01192800e-06,1.80000147e+00
3.01202800e-06,1.80000103e+00
3.01212800e-06,1.80000147e+00
3.01222800e-06,1.80000104e+00
3.01232800e-06,1.80000148e+00
3.01242800e-06,1.80000104e+00
3.01252800e-06,1.80000149e+00
3.01262800e-06,1.80000105e+00
3.01272800e-06,1.80000150e+00
3.01282800e-06,1.80000105e+00
3.01292800e-06,1.80000150e+00
3.01302800e-06,1.80000106e+00
3.01312800e-06,1.80000151e+00
3.01322800e-06,1.80000107e+00
3.01332800e-06,1.80000152e+00
3.01342800e-06,1.80000107e+00
3.01352800e-06,1.80000152e+00
3.01362800e-06,1.80000108e+00
3.01372800e-06,1.80000153e+00
3.01382800e-06,1.80000109e+00
3.01392800e-06,1.80000154e+00
3.01402800e-06,1.80000109e+00
3.01412800e-06,1.80000155e+00
3.01422800e-06,1.80000110e+00
3.01432800e-06,1.80000155e+00
3.01442800e-06,1.80000111e+00
3.01452800e-06,1.80000156e+00
3.01462800e-06,1.80000111e+00
3.01472800e-06,1.80000157e+00
3.01482800e-06,1.80000112e+00
3.01492800e-06,1.80000158e+00
3.01502800e-06,1.80000113e+00
3.01512800e-06,1.80000158e+00
3.01522800e-06,1.80000113e+00
3.01532800e-06,1.80000159e+00
3.01542800e-06,1.80000114e+00
3.01552800e-06,1.80000160e+00
3.01562800e-06,1.80000115e+00
3.01572800e-06,1.80000161e+00
3.01582800e-06,1.80000115e+00
3.01592800e-06,1.80000161e+00
3.01602800e-06,1.80000116e+00
3.01612800e-06,1.80000162e+00
3.01622800e-06,1.80000117e+00
3.01632800e-06,1.80000163e+00
3.01642800e-06,1.80000117e+00
3.01652800e-06,1.80000164e+00
3.01662800e-06,1.80000118e+00
3.01672800e-06,1.80000164e+00
3.01682800e-06,1.80000119e+00
3.01692800e-06,1.80000165e+00
3.01702800e-06,1.80000120e+00
3.01712800e-06,1.80000166e+00
3.01722800e-06,1.80000120e+00
3.01732800e-06,1.80000167e+00
3.01742800e-06,1.80000121e+00
3.01752800e-06,1.80000168e+00
3.01762800e-06,1.80000122e+00
3.01772800e-06,1.80000168e+00
3.01782800e-06,1.80000122e+00
3.01792800e-06,1.80000169e+00
3.01802800e-06,1.80000123e+00
3.01812800e-06,1.80000170e+00
3.01822800e-06,1.80000124e+00
3.01832800e-06,1.80000171e+00
3.01842800e-06,1.80000125e+00
3.01852800e-06,1.80000172e+00
3.01862800e-06,1.80000125e+00
3.01872800e-06,1.80000173e+00
3.01882800e-06,1.80000126e+00
3.01892800e-06,1.80000173e+00
3.01902800e-06,1.80000127e+00
3.01912800e-06,1.80000174e+00
3.01922800e-06,1.80000128e+00
3.01932800e-06,1.80000175e+00
3.01942800e-06,1.80000128e+00
3.01952800e-06,1.80000176e+00
3.01962800e-06,1.80000129e+00
3.01972800e-06,1.80000177e+00
3.01982800e-06,1.80000130e+00
3.01992800e-06,1.80000178e+00
3.02002800e-06,1.80000131e+00
3.02012800e-06,1.80000178e+00
3.02022800e-06,1.80000132e+00
3.02032800e-06,1.80000179e+00
3.02042800e-06,1.80000132e+00
3.02052800e-06,1.80000180e+00
3.02062800e-06,1.80000133e+00
3.02072800e-06,1.80000181e+00
3.02082800e-06,1.80000134e+00
3.02092800e-06,1.80000182e+00
3.02102800e-06,1.80000135e+00
3.02112800e-06,1.80000183e+00
3.02122800e-06,1.80000136e+00
3.02132800e-06,1.80000184e+00
3.02142800e-06,1.80000136e+00
3.02152800e-06,1.80000185e+00
3.02162800e-06,1.80000137e+00
3.02172800e-06,1.80000185e+00
3.02182800e-06,1.80000138e+00
3.02192800e-06,1.80000186e+00
3.02202800e-06,1.80000139e+00
3.02212800e-06,1.80000187e+00
3.02222800e-06,1.80000140e+00
3.02232800e-06,1.80000188e+00
3.02242800e-06,1.80000141e+00
3.02252800e-06,1.80000189e+00
3.02262800e-06,1.80000141e+00
3.02272800e-06,1.80000190e+00
3.02282800e-06,1.80000142e+00
3.02292800e-06,1.80000191e+00
3.02302800e-06,1.80000143e+00
3.02312800e-06,1.80000192e+00
3.02322800e-06,1.80000144e+00
3.02332800e-06,1.80000193e+00
3.02342800e-06,1.80000145e+00
3.02352800e-06,1.80000194e+00
3.02362800e-06,1.80000146e+00
3.02372800e-06,1.80000195e+00
3.02382800e-06,1.80000147e+00
3.02392800e-06,1.80000196e+00
3.02402800e-06,1.80000148e+00
3.02412800e-06,1.80000197e+00
3.02422800e-06,1.80000148e+00
3.02432800e-06,1.80000198e+00
3.02442800e-06,1.80000149e+00
3.02452800e-06,1.80000199e+00
3.02462800e-06,1.80000150e+00
3.02472800e-06,1.80000200e+00
3.02482800e-06,1.80000151e+00
3.02492800e-06,1.80000201e+00
3.02502800e-06,1.80000152e+00
3.02512800e-06,1.80000202e+00
3.02522800e-06,1.80000153e+00
3.02532800e-06,1.80000203e+00
3.02542800e-06,1.80000154e+00
3.02552800e-06,1.80000204e+00
3.02562800e-06,1.80000155e+00
3.02572800e-06,1.80000205e+00
3.02582800e-06,1.80000156e+00
3.02592800e-06,1.80000206e+00
3.02602800e-06,1.80000157e+00
3.02612800e-06,1.80000207e+00
3.02622800e-06,1.80000158e+00
3.02632800e-06,1.80000208e+00
3.02642800e-06,1.80000159e+00
3.02652800e-06,1.80000209e+00
3.02662800e-06,1.80000160e+00
3.02672800e-06,1.80000210e+00
3.02682800e-06,1.80000161e+00
3.02692800e-06,1.80000211e+00
3.02702800e-06,1.80000162e+00
3.02712800e-06,1.80000212e+00
3.02722800e-06,1.80000163e+00
3.02732800e-06,1.80000213e+00
3.02742800e-06,1.80000164e+00
3.02752800e-06,1.80000214e+00
3.02762800e-06,1.80000165e+00
3.02772800e-06,1.80000215e+00
3.02782800e-06,1.80000166e+00
3.02792800e-06,1.80000216e+00
3.02802800e-06,1.80000167e+00
3.02812800e-06,1.80000217e+00
3.02822800e-06,1.80000168e+00
3.02832800e-06,1.80000219e+00
3.02842800e-06,1.80000169e+00
3.02852800e-06,1.80000220e+00
3.02862800e-06,1.80000170e+00
3.02872800e-06,1.80000221e+00
3.02882800e-06,1.80000171e+00
3.02892800e-06,1.80000222e+00
3.02902800e-06,1.80000172e+00
3.02912800e-06,1.80000223e+00
3.02922800e-06,1.80000173e+00
3.02932800e-06,1.80000224e+00
3.02942800e-06,1.80000174e+00
3.02952800e-06,1.80000225e+00
3.02962800e-06,1.80000175e+00
3.02972800e-06,1.80000226e+00
3.02982800e-06,1.80000177e+00
3.02992800e-06,1.80000228e+00
3.03002800e-06,1.80000178e+00
3.03012800e-06,1.80000229e+00
3.03022800e-06,1.80000179e+00
3.03032800e-06,1.80000230e+00
3.03042800e-06,1.80000180e+00
3.03052800e-06,1.80000231e+00
3.03062800e-06,1.80000181e+00
3.03072800e-06,1.80000232e+00
3.03082800e-06,1.80000182e+00
3.03092800e-06,1.80000234e+00
3.03102800e-06,1.80000183e+00
3.03112800e-06,1.80000235e+00
3.03122800e-06,1.80000185e+00
3.03132800e-06,1.80000236e+00
3.03142800e-06,1.80000186e+00
3.03152800e-06,1.80000237e+00
3.03162800e-06,1.80000187e+00
3.03172800e-06,1.80000239e+00
3.03182800e-06,1.80000188e+00
3.03192800e-06,1.80000240e+00
3.03202800e-06,1.80000189e+00
3.03212800e-06,1.80000241e+00
3.03222800e-06,1.80000191e+00
3.03232800e-06,1.80000242e+00
3.03242800e-06,1.80000192e+00
3.03252800e-06,1.80000244e+00
3.03262800e-06,1.80000193e+00
3.03272800e-06,1.80000245e+00
3.03282800e-06,1.80000194e+00
3.03292800e-06,1.80000246e+00
3.03302800e-06,1.80000196e+00
3.03312800e-06,1.80000248e+00
3.03322800e-06,1.80000197e+00
3.03332800e-06,1.80000249e+00
3.03342800e-06,1.80000198e+00
3.03352800e-06,1.80000250e+00
3.03362800e-06,1.80000199e+00
3.03372800e-06,1.80000252e+00
3.03382800e-06,1.80000201e+00
3.03392800e-06,1.80000253e+00
3.03402800e-06,1.80000202e+00
3.03412800e-06,1.80000254e+00
3.03422800e-06,1.80000203e+00
3.03432800e-06,1.80000256e+00
3.03442800e-06,1.80000205e+00
3.03452800e-06,1.80000257e+00
3.03462800e-06,1.80000206e+00
3.03472800e-06,1.80000259e+00
3.03482800e-06,1.80000207e+00
3.03492800e-06,1.80000260e+00
3.03502800e-06,1.80000209e+00
3.03512800e-06,1.80000261e+00
3.03522800e-06,1.80000210e+00
3.03532800e-06,1.80000263e+00
3.03542800e-06,1.80000211e+00
3.03552800e-06,1.80000264e+00
3.03562800e-06,1.80000213e+00
3.03572800e-06,1.80000266e+00
3.03582800e-06,1.80000214e+00
3.03592800e-06,1.80000267e+00
3.03602800e-06,1.80000216e+00
3.03612800e-06,1.80000269e+00
3.03622800e-06,1.80000217e+00
3.03632800e-06,1.80000270e+00
3.03642800e-06,1.80000219e+00
3.03652800e-06,1.80000272e+00
3.03662800e-06,1.80000220e+00
3.03672800e-06,1.80000273e+00
3.03682800e-06,1.80000222e+00
3.03692800e-06,1.80000275e+00
3.03702800e-06,1.80000223e+00
3.03712800e-06,1.80000276e+00
3.03722800e-06,1.80000225e+00
3.03732800e-06,1.80000278e+00
3.03742800e-06,1.80000226e+00
3.03752800e-06,1.80000280e+00
3.03762800e-06,1.80000228e+00
3.03772800e-06,1.80000281e+00
3.03782800e-06,1.80000229e+00
3.03792800e-06,1.80000283e+00
3.03802800e-06,1.80000231e+00
3.03812800e-06,1.80000284e+00
3.03822800e-06,1.80000232e+00
3.03832800e-06,1.80000286e+00
3.03842800e-06,1.80000234e+00
3.03852800e-06,1.80000288e+00
3.03862800e-06,1.80000235e+00
3.03872800e-06,1.80000289e+00
3.03882800e-06,1.80000237e+00
3.03892800e-06,1.80000291e+00
3.03902800e-06,1.80000239e+00
3.03912800e-06,1.80000293e+00
3.03922800e-06,1.80000240e+00
3.03932800e-06,1.80000294e+00
3.03942800e-06,1.80000242e+00
3.03952800e-06,1.80000296e+00
3.03962800e-06,1.80000244e+00
3.03972800e-06,1.80000298e+00
3.03982800e-06,1.80000245e+00
3.03992800e-06,1.80000300e+00
3.04002800e-06,1.80000247e+00
3.04012800e-06,1.80000301e+00
3.04022800e-06,1.80000249e+00
3.04032800e-06,1.80000303e+00
3.04042800e-06,1.80000251e+00
3.04052800e-06,1.80000305e+00
3.04062800e-06,1.80000252e+00
3.04072800e-06,1.80000307e+00
3.04082800e-06,1.80000254e+00
3.04092800e-06,1.80000309e+00
3.04102800e-06,1.80000256e+00
3.04112800e-06,1.80000310e+00
3.04122800e-06,1.80000258e+00
3.04132800e-06,1.80000312e+00
3.04142800e-06,1.80000260e+00
3.04152800e-06,1.80000314e+00
3.04162800e-06,1.80000261e+00
3.04172800e-06,1.80000316e+00
3.04182800e-06,1.80000263e+00
3.04192800e-06,1.80000318e+00
3.04202800e-06,1.80000265e+00
3.04212800e-06,1.80000320e+00
3.04222800e-06,1.80000267e+00
3.04232800e-06,1.80000322e+00
3.04242800e-06,1.80000269e+00
3.04252800e-06,1.80000324e+00
3.04262800e-06,1.80000271e+00
3.04272800e-06,1.80000326e+00
3.04282800e-06,1.80000273e+00
3.04292800e-06,1.80000328e+00
3.04302800e-06,1.80000275e+00
3.04312800e-06,1.80000330e+00
3.04322800e-06,1.80000277e+00
3.04332800e-06,1.80000332e+00
3.04342800e-06,1.80000279e+00
3.04352800e-06,1.80000334e+00
3.04362800e-06,1.80000281e+00
3.04372800e-06,1.80000336e+00
3.04382800e-06,1.80000283e+00
3.04392800e-06,1.80000338e+00
3.04402800e-06,1.80000285e+00
3.04412800e-06,1.80000341e+00
3.04422800e-06,1.80000287e+00
3.04432800e-06,1.80000343e+00
3.04442800e-06,1.80000289e+00
3.04452800e-06,1.80000345e+00
3.04462800e-06,1.80000291e+00
3.04472800e-06,1.80000347e+00
3.04482800e-06,1.80000294e+00
3.04492800e-06,1.80000349e+00
3.04502800e-06,1.80000296e+00
3.04512800e-06,1.80000352e+00
3.04522800e-06,1.80000298e+00
3.04532800e-06,1.80000354e+00
3.04542800e-06,1.80000300e+00
3.04552800e-06,1.80000356e+00
3.04562800e-06,1.80000303e+00
3.04572800e-06,1.80000359e+00
3.04582800e-06,1.80000305e+00
3.04592800e-06,1.80000361e+00
3.04602800e-06,1.80000307e+00
3.04612800e-06,1.80000363e+00
3.04622800e-06,1.80000310e+00
3.04632800e-06,1.80000366e+00
3.04642800e-06,1.80000312e+00
3.04652800e-06,1.80000368e+00
3.04662800e-06,1.80000314e+00
3.04672800e-06,1.80000371e+00
3.04682800e-06,1.80000317e+00
3.04692800e-06,1.80000373e+00
3.04702800e-06,1.80000319e+00
3.04712800e-06,1.80000376e+00
3.04722800e-06,1.80000322e+00
3.04732800e-06,1.80000378e+00
3.04742800e-06,1.80000324e+00
3.04752800e-06,1.80000381e+00
3.04762800e-06,1.80000327e+00
3.04772800e-06,1.80000383e+00
3.04782800e-06,1.80000329e+00
3.04792800e-06,1.80000386e+00
3.04802800e-06,1.80000332e+00
3.04812800e-06,1.80000389e+00
3.04822800e-06,1.80000335e+00
3.04832800e-06,1.80000391e+00
3.04842800e-06,1.80000337e+00
3.04852800e-06,1.80000394e+00
3.04862800e-06,1.80000340e+00
3.04872800e-06,1.80000397e+00
3.04882800e-06,1.80000343e+00
3.04892800e-06,1.80000400e+00
3.04902800e-06,1.80000346e+00
3.04912800e-06,1.80000403e+00
3.04922800e-06,1.80000348e+00
3.04932800e-06,1.80000405e+00
3.04942800e-06,1.80000351e+00
3.04952800e-06,1.80000408e+00
3.04962800e-06,1.80000354e+00
3.04972800e-06,1.80000411e+00
3.04982800e-06,1.80000357e+00
3.04992800e-06,1.80000414e+00
3.05002800e-06,1.80000360e+00
3.05012800e-06,1.80000417e+00
3.05022800e-06,1.80000363e+00
3.05032800e-06,1.80000420e+00
3.05042800e-06,1.80000366e+00
3.05052800e-06,1.80000423e+00
3.05062800e-06,1.80000369e+00
3.05072800e-06,1.80000427e+00
3.05082800e-06,1.80000372e+00
3.05092800e-06,1.80000430e+00
3.05102800e-06,1.80000375e+00
3.05112800e-06,1.80000433e+00
3.05122800e-06,1.80000378e+00
3.05132800e-06,1.80000436e+00
3.05142800e-06,1.80000382e+00
3.05152800e-06,1.80000440e+00
3.05162800e-06,1.80000385e+00
3.05172800e-06,1.80000443e+00
3.05182800e-06,1.80000388e+00
3.05192800e-06,1.80000446e+00
3.05202800e-06,1.80000392e+00
3.05212800e-06,1.80000450e+00
3.05222800e-06,1.80000395e+00
3.05232800e-06,1.80000453e+00
3.05242800e-06,1.80000399e+00
3.05252800e-06,1.80000457e+00
3.05262800e-06,1.80000402e+00
3.05272800e-06,1.80000460e+00
3.05282800e-06,1.80000406e+00
3.05292800e-06,1.80000464e+00
3.05302800e-06,1.80000409e+00
3.05312800e-06,1.80000468e+00
3.05322800e-06,1.80000413e+00
3.05332800e-06,1.80000471e+00
3.05342800e-06,1.80000417e+00
3.05352800e-06,1.80000475e+00
3.05362800e-06,1.80000420e+00
3.05372800e-06,1.80000479e+00
3.05382800e-06,1.80000424e+00
3.05392800e-06,1.80000483e+00
3.05402800e-06,1.80000428e+00
3.05412800e-06,1.80000487e+00
3.05422800e-06,1.80000432e+00
3.05432800e-06,1.80000491e+00
3.05442800e-06,1.80000436e+00
3.05452800e-06,1.80000495e+00
3.05462800e-06,1.80000440e+00
3.05472800e-06,1.80000499e+00
3.05482800e-06,1.80000444e+00
3.05492800e-06,1.80000503e+00
3.05502800e-06,1.80000448e+00
3.05512800e-06,1.80000507e+00
3.05522800e-06,1.80000453e+00
3.05532800e-06,1.80000512e+00
3.05542800e-06,1.80000457e+00
3.05552800e-06,1.80000516e+00
3.05562800e-06,1.80000461e+00
3.05572800e-06,1.80000520e+00
3.05582800e-06,1.80000466e+00
3.05592800e-06,1.80000525e+00
3.05602800e-06,1.80000470e+00
3.05612800e-06,1.80000530e+00
3.05622800e-06,1.80000475e+00
3.05632800e-06,1.80000534e+00
3.05642800e-06,1.80000479e+00
3.05652800e-06,1.80000539e+00
3.05662800e-06,1.80000484e+00
3.05672800e-06,1.80000544e+00
3.05682800e-06,1.80000489e+00
3.05692800e-06,1.80000549e+00
3.05702800e-06,1.80000494e+00
3.05712800e-06,1.80000554e+00
3.05722800e-06,1.80000499e+00
3.05732800e-06,1.80000559e+00
3.05742800e-06,1.80000504e+00
3.05752800e-06,1.80000564e+00
3.05762800e-06,1.80000509e+00
3.05772800e-06,1.80000569e+00
3.05782800e-06,1.80000514e+00
3.05792800e-06,1.80000574e+00
3.05802800e-06,1.80000520e+00
3.05812800e-06,1.80000580e+00
3.05822800e-06,1.80000525e+00
3.05832800e-06,1.80000585e+00
3.05842800e-06,1.80000530e+00
3.05852800e-06,1.80000591e+00
3.05862800e-06,1.80000536e+00
3.05872800e-06,1.80000597e+00
3.05882800e-06,1.80000542e+00
3.05892800e-06,1.80000602e+00
3.05902800e-06,1.80000548e+00
3.05912800e-06,1.80000608e+00
3.05922800e-06,1.80000553e+00
3.05932800e-06,1.80000614e+00
3.05942800e-06,1.80000559e+00
3.05952800e-06,1.80000620e+00
3.05962800e-06,1.80000566e+00
3.05972800e-06,1.80000627e+00
3.05982800e-06,1.80000572e+00
3.05992800e-06,1.80000633e+00
3.06002800e-06,1.80000578e+00
3.06012800e-06,1.80000639e+00
3.06022800e-06,1.80000585e+00
3.06032800e-06,1.80000646e+00
3.06042800e-06,1.80000591e+00
3.06052800e-06,1.80000653e+00
3.06062800e-06,1.80000598e+00
3.06072800e-06,1.80000660e+00
3.06082800e-06,1.80000605e+00
3.06092800e-06,1.80000667e+00
3.06102800e-06,1.80000612e+00
3.06112800e-06,1.80000674e+00
3.06122800e-06,1.80000619e+00
3.06132800e-06,1.80000681e+00
3.06142800e-06,1.80000626e+00
3.06152800e-06,1.80000688e+00
3.06162800e-06,1.80000634e+00
3.06172800e-06,1.80000696e+00
3.06182800e-06,1.80000641e+00
3.06192800e-06,1.80000704e+00
3.06202800e-06,1.80000649e+00
3.06212800e-06,1.80000712e+00
3.06222800e-06,1.80000657e+00
3.06232800e-06,1.80000720e+00
3.06242800e-06,1.80000665e+00
3.06252800e-06,1.80000728e+00
3.06262800e-06,1.80000674e+00
3.06272800e-06,1.80000736e+00
3.06282800e-06,1.80000682e+00
3.06292800e-06,1.80000745e+00
3.06302800e-06,1.80000691e+00
3.06312800e-06,1.80000754e+00
3.06322800e-06,1.80000699e+00
3.06332800e-06,1.80000763e+00
3.06342800e-06,1.80000708e+00
3.06352800e-06,1.80000772e+00
3.06362800e-06,1.80000718e+00
3.06372800e-06,1.80000781e+00
3.06382800e-06,1.80000727e+00
3.06392800e-06,1.80000791e+00
3.06402800e-06,1.80000737e+00
3.06412800e-06,1.80000801e+00
3.06422800e-06,1.80000747e+00
3.06432800e-06,1.80000811e+00
3.06442800e-06,1.80000757e+00
3.06452800e-06,1.80000821e+00
3.06462800e-06,1.80000767e+00
3.06472800e-06,1.80000831e+00
3.06482800e-06,1.80000778e+00
3.06492800e-06,1.80000842e+00
3.06502800e-06,1.80000789e+00
3.06512800e-06,1.80000853e+00
3.06522800e-06,1.80000800e+00
3.06532800e-06,1.80000865e+00
3.06542800e-06,1.80000811e+00
3.06552800e-06,1.80000876e+00
3.06562800e-06,1.80000823e+00
3.06572800e-06,1.80000888e+00
3.06582800e-06,1.80000835e+00
3.06592800e-06,1.80000900e+00
3.06602800e-06,1.80000847e+00
3.06612800e-06,1.80000913e+00
3.06622800e-06,1.80000860e+00
3.06632800e-06,1.80000926e+00
3.06642800e-06,1.80000873e+00
3.06652800e-06,1.80000939e+00
3.06662800e-06,1.80000886e+00
3.06672800e-06,1.80000952e+00
3.06682800e-06,1.80000900e+00
3.06692800e-06,1.80000966e+00
3.06702800e-06,1.80000914e+00
3.06712800e-06,1.80000981e+00
3.06722800e-06,1.80000929e+00
3.06732800e-06,1.80000995e+00
3.06742800e-06,1.80000943e+00
3.06752800e-06,1.80001010e+00
3.06762800e-06,1.80000959e+00
3.06772800e-06,1.80001026e+00
3.06782800e-06,1.80000974e+00
3.06792800e-06,1.80001042e+00
3.06802800e-06,1.80000991e+00
3.06812800e-06,1.80001058e+00
3.06822800e-06,1.80001007e+00
3.06832800e-06,1.80001075e+00
3.06842800e-06,1.80001024e+00
3.06852800e-06,1.80001093e+00
3.06862800e-06,1.80001042e+00
3.06872800e-06,1.80001111e+00
3.06882800e-06,1.80001060e+00
3.06892800e-06,1.80001129e+00
3.06902800e-06,1.80001079e+00
3.06912800e-06,1.80001148e+00
3.06922800e-06,1.80001098e+00
3.06932800e-06,1.80001168e+00
3.06942800e-06,1.80001118e+00
3.06952800e-06,1.80001188e+00
3.06962800e-06,1.80001138e+00
3.06972800e-06,1.80001209e+00
3.06982800e-06,1.80001160e+00
3.06992800e-06,1.80001230e+00
3.07002800e-06,1.80001181e+00
3.07012800e-06,1.80001252e+00
3.07022800e-06,1.80001204e+00
3.07032800e-06,1.80001275e+00
3.07042800e-06,1.80001227e+00
3.07052800e-06,1.80001299e+00
3.07062800e-06,1.80001251e+00
3.07072800e-06,1.80001323e+00
3.07082800e-06,1.80001275e+00
3.07092800e-06,1.80001348e+00
3.07102800e-06,1.80001301e+00
3.07112800e-06,1.80001374e+00
3.07122800e-06,1.80001327e+00
3.07132800e-06,1.80001401e+00
3.07142800e-06,1.80001354e+00
3.07152800e-06,1.80001429e+00
3.07162800e-06,1.80001382e+00
3.07172800e-06,1.80001457e+00
3.07182800e-06,1.80001411e+00
3.07192800e-06,1.80001487e+00
3.07202800e-06,1.80001441e+00
3.07212800e-06,1.80001517e+00
3.07222800e-06,1.80001472e+00
3.07232800e-06,1.80001548e+00
3.07242800e-06,1.80001504e+00
3.07252800e-06,1.80001581e+00
3.07262800e-06,1.80001537e+00
3.07272800e-06,1.80001614e+00
3.07282800e-06,1.80001571e+00
3.07292800e-06,1.80001649e+00
3.07302800e-06,1.80001606e+00
3.07312800e-06,1.80001685e+00
3.07322800e-06,1.80001642e+00
3.07332800e-06,1.80001721e+00
3.07342800e-06,1.80001679e+00
3.07352800e-06,1.80001759e+00
3.07362800e-06,1.80001718e+00
3.07372800e-06,1.80001798e+00
3.07382800e-06,1.80001758e+00
3.07392800e-06,1.80001839e+00
3.07402800e-06,1.80001799e+00
3.07412800e-06,1.80001880e+00
3.07422800e-06,1.80001841e+00
3.07432800e-06,1.80001923e+00
3.07442800e-06,1.80001884e+00
3.07452800e-06,1.80001967e+00
3.07462800e-06,1.80001929e+00
3.07472800e-06,1.80002012e+00
3.07482800e-06,1.80001975e+00
3.07492800e-06,1.80002059e+00
3.07502800e-06,1.80002022e+00
3.07512800e-06,1.80002107e+00
3.07522800e-06,1.80002070e+00
3.07532800e-06,1.80002156e+00
3.07542800e-06,1.80002120e+00
3.07552800e-06,1.80002207e+00
3.07562800e-06,1.80002171e+00
3.07572800e-06,1.80002258e+00
3.07582800e-06,1.80002223e+00
3.07592800e-06,1.80002311e+00
3.07602800e-06,1.80002277e+00
3.07612800e-06,1.80002366e+00
3.07622800e-06,1.80002332e+00
3.07632800e-06,1.80002421e+00
3.07642800e-06,1.80002388e+00
3.07652800e-06,1.80002478e+00
3.07662800e-06,1.80002445e+00
3.07672800e-06,1.80002536e+00
3.07682800e-06,1.80002504e+00
3.07692800e-06,1.80002595e+00
3.07702800e-06,1.80002563e+00
3.07712800e-06,1.80002655e+00
3.07722800e-06,1.80002624e+00
3.07732800e-06,1.80002716e+00
3.07742800e-06,1.80002685e+00
3.07752800e-06,1.80002778e+00
3.07762800e-06,1.80002748e+00
3.07772800e-06,1.80002841e+00
3.07782800e-06,1.80002812e+00
3.07792800e-06,1.80002905e+00
3.07802800e-06,1.80002876e+00
3.07812800e-06,1.80002971e+00
3.07822800e-06,1.80002942e+00
3.07832800e-06,1.80003036e+00
3.07842800e-06,1.80003008e+00
3.07852800e-06,1.80003103e+00
3.07862800e-06,1.80003075e+00
3.07872800e-06,1.80003171e+00
3.07882800e-06,1.80003143e+00
3.07892800e-06,1.80003239e+00
3.07902800e-06,1.80003211e+00
3.07912800e-06,1.80003307e+00
3.07922800e-06,1.80003280e+00
3.07932800e-06,1.80003377e+00
3.07942800e-06,1.80003350e+00
3.07952800e-06,1.80003447e+00
3.07962800e-06,1.80003420e+00
3.07972800e-06,1.80003517e+00
3.07982800e-06,1.80003491e+00
3.07992800e-06,1.80003588e+00
3.08002800e-06,1.80003562e+00
3.08012800e-06,1.80003660e+00
3.08022800e-06,1.80003633e+00
3.08032800e-06,1.80003731e+00
3.08042800e-06,1.80003705e+00
3.08052800e-06,1.80003804e+00
3.08062800e-06,1.80003777e+00
3.08072800e-06,1.80003876e+00
3.08082800e-06,1.80003850e+00
3.08092800e-06,1.80003949e+00
3.08102800e-06,1.80003923e+00
3.08112800e-06,1.80004022e+00
3.08122800e-06,1.80003996e+00
3.08132800e-06,1.80004095e+00
3.08142800e-06,1.80004069e+00
3.08152800e-06,1.80004169e+00
3.08162800e-06,1.80004143e+00
3.08172800e-06,1.80004242e+00
3.08182800e-06,1.80004217e+00
3.08192800e-06,1.80004316e+00
3.08202800e-06,1.80004291e+00
3.08212800e-06,1.80004390e+00
3.08222800e-06,1.80004365e+00
3.08232800e-06,1.80004465e+00
3.08242800e-06,1.80004439e+00
3.08252800e-06,1.80004539e+00
3.08262800e-06,1.80004514e+00
3.08272800e-06,1.80004614e+00
3.08282800e-06,1.80004589e+00
3.08292800e-06,1.80004689e+00
3.08302800e-06,1.80004663e+00
3.08312800e-06,1.80004764e+00
3.08322800e-06,1.80004738e+00
3.08332800e-06,1.80004839e+00
3.08342800e-06,1.80004813e+00
3.08352800e-06,1.80004914e+00
3.08362800e-06,1.80004889e+00
3.08372800e-06,1.80004989e+00
3.08382800e-06,1.80004964e+00
3.08392800e-06,1.80005065e+00
3.08402800e-06,1.80005040e+00
3.08412800e-06,1.80005141e+00
3.08422800e-06,1.80005116e+00
3.08432800e-06,1.80005216e+00
3.08442800e-06,1.80005191e+00
3.08452800e-06,1.80005292e+00
3.08462800e-06,1.80005268e+00
3.08472800e-06,1.80005369e+00
3.08482800e-06,1.80005344e+00
3.08492800e-06,1.80005445e+00
3.08502800e-06,1.80005420e+00
3.08512800e-06,1.80005521e+00
3.08522800e-06,1.80005497e+00
3.08532800e-06,1.80005598e+00
3.08542800e-06,1.80005573e+00
3.08552800e-06,1.80005675e+00
3.08562800e-06,1.80005650e+00
3.08572800e-06,1.80005752e+00
3.08582800e-06,1.80005727e+00
3.08592800e-06,1.80005829e+00
3.08602800e-06,1.80005804e+00
3.08612800e-06,1.80005906e+00
3.08622800e-06,1.80005881e+00
3.08632800e-06,1.80005983e+00
3.08642800e-06,1.80005958e+00
3.08652800e-06,1.80006060e+00
3.08662800e-06,1.80006035e+00
3.08672800e-06,1.80006137e+00
3.08682800e-06,1.80006112e+00
3.08692800e-06,1.80006214e+00
3.08702800e-06,1.80006189e+00
3.08712800e-06,1.80006291e+00
3.08722800e-06,1.80006265e+00
3.08732800e-06,1.80006367e+00
3.08742800e-06,1.80006342e+00
3.08752800e-06,1.80006443e+00
3.08762800e-06,1.80006417e+00
3.08772800e-06,1.80006519e+00
3.08782800e-06,1.80006492e+00
3.08792800e-06,1.80006593e+00
3.08802800e-06,1.80006567e+00
3.08812800e-06,1.80006694e+00
3.08822800e-06,1.80006680e+00
3.08832800e-06,1.80006766e+00
3.08842800e-06,1.80006745e+00
3.08852800e-06,1.80006836e+00
3.08862800e-06,1.80006810e+00
3.08872800e-06,1.80006903e+00
3.08882800e-06,1.80006874e+00
3.08892800e-06,1.80006967e+00
3.08902800e-06,1.80006936e+00
3.08912800e-06,1.80007029e+00
3.08922800e-06,1.80006995e+00
3.08932800e-06,1.80007088e+00
3.08942800e-06,1.80007052e+00
3.08952800e-06,1.80007143e+00
3.08962800e-06,1.80007105e+00
3.08972800e-06,1.80007193e+00
3.08982800e-06,1.80007153e+00
3.08992800e-06,1.80007239e+00
3.09002800e-06,1.80007195e+00
3.09012800e-06,1.80007278e+00
3.09022800e-06,1.80007231e+00
3.09032800e-06,1.80007310e+00
3.09042800e-06,1.80007259e+00
3.09052800e-06,1.80007334e+00
3.09062800e-06,1.80007278e+00
3.09072800e-06,1.80007348e+00
3.09082800e-06,1.80007286e+00
3.09092800e-06,1.80007349e+00
3.09102800e-06,1.80007281e+00
3.09112800e-06,1.80007337e+00
3.09122800e-06,1.80007261e+00
3.09132800e-06,1.80007309e+00
3.09142800e-06,1.80007224e+00
3.09152800e-06,1.80007262e+00
3.09162800e-06,1.80007165e+00
3.09172800e-06,1.80007192e+00
3.09182800e-06,1.80007083e+00
3.09192800e-06,1.80007096e+00
3.09202800e-06,1.80006973e+00
3.09212800e-06,1.80006971e+00
3.09222800e-06,1.80006830e+00
3.09232800e-06,1.80006809e+00
3.09242800e-06,1.80006649e+00
3.09252800e-06,1.80006607e+00
3.09262800e-06,1.80006424e+00
3.09272800e-06,1.80006357e+00
3.09282800e-06,1.80006147e+00
3.09292800e-06,1.80006051e+00
3.09302800e-06,1.80005809e+00
3.09312800e-06,1.80005680e+00
3.09322800e-06,1.80005402e+00
3.09332800e-06,1.80005233e+00
3.09342800e-06,1.80004913e+00
3.09352800e-06,1.80004699e+00
3.09362800e-06,1.80004329e+00
3.09372800e-06,1.80004062e+00
3.09382800e-06,1.80003636e+00
3.09392800e-06,1.80003307e+00
3.09402800e-06,1.80002815e+00
3.09412800e-06,1.80002415e+00
3.09422800e-06,1.80001845e+00
3.09432800e-06,1.80001362e+00
3.09442800e-06,1.80000704e+00
3.09452800e-06,1.80000125e+00
3.09462800e-06,1.79999381e+00
3.09472800e-06,1.79998680e+00
3.09482800e-06,1.79997810e+00
3.09492800e-06,1.79996981e+00
3.09502800e-06,1.79995971e+00
3.09512800e-06,1.79994993e+00
3.09522800e-06,1.79993822e+00
3.09532800e-06,1.79992671e+00
3.09542800e-06,1.79991313e+00
3.09552800e-06,1.79989961e+00
3.09562800e-06,1.79988387e+00
3.09572800e-06,1.79986803e+00
3.09582800e-06,1.79984979e+00
3.09592800e-06,1.79983127e+00
3.09602800e-06,1.79981013e+00
3.09612800e-06,1.79978850e+00
3.09622800e-06,1.79976403e+00
3.09632800e-06,1.79973880e+00
3.09642800e-06,1.79971047e+00
3.09652800e-06,1.79968109e+00
3.09662800e-06,1.79964830e+00
3.09672800e-06,1.79961414e+00
3.09682800e-06,1.79957620e+00
3.09692800e-06,1.79953652e+00
3.09702800e-06,1.79949265e+00
3.09712800e-06,1.79944660e+00
3.09722800e-06,1.79939590e+00
3.09732800e-06,1.79934251e+00
3.09742800e-06,1.79928394e+00
3.09752800e-06,1.79922211e+00
3.09762800e-06,1.79915448e+00
3.09772800e-06,1.79908294e+00
3.09782800e-06,1.79900490e+00
3.09792800e-06,1.79892219e+00
3.09802800e-06,1.79883218e+00
3.09812800e-06,1.79873665e+00
3.09822800e-06,1.79863288e+00
3.09832800e-06,1.79852262e+00
3.09842800e-06,1.79840307e+00
3.09852800e-06,1.79827590e+00
3.09862800e-06,1.79813824e+00
3.09872800e-06,1.79799168e+00
3.09882800e-06,1.79783324e+00
3.09892800e-06,1.79766443e+00
3.09902800e-06,1.79748217e+00
3.09912800e-06,1.79728784e+00
3.09922800e-06,1.79707825e+00
3.09932800e-06,1.79685466e+00
3.09942800e-06,1.79661373e+00
3.09952800e-06,1.79635657e+00
3.09962800e-06,1.79607969e+00
3.09972800e-06,1.79578400e+00
3.09982800e-06,1.79546584e+00
3.09992800e-06,1.79512591e+00
3.10002800e-06,1.79476032e+00
3.10012800e-06,1.79436953e+00
3.10022800e-06,1.79394937e+00
3.10032800e-06,1.79350004e+00
3.10042800e-06,1.79301702e+00
3.10052800e-06,1.79250016e+00
3.10062800e-06,1.79194458e+00
3.10072800e-06,1.79134970e+00
3.10082800e-06,1.79071015e+00
3.10092800e-06,1.79002485e+00
3.10102800e-06,1.78928786e+00
3.10112800e-06,1.78849744e+00
3.10122800e-06,1.78764695e+00
3.10132800e-06,1.78673385e+00
3.10142800e-06,1.78575060e+00
3.10152800e-06,1.78469365e+00
3.10162800e-06,1.78355431e+00
3.10172800e-06,1.78232775e+00
3.10182800e-06,1.78100380e+00
3.10192800e-06,1.77957592e+00
3.10202800e-06,1.77803199e+00
3.10212800e-06,1.77636326e+00
3.10222800e-06,1.77455497e+00
3.10232800e-06,1.77259531e+00
3.10242800e-06,1.77046594e+00
3.10252800e-06,1.76815079e+00
3.10262800e-06,1.76562642e+00
3.10272800e-06,1.76287064e+00
3.10282800e-06,1.75985254e+00
3.10292800e-06,1.75654074e+00
3.10302800e-06,1.75289289e+00
3.10312800e-06,1.74886314e+00
3.10322800e-06,1.74439058e+00
3.10332800e-06,1.73940509e+00
3.10342800e-06,1.73381328e+00
3.10352800e-06,1.72750063e+00
3.10362800e-06,1.72031116e+00
3.10372800e-06,1.71203925e+00
3.10382800e-06,1.70239108e+00
3.10392800e-06,1.69094374e+00
3.10402800e-06,1.67704533e+00
3.10412800e-06,1.65966235e+00
3.10422800e-06,1.63711135e+00
3.10432800e-06,1.60690473e+00
3.10442800e-06,1.56658010e+00
3.10452800e-06,1.51574080e+00
3.10462800e-06,1.45630521e+00
3.10472800e-06,1.39051001e+00
3.10482800e-06,1.31983010e+00
3.10492800e-06,1.24527991e+00
3.10502800e-06,1.16796434e+00
3.10512800e-06,1.08975399e+00
3.10522800e-06,1.01414968e+00
3.10532800e-06,9.46878966e-01
3.10542800e-06,8.93811764e-01
3.10552800e-06,8.55202375e-01
3.10562800e-06,8.24311755e-01
3.10572800e-06,7.95423287e-01
3.10582800e-06,7.67655717e-01
3.10592800e-06,7.40936940e-01
3.10602800e-06,7.15002939e-01
3.10612800e-06,6.90166444e-01
3.10622800e-06,6.66925429e-01
3.10632800e-06,6.45621719e-01
3.10642800e-06,6.26532618e-01
3.10652800e-06,6.10330504e-01
3.10662800e-06,5.99261506e-01
3.10672800e-06,5.95751209e-01
3.10682800e-06,5.97899602e-01
3.10692800e-06,6.01606304e-01
3.10702800e-06,6.04744929e-01
3.10712800e-06,6.07099727e-01
3.10722800e-06,6.08718684e-01
3.10732800e-06,6.09642544e-01
3.10742800e-06,6.09914165e-01
3.10752800e-06,6.09581645e-01
3.10762800e-06,6.08699572e-01
3.10772800e-06,6.07339469e-01
3.10782800e-06,6.05577489e-01
3.10792800e-06,6.03495548e-01
3.10802800e-06,6.01166800e-01
3.10812800e-06,5.98660562e-01
3.10822800e-06,5.96032045e-01
3.10832800e-06,5.93331134e-01
3.10842800e-06,5.90594100e-01
3.10852800e-06,5.87853806e-01
3.10862800e-06,5.85131662e-01
3.10872800e-06,5.82448122e-01
3.10882800e-06,5.79814264e-01
3.10892800e-06,5.77242248e-01
3.10902800e-06,5.74736402e-01
3.10912800e-06,5.72303576e-01
3.10922800e-06,5.69943905e-01
3.10932800e-06,5.67661093e-01
3.10942800e-06,5.65452608e-01
3.10952800e-06,5.63320218e-01
3.10962800e-06,5.61259948e-01
3.10972800e-06,5.59272525e-01
3.10982800e-06,5.57353157e-01
3.10992800e-06,5.55502063e-01
3.11002800e-06,5.53714065e-01
3.11012800e-06,5.51989201e-01
3.11022800e-06,5.50322167e-01
3.11032800e-06,5.48713019e-01
3.11042800e-06,5.47156483e-01
3.11052800e-06,5.45652745e-01
3.11062800e-06,5.44196647e-01
3.11072800e-06,5.42788568e-01
3.11082800e-06,5.41423512e-01
3.11092800e-06,5.40102071e-01
3.11102800e-06,5.38819435e-01
3.11112800e-06,5.37576416e-01
3.11122800e-06,5.36368387e-01
3.11132800e-06,5.35196374e-01
3.11142800e-06,5.34055927e-01
3.11152800e-06,5.32948275e-01
3.11162800e-06,5.31869133e-01
3.11172800e-06,5.30819912e-01
3.11182800e-06,5.29796478e-01
3.11192800e-06,5.28800409e-01
3.11202800e-06,5.27827706e-01
3.11212800e-06,5.26880096e-01
3.11222800e-06,5.25953699e-01
3.11232800e-06,5.25050376e-01
3.11242800e-06,5.24166353e-01
3.11252800e-06,5.23303605e-01
3.11262800e-06,5.22458455e-01
3.11272800e-06,5.21632980e-01
3.11282800e-06,5.20823584e-01
3.11292800e-06,5.20032435e-01
3.11302800e-06,5.19256008e-01
3.11312800e-06,5.18496552e-01
3.11322800e-06,5.17750603e-01
3.11332800e-06,5.17020482e-01
3.11342800e-06,5.16302779e-01
3.11352800e-06,5.15599877e-01
3.11362800e-06,5.14908412e-01
3.11372800e-06,5.14230824e-01
3.11382800e-06,5.13563790e-01
3.11392800e-06,5.12909796e-01
3.11402800e-06,5.12265559e-01
3.11412800e-06,5.11633607e-01
3.11422800e-06,5.11010688e-01
3.11432800e-06,5.10399368e-01
3.11442800e-06,5.09796423e-01
3.11452800e-06,5.09204454e-01
3.11462800e-06,5.08620262e-01
3.11472800e-06,5.08046476e-01
3.11482800e-06,5.07479920e-01
3.11492800e-06,5.06923251e-01
3.11502800e-06,5.06373311e-01
3.11512800e-06,5.05832782e-01
3.11522800e-06,5.05298523e-01
3.11532800e-06,5.04773238e-01
3.11542800e-06,5.04253800e-01
3.11552800e-06,5.03742933e-01
3.11562800e-06,5.03237526e-01
3.11572800e-06,5.02740318e-01
3.11582800e-06,5.02248210e-01
3.11592800e-06,5.01763960e-01
3.11602800e-06,5.01284476e-01
3.11612800e-06,5.00812533e-01
3.11622800e-06,5.00345049e-01
3.11632800e-06,4.99884811e-01
3.11642800e-06,4.99428746e-01
3.11652800e-06,4.98979652e-01
3.11662800e-06,4.98534467e-01
3.11672800e-06,4.98095998e-01
3.11682800e-06,4.97661190e-01
3.11692800e-06,4.97232861e-01
3.11702800e-06,4.96807961e-01
3.11712800e-06,4.96389319e-01
3.11722800e-06,4.95973889e-01
3.11732800e-06,4.95564510e-01
3.11742800e-06,4.95158142e-01
3.11752800e-06,4.94757630e-01
3.11762800e-06,4.94359939e-01
3.11772800e-06,4.93967923e-01
3.11782800e-06,4.93578550e-01
3.11792800e-06,4.93194680e-01
3.11802800e-06,4.92813286e-01
3.11812800e-06,4.92437235e-01
3.11822800e-06,4.92063503e-01
3.11832800e-06,4.91694962e-01
3.11842800e-06,4.91328592e-01
3.11852800e-06,4.90967271e-01
3.11862800e-06,4.90607981e-01
3.11872800e-06,4.90253605e-01
3.11882800e-06,4.89901127e-01
3.11892800e-06,4.89553438e-01
3.11902800e-06,4.89207522e-01
3.11912800e-06,4.88866274e-01
3.11922800e-06,4.88526682e-01
3.11932800e-06,4.88191644e-01
3.11942800e-06,4.87858150e-01
3.11952800e-06,4.87529102e-01
3.11962800e-06,4.87201492e-01
3.11972800e-06,4.86878227e-01
3.11982800e-06,4.86556299e-01
3.11992800e-06,4.86238618e-01
3.12002800e-06,4.85922180e-01
3.12012800e-06,4.85609897e-01
3.12022800e-06,4.85298765e-01
3.12032800e-06,4.84991701e-01
3.12042800e-06,4.84685703e-01
3.12052800e-06,4.84383688e-01
3.12062800e-06,4.84082657e-01
3.12072800e-06,4.83785530e-01
3.12082800e-06,4.83489309e-01
3.12092800e-06,4.83196916e-01
3.12102800e-06,4.82905354e-01
3.12112800e-06,4.82617549e-01
3.12122800e-06,4.82330503e-01
3.12132800e-06,4.82047146e-01
3.12142800e-06,4.81764479e-01
3.12152800e-06,4.81485435e-01
3.12162800e-06,4.81207017e-01
3.12172800e-06,4.80932159e-01
3.12182800e-06,4.80657865e-01
3.12192800e-06,4.80387070e-01
3.12202800e-06,4.80116780e-01
3.12212800e-06,4.79849932e-01
3.12222800e-06,4.79583531e-01
3.12232800e-06,4.79320517e-01
3.12242800e-06,4.79057897e-01
3.12252800e-06,4.78798611e-01
3.12262800e-06,4.78539665e-01
3.12272800e-06,4.78284003e-01
3.12282800e-06,4.78028632e-01
3.12292800e-06,4.77776496e-01
3.12302800e-06,4.77524602e-01
3.12312800e-06,4.77275897e-01
3.12322800e-06,4.77027388e-01
3.12332800e-06,4.76782023e-01
3.12342800e-06,4.76536809e-01
3.12352800e-06,4.76294697e-01
3.12362800e-06,4.76052694e-01
3.12372800e-06,4.75813750e-01
3.12382800e-06,4.75574875e-01
3.12392800e-06,4.75339019e-01
3.12402800e-06,4.75103192e-01
3.12412800e-06,4.74870346e-01
3.12422800e-06,4.74637491e-01
3.12432800e-06,4.74407581e-01
3.12442800e-06,4.74177625e-01
3.12452800e-06,4.73950578e-01
3.12462800e-06,4.73723449e-01
3.12472800e-06,4.73499196e-01
3.12482800e-06,4.73274828e-01
3.12492800e-06,4.73053302e-01
3.12502800e-06,4.72831627e-01
3.12512800e-06,4.72612763e-01
3.12522800e-06,4.72393719e-01
3.12532800e-06,4.72177455e-01
3.12542800e-06,4.71960980e-01
3.12552800e-06,4.71747256e-01
3.12562800e-06,4.71533291e-01
3.12572800e-06,4.71322049e-01
3.12582800e-06,4.71110537e-01
3.12592800e-06,4.70901721e-01
3.12602800e-06,4.70692607e-01
3.12612800e-06,4.70486162e-01
3.12622800e-06,4.70279393e-01
3.12632800e-06,4.70075267e-01
3.12642800e-06,4.69870791e-01
3.12652800e-06,4.69668933e-01
3.12662800e-06,4.69466700e-01
3.12672800e-06,4.69267061e-01
3.12682800e-06,4.69067023e-01
3.12692800e-06,4.68869556e-01
3.12702800e-06,4.68671667e-01
3.12712800e-06,4.68476325e-01
3.12722800e-06,4.68280539e-01
3.12732800e-06,4.68087278e-01
3.12742800e-06,4.67893551e-01
3.12752800e-06,4.67702329e-01
3.12762800e-06,4.67510618e-01
3.12772800e-06,4.67321392e-01
3.12782800e-06,4.67131657e-01
3.12792800e-06,4.66944387e-01
3.12802800e-06,4.66756587e-01
3.12812800e-06,4.66571233e-01
3.12822800e-06,4.66385331e-01
3.12832800e-06,4.66201855e-01
3.12842800e-06,4.66017812e-01
3.12852800e-06,4.65836177e-01
3.12862800e-06,4.65653957e-01
3.12872800e-06,4.65474128e-01
3.12882800e-06,4.65293696e-01
3.12892800e-06,4.65115637e-01
3.12902800e-06,4.64936957e-01
3.12912800e-06,4.64760635e-01
3.12922800e-06,4.64583676e-01
3.12932800e-06,4.64409057e-01
3.12942800e-06,4.64233785e-01
3.12952800e-06,4.64060838e-01
3.12962800e-06,4.63887221e-01
3.12972800e-06,4.63715915e-01
3.12982800e-06,4.63543924e-01
3.12992800e-06,4.63374228e-01
3.13002800e-06,4.63203832e-01
3.13012800e-06,4.63035717e-01
3.13022800e-06,4.62866888e-01
3.13032800e-06,4.62700325e-01
3.13042800e-06,4.62533034e-01
3.13052800e-06,4.62367996e-01
3.13062800e-06,4.62202216e-01
3.13072800e-06,4.62038675e-01
3.13082800e-06,4.61874379e-01
3.13092800e-06,4.61712310e-01
3.13102800e-06,4.61549472e-01
3.13112800e-06,4.61388848e-01
3.13122800e-06,4.61227442e-01
3.13132800e-06,4.61068239e-01
3.13142800e-06,4.60908242e-01
3.13152800e-06,4.60750434e-01
3.13162800e-06,4.60591821e-01
3.13172800e-06,4.60435386e-01
3.13182800e-06,4.60278134e-01
3.13192800e-06,4.60123048e-01
3.13202800e-06,4.59967133e-01
3.13212800e-06,4.59813374e-01
3.13222800e-06,4.59658775e-01
3.13232800e-06,4.59506321e-01
3.13242800e-06,4.59353016e-01
3.13252800e-06,4.59201845e-01
3.13262800e-06,4.59049812e-01
3.13272800e-06,4.58899904e-01
3.13282800e-06,4.58749123e-01
3.13292800e-06,4.58600457e-01
3.13302800e-06,4.58450908e-01
3.13312800e-06,4.58303464e-01
3.13322800e-06,4.58155128e-01
3.13332800e-06,4.58008886e-01
3.13342800e-06,4.57861743e-01
3.13352800e-06,4.57716685e-01
3.13362800e-06,4.57570716e-01
3.13372800e-06,4.57426824e-01
3.13382800e-06,4.57282010e-01
3.13392800e-06,4.57139265e-01
3.13402800e-06,4.56995590e-01
3.13412800e-06,4.56853974e-01
3.13422800e-06,4.56711420e-01
3.13432800e-06,4.56570916e-01
3.13442800e-06,4.56429465e-01
3.13452800e-06,4.56290057e-01
3.13462800e-06,4.56149693e-01
3.13472800e-06,4.56011364e-01
3.13482800e-06,4.55872071e-01
3.13492800e-06,4.55734804e-01
3.13502800e-06,4.55596566e-01
3.13512800e-06,4.55460346e-01
3.13522800e-06,4.55323147e-01
3.13532800e-06,4.55187959e-01
3.13542800e-06,4.55051784e-01
3.13552800e-06,4.54917612e-01
3.13562800e-06,4.54782446e-01
3.13572800e-06,4.54649277e-01
3.13582800e-06,4.54515105e-01
3.13592800e-06,4.54382923e-01
3.13602800e-06,4.54249731e-01
3.13612800e-06,4.54118523e-01
3.13622800e-06,4.53986297e-01
3.13632800e-06,4.53856048e-01
3.13642800e-06,4.53724775e-01
3.13652800e-06,4.53595473e-01
3.13662800e-06,4.53465139e-01
3.13672800e-06,4.53336769e-01
3.13682800e-06,4.53207362e-01
3.13692800e-06,4.53079911e-01
3.13702800e-06,4.52951418e-01
3.13712800e-06,4.52824875e-01
3.13722800e-06,4.52697282e-01
3.13732800e-06,4.52571633e-01
3.13742800e-06,4.52444929e-01
3.13752800e-06,4.52320163e-01
3.13762800e-06,4.52194336e-01
3.13772800e-06,4.52070441e-01
3.13782800e-06,4.51945478e-01
3.13792800e-06,4.51822442e-01
3.13802800e-06,4.51698332e-01
3.13812800e-06,4.51576144e-01
3.13822800e-06,4.51452876e-01
3.13832800e-06,4.51331525e-01
3.13842800e-06,4.51209088e-01
3.13852800e-06,4.51088562e-01
3.13862800e-06,4.50966945e-01
3.13872800e-06,4.50847233e-01
3.13882800e-06,4.50726426e-01
3.13892800e-06,4.50607518e-01
3.13902800e-06,4.50487509e-01
3.13912800e-06,4.50369396e-01
3.13922800e-06,4.50250176e-01
3.13932800e-06,4.50132846e-01
3.13942800e-06,4.50014404e-01
3.13952800e-06,4.49897848e-01
3.13962800e-06,4.49780175e-01
3.13972800e-06,4.49664383e-01
3.13982800e-06,4.49547469e-01
3.13992800e-06,4.49432432e-01
3.14002800e-06,4.49316267e-01
3.14012800e-06,4.49201975e-01
3.14022800e-06,4.49086550e-01
3.14032800e-06,4.48972993e-01
3.14042800e-06,4.48858300e-01
3.14052800e-06,4.48745470e-01
3.14062800e-06,4.48631499e-01
3.14072800e-06,4.48519387e-01
3.14082800e-06,4.48406130e-01
3.14092800e-06,4.48294726e-01
3.14102800e-06,4.48182174e-01
3.14112800e-06,4.48071471e-01
3.14122800e-06,4.47959614e-01
3.14132800e-06,4.47849604e-01
3.14142800e-06,4.47738435e-01
3.14152800e-06,4.47629109e-01
3.14162800e-06,4.47518620e-01
3.14172800e-06,4.47409969e-01
3.14182800e-06,4.47300152e-01
3.14192800e-06,4.47192169e-01
3.14202800e-06,4.47083015e-01
3.14212800e-06,4.46975693e-01
3.14222800e-06,4.46867195e-01
3.14232800e-06,4.46760525e-01
3.14242800e-06,4.46652676e-01
3.14252800e-06,4.46546650e-01
3.14262800e-06,4.46439442e-01
3.14272800e-06,4.46334054e-01
3.14282800e-06,4.46227480e-01
3.14292800e-06,4.46122722e-01
3.14302800e-06,4.46016774e-01
3.14312800e-06,4.45912638e-01
3.14322800e-06,4.45807310e-01
3.14332800e-06,4.45703791e-01
3.14342800e-06,4.45599075e-01
3.14352800e-06,4.45496164e-01
3.14362800e-06,4.45392054e-01
3.14372800e-06,4.45289745e-01
3.14382800e-06,4.45186233e-01
3.14392800e-06,4.45084521e-01
3.14402800e-06,4.44981601e-01
3.14412800e-06,4.44880477e-01
3.14422800e-06,4.44778143e-01
3.14432800e-06,4.44677601e-01
3.14442800e-06,4.44575846e-01
3.14452800e-06,4.44475881e-01
3.14462800e-06,4.44374699e-01
3.14472800e-06,4.44275304e-01
3.14482800e-06,4.44174688e-01
3.14492800e-06,4.44075856e-01
3.14502800e-06,4.43975802e-01
3.14512800e-06,4.43877527e-01
3.14522800e-06,4.43778027e-01
3.14532800e-06,4.43680305e-01
3.14542800e-06,4.43581353e-01
3.14552800e-06,4.43484177e-01
3.14562800e-06,4.43385768e-01
3.14572800e-06,4.43289131e-01
3.14582800e-06,4.43191260e-01
3.14592800e-06,4.43095158e-01
3.14602800e-06,4.42997818e-01
3.14612800e-06,4.42902244e-01
3.14622800e-06,4.42805430e-01
3.14632800e-06,4.42710380e-01
3.14642800e-06,4.42614087e-01
3.14652800e-06,4.42519554e-01
3.14662800e-06,4.42423776e-01
3.14672800e-06,4.42329756e-01
3.14682800e-06,4.42234488e-01
3.14692800e-06,4.42140976e-01
3.14702800e-06,4.42046212e-01
3.14712800e-06,4.41953202e-01
3.14722800e-06,4.41858938e-01
3.14732800e-06,4.41766424e-01
3.14742800e-06,4.41672655e-01
3.14752800e-06,4.41580634e-01
3.14762800e-06,4.41487354e-01
3.14772800e-06,4.41395820e-01
3.14782800e-06,4.41303024e-01
3.14792800e-06,4.41211973e-01
3.14802800e-06,4.41119657e-01
3.14812800e-06,4.41029083e-01
3.14822800e-06,4.40937243e-01
3.14832800e-06,4.40847142e-01
3.14842800e-06,4.40755772e-01
3.14852800e-06,4.40666139e-01
3.14862800e-06,4.40575234e-01
3.14872800e-06,4.40486065e-01
3.14882800e-06,4.40395622e-01
3.14892800e-06,4.40306912e-01
3.14902800e-06,4.40216926e-01
3.14912800e-06,4.40128670e-01
3.14922800e-06,4.40039136e-01
3.14932800e-06,4.39951331e-01
3.14942800e-06,4.39862245e-01
3.14952800e-06,4.39774886e-01
3.14962800e-06,4.39686244e-01
3.14972800e-06,4.39599326e-01
3.14982800e-06,4.39511124e-01
3.14992800e-06,4.39424644e-01
3.15002800e-06,4.39336877e-01
3.15012800e-06,4.39250830e-01
3.15022800e-06,4.39163495e-01
3.15032800e-06,4.39077877e-01
3.15042800e-06,4.38990969e-01
3.15052800e-06,4.38905777e-01
3.15062800e-06,4.38819292e-01
3.15072800e-06,4.38734521e-01
3.15082800e-06,4.38648456e-01
3.15092800e-06,4.38564102e-01
3.15102800e-06,4.38478453e-01
3.15112800e-06,4.38394513e-01
3.15122800e-06,4.38309275e-01
3.15132800e-06,4.38225745e-01
3.15142800e-06,4.38140914e-01
3.15152800e-06,4.38057791e-01
3.15162800e-06,4.37973365e-01
3.15172800e-06,4.37890643e-01
3.15182800e-06,4.37806618e-01
3.15192800e-06,4.37724295e-01
3.15202800e-06,4.37640667e-01
3.15212800e-06,4.37558739e-01
3.15222800e-06,4.37475504e-01
3.15232800e-06,4.37393968e-01
3.15242800e-06,4.37311123e-01
3.15252800e-06,4.37229975e-01
3.15262800e-06,4.37147516e-01
3.15272800e-06,4.37066753e-01
3.15282800e-06,4.36984678e-01
3.15292800e-06,4.36904296e-01
3.15302800e-06,4.36822600e-01
3.15312800e-06,4.36742596e-01
3.15322800e-06,4.36661276e-01
3.15332800e-06,4.36581647e-01
3.15342800e-06,4.36500700e-01
3.15352800e-06,4.36421442e-01
3.15362800e-06,4.36340865e-01
3.15372800e-06,4.36261976e-01
3.15382800e-06,4.36181765e-01
3.15392800e-06,4.36103241e-01
3.15402800e-06,4.36023393e-01
3.15412800e-06,4.35945231e-01
3.15422800e-06,4.35865744e-01
3.15432800e-06,4.35787940e-01
3.15442800e-06,4.35708810e-01
3.15452800e-06,4.35631362e-01
3.15462800e-06,4.35552586e-01
3.15472800e-06,4.35475491e-01
3.15482800e-06,4.35397066e-01
3.15492800e-06,4.35320321e-01
3.15502800e-06,4.35242244e-01
3.15512800e-06,4.35165845e-01
3.15522800e-06,4.35088114e-01
3.15532800e-06,4.35012059e-01
3.15542800e-06,4.34934671e-01
3.15552800e-06,4.34858956e-01
3.15562800e-06,4.34781907e-01
3.15572800e-06,4.34706531e-01
3.15582800e-06,4.34629819e-01
3.15592800e-06,4.34554778e-01
3.15602800e-06,4.34478400e-01
3.15612800e-06,4.34403692e-01
3.15622800e-06,4.34327645e-01
3.15632800e-06,4.34253267e-01
3.15642800e-06,4.34177548e-01
3.15652800e-06,4.34103497e-01
3.15662800e-06,4.34028104e-01
3.15672800e-06,4.33954378e-01
3.15682800e-06,4.33879308e-01
3.15692800e-06,4.33805904e-01
3.15702800e-06,4.33731155e-01
3.15712800e-06,4.33658069e-01
3.15722800e-06,4.33583638e-01
3.15732800e-06,4.33510870e-01
3.15742800e-06,4.33436754e-01
3.15752800e-06,4.33364300e-01
3.15762800e-06,4.33290497e-01
3.15772800e-06,4.33218354e-01
3.15782800e-06,4.33144862e-01
3.15792800e-06,4.33073028e-01
3.15802800e-06,4.32999844e-01
3.15812800e-06,4.32928317e-01
3.15822800e-06,4.32855439e-01
3.15832800e-06,4.32784216e-01
3.15842800e-06,4.32711641e-01
3.15852800e-06,4.32640720e-01
3.15862800e-06,4.32568446e-01
3.15872800e-06,4.32497825e-01
3.15882800e-06,4.32425849e-01
3.15892800e-06,4.32355525e-01
3.15902800e-06,4.32283845e-01
3.15912800e-06,4.32213816e-01
3.15922800e-06,4.32142430e-01
3.15932800e-06,4.32072694e-01
3.15942800e-06,4.32001600e-01
3.15952800e-06,4.31932154e-01
3.15962800e-06,4.31861349e-01
3.15972800e-06,4.31792191e-01
3.15982800e-06,4.31721673e-01
3.15992800e-06,4.31652802e-01
3.16002800e-06,4.31582569e-01
3.16012800e-06,4.31513981e-01
3.16022800e-06,4.31444031e-01
3.16032800e-06,4.31375725e-01
3.16042800e-06,4.31306056e-01
3.16052800e-06,4.31238030e-01
3.16062800e-06,4.31168639e-01
3.16072800e-06,4.31100890e-01
3.16082800e-06,4.31031775e-01
3.16092800e-06,4.30964302e-01
3.16102800e-06,4.30895462e-01
3.16112800e-06,4.30828262e-01
3.16122800e-06,4.30759694e-01
3.16132800e-06,4.30692765e-01
3.16142800e-06,4.30624468e-01
3.16152800e-06,4.30557809e-01
3.16162800e-06,4.30489779e-01
3.16172800e-06,4.30423387e-01
3.16182800e-06,4.30355625e-01
3.16192800e-06,4.30289498e-01
3.16202800e-06,4.30222000e-01
3.16212800e-06,4.30156137e-01
3.16222800e-06,4.30088901e-01
3.16232800e-06,4.30023299e-01
3.16242800e-06,4.29956324e-01
3.16252800e-06,4.29890982e-01
3.16262800e-06,4.29824265e-01
3.16272800e-06,4.29759181e-01
3.16282800e-06,4.29692721e-01
3.16292800e-06,4.29627893e-01
3.16302800e-06,4.29561688e-01
3.16312800e-06,4.29497114e-01
3.16322800e-06,4.29431162e-01
3.16332800e-06,4.29366840e-01
3.16342800e-06,4.29301140e-01
3.16352800e-06,4.29237068e-01
3.16362800e-06,4.29171618e-01
3.16372800e-06,4.29107795e-01
3.16382800e-06,4.29042592e-01
3.16392800e-06,4.28979016e-01
3.16402800e-06,4.28914059e-01
3.16412800e-06,4.28850728e-01
3.16422800e-06,4.28786016e-01
3.16432800e-06,4.28722928e-01
3.16442800e-06,4.28658458e-01
3.16452800e-06,4.28595613e-01
3.16462800e-06,4.28531384e-01
3.16472800e-06,4.28468778e-01
3.16482800e-06,4.28404788e-01
3.16492800e-06,4.28342421e-01
3.16502800e-06,4.28278669e-01
3.16512800e-06,4.28216538e-01
3.16522800e-06,4.28153022e-01
3.16532800e-06,4.28091126e-01
3.16542800e-06,4.28027844e-01
3.16552800e-06,4.27966182e-01
3.16562800e-06,4.27903133e-01
3.16572800e-06,4.27841703e-01
3.16582800e-06,4.27778885e-01
3.16592800e-06,4.27717685e-01
3.16602800e-06,4.27655096e-01
3.16612800e-06,4.27594125e-01
3.16622800e-06,4.27531764e-01
3.16632800e-06,4.27471020e-01
3.16642800e-06,4.27408886e-01
3.16652800e-06,4.27348368e-01
3.16662800e-06,4.27286459e-01
3.16672800e-06,4.27226164e-01
3.16682800e-06,4.27164478e-01
3.16692800e-06,4.27104407e-01
3.16702800e-06,4.27042943e-01
3.16712800e-06,4.26983092e-01
3.16722800e-06,4.26921849e-01
3.16732800e-06,4.26862217e-01
3.16742800e-06,4.26801193e-01
3.16752800e-06,4.26741780e-01
3.16762800e-06,4.26680973e-01
3.16772800e-06,4.26621777e-01
3.16782800e-06,4.26561186e-01
3.16792800e-06,4.26502205e-01
3.16802800e-06,4.26441829e-01
3.16812800e-06,4.26383062e-01
3.16822800e-06,4.26322899e-01
3.16832800e-06,4.26264344e-01
3.16842800e-06,4.26204393e-01
3.16852800e-06,4.26146049e-01
3.16862800e-06,4.26086309e-01
3.16872800e-06,4.26028175e-01
3.16882800e-06,4.25968643e-01
3.16892800e-06,4.25910718e-01
3.16902800e-06,4.25851394e-01
3.16912800e-06,4.25793676e-01
3.16922800e-06,4.25734558e-01
3.16932800e-06,4.25677045e-01
3.16942800e-06,4.25618133e-01
3.16952800e-06,4.25560824e-01
3.16962800e-06,4.25502116e-01
3.16972800e-06,4.25445010e-01
3.16982800e-06,4.25386504e-01
3.16992800e-06,4.25329600e-01
3.17002800e-06,4.25271295e-01
3.17012800e-06,4.25214592e-01
3.17022800e-06,4.25156487e-01
3.17032800e-06,4.25099983e-01
3.17042800e-06,4.25042076e-01
3.17052800e-06,4.24985770e-01
3.17062800e-06,4.24928060e-01
3.17072800e-06,4.24871951e-01
3.17082800e-06,4.24814438e-01
3.17092800e-06,4.24758524e-01
3.17102800e-06,4.24701205e-01
3.17112800e-06,4.24645485e-01
3.17122800e-06,4.24588361e-01
3.17132800e-06,4.24532834e-01
3.17142800e-06,4.24475902e-01
3.17152800e-06,4.24420566e-01
3.17162800e-06,4.24363826e-01
3.17172800e-06,4.24308681e-01
3.17182800e-06,4.24252130e-01
3.17192800e-06,4.24197175e-01
3.17202800e-06,4.24140813e-01
3.17212800e-06,4.24086046e-01
3.17222800e-06,4.24029872e-01
3.17232800e-06,4.23975292e-01
3.17242800e-06,4.23919304e-01
3.17252800e-06,4.23864910e-01
3.17262800e-06,4.23809108e-01
3.17272800e-06,4.23754899e-01
3.17282800e-06,4.23699281e-01
3.17292800e-06,4.23645256e-01
3.17302800e-06,4.23589821e-01
3.17312800e-06,4.23535978e-01
3.17322800e-06,4.23480725e-01
3.17332800e-06,4.23427064e-01
3.17342800e-06,4.23371992e-01
3.17352800e-06,4.23318511e-01
3.17362800e-06,4.23263619e-01
3.17372800e-06,4.23210317e-01
3.17382800e-06,4.23155604e-01
3.17392800e-06,4.23102480e-01
3.17402800e-06,4.23047945e-01
3.17412800e-06,4.22994998e-01
3.17422800e-06,4.22940640e-01
3.17432800e-06,4.22887869e-01
3.17442800e-06,4.22833686e-01
3.17452800e-06,4.22781091e-01
3.17462800e-06,4.22727082e-01
3.17472800e-06,4.22674660e-01
3.17482800e-06,4.22620826e-01
3.17492800e-06,4.22568577e-01
3.17502800e-06,4.22514914e-01
3.17512800e-06,4.22462838e-01
3.17522800e-06,4.22409347e-01
3.17532800e-06,4.22357441e-01
3.17542800e-06,4.22304120e-01
3.17552800e-06,4.22252384e-01
3.17562800e-06,4.22199233e-01
3.17572800e-06,4.22147666e-01
3.17582800e-06,4.22094684e-01
3.17592800e-06,4.22043285e-01
3.17602800e-06,4.21990470e-01
3.17612800e-06,4.21939237e-01
3.17622800e-06,4.21886589e-01
3.17632800e-06,4.21835523e-01
3.17642800e-06,4.21783040e-01
3.17652800e-06,4.21732139e-01
3.17662800e-06,4.21679820e-01
3.17672800e-06,4.21629083e-01
3.17682800e-06,4.21576929e-01
3.17692800e-06,4.21526355e-01
3.17702800e-06,4.21474363e-01
3.17712800e-06,4.21423951e-01
3.17722800e-06,4.21372121e-01
3.17732800e-06,4.21321870e-01
3.17742800e-06,4.21270201e-01
3.17752800e-06,4.21220111e-01
3.17762800e-06,4.21168602e-01
3.17772800e-06,4.21118671e-01
3.17782800e-06,4.21067321e-01
3.17792800e-06,4.21017548e-01
3.17802800e-06,4.20966356e-01
3.17812800e-06,4.20916741e-01
3.17822800e-06,4.20865707e-01
3.17832800e-06,4.20816249e-01
3.17842800e-06,4.20765370e-01
3.17852800e-06,4.20716068e-01
3.17862800e-06,4.20665345e-01
3.17872800e-06,4.20616198e-01
3.17882800e-06,4.20565630e-01
3.17892800e-06,4.20516637e-01
3.17902800e-06,4.20466222e-01
3.17912800e-06,4.20417383e-01
3.17922800e-06,4.20367121e-01
3.17932800e-06,4.20318434e-01
3.17942800e-06,4.20268324e-01
3.17952800e-06,4.20219788e-01
3.17962800e-06,4.20169830e-01
3.17972800e-06,4.20121445e-01
3.17982800e-06,4.20071637e-01
3.17992800e-06,4.20023401e-01
3.18002800e-06,4.19973743e-01
3.18012800e-06,4.19925657e-01
3.18022800e-06,4.19876147e-01
3.18032800e-06,4.19828209e-01
3.18042800e-06,4.19778848e-01
3.18052800e-06,4.19731057e-01
3.18062800e-06,4.19681843e-01
3.18072800e-06,4.19634198e-01
3.18082800e-06,4.19585130e-01
3.18092800e-06,4.19537632e-01
3.18102800e-06,4.19488709e-01
3.18112800e-06,4.19441356e-01
3.18122800e-06,4.19392578e-01
3.18132800e-06,4.19345369e-01
3.18142800e-06,4.19296735e-01
3.18152800e-06,4.19249670e-01
3.18162800e-06,4.19201179e-01
3.18172800e-06,4.19154256e-01
3.18182800e-06,4.19105908e-01
3.18192800e-06,4.19059127e-01
3.18202800e-06,4.19010920e-01
3.18212800e-06,4.18964280e-01
3.18222800e-06,4.18916215e-01
3.18232800e-06,4.18869715e-01
3.18242800e-06,4.18821789e-01
3.18252800e-06,4.18775430e-01
3.18262800e-06,4.18727643e-01
3.18272800e-06,4.18681422e-01
3.18282800e-06,4.18633775e-01
3.18292800e-06,4.18587692e-01
3.18302800e-06,4.18540182e-01
3.18312800e-06,4.18494237e-01
3.18322800e-06,4.18446865e-01
3.18332800e-06,4.18401056e-01
3.18342800e-06,4.18353820e-01
3.18352800e-06,4.18308147e-01
3.18362800e-06,4.18261047e-01
3.18372800e-06,4.18215510e-01
3.18382800e-06,4.18168545e-01
3.18392800e-06,4.18123142e-01
3.18402800e-06,4.18076311e-01
3.18412800e-06,4.18031042e-01
3.18422800e-06,4.17984345e-01
3.18432800e-06,4.17939209e-01
3.18442800e-06,4.17892645e-01
3.18452800e-06,4.17847641e-01
3.18462800e-06,4.17801209e-01
3.18472800e-06,4.17756338e-01
3.18482800e-06,4.17710037e-01
3.18492800e-06,4.17665297e-01
3.18502800e-06,4.17619127e-01
3.18512800e-06,4.17574517e-01
3.18522800e-06,4.17528478e-01
3.18532800e-06,4.17483998e-01
3.18542800e-06,4.17438088e-01
3.18552800e-06,4.17393737e-01
3.18562800e-06,4.17347956e-01
3.18572800e-06,4.17303733e-01
3.18582800e-06,4.17258081e-01
3.18592800e-06,4.17213986e-01
3.18602800e-06,4.17168461e-01
3.18612800e-06,4.17124493e-01
3.18622800e-06,4.17079095e-01
3.18632800e-06,4.17035253e-01
3.18642800e-06,4.16989981e-01
3.18652800e-06,4.16946266e-01
3.18662800e-06,4.16901120e-01
3.18672800e-06,4.16857529e-01
3.18682800e-06,4.16812508e-01
3.18692800e-06,4.16769042e-01
3.18702800e-06,4.16724145e-01
3.18712800e-06,4.16680804e-01
3.18722800e-06,4.16636031e-01
3.18732800e-06,4.16592812e-01
3.18742800e-06,4.16548162e-01
3.18752800e-06,4.16505066e-01
3.18762800e-06,4.16460539e-01
3.18772800e-06,4.16417565e-01
3.18782800e-06,4.16373160e-01
3.18792800e-06,4.16330307e-01
3.18802800e-06,4.16286023e-01
3.18812800e-06,4.16243292e-01
3.18822800e-06,4.16199128e-01
3.18832800e-06,4.16156517e-01
3.18842800e-06,4.16112474e-01
3.18852800e-06,4.16069982e-01
3.18862800e-06,4.16026058e-01
3.18872800e-06,4.15983686e-01
3.18882800e-06,4.15939881e-01
3.18892800e-06,4.15897627e-01
3.18902800e-06,4.15853940e-01
3.18912800e-06,4.15811804e-01
3.18922800e-06,4.15768236e-01
3.18932800e-06,4.15726217e-01
3.18942800e-06,4.15682765e-01
3.18952800e-06,4.15640863e-01
3.18962800e-06,4.15597528e-01
3.18972800e-06,4.15555742e-01
3.18982800e-06,4.15512523e-01
3.18992800e-06,4.15470853e-01
3.19002800e-06,4.15427750e-01
3.19012800e-06,4.15386195e-01
3.19022800e-06,4.15343206e-01
3.19032800e-06,4.15301766e-01
3.19042800e-06,4.15258891e-01
3.19052800e-06,4.15217565e-01
3.19062800e-06,4.15174804e-01
3.19072800e-06,4.15133591e-01
3.19082800e-06,4.15090944e-01
3.19092800e-06,4.15050133e-01
3.19102800e-06,4.15007889e-01
3.19112800e-06,4.14967188e-01
3.19122800e-06,4.14925055e-01
3.19132800e-06,4.14884465e-01
3.19142800e-06,4.14842442e-01
3.19152800e-06,4.14801961e-01
3.19162800e-06,4.14760048e-01
3.19172800e-06,4.14719677e-01
3.19182800e-06,4.14677873e-01
3.19192800e-06,4.14637611e-01
3.19202800e-06,4.14595916e-01
3.19212800e-06,4.14555763e-01
3.19222800e-06,4.14514175e-01
3.19232800e-06,4.14474130e-01
3.19242800e-06,4.14432650e-01
3.19252800e-06,4.14392713e-01
3.19262800e-06,4.14351340e-01
3.19272800e-06,4.14311509e-01
3.19282800e-06,4.14270244e-01
3.19292800e-06,4.14230519e-01
3.19302800e-06,4.14189360e-01
3.19312800e-06,4.14149742e-01
3.19322800e-06,4.14108688e-01
3.19332800e-06,4.14069175e-01
3.19342800e-06,4.14028227e-01
3.19352800e-06,4.13988819e-01
3.19362800e-06,4.13947975e-01
3.19372800e-06,4.13908672e-01
3.19382800e-06,4.13867933e-01
3.19392800e-06,4.13828733e-01
3.19402800e-06,4.13788098e-01
3.19412800e-06,4.13749002e-01
3.19422800e-06,4.13708470e-01
3.19432800e-06,4.13669476e-01
3.19442800e-06,4.13629047e-01
3.19452800e-06,4.13590157e-01
3.19462800e-06,4.13549830e-01
3.19472800e-06,4.13511042e-01
3.19482800e-06,4.13470817e-01
3.19492800e-06,4.13432130e-01
3.19502800e-06,4.13392007e-01
3.19512800e-06,4.13353421e-01
3.19522800e-06,4.13313399e-01
3.19532800e-06,4.13274914e-01
3.19542800e-06,4.13234992e-01
3.19552800e-06,4.13196607e-01
3.19562800e-06,4.13156786e-01
3.19572800e-06,4.13118500e-01
3.19582800e-06,4.13078779e-01
3.19592800e-06,4.13040593e-01
3.19602800e-06,4.13000970e-01
3.19612800e-06,4.12962883e-01
3.19622800e-06,4.12923359e-01
3.19632800e-06,4.12885370e-01
3.19642800e-06,4.12845945e-01
3.19652800e-06,4.12808054e-01
3.19662800e-06,4.12768727e-01
3.19672800e-06,4.12730933e-01
3.19682800e-06,4.12691703e-01
3.19692800e-06,4.12654007e-01
3.19702800e-06,4.12614874e-01
3.19712800e-06,4.12577274e-01
3.19722800e-06,4.12538238e-01
3.19732800e-06,4.12500734e-01
3.19742800e-06,4.12461794e-01
3.19752800e-06,4.12424386e-01
3.19762800e-06,4.12385542e-01
3.19772800e-06,4.12348229e-01
3.19782800e-06,4.12309480e-01
3.19792800e-06,4.12272262e-01
3.19802800e-06,4.12233608e-01
3.19812800e-06,4.12196485e-01
3.19822800e-06,4.12157925e-01
3.19832800e-06,4.12120896e-01
3.19842800e-06,4.12082430e-01
3.19852800e-06,4.12045495e-01
3.19862800e-06,4.12007123e-01
3.19872800e-06,4.11970281e-01
3.19882800e-06,4.11932002e-01
3.19892800e-06,4.11895253e-01
3.19902800e-06,4.11857066e-01
3.19912800e-06,4.11820410e-01
3.19922800e-06,4.11782316e-01
3.19932800e-06,4.11745751e-01
3.19942800e-06,4.11707749e-01
3.19952800e-06,4.11671276e-01
3.19962800e-06,4.11633366e-01
3.19972800e-06,4.11596984e-01
3.19982800e-06,4.11559165e-01
3.19992800e-06,4.11522874e-01
3.20002800e-06,4.11485146e-01
3.20012800e-06,4.11448946e-01
3.20022800e-06,4.11411308e-01
3.20032800e-06,4.11375197e-01
3.20042800e-06,4.11337650e-01
3.20052800e-06,4.11301629e-01
3.20062800e-06,4.11264171e-01
3.20072800e-06,4.11228239e-01
3.20082800e-06,4.11190870e-01
3.20092800e-06,4.11155028e-01
3.20102800e-06,4.11117748e-01
3.20112800e-06,4.11081993e-01
3.20122800e-06,4.11044802e-01
3.20132800e-06,4.11009136e-01
3.20142800e-06,4.10972033e-01
3.20152800e-06,4.10936454e-01
3.20162800e-06,4.10899439e-01
3.20172800e-06,4.10863948e-01
3.20182800e-06,4.10827019e-01
3.20192800e-06,4.10791615e-01
3.20202800e-06,4.10754774e-01
3.20212800e-06,4.10719457e-01
3.20222800e-06,4.10682702e-01
3.20232800e-06,4.10647471e-01
3.20242800e-06,4.10610803e-01
3.20252800e-06,4.10575657e-01
3.20262800e-06,4.10539075e-01
3.20272800e-06,4.10504015e-01
3.20282800e-06,4.10467518e-01
3.20292800e-06,4.10432544e-01
3.20302800e-06,4.10396132e-01
3.20312800e-06,4.10361242e-01
3.20322800e-06,4.10324915e-01
3.20332800e-06,4.10290110e-01
3.20342800e-06,4.10253868e-01
3.20352800e-06,4.10219146e-01
3.20362800e-06,4.10182988e-01
3.20372800e-06,4.10148351e-01
3.20382800e-06,4.10112276e-01
3.20392800e-06,4.10077722e-01
3.20402800e-06,4.10041731e-01
3.20412800e-06,4.10007260e-01
3.20422800e-06,4.09971352e-01
3.20432800e-06,4.09936963e-01
3.20442800e-06,4.09901138e-01
3.20452800e-06,4.09866832e-01
3.20462800e-06,4.09831089e-01
3.20472800e-06,4.09796865e-01
3.20482800e-06,4.09761204e-01
3.20492800e-06,4.09727062e-01
3.20502800e-06,4.09691482e-01
3.20512800e-06,4.09657421e-01
3.20522800e-06,4.09621923e-01
3.20532800e-06,4.09587944e-01
3.20542800e-06,4.09552527e-01
3.20552800e-06,4.09518627e-01
3.20562800e-06,4.09483291e-01
3.20572800e-06,4.09449472e-01
3.20582800e-06,4.09414216e-01
3.20592800e-06,4.09380477e-01
3.20602800e-06,4.09345302e-01
3.20612800e-06,4.09311642e-01
3.20622800e-06,4.09276546e-01
3.20632800e-06,4.09242966e-01
3.20642800e-06,4.09207950e-01
3.20652800e-06,4.09174449e-01
3.20662800e-06,4.09139511e-01
3.20672800e-06,4.09106089e-01
3.20682800e-06,4.09071230e-01
3.20692800e-06,4.09037886e-01
3.20702800e-06,4.09003106e-01
3.20712800e-06,4.08969840e-01
3.20722800e-06,4.08935138e-01
3.20732800e-06,4.08901950e-01
3.20742800e-06,4.08867325e-01
3.20752800e-06,4.08834215e-01
3.20762800e-06,4.08799667e-01
3.20772800e-06,4.08766634e-01
3.20782800e-06,4.08732164e-01
3.20792800e-06,4.08699207e-01
3.20802800e-06,4.08664814e-01
3.20812800e-06,4.08631934e-01
3.20822800e-06,4.08597618e-01
3.20832800e-06,4.08564814e-01
3.20842800e-06,4.08530574e-01
3.20852800e-06,4.08497846e-01
3.20862800e-06,4.08463681e-01
3.20872800e-06,4.08431029e-01
3.20882800e-06,4.08396940e-01
3.20892800e-06,4.08364363e-01
3.20902800e-06,4.08330350e-01
3.20912800e-06,4.08297847e-01
3.20922800e-06,4.08263909e-01
3.20932800e-06,4.08231482e-01
3.20942800e-06,4.08197618e-01
3.20952800e-06,4.08165265e-01
3.20962800e-06,4.08131476e-01
3.20972800e-06,4.08099197e-01
3.20982800e-06,4.08065482e-01
3.20992800e-06,4.08033277e-01
3.21002800e-06,4.07999636e-01
3.21012800e-06,4.07967504e-01
3.21022800e-06,4.07933937e-01
3.21032800e-06,4.07901878e-01
3.21042800e-06,4.07868384e-01
3.21052800e-06,4.07836398e-01
3.21062800e-06,4.07802977e-01
3.21072800e-06,4.07771064e-01
3.21082800e-06,4.07737716e-01
3.21092800e-06,4.07705875e-01
3.21102800e-06,4.07672599e-01
3.21112800e-06,4.07640831e-01
3.21122800e-06,4.07607627e-01
3.21132800e-06,4.07575930e-01
3.21142800e-06,4.07542798e-01
3.21152800e-06,4.07511173e-01
3.21162800e-06,4.07478113e-01
3.21172800e-06,4.07446559e-01
3.21182800e-06,4.07413570e-01
3.21192800e-06,4.07382087e-01
3.21202800e-06,4.07349169e-01
3.21212800e-06,4.07317756e-01
3.21222800e-06,4.07284909e-01
3.21232800e-06,4.07253567e-01
3.21242800e-06,4.07220790e-01
3.21252800e-06,4.07189519e-01
3.21262800e-06,4.07156812e-01
3.21272800e-06,4.07125610e-01
3.21282800e-06,4.07092973e-01
3.21292800e-06,4.07061841e-01
3.21302800e-06,4.07029274e-01
3.21312800e-06,4.06998211e-01
3.21322800e-06,4.06965714e-01
3.21332800e-06,4.06934720e-01
3.21342800e-06,4.06902292e-01
3.21352800e-06,4.06871367e-01
3.21362800e-06,4.06839007e-01
3.21372800e-06,4.06808151e-01
3.21382800e-06,4.06775860e-01
3.21392800e-06,4.06745071e-01
3.21402800e-06,4.06712849e-01
3.21412800e-06,4.06682129e-01
3.21422800e-06,4.06649974e-01
3.21432800e-06,4.06619322e-01
3.21442800e-06,4.06587235e-01
3.21452800e-06,4.06556650e-01
3.21462800e-06,4.06524631e-01
3.21472800e-06,4.06494114e-01
3.21482800e-06,4.06462162e-01
3.21492800e-06,4.06431711e-01
3.21502800e-06,4.06399827e-01
3.21512800e-06,4.06369443e-01
3.21522800e-06,4.06337625e-01
3.21532800e-06,4.06307308e-01
3.21542800e-06,4.06275556e-01
3.21552800e-06,4.06245305e-01
3.21562800e-06,4.06213620e-01
3.21572800e-06,4.06183435e-01
3.21582800e-06,4.06151816e-01
3.21592800e-06,4.06121697e-01
3.21602800e-06,4.06090144e-01
3.21612800e-06,4.06060090e-01
3.21622800e-06,4.06028603e-01
3.21632800e-06,4.05998614e-01
3.21642800e-06,4.05967192e-01
3.21652800e-06,4.05937268e-01
3.21662800e-06,4.05905911e-01
3.21672800e-06,4.05876052e-01
3.21682800e-06,4.05844760e-01
3.21692800e-06,4.05814966e-01
3.21702800e-06,4.05783739e-01
3.21712800e-06,4.05754008e-01
3.21722800e-06,4.05722845e-01
3.21732800e-06,4.05693179e-01
3.21742800e-06,4.05662080e-01
3.21752800e-06,4.05632478e-01
3.21762800e-06,4.05601443e-01
3.21772800e-06,4.05571904e-01
3.21782800e-06,4.05540933e-01
3.21792800e-06,4.05511458e-01
3.21802800e-06,4.05480550e-01
3.21812800e-06,4.05451137e-01
3.21822800e-06,4.05420293e-01
3.21832800e-06,4.05390943e-01
3.21842800e-06,4.05360162e-01
3.21852800e-06,4.05330875e-01
3.21862800e-06,4.05300156e-01
3.21872800e-06,4.05270932e-01
3.21882800e-06,4.05240275e-01
3.21892800e-06,4.05211113e-01
3.21902800e-06,4.05180519e-01
3.21912800e-06,4.05151419e-01
3.21922800e-06,4.05120887e-01
3.21932800e-06,4.05091848e-01
3.21942800e-06,4.05061378e-01
3.21952800e-06,4.05032401e-01
3.21962800e-06,4.05001993e-01
3.21972800e-06,4.04973077e-01
3.21982800e-06,4.04942730e-01
3.21992800e-06,4.04913875e-01
3.22002800e-06,4.04883589e-01
3.22012800e-06,4.04854795e-01
3.22022800e-06,4.04824570e-01
3.22032800e-06,4.04795837e-01
3.22042800e-06,4.04765673e-01
3.22052800e-06,4.04737000e-01
3.22062800e-06,4.04706896e-01
3.22072800e-06,4.04678283e-01
3.22082800e-06,4.04648240e-01
3.22092800e-06,4.04619687e-01
3.22102800e-06,4.04589704e-01
3.22112800e-06,4.04561211e-01
3.22122800e-06,4.04531287e-01
3.22132800e-06,4.04502854e-01
3.22142800e-06,4.04472990e-01
3.22152800e-06,4.04444616e-01
3.22162800e-06,4.04414812e-01
3.22172800e-06,4.04386497e-01
3.22182800e-06,4.04356752e-01
3.22192800e-06,4.04328495e-01
3.22202800e-06,4.04298809e-01
3.22212800e-06,4.04270612e-01
3.22222800e-06,4.04240985e-01
3.22232800e-06,4.04212846e-01
3.22242800e-06,4.04183277e-01
3.22252800e-06,4.04155196e-01
3.22262800e-06,4.04125686e-01
3.22272800e-06,4.04097663e-01
3.22282800e-06,4.04068211e-01
3.22292800e-06,4.04040246e-01
3.22302800e-06,4.04010852e-01
3.22312800e-06,4.03982945e-01
3.22322800e-06,4.03953609e-01
3.22332800e-06,4.03925759e-01
3.22342800e-06,4.03896481e-01
3.22352800e-06,4.03868688e-01
3.22362800e-06,4.03839467e-01
3.22372800e-06,4.03811731e-01
3.22382800e-06,4.03782567e-01
3.22392800e-06,4.03754889e-01
3.22402800e-06,4.03725782e-01
3.22412800e-06,4.03698160e-01
3.22422800e-06,4.03669109e-01
3.22432800e-06,4.03641544e-01
3.22442800e-06,4.03612550e-01
3.22452800e-06,4.03585041e-01
3.22462800e-06,4.03556103e-01
3.22472800e-06,4.03528650e-01
3.22482800e-06,4.03499769e-01
3.22492800e-06,4.03472372e-01
3.22502800e-06,4.03443547e-01
3.22512800e-06,4.03416205e-01
3.22522800e-06,4.03387435e-01
3.22532800e-06,4.03360149e-01
3.22542800e-06,4.03331436e-01
3.22552800e-06,4.03304205e-01
3.22562800e-06,4.03275546e-01
3.22572800e-06,4.03248370e-01
3.22582800e-06,4.03219767e-01
3.22592800e-06,4.03192646e-01
3.22602800e-06,4.03164098e-01
3.22612800e-06,4.03137032e-01
3.22622800e-06,4.03108539e-01
3.22632800e-06,4.03081527e-01
3.22642800e-06,4.03053089e-01
3.22652800e-06,4.03026131e-01
3.22662800e-06,4.02997747e-01
3.22672800e-06,4.02970844e-01
3.22682800e-06,4.02942514e-01
3.22692800e-06,4.02915665e-01
3.22702800e-06,4.02887389e-01
3.22712800e-06,4.02860594e-01
3.22722800e-06,4.02832372e-01
3.22732800e-06,4.02805630e-01
3.22742800e-06,4.02777462e-01
3.22752800e-06,4.02750773e-01
3.22762800e-06,4.02722659e-01
3.22772800e-06,4.02696024e-01
3.22782800e-06,4.02667963e-01
3.22792800e-06,4.02641380e-01
3.22802800e-06,4.02613373e-01
3.22812800e-06,4.02586843e-01
3.22822800e-06,4.02558888e-01
3.22832800e-06,4.02532412e-01
3.22842800e-06,4.02504510e-01
3.22852800e-06,4.02478085e-01
3.22862800e-06,4.02450236e-01
3.22872800e-06,4.02423864e-01
3.22882800e-06,4.02396067e-01
3.22892800e-06,4.02369748e-01
3.22902800e-06,4.02342003e-01
3.22912800e-06,4.02315735e-01
3.22922800e-06,4.02288043e-01
3.22932800e-06,4.02261827e-01
3.22942800e-06,4.02234187e-01
3.22952800e-06,4.02208022e-01
3.22962800e-06,4.02180434e-01
3.22972800e-06,4.02154321e-01
3.22982800e-06,4.02126784e-01
3.22992800e-06,4.02100722e-01
3.23002800e-06,4.02073236e-01
3.23012800e-06,4.02047226e-01
3.23022800e-06,4.02019792e-01
3.23032800e-06,4.01993832e-01
3.23042800e-06,4.01966449e-01
3.23052800e-06,4.01940540e-01
3.23062800e-06,4.01913208e-01
3.23072800e-06,4.01887349e-01
3.23082800e-06,4.01860068e-01
3.23092800e-06,4.01834260e-01
3.23102800e-06,4.01807029e-01
3.23112800e-06,4.01781272e-01
3.23122800e-06,4.01754091e-01
3.23132800e-06,4.01728384e-01
3.23142800e-06,4.01701254e-01
3.23152800e-06,4.01675596e-01
3.23162800e-06,4.01648516e-01
3.23172800e-06,4.01622908e-01
3.23182800e-06,4.01595878e-01
3.23192800e-06,4.01570320e-01
3.23202800e-06,4.01543339e-01
3.23212800e-06,4.01517831e-01
3.23222800e-06,4.01490900e-01
3.23232800e-06,4.01465440e-01
3.23242800e-06,4.01438559e-01
3.23252800e-06,4.01413149e-01
3.23262800e-06,4.01386317e-01
3.23272800e-06,4.01360955e-01
3.23282800e-06,4.01334172e-01
3.23292800e-06,4.01308860e-01
3.23302800e-06,4.01282126e-01
3.23312800e-06,4.01256862e-01
3.23322800e-06,4.01230177e-01
3.23332800e-06,4.01204961e-01
3.23342800e-06,4.01178325e-01
3.23352800e-06,4.01153157e-01
3.23362800e-06,4.01126569e-01
3.23372800e-06,4.01101450e-01
3.23382800e-06,4.01074911e-01
3.23392800e-06,4.01049840e-01
3.23402800e-06,4.01023348e-01
3.23412800e-06,4.00998325e-01
3.23422800e-06,4.00971882e-01
3.23432800e-06,4.00946906e-01
3.23442800e-06,4.00920510e-01
3.23452800e-06,4.00895582e-01
3.23462800e-06,4.00869235e-01
3.23472800e-06,4.00844354e-01
3.23482800e-06,4.00818054e-01
3.23492800e-06,4.00793220e-01
3.23502800e-06,4.00766968e-01
3.23512800e-06,4.00742181e-01
3.23522800e-06,4.00715976e-01
3.23532800e-06,4.00691236e-01
3.23542800e-06,4.00665078e-01
3.23552800e-06,4.00640385e-01
3.23562800e-06,4.00614274e-01
3.23572800e-06,4.00589628e-01
3.23582800e-06,4.00563563e-01
3.23592800e-06,4.00538963e-01
3.23602800e-06,4.00512945e-01
3.23612800e-06,4.00488392e-01
3.23622800e-06,4.00462421e-01
3.23632800e-06,4.00437914e-01
3.23642800e-06,4.00411988e-01
3.23652800e-06,4.00387527e-01
3.23662800e-06,4.00361649e-01
3.23672800e-06,4.00337233e-01
3.23682800e-06,4.00311401e-01
3.23692800e-06,4.00287031e-01
3.23702800e-06,4.00261244e-01
3.23712800e-06,4.00236921e-01
3.23722800e-06,4.00211179e-01
3.23732800e-06,4.00186901e-01
3.23742800e-06,4.00161206e-01
3.23752800e-06,4.00136973e-01
3.23762800e-06,4.00111323e-01
3.23772800e-06,4.00087135e-01
3.23782800e-06,4.00061530e-01
3.23792800e-06,4.00037387e-01
3.23802800e-06,4.00011828e-01
3.23812800e-06,3.99987730e-01
3.23822800e-06,3.99962216e-01
3.23832800e-06,3.99938163e-01
3.23842800e-06,3.99912693e-01
3.23852800e-06,3.99888685e-01
3.23862800e-06,3.99863260e-01
3.23872800e-06,3.99839296e-01
3.23882800e-06,3.99813916e-01
3.23892800e-06,3.99789996e-01
3.23902800e-06,3.99764661e-01
3.23912800e-06,3.99740785e-01
3.23922800e-06,3.99715494e-01
3.23932800e-06,3.99691663e-01
3.23942800e-06,3.99666416e-01
3.23952800e-06,3.99642628e-01
3.23962800e-06,3.99617426e-01
3.23972800e-06,3.99593682e-01
3.23982800e-06,3.99568523e-01
3.23992800e-06,3.99544823e-01
3.24002800e-06,3.99519708e-01
3.24012800e-06,3.99496051e-01
3.24022800e-06,3.99470980e-01
3.24032800e-06,3.99447367e-01
3.24042800e-06,3.99422339e-01
3.24052800e-06,3.99398769e-01
3.24062800e-06,3.99373785e-01
3.24072800e-06,3.99350258e-01
3.24082800e-06,3.99325317e-01
3.24092800e-06,3.99301833e-01
3.24102800e-06,3.99276936e-01
3.24112800e-06,3.99253495e-01
3.24122800e-06,3.99228640e-01
3.24132800e-06,3.99205242e-01
3.24142800e-06,3.99180430e-01
3.24152800e-06,3.99157074e-01
3.24162800e-06,3.99132305e-01
3.24172800e-06,3.99108992e-01
3.24182800e-06,3.99084265e-01
3.24192800e-06,3.99060994e-01
3.24202800e-06,3.99036311e-01
3.24212800e-06,3.99013082e-01
3.24222800e-06,3.98988440e-01
3.24232800e-06,3.98965254e-01
3.24242800e-06,3.98940655e-01
3.24252800e-06,3.98917510e-01
3.24262800e-06,3.98892953e-01
3.24272800e-06,3.98869850e-01
3.24282800e-06,3.98845335e-01
3.24292800e-06,3.98822273e-01
3.24302800e-06,3.98797800e-01
3.24312800e-06,3.98774781e-01
3.24322800e-06,3.98750349e-01
3.24332800e-06,3.98727371e-01
3.24342800e-06,3.98702981e-01
3.24352800e-06,3.98680044e-01
3.24362800e-06,3.98655696e-01
3.24372800e-06,3.98632800e-01
3.24382800e-06,3.98608494e-01
3.24392800e-06,3.98585639e-01
3.24402800e-06,3.98561374e-01
3.24412800e-06,3.98538560e-01
3.24422800e-06,3.98514336e-01
3.24432800e-06,3.98491563e-01
3.24442800e-06,3.98467379e-01
3.24452800e-06,3.98444647e-01
3.24462800e-06,3.98420505e-01
3.24472800e-06,3.98397813e-01
3.24482800e-06,3.98373711e-01
3.24492800e-06,3.98351060e-01
3.24502800e-06,3.98326999e-01
3.24512800e-06,3.98304388e-01
3.24522800e-06,3.98280368e-01
3.24532800e-06,3.98257798e-01
3.24542800e-06,3.98233818e-01
3.24552800e-06,3.98211287e-01
3.24562800e-06,3.98187348e-01
3.24572800e-06,3.98164837e-01
3.24582800e-06,3.98140766e-01
3.24592800e-06,3.98118200e-01
3.24602800e-06,3.98094245e-01
3.24612800e-06,3.98071774e-01
3.24622800e-06,3.98047901e-01
3.24632800e-06,3.98025501e-01
3.24642800e-06,3.98001690e-01
3.24652800e-06,3.97979346e-01
3.24662800e-06,3.97955587e-01
3.24672800e-06,3.97933290e-01
3.24682800e-06,3.97909578e-01
3.24692800e-06,3.97887326e-01
3.24702800e-06,3.97863656e-01
3.24712800e-06,3.97841445e-01
3.24722800e-06,3.97817817e-01
3.24732800e-06,3.97795646e-01
3.24742800e-06,3.97772058e-01
3.24752800e-06,3.97749927e-01
3.24762800e-06,3.97726378e-01
3.24772800e-06,3.97704286e-01
3.24782800e-06,3.97680777e-01
3.24792800e-06,3.97658723e-01
3.24802800e-06,3.97635253e-01
3.24812800e-06,3.97613237e-01
3.24822800e-06,3.97589806e-01
3.24832800e-06,3.97567829e-01
3.24842800e-06,3.97544436e-01
3.24852800e-06,3.97522497e-01
3.24862800e-06,3.97499143e-01
3.24872800e-06,3.97477242e-01
3.24882800e-06,3.97453926e-01
3.24892800e-06,3.97432063e-01
3.24902800e-06,3.97408785e-01
3.24912800e-06,3.97386960e-01
3.24922800e-06,3.97363721e-01
3.24932800e-06,3.97341933e-01
3.24942800e-06,3.97318732e-01
3.24952800e-06,3.97296982e-01
3.24962800e-06,3.97273818e-01
3.24972800e-06,3.97252106e-01
3.24982800e-06,3.97228980e-01
3.24992800e-06,3.97207305e-01
3.25002800e-06,3.97184217e-01
3.25012800e-06,3.97162579e-01
3.25022800e-06,3.97139528e-01
3.25032800e-06,3.97117928e-01
3.25042800e-06,3.97094915e-01
3.25052800e-06,3.97073351e-01
3.25062800e-06,3.97050376e-01
3.25072800e-06,3.97028849e-01
3.25082800e-06,3.97005911e-01
3.25092800e-06,3.96984421e-01
3.25102800e-06,3.96961520e-01
3.25112800e-06,3.96940066e-01
3.25122800e-06,3.96917203e-01
3.25132800e-06,3.96895786e-01
3.25142800e-06,3.96872959e-01
3.25152800e-06,3.96851579e-01
3.25162800e-06,3.96828789e-01
3.25172800e-06,3.96807445e-01
3.25182800e-06,3.96784692e-01
3.25192800e-06,3.96763385e-01
3.25202800e-06,3.96740668e-01
3.25212800e-06,3.96719397e-01
3.25222800e-06,3.96696717e-01
3.25232800e-06,3.96675482e-01
3.25242800e-06,3.96652838e-01
3.25252800e-06,3.96631639e-01
3.25262800e-06,3.96609032e-01
3.25272800e-06,3.96587869e-01
3.25282800e-06,3.96565298e-01
3.25292800e-06,3.96544171e-01
3.25302800e-06,3.96521636e-01
3.25312800e-06,3.96500544e-01
3.25322800e-06,3.96478046e-01
3.25332800e-06,3.96456990e-01
3.25342800e-06,3.96434527e-01
3.25352800e-06,3.96413507e-01
3.25362800e-06,3.96391080e-01
3.25372800e-06,3.96370095e-01
3.25382800e-06,3.96347704e-01
3.25392800e-06,3.96326754e-01
3.25402800e-06,3.96304398e-01
3.25412800e-06,3.96283484e-01
3.25422800e-06,3.96261164e-01
3.25432800e-06,3.96240284e-01
3.25442800e-06,3.96218000e-01
3.25452800e-06,3.96197156e-01
3.25462800e-06,3.96174907e-01
3.25472800e-06,3.96154097e-01
3.25482800e-06,3.96131883e-01
3.25492800e-06,3.96111109e-01
3.25502800e-06,3.96088930e-01
3.25512800e-06,3.96068190e-01
3.25522800e-06,3.96046046e-01
3.25532800e-06,3.96025341e-01
3.25542800e-06,3.96003233e-01
3.25552800e-06,3.95982562e-01
3.25562800e-06,3.95960488e-01
3.25572800e-06,3.95939852e-01
3.25582800e-06,3.95917813e-01
3.25592800e-06,3.95897211e-01
3.25602800e-06,3.95875207e-01
3.25612800e-06,3.95854639e-01
3.25622800e-06,3.95832669e-01
3.25632800e-06,3.95812136e-01
3.25642800e-06,3.95790201e-01
3.25652800e-06,3.95769701e-01
3.25662800e-06,3.95747800e-01
3.25672800e-06,3.95727335e-01
3.25682800e-06,3.95705468e-01
3.25692800e-06,3.95685037e-01
3.25702800e-06,3.95663205e-01
3.25712800e-06,3.95642807e-01
3.25722800e-06,3.95621009e-01
3.25732800e-06,3.95600644e-01
3.25742800e-06,3.95578880e-01
3.25752800e-06,3.95558550e-01
3.25762800e-06,3.95536820e-01
3.25772800e-06,3.95516523e-01
3.25782800e-06,3.95494826e-01
3.25792800e-06,3.95474563e-01
3.25802800e-06,3.95452900e-01
3.25812800e-06,3.95432670e-01
3.25822800e-06,3.95411041e-01
3.25832800e-06,3.95390844e-01
3.25842800e-06,3.95369248e-01
3.25852800e-06,3.95349084e-01
3.25862800e-06,3.95327523e-01
3.25872800e-06,3.95307392e-01
3.25882800e-06,3.95285863e-01
3.25892800e-06,3.95265765e-01
3.25902800e-06,3.95244270e-01
3.25912800e-06,3.95224205e-01
3.25922800e-06,3.95202743e-01
3.25932800e-06,3.95182711e-01
3.25942800e-06,3.95161282e-01
3.25952800e-06,3.95141282e-01
3.25962800e-06,3.95119887e-01
3.25972800e-06,3.95099920e-01
3.25982800e-06,3.95078557e-01
3.25992800e-06,3.95058622e-01
3.26002800e-06,3.95037292e-01
3.26012800e-06,3.95017390e-01
3.26022800e-06,3.94996093e-01
3.26032800e-06,3.94976224e-01
3.26042800e-06,3.94954959e-01
3.26052800e-06,3.94935122e-01
3.26062800e-06,3.94913890e-01
3.26072800e-06,3.94894084e-01
3.26082800e-06,3.94872885e-01
3.26092800e-06,3.94853112e-01
3.26102800e-06,3.94831945e-01
3.26112800e-06,3.94812204e-01
3.26122800e-06,3.94791069e-01
3.26132800e-06,3.94771360e-01
3.26142800e-06,3.94750257e-01
3.26152800e-06,3.94730580e-01
3.26162800e-06,3.94709510e-01
3.26172800e-06,3.94689864e-01
3.26182800e-06,3.94668826e-01
3.26192800e-06,3.94649212e-01
3.26202800e-06,3.94628206e-01
3.26212800e-06,3.94608623e-01
3.26222800e-06,3.94587649e-01
3.26232800e-06,3.94568098e-01
3.26242800e-06,3.94547155e-01
3.26252800e-06,3.94527636e-01
3.26262800e-06,3.94506725e-01
3.26272800e-06,3.94487237e-01
3.26282800e-06,3.94466358e-01
3.26292800e-06,3.94446901e-01
3.26302800e-06,3.94426053e-01
3.26312800e-06,3.94406627e-01
3.26322800e-06,3.94385811e-01
3.26332800e-06,3.94366417e-01
3.26342800e-06,3.94345632e-01
3.26352800e-06,3.94326268e-01
3.26362800e-06,3.94305515e-01
3.26372800e-06,3.94286182e-01
3.26382800e-06,3.94265460e-01
3.26392800e-06,3.94246158e-01
3.26402800e-06,3.94225467e-01
3.26412800e-06,3.94206196e-01
3.26422800e-06,3.94185536e-01
3.26432800e-06,3.94166296e-01
3.26442800e-06,3.94145667e-01
3.26452800e-06,3.94126457e-01
3.26462800e-06,3.94105859e-01
3.26472800e-06,3.94086680e-01
3.26482800e-06,3.94066113e-01
3.26492800e-06,3.94046964e-01
3.26502800e-06,3.94026427e-01
3.26512800e-06,3.94007309e-01
3.26522800e-06,3.93986803e-01
3.26532800e-06,3.93967715e-01
3.26542800e-06,3.93947240e-01
3.26552800e-06,3.93928181e-01
3.26562800e-06,3.93907737e-01
3.26572800e-06,3.93888709e-01
3.26582800e-06,3.93868295e-01
3.26592800e-06,3.93849297e-01
3.26602800e-06,3.93828913e-01
3.26612800e-06,3.93809945e-01
3.26622800e-06,3.93789592e-01
3.26632800e-06,3.93770653e-01
3.26642800e-06,3.93750330e-01
3.26652800e-06,3.93731422e-01
3.26662800e-06,3.93711129e-01
3.26672800e-06,3.93692250e-01
3.26682800e-06,3.93671987e-01
3.26692800e-06,3.93653138e-01
3.26702800e-06,3.93632905e-01
3.26712800e-06,3.93614085e-01
3.26722800e-06,3.93593882e-01
3.26732800e-06,3.93575092e-01
3.26742800e-06,3.93554919e-01
3.26752800e-06,3.93536158e-01
3.26762800e-06,3.93516015e-01
3.26772800e-06,3.93497284e-01
3.26782800e-06,3.93477170e-01
3.26792800e-06,3.93458468e-01
3.26802800e-06,3.93438383e-01
3.26812800e-06,3.93419711e-01
3.26822800e-06,3.93399656e-01
3.26832800e-06,3.93381012e-01
3.26842800e-06,3.93360987e-01
3.26852800e-06,3.93342372e-01
3.26862800e-06,3.93322376e-01
3.26872800e-06,3.93303791e-01
3.26882800e-06,3.93283824e-01
3.26892800e-06,3.93265268e-01
3.26902800e-06,3.93245330e-01
3.26912800e-06,3.93226802e-01
3.26922800e-06,3.93206894e-01
3.26932800e-06,3.93188395e-01
3.26942800e-06,3.93168516e-01
3.26952800e-06,3.93150045e-01
3.26962800e-06,3.93130195e-01
3.26972800e-06,3.93111753e-01
3.26982800e-06,3.93091932e-01
3.26992800e-06,3.93073518e-01
3.27002800e-06,3.93053726e-01
3.27012800e-06,3.93035341e-01
3.27022800e-06,3.93015577e-01
3.27032800e-06,3.92997221e-01
3.27042800e-06,3.92977486e-01
3.27052800e-06,3.92959158e-01
3.27062800e-06,3.92939452e-01
3.27072800e-06,3.92921152e-01
3.27082800e-06,3.92901474e-01
3.27092800e-06,3.92883202e-01
3.27102800e-06,3.92863553e-01
3.27112800e-06,3.92845309e-01
3.27122800e-06,3.92825689e-01
3.27132800e-06,3.92807473e-01
3.27142800e-06,3.92787881e-01
3.27152800e-06,3.92769693e-01
3.27162800e-06,3.92750129e-01
3.27172800e-06,3.92731969e-01
3.27182800e-06,3.92712433e-01
3.27192800e-06,3.92694301e-01
3.27202800e-06,3.92674794e-01
3.27212800e-06,3.92656689e-01
3.27222800e-06,3.92637210e-01
3.27232800e-06,3.92619133e-01
3.27242800e-06,3.92599681e-01
3.27252800e-06,3.92581633e-01
3.27262800e-06,3.92562209e-01
3.27272800e-06,3.92544187e-01
3.27282800e-06,3.92524792e-01
3.27292800e-06,3.92506798e-01
3.27302800e-06,3.92487430e-01
3.27312800e-06,3.92469463e-01
3.27322800e-06,3.92450123e-01
3.27332800e-06,3.92432184e-01
3.27342800e-06,3.92412871e-01
3.27352800e-06,3.92394959e-01
3.27362800e-06,3.92375674e-01
3.27372800e-06,3.92357789e-01
3.27382800e-06,3.92338532e-01
3.27392800e-06,3.92320674e-01
3.27402800e-06,3.92301444e-01
3.27412800e-06,3.92283614e-01
3.27422800e-06,3.92264411e-01
3.27432800e-06,3.92246608e-01
3.27442800e-06,3.92227432e-01
3.27452800e-06,3.92209656e-01
3.27462800e-06,3.92190508e-01
3.27472800e-06,3.92172758e-01
3.27482800e-06,3.92153637e-01
3.27492800e-06,3.92135915e-01
3.27502800e-06,3.92116821e-01
3.27512800e-06,3.92099125e-01
3.27522800e-06,3.92080058e-01
3.27532800e-06,3.92062389e-01
3.27542800e-06,3.92043349e-01
3.27552800e-06,3.92025706e-01
3.27562800e-06,3.92006694e-01
3.27572800e-06,3.91989077e-01
3.27582800e-06,3.91970091e-01
3.27592800e-06,3.91952502e-01
3.27602800e-06,3.91933543e-01
3.27612800e-06,3.91915979e-01
3.27622800e-06,3.91897047e-01
3.27632800e-06,3.91879510e-01
3.27642800e-06,3.91860604e-01
3.27652800e-06,3.91843094e-01
3.27662800e-06,3.91824215e-01
3.27672800e-06,3.91806730e-01
3.27682800e-06,3.91787878e-01
3.27692800e-06,3.91770419e-01
3.27702800e-06,3.91751593e-01
3.27712800e-06,3.91734161e-01
3.27722800e-06,3.91715362e-01
3.27732800e-06,3.91697956e-01
3.27742800e-06,3.91679182e-01
3.27752800e-06,3.91661802e-01
3.27762800e-06,3.91643055e-01
3.27772800e-06,3.91625701e-01
3.27782800e-06,3.91606980e-01
3.27792800e-06,3.91589652e-01
3.27802800e-06,3.91570957e-01
3.27812800e-06,3.91553655e-01
3.27822800e-06,3.91534986e-01
3.27832800e-06,3.91517709e-01
3.27842800e-06,3.91499067e-01
3.27852800e-06,3.91481816e-01
3.27862800e-06,3.91463199e-01
3.27872800e-06,3.91445974e-01
3.27882800e-06,3.91427383e-01
3.27892800e-06,3.91410183e-01
3.27902800e-06,3.91391618e-01
3.27912800e-06,3.91374444e-01
3.27922800e-06,3.91355905e-01
3.27932800e-06,3.91338756e-01
3.27942800e-06,3.91320243e-01
3.27952800e-06,3.91303119e-01
3.27962800e-06,3.91284632e-01
3.27972800e-06,3.91267533e-01
3.27982800e-06,3.91249071e-01
3.27992800e-06,3.91231998e-01
3.28002800e-06,3.91213562e-01
3.28012800e-06,3.91196513e-01
3.28022800e-06,3.91178103e-01
3.28032800e-06,3.91161080e-01
3.28042800e-06,3.91142695e-01
3.28052800e-06,3.91125697e-01
3.28062800e-06,3.91107337e-01
3.28072800e-06,3.91090364e-01
3.28082800e-06,3.91072029e-01
3.28092800e-06,3.91055081e-01
3.28102800e-06,3.91036772e-01
3.28112800e-06,3.91019849e-01
3.28122800e-06,3.91001565e-01
3.28132800e-06,3.90984666e-01
3.28142800e-06,3.90966408e-01
3.28152800e-06,3.90949534e-01
3.28162800e-06,3.90931300e-01
3.28172800e-06,3.90914451e-01
3.28182800e-06,3.90896243e-01
3.28192800e-06,3.90879418e-01
3.28202800e-06,3.90861235e-01
3.28212800e-06,3.90844435e-01
3.28222800e-06,3.90826276e-01
3.28232800e-06,3.90809501e-01
3.28242800e-06,3.90791367e-01
3.28252800e-06,3.90774616e-01
3.28262800e-06,3.90756507e-01
3.28272800e-06,3.90739781e-01
3.28282800e-06,3.90721696e-01
3.28292800e-06,3.90704994e-01
3.28302800e-06,3.90686935e-01
3.28312800e-06,3.90670257e-01
3.28322800e-06,3.90652222e-01
3.28332800e-06,3.90635568e-01
3.28342800e-06,3.90617558e-01
3.28352800e-06,3.90600929e-01
3.28362800e-06,3.90582943e-01
3.28372800e-06,3.90566338e-01
3.28382800e-06,3.90548376e-01
3.28392800e-06,3.90531795e-01
3.28402800e-06,3.90513858e-01
3.28412800e-06,3.90497301e-01
3.28422800e-06,3.90479388e-01
3.28432800e-06,3.90462855e-01
3.28442800e-06,3.90444967e-01
3.28452800e-06,3.90428458e-01
3.28462800e-06,3.90410594e-01
3.28472800e-06,3.90394108e-01
3.28482800e-06,3.90376268e-01
3.28492800e-06,3.90359807e-01
3.28502800e-06,3.90341991e-01
3.28512800e-06,3.90325553e-01
3.28522800e-06,3.90307762e-01
3.28532800e-06,3.90291348e-01
3.28542800e-06,3.90273580e-01
3.28552800e-06,3.90257189e-01
3.28562800e-06,3.90239446e-01
3.28572800e-06,3.90223079e-01
3.28582800e-06,3.90205359e-01
3.28592800e-06,3.90189016e-01
3.28602800e-06,3.90171320e-01
3.28612800e-06,3.90155000e-01
3.28622800e-06,3.90137328e-01
3.28632800e-06,3.90121031e-01
3.28642800e-06,3.90103383e-01
3.28652800e-06,3.90087110e-01
3.28662800e-06,3.90069485e-01
3.28672800e-06,3.90053236e-01
3.28682800e-06,3.90035635e-01
3.28692800e-06,3.90019408e-01
3.28702800e-06,3.90001831e-01
3.28712800e-06,3.89985627e-01
3.28722800e-06,3.89968074e-01
3.28732800e-06,3.89951893e-01
3.28742800e-06,3.89934363e-01
3.28752800e-06,3.89918206e-01
3.28762800e-06,3.89900699e-01
3.28772800e-06,3.89884565e-01
3.28782800e-06,3.89867082e-01
3.28792800e-06,3.89850971e-01
3.28802800e-06,3.89833511e-01
3.28812800e-06,3.89817423e-01
3.28822800e-06,3.89799986e-01
3.28832800e-06,3.89783920e-01
3.28842800e-06,3.89766507e-01
3.28852800e-06,3.89750465e-01
3.28862800e-06,3.89733074e-01
3.28872800e-06,3.89717055e-01
3.28882800e-06,3.89699687e-01
3.28892800e-06,3.89683690e-01
3.28902800e-06,3.89666346e-01
3.28912800e-06,3.89650372e-01
3.28922800e-06,3.89633051e-01
3.28932800e-06,3.89617100e-01
3.28942800e-06,3.89599801e-01
3.28952800e-06,3.89583872e-01
3.28962800e-06,3.89566597e-01
3.28972800e-06,3.89550691e-01
3.28982800e-06,3.89533439e-01
3.28992800e-06,3.89517555e-01
3.29002800e-06,3.89500325e-01
3.29012800e-06,3.89484464e-01
3.29022800e-06,3.89467257e-01
3.29032800e-06,3.89451418e-01
3.29042800e-06,3.89434234e-01
3.29052800e-06,3.89418417e-01
3.29062800e-06,3.89401256e-01
3.29072800e-06,3.89385462e-01
3.29082800e-06,3.89368323e-01
3.29092800e-06,3.89352551e-01
3.29102800e-06,3.89335435e-01
3.29112800e-06,3.89319685e-01
3.29122800e-06,3.89302591e-01
3.29132800e-06,3.89286863e-01
3.29142800e-06,3.89269792e-01
3.29152800e-06,3.89254087e-01
3.29162800e-06,3.89237038e-01
3.29172800e-06,3.89221354e-01
3.29182800e-06,3.89204328e-01
3.29192800e-06,3.89188666e-01
3.29202800e-06,3.89171663e-01
3.29212800e-06,3.89156023e-01
3.29222800e-06,3.89139041e-01
3.29232800e-06,3.89123423e-01
3.29242800e-06,3.89106464e-01
3.29252800e-06,3.89090868e-01
3.29262800e-06,3.89073931e-01
3.29272800e-06,3.89058357e-01
3.29282800e-06,3.89041442e-01
3.29292800e-06,3.89025889e-01
3.29302800e-06,3.89008997e-01
3.29312800e-06,3.88993466e-01
3.29322800e-06,3.88976595e-01
3.29332800e-06,3.88961086e-01
3.29342800e-06,3.88944237e-01
3.29352800e-06,3.88928750e-01
3.29362800e-06,3.88911923e-01
3.29372800e-06,3.88896457e-01
3.29382800e-06,3.88879652e-01
3.29392800e-06,3.88864208e-01
3.29402800e-06,3.88847425e-01
3.29412800e-06,3.88832002e-01
3.29422800e-06,3.88815241e-01
3.29432800e-06,3.88799839e-01
3.29442800e-06,3.88783100e-01
3.29452800e-06,3.88767720e-01
3.29462800e-06,3.88751002e-01
3.29472800e-06,3.88735643e-01
3.29482800e-06,3.88718948e-01
3.29492800e-06,3.88703610e-01
3.29502800e-06,3.88686936e-01
3.29512800e-06,3.88671620e-01
3.29522800e-06,3.88654967e-01
3.29532800e-06,3.88639672e-01
3.29542800e-06,3.88623041e-01
3.29552800e-06,3.88607767e-01
3.29562800e-06,3.88591157e-01
3.29572800e-06,3.88575904e-01
3.29582800e-06,3.88559316e-01
3.29592800e-06,3.88544085e-01
3.29602800e-06,3.88527518e-01
3.29612800e-06,3.88512307e-01
3.29622800e-06,3.88495762e-01
3.29632800e-06,3.88480572e-01
3.29642800e-06,3.88464048e-01
3.29652800e-06,3.88448879e-01
3.29662800e-06,3.88432377e-01
3.29672800e-06,3.88417229e-01
3.29682800e-06,3.88400747e-01
3.29692800e-06,3.88385620e-01
3.29702800e-06,3.88369160e-01
3.29712800e-06,3.88354053e-01
3.29722800e-06,3.88337614e-01
3.29732800e-06,3.88322529e-01
3.29742800e-06,3.88306111e-01
3.29752800e-06,3.88291046e-01
3.29762800e-06,3.88274649e-01
3.29772800e-06,3.88259605e-01
3.29782800e-06,3.88243229e-01
3.29792800e-06,3.88228205e-01
3.29802800e-06,3.88211851e-01
3.29812800e-06,3.88196848e-01
3.29822800e-06,3.88180514e-01
3.29832800e-06,3.88165531e-01
3.29842800e-06,3.88149218e-01
3.29852800e-06,3.88134256e-01
3.29862800e-06,3.88117964e-01
3.29872800e-06,3.88103022e-01
3.29882800e-06,3.88086751e-01
3.29892800e-06,3.88071830e-01
3.29902800e-06,3.88055579e-01
3.29912800e-06,3.88040678e-01
3.29922800e-06,3.88024449e-01
3.29932800e-06,3.88009568e-01
3.29942800e-06,3.87993359e-01
3.29952800e-06,3.87978499e-01
3.29962800e-06,3.87962310e-01
3.29972800e-06,3.87947470e-01
3.29982800e-06,3.87931302e-01
3.29992800e-06,3.87916483e-01
3.30002800e-06,3.87900335e-01
3.30012800e-06,3.87885536e-01
3.30022800e-06,3.87869409e-01
3.30032800e-06,3.87854629e-01
3.30042800e-06,3.87838523e-01
3.30052800e-06,3.87823763e-01
3.30062800e-06,3.87807677e-01
3.30072800e-06,3.87792938e-01
3.30082800e-06,3.87776872e-01
3.30092800e-06,3.87762153e-01
3.30102800e-06,3.87746108e-01
3.30112800e-06,3.87731408e-01
3.30122800e-06,3.87715383e-01
3.30132800e-06,3.87700704e-01
3.30142800e-06,3.87684699e-01
3.30152800e-06,3.87670039e-01
3.30162800e-06,3.87654055e-01
3.30172800e-06,3.87639415e-01
3.30182800e-06,3.87623451e-01
3.30192800e-06,3.87608831e-01
3.30202800e-06,3.87592887e-01
3.30212800e-06,3.87578286e-01
3.30222800e-06,3.87562363e-01
3.30232800e-06,3.87547782e-01
3.30242800e-06,3.87531878e-01
3.30252800e-06,3.87517317e-01
3.30262800e-06,3.87501433e-01
3.30272800e-06,3.87486892e-01
3.30282800e-06,3.87471028e-01
3.30292800e-06,3.87456506e-01
3.30302800e-06,3.87440662e-01
3.30312800e-06,3.87426160e-01
3.30322800e-06,3.87410336e-01
3.30332800e-06,3.87395853e-01
3.30342800e-06,3.87380049e-01
3.30352800e-06,3.87365586e-01
3.30362800e-06,3.87349801e-01
3.30372800e-06,3.87335358e-01
3.30382800e-06,3.87319593e-01
3.30392800e-06,3.87305169e-01
3.30402800e-06,3.87289424e-01
3.30412800e-06,3.87275019e-01
3.30422800e-06,3.87259294e-01
3.30432800e-06,3.87244908e-01
3.30442800e-06,3.87229202e-01
3.30452800e-06,3.87214836e-01
3.30462800e-06,3.87199150e-01
3.30472800e-06,3.87184803e-01
3.30482800e-06,3.87169137e-01
3.30492800e-06,3.87154809e-01
3.30502800e-06,3.87139162e-01
3.30512800e-06,3.87124853e-01
3.30522800e-06,3.87109226e-01
3.30532800e-06,3.87094936e-01
3.30542800e-06,3.87079329e-01
3.30552800e-06,3.87065058e-01
3.30562800e-06,3.87049470e-01
3.30572800e-06,3.87035218e-01
3.30582800e-06,3.87019649e-01
3.30592800e-06,3.87005417e-01
3.30602800e-06,3.86989867e-01
3.30612800e-06,3.86975653e-01
3.30622800e-06,3.86960123e-01
3.30632800e-06,3.86945929e-01
3.30642800e-06,3.86930418e-01
3.30652800e-06,3.86916242e-01
3.30662800e-06,3.86900750e-01
3.30672800e-06,3.86886593e-01
3.30682800e-06,3.86871121e-01
3.30692800e-06,3.86856983e-01
3.30702800e-06,3.86841530e-01
3.30712800e-06,3.86827410e-01
3.30722800e-06,3.86811976e-01
3.30732800e-06,3.86797876e-01
3.30742800e-06,3.86782461e-01
3.30752800e-06,3.86768379e-01
3.30762800e-06,3.86752983e-01
3.30772800e-06,3.86738920e-01
3.30782800e-06,3.86723543e-01
3.30792800e-06,3.86709498e-01
3.30802800e-06,3.86694140e-01
3.30812800e-06,3.86680114e-01
3.30822800e-06,3.86664776e-01
3.30832800e-06,3.86650768e-01
3.30842800e-06,3.86635448e-01
3.30852800e-06,3.86621459e-01
3.30862800e-06,3.86606158e-01
3.30872800e-06,3.86592188e-01
3.30882800e-06,3.86576906e-01
3.30892800e-06,3.86562954e-01
3.30902800e-06,3.86547690e-01
3.30912800e-06,3.86533757e-01
3.30922800e-06,3.86518512e-01
3.30932800e-06,3.86504597e-01
3.30942800e-06,3.86489371e-01
3.30952800e-06,3.86475474e-01
3.30962800e-06,3.86460267e-01
3.30972800e-06,3.86446389e-01
3.30982800e-06,3.86431200e-01
3.30992800e-06,3.86417340e-01
3.31002800e-06,3.86402170e-01
3.31012800e-06,3.86388328e-01
3.31022800e-06,3.86373177e-01
3.31032800e-06,3.86359353e-01
3.31042800e-06,3.86344221e-01
3.31052800e-06,3.86330415e-01
3.31062800e-06,3.86315301e-01
3.31072800e-06,3.86301513e-01
3.31082800e-06,3.86286418e-01
3.31092800e-06,3.86272648e-01
3.31102800e-06,3.86257571e-01
3.31112800e-06,3.86243820e-01
3.31122800e-06,3.86228761e-01
3.31132800e-06,3.86215028e-01
3.31142800e-06,3.86199988e-01
3.31152800e-06,3.86186273e-01
3.31162800e-06,3.86171251e-01
3.31172800e-06,3.86157553e-01
3.31182800e-06,3.86142550e-01
3.31192800e-06,3.86128870e-01
3.31202800e-06,3.86113885e-01
3.31212800e-06,3.86100224e-01
3.31222800e-06,3.86085257e-01
3.31232800e-06,3.86071613e-01
3.31242800e-06,3.86056664e-01
3.31252800e-06,3.86043038e-01
3.31262800e-06,3.86028108e-01
3.31272800e-06,3.86014500e-01
3.31282800e-06,3.85999588e-01
3.31292800e-06,3.85985997e-01
3.31302800e-06,3.85971103e-01
3.31312800e-06,3.85957531e-01
3.31322800e-06,3.85942655e-01
3.31332800e-06,3.85929100e-01
3.31342800e-06,3.85914242e-01
3.31352800e-06,3.85900704e-01
3.31362800e-06,3.85885864e-01
3.31372800e-06,3.85872345e-01
3.31382800e-06,3.85857523e-01
3.31392800e-06,3.85844021e-01
3.31402800e-06,3.85829217e-01
3.31412800e-06,3.85815732e-01
3.31422800e-06,3.85800946e-01
3.31432800e-06,3.85787479e-01
3.31442800e-06,3.85772711e-01
3.31452800e-06,3.85759262e-01
3.31462800e-06,3.85744512e-01
3.31472800e-06,3.85731080e-01
3.31482800e-06,3.85716347e-01
3.31492800e-06,3.85702933e-01
3.31502800e-06,3.85688218e-01
3.31512800e-06,3.85674821e-01
3.31522800e-06,3.85660124e-01
3.31532800e-06,3.85646744e-01
3.31542800e-06,3.85632065e-01
3.31552800e-06,3.85618703e-01
3.31562800e-06,3.85604041e-01
3.31572800e-06,3.85590696e-01
3.31582800e-06,3.85576053e-01
3.31592800e-06,3.85562725e-01
3.31602800e-06,3.85548099e-01
3.31612800e-06,3.85534788e-01
3.31622800e-06,3.85520180e-01
3.31632800e-06,3.85506886e-01
3.31642800e-06,3.85492295e-01
3.31652800e-06,3.85479019e-01
3.31662800e-06,3.85464446e-01
3.31672800e-06,3.85451187e-01
3.31682800e-06,3.85436631e-01
3.31692800e-06,3.85423389e-01
3.31702800e-06,3.85408851e-01
3.31712800e-06,3.85395626e-01
3.31722800e-06,3.85381105e-01
3.31732800e-06,3.85367897e-01
3.31742800e-06,3.85353394e-01
3.31752800e-06,3.85340203e-01
3.31762800e-06,3.85325717e-01
3.31772800e-06,3.85312543e-01
3.31782800e-06,3.85298075e-01
3.31792800e-06,3.85284918e-01
3.31802800e-06,3.85270467e-01
3.31812800e-06,3.85257327e-01
3.31822800e-06,3.85242893e-01
3.31832800e-06,3.85229770e-01
3.31842800e-06,3.85215353e-01
3.31852800e-06,3.85202247e-01
3.31862800e-06,3.85187848e-01
3.31872800e-06,3.85174758e-01
3.31882800e-06,3.85160376e-01
3.31892800e-06,3.85147304e-01
3.31902800e-06,3.85132939e-01
3.31912800e-06,3.85119883e-01
3.31922800e-06,3.85105535e-01
3.31932800e-06,3.85092496e-01
3.31942800e-06,3.85078166e-01
3.31952800e-06,3.85065143e-01
3.31962800e-06,3.85050830e-01
3.31972800e-06,3.85037824e-01
3.31982800e-06,3.85023528e-01
3.31992800e-06,3.85010539e-01
3.32002800e-06,3.84996259e-01
3.32012800e-06,3.84983287e-01
3.32022800e-06,3.84969024e-01
3.32032800e-06,3.84956069e-01
3.32042800e-06,3.84941823e-01
3.32052800e-06,3.84928884e-01
3.32062800e-06,3.84914656e-01
3.32072800e-06,3.84901733e-01
3.32082800e-06,3.84887521e-01
3.32092800e-06,3.84874615e-01
3.32102800e-06,3.84860421e-01
3.32112800e-06,3.84847531e-01
3.32122800e-06,3.84833353e-01
3.32132800e-06,3.84820480e-01
3.32142800e-06,3.84806319e-01
3.32152800e-06,3.84793462e-01
3.32162800e-06,3.84779318e-01
3.32172800e-06,3.84766478e-01
3.32182800e-06,3.84752351e-01
3.32192800e-06,3.84739527e-01
3.32202800e-06,3.84725416e-01
3.32212800e-06,3.84712608e-01
3.32222800e-06,3.84698515e-01
3.32232800e-06,3.84685723e-01
3.32242800e-06,3.84671646e-01
3.32252800e-06,3.84658871e-01
3.32262800e-06,3.84644811e-01
3.32272800e-06,3.84632052e-01
3.32282800e-06,3.84618008e-01
3.32292800e-06,3.84605265e-01
3.32302800e-06,3.84591238e-01
3.32312800e-06,3.84578512e-01
3.32322800e-06,3.84564501e-01
3.32332800e-06,3.84551791e-01
3.32342800e-06,3.84537797e-01
3.32352800e-06,3.84525103e-01
3.32362800e-06,3.84511125e-01
3.32372800e-06,3.84498447e-01
3.32382800e-06,3.84484486e-01
3.32392800e-06,3.84471824e-01
3.32402800e-06,3.84457880e-01
3.32412800e-06,3.84445234e-01
3.32422800e-06,3.84431306e-01
3.32432800e-06,3.84418676e-01
3.32442800e-06,3.84404765e-01
3.32452800e-06,3.84392151e-01
3.32462800e-06,3.84378256e-01
3.32472800e-06,3.84365658e-01
3.32482800e-06,3.84351779e-01
3.32492800e-06,3.84339197e-01
3.32502800e-06,3.84325334e-01
3.32512800e-06,3.84312769e-01
3.32522800e-06,3.84298922e-01
3.32532800e-06,3.84286372e-01
3.32542800e-06,3.84272542e-01
3.32552800e-06,3.84260008e-01
3.32562800e-06,3.84246194e-01
3.32572800e-06,3.84233676e-01
3.32582800e-06,3.84219879e-01
3.32592800e-06,3.84207376e-01
3.32602800e-06,3.84193595e-01
3.32612800e-06,3.84181108e-01
3.32622800e-06,3.84167343e-01
3.32632800e-06,3.84154872e-01
3.32642800e-06,3.84141123e-01
3.32652800e-06,3.84128668e-01
3.32662800e-06,3.84114935e-01
3.32672800e-06,3.84102496e-01
3.32682800e-06,3.84088779e-01
3.32692800e-06,3.84076355e-01
3.32702800e-06,3.84062655e-01
3.32712800e-06,3.84050247e-01
3.32722800e-06,3.84036562e-01
3.32732800e-06,3.84024170e-01
3.32742800e-06,3.84010501e-01
3.32752800e-06,3.83998124e-01
3.32762800e-06,3.83984472e-01
3.32772800e-06,3.83972110e-01
3.32782800e-06,3.83958474e-01
3.32792800e-06,3.83946128e-01
3.32802800e-06,3.83932507e-01
3.32812800e-06,3.83920177e-01
3.32822800e-06,3.83906572e-01
3.32832800e-06,3.83894258e-01
3.32842800e-06,3.83880669e-01
3.32852800e-06,3.83868370e-01
3.32862800e-06,3.83854797e-01
3.32872800e-06,3.83842513e-01
3.32882800e-06,3.83828956e-01
3.32892800e-06,3.83816688e-01
3.32902800e-06,3.83803146e-01
3.32912800e-06,3.83790893e-01
3.32922800e-06,3.83777368e-01
3.32932800e-06,3.83765130e-01
3.32942800e-06,3.83751621e-01
3.32952800e-06,3.83739399e-01
3.32962800e-06,3.83725905e-01
3.32972800e-06,3.83713698e-01
3.32982800e-06,3.83700219e-01
3.32992800e-06,3.83688028e-01
3.33002800e-06,3.83674565e-01
3.33012800e-06,3.83662389e-01
3.33022800e-06,3.83648942e-01
3.33032800e-06,3.83636781e-01
3.33042800e-06,3.83623350e-01
3.33052800e-06,3.83611204e-01
3.33062800e-06,3.83597789e-01
3.33072800e-06,3.83585658e-01
3.33082800e-06,3.83572258e-01
3.33092800e-06,3.83560143e-01
3.33102800e-06,3.83546758e-01
3.33112800e-06,3.83534658e-01
3.33122800e-06,3.83521289e-01
3.33132800e-06,3.83509204e-01
3.33142800e-06,3.83495851e-01
3.33152800e-06,3.83483781e-01
3.33162800e-06,3.83470443e-01
3.33172800e-06,3.83458388e-01
3.33182800e-06,3.83445066e-01
3.33192800e-06,3.83433026e-01
3.33202800e-06,3.83419719e-01
3.33212800e-06,3.83407694e-01
3.33222800e-06,3.83394403e-01
3.33232800e-06,3.83382393e-01
3.33242800e-06,3.83369117e-01
3.33252800e-06,3.83357122e-01
3.33262800e-06,3.83343861e-01
3.33272800e-06,3.83331881e-01
3.33282800e-06,3.83318636e-01
3.33292800e-06,3.83306671e-01
3.33302800e-06,3.83293441e-01
3.33312800e-06,3.83281491e-01
3.33322800e-06,3.83268276e-01
3.33332800e-06,3.83256341e-01
3.33342800e-06,3.83243142e-01
3.33352800e-06,3.83231222e-01
3.33362800e-06,3.83218038e-01
3.33372800e-06,3.83206132e-01
3.33382800e-06,3.83192963e-01
3.33392800e-06,3.83181073e-01
3.33402800e-06,3.83167919e-01
3.33412800e-06,3.83156043e-01
3.33422800e-06,3.83142905e-01
3.33432800e-06,3.83131044e-01
3.33442800e-06,3.83117921e-01
3.33452800e-06,3.83106075e-01
3.33462800e-06,3.83092966e-01
3.33472800e-06,3.83081135e-01
3.33482800e-06,3.83068042e-01
3.33492800e-06,3.83056225e-01
3.33502800e-06,3.83043147e-01
3.33512800e-06,3.83031345e-01
3.33522800e-06,3.83018283e-01
3.33532800e-06,3.83006495e-01
3.33542800e-06,3.82993447e-01
3.33552800e-06,3.82981675e-01
3.33562800e-06,3.82968642e-01
3.33572800e-06,3.82956884e-01
3.33582800e-06,3.82943866e-01
3.33592800e-06,3.82932123e-01
3.33602800e-06,3.82919120e-01
3.33612800e-06,3.82907391e-01
3.33622800e-06,3.82894403e-01
3.33632800e-06,3.82882689e-01
3.33642800e-06,3.82869716e-01
3.33652800e-06,3.82858016e-01
3.33662800e-06,3.82845059e-01
3.33672800e-06,3.82833373e-01
3.33682800e-06,3.82820430e-01
3.33692800e-06,3.82808760e-01
3.33702800e-06,3.82795832e-01
3.33712800e-06,3.82784175e-01
3.33722800e-06,3.82771262e-01
3.33732800e-06,3.82759620e-01
3.33742800e-06,3.82746722e-01
3.33752800e-06,3.82735094e-01
3.33762800e-06,3.82722211e-01
3.33772800e-06,3.82710598e-01
3.33782800e-06,3.82697729e-01
3.33792800e-06,3.82686130e-01
3.33802800e-06,3.82673276e-01
3.33812800e-06,3.82661692e-01
3.33822800e-06,3.82648853e-01
3.33832800e-06,3.82637283e-01
3.33842800e-06,3.82624459e-01
3.33852800e-06,3.82612903e-01
3.33862800e-06,3.82600093e-01
3.33872800e-06,3.82588552e-01
3.33882800e-06,3.82575757e-01
3.33892800e-06,3.82564230e-01
3.33902800e-06,3.82551449e-01
3.33912800e-06,3.82539936e-01
3.33922800e-06,3.82527171e-01
3.33932800e-06,3.82515672e-01
3.33942800e-06,3.82502921e-01
3.33952800e-06,3.82491437e-01
3.33962800e-06,3.82478700e-01
3.33972800e-06,3.82467230e-01
3.33982800e-06,3.82454508e-01
3.33992800e-06,3.82443052e-01
3.34002800e-06,3.82430345e-01
3.34012800e-06,3.82418903e-01
3.34022800e-06,3.82406210e-01
3.34032800e-06,3.82394782e-01
3.34042800e-06,3.82382104e-01
3.34052800e-06,3.82370690e-01
3.34062800e-06,3.82358027e-01
3.34072800e-06,3.82346627e-01
3.34082800e-06,3.82333978e-01
3.34092800e-06,3.82322592e-01
3.34102800e-06,3.82309958e-01
3.34112800e-06,3.82298586e-01
3.34122800e-06,3.82285966e-01
3.34132800e-06,3.82274609e-01
3.34142800e-06,3.82262003e-01
3.34152800e-06,3.82250659e-01
3.34162800e-06,3.82238068e-01
3.34172800e-06,3.82226738e-01
3.34182800e-06,3.82214161e-01
3.34192800e-06,3.82202846e-01
3.34202800e-06,3.82190283e-01
3.34212800e-06,3.82178982e-01
3.34222800e-06,3.82166433e-01
3.34232800e-06,3.82155146e-01
3.34242800e-06,3.82142612e-01
3.34252800e-06,3.82131338e-01
3.34262800e-06,3.82118818e-01
3.34272800e-06,3.82107559e-01
3.34282800e-06,3.82095053e-01
3.34292800e-06,3.82083807e-01
3.34302800e-06,3.82071316e-01
3.34312800e-06,3.82060084e-01
3.34322800e-06,3.82047607e-01
3.34332800e-06,3.82036389e-01
3.34342800e-06,3.82023926e-01
3.34352800e-06,3.82012722e-01
3.34362800e-06,3.82000274e-01
3.34372800e-06,3.81989083e-01
3.34382800e-06,3.81976649e-01
3.34392800e-06,3.81965472e-01
3.34402800e-06,3.81953052e-01
3.34412800e-06,3.81941889e-01
3.34422800e-06,3.81929483e-01
3.34432800e-06,3.81918333e-01
3.34442800e-06,3.81905942e-01
3.34452800e-06,3.81894806e-01
3.34462800e-06,3.81882428e-01
3.34472800e-06,3.81871306e-01
3.34482800e-06,3.81858943e-01
3.34492800e-06,3.81847835e-01
3.34502800e-06,3.81835485e-01
3.34512800e-06,3.81824391e-01
3.34522800e-06,3.81812055e-01
3.34532800e-06,3.81800974e-01
3.34542800e-06,3.81788653e-01
3.34552800e-06,3.81777586e-01
3.34562800e-06,3.81765278e-01
3.34572800e-06,3.81754224e-01
3.34582800e-06,3.81741931e-01
3.34592800e-06,3.81730891e-01
3.34602800e-06,3.81718612e-01
3.34612800e-06,3.81707585e-01
3.34622800e-06,3.81695320e-01
3.34632800e-06,3.81684307e-01
3.34642800e-06,3.81672055e-01
3.34652800e-06,3.81661056e-01
3.34662800e-06,3.81648818e-01
3.34672800e-06,3.81637832e-01
3.34682800e-06,3.81625609e-01
3.34692800e-06,3.81614636e-01
3.34702800e-06,3.81602426e-01
3.34712800e-06,3.81591467e-01
3.34722800e-06,3.81579272e-01
3.34732800e-06,3.81568326e-01
3.34742800e-06,3.81556144e-01
3.34752800e-06,3.81545212e-01
3.34762800e-06,3.81533044e-01
3.34772800e-06,3.81522125e-01
3.34782800e-06,3.81509971e-01
3.34792800e-06,3.81499066e-01
3.34802800e-06,3.81486925e-01
3.34812800e-06,3.81476033e-01
3.34822800e-06,3.81463907e-01
3.34832800e-06,3.81453028e-01
3.34842800e-06,3.81440915e-01
3.34852800e-06,3.81430050e-01
3.34862800e-06,3.81417951e-01
3.34872800e-06,3.81407099e-01
3.34882800e-06,3.81395014e-01
3.34892800e-06,3.81384175e-01
3.34902800e-06,3.81372103e-01
3.34912800e-06,3.81361278e-01
3.34922800e-06,3.81349220e-01
3.34932800e-06,3.81338408e-01
3.34942800e-06,3.81326364e-01
3.34952800e-06,3.81315565e-01
3.34962800e-06,3.81303535e-01
3.34972800e-06,3.81292749e-01
3.34982800e-06,3.81280732e-01
3.34992800e-06,3.81269960e-01
3.35002800e-06,3.81257957e-01
3.35012800e-06,3.81247198e-01
3.35022800e-06,3.81235208e-01
3.35032800e-06,3.81224462e-01
3.35042800e-06,3.81212486e-01
3.35052800e-06,3.81201753e-01
3.35062800e-06,3.81189791e-01
3.35072800e-06,3.81179071e-01
3.35082800e-06,3.81167123e-01
3.35092800e-06,3.81156416e-01
3.35102800e-06,3.81144481e-01
3.35112800e-06,3.81133788e-01
3.35122800e-06,3.81121866e-01
3.35132800e-06,3.81111186e-01
3.35142800e-06,3.81099277e-01
3.35152800e-06,3.81088610e-01
3.35162800e-06,3.81076716e-01
3.35172800e-06,3.81066062e-01
3.35182800e-06,3.81054180e-01
3.35192800e-06,3.81043539e-01
3.35202800e-06,3.81031672e-01
3.35212800e-06,3.81021044e-01
3.35222800e-06,3.81009189e-01
3.35232800e-06,3.80998575e-01
3.35242800e-06,3.80986734e-01
3.35252800e-06,3.80976132e-01
3.35262800e-06,3.80964304e-01
3.35272800e-06,3.80953716e-01
3.35282800e-06,3.80941902e-01
3.35292800e-06,3.80931326e-01
3.35302800e-06,3.80919525e-01
3.35312800e-06,3.80908962e-01
3.35322800e-06,3.80897175e-01
3.35332800e-06,3.80886625e-01
3.35342800e-06,3.80874851e-01
3.35352800e-06,3.80864314e-01
3.35362800e-06,3.80852553e-01
3.35372800e-06,3.80842029e-01
3.35382800e-06,3.80830282e-01
3.35392800e-06,3.80819771e-01
3.35402800e-06,3.80808037e-01
3.35412800e-06,3.80797539e-01
3.35422800e-06,3.80785818e-01
3.35432800e-06,3.80775333e-01
3.35442800e-06,3.80763625e-01
3.35452800e-06,3.80753153e-01
3.35462800e-06,3.80741459e-01
3.35472800e-06,3.80730999e-01
3.35482800e-06,3.80719318e-01
3.35492800e-06,3.80708871e-01
3.35502800e-06,3.80697203e-01
3.35512800e-06,3.80686769e-01
3.35522800e-06,3.80675115e-01
3.35532800e-06,3.80664694e-01
3.35542800e-06,3.80653052e-01
3.35552800e-06,3.80642644e-01
3.35562800e-06,3.80631016e-01
3.35572800e-06,3.80620620e-01
3.35582800e-06,3.80609005e-01
3.35592800e-06,3.80598622e-01
3.35602800e-06,3.80587020e-01
3.35612800e-06,3.80576650e-01
3.35622800e-06,3.80565062e-01
3.35632800e-06,3.80554704e-01
3.35642800e-06,3.80543129e-01
3.35652800e-06,3.80532784e-01
3.35662800e-06,3.80521222e-01
3.35672800e-06,3.80510889e-01
3.35682800e-06,3.80499340e-01
3.35692800e-06,3.80489021e-01
3.35702800e-06,3.80477485e-01
3.35712800e-06,3.80467178e-01
3.35722800e-06,3.80455655e-01
3.35732800e-06,3.80445361e-01
3.35742800e-06,3.80433850e-01
3.35752800e-06,3.80423569e-01
3.35762800e-06,3.80412072e-01
3.35772800e-06,3.80401803e-01
3.35782800e-06,3.80390319e-01
3.35792800e-06,3.80380063e-01
3.35802800e-06,3.80368592e-01
3.35812800e-06,3.80358348e-01
3.35822800e-06,3.80346890e-01
3.35832800e-06,3.80336659e-01
3.35842800e-06,3.80325214e-01
3.35852800e-06,3.80314996e-01
3.35862800e-06,3.80303564e-01
3.35872800e-06,3.80293357e-01
3.35882800e-06,3.80281938e-01
3.35892800e-06,3.80271745e-01
3.35902800e-06,3.80260339e-01
3.35912800e-06,3.80250158e-01
3.35922800e-06,3.80238765e-01
3.35932800e-06,3.80228596e-01
3.35942800e-06,3.80217216e-01
3.35952800e-06,3.80207060e-01
3.35962800e-06,3.80195693e-01
3.35972800e-06,3.80185549e-01
3.35982800e-06,3.80174195e-01
3.35992800e-06,3.80164064e-01
3.36002800e-06,3.80152722e-01
3.36012800e-06,3.80142603e-01
3.36022800e-06,3.80131275e-01
3.36032800e-06,3.80121168e-01
3.36042800e-06,3.80109853e-01
3.36052800e-06,3.80099759e-01
3.36062800e-06,3.80088456e-01
3.36072800e-06,3.80078374e-01
3.36082800e-06,3.80067084e-01
3.36092800e-06,3.80057015e-01
3.36102800e-06,3.80045738e-01
3.36112800e-06,3.80035681e-01
3.36122800e-06,3.80024416e-01
3.36132800e-06,3.80014372e-01
3.36142800e-06,3.80003120e-01
3.36152800e-06,3.79993089e-01
3.36162800e-06,3.79981849e-01
3.36172800e-06,3.79971830e-01
3.36182800e-06,3.79960604e-01
3.36192800e-06,3.79950596e-01
3.36202800e-06,3.79939383e-01
3.36212800e-06,3.79929388e-01
3.36222800e-06,3.79918187e-01
3.36232800e-06,3.79908204e-01
3.36242800e-06,3.79897016e-01
3.36252800e-06,3.79887046e-01
3.36262800e-06,3.79875870e-01
3.36272800e-06,3.79865912e-01
3.36282800e-06,3.79854749e-01
3.36292800e-06,3.79844804e-01
3.36302800e-06,3.79833654e-01
3.36312800e-06,3.79823720e-01
3.36322800e-06,3.79812583e-01
3.36332800e-06,3.79802661e-01
3.36342800e-06,3.79791536e-01
3.36352800e-06,3.79781627e-01
3.36362800e-06,3.79770515e-01
3.36372800e-06,3.79760618e-01
3.36382800e-06,3.79749519e-01
3.36392800e-06,3.79739634e-01
3.36402800e-06,3.79728547e-01
3.36412800e-06,3.79718675e-01
3.36422800e-06,3.79707600e-01
3.36432800e-06,3.79697740e-01
3.36442800e-06,3.79686678e-01
3.36452800e-06,3.79676830e-01
3.36462800e-06,3.79665781e-01
3.36472800e-06,3.79655945e-01
3.36482800e-06,3.79644908e-01
3.36492800e-06,3.79635084e-01
3.36502800e-06,3.79624060e-01
3.36512800e-06,3.79614248e-01
3.36522800e-06,3.79603237e-01
3.36532800e-06,3.79593437e-01
3.36542800e-06,3.79582438e-01
3.36552800e-06,3.79572651e-01
3.36562800e-06,3.79561664e-01
3.36572800e-06,3.79551889e-01
3.36582800e-06,3.79540915e-01
3.36592800e-06,3.79531151e-01
3.36602800e-06,3.79520190e-01
3.36612800e-06,3.79510438e-01
3.36622800e-06,3.79499489e-01
3.36632800e-06,3.79489750e-01
3.36642800e-06,3.79478814e-01
3.36652800e-06,3.79469086e-01
3.36662800e-06,3.79458162e-01
3.36672800e-06,3.79448447e-01
3.36682800e-06,3.79437535e-01
3.36692800e-06,3.79427832e-01
3.36702800e-06,3.79416933e-01
3.36712800e-06,3.79407242e-01
3.36722800e-06,3.79396355e-01
3.36732800e-06,3.79386676e-01
3.36742800e-06,3.79375801e-01
3.36752800e-06,3.79366134e-01
3.36762800e-06,3.79355272e-01
3.36772800e-06,3.79345617e-01
3.36782800e-06,3.79334767e-01
3.36792800e-06,3.79325124e-01
3.36802800e-06,3.79314286e-01
3.36812800e-06,3.79304655e-01
3.36822800e-06,3.79293830e-01
3.36832800e-06,3.79284211e-01
3.36842800e-06,3.79273398e-01
3.36852800e-06,3.79263791e-01
3.36862800e-06,3.79252990e-01
3.36872800e-06,3.79243395e-01
3.36882800e-06,3.79232607e-01
3.36892800e-06,3.79223023e-01
3.36902800e-06,3.79212248e-01
3.36912800e-06,3.79202676e-01
3.36922800e-06,3.79191913e-01
3.36932800e-06,3.79182353e-01
3.36942800e-06,3.79171602e-01
3.36952800e-06,3.79162054e-01
3.36962800e-06,3.79151315e-01
3.36972800e-06,3.79141779e-01
3.36982800e-06,3.79131052e-01
3.36992800e-06,3.79121528e-01
3.37002800e-06,3.79110814e-01
3.37012800e-06,3.79101301e-01
3.37022800e-06,3.79090599e-01
3.37032800e-06,3.79081099e-01
3.37042800e-06,3.79070409e-01
3.37052800e-06,3.79060920e-01
3.37062800e-06,3.79050243e-01
3.37072800e-06,3.79040766e-01
3.37082800e-06,3.79030100e-01
3.37092800e-06,3.79020635e-01
3.37102800e-06,3.79009982e-01
3.37112800e-06,3.79000528e-01
3.37122800e-06,3.78989888e-01
3.37132800e-06,3.78980446e-01
3.37142800e-06,3.78969817e-01
3.37152800e-06,3.78960387e-01
3.37162800e-06,3.78949771e-01
3.37172800e-06,3.78940353e-01
3.37182800e-06,3.78929748e-01
3.37192800e-06,3.78920342e-01
3.37202800e-06,3.78909750e-01
3.37212800e-06,3.78900355e-01
3.37222800e-06,3.78889775e-01
3.37232800e-06,3.78880392e-01
3.37242800e-06,3.78869824e-01
3.37252800e-06,3.78860453e-01
3.37262800e-06,3.78849897e-01
3.37272800e-06,3.78840537e-01
3.37282800e-06,3.78829994e-01
3.37292800e-06,3.78820646e-01
3.37302800e-06,3.78810114e-01
3.37312800e-06,3.78800778e-01
3.37322800e-06,3.78790258e-01
3.37332800e-06,3.78780934e-01
3.37342800e-06,3.78770427e-01
3.37352800e-06,3.78761114e-01
3.37362800e-06,3.78750618e-01
3.37372800e-06,3.78741317e-01
3.37382800e-06,3.78730834e-01
3.37392800e-06,3.78721544e-01
3.37402800e-06,3.78711073e-01
3.37412800e-06,3.78701795e-01
3.37422800e-06,3.78691336e-01
3.37432800e-06,3.78682070e-01
3.37442800e-06,3.78671623e-01
3.37452800e-06,3.78662368e-01
3.37462800e-06,3.78651933e-01
3.37472800e-06,3.78642690e-01
3.37482800e-06,3.78632267e-01
3.37492800e-06,3.78623035e-01
3.37502800e-06,3.78612624e-01
3.37512800e-06,3.78603404e-01
3.37522800e-06,3.78593005e-01
3.37532800e-06,3.78583797e-01
3.37542800e-06,3.78573410e-01
3.37552800e-06,3.78564213e-01
3.37562800e-06,3.78553838e-01
3.37572800e-06,3.78544652e-01
3.37582800e-06,3.78534289e-01
3.37592800e-06,3.78525116e-01
3.37602800e-06,3.78514765e-01
3.37612800e-06,3.78505602e-01
3.37622800e-06,3.78495263e-01
3.37632800e-06,3.78486113e-01
3.37642800e-06,3.78475785e-01
3.37652800e-06,3.78466646e-01
3.37662800e-06,3.78456331e-01
3.37672800e-06,3.78447203e-01
3.37682800e-06,3.78436900e-01
3.37692800e-06,3.78427784e-01
3.37702800e-06,3.78417493e-01
3.37712800e-06,3.78408388e-01
3.37722800e-06,3.78398109e-01
3.37732800e-06,3.78389015e-01
3.37742800e-06,3.78378748e-01
3.37752800e-06,3.78369666e-01
3.37762800e-06,3.78359410e-01
3.37772800e-06,3.78350340e-01
3.37782800e-06,3.78340096e-01
3.37792800e-06,3.78331038e-01
3.37802800e-06,3.78320806e-01
3.37812800e-06,3.78311758e-01
3.37822800e-06,3.78301538e-01
3.37832800e-06,3.78292502e-01
3.37842800e-06,3.78282294e-01
3.37852800e-06,3.78273270e-01
3.37862800e-06,3.78263073e-01
3.37872800e-06,3.78254060e-01
3.37882800e-06,3.78243876e-01
3.37892800e-06,3.78234874e-01
3.37902800e-06,3.78224702e-01
3.37912800e-06,3.78215711e-01
3.37922800e-06,3.78205551e-01
3.37932800e-06,3.78196572e-01
3.37942800e-06,3.78186423e-01
3.37952800e-06,3.78177455e-01
3.37962800e-06,3.78167318e-01
3.37972800e-06,3.78158362e-01
3.37982800e-06,3.78148237e-01
3.37992800e-06,3.78139292e-01
3.38002800e-06,3.78129178e-01
3.38012800e-06,3.78120245e-01
3.38022800e-06,3.78110143e-01
3.38032800e-06,3.78101221e-01
3.38042800e-06,3.78091131e-01
3.38052800e-06,3.78082221e-01
3.38062800e-06,3.78072142e-01
3.38072800e-06,3.78063243e-01
3.38082800e-06,3.78053177e-01
3.38092800e-06,3.78044289e-01
3.38102800e-06,3.78034234e-01
3.38112800e-06,3.78025357e-01
3.38122800e-06,3.78015314e-01
3.38132800e-06,3.78006449e-01
3.38142800e-06,3.77996418e-01
3.38152800e-06,3.77987564e-01
3.38162800e-06,3.77977544e-01
3.38172800e-06,3.77968702e-01
3.38182800e-06,3.77958694e-01
3.38192800e-06,3.77949863e-01
3.38202800e-06,3.77939867e-01
3.38212800e-06,3.77931046e-01
3.38222800e-06,3.77921062e-01
3.38232800e-06,3.77912253e-01
3.38242800e-06,3.77902281e-01
3.38252800e-06,3.77893483e-01
3.38262800e-06,3.77883522e-01
3.38272800e-06,3.77874736e-01
3.38282800e-06,3.77864787e-01
3.38292800e-06,3.77856012e-01
3.38302800e-06,3.77846074e-01
3.38312800e-06,3.77837310e-01
3.38322800e-06,3.77827384e-01
3.38332800e-06,3.77818632e-01
3.38342800e-06,3.77808718e-01
3.38352800e-06,3.77799976e-01
3.38362800e-06,3.77790074e-01
3.38372800e-06,3.77781344e-01
3.38382800e-06,3.77771453e-01
3.38392800e-06,3.77762734e-01
3.38402800e-06,3.77752855e-01
3.38412800e-06,3.77744147e-01
3.38422800e-06,3.77734280e-01
3.38432800e-06,3.77725583e-01
3.38442800e-06,3.77715727e-01
3.38452800e-06,3.77707042e-01
3.38462800e-06,3.77697198e-01
3.38472800e-06,3.77688524e-01
3.38482800e-06,3.77678691e-01
3.38492800e-06,3.77670028e-01
3.38502800e-06,3.77660207e-01
3.38512800e-06,3.77651555e-01
3.38522800e-06,3.77641746e-01
3.38532800e-06,3.77633105e-01
3.38542800e-06,3.77623308e-01
3.38552800e-06,3.77614678e-01
3.38562800e-06,3.77604892e-01
3.38572800e-06,3.77596274e-01
3.38582800e-06,3.77586499e-01
3.38592800e-06,3.77577892e-01
3.38602800e-06,3.77568129e-01
3.38612800e-06,3.77559533e-01
3.38622800e-06,3.77549782e-01
3.38632800e-06,3.77541197e-01
3.38642800e-06,3.77531457e-01
3.38652800e-06,3.77522884e-01
3.38662800e-06,3.77513155e-01
3.38672800e-06,3.77504593e-01
3.38682800e-06,3.77494876e-01
3.38692800e-06,3.77486325e-01
3.38702800e-06,3.77476619e-01
3.38712800e-06,3.77468079e-01
3.38722800e-06,3.77458385e-01
3.38732800e-06,3.77449856e-01
3.38742800e-06,3.77440174e-01
3.38752800e-06,3.77431656e-01
3.38762800e-06,3.77421985e-01
3.38772800e-06,3.77413479e-01
3.38782800e-06,3.77403819e-01
3.38792800e-06,3.77395324e-01
3.38802800e-06,3.77385676e-01
3.38812800e-06,3.77377191e-01
3.38822800e-06,3.77367555e-01
3.38832800e-06,3.77359082e-01
3.38842800e-06,3.77349457e-01
3.38852800e-06,3.77340995e-01
3.38862800e-06,3.77331381e-01
3.38872800e-06,3.77322930e-01
3.38882800e-06,3.77313328e-01
3.38892800e-06,3.77304888e-01
3.38902800e-06,3.77295298e-01
3.38912800e-06,3.77286869e-01
3.38922800e-06,3.77277290e-01
3.38932800e-06,3.77268872e-01
3.38942800e-06,3.77259304e-01
3.38952800e-06,3.77250897e-01
3.38962800e-06,3.77241341e-01
3.38972800e-06,3.77232945e-01
3.38982800e-06,3.77223401e-01
3.38992800e-06,3.77215016e-01
3.39002800e-06,3.77205483e-01
3.39012800e-06,3.77197109e-01
3.39022800e-06,3.77187588e-01
3.39032800e-06,3.77179225e-01
3.39042800e-06,3.77169715e-01
3.39052800e-06,3.77161363e-01
3.39062800e-06,3.77151865e-01
3.39072800e-06,3.77143524e-01
3.39082800e-06,3.77134037e-01
3.39092800e-06,3.77125707e-01
3.39102800e-06,3.77116231e-01
3.39112800e-06,3.77107912e-01
3.39122800e-06,3.77098448e-01
3.39132800e-06,3.77090140e-01
3.39142800e-06,3.77080688e-01
3.39152800e-06,3.77072391e-01
3.39162800e-06,3.77062949e-01
3.39172800e-06,3.77054664e-01
3.39182800e-06,3.77045234e-01
3.39192800e-06,3.77036959e-01
3.39202800e-06,3.77027540e-01
3.39212800e-06,3.77019276e-01
3.39222800e-06,3.77009869e-01
3.39232800e-06,3.77001616e-01
3.39242800e-06,3.76992221e-01
3.39252800e-06,3.76983979e-01
3.39262800e-06,3.76974595e-01
3.39272800e-06,3.76966364e-01
3.39282800e-06,3.76956991e-01
3.39292800e-06,3.76948771e-01
3.39302800e-06,3.76939409e-01
3.39312800e-06,3.76931200e-01
3.39322800e-06,3.76921850e-01
3.39332800e-06,3.76913652e-01
3.39342800e-06,3.76904314e-01
3.39352800e-06,3.76896126e-01
3.39362800e-06,3.76886799e-01
3.39372800e-06,3.76878623e-01
3.39382800e-06,3.76869307e-01
3.39392800e-06,3.76861142e-01
3.39402800e-06,3.76851837e-01
3.39412800e-06,3.76843683e-01
3.39422800e-06,3.76834390e-01
3.39432800e-06,3.76826246e-01
3.39442800e-06,3.76816965e-01
3.39452800e-06,3.76808832e-01
3.39462800e-06,3.76799562e-01
3.39472800e-06,3.76791440e-01
3.39482800e-06,3.76782181e-01
3.39492800e-06,3.76774071e-01
3.39502800e-06,3.76764823e-01
3.39512800e-06,3.76756723e-01
3.39522800e-06,3.76747487e-01
3.39532800e-06,3.76739398e-01
3.39542800e-06,3.76730173e-01
3.39552800e-06,3.76722095e-01
3.39562800e-06,3.76712882e-01
3.39572800e-06,3.76704815e-01
3.39582800e-06,3.76695612e-01
3.39592800e-06,3.76687556e-01
3.39602800e-06,3.76678365e-01
3.39612800e-06,3.76670320e-01
3.39622800e-06,3.76661141e-01
3.39632800e-06,3.76653106e-01
3.39642800e-06,3.76643938e-01
3.39652800e-06,3.76635915e-01
3.39662800e-06,3.76626758e-01
3.39672800e-06,3.76618745e-01
3.39682800e-06,3.76609599e-01
3.39692800e-06,3.76601598e-01
3.39702800e-06,3.76592463e-01
3.39712800e-06,3.76584473e-01
3.39722800e-06,3.76575350e-01
3.39732800e-06,3.76567370e-01
3.39742800e-06,3.76558258e-01
3.39752800e-06,3.76550289e-01
3.39762800e-06,3.76541189e-01
3.39772800e-06,3.76533231e-01
3.39782800e-06,3.76524142e-01
3.39792800e-06,3.76516194e-01
3.39802800e-06,3.76507117e-01
3.39812800e-06,3.76499180e-01
3.39822800e-06,3.76490114e-01
3.39832800e-06,3.76482188e-01
3.39842800e-06,3.76473133e-01
3.39852800e-06,3.76465218e-01
3.39862800e-06,3.76456174e-01
3.39872800e-06,3.76448271e-01
3.39882800e-06,3.76439238e-01
3.39892800e-06,3.76431345e-01
3.39902800e-06,3.76422324e-01
3.39912800e-06,3.76414442e-01
3.39922800e-06,3.76405431e-01
3.39932800e-06,3.76397560e-01
3.39942800e-06,3.76388561e-01
3.39952800e-06,3.76380701e-01
3.39962800e-06,3.76371714e-01
3.39972800e-06,3.76363864e-01
3.39982800e-06,3.76354888e-01
3.39992800e-06,3.76347049e-01
3.40002800e-06,3.76338084e-01
3.40012800e-06,3.76330256e-01
3.40022800e-06,3.76321303e-01
3.40032800e-06,3.76313486e-01
3.40042800e-06,3.76304543e-01
3.40052800e-06,3.76296737e-01
3.40062800e-06,3.76287806e-01
3.40072800e-06,3.76280011e-01
3.40082800e-06,3.76271091e-01
3.40092800e-06,3.76263306e-01
3.40102800e-06,3.76254397e-01
3.40112800e-06,3.76246624e-01
3.40122800e-06,3.76237726e-01
3.40132800e-06,3.76229964e-01
3.40142800e-06,3.76221077e-01
3.40152800e-06,3.76213326e-01
3.40162800e-06,3.76204450e-01
3.40172800e-06,3.76196709e-01
3.40182800e-06,3.76187846e-01
3.40192800e-06,3.76180115e-01
3.40202800e-06,3.76171263e-01
3.40212800e-06,3.76163544e-01
3.40222800e-06,3.76154702e-01
3.40232800e-06,3.76146994e-01
3.40242800e-06,3.76138164e-01
3.40252800e-06,3.76130466e-01
3.40262800e-06,3.76121647e-01
3.40272800e-06,3.76113960e-01
3.40282800e-06,3.76105153e-01
3.40292800e-06,3.76097476e-01
3.40302800e-06,3.76088680e-01
3.40312800e-06,3.76081015e-01
3.40322800e-06,3.76072230e-01
3.40332800e-06,3.76064575e-01
3.40342800e-06,3.76055801e-01
3.40352800e-06,3.76048158e-01
3.40362800e-06,3.76039395e-01
3.40372800e-06,3.76031762e-01
3.40382800e-06,3.76023011e-01
3.40392800e-06,3.76015389e-01
3.40402800e-06,3.76006648e-01
3.40412800e-06,3.75999037e-01
3.40422800e-06,3.75990308e-01
3.40432800e-06,3.75982708e-01
3.40442800e-06,3.75973990e-01
3.40452800e-06,3.75966400e-01
3.40462800e-06,3.75957694e-01
3.40472800e-06,3.75950115e-01
3.40482800e-06,3.75941420e-01
3.40492800e-06,3.75933852e-01
3.40502800e-06,3.75925168e-01
3.40512800e-06,3.75917610e-01
3.40522800e-06,3.75908937e-01
3.40532800e-06,3.75901391e-01
3.40542800e-06,3.75892729e-01
3.40552800e-06,3.75885194e-01
3.40562800e-06,3.75876543e-01
3.40572800e-06,3.75869018e-01
3.40582800e-06,3.75860379e-01
3.40592800e-06,3.75852865e-01
3.40602800e-06,3.75844237e-01
3.40612800e-06,3.75836734e-01
3.40622800e-06,3.75828117e-01
3.40632800e-06,3.75820625e-01
3.40642800e-06,3.75812019e-01
3.40652800e-06,3.75804537e-01
3.40662800e-06,3.75795943e-01
3.40672800e-06,3.75788472e-01
3.40682800e-06,3.75779889e-01
3.40692800e-06,3.75772429e-01
3.40702800e-06,3.75763857e-01
3.40712800e-06,3.75756408e-01
3.40722800e-06,3.75747847e-01
3.40732800e-06,3.75740408e-01
3.40742800e-06,3.75731859e-01
3.40752800e-06,3.75724431e-01
3.40762800e-06,3.75715893e-01
3.40772800e-06,3.75708476e-01
3.40782800e-06,3.75699949e-01
3.40792800e-06,3.75692543e-01
3.40802800e-06,3.75684027e-01
3.40812800e-06,3.75676632e-01
3.40822800e-06,3.75668127e-01
3.40832800e-06,3.75660742e-01
3.40842800e-06,3.75652249e-01
3.40852800e-06,3.75644875e-01
3.40862800e-06,3.75636393e-01
3.40872800e-06,3.75629030e-01
3.40882800e-06,3.75620559e-01
3.40892800e-06,3.75613207e-01
3.40902800e-06,3.75604747e-01
3.40912800e-06,3.75597405e-01
3.40922800e-06,3.75588957e-01
3.40932800e-06,3.75581626e-01
3.40942800e-06,3.75573189e-01
3.40952800e-06,3.75565869e-01
3.40962800e-06,3.75557443e-01
3.40972800e-06,3.75550134e-01
3.40982800e-06,3.75541719e-01
3.40992800e-06,3.75534420e-01
3.41002800e-06,3.75526017e-01
3.41012800e-06,3.75518729e-01
3.41022800e-06,3.75510337e-01
3.41032800e-06,3.75503060e-01
3.41042800e-06,3.75494679e-01
3.41052800e-06,3.75487412e-01
3.41062800e-06,3.75479042e-01
3.41072800e-06,3.75471787e-01
3.41082800e-06,3.75463428e-01
3.41092800e-06,3.75456184e-01
3.41102800e-06,3.75447836e-01
3.41112800e-06,3.75440603e-01
3.41122800e-06,3.75432266e-01
3.41132800e-06,3.75425043e-01
3.41142800e-06,3.75416718e-01
3.41152800e-06,3.75409506e-01
3.41162800e-06,3.75401192e-01
3.41172800e-06,3.75393991e-01
3.41182800e-06,3.75385688e-01
3.41192800e-06,3.75378498e-01
3.41202800e-06,3.75370206e-01
3.41212800e-06,3.75363026e-01
3.41222800e-06,3.75354746e-01
3.41232800e-06,3.75347577e-01
3.41242800e-06,3.75339308e-01
3.41252800e-06,3.75332150e-01
3.41262800e-06,3.75323892e-01
3.41272800e-06,3.75316745e-01
3.41282800e-06,3.75308498e-01
3.41292800e-06,3.75301362e-01
3.41302800e-06,3.75293126e-01
3.41312800e-06,3.75286001e-01
3.41322800e-06,3.75277776e-01
3.41332800e-06,3.75270661e-01
3.41342800e-06,3.75262448e-01
3.41352800e-06,3.75255344e-01
3.41362800e-06,3.75247143e-01
3.41372800e-06,3.75240049e-01
3.41382800e-06,3.75231859e-01
3.41392800e-06,3.75224776e-01
3.41402800e-06,3.75216597e-01
3.41412800e-06,3.75209525e-01
3.41422800e-06,3.75201357e-01
3.41432800e-06,3.75194296e-01
3.41442800e-06,3.75186139e-01
3.41452800e-06,3.75179089e-01
3.41462800e-06,3.75170944e-01
3.41472800e-06,3.75163904e-01
3.41482800e-06,3.75155770e-01
3.41492800e-06,3.75148741e-01
3.41502800e-06,3.75140618e-01
3.41512800e-06,3.75133601e-01
3.41522800e-06,3.75125489e-01
3.41532800e-06,3.75118482e-01
3.41542800e-06,3.75110381e-01
3.41552800e-06,3.75103385e-01
3.41562800e-06,3.75095296e-01
3.41572800e-06,3.75088311e-01
3.41582800e-06,3.75080232e-01
3.41592800e-06,3.75073258e-01
3.41602800e-06,3.75065191e-01
3.41612800e-06,3.75058228e-01
3.41622800e-06,3.75050172e-01
3.41632800e-06,3.75043219e-01
3.41642800e-06,3.75035175e-01
3.41652800e-06,3.75028233e-01
3.41662800e-06,3.75020200e-01
3.41672800e-06,3.75013268e-01
3.41682800e-06,3.75005247e-01
3.41692800e-06,3.74998326e-01
3.41702800e-06,3.74990316e-01
3.41712800e-06,3.74983406e-01
3.41722800e-06,3.74975407e-01
3.41732800e-06,3.74968508e-01
3.41742800e-06,3.74960520e-01
3.41752800e-06,3.74953632e-01
3.41762800e-06,3.74945655e-01
3.41772800e-06,3.74938778e-01
3.41782800e-06,3.74930813e-01
3.41792800e-06,3.74923947e-01
3.41802800e-06,3.74915992e-01
3.41812800e-06,3.74909137e-01
3.41822800e-06,3.74901194e-01
3.41832800e-06,3.74894350e-01
3.41842800e-06,3.74886418e-01
3.41852800e-06,3.74879584e-01
3.41862800e-06,3.74871664e-01
3.41872800e-06,3.74864841e-01
3.41882800e-06,3.74856932e-01
3.41892800e-06,3.74850120e-01
3.41902800e-06,3.74842222e-01
3.41912800e-06,3.74835421e-01
3.41922800e-06,3.74827534e-01
3.41932800e-06,3.74820744e-01
3.41942800e-06,3.74812869e-01
3.41952800e-06,3.74806090e-01
3.41962800e-06,3.74798225e-01
3.41972800e-06,3.74791457e-01
3.41982800e-06,3.74783604e-01
3.41992800e-06,3.74776847e-01
3.42002800e-06,3.74769005e-01
3.42012800e-06,3.74762259e-01
3.42022800e-06,3.74754428e-01
3.42032800e-06,3.74747693e-01
3.42042800e-06,3.74739874e-01
3.42052800e-06,3.74733149e-01
3.42062800e-06,3.74725341e-01
3.42072800e-06,3.74718627e-01
3.42082800e-06,3.74710831e-01
3.42092800e-06,3.74704128e-01
3.42102800e-06,3.74696343e-01
3.42112800e-06,3.74689651e-01
3.42122800e-06,3.74681877e-01
3.42132800e-06,3.74675196e-01
3.42142800e-06,3.74667433e-01
3.42152800e-06,3.74660763e-01
3.42162800e-06,3.74653012e-01
3.42172800e-06,3.74646352e-01
3.42182800e-06,3.74638613e-01
3.42192800e-06,3.74631964e-01
3.42202800e-06,3.74624236e-01
3.42212800e-06,3.74617598e-01
3.42222800e-06,3.74609881e-01
3.42232800e-06,3.74603254e-01
3.42242800e-06,3.74595548e-01
3.42252800e-06,3.74588932e-01
3.42262800e-06,3.74581238e-01
3.42272800e-06,3.74574633e-01
3.42282800e-06,3.74566950e-01
3.42292800e-06,3.74560356e-01
3.42302800e-06,3.74552685e-01
3.42312800e-06,3.74546101e-01
3.42322800e-06,3.74538441e-01
3.42332800e-06,3.74531869e-01
3.42342800e-06,3.74524220e-01
3.42352800e-06,3.74517659e-01
3.42362800e-06,3.74510021e-01
3.42372800e-06,3.74503471e-01
3.42382800e-06,3.74495845e-01
3.42392800e-06,3.74489305e-01
3.42402800e-06,3.74481691e-01
3.42412800e-06,3.74475162e-01
3.42422800e-06,3.74467559e-01
3.42432800e-06,3.74461041e-01
3.42442800e-06,3.74453450e-01
3.42452800e-06,3.74446943e-01
3.42462800e-06,3.74439362e-01
3.42472800e-06,3.74432867e-01
3.42482800e-06,3.74425298e-01
3.42492800e-06,3.74418813e-01
3.42502800e-06,3.74411255e-01
3.42512800e-06,3.74404782e-01
3.42522800e-06,3.74397235e-01
3.42532800e-06,3.74390773e-01
3.42542800e-06,3.74383238e-01
3.42552800e-06,3.74376786e-01
3.42562800e-06,3.74369262e-01
3.42572800e-06,3.74362822e-01
3.42582800e-06,3.74355310e-01
3.42592800e-06,3.74348880e-01
3.42602800e-06,3.74341379e-01
3.42612800e-06,3.74334960e-01
3.42622800e-06,3.74327471e-01
3.42632800e-06,3.74321063e-01
3.42642800e-06,3.74313586e-01
3.42652800e-06,3.74307189e-01
3.42662800e-06,3.74299723e-01
3.42672800e-06,3.74293337e-01
3.42682800e-06,3.74285882e-01
3.42692800e-06,3.74279507e-01
3.42702800e-06,3.74272064e-01
3.42712800e-06,3.74265700e-01
3.42722800e-06,3.74258268e-01
3.42732800e-06,3.74251915e-01
3.42742800e-06,3.74244495e-01
3.42752800e-06,3.74238153e-01
3.42762800e-06,3.74230744e-01
3.42772800e-06,3.74224414e-01
3.42782800e-06,3.74217016e-01
3.42792800e-06,3.74210697e-01
3.42802800e-06,3.74203310e-01
3.42812800e-06,3.74197002e-01
3.42822800e-06,3.74189627e-01
3.42832800e-06,3.74183330e-01
3.42842800e-06,3.74175967e-01
3.42852800e-06,3.74169680e-01
3.42862800e-06,3.74162329e-01
3.42872800e-06,3.74156053e-01
3.42882800e-06,3.74148713e-01
3.42892800e-06,3.74142449e-01
3.42902800e-06,3.74135120e-01
3.42912800e-06,3.74128867e-01
3.42922800e-06,3.74121550e-01
3.42932800e-06,3.74115308e-01
3.42942800e-06,3.74108003e-01
3.42952800e-06,3.74101772e-01
3.42962800e-06,3.74094478e-01
3.42972800e-06,3.74088258e-01
3.42982800e-06,3.74080975e-01
3.42992800e-06,3.74074766e-01
3.43002800e-06,3.74067495e-01
3.43012800e-06,3.74061298e-01
3.43022800e-06,3.74054038e-01
3.43032800e-06,3.74047852e-01
3.43042800e-06,3.74040604e-01
3.43052800e-06,3.74034429e-01
3.43062800e-06,3.74027192e-01
3.43072800e-06,3.74021028e-01
3.43082800e-06,3.74013803e-01
3.43092800e-06,3.74007650e-01
3.43102800e-06,3.74000437e-01
3.43112800e-06,3.73994295e-01
3.43122800e-06,3.73987093e-01
3.43132800e-06,3.73980963e-01
3.43142800e-06,3.73973772e-01
3.43152800e-06,3.73967653e-01
3.43162800e-06,3.73960474e-01
3.43172800e-06,3.73954366e-01
3.43182800e-06,3.73947199e-01
3.43192800e-06,3.73941102e-01
3.43202800e-06,3.73933946e-01
3.43212800e-06,3.73927860e-01
3.43222800e-06,3.73920717e-01
3.43232800e-06,3.73914642e-01
3.43242800e-06,3.73907510e-01
3.43252800e-06,3.73901446e-01
3.43262800e-06,3.73894326e-01
3.43272800e-06,3.73888273e-01
3.43282800e-06,3.73881164e-01
3.43292800e-06,3.73875123e-01
3.43302800e-06,3.73868026e-01
3.43312800e-06,3.73861996e-01
3.43322800e-06,3.73854910e-01
3.43332800e-06,3.73848892e-01
3.43342800e-06,3.73841818e-01
3.43352800e-06,3.73835810e-01
3.43362800e-06,3.73828748e-01
3.43372800e-06,3.73822752e-01
3.43382800e-06,3.73815701e-01
3.43392800e-06,3.73809716e-01
3.43402800e-06,3.73802677e-01
3.43412800e-06,3.73796703e-01
3.43422800e-06,3.73789676e-01
3.43432800e-06,3.73783714e-01
3.43442800e-06,3.73776698e-01
3.43452800e-06,3.73770747e-01
3.43462800e-06,3.73763743e-01
3.43472800e-06,3.73757803e-01
3.43482800e-06,3.73750811e-01
3.43492800e-06,3.73744882e-01
3.43502800e-06,3.73737902e-01
3.43512800e-06,3.73731985e-01
3.43522800e-06,3.73725016e-01
3.43532800e-06,3.73719110e-01
3.43542800e-06,3.73712153e-01
3.43552800e-06,3.73706258e-01
3.43562800e-06,3.73699313e-01
3.43572800e-06,3.73693430e-01
3.43582800e-06,3.73686497e-01
3.43592800e-06,3.73680625e-01
3.43602800e-06,3.73673703e-01
3.43612800e-06,3.73667843e-01
3.43622800e-06,3.73660933e-01
3.43632800e-06,3.73655084e-01
3.43642800e-06,3.73648185e-01
3.43652800e-06,3.73642348e-01
3.43662800e-06,3.73635462e-01
3.43672800e-06,3.73629635e-01
3.43682800e-06,3.73622761e-01
3.43692800e-06,3.73616946e-01
3.43702800e-06,3.73610083e-01
3.43712800e-06,3.73604280e-01
3.43722800e-06,3.73597429e-01
3.43732800e-06,3.73591637e-01
3.43742800e-06,3.73584798e-01
3.43752800e-06,3.73579018e-01
3.43762800e-06,3.73572190e-01
3.43772800e-06,3.73566421e-01
3.43782800e-06,3.73559606e-01
3.43792800e-06,3.73553849e-01
3.43802800e-06,3.73547045e-01
3.43812800e-06,3.73541299e-01
3.43822800e-06,3.73534507e-01
3.43832800e-06,3.73528773e-01
3.43842800e-06,3.73521993e-01
3.43852800e-06,3.73516270e-01
3.43862800e-06,3.73509502e-01
3.43872800e-06,3.73503791e-01
3.43882800e-06,3.73497035e-01
3.43892800e-06,3.73491335e-01
3.43902800e-06,3.73484591e-01
3.43912800e-06,3.73478902e-01
3.43922800e-06,3.73472170e-01
3.43932800e-06,3.73466493e-01
3.43942800e-06,3.73459773e-01
3.43952800e-06,3.73454107e-01
3.43962800e-06,3.73447399e-01
3.43972800e-06,3.73441745e-01
3.43982800e-06,3.73435049e-01
3.43992800e-06,3.73429407e-01
3.44002800e-06,3.73422722e-01
3.44012800e-06,3.73417092e-01
3.44022800e-06,3.73410419e-01
3.44032800e-06,3.73404800e-01
3.44042800e-06,3.73398140e-01
3.44052800e-06,3.73392532e-01
3.44062800e-06,3.73385884e-01
3.44072800e-06,3.73380288e-01
3.44082800e-06,3.73373651e-01
3.44092800e-06,3.73368067e-01
3.44102800e-06,3.73361443e-01
3.44112800e-06,3.73355870e-01
3.44122800e-06,3.73349258e-01
3.44132800e-06,3.73343697e-01
3.44142800e-06,3.73337096e-01
3.44152800e-06,3.73331547e-01
3.44162800e-06,3.73324959e-01
3.44172800e-06,3.73319421e-01
3.44182800e-06,3.73312845e-01
3.44192800e-06,3.73307319e-01
3.44202800e-06,3.73300754e-01
3.44212800e-06,3.73295240e-01
3.44222800e-06,3.73288688e-01
3.44232800e-06,3.73283185e-01
3.44242800e-06,3.73276645e-01
3.44252800e-06,3.73271155e-01
3.44262800e-06,3.73264626e-01
3.44272800e-06,3.73259147e-01
3.44282800e-06,3.73252631e-01
3.44292800e-06,3.73247164e-01
3.44302800e-06,3.73240660e-01
3.44312800e-06,3.73235204e-01
3.44322800e-06,3.73228713e-01
3.44332800e-06,3.73223269e-01
3.44342800e-06,3.73216789e-01
3.44352800e-06,3.73211357e-01
3.44362800e-06,3.73204889e-01
3.44372800e-06,3.73199469e-01
3.44382800e-06,3.73193014e-01
3.44392800e-06,3.73187605e-01
3.44402800e-06,3.73181162e-01
3.44412800e-06,3.73175765e-01
3.44422800e-06,3.73169334e-01
3.44432800e-06,3.73163950e-01
3.44442800e-06,3.73157531e-01
3.44452800e-06,3.73152158e-01
3.44462800e-06,3.73145751e-01
3.44472800e-06,3.73140390e-01
3.44482800e-06,3.73133995e-01
3.44492800e-06,3.73128646e-01
3.44502800e-06,3.73122264e-01
3.44512800e-06,3.73116926e-01
3.44522800e-06,3.73110556e-01
3.44532800e-06,3.73105231e-01
3.44542800e-06,3.73098873e-01
3.44552800e-06,3.73093559e-01
3.44562800e-06,3.73087214e-01
3.44572800e-06,3.73081912e-01
3.44582800e-06,3.73075579e-01
3.44592800e-06,3.73070289e-01
3.44602800e-06,3.73063968e-01
3.44612800e-06,3.73058690e-01
3.44622800e-06,3.73052381e-01
3.44632800e-06,3.73047115e-01
3.44642800e-06,3.73040819e-01
3.44652800e-06,3.73035565e-01
3.44662800e-06,3.73029281e-01
3.44672800e-06,3.73024039e-01
3.44682800e-06,3.73017767e-01
3.44692800e-06,3.73012537e-01
3.44702800e-06,3.73006277e-01
3.44712800e-06,3.73001059e-01
3.44722800e-06,3.72994812e-01
3.44732800e-06,3.72989606e-01
3.44742800e-06,3.72983371e-01
3.44752800e-06,3.72978177e-01
3.44762800e-06,3.72971955e-01
3.44772800e-06,3.72966773e-01
3.44782800e-06,3.72960563e-01
3.44792800e-06,3.72955393e-01
3.44802800e-06,3.72949195e-01
3.44812800e-06,3.72944038e-01
3.44822800e-06,3.72937852e-01
3.44832800e-06,3.72932707e-01
3.44842800e-06,3.72926534e-01
3.44852800e-06,3.72921400e-01
3.44862800e-06,3.72915240e-01
3.44872800e-06,3.72910118e-01
3.44882800e-06,3.72903971e-01
3.44892800e-06,3.72898861e-01
3.44902800e-06,3.72892726e-01
3.44912800e-06,3.72887628e-01
3.44922800e-06,3.72881506e-01
3.44932800e-06,3.72876420e-01
3.44942800e-06,3.72870310e-01
3.44952800e-06,3.72865237e-01
3.44962800e-06,3.72859139e-01
3.44972800e-06,3.72854078e-01
3.44982800e-06,3.72847993e-01
3.44992800e-06,3.72842944e-01
3.45002800e-06,3.72836871e-01
3.45012800e-06,3.72831835e-01
3.45022800e-06,3.72825775e-01
3.45032800e-06,3.72820750e-01
3.45042800e-06,3.72814703e-01
3.45052800e-06,3.72809691e-01
3.45062800e-06,3.72803656e-01
3.45072800e-06,3.72798656e-01
3.45082800e-06,3.72792633e-01
3.45092800e-06,3.72787646e-01
3.45102800e-06,3.72781636e-01
3.45112800e-06,3.72776660e-01
3.45122800e-06,3.72770663e-01
3.45132800e-06,3.72765700e-01
3.45142800e-06,3.72759716e-01
3.45152800e-06,3.72754765e-01
3.45162800e-06,3.72748793e-01
3.45172800e-06,3.72743854e-01
3.45182800e-06,3.72737895e-01
3.45192800e-06,3.72732969e-01
3.45202800e-06,3.72727023e-01
3.45212800e-06,3.72722109e-01
3.45222800e-06,3.72716175e-01
3.45232800e-06,3.72711274e-01
3.45242800e-06,3.72705353e-01
3.45252800e-06,3.72700463e-01
3.45262800e-06,3.72694555e-01
3.45272800e-06,3.72689678e-01
3.45282800e-06,3.72683783e-01
3.45292800e-06,3.72678918e-01
3.45302800e-06,3.72673036e-01
3.45312800e-06,3.72668184e-01
3.45322800e-06,3.72662314e-01
3.45332800e-06,3.72657474e-01
3.45342800e-06,3.72651617e-01
3.45352800e-06,3.72646790e-01
3.45362800e-06,3.72640946e-01
3.45372800e-06,3.72636131e-01
3.45382800e-06,3.72630299e-01
3.45392800e-06,3.72625497e-01
3.45402800e-06,3.72619678e-01
3.45412800e-06,3.72614889e-01
3.45422800e-06,3.72609083e-01
3.45432800e-06,3.72604306e-01
3.45442800e-06,3.72598513e-01
3.45452800e-06,3.72593748e-01
3.45462800e-06,3.72587968e-01
3.45472800e-06,3.72583216e-01
3.45482800e-06,3.72577449e-01
3.45492800e-06,3.72572710e-01
3.45502800e-06,3.72566955e-01
3.45512800e-06,3.72562228e-01
3.45522800e-06,3.72556487e-01
3.45532800e-06,3.72551773e-01
3.45542800e-06,3.72546044e-01
3.45552800e-06,3.72541343e-01
3.45562800e-06,3.72535627e-01
3.45572800e-06,3.72530938e-01
3.45582800e-06,3.72525236e-01
3.45592800e-06,3.72520559e-01
3.45602800e-06,3.72514870e-01
3.45612800e-06,3.72510206e-01
3.45622800e-06,3.72504530e-01
3.45632800e-06,3.72499879e-01
3.45642800e-06,3.72494215e-01
3.45652800e-06,3.72489577e-01
3.45662800e-06,3.72483926e-01
3.45672800e-06,3.72479301e-01
3.45682800e-06,3.72473663e-01
3.45692800e-06,3.72469051e-01
3.45702800e-06,3.72463426e-01
3.45712800e-06,3.72458826e-01
3.45722800e-06,3.72453215e-01
3.45732800e-06,3.72448628e-01
3.45742800e-06,3.72443030e-01
3.45752800e-06,3.72438455e-01
3.45762800e-06,3.72432870e-01
3.45772800e-06,3.72428308e-01
3.45782800e-06,3.72422737e-01
3.45792800e-06,3.72418188e-01
3.45802800e-06,3.72412629e-01
3.45812800e-06,3.72408093e-01
3.45822800e-06,3.72402548e-01
3.45832800e-06,3.72398024e-01
3.45842800e-06,3.72392492e-01
3.45852800e-06,3.72387982e-01
3.45862800e-06,3.72382463e-01
3.45872800e-06,3.72377965e-01
3.45882800e-06,3.72372460e-01
3.45892800e-06,3.72367975e-01
3.45902800e-06,3.72362483e-01
3.45912800e-06,3.72358011e-01
3.45922800e-06,3.72352532e-01
3.45932800e-06,3.72348073e-01
3.45942800e-06,3.72342607e-01
3.45952800e-06,3.72338161e-01
3.45962800e-06,3.72332709e-01
3.45972800e-06,3.72328276e-01
3.45982800e-06,3.72322837e-01
3.45992800e-06,3.72318417e-01
3.46002800e-06,3.72312991e-01
3.46012800e-06,3.72308584e-01
3.46022800e-06,3.72303172e-01
3.46032800e-06,3.72298778e-01
3.46042800e-06,3.72293379e-01
3.46052800e-06,3.72288998e-01
3.46062800e-06,3.72283613e-01
3.46072800e-06,3.72279245e-01
3.46082800e-06,3.72273873e-01
3.46092800e-06,3.72269518e-01
3.46102800e-06,3.72264160e-01
3.46112800e-06,3.72259818e-01
3.46122800e-06,3.72254473e-01
3.46132800e-06,3.72250145e-01
3.46142800e-06,3.72244813e-01
3.46152800e-06,3.72240498e-01
3.46162800e-06,3.72235179e-01
3.46172800e-06,3.72230877e-01
3.46182800e-06,3.72225573e-01
3.46192800e-06,3.72221284e-01
3.46202800e-06,3.72215993e-01
3.46212800e-06,3.72211717e-01
3.46222800e-06,3.72206439e-01
3.46232800e-06,3.72202177e-01
3.46242800e-06,3.72196913e-01
3.46252800e-06,3.72192664e-01
3.46262800e-06,3.72187413e-01
3.46272800e-06,3.72183177e-01
3.46282800e-06,3.72177941e-01
3.46292800e-06,3.72173718e-01
3.46302800e-06,3.72168495e-01
3.46312800e-06,3.72164286e-01
3.46322800e-06,3.72159076e-01
3.46332800e-06,3.72154880e-01
3.46342800e-06,3.72149684e-01
3.46352800e-06,3.72145502e-01
3.46362800e-06,3.72140320e-01
3.46372800e-06,3.72136151e-01
3.46382800e-06,3.72130982e-01
3.46392800e-06,3.72126826e-01
3.46402800e-06,3.72121672e-01
3.46412800e-06,3.72117529e-01
3.46422800e-06,3.72112388e-01
3.46432800e-06,3.72108260e-01
3.46442800e-06,3.72103132e-01
3.46452800e-06,3.72099017e-01
3.46462800e-06,3.72093904e-01
3.46472800e-06,3.72089802e-01
3.46482800e-06,3.72084702e-01
3.46492800e-06,3.72080614e-01
3.46502800e-06,3.72075528e-01
3.46512800e-06,3.72071453e-01
3.46522800e-06,3.72066381e-01
3.46532800e-06,3.72062320e-01
3.46542800e-06,3.72057262e-01
3.46552800e-06,3.72053214e-01
3.46562800e-06,3.72048170e-01
3.46572800e-06,3.72044136e-01
3.46582800e-06,3.72039106e-01
3.46592800e-06,3.72035085e-01
3.46602800e-06,3.72030069e-01
3.46612800e-06,3.72026062e-01
3.46622800e-06,3.72021060e-01
3.46632800e-06,3.72017067e-01
3.46642800e-06,3.72012079e-01
3.46652800e-06,3.72008099e-01
3.46662800e-06,3.72003125e-01
3.46672800e-06,3.71999159e-01
3.46682800e-06,3.71994199e-01
3.46692800e-06,3.71990247e-01
3.46702800e-06,3.71985301e-01
3.46712800e-06,3.71981362e-01
3.46722800e-06,3.71976430e-01
3.46732800e-06,3.71972506e-01
3.46742800e-06,3.71967588e-01
3.46752800e-06,3.71963677e-01
3.46762800e-06,3.71958773e-01
3.46772800e-06,3.71954876e-01
3.46782800e-06,3.71949987e-01
3.46792800e-06,3.71946103e-01
3.46802800e-06,3.71941228e-01
3.46812800e-06,3.71937358e-01
3.46822800e-06,3.71932497e-01
3.46832800e-06,3.71928642e-01
3.46842800e-06,3.71923795e-01
3.46852800e-06,3.71919953e-01
3.46862800e-06,3.71915121e-01
3.46872800e-06,3.71911293e-01
3.46882800e-06,3.71906475e-01
3.46892800e-06,3.71902661e-01
3.46902800e-06,3.71897857e-01
3.46912800e-06,3.71894057e-01
3.46922800e-06,3.71889267e-01
3.46932800e-06,3.71885481e-01
3.46942800e-06,3.71880706e-01
3.46952800e-06,3.71876934e-01
3.46962800e-06,3.71872173e-01
3.46972800e-06,3.71868415e-01
3.46982800e-06,3.71863669e-01
3.46992800e-06,3.71859925e-01
3.47002800e-06,3.71855193e-01
3.47012800e-06,3.71851463e-01
3.47022800e-06,3.71846745e-01
3.47032800e-06,3.71843030e-01
3.47042800e-06,3.71838326e-01
3.47052800e-06,3.71834625e-01
3.47062800e-06,3.71829936e-01
3.47072800e-06,3.71826249e-01
3.47082800e-06,3.71821575e-01
3.47092800e-06,3.71817902e-01
3.47102800e-06,3.71813242e-01
3.47112800e-06,3.71809583e-01
3.47122800e-06,3.71804938e-01
3.47132800e-06,3.71801293e-01
3.47142800e-06,3.71796663e-01
3.47152800e-06,3.71793032e-01
3.47162800e-06,3.71788416e-01
3.47172800e-06,3.71784800e-01
3.47182800e-06,3.71780199e-01
3.47192800e-06,3.71776597e-01
3.47202800e-06,3.71772010e-01
3.47212800e-06,3.71768423e-01
3.47222800e-06,3.71763851e-01
3.47232800e-06,3.71760278e-01
3.47242800e-06,3.71755721e-01
3.47252800e-06,3.71752162e-01
3.47262800e-06,3.71747619e-01
3.47272800e-06,3.71744075e-01
3.47282800e-06,3.71739547e-01
3.47292800e-06,3.71736017e-01
3.47302800e-06,3.71731504e-01
3.47312800e-06,3.71727989e-01
3.47322800e-06,3.71723491e-01
3.47332800e-06,3.71719990e-01
3.47342800e-06,3.71715507e-01
3.47352800e-06,3.71712020e-01
3.47362800e-06,3.71707552e-01
3.47372800e-06,3.71704080e-01
3.47382800e-06,3.71699626e-01
3.47392800e-06,3.71696169e-01
3.47402800e-06,3.71691730e-01
3.47412800e-06,3.71688288e-01
3.47422800e-06,3.71683864e-01
3.47432800e-06,3.71680436e-01
3.47442800e-06,3.71676027e-01
3.47452800e-06,3.71672614e-01
3.47462800e-06,3.71668220e-01
3.47472800e-06,3.71664821e-01
3.47482800e-06,3.71660442e-01
3.47492800e-06,3.71657058e-01
3.47502800e-06,3.71652695e-01
3.47512800e-06,3.71649325e-01
3.47522800e-06,3.71644977e-01
3.47532800e-06,3.71641622e-01
3.47542800e-06,3.71637289e-01
3.47552800e-06,3.71633949e-01
3.47562800e-06,3.71629631e-01
3.47572800e-06,3.71626306e-01
3.47582800e-06,3.71622002e-01
3.47592800e-06,3.71618692e-01
3.47602800e-06,3.71614404e-01
3.47612800e-06,3.71611109e-01
3.47622800e-06,3.71606836e-01
3.47632800e-06,3.71603556e-01
3.47642800e-06,3.71599298e-01
3.47652800e-06,3.71596033e-01
3.47662800e-06,3.71591791e-01
3.47672800e-06,3.71588540e-01
3.47682800e-06,3.71584313e-01
3.47692800e-06,3.71581078e-01
3.47702800e-06,3.71576866e-01
3.47712800e-06,3.71573646e-01
3.47722800e-06,3.71569449e-01
3.47732800e-06,3.71566244e-01
3.47742800e-06,3.71562063e-01
3.47752800e-06,3.71558872e-01
3.47762800e-06,3.71554707e-01
3.47772800e-06,3.71551532e-01
3.47782800e-06,3.71547381e-01
3.47792800e-06,3.71544221e-01
3.47802800e-06,3.71540087e-01
3.47812800e-06,3.71536942e-01
3.47822800e-06,3.71532822e-01
3.47832800e-06,3.71529693e-01
3.47842800e-06,3.71525589e-01
3.47852800e-06,3.71522474e-01
3.47862800e-06,3.71518386e-01
3.47872800e-06,3.71515287e-01
3.47882800e-06,3.71511214e-01
3.47892800e-06,3.71508130e-01
3.47902800e-06,3.71504073e-01
3.47912800e-06,3.71501005e-01
3.47922800e-06,3.71496963e-01
3.47932800e-06,3.71493910e-01
3.47942800e-06,3.71489884e-01
3.47952800e-06,3.71486846e-01
3.47962800e-06,3.71482836e-01
3.47972800e-06,3.71479813e-01
3.47982800e-06,3.71475819e-01
3.47992800e-06,3.71472812e-01
3.48002800e-06,3.71468833e-01
3.48012800e-06,3.71465842e-01
3.48022800e-06,3.71461879e-01
3.48032800e-06,3.71458903e-01
3.48042800e-06,3.71454956e-01
3.48052800e-06,3.71451995e-01
3.48062800e-06,3.71448064e-01
3.48072800e-06,3.71445119e-01
3.48082800e-06,3.71441204e-01
3.48092800e-06,3.71438274e-01
3.48102800e-06,3.71434375e-01
3.48112800e-06,3.71431461e-01
3.48122800e-06,3.71427577e-01
3.48132800e-06,3.71424679e-01
3.48142800e-06,3.71420812e-01
3.48152800e-06,3.71417929e-01
3.48162800e-06,3.71414077e-01
3.48172800e-06,3.71411210e-01
3.48182800e-06,3.71407375e-01
3.48192800e-06,3.71404524e-01
3.48202800e-06,3.71400705e-01
3.48212800e-06,3.71397869e-01
3.48222800e-06,3.71394066e-01
3.48232800e-06,3.71391246e-01
3.48242800e-06,3.71387459e-01
3.48252800e-06,3.71384655e-01
3.48262800e-06,3.71380884e-01
3.48272800e-06,3.71378096e-01
3.48282800e-06,3.71374342e-01
3.48292800e-06,3.71371569e-01
3.48302800e-06,3.71367831e-01
3.48312800e-06,3.71365075e-01
3.48322800e-06,3.71361352e-01
3.48332800e-06,3.71358612e-01
3.48342800e-06,3.71354906e-01
3.48352800e-06,3.71352182e-01
3.48362800e-06,3.71348492e-01
3.48372800e-06,3.71345784e-01
3.48382800e-06,3.71342111e-01
3.48392800e-06,3.71339419e-01
3.48402800e-06,3.71335762e-01
3.48412800e-06,3.71333086e-01
3.48422800e-06,3.71329445e-01
3.48432800e-06,3.71326785e-01
3.48442800e-06,3.71323161e-01
3.48452800e-06,3.71320517e-01
3.48462800e-06,3.71316910e-01
3.48472800e-06,3.71314282e-01
3.48482800e-06,3.71310691e-01
3.48492800e-06,3.71308080e-01
3.48502800e-06,3.71304505e-01
3.48512800e-06,3.71301910e-01
3.48522800e-06,3.71298352e-01
3.48532800e-06,3.71295773e-01
3.48542800e-06,3.71292232e-01
3.48552800e-06,3.71289669e-01
3.48562800e-06,3.71286145e-01
3.48572800e-06,3.71283598e-01
3.48582800e-06,3.71280090e-01
3.48592800e-06,3.71277561e-01
3.48602800e-06,3.71274069e-01
3.48612800e-06,3.71271556e-01
3.48622800e-06,3.71268082e-01
3.48632800e-06,3.71265585e-01
3.48642800e-06,3.71262127e-01
3.48652800e-06,3.71259647e-01
3.48662800e-06,3.71256206e-01
3.48672800e-06,3.71253742e-01
3.48682800e-06,3.71250318e-01
3.48692800e-06,3.71247870e-01
3.48702800e-06,3.71244463e-01
3.48712800e-06,3.71242033e-01
3.48722800e-06,3.71238642e-01
3.48732800e-06,3.71236228e-01
3.48742800e-06,3.71232855e-01
3.48752800e-06,3.71230458e-01
3.48762800e-06,3.71227101e-01
3.48772800e-06,3.71224721e-01
3.48782800e-06,3.71221381e-01
3.48792800e-06,3.71219017e-01
3.48802800e-06,3.71215695e-01
3.48812800e-06,3.71213348e-01
3.48822800e-06,3.71210043e-01
3.48832800e-06,3.71207713e-01
3.48842800e-06,3.71204425e-01
3.48852800e-06,3.71202111e-01
3.48862800e-06,3.71198840e-01
3.48872800e-06,3.71196544e-01
3.48882800e-06,3.71193290e-01
3.48892800e-06,3.71191011e-01
3.48902800e-06,3.71187774e-01
3.48912800e-06,3.71185512e-01
3.48922800e-06,3.71182293e-01
3.48932800e-06,3.71180047e-01
3.48942800e-06,3.71176845e-01
3.48952800e-06,3.71174617e-01
3.48962800e-06,3.71171432e-01
3.48972800e-06,3.71169221e-01
3.48982800e-06,3.71166054e-01
3.48992800e-06,3.71163859e-01
3.49002800e-06,3.71160710e-01
3.49012800e-06,3.71158532e-01
3.49022800e-06,3.71155400e-01
3.49032800e-06,3.71153240e-01
3.49042800e-06,3.71150126e-01
3.49052800e-06,3.71147983e-01
3.49062800e-06,3.71144886e-01
3.49072800e-06,3.71142760e-01
3.49082800e-06,3.71139681e-01
3.49092800e-06,3.71137572e-01
3.49102800e-06,3.71134510e-01
3.49112800e-06,3.71132419e-01
3.49122800e-06,3.71129375e-01
3.49132800e-06,3.71127302e-01
3.49142800e-06,3.71124275e-01
3.49152800e-06,3.71122219e-01
3.49162800e-06,3.71119210e-01
3.49172800e-06,3.71117171e-01
3.49182800e-06,3.71114180e-01
3.49192800e-06,3.71112159e-01
3.49202800e-06,3.71109186e-01
3.49212800e-06,3.71107182e-01
3.49222800e-06,3.71104227e-01
3.49232800e-06,3.71102241e-01
3.49242800e-06,3.71099303e-01
3.49252800e-06,3.71097335e-01
3.49262800e-06,3.71094415e-01
3.49272800e-06,3.71092464e-01
3.49282800e-06,3.71089563e-01
3.49292800e-06,3.71087629e-01
3.49302800e-06,3.71084746e-01
3.49312800e-06,3.71082830e-01
3.49322800e-06,3.71079965e-01
3.49332800e-06,3.71078067e-01
3.49342800e-06,3.71075220e-01
3.49352800e-06,3.71073340e-01
3.49362800e-06,3.71070511e-01
3.49372800e-06,3.71068649e-01
3.49382800e-06,3.71065838e-01
3.49392800e-06,3.71063993e-01
3.49402800e-06,3.71061200e-01
3.49412800e-06,3.71059374e-01
3.49422800e-06,3.71056600e-01
3.49432800e-06,3.71054791e-01
3.49442800e-06,3.71052035e-01
3.49452800e-06,3.71050245e-01
3.49462800e-06,3.71047507e-01
3.49472800e-06,3.71045734e-01
3.49482800e-06,3.71043015e-01
3.49492800e-06,3.71041261e-01
3.49502800e-06,3.71038559e-01
3.49512800e-06,3.71036823e-01
3.49522800e-06,3.71034141e-01
3.49532800e-06,3.71032423e-01
3.49542800e-06,3.71029758e-01
3.49552800e-06,3.71028059e-01
3.49562800e-06,3.71025413e-01
3.49572800e-06,3.71023732e-01
3.49582800e-06,3.71021105e-01
3.49592800e-06,3.71019442e-01
3.49602800e-06,3.71016833e-01
3.49612800e-06,3.71015188e-01
3.49622800e-06,3.71012598e-01
3.49632800e-06,3.71010972e-01
3.49642800e-06,3.71008401e-01
3.49652800e-06,3.71006793e-01
3.49662800e-06,3.71004240e-01
3.49672800e-06,3.71002651e-01
3.49682800e-06,3.71000117e-01
3.49692800e-06,3.70998546e-01
3.49702800e-06,3.70996032e-01
3.49712800e-06,3.70994479e-01
3.49722800e-06,3.70991983e-01
3.49732800e-06,3.70990450e-01
3.49742800e-06,3.70987972e-01
3.49752800e-06,3.70986457e-01
3.49762800e-06,3.70983999e-01
3.49772800e-06,3.70982503e-01
3.49782800e-06,3.70980064e-01
3.49792800e-06,3.70978586e-01
3.49802800e-06,3.70976166e-01
3.49812800e-06,3.70974707e-01
3.49822800e-06,3.70972306e-01
3.49832800e-06,3.70970866e-01
3.49842800e-06,3.70968484e-01
3.49852800e-06,3.70967063e-01
3.49862800e-06,3.70964701e-01
3.49872800e-06,3.70963298e-01
3.49882800e-06,3.70960955e-01
3.49892800e-06,3.70959572e-01
3.49902800e-06,3.70957247e-01
3.49912800e-06,3.70955883e-01
3.49922800e-06,3.70953578e-01
3.49932800e-06,3.70952233e-01
3.49942800e-06,3.70949947e-01
3.49952800e-06,3.70948621e-01
3.49962800e-06,3.70946355e-01
3.49972800e-06,3.70945048e-01
3.49982800e-06,3.70942801e-01
3.49992800e-06,3.70941514e-01
3.50002800e-06,3.70939286e-01
3.50012800e-06,3.70938018e-01
3.50022800e-06,3.70935810e-01
3.50032800e-06,3.70934561e-01
3.50042800e-06,3.70932373e-01
3.50052800e-06,3.70931143e-01
3.50062800e-06,3.70928974e-01
3.50072800e-06,3.70927764e-01
3.50082800e-06,3.70925615e-01
3.50092800e-06,3.70924424e-01
3.50102800e-06,3.70922295e-01
3.50112800e-06,3.70921123e-01
3.50122800e-06,3.70919014e-01
3.50132800e-06,3.70917861e-01
3.50142800e-06,3.70915772e-01
3.50152800e-06,3.70914639e-01
3.50162800e-06,3.70912569e-01
3.50172800e-06,3.70911456e-01
3.50182800e-06,3.70909407e-01
3.50192800e-06,3.70908313e-01
3.50202800e-06,3.70906283e-01
3.50212800e-06,3.70905210e-01
3.50222800e-06,3.70903200e-01
3.50232800e-06,3.70902146e-01
3.50242800e-06,3.70900156e-01
3.50252800e-06,3.70899122e-01
3.50262800e-06,3.70897152e-01
3.50272800e-06,3.70896138e-01
3.50282800e-06,3.70894188e-01
3.50292800e-06,3.70893194e-01
3.50302800e-06,3.70891265e-01
3.50312800e-06,3.70890290e-01
3.50322800e-06,3.70888381e-01
3.50332800e-06,3.70887427e-01
3.50342800e-06,3.70885538e-01
3.50352800e-06,3.70884603e-01
3.50362800e-06,3.70882735e-01
3.50372800e-06,3.70881820e-01
3.50382800e-06,3.70879972e-01
3.50392800e-06,3.70879078e-01
3.50402800e-06,3.70877250e-01
3.50412800e-06,3.70876376e-01
3.50422800e-06,3.70874569e-01
3.50432800e-06,3.70873715e-01
3.50442800e-06,3.70871929e-01
3.50452800e-06,3.70871095e-01
3.50462800e-06,3.70869329e-01
3.50472800e-06,3.70868516e-01
3.50482800e-06,3.70866770e-01
3.50492800e-06,3.70865977e-01
3.50502800e-06,3.70864253e-01
3.50512800e-06,3.70863480e-01
3.50522800e-06,3.70861776e-01
3.50532800e-06,3.70861024e-01
3.50542800e-06,3.70859341e-01
3.50552800e-06,3.70858610e-01
3.50562800e-06,3.70856947e-01
3.50572800e-06,3.70856236e-01
3.50582800e-06,3.70854595e-01
3.50592800e-06,3.70853905e-01
3.50602800e-06,3.70852284e-01
3.50612800e-06,3.70851615e-01
3.50622800e-06,3.70850015e-01
3.50632800e-06,3.70849366e-01
3.50642800e-06,3.70847788e-01
3.50652800e-06,3.70847160e-01
3.50662800e-06,3.70845602e-01
3.50672800e-06,3.70844995e-01
3.50682800e-06,3.70843459e-01
3.50692800e-06,3.70842872e-01
3.50702800e-06,3.70841357e-01
3.50712800e-06,3.70840792e-01
3.50722800e-06,3.70839298e-01
3.50732800e-06,3.70838754e-01
3.50742800e-06,3.70837281e-01
3.50752800e-06,3.70836758e-01
3.50762800e-06,3.70835306e-01
3.50772800e-06,3.70834804e-01
3.50782800e-06,3.70833374e-01
3.50792800e-06,3.70832894e-01
3.50802800e-06,3.70831485e-01
3.50812800e-06,3.70831025e-01
3.50822800e-06,3.70829638e-01
3.50832800e-06,3.70829200e-01
3.50842800e-06,3.70827834e-01
3.50852800e-06,3.70827417e-01
3.50862800e-06,3.70826073e-01
3.50872800e-06,3.70825678e-01
3.50882800e-06,3.70824355e-01
3.50892800e-06,3.70823981e-01
3.50902800e-06,3.70822681e-01
3.50912800e-06,3.70822328e-01
3.50922800e-06,3.70821049e-01
3.50932800e-06,3.70820718e-01
3.50942800e-06,3.70819461e-01
3.50952800e-06,3.70819151e-01
3.50962800e-06,3.70817916e-01
3.50972800e-06,3.70817628e-01
3.50982800e-06,3.70816415e-01
3.50992800e-06,3.70816149e-01
3.51002800e-06,3.70814958e-01
3.51012800e-06,3.70814713e-01
3.51022800e-06,3.70813544e-01
3.51032800e-06,3.70813321e-01
3.51042800e-06,3.70812174e-01
3.51052800e-06,3.70811974e-01
3.51062800e-06,3.70810849e-01
3.51072800e-06,3.70810670e-01
3.51082800e-06,3.70809567e-01
3.51092800e-06,3.70809410e-01
3.51102800e-06,3.70808330e-01
3.51112800e-06,3.70808195e-01
3.51122800e-06,3.70807137e-01
3.51132800e-06,3.70807024e-01
3.51142800e-06,3.70805988e-01
3.51152800e-06,3.70805898e-01
3.51162800e-06,3.70804884e-01
3.51172800e-06,3.70804816e-01
3.51182800e-06,3.70803825e-01
3.51192800e-06,3.70803779e-01
3.51202800e-06,3.70802811e-01
3.51212800e-06,3.70802787e-01
3.51222800e-06,3.70801841e-01
3.51232800e-06,3.70801840e-01
3.51242800e-06,3.70800917e-01
3.51252800e-06,3.70800938e-01
3.51262800e-06,3.70800038e-01
3.51272800e-06,3.70800081e-01
3.51282800e-06,3.70799204e-01
3.51292800e-06,3.70799270e-01
3.51302800e-06,3.70798415e-01
3.51312800e-06,3.70798504e-01
3.51322800e-06,3.70797672e-01
3.51332800e-06,3.70797783e-01
3.51342800e-06,3.70796974e-01
3.51352800e-06,3.70797108e-01
3.51362800e-06,3.70796323e-01
3.51372800e-06,3.70796479e-01
3.51382800e-06,3.70795717e-01
3.51392800e-06,3.70795896e-01
3.51402800e-06,3.70795157e-01
3.51412800e-06,3.70795359e-01
3.51422800e-06,3.70794643e-01
3.51432800e-06,3.70794868e-01
3.51442800e-06,3.70794175e-01
3.51452800e-06,3.70794424e-01
3.51462800e-06,3.70793754e-01
3.51472800e-06,3.70794025e-01
3.51482800e-06,3.70793379e-01
3.51492800e-06,3.70793674e-01
3.51502800e-06,3.70793051e-01
3.51512800e-06,3.70793369e-01
3.51522800e-06,3.70792769e-01
3.51532800e-06,3.70793110e-01
3.51542800e-06,3.70792534e-01
3.51552800e-06,3.70792899e-01
3.51562800e-06,3.70792346e-01
3.51572800e-06,3.70792734e-01
3.51582800e-06,3.70792205e-01
3.51592800e-06,3.70792617e-01
3.51602800e-06,3.70792112e-01
3.51612800e-06,3.70792547e-01
3.51622800e-06,3.70792065e-01
3.51632800e-06,3.70792524e-01
3.51642800e-06,3.70792066e-01
3.51652800e-06,3.70792549e-01
3.51662800e-06,3.70792115e-01
3.51672800e-06,3.70792621e-01
3.51682800e-06,3.70792211e-01
3.51692800e-06,3.70792741e-01
3.51702800e-06,3.70792355e-01
3.51712800e-06,3.70792909e-01
3.51722800e-06,3.70792547e-01
3.51732800e-06,3.70793125e-01
3.51742800e-06,3.70792787e-01
3.51752800e-06,3.70793389e-01
3.51762800e-06,3.70793075e-01
3.51772800e-06,3.70793701e-01
3.51782800e-06,3.70793412e-01
3.51792800e-06,3.70794061e-01
3.51802800e-06,3.70793797e-01
3.51812800e-06,3.70794470e-01
3.51822800e-06,3.70794230e-01
3.51832800e-06,3.70794928e-01
3.51842800e-06,3.70794712e-01
3.51852800e-06,3.70795434e-01
3.51862800e-06,3.70795243e-01
3.51872800e-06,3.70795990e-01
3.51882800e-06,3.70795823e-01
3.51892800e-06,3.70796594e-01
3.51902800e-06,3.70796452e-01
3.51912800e-06,3.70797247e-01
3.51922800e-06,3.70797130e-01
3.51932800e-06,3.70797950e-01
3.51942800e-06,3.70797858e-01
3.51952800e-06,3.70798702e-01
3.51962800e-06,3.70798634e-01
3.51972800e-06,3.70799503e-01
3.51982800e-06,3.70799461e-01
3.51992800e-06,3.70800355e-01
3.52002800e-06,3.70800337e-01
3.52012800e-06,3.70801256e-01
3.52022800e-06,3.70801263e-01
3.52032800e-06,3.70802206e-01
3.52042800e-06,3.70802239e-01
3.52052800e-06,3.70803207e-01
3.52062800e-06,3.70803265e-01
3.52072800e-06,3.70804258e-01
3.52082800e-06,3.70804341e-01
3.52092800e-06,3.70805360e-01
3.52102800e-06,3.70805468e-01
3.52112800e-06,3.70806512e-01
3.52122800e-06,3.70806645e-01
3.52132800e-06,3.70807714e-01
3.52142800e-06,3.70807873e-01
3.52152800e-06,3.70808967e-01
3.52162800e-06,3.70809152e-01
3.52172800e-06,3.70810271e-01
3.52182800e-06,3.70810481e-01
3.52192800e-06,3.70811626e-01
3.52202800e-06,3.70811862e-01
3.52212800e-06,3.70813032e-01
3.52222800e-06,3.70813294e-01
3.52232800e-06,3.70814489e-01
3.52242800e-06,3.70814777e-01
3.52252800e-06,3.70815998e-01
3.52262800e-06,3.70816311e-01
3.52272800e-06,3.70817558e-01
3.52282800e-06,3.70817898e-01
3.52292800e-06,3.70819170e-01
3.52302800e-06,3.70819535e-01
3.52312800e-06,3.70820834e-01
3.52322800e-06,3.70821225e-01
3.52332800e-06,3.70822550e-01
3.52342800e-06,3.70822967e-01
3.52352800e-06,3.70824317e-01
3.52362800e-06,3.70824761e-01
3.52372800e-06,3.70826137e-01
3.52382800e-06,3.70826607e-01
3.52392800e-06,3.70828010e-01
3.52402800e-06,3.70828506e-01
3.52412800e-06,3.70829935e-01
3.52422800e-06,3.70830457e-01
3.52432800e-06,3.70831912e-01
3.52442800e-06,3.70832461e-01
3.52452800e-06,3.70833942e-01
3.52462800e-06,3.70834518e-01
3.52472800e-06,3.70836025e-01
3.52482800e-06,3.70836628e-01
3.52492800e-06,3.70838162e-01
3.52502800e-06,3.70838790e-01
3.52512800e-06,3.70840351e-01
3.52522800e-06,3.70841007e-01
3.52532800e-06,3.70842594e-01
3.52542800e-06,3.70843276e-01
3.52552800e-06,3.70844890e-01
3.52562800e-06,3.70845600e-01
3.52572800e-06,3.70847240e-01
3.52582800e-06,3.70847976e-01
3.52592800e-06,3.70849644e-01
3.52602800e-06,3.70850407e-01
3.52612800e-06,3.70852102e-01
3.52622800e-06,3.70852892e-01
3.52632800e-06,3.70854613e-01
3.52642800e-06,3.70855431e-01
3.52652800e-06,3.70857179e-01
3.52662800e-06,3.70858024e-01
3.52672800e-06,3.70859800e-01
3.52682800e-06,3.70860672e-01
3.52692800e-06,3.70862474e-01
3.52702800e-06,3.70863374e-01
3.52712800e-06,3.70865204e-01
3.52722800e-06,3.70866131e-01
3.52732800e-06,3.70867988e-01
3.52742800e-06,3.70868943e-01
3.52752800e-06,3.70870828e-01
3.52762800e-06,3.70871810e-01
3.52772800e-06,3.70873722e-01
3.52782800e-06,3.70874732e-01
3.52792800e-06,3.70876672e-01
3.52802800e-06,3.70877710e-01
3.52812800e-06,3.70879677e-01
3.52822800e-06,3.70880743e-01
3.52832800e-06,3.70882738e-01
3.52842800e-06,3.70883831e-01
3.52852800e-06,3.70885854e-01
3.52862800e-06,3.70886976e-01
3.52872800e-06,3.70889026e-01
3.52882800e-06,3.70890176e-01
3.52892800e-06,3.70892255e-01
3.52902800e-06,3.70893433e-01
3.52912800e-06,3.70895539e-01
3.52922800e-06,3.70896745e-01
3.52932800e-06,3.70898880e-01
3.52942800e-06,3.70900114e-01
3.52952800e-06,3.70902277e-01
3.52962800e-06,3.70903540e-01
3.52972800e-06,3.70905731e-01
3.52982800e-06,3.70907022e-01
3.52992800e-06,3.70909242e-01
3.53002800e-06,3.70910562e-01
3.53012800e-06,3.70912809e-01
3.53022800e-06,3.70914158e-01
3.53032800e-06,3.70916434e-01
3.53042800e-06,3.70917811e-01
3.53052800e-06,3.70920116e-01
3.53062800e-06,3.70921522e-01
3.53072800e-06,3.70923855e-01
3.53082800e-06,3.70925290e-01
3.53092800e-06,3.70927652e-01
3.53102800e-06,3.70929116e-01
3.53112800e-06,3.70931507e-01
3.53122800e-06,3.70933000e-01
3.53132800e-06,3.70935420e-01
3.53142800e-06,3.70936942e-01
3.53152800e-06,3.70939390e-01
3.53162800e-06,3.70940941e-01
3.53172800e-06,3.70943419e-01
3.53182800e-06,3.70944999e-01
3.53192800e-06,3.70947506e-01
3.53202800e-06,3.70949116e-01
3.53212800e-06,3.70951652e-01
3.53222800e-06,3.70953291e-01
3.53232800e-06,3.70955856e-01
3.53242800e-06,3.70957525e-01
3.53252800e-06,3.70960119e-01
3.53262800e-06,3.70961818e-01
3.53272800e-06,3.70964442e-01
3.53282800e-06,3.70966169e-01
3.53292800e-06,3.70968823e-01
3.53302800e-06,3.70970581e-01
3.53312800e-06,3.70973264e-01
3.53322800e-06,3.70975051e-01
3.53332800e-06,3.70977764e-01
3.53342800e-06,3.70979581e-01
3.53352800e-06,3.70982324e-01
3.53362800e-06,3.70984171e-01
3.53372800e-06,3.70986943e-01
3.53382800e-06,3.70988821e-01
3.53392800e-06,3.70991623e-01
3.53402800e-06,3.70993531e-01
3.53412800e-06,3.70996363e-01
3.53422800e-06,3.70998301e-01
3.53432800e-06,3.71001163e-01
3.53442800e-06,3.71003131e-01
3.53452800e-06,3.71006024e-01
3.53462800e-06,3.71008022e-01
3.53472800e-06,3.71010945e-01
3.53482800e-06,3.71012974e-01
3.53492800e-06,3.71015927e-01
3.53502800e-06,3.71017986e-01
3.53512800e-06,3.71020970e-01
3.53522800e-06,3.71023060e-01
3.53532800e-06,3.71026074e-01
3.53542800e-06,3.71028195e-01
3.53552800e-06,3.71031240e-01
3.53562800e-06,3.71033391e-01
3.53572800e-06,3.71036467e-01
3.53582800e-06,3.71038649e-01
3.53592800e-06,3.71041756e-01
3.53602800e-06,3.71043969e-01
3.53612800e-06,3.71047106e-01
3.53622800e-06,3.71049351e-01
3.53632800e-06,3.71052518e-01
3.53642800e-06,3.71054794e-01
3.53652800e-06,3.71057993e-01
3.53662800e-06,3.71060300e-01
3.53672800e-06,3.71063530e-01
3.53682800e-06,3.71065868e-01
3.53692800e-06,3.71069130e-01
3.53702800e-06,3.71071499e-01
3.53712800e-06,3.71074792e-01
3.53722800e-06,3.71077193e-01
3.53732800e-06,3.71080517e-01
3.53742800e-06,3.71082950e-01
3.53752800e-06,3.71086305e-01
3.53762800e-06,3.71088769e-01
3.53772800e-06,3.71092156e-01
3.53782800e-06,3.71094653e-01
3.53792800e-06,3.71098071e-01
3.53802800e-06,3.71100599e-01
3.53812800e-06,3.71104049e-01
3.53822800e-06,3.71106609e-01
3.53832800e-06,3.71110091e-01
3.53842800e-06,3.71112683e-01
3.53852800e-06,3.71116197e-01
3.53862800e-06,3.71118821e-01
3.53872800e-06,3.71122367e-01
3.53882800e-06,3.71125023e-01
3.53892800e-06,3.71128602e-01
3.53902800e-06,3.71131290e-01
3.53912800e-06,3.71134900e-01
3.53922800e-06,3.71137621e-01
3.53932800e-06,3.71141264e-01
3.53942800e-06,3.71144017e-01
3.53952800e-06,3.71147692e-01
3.53962800e-06,3.71150477e-01
3.53972800e-06,3.71154185e-01
3.53982800e-06,3.71157003e-01
3.53992800e-06,3.71160743e-01
3.54002800e-06,3.71163594e-01
3.54012800e-06,3.71167367e-01
3.54022800e-06,3.71170251e-01
3.54032800e-06,3.71174056e-01
3.54042800e-06,3.71176973e-01
3.54052800e-06,3.71180811e-01
3.54062800e-06,3.71183760e-01
3.54072800e-06,3.71187631e-01
3.54082800e-06,3.71190614e-01
3.54092800e-06,3.71194518e-01
3.54102800e-06,3.71197534e-01
3.54112800e-06,3.71201471e-01
3.54122800e-06,3.71204521e-01
3.54132800e-06,3.71208491e-01
3.54142800e-06,3.71211574e-01
3.54152800e-06,3.71215577e-01
3.54162800e-06,3.71218693e-01
3.54172800e-06,3.71222730e-01
3.54182800e-06,3.71225880e-01
3.54192800e-06,3.71229950e-01
3.54202800e-06,3.71233133e-01
3.54212800e-06,3.71237237e-01
3.54222800e-06,3.71240454e-01
3.54232800e-06,3.71244591e-01
3.54242800e-06,3.71247842e-01
3.54252800e-06,3.71252013e-01
3.54262800e-06,3.71255298e-01
3.54272800e-06,3.71259503e-01
3.54282800e-06,3.71262822e-01
3.54292800e-06,3.71267061e-01
3.54302800e-06,3.71270414e-01
3.54312800e-06,3.71274686e-01
3.54322800e-06,3.71278074e-01
3.54332800e-06,3.71282381e-01
3.54342800e-06,3.71285802e-01
3.54352800e-06,3.71290143e-01
3.54362800e-06,3.71293599e-01
3.54372800e-06,3.71297974e-01
3.54382800e-06,3.71301465e-01
3.54392800e-06,3.71305875e-01
3.54402800e-06,3.71309399e-01
3.54412800e-06,3.71313844e-01
3.54422800e-06,3.71317403e-01
3.54432800e-06,3.71321882e-01
3.54442800e-06,3.71325476e-01
3.54452800e-06,3.71329990e-01
3.54462800e-06,3.71333619e-01
3.54472800e-06,3.71338168e-01
3.54482800e-06,3.71341832e-01
3.54492800e-06,3.71346415e-01
3.54502800e-06,3.71350114e-01
3.54512800e-06,3.71354732e-01
3.54522800e-06,3.71358467e-01
3.54532800e-06,3.71363120e-01
3.54542800e-06,3.71366890e-01
3.54552800e-06,3.71371578e-01
3.54562800e-06,3.71375383e-01
3.54572800e-06,3.71380107e-01
3.54582800e-06,3.71383947e-01
3.54592800e-06,3.71388706e-01
3.54602800e-06,3.71392582e-01
3.54612800e-06,3.71397377e-01
3.54622800e-06,3.71401288e-01
3.54632800e-06,3.71406118e-01
3.54642800e-06,3.71410066e-01
3.54652800e-06,3.71414932e-01
3.54662800e-06,3.71418915e-01
3.54672800e-06,3.71423816e-01
3.54682800e-06,3.71427835e-01
3.54692800e-06,3.71432773e-01
3.54702800e-06,3.71436828e-01
3.54712800e-06,3.71441801e-01
3.54722800e-06,3.71445892e-01
3.54732800e-06,3.71450902e-01
3.54742800e-06,3.71455029e-01
3.54752800e-06,3.71460075e-01
3.54762800e-06,3.71464239e-01
3.54772800e-06,3.71469321e-01
3.54782800e-06,3.71473521e-01
3.54792800e-06,3.71478639e-01
3.54802800e-06,3.71482876e-01
3.54812800e-06,3.71488030e-01
3.54822800e-06,3.71492304e-01
3.54832800e-06,3.71497495e-01
3.54842800e-06,3.71501805e-01
3.54852800e-06,3.71507033e-01
3.54862800e-06,3.71511380e-01
3.54872800e-06,3.71516645e-01
3.54882800e-06,3.71521029e-01
3.54892800e-06,3.71526330e-01
3.54902800e-06,3.71530751e-01
3.54912800e-06,3.71536090e-01
3.54922800e-06,3.71540548e-01
3.54932800e-06,3.71545924e-01
3.54942800e-06,3.71550419e-01
3.54952800e-06,3.71555832e-01
3.54962800e-06,3.71560364e-01
3.54972800e-06,3.71565814e-01
3.54982800e-06,3.71570384e-01
3.54992800e-06,3.71575872e-01
3.55002800e-06,3.71580480e-01
3.55012800e-06,3.71586005e-01
3.55022800e-06,3.71590650e-01
3.55032800e-06,3.71596213e-01
3.55042800e-06,3.71600896e-01
3.55052800e-06,3.71606496e-01
3.55062800e-06,3.71611217e-01
3.55072800e-06,3.71616855e-01
3.55082800e-06,3.71621614e-01
3.55092800e-06,3.71627290e-01
3.55102800e-06,3.71632087e-01
3.55112800e-06,3.71637801e-01
3.55122800e-06,3.71642636e-01
3.55132800e-06,3.71648388e-01
3.55142800e-06,3.71653262e-01
3.55152800e-06,3.71659052e-01
3.55162800e-06,3.71663964e-01
3.55172800e-06,3.71669793e-01
3.55182800e-06,3.71674743e-01
3.55192800e-06,3.71680610e-01
3.55202800e-06,3.71685599e-01
3.55212800e-06,3.71691505e-01
3.55222800e-06,3.71696532e-01
3.55232800e-06,3.71702477e-01
3.55242800e-06,3.71707543e-01
3.55252800e-06,3.71713526e-01
3.55262800e-06,3.71718632e-01
3.55272800e-06,3.71724654e-01
3.55282800e-06,3.71729798e-01
3.55292800e-06,3.71735859e-01
3.55302800e-06,3.71741042e-01
3.55312800e-06,3.71747143e-01
3.55322800e-06,3.71752365e-01
3.55332800e-06,3.71758505e-01
3.55342800e-06,3.71763767e-01
3.55352800e-06,3.71769945e-01
3.55362800e-06,3.71775247e-01
3.55372800e-06,3.71781465e-01
3.55382800e-06,3.71786806e-01
3.55392800e-06,3.71793063e-01
3.55402800e-06,3.71798444e-01
3.55412800e-06,3.71804741e-01
3.55422800e-06,3.71810161e-01
3.55432800e-06,3.71816498e-01
3.55442800e-06,3.71821959e-01
3.55452800e-06,3.71828336e-01
3.55462800e-06,3.71833836e-01
3.55472800e-06,3.71840253e-01
3.55482800e-06,3.71845793e-01
3.55492800e-06,3.71852250e-01
3.55502800e-06,3.71857830e-01
3.55512800e-06,3.71864327e-01
3.55522800e-06,3.71869948e-01
3.55532800e-06,3.71876485e-01
3.55542800e-06,3.71882147e-01
3.55552800e-06,3.71888724e-01
3.55562800e-06,3.71894426e-01
3.55572800e-06,3.71901045e-01
3.55582800e-06,3.71906787e-01
3.55592800e-06,3.71913446e-01
3.55602800e-06,3.71919229e-01
3.55612800e-06,3.71925929e-01
3.55622800e-06,3.71931753e-01
3.55632800e-06,3.71938493e-01
3.55642800e-06,3.71944358e-01
3.55652800e-06,3.71951140e-01
3.55662800e-06,3.71957046e-01
3.55672800e-06,3.71963869e-01
3.55682800e-06,3.71969816e-01
3.55692800e-06,3.71976680e-01
3.55702800e-06,3.71982668e-01
3.55712800e-06,3.71989573e-01
3.55722800e-06,3.71995603e-01
3.55732800e-06,3.72002550e-01
3.55742800e-06,3.72008621e-01
3.55752800e-06,3.72015609e-01
3.55762800e-06,3.72021723e-01
3.55772800e-06,3.72028752e-01
3.55782800e-06,3.72034907e-01
3.55792800e-06,3.72041979e-01
3.55802800e-06,3.72048176e-01
3.55812800e-06,3.72055289e-01
3.55822800e-06,3.72061528e-01
3.55832800e-06,3.72068683e-01
3.55842800e-06,3.72074964e-01
3.55852800e-06,3.72082161e-01
3.55862800e-06,3.72088485e-01
3.55872800e-06,3.72095724e-01
3.55882800e-06,3.72102090e-01
3.55892800e-06,3.72109372e-01
3.55902800e-06,3.72115779e-01
3.55912800e-06,3.72123104e-01
3.55922800e-06,3.72129554e-01
3.55932800e-06,3.72136921e-01
3.55942800e-06,3.72143415e-01
3.55952800e-06,3.72150824e-01
3.55962800e-06,3.72157360e-01
3.55972800e-06,3.72164813e-01
3.55982800e-06,3.72171391e-01
3.55992800e-06,3.72178887e-01
3.56002800e-06,3.72185509e-01
3.56012800e-06,3.72193047e-01
3.56022800e-06,3.72199712e-01
3.56032800e-06,3.72207294e-01
3.56042800e-06,3.72214002e-01
3.56052800e-06,3.72221627e-01
3.56062800e-06,3.72228378e-01
3.56072800e-06,3.72236047e-01
3.56082800e-06,3.72242842e-01
3.56092800e-06,3.72250553e-01
3.56102800e-06,3.72257392e-01
3.56112800e-06,3.72265147e-01
3.56122800e-06,3.72272030e-01
3.56132800e-06,3.72279829e-01
3.56142800e-06,3.72286755e-01
3.56152800e-06,3.72294598e-01
3.56162800e-06,3.72301568e-01
3.56172800e-06,3.72309455e-01
3.56182800e-06,3.72316469e-01
3.56192800e-06,3.72324400e-01
3.56202800e-06,3.72331459e-01
3.56212800e-06,3.72339434e-01
3.56222800e-06,3.72346537e-01
3.56232800e-06,3.72354556e-01
3.56242800e-06,3.72361703e-01
3.56252800e-06,3.72369768e-01
3.56262800e-06,3.72376959e-01
3.56272800e-06,3.72385068e-01
3.56282800e-06,3.72392304e-01
3.56292800e-06,3.72400458e-01
3.56302800e-06,3.72407739e-01
3.56312800e-06,3.72415937e-01
3.56322800e-06,3.72423263e-01
3.56332800e-06,3.72431506e-01
3.56342800e-06,3.72438877e-01
3.56352800e-06,3.72447165e-01
3.56362800e-06,3.72454581e-01
3.56372800e-06,3.72462915e-01
3.56382800e-06,3.72470376e-01
3.56392800e-06,3.72478755e-01
3.56402800e-06,3.72486262e-01
3.56412800e-06,3.72494686e-01
3.56422800e-06,3.72502238e-01
3.56432800e-06,3.72510707e-01
3.56442800e-06,3.72518305e-01
3.56452800e-06,3.72526821e-01
3.56462800e-06,3.72534464e-01
3.56472800e-06,3.72543025e-01
3.56482800e-06,3.72550715e-01
3.56492800e-06,3.72559322e-01
3.56502800e-06,3.72567057e-01
3.56512800e-06,3.72575710e-01
3.56522800e-06,3.72583492e-01
3.56532800e-06,3.72592191e-01
3.56542800e-06,3.72600019e-01
3.56552800e-06,3.72608764e-01
3.56562800e-06,3.72616639e-01
3.56572800e-06,3.72625430e-01
3.56582800e-06,3.72633351e-01
3.56592800e-06,3.72642189e-01
3.56602800e-06,3.72650157e-01
3.56612800e-06,3.72659042e-01
3.56622800e-06,3.72667056e-01
3.56632800e-06,3.72675987e-01
3.56642800e-06,3.72684048e-01
3.56652800e-06,3.72693027e-01
3.56662800e-06,3.72701135e-01
3.56672800e-06,3.72710160e-01
3.56682800e-06,3.72718315e-01
3.56692800e-06,3.72727388e-01
3.56702800e-06,3.72735590e-01
3.56712800e-06,3.72744710e-01
3.56722800e-06,3.72752960e-01
3.56732800e-06,3.72762127e-01
3.56742800e-06,3.72770424e-01
3.56752800e-06,3.72779639e-01
3.56762800e-06,3.72787984e-01
3.56772800e-06,3.72797246e-01
3.56782800e-06,3.72805639e-01
3.56792800e-06,3.72814949e-01
3.56802800e-06,3.72823389e-01
3.56812800e-06,3.72832747e-01
3.56822800e-06,3.72841235e-01
3.56832800e-06,3.72850641e-01
3.56842800e-06,3.72859178e-01
3.56852800e-06,3.72868632e-01
3.56862800e-06,3.72877216e-01
3.56872800e-06,3.72886719e-01
3.56882800e-06,3.72895352e-01
3.56892800e-06,3.72904903e-01
3.56902800e-06,3.72913584e-01
3.56912800e-06,3.72923184e-01
3.56922800e-06,3.72931913e-01
3.56932800e-06,3.72941562e-01
3.56942800e-06,3.72950340e-01
3.56952800e-06,3.72960037e-01
3.56962800e-06,3.72968864e-01
3.56972800e-06,3.72978610e-01
3.56982800e-06,3.72987487e-01
3.56992800e-06,3.72997281e-01
3.57002800e-06,3.73006207e-01
3.57012800e-06,3.73016051e-01
3.57022800e-06,3.73025026e-01
3.57032800e-06,3.73034919e-01
3.57042800e-06,3.73043943e-01
3.57052800e-06,3.73053886e-01
3.57062800e-06,3.73062959e-01
3.57072800e-06,3.73072952e-01
3.57082800e-06,3.73082075e-01
3.57092800e-06,3.73092117e-01
3.57102800e-06,3.73101289e-01
3.57112800e-06,3.73111381e-01
3.57122800e-06,3.73120604e-01
3.57132800e-06,3.73130746e-01
3.57142800e-06,3.73140018e-01
3.57152800e-06,3.73150210e-01
3.57162800e-06,3.73159533e-01
3.57172800e-06,3.73169775e-01
3.57182800e-06,3.73179148e-01
3.57192800e-06,3.73189440e-01
3.57202800e-06,3.73198863e-01
3.57212800e-06,3.73209206e-01
3.57222800e-06,3.73218680e-01
3.57232800e-06,3.73229073e-01
3.57242800e-06,3.73238598e-01
3.57252800e-06,3.73249042e-01
3.57262800e-06,3.73258617e-01
3.57272800e-06,3.73269112e-01
3.57282800e-06,3.73278738e-01
3.57292800e-06,3.73289284e-01
3.57302800e-06,3.73298962e-01
3.57312800e-06,3.73309559e-01
3.57322800e-06,3.73319288e-01
3.57332800e-06,3.73329937e-01
3.57342800e-06,3.73339718e-01
3.57352800e-06,3.73350418e-01
3.57362800e-06,3.73360251e-01
3.57372800e-06,3.73371002e-01
3.57382800e-06,3.73380887e-01
3.57392800e-06,3.73391690e-01
3.57402800e-06,3.73401627e-01
3.57412800e-06,3.73412481e-01
3.57422800e-06,3.73422471e-01
3.57432800e-06,3.73433377e-01
3.57442800e-06,3.73443419e-01
3.57452800e-06,3.73454378e-01
3.57462800e-06,3.73464472e-01
3.57472800e-06,3.73475483e-01
3.57482800e-06,3.73485630e-01
3.57492800e-06,3.73496693e-01
3.57502800e-06,3.73506893e-01
3.57512800e-06,3.73518008e-01
3.57522800e-06,3.73528261e-01
3.57532800e-06,3.73539429e-01
3.57542800e-06,3.73549735e-01
3.57552800e-06,3.73560956e-01
3.57562800e-06,3.73571315e-01
3.57572800e-06,3.73582589e-01
3.57582800e-06,3.73593001e-01
3.57592800e-06,3.73604328e-01
3.57602800e-06,3.73614794e-01
3.57612800e-06,3.73626173e-01
3.57622800e-06,3.73636693e-01
3.57632800e-06,3.73648126e-01
3.57642800e-06,3.73658699e-01
3.57652800e-06,3.73670185e-01
3.57662800e-06,3.73680812e-01
3.57672800e-06,3.73692352e-01
3.57682800e-06,3.73703033e-01
3.57692800e-06,3.73714626e-01
3.57702800e-06,3.73725362e-01
3.57712800e-06,3.73737009e-01
3.57722800e-06,3.73747798e-01
3.57732800e-06,3.73759499e-01
3.57742800e-06,3.73770343e-01
3.57752800e-06,3.73782098e-01
3.57762800e-06,3.73792997e-01
3.57772800e-06,3.73804806e-01
3.57782800e-06,3.73815759e-01
3.57792800e-06,3.73827622e-01
3.57802800e-06,3.73838630e-01
3.57812800e-06,3.73850548e-01
3.57822800e-06,3.73861611e-01
3.57832800e-06,3.73873584e-01
3.57842800e-06,3.73884701e-01
3.57852800e-06,3.73896729e-01
3.57862800e-06,3.73907902e-01
3.57872800e-06,3.73919984e-01
3.57882800e-06,3.73931212e-01
3.57892800e-06,3.73943349e-01
3.57902800e-06,3.73954633e-01
3.57912800e-06,3.73966825e-01
3.57922800e-06,3.73978165e-01
3.57932800e-06,3.73990412e-01
3.57942800e-06,3.74001807e-01
3.57952800e-06,3.74014110e-01
3.57962800e-06,3.74025561e-01
3.57972800e-06,3.74037919e-01
3.57982800e-06,3.74049427e-01
3.57992800e-06,3.74061840e-01
3.58002800e-06,3.74073404e-01
3.58012800e-06,3.74085873e-01
3.58022800e-06,3.74097493e-01
3.58032800e-06,3.74110019e-01
3.58042800e-06,3.74121694e-01
3.58052800e-06,3.74134276e-01
3.58062800e-06,3.74146009e-01
3.58072800e-06,3.74158646e-01
3.58082800e-06,3.74170436e-01
3.58092800e-06,3.74183130e-01
3.58102800e-06,3.74194976e-01
3.58112800e-06,3.74207726e-01
3.58122800e-06,3.74219629e-01
3.58132800e-06,3.74232436e-01
3.58142800e-06,3.74244397e-01
3.58152800e-06,3.74257260e-01
3.58162800e-06,3.74269278e-01
3.58172800e-06,3.74282198e-01
3.58182800e-06,3.74294273e-01
3.58192800e-06,3.74307251e-01
3.58202800e-06,3.74319383e-01
3.58212800e-06,3.74332418e-01
3.58222800e-06,3.74344607e-01
3.58232800e-06,3.74357700e-01
3.58242800e-06,3.74369947e-01
3.58252800e-06,3.74383097e-01
3.58262800e-06,3.74395402e-01
3.58272800e-06,3.74408609e-01
3.58282800e-06,3.74420973e-01
3.58292800e-06,3.74434237e-01
3.58302800e-06,3.74446659e-01
3.58312800e-06,3.74459982e-01
3.58322800e-06,3.74472462e-01
3.58332800e-06,3.74485842e-01
3.58342800e-06,3.74498381e-01
3.58352800e-06,3.74511819e-01
3.58362800e-06,3.74524416e-01
3.58372800e-06,3.74537913e-01
3.58382800e-06,3.74550569e-01
3.58392800e-06,3.74564124e-01
3.58402800e-06,3.74576838e-01
3.58412800e-06,3.74590452e-01
3.58422800e-06,3.74603226e-01
3.58432800e-06,3.74616898e-01
3.58442800e-06,3.74629731e-01
3.58452800e-06,3.74643462e-01
3.58462800e-06,3.74656354e-01
3.58472800e-06,3.74670144e-01
3.58482800e-06,3.74683095e-01
3.58492800e-06,3.74696944e-01
3.58502800e-06,3.74709955e-01
3.58512800e-06,3.74723863e-01
3.58522800e-06,3.74736934e-01
3.58532800e-06,3.74750901e-01
3.58542800e-06,3.74764031e-01
3.58552800e-06,3.74778058e-01
3.58562800e-06,3.74791249e-01
3.58572800e-06,3.74805335e-01
3.58582800e-06,3.74818586e-01
3.58592800e-06,3.74832732e-01
3.58602800e-06,3.74846043e-01
3.58612800e-06,3.74860249e-01
3.58622800e-06,3.74873620e-01
3.58632800e-06,3.74887886e-01
3.58642800e-06,3.74901317e-01
3.58652800e-06,3.74915644e-01
3.58662800e-06,3.74929136e-01
3.58672800e-06,3.74943522e-01
3.58682800e-06,3.74957075e-01
3.58692800e-06,3.74971522e-01
3.58702800e-06,3.74985136e-01
3.58712800e-06,3.74999643e-01
3.58722800e-06,3.75013318e-01
3.58732800e-06,3.75027886e-01
3.58742800e-06,3.75041622e-01
3.58752800e-06,3.75056251e-01
3.58762800e-06,3.75070049e-01
3.58772800e-06,3.75084739e-01
3.58782800e-06,3.75098598e-01
3.58792800e-06,3.75113349e-01
3.58802800e-06,3.75127269e-01
3.58812800e-06,3.75142081e-01
3.58822800e-06,3.75156063e-01
3.58832800e-06,3.75170937e-01
3.58842800e-06,3.75184981e-01
3.58852800e-06,3.75199916e-01
3.58862800e-06,3.75214022e-01
3.58872800e-06,3.75229019e-01
3.58882800e-06,3.75243187e-01
3.58892800e-06,3.75258246e-01
3.58902800e-06,3.75272476e-01
3.58912800e-06,3.75287596e-01
3.58922800e-06,3.75301889e-01
3.58932800e-06,3.75317072e-01
3.58942800e-06,3.75331427e-01
3.58952800e-06,3.75346672e-01
3.58962800e-06,3.75361090e-01
3.58972800e-06,3.75376397e-01
3.58982800e-06,3.75390878e-01
3.58992800e-06,3.75406247e-01
3.59002800e-06,3.75420791e-01
3.59012800e-06,3.75436223e-01
3.59022800e-06,3.75450830e-01
3.59032800e-06,3.75466325e-01
3.59042800e-06,3.75480995e-01
3.59052800e-06,3.75496553e-01
3.59062800e-06,3.75511286e-01
3.59072800e-06,3.75526907e-01
3.59082800e-06,3.75541704e-01
3.59092800e-06,3.75557388e-01
3.59102800e-06,3.75572249e-01
3.59112800e-06,3.75587996e-01
3.59122800e-06,3.75602920e-01
3.59132800e-06,3.75618731e-01
3.59142800e-06,3.75633719e-01
3.59152800e-06,3.75649593e-01
3.59162800e-06,3.75664646e-01
3.59172800e-06,3.75680583e-01
3.59182800e-06,3.75695700e-01
3.59192800e-06,3.75711702e-01
3.59202800e-06,3.75726883e-01
3.59212800e-06,3.75742948e-01
3.59222800e-06,3.75758194e-01
3.59232800e-06,3.75774323e-01
3.59242800e-06,3.75789634e-01
3.59252800e-06,3.75805827e-01
3.59262800e-06,3.75821202e-01
3.59272800e-06,3.75837460e-01
3.59282800e-06,3.75852900e-01
3.59292800e-06,3.75869223e-01
3.59302800e-06,3.75884728e-01
3.59312800e-06,3.75901115e-01
3.59322800e-06,3.75916685e-01
3.59332800e-06,3.75933137e-01
3.59342800e-06,3.75948772e-01
3.59352800e-06,3.75965289e-01
3.59362800e-06,3.75980990e-01
3.59372800e-06,3.75997572e-01
3.59382800e-06,3.76013338e-01
3.59392800e-06,3.76029985e-01
3.59402800e-06,3.76045817e-01
3.59412800e-06,3.76062529e-01
3.59422800e-06,3.76078427e-01
3.59432800e-06,3.76095205e-01
3.59442800e-06,3.76111169e-01
3.59452800e-06,3.76128012e-01
3.59462800e-06,3.76144042e-01
3.59472800e-06,3.76160951e-01
3.59482800e-06,3.76177047e-01
3.59492800e-06,3.76194022e-01
3.59502800e-06,3.76210185e-01
3.59512800e-06,3.76227226e-01
3.59522800e-06,3.76243455e-01
3.59532800e-06,3.76260562e-01
3.59542800e-06,3.76276857e-01
3.59552800e-06,3.76294031e-01
3.59562800e-06,3.76310393e-01
3.59572800e-06,3.76327633e-01
3.59582800e-06,3.76344062e-01
3.59592800e-06,3.76361368e-01
3.59602800e-06,3.76377865e-01
3.59612800e-06,3.76395238e-01
3.59622800e-06,3.76411801e-01
3.59632800e-06,3.76429241e-01
3.59642800e-06,3.76445872e-01
3.59652800e-06,3.76463378e-01
3.59662800e-06,3.76480076e-01
3.59672800e-06,3.76497650e-01
3.59682800e-06,3.76514416e-01
3.59692800e-06,3.76532057e-01
3.59702800e-06,3.76548890e-01
3.59712800e-06,3.76566599e-01
3.59722800e-06,3.76583500e-01
3.59732800e-06,3.76601276e-01
3.59742800e-06,3.76618245e-01
3.59752800e-06,3.76636089e-01
3.59762800e-06,3.76653126e-01
3.59772800e-06,3.76671037e-01
3.59782800e-06,3.76688143e-01
3.59792800e-06,3.76706122e-01
3.59802800e-06,3.76723296e-01
3.59812800e-06,3.76741343e-01
3.59822800e-06,3.76758585e-01
3.59832800e-06,3.76776700e-01
3.59842800e-06,3.76794011e-01
3.59852800e-06,3.76812195e-01
3.59862800e-06,3.76829575e-01
3.59872800e-06,3.76847826e-01
3.59882800e-06,3.76865275e-01
3.59892800e-06,3.76883595e-01
3.59902800e-06,3.76901113e-01
3.59912800e-06,3.76919502e-01
3.59922800e-06,3.76937089e-01
3.59932800e-06,3.76955547e-01
3.59942800e-06,3.76973203e-01
3.59952800e-06,3.76991730e-01
3.59962800e-06,3.77009455e-01
3.59972800e-06,3.77028051e-01
3.59982800e-06,3.77045846e-01
3.59992800e-06,3.77064511e-01
3.60002800e-06,3.77082376e-01
3.60012800e-06,3.77101110e-01
3.60022800e-06,3.77119045e-01
3.60032800e-06,3.77137849e-01
3.60042800e-06,3.77155853e-01
3.60052800e-06,3.77174727e-01
3.60062800e-06,3.77192801e-01
3.60072800e-06,3.77211744e-01
3.60082800e-06,3.77229889e-01
3.60092800e-06,3.77248902e-01
3.60102800e-06,3.77267117e-01
3.60112800e-06,3.77286200e-01
3.60122800e-06,3.77304486e-01
3.60132800e-06,3.77323639e-01
3.60142800e-06,3.77341995e-01
3.60152800e-06,3.77361218e-01
3.60162800e-06,3.77379645e-01
3.60172800e-06,3.77398938e-01
3.60182800e-06,3.77417436e-01
3.60192800e-06,3.77436800e-01
3.60202800e-06,3.77455369e-01
3.60212800e-06,3.77474804e-01
3.60222800e-06,3.77493444e-01
3.60232800e-06,3.77512949e-01
3.60242800e-06,3.77531660e-01
3.60252800e-06,3.77551236e-01
3.60262800e-06,3.77570019e-01
3.60272800e-06,3.77589666e-01
3.60282800e-06,3.77608520e-01
3.60292800e-06,3.77628238e-01
3.60302800e-06,3.77647164e-01
3.60312800e-06,3.77666953e-01
3.60322800e-06,3.77685951e-01
3.60332800e-06,3.77705812e-01
3.60342800e-06,3.77724881e-01
3.60352800e-06,3.77744813e-01
3.60362800e-06,3.77763955e-01
3.60372800e-06,3.77783959e-01
3.60382800e-06,3.77803172e-01
3.60392800e-06,3.77823248e-01
3.60402800e-06,3.77842533e-01
3.60412800e-06,3.77862681e-01
3.60422800e-06,3.77882039e-01
3.60432800e-06,3.77902259e-01
3.60442800e-06,3.77921689e-01
3.60452800e-06,3.77941981e-01
3.60462800e-06,3.77961484e-01
3.60472800e-06,3.77981848e-01
3.60482800e-06,3.78001424e-01
3.60492800e-06,3.78021860e-01
3.60502800e-06,3.78041509e-01
3.60512800e-06,3.78062018e-01
3.60522800e-06,3.78081740e-01
3.60532800e-06,3.78102321e-01
3.60542800e-06,3.78122116e-01
3.60552800e-06,3.78142770e-01
3.60562800e-06,3.78162638e-01
3.60572800e-06,3.78183365e-01
3.60582800e-06,3.78203307e-01
3.60592800e-06,3.78224107e-01
3.60602800e-06,3.78244122e-01
3.60612800e-06,3.78264995e-01
3.60622800e-06,3.78285084e-01
3.60632800e-06,3.78306030e-01
3.60642800e-06,3.78326193e-01
3.60652800e-06,3.78347212e-01
3.60662800e-06,3.78367448e-01
3.60672800e-06,3.78388542e-01
3.60682800e-06,3.78408852e-01
3.60692800e-06,3.78430019e-01
3.60702800e-06,3.78450403e-01
3.60712800e-06,3.78471643e-01
3.60722800e-06,3.78492102e-01
3.60732800e-06,3.78513416e-01
3.60742800e-06,3.78533949e-01
3.60752800e-06,3.78555337e-01
3.60762800e-06,3.78575945e-01
3.60772800e-06,3.78597407e-01
3.60782800e-06,3.78618089e-01
3.60792800e-06,3.78639626e-01
3.60802800e-06,3.78660382e-01
3.60812800e-06,3.78681993e-01
3.60822800e-06,3.78702825e-01
3.60832800e-06,3.78724510e-01
3.60842800e-06,3.78745416e-01
3.60852800e-06,3.78767176e-01
3.60862800e-06,3.78788048e-01
3.60872800e-06,3.78809773e-01
3.60882800e-06,3.78830721e-01
3.60892800e-06,3.78852521e-01
3.60902800e-06,3.78873543e-01
3.60912800e-06,3.78895418e-01
3.60922800e-06,3.78916516e-01
3.60932800e-06,3.78938466e-01
3.60942800e-06,3.78959640e-01
3.60952800e-06,3.78981665e-01
3.60962800e-06,3.79002914e-01
3.60972800e-06,3.79025015e-01
3.60982800e-06,3.79046340e-01
3.60992800e-06,3.79068515e-01
3.61002800e-06,3.79089916e-01
3.61012800e-06,3.79112167e-01
3.61022800e-06,3.79133644e-01
3.61032800e-06,3.79155971e-01
3.61042800e-06,3.79177524e-01
3.61052800e-06,3.79199926e-01
3.61062800e-06,3.79221555e-01
3.61072800e-06,3.79244033e-01
3.61082800e-06,3.79265739e-01
3.61092800e-06,3.79288293e-01
3.61102800e-06,3.79310075e-01
3.61112800e-06,3.79332705e-01
3.61122800e-06,3.79354563e-01
3.61132800e-06,3.79377269e-01
3.61142800e-06,3.79399204e-01
3.61152800e-06,3.79421987e-01
3.61162800e-06,3.79443998e-01
3.61172800e-06,3.79466857e-01
3.61182800e-06,3.79488946e-01
3.61192800e-06,3.79511881e-01
3.61202800e-06,3.79534047e-01
3.61212800e-06,3.79557059e-01
3.61222800e-06,3.79579301e-01
3.61232800e-06,3.79602390e-01
3.61242800e-06,3.79624710e-01
3.61252800e-06,3.79647875e-01
3.61262800e-06,3.79670272e-01
3.61272800e-06,3.79693515e-01
3.61282800e-06,3.79715989e-01
3.61292800e-06,3.79739309e-01
3.61302800e-06,3.79761861e-01
3.61312800e-06,3.79785257e-01
3.61322800e-06,3.79807887e-01
3.61332800e-06,3.79831361e-01
3.61342800e-06,3.79854068e-01
3.61352800e-06,3.79877619e-01
3.61362800e-06,3.79900405e-01
3.61372800e-06,3.79924033e-01
3.61382800e-06,3.79946896e-01
3.61392800e-06,3.79970603e-01
3.61402800e-06,3.79993544e-01
3.61412800e-06,3.80017328e-01
3.61422800e-06,3.80040347e-01
3.61432800e-06,3.80064209e-01
3.61442800e-06,3.80087306e-01
3.61452800e-06,3.80111246e-01
3.61462800e-06,3.80134422e-01
3.61472800e-06,3.80158440e-01
3.61482800e-06,3.80181694e-01
3.61492800e-06,3.80205790e-01
3.61502800e-06,3.80229123e-01
3.61512800e-06,3.80253297e-01
3.61522800e-06,3.80276708e-01
3.61532800e-06,3.80300961e-01
3.61542800e-06,3.80324451e-01
3.61552800e-06,3.80348782e-01
3.61562800e-06,3.80372351e-01
3.61572800e-06,3.80396760e-01
3.61582800e-06,3.80420408e-01
3.61592800e-06,3.80444896e-01
3.61602800e-06,3.80468624e-01
3.61612800e-06,3.80493190e-01
3.61622800e-06,3.80516997e-01
3.61632800e-06,3.80541642e-01
3.61642800e-06,3.80565528e-01
3.61652800e-06,3.80590252e-01
3.61662800e-06,3.80614217e-01
3.61672800e-06,3.80639020e-01
3.61682800e-06,3.80663065e-01
3.61692800e-06,3.80687947e-01
3.61702800e-06,3.80712071e-01
3.61712800e-06,3.80737033e-01
3.61722800e-06,3.80761237e-01
3.61732800e-06,3.80786278e-01
3.61742800e-06,3.80810561e-01
3.61752800e-06,3.80835682e-01
3.61762800e-06,3.80860045e-01
3.61772800e-06,3.80885245e-01
3.61782800e-06,3.80909688e-01
3.61792800e-06,3.80934968e-01
3.61802800e-06,3.80959491e-01
3.61812800e-06,3.80984850e-01
3.61822800e-06,3.81009454e-01
3.61832800e-06,3.81034893e-01
3.61842800e-06,3.81059577e-01
3.61852800e-06,3.81085095e-01
3.61862800e-06,3.81109860e-01
3.61872800e-06,3.81135458e-01
3.61882800e-06,3.81160303e-01
3.61892800e-06,3.81185982e-01
3.61902800e-06,3.81210907e-01
3.61912800e-06,3.81236666e-01
3.61922800e-06,3.81261672e-01
3.61932800e-06,3.81287511e-01
3.61942800e-06,3.81312598e-01
3.61952800e-06,3.81338517e-01
3.61962800e-06,3.81363684e-01
3.61972800e-06,3.81389684e-01
3.61982800e-06,3.81414932e-01
3.61992800e-06,3.81441012e-01
3.62002800e-06,3.81466342e-01
3.62012800e-06,3.81492503e-01
3.62022800e-06,3.81517913e-01
3.62032800e-06,3.81544154e-01
3.62042800e-06,3.81569646e-01
3.62052800e-06,3.81595968e-01
3.62062800e-06,3.81621541e-01
3.62072800e-06,3.81647944e-01
3.62082800e-06,3.81673598e-01
3.62092800e-06,3.81700082e-01
3.62102800e-06,3.81725818e-01
3.62112800e-06,3.81752383e-01
3.62122800e-06,3.81778200e-01
3.62132800e-06,3.81804846e-01
3.62142800e-06,3.81830745e-01
3.62152800e-06,3.81857472e-01
3.62162800e-06,3.81883452e-01
3.62172800e-06,3.81910261e-01
3.62182800e-06,3.81936323e-01
3.62192800e-06,3.81963213e-01
3.62202800e-06,3.81989357e-01
3.62212800e-06,3.82016328e-01
3.62222800e-06,3.82042554e-01
3.62232800e-06,3.82069607e-01
3.62242800e-06,3.82095915e-01
3.62252800e-06,3.82123049e-01
3.62262800e-06,3.82149439e-01
3.62272800e-06,3.82176655e-01
3.62282800e-06,3.82203127e-01
3.62292800e-06,3.82230425e-01
3.62302800e-06,3.82256979e-01
3.62312800e-06,3.82284359e-01
3.62322800e-06,3.82310996e-01
3.62332800e-06,3.82338457e-01
3.62342800e-06,3.82365176e-01
3.62352800e-06,3.82392719e-01
3.62362800e-06,3.82419521e-01
3.62372800e-06,3.82447146e-01
3.62382800e-06,3.82474031e-01
3.62392800e-06,3.82501738e-01
3.62402800e-06,3.82528705e-01
3.62412800e-06,3.82556495e-01
3.62422800e-06,3.82583544e-01
3.62432800e-06,3.82611416e-01
3.62442800e-06,3.82638548e-01
3.62452800e-06,3.82666503e-01
3.62462800e-06,3.82693718e-01
3.62472800e-06,3.82721755e-01
3.62482800e-06,3.82749052e-01
3.62492800e-06,3.82777172e-01
3.62502800e-06,3.82804553e-01
3.62512800e-06,3.82832755e-01
3.62522800e-06,3.82860218e-01
3.62532800e-06,3.82888503e-01
3.62542800e-06,3.82916050e-01
3.62552800e-06,3.82944417e-01
3.62562800e-06,3.82972047e-01
3.62572800e-06,3.83000497e-01
3.62582800e-06,3.83028211e-01
3.62592800e-06,3.83056744e-01
3.62602800e-06,3.83084540e-01
3.62612800e-06,3.83113156e-01
3.62622800e-06,3.83141036e-01
3.62632800e-06,3.83169735e-01
3.62642800e-06,3.83197698e-01
3.62652800e-06,3.83226480e-01
3.62662800e-06,3.83254527e-01
3.62672800e-06,3.83283392e-01
3.62682800e-06,3.83311523e-01
3.62692800e-06,3.83340471e-01
3.62702800e-06,3.83368685e-01
3.62712800e-06,3.83397716e-01
3.62722800e-06,3.83426014e-01
3.62732800e-06,3.83455129e-01
3.62742800e-06,3.83483510e-01
3.62752800e-06,3.83512708e-01
3.62762800e-06,3.83541174e-01
3.62772800e-06,3.83570455e-01
3.62782800e-06,3.83599004e-01
3.62792800e-06,3.83628369e-01
3.62802800e-06,3.83657003e-01
3.62812800e-06,3.83686451e-01
3.62822800e-06,3.83715168e-01
3.62832800e-06,3.83744700e-01
3.62842800e-06,3.83773501e-01
3.62852800e-06,3.83803117e-01
3.62862800e-06,3.83832002e-01
3.62872800e-06,3.83861701e-01
3.62882800e-06,3.83890671e-01
3.62892800e-06,3.83920454e-01
3.62902800e-06,3.83949508e-01
3.62912800e-06,3.83979375e-01
3.62922800e-06,3.84008513e-01
3.62932800e-06,3.84038463e-01
3.62942800e-06,3.84067686e-01
3.62952800e-06,3.84097720e-01
3.62962800e-06,3.84127027e-01
3.62972800e-06,3.84157145e-01
3.62982800e-06,3.84186537e-01
3.62992800e-06,3.84216739e-01
3.63002800e-06,3.84246215e-01
3.63012800e-06,3.84276501e-01
3.63022800e-06,3.84306061e-01
3.63032800e-06,3.84336432e-01
3.63042800e-06,3.84366077e-01
3.63052800e-06,3.84396531e-01
3.63062800e-06,3.84426261e-01
3.63072800e-06,3.84456800e-01
3.63082800e-06,3.84486614e-01
3.63092800e-06,3.84517237e-01
3.63102800e-06,3.84547136e-01
3.63112800e-06,3.84577843e-01
3.63122800e-06,3.84607827e-01
3.63132800e-06,3.84638619e-01
3.63142800e-06,3.84668687e-01
3.63152800e-06,3.84699563e-01
3.63162800e-06,3.84729717e-01
3.63172800e-06,3.84760677e-01
3.63182800e-06,3.84790915e-01
3.63192800e-06,3.84821960e-01
3.63202800e-06,3.84852283e-01
3.63212800e-06,3.84883413e-01
3.63222800e-06,3.84913821e-01
3.63232800e-06,3.84945035e-01
3.63242800e-06,3.84975528e-01
3.63252800e-06,3.85006827e-01
3.63262800e-06,3.85037405e-01
3.63272800e-06,3.85068788e-01
3.63282800e-06,3.85099451e-01
3.63292800e-06,3.85130919e-01
3.63302800e-06,3.85161667e-01
3.63312800e-06,3.85193220e-01
3.63322800e-06,3.85224053e-01
3.63332800e-06,3.85255691e-01
3.63342800e-06,3.85286609e-01
3.63352800e-06,3.85318331e-01
3.63362800e-06,3.85349335e-01
3.63372800e-06,3.85381142e-01
3.63382800e-06,3.85412231e-01
3.63392800e-06,3.85444123e-01
3.63402800e-06,3.85475297e-01
3.63412800e-06,3.85507274e-01
3.63422800e-06,3.85538534e-01
3.63432800e-06,3.85570595e-01
3.63442800e-06,3.85601940e-01
3.63452800e-06,3.85634086e-01
3.63462800e-06,3.85665517e-01
3.63472800e-06,3.85697748e-01
3.63482800e-06,3.85729264e-01
3.63492800e-06,3.85761580e-01
3.63502800e-06,3.85793181e-01
3.63512800e-06,3.85825583e-01
3.63522800e-06,3.85857269e-01
3.63532800e-06,3.85889756e-01
3.63542800e-06,3.85921528e-01
3.63552800e-06,3.85954099e-01
3.63562800e-06,3.85985957e-01
3.63572800e-06,3.86018613e-01
3.63582800e-06,3.86050556e-01
3.63592800e-06,3.86083298e-01
3.63602800e-06,3.86115327e-01
3.63612800e-06,3.86148153e-01
3.63622800e-06,3.86180268e-01
3.63632800e-06,3.86213180e-01
3.63642800e-06,3.86245379e-01
3.63652800e-06,3.86278376e-01
3.63662800e-06,3.86310662e-01
3.63672800e-06,3.86343744e-01
3.63682800e-06,3.86376115e-01
3.63692800e-06,3.86409282e-01
3.63702800e-06,3.86441739e-01
3.63712800e-06,3.86474992e-01
3.63722800e-06,3.86507534e-01
3.63732800e-06,3.86540872e-01
3.63742800e-06,3.86573500e-01
3.63752800e-06,3.86606923e-01
3.63762800e-06,3.86639637e-01
3.63772800e-06,3.86673145e-01
3.63782800e-06,3.86705944e-01
3.63792800e-06,3.86739538e-01
3.63802800e-06,3.86772423e-01
3.63812800e-06,3.86806102e-01
3.63822800e-06,3.86839073e-01
3.63832800e-06,3.86872837e-01
3.63842800e-06,3.86905894e-01
3.63852800e-06,3.86939743e-01
3.63862800e-06,3.86972885e-01
3.63872800e-06,3.87006820e-01
3.63882800e-06,3.87040048e-01
3.63892800e-06,3.87074068e-01
3.63902800e-06,3.87107382e-01
3.63912800e-06,3.87141487e-01
3.63922800e-06,3.87174887e-01
3.63932800e-06,3.87209078e-01
3.63942800e-06,3.87242563e-01
3.63952800e-06,3.87276839e-01
3.63962800e-06,3.87310410e-01
3.63972800e-06,3.87344771e-01
3.63982800e-06,3.87378428e-01
3.63992800e-06,3.87412875e-01
3.64002800e-06,3.87446618e-01
3.64012800e-06,3.87481150e-01
3.64022800e-06,3.87514978e-01
3.64032800e-06,3.87549595e-01
3.64042800e-06,3.87583510e-01
3.64052800e-06,3.87618212e-01
3.64062800e-06,3.87652212e-01
3.64072800e-06,3.87687000e-01
3.64082800e-06,3.87721086e-01
3.64092800e-06,3.87755959e-01
3.64102800e-06,3.87790131e-01
3.64112800e-06,3.87825090e-01
3.64122800e-06,3.87859347e-01
3.64132800e-06,3.87894391e-01
3.64142800e-06,3.87928734e-01
3.64152800e-06,3.87963863e-01
3.64162800e-06,3.87998292e-01
3.64172800e-06,3.88033507e-01
3.64182800e-06,3.88068021e-01
3.64192800e-06,3.88103321e-01
3.64202800e-06,3.88137921e-01
3.64212800e-06,3.88173307e-01
3.64222800e-06,3.88207993e-01
3.64232800e-06,3.88243463e-01
3.64242800e-06,3.88278235e-01
3.64252800e-06,3.88313790e-01
3.64262800e-06,3.88348648e-01
3.64272800e-06,3.88384289e-01
3.64282800e-06,3.88419232e-01
3.64292800e-06,3.88454958e-01
3.64302800e-06,3.88489987e-01
3.64312800e-06,3.88525798e-01
3.64322800e-06,3.88560913e-01
3.64332800e-06,3.88596809e-01
3.64342800e-06,3.88632010e-01
3.64352800e-06,3.88667991e-01
3.64362800e-06,3.88703277e-01
3.64372800e-06,3.88739344e-01
3.64382800e-06,3.88774715e-01
3.64392800e-06,3.88810868e-01
3.64402800e-06,3.88846324e-01
3.64412800e-06,3.88882562e-01
3.64422800e-06,3.88918104e-01
3.64432800e-06,3.88954426e-01
3.64442800e-06,3.88990054e-01
3.64452800e-06,3.89026462e-01
3.64462800e-06,3.89062175e-01
3.64472800e-06,3.89098668e-01
3.64482800e-06,3.89134467e-01
3.64492800e-06,3.89171045e-01
3.64502800e-06,3.89206929e-01
3.64512800e-06,3.89243592e-01
3.64522800e-06,3.89279562e-01
3.64532800e-06,3.89316309e-01
3.64542800e-06,3.89352365e-01
3.64552800e-06,3.89389197e-01
3.64562800e-06,3.89425338e-01
3.64572800e-06,3.89462255e-01
3.64582800e-06,3.89498481e-01
3.64592800e-06,3.89535484e-01
3.64602800e-06,3.89571795e-01
3.64612800e-06,3.89608882e-01
3.64622800e-06,3.89645279e-01
3.64632800e-06,3.89682451e-01
3.64642800e-06,3.89718933e-01
3.64652800e-06,3.89756190e-01
3.64662800e-06,3.89792757e-01
3.64672800e-06,3.89830099e-01
3.64682800e-06,3.89866751e-01
3.64692800e-06,3.89904178e-01
3.64702800e-06,3.89940915e-01
3.64712800e-06,3.89978426e-01
3.64722800e-06,3.90015249e-01
3.64732800e-06,3.90052845e-01
3.64742800e-06,3.90089752e-01
3.64752800e-06,3.90127433e-01
3.64762800e-06,3.90164426e-01
3.64772800e-06,3.90202191e-01
3.64782800e-06,3.90239268e-01
3.64792800e-06,3.90277118e-01
3.64802800e-06,3.90314281e-01
3.64812800e-06,3.90352215e-01
3.64822800e-06,3.90389462e-01
3.64832800e-06,3.90427481e-01
3.64842800e-06,3.90464813e-01
3.64852800e-06,3.90502916e-01
3.64862800e-06,3.90540333e-01
3.64872800e-06,3.90578521e-01
3.64882800e-06,3.90616023e-01
3.64892800e-06,3.90654294e-01
3.64902800e-06,3.90691881e-01
3.64912800e-06,3.90730237e-01
3.64922800e-06,3.90767908e-01
3.64932800e-06,3.90806348e-01
3.64942800e-06,3.90844104e-01
3.64952800e-06,3.90882629e-01
3.64962800e-06,3.90920469e-01
3.64972800e-06,3.90959078e-01
3.64982800e-06,3.90997003e-01
3.64992800e-06,3.91035695e-01
3.65002800e-06,3.91073705e-01
3.65012800e-06,3.91112481e-01
3.65022800e-06,3.91150576e-01
3.65032800e-06,3.91189436e-01
3.65042800e-06,3.91227614e-01
3.65052800e-06,3.91266559e-01
3.65062800e-06,3.91304821e-01
3.65072800e-06,3.91343850e-01
3.65082800e-06,3.91382197e-01
3.65092800e-06,3.91421308e-01
3.65102800e-06,3.91459740e-01
3.65112800e-06,3.91498935e-01
3.65122800e-06,3.91537451e-01
3.65132800e-06,3.91576730e-01
3.65142800e-06,3.91615329e-01
3.65152800e-06,3.91654692e-01
3.65162800e-06,3.91693376e-01
3.65172800e-06,3.91732822e-01
3.65182800e-06,3.91771590e-01
3.65192800e-06,3.91811120e-01
3.65202800e-06,3.91849971e-01
3.65212800e-06,3.91889584e-01
3.65222800e-06,3.91928519e-01
3.65232800e-06,3.91968216e-01
3.65242800e-06,3.92007235e-01
3.65252800e-06,3.92047015e-01
3.65262800e-06,3.92086117e-01
3.65272800e-06,3.92125980e-01
3.65282800e-06,3.92165167e-01
3.65292800e-06,3.92205113e-01
3.65302800e-06,3.92244383e-01
3.65312800e-06,3.92284412e-01
3.65322800e-06,3.92323765e-01
3.65332800e-06,3.92363877e-01
3.65342800e-06,3.92403314e-01
3.65352800e-06,3.92443509e-01
3.65362800e-06,3.92483029e-01
3.65372800e-06,3.92523307e-01
3.65382800e-06,3.92562910e-01
3.65392800e-06,3.92603271e-01
3.65402800e-06,3.92642958e-01
3.65412800e-06,3.92683401e-01
3.65422800e-06,3.92723171e-01
3.65432800e-06,3.92763697e-01
3.65442800e-06,3.92803549e-01
3.65452800e-06,3.92844158e-01
3.65462800e-06,3.92884093e-01
3.65472800e-06,3.92924785e-01
3.65482800e-06,3.92964803e-01
3.65492800e-06,3.93005576e-01
3.65502800e-06,3.93045677e-01
3.65512800e-06,3.93086533e-01
3.65522800e-06,3.93126717e-01
3.65532800e-06,3.93167655e-01
3.65542800e-06,3.93207921e-01
3.65552800e-06,3.93248942e-01
3.65562800e-06,3.93289291e-01
3.65572800e-06,3.93330393e-01
3.65582800e-06,3.93370824e-01
3.65592800e-06,3.93412008e-01
3.65602800e-06,3.93452522e-01
3.65612800e-06,3.93493788e-01
3.65622800e-06,3.93534384e-01
3.65632800e-06,3.93575732e-01
3.65642800e-06,3.93616410e-01
3.65652800e-06,3.93657840e-01
3.65662800e-06,3.93698600e-01
3.65672800e-06,3.93740111e-01
3.65682800e-06,3.93780953e-01
3.65692800e-06,3.93822546e-01
3.65702800e-06,3.93863470e-01
3.65712800e-06,3.93905144e-01
3.65722800e-06,3.93946150e-01
3.65732800e-06,3.93987906e-01
3.65742800e-06,3.94028993e-01
3.65752800e-06,3.94070830e-01
3.65762800e-06,3.94111999e-01
3.65772800e-06,3.94153917e-01
3.65782800e-06,3.94195168e-01
3.65792800e-06,3.94237166e-01
3.65802800e-06,3.94278499e-01
3.65812800e-06,3.94320578e-01
3.65822800e-06,3.94361992e-01
3.65832800e-06,3.94404153e-01
3.65842800e-06,3.94445647e-01
3.65852800e-06,3.94487889e-01
3.65862800e-06,3.94529464e-01
3.65872800e-06,3.94571786e-01
3.65882800e-06,3.94613443e-01
3.65892800e-06,3.94655846e-01
3.65902800e-06,3.94697584e-01
3.65912800e-06,3.94740067e-01
3.65922800e-06,3.94781885e-01
3.65932800e-06,3.94824448e-01
3.65942800e-06,3.94866348e-01
3.65952800e-06,3.94908991e-01
3.65962800e-06,3.94950971e-01
3.65972800e-06,3.94993694e-01
3.65982800e-06,3.95035755e-01
3.65992800e-06,3.95078558e-01
3.66002800e-06,3.95120699e-01
3.66012800e-06,3.95163582e-01
3.66022800e-06,3.95205803e-01
3.66032800e-06,3.95248767e-01
3.66042800e-06,3.95291068e-01
3.66052800e-06,3.95334111e-01
3.66062800e-06,3.95376492e-01
3.66072800e-06,3.95419614e-01
3.66082800e-06,3.95462075e-01
3.66092800e-06,3.95505277e-01
3.66102800e-06,3.95547818e-01
3.66112800e-06,3.95591099e-01
3.66122800e-06,3.95633720e-01
3.66132800e-06,3.95677080e-01
3.66142800e-06,3.95719780e-01
3.66152800e-06,3.95763220e-01
3.66162800e-06,3.95806000e-01
3.66172800e-06,3.95849518e-01
3.66182800e-06,3.95892377e-01
3.66192800e-06,3.95935974e-01
3.66202800e-06,3.95978913e-01
3.66212800e-06,3.96022589e-01
3.66222800e-06,3.96065606e-01
3.66232800e-06,3.96109360e-01
3.66242800e-06,3.96152457e-01
3.66252800e-06,3.96196290e-01
3.66262800e-06,3.96239465e-01
3.66272800e-06,3.96283376e-01
3.66282800e-06,3.96326630e-01
3.66292800e-06,3.96370620e-01
3.66302800e-06,3.96413952e-01
3.66312800e-06,3.96458020e-01
3.66322800e-06,3.96501431e-01
3.66332800e-06,3.96545577e-01
3.66342800e-06,3.96589066e-01
3.66352800e-06,3.96633290e-01
3.66362800e-06,3.96676857e-01
3.66372800e-06,3.96721159e-01
3.66382800e-06,3.96764804e-01
3.66392800e-06,3.96809183e-01
3.66402800e-06,3.96852907e-01
3.66412800e-06,3.96897363e-01
3.66422800e-06,3.96941164e-01
3.66432800e-06,3.96985698e-01
3.66442800e-06,3.97029577e-01
3.66452800e-06,3.97074188e-01
3.66462800e-06,3.97118144e-01
3.66472800e-06,3.97162832e-01
3.66482800e-06,3.97206866e-01
3.66492800e-06,3.97251631e-01
3.66502800e-06,3.97295743e-01
3.66512800e-06,3.97340584e-01
3.66522800e-06,3.97384773e-01
3.66532800e-06,3.97429691e-01
3.66542800e-06,3.97473956e-01
3.66552800e-06,3.97518951e-01
3.66562800e-06,3.97563293e-01
3.66572800e-06,3.97608365e-01
3.66582800e-06,3.97652784e-01
3.66592800e-06,3.97697931e-01
3.66602800e-06,3.97742427e-01
3.66612800e-06,3.97787650e-01
3.66622800e-06,3.97832222e-01
3.66632800e-06,3.97877521e-01
3.66642800e-06,3.97922170e-01
3.66652800e-06,3.97967545e-01
3.66662800e-06,3.98012270e-01
3.66672800e-06,3.98057720e-01
3.66682800e-06,3.98102521e-01
3.66692800e-06,3.98148047e-01
3.66702800e-06,3.98192924e-01
3.66712800e-06,3.98238525e-01
3.66722800e-06,3.98283477e-01
3.66732800e-06,3.98329154e-01
3.66742800e-06,3.98374182e-01
3.66752800e-06,3.98419934e-01
3.66762800e-06,3.98465037e-01
3.66772800e-06,3.98510864e-01
3.66782800e-06,3.98556042e-01
3.66792800e-06,3.98601943e-01
3.66802800e-06,3.98647197e-01
3.66812800e-06,3.98693173e-01
3.66822800e-06,3.98738502e-01
3.66832800e-06,3.98784552e-01
3.66842800e-06,3.98829955e-01
3.66852800e-06,3.98876080e-01
3.66862800e-06,3.98921558e-01
3.66872800e-06,3.98967757e-01
3.66882800e-06,3.99013309e-01
3.66892800e-06,3.99059582e-01
3.66902800e-06,3.99105209e-01
3.66912800e-06,3.99151556e-01
3.66922800e-06,3.99197257e-01
3.66932800e-06,3.99243677e-01
3.66942800e-06,3.99289452e-01
3.66952800e-06,3.99335946e-01
3.66962800e-06,3.99381795e-01
3.66972800e-06,3.99428362e-01
3.66982800e-06,3.99474285e-01
3.66992800e-06,3.99520925e-01
3.67002800e-06,3.99566921e-01
3.67012800e-06,3.99613635e-01
3.67022800e-06,3.99659704e-01
3.67032800e-06,3.99706490e-01
3.67042800e-06,3.99752633e-01
3.67052800e-06,3.99799492e-01
3.67062800e-06,3.99845708e-01
3.67072800e-06,3.99892639e-01
3.67082800e-06,3.99938928e-01
3.67092800e-06,3.99985932e-01
3.67102800e-06,4.00032293e-01
3.67112800e-06,4.00079369e-01
3.67122800e-06,4.00125803e-01
3.67132800e-06,4.00172951e-01
3.67142800e-06,4.00219457e-01
3.67152800e-06,4.00266677e-01
3.67162800e-06,4.00313255e-01
3.67172800e-06,4.00360547e-01
3.67182800e-06,4.00407197e-01
3.67192800e-06,4.00454560e-01
3.67202800e-06,4.00501282e-01
3.67212800e-06,4.00548717e-01
3.67222800e-06,4.00595511e-01
3.67232800e-06,4.00643017e-01
3.67242800e-06,4.00689882e-01
3.67252800e-06,4.00737459e-01
3.67262800e-06,4.00784395e-01
3.67272800e-06,4.00832043e-01
3.67282800e-06,4.00879051e-01
3.67292800e-06,4.00926769e-01
3.67302800e-06,4.00973848e-01
3.67312800e-06,4.01021636e-01
3.67322800e-06,4.01068786e-01
3.67332800e-06,4.01116645e-01
3.67342800e-06,4.01163865e-01
3.67352800e-06,4.01211794e-01
3.67362800e-06,4.01259085e-01
3.67372800e-06,4.01307084e-01
3.67382800e-06,4.01354445e-01
3.67392800e-06,4.01402514e-01
3.67402800e-06,4.01449945e-01
3.67412800e-06,4.01498083e-01
3.67422800e-06,4.01545584e-01
3.67432800e-06,4.01593792e-01
3.67442800e-06,4.01641363e-01
3.67452800e-06,4.01689640e-01
3.67462800e-06,4.01737280e-01
3.67472800e-06,4.01785626e-01
3.67482800e-06,4.01833335e-01
3.67492800e-06,4.01881750e-01
3.67502800e-06,4.01929529e-01
3.67512800e-06,4.01978012e-01
3.67522800e-06,4.02025860e-01
3.67532800e-06,4.02074412e-01
3.67542800e-06,4.02122329e-01
3.67552800e-06,4.02170949e-01
3.67562800e-06,4.02218934e-01
3.67572800e-06,4.02267622e-01
3.67582800e-06,4.02315676e-01
3.67592800e-06,4.02364432e-01
3.67602800e-06,4.02412554e-01
3.67612800e-06,4.02461378e-01
3.67622800e-06,4.02509568e-01
3.67632800e-06,4.02558459e-01
3.67642800e-06,4.02606717e-01
3.67652800e-06,4.02655675e-01
3.67662800e-06,4.02704001e-01
3.67672800e-06,4.02753027e-01
3.67682800e-06,4.02801419e-01
3.67692800e-06,4.02850512e-01
3.67702800e-06,4.02898972e-01
3.67712800e-06,4.02948132e-01
3.67722800e-06,4.02996659e-01
3.67732800e-06,4.03045885e-01
3.67742800e-06,4.03094479e-01
3.67752800e-06,4.03143772e-01
3.67762800e-06,4.03192433e-01
3.67772800e-06,4.03241791e-01
3.67782800e-06,4.03290518e-01
3.67792800e-06,4.03339943e-01
3.67802800e-06,4.03388736e-01
3.67812800e-06,4.03438227e-01
3.67822800e-06,4.03487086e-01
3.67832800e-06,4.03536642e-01
3.67842800e-06,4.03585568e-01
3.67852800e-06,4.03635189e-01
3.67862800e-06,4.03684180e-01
3.67872800e-06,4.03733867e-01
3.67882800e-06,4.03782924e-01
3.67892800e-06,4.03832675e-01
3.67902800e-06,4.03881797e-01
3.67912800e-06,4.03931613e-01
3.67922800e-06,4.03980800e-01
3.67932800e-06,4.04030681e-01
3.67942800e-06,4.04079933e-01
3.67952800e-06,4.04129878e-01
3.67962800e-06,4.04179195e-01
3.67972800e-06,4.04229204e-01
3.67982800e-06,4.04278585e-01
3.67992800e-06,4.04328658e-01
3.68002800e-06,4.04378104e-01
3.68012800e-06,4.04428240e-01
3.68022800e-06,4.04477750e-01
3.68032800e-06,4.04527950e-01
3.68042800e-06,4.04577524e-01
3.68052800e-06,4.04627787e-01
3.68062800e-06,4.04677424e-01
3.68072800e-06,4.04727751e-01
3.68082800e-06,4.04777452e-01
3.68092800e-06,4.04827842e-01
3.68102800e-06,4.04877605e-01
3.68112800e-06,4.04928058e-01
3.68122800e-06,4.04977884e-01
3.68132800e-06,4.05028399e-01
3.68142800e-06,4.05078289e-01
3.68152800e-06,4.05128866e-01
3.68162800e-06,4.05178818e-01
3.68172800e-06,4.05229457e-01
3.68182800e-06,4.05279472e-01
3.68192800e-06,4.05330173e-01
3.68202800e-06,4.05380250e-01
3.68212800e-06,4.05431012e-01
3.68222800e-06,4.05481151e-01
3.68232800e-06,4.05531975e-01
3.68242800e-06,4.05582176e-01
3.68252800e-06,4.05633061e-01
3.68262800e-06,4.05683323e-01
3.68272800e-06,4.05734269e-01
3.68282800e-06,4.05784593e-01
3.68292800e-06,4.05835600e-01
3.68302800e-06,4.05885984e-01
3.68312800e-06,4.05937052e-01
3.68322800e-06,4.05987497e-01
3.68332800e-06,4.06038625e-01
3.68342800e-06,4.06089131e-01
3.68352800e-06,4.06140319e-01
3.68362800e-06,4.06190886e-01
3.68372800e-06,4.06242134e-01
3.68382800e-06,4.06292760e-01
3.68392800e-06,4.06344068e-01
3.68402800e-06,4.06394755e-01
3.68412800e-06,4.06446122e-01
3.68422800e-06,4.06496869e-01
3.68432800e-06,4.06548295e-01
3.68442800e-06,4.06599101e-01
3.68452800e-06,4.06650587e-01
3.68462800e-06,4.06701452e-01
3.68472800e-06,4.06752996e-01
3.68482800e-06,4.06803921e-01
3.68492800e-06,4.06855524e-01
3.68502800e-06,4.06906507e-01
3.68512800e-06,4.06958168e-01
3.68522800e-06,4.07009210e-01
3.68532800e-06,4.07060930e-01
3.68542800e-06,4.07112030e-01
3.68552800e-06,4.07163807e-01
3.68562800e-06,4.07214966e-01
3.68572800e-06,4.07266801e-01
3.68582800e-06,4.07318018e-01
3.68592800e-06,4.07369910e-01
3.68602800e-06,4.07421185e-01
3.68612800e-06,4.07473135e-01
3.68622800e-06,4.07524467e-01
3.68632800e-06,4.07576473e-01
3.68642800e-06,4.07627863e-01
3.68652800e-06,4.07679926e-01
3.68662800e-06,4.07731373e-01
3.68672800e-06,4.07783493e-01
3.68682800e-06,4.07834996e-01
3.68692800e-06,4.07887172e-01
3.68702800e-06,4.07938732e-01
3.68712800e-06,4.07990965e-01
3.68722800e-06,4.08042581e-01
3.68732800e-06,4.08094870e-01
3.68742800e-06,4.08146542e-01
3.68752800e-06,4.08198886e-01
3.68762800e-06,4.08250615e-01
3.68772800e-06,4.08303014e-01
3.68782800e-06,4.08354799e-01
3.68792800e-06,4.08407253e-01
3.68802800e-06,4.08459093e-01
3.68812800e-06,4.08511603e-01
3.68822800e-06,4.08563498e-01
3.68832800e-06,4.08616062e-01
3.68842800e-06,4.08668012e-01
3.68852800e-06,4.08720631e-01
3.68862800e-06,4.08772636e-01
3.68872800e-06,4.08825309e-01
3.68882800e-06,4.08877368e-01
3.68892800e-06,4.08930095e-01
3.68902800e-06,4.08982209e-01
3.68912800e-06,4.09034990e-01
3.68922800e-06,4.09087158e-01
3.68932800e-06,4.09139992e-01
3.68942800e-06,4.09192214e-01
3.68952800e-06,4.09245101e-01
3.68962800e-06,4.09297377e-01
3.68972800e-06,4.09350317e-01
3.68982800e-06,4.09402646e-01
3.68992800e-06,4.09455640e-01
3.69002800e-06,4.09508022e-01
3.69012800e-06,4.09561068e-01
3.69022800e-06,4.09613503e-01
3.69032800e-06,4.09666601e-01
3.69042800e-06,4.09719089e-01
3.69052800e-06,4.09772240e-01
3.69062800e-06,4.09824780e-01
3.69072800e-06,4.09877982e-01
3.69082800e-06,4.09930574e-01
3.69092800e-06,4.09983829e-01
3.69102800e-06,4.10036473e-01
3.69112800e-06,4.10089778e-01
3.69122800e-06,4.10142474e-01
3.69132800e-06,4.10195831e-01
3.69142800e-06,4.10248578e-01
3.69152800e-06,4.10301986e-01
3.69162800e-06,4.10354785e-01
3.69172800e-06,4.10408244e-01
3.69182800e-06,4.10461093e-01
3.69192800e-06,4.10514602e-01
3.69202800e-06,4.10567502e-01
3.69212800e-06,4.10621062e-01
3.69222800e-06,4.10674013e-01
3.69232800e-06,4.10727622e-01
3.69242800e-06,4.10780623e-01
3.69252800e-06,4.10834282e-01
3.69262800e-06,4.10887333e-01
3.69272800e-06,4.10941042e-01
3.69282800e-06,4.10994143e-01
3.69292800e-06,4.11047900e-01
3.69302800e-06,4.11101051e-01
3.69312800e-06,4.11154858e-01
3.69322800e-06,4.11208058e-01
3.69332800e-06,4.11261913e-01
3.69342800e-06,4.11315162e-01
3.69352800e-06,4.11369066e-01
3.69362800e-06,4.11422364e-01
3.69372800e-06,4.11476317e-01
3.69382800e-06,4.11529663e-01
3.69392800e-06,4.11583664e-01
3.69402800e-06,4.11637058e-01
3.69412800e-06,4.11691107e-01
3.69422800e-06,4.11744550e-01
3.69432800e-06,4.11798645e-01
3.69442800e-06,4.11852136e-01
3.69452800e-06,4.11906279e-01
3.69462800e-06,4.11959818e-01
3.69472800e-06,4.12014008e-01
3.69482800e-06,4.12067594e-01
3.69492800e-06,4.12121831e-01
3.69502800e-06,4.12175463e-01
3.69512800e-06,4.12229747e-01
3.69522800e-06,4.12283427e-01
3.69532800e-06,4.12337757e-01
3.69542800e-06,4.12391483e-01
3.69552800e-06,4.12445859e-01
3.69562800e-06,4.12499632e-01
3.69572800e-06,4.12554054e-01
3.69582800e-06,4.12607873e-01
3.69592800e-06,4.12662340e-01
3.69602800e-06,4.12716205e-01
3.69612800e-06,4.12770718e-01
3.69622800e-06,4.12824628e-01
3.69632800e-06,4.12879186e-01
3.69642800e-06,4.12933142e-01
3.69652800e-06,4.12987745e-01
3.69662800e-06,4.13041746e-01
3.69672800e-06,4.13096394e-01
3.69682800e-06,4.13150440e-01
3.69692800e-06,4.13205131e-01
3.69702800e-06,4.13259222e-01
3.69712800e-06,4.13313958e-01
3.69722800e-06,4.13368093e-01
3.69732800e-06,4.13422873e-01
3.69742800e-06,4.13477052e-01
3.69752800e-06,4.13531875e-01
3.69762800e-06,4.13586098e-01
3.69772800e-06,4.13640965e-01
3.69782800e-06,4.13695232e-01
3.69792800e-06,4.13750142e-01
3.69802800e-06,4.13804452e-01
3.69812800e-06,4.13859405e-01
3.69822800e-06,4.13913758e-01
3.69832800e-06,4.13968754e-01
3.69842800e-06,4.14023150e-01
3.69852800e-06,4.14078188e-01
3.69862800e-06,4.14132627e-01
3.69872800e-06,4.14187707e-01
3.69882800e-06,4.14242188e-01
3.69892800e-06,4.14297310e-01
3.69902800e-06,4.14351833e-01
3.69912800e-06,4.14406997e-01
3.69922800e-06,4.14461562e-01
3.69932800e-06,4.14516767e-01
3.69942800e-06,4.14571374e-01
3.69952800e-06,4.14626620e-01
3.69962800e-06,4.14681269e-01
3.69972800e-06,4.14736556e-01
3.69982800e-06,4.14791246e-01
3.69992800e-06,4.14846573e-01
3.70002800e-06,4.14901304e-01
3.70012800e-06,4.14956672e-01
3.70022800e-06,4.15011443e-01
3.70032800e-06,4.15066851e-01
3.70042800e-06,4.15121663e-01
3.70052800e-06,4.15177111e-01
3.70062800e-06,4.15231963e-01
3.70072800e-06,4.15287450e-01
3.70082800e-06,4.15342342e-01
3.70092800e-06,4.15397869e-01
3.70102800e-06,4.15452801e-01
3.70112800e-06,4.15508367e-01
3.70122800e-06,4.15563338e-01
3.70132800e-06,4.15618943e-01
3.70142800e-06,4.15673953e-01
3.70152800e-06,4.15729596e-01
3.70162800e-06,4.15784646e-01
3.70172800e-06,4.15840328e-01
3.70182800e-06,4.15895415e-01
3.70192800e-06,4.15951135e-01
3.70202800e-06,4.16006262e-01
3.70212800e-06,4.16062020e-01
3.70222800e-06,4.16117184e-01
3.70232800e-06,4.16172980e-01
3.70242800e-06,4.16228182e-01
3.70252800e-06,4.16284015e-01
3.70262800e-06,4.16339255e-01
3.70272800e-06,4.16395125e-01
3.70282800e-06,4.16450403e-01
3.70292800e-06,4.16506309e-01
3.70302800e-06,4.16561624e-01
3.70312800e-06,4.16617568e-01
3.70322800e-06,4.16672919e-01
3.70332800e-06,4.16728899e-01
3.70342800e-06,4.16784287e-01
3.70352800e-06,4.16840303e-01
3.70362800e-06,4.16895728e-01
3.70372800e-06,4.16951780e-01
3.70382800e-06,4.17007241e-01
3.70392800e-06,4.17063328e-01
3.70402800e-06,4.17118825e-01
3.70412800e-06,4.17174948e-01
3.70422800e-06,4.17230481e-01
3.70432800e-06,4.17286638e-01
3.70442800e-06,4.17342206e-01
3.70452800e-06,4.17398399e-01
3.70462800e-06,4.17454002e-01
3.70472800e-06,4.17510230e-01
3.70482800e-06,4.17565868e-01
3.70492800e-06,4.17622130e-01
3.70502800e-06,4.17677802e-01
3.70512800e-06,4.17734098e-01
3.70522800e-06,4.17789805e-01
3.70532800e-06,4.17846135e-01
3.70542800e-06,4.17901876e-01
3.70552800e-06,4.17958240e-01
3.70562800e-06,4.18014015e-01
3.70572800e-06,4.18070412e-01
3.70582800e-06,4.18126221e-01
3.70592800e-06,4.18182651e-01
3.70602800e-06,4.18238493e-01
3.70612800e-06,4.18294956e-01
3.70622800e-06,4.18350831e-01
3.70632800e-06,4.18407327e-01
3.70642800e-06,4.18463235e-01
3.70652800e-06,4.18519763e-01
3.70662800e-06,4.18575704e-01
3.70672800e-06,4.18632264e-01
3.70682800e-06,4.18688237e-01
3.70692800e-06,4.18744829e-01
3.70702800e-06,4.18800835e-01
3.70712800e-06,4.18857458e-01
3.70722800e-06,4.18913496e-01
3.70732800e-06,4.18970151e-01
3.70742800e-06,4.19026220e-01
3.70752800e-06,4.19082906e-01
3.70762800e-06,4.19139006e-01
3.70772800e-06,4.19195723e-01
3.70782800e-06,4.19251855e-01
3.70792800e-06,4.19308602e-01
3.70802800e-06,4.19364765e-01
3.70812800e-06,4.19421543e-01
3.70822800e-06,4.19477737e-01
3.70832800e-06,4.19534545e-01
3.70842800e-06,4.19590768e-01
3.70852800e-06,4.19647606e-01
3.70862800e-06,4.19703860e-01
3.70872800e-06,4.19760728e-01
3.70882800e-06,4.19817012e-01
3.70892800e-06,4.19873909e-01
3.70902800e-06,4.19930222e-01
3.70912800e-06,4.19987148e-01
3.70922800e-06,4.20043491e-01
3.70932800e-06,4.20100446e-01
3.70942800e-06,4.20156819e-01
3.70952800e-06,4.20213802e-01
3.70962800e-06,4.20270204e-01
3.70972800e-06,4.20327216e-01
3.70982800e-06,4.20383646e-01
3.70992800e-06,4.20440686e-01
3.71002800e-06,4.20497144e-01
3.71012800e-06,4.20554212e-01
3.71022800e-06,4.20610699e-01
3.71032800e-06,4.20667794e-01
3.71042800e-06,4.20724309e-01
3.71052800e-06,4.20781432e-01
3.71062800e-06,4.20837975e-01
3.71072800e-06,4.20895125e-01
3.71082800e-06,4.20951695e-01
3.71092800e-06,4.21008872e-01
3.71102800e-06,4.21065469e-01
3.71112800e-06,4.21122673e-01
3.71122800e-06,4.21179297e-01
3.71132800e-06,4.21236527e-01
3.71142800e-06,4.21293178e-01
3.71152800e-06,4.21350435e-01
3.71162800e-06,4.21407112e-01
3.71172800e-06,4.21464394e-01
3.71182800e-06,4.21521098e-01
3.71192800e-06,4.21578406e-01
3.71202800e-06,4.21635136e-01
3.71212800e-06,4.21692469e-01
3.71222800e-06,4.21749225e-01
3.71232800e-06,4.21806584e-01
3.71242800e-06,4.21863364e-01
3.71252800e-06,4.21920748e-01
3.71262800e-06,4.21977554e-01
3.71272800e-06,4.22034963e-01
3.71282800e-06,4.22091794e-01
3.71292800e-06,4.22149227e-01
3.71302800e-06,4.22206083e-01
3.71312800e-06,4.22263541e-01
3.71322800e-06,4.22320421e-01
3.71332800e-06,4.22377903e-01
3.71342800e-06,4.22434807e-01
3.71352800e-06,4.22492313e-01
3.71362800e-06,4.22549242e-01
3.71372800e-06,4.22606770e-01
3.71382800e-06,4.22663723e-01
3.71392800e-06,4.22721275e-01
3.71402800e-06,4.22778251e-01
3.71412800e-06,4.22835827e-01
3.71422800e-06,4.22892826e-01
3.71432800e-06,4.22950424e-01
3.71442800e-06,4.23007447e-01
3.71452800e-06,4.23065068e-01
3.71462800e-06,4.23122113e-01
3.71472800e-06,4.23179756e-01
3.71482800e-06,4.23236824e-01
3.71492800e-06,4.23294489e-01
3.71502800e-06,4.23351580e-01
3.71512800e-06,4.23409267e-01
3.71522800e-06,4.23466380e-01
3.71532800e-06,4.23524088e-01
3.71542800e-06,4.23581223e-01
3.71552800e-06,4.23638953e-01
3.71562800e-06,4.23696109e-01
3.71572800e-06,4.23753860e-01
3.71582800e-06,4.23811038e-01
3.71592800e-06,4.23868810e-01
3.71602800e-06,4.23926009e-01
3.71612800e-06,4.23983802e-01
3.71622800e-06,4.24041022e-01
3.71632800e-06,4.24098835e-01
3.71642800e-06,4.24156076e-01
3.71652800e-06,4.24213910e-01
3.71662800e-06,4.24271171e-01
3.71672800e-06,4.24329024e-01
3.71682800e-06,4.24386306e-01
3.71692800e-06,4.24444179e-01
3.71702800e-06,4.24501481e-01
3.71712800e-06,4.24559374e-01
3.71722800e-06,4.24616695e-01
3.71732800e-06,4.24674607e-01
3.71742800e-06,4.24731948e-01
3.71752800e-06,4.24789879e-01
3.71762800e-06,4.24847240e-01
3.71772800e-06,4.24905190e-01
3.71782800e-06,4.24962569e-01
3.71792800e-06,4.25020538e-01
3.71802800e-06,4.25077936e-01
3.71812800e-06,4.25135923e-01
3.71822800e-06,4.25193340e-01
3.71832800e-06,4.25251345e-01
3.71842800e-06,4.25308781e-01
3.71852800e-06,4.25366803e-01
3.71862800e-06,4.25424257e-01
3.71872800e-06,4.25482298e-01
3.71882800e-06,4.25539770e-01
3.71892800e-06,4.25597828e-01
3.71902800e-06,4.25655317e-01
3.71912800e-06,4.25713392e-01
3.71922800e-06,4.25770900e-01
3.71932800e-06,4.25828992e-01
3.71942800e-06,4.25886516e-01
3.71952800e-06,4.25944625e-01
3.71962800e-06,4.26002167e-01
3.71972800e-06,4.26060292e-01
3.71982800e-06,4.26117850e-01
3.71992800e-06,4.26175992e-01
3.72002800e-06,4.26233567e-01
3.72012800e-06,4.26291725e-01
3.72022800e-06,4.26349316e-01
3.72032800e-06,4.26407490e-01
3.72042800e-06,4.26465098e-01
3.72052800e-06,4.26523287e-01
3.72062800e-06,4.26580911e-01
3.72072800e-06,4.26639115e-01
3.72082800e-06,4.26696755e-01
3.72092800e-06,4.26754975e-01
3.72102800e-06,4.26812630e-01
3.72112800e-06,4.26870865e-01
3.72122800e-06,4.26928535e-01
3.72132800e-06,4.26986784e-01
3.72142800e-06,4.27044469e-01
3.72152800e-06,4.27102734e-01
3.72162800e-06,4.27160434e-01
3.72172800e-06,4.27218712e-01
3.72182800e-06,4.27276427e-01
3.72192800e-06,4.27334720e-01
3.72202800e-06,4.27392449e-01
3.72212800e-06,4.27450755e-01
3.72222800e-06,4.27508498e-01
3.72232800e-06,4.27566819e-01
3.72242800e-06,4.27624576e-01
3.72252800e-06,4.27682910e-01
3.72262800e-06,4.27740681e-01
3.72272800e-06,4.27799028e-01
3.72282800e-06,4.27856812e-01
3.72292800e-06,4.27915172e-01
3.72302800e-06,4.27972970e-01
3.72312800e-06,4.28031343e-01
3.72322800e-06,4.28089154e-01
3.72332800e-06,4.28147539e-01
3.72342800e-06,4.28205363e-01
3.72352800e-06,4.28263761e-01
3.72362800e-06,4.28321597e-01
3.72372800e-06,4.28380007e-01
3.72382800e-06,4.28437856e-01
3.72392800e-06,4.28496278e-01
3.72402800e-06,4.28554139e-01
3.72412800e-06,4.28612573e-01
3.72422800e-06,4.28670446e-01
3.72432800e-06,4.28728891e-01
3.72442800e-06,4.28786777e-01
3.72452800e-06,4.28845233e-01
3.72462800e-06,4.28903130e-01
3.72472800e-06,4.28961598e-01
3.72482800e-06,4.29019506e-01
3.72492800e-06,4.29077984e-01
3.72502800e-06,4.29135904e-01
3.72512800e-06,4.29194393e-01
3.72522800e-06,4.29252323e-01
3.72532800e-06,4.29310823e-01
3.72542800e-06,4.29368764e-01
3.72552800e-06,4.29427274e-01
3.72562800e-06,4.29485226e-01
3.72572800e-06,4.29543746e-01
3.72582800e-06,4.29601708e-01
3.72592800e-06,4.29660238e-01
3.72602800e-06,4.29718211e-01
3.72612800e-06,4.29776750e-01
3.72622800e-06,4.29834733e-01
3.72632800e-06,4.29893282e-01
3.72642800e-06,4.29951274e-01
3.72652800e-06,4.30009832e-01
3.72662800e-06,4.30067834e-01
3.72672800e-06,4.30126402e-01
3.72682800e-06,4.30184413e-01
3.72692800e-06,4.30242989e-01
3.72702800e-06,4.30301009e-01
3.72712800e-06,4.30359594e-01
3.72722800e-06,4.30417623e-01
3.72732800e-06,4.30476217e-01
3.72742800e-06,4.30534255e-01
3.72752800e-06,4.30592857e-01
3.72762800e-06,4.30650903e-01
3.72772800e-06,4.30709513e-01
3.72782800e-06,4.30767568e-01
3.72792800e-06,4.30826186e-01
3.72802800e-06,4.30884249e-01
3.72812800e-06,4.30942874e-01
3.72822800e-06,4.31000945e-01
3.72832800e-06,4.31059578e-01
3.72842800e-06,4.31117657e-01
3.72852800e-06,4.31176297e-01
3.72862800e-06,4.31234384e-01
3.72872800e-06,4.31293031e-01
3.72882800e-06,4.31351125e-01
3.72892800e-06,4.31409779e-01
3.72902800e-06,4.31467880e-01
3.72912800e-06,4.31526541e-01
3.72922800e-06,4.31584649e-01
3.72932800e-06,4.31643317e-01
3.72942800e-06,4.31701432e-01
3.72952800e-06,4.31760105e-01
3.72962800e-06,4.31818227e-01
3.72972800e-06,4.31876907e-01
3.72982800e-06,4.31935035e-01
3.72992800e-06,4.31993721e-01
3.73002800e-06,4.32051855e-01
3.73012800e-06,4.32110547e-01
3.73022800e-06,4.32168687e-01
3.73032800e-06,4.32227384e-01
3.73042800e-06,4.32285531e-01
3.73052800e-06,4.32344233e-01
3.73062800e-06,4.32402385e-01
3.73072800e-06,4.32461093e-01
3.73082800e-06,4.32519250e-01
3.73092800e-06,4.32577963e-01
3.73102800e-06,4.32636126e-01
3.73112800e-06,4.32694844e-01
3.73122800e-06,4.32753012e-01
3.73132800e-06,4.32811734e-01
3.73142800e-06,4.32869907e-01
3.73152800e-06,4.32928634e-01
3.73162800e-06,4.32986812e-01
3.73172800e-06,4.33045543e-01
3.73182800e-06,4.33103725e-01
3.73192800e-06,4.33162460e-01
3.73202800e-06,4.33220647e-01
3.73212800e-06,4.33279386e-01
3.73222800e-06,4.33337578e-01
3.73232800e-06,4.33396320e-01
3.73242800e-06,4.33454516e-01
3.73252800e-06,4.33513262e-01
3.73262800e-06,4.33571461e-01
3.73272800e-06,4.33630211e-01
3.73282800e-06,4.33688414e-01
3.73292800e-06,4.33747167e-01
3.73302800e-06,4.33805374e-01
3.73312800e-06,4.33864130e-01
3.73322800e-06,4.33922340e-01
3.73332800e-06,4.33981099e-01
3.73342800e-06,4.34039312e-01
3.73352800e-06,4.34098073e-01
3.73362800e-06,4.34156290e-01
3.73372800e-06,4.34215054e-01
3.73382800e-06,4.34273273e-01
3.73392800e-06,4.34332039e-01
3.73402800e-06,4.34390261e-01
3.73412800e-06,4.34449030e-01
3.73422800e-06,4.34507254e-01
3.73432800e-06,4.34566025e-01
3.73442800e-06,4.34624252e-01
3.73452800e-06,4.34683024e-01
3.73462800e-06,4.34741253e-01
3.73472800e-06,4.34800028e-01
3.73482800e-06,4.34858258e-01
3.73492800e-06,4.34917034e-01
3.73502800e-06,4.34975267e-01
3.73512800e-06,4.35034044e-01
3.73522800e-06,4.35092279e-01
3.73532800e-06,4.35151057e-01
3.73542800e-06,4.35209293e-01
3.73552800e-06,4.35268073e-01
3.73562800e-06,4.35326310e-01
3.73572800e-06,4.35385091e-01
3.73582800e-06,4.35443329e-01
3.73592800e-06,4.35502110e-01
3.73602800e-06,4.35560350e-01
3.73612800e-06,4.35619132e-01
3.73622800e-06,4.35677372e-01
3.73632800e-06,4.35736154e-01
3.73642800e-06,4.35794396e-01
3.73652800e-06,4.35853178e-01
3.73662800e-06,4.35911420e-01
3.73672800e-06,4.35970202e-01
3.73682800e-06,4.36028445e-01
3.73692800e-06,4.36087227e-01
3.73702800e-06,4.36145469e-01
3.73712800e-06,4.36204252e-01
3.73722800e-06,4.36262494e-01
3.73732800e-06,4.36321276e-01
3.73742800e-06,4.36379519e-01
3.73752800e-06,4.36438300e-01
3.73762800e-06,4.36496542e-01
3.73772800e-06,4.36555323e-01
3.73782800e-06,4.36613565e-01
3.73792800e-06,4.36672345e-01
3.73802800e-06,4.36730586e-01
3.73812800e-06,4.36789365e-01
3.73822800e-06,4.36847606e-01
3.73832800e-06,4.36906384e-01
3.73842800e-06,4.36964624e-01
3.73852800e-06,4.37023400e-01
3.73862800e-06,4.37081640e-01
3.73872800e-06,4.37140415e-01
3.73882800e-06,4.37198653e-01
3.73892800e-06,4.37257426e-01
3.73902800e-06,4.37315663e-01
3.73912800e-06,4.37374435e-01
3.73922800e-06,4.37432670e-01
3.73932800e-06,4.37491440e-01
3.73942800e-06,4.37549674e-01
3.73952800e-06,4.37608442e-01
3.73962800e-06,4.37666674e-01
3.73972800e-06,4.37725440e-01
3.73982800e-06,4.37783670e-01
3.73992800e-06,4.37842434e-01
3.74002800e-06,4.37900662e-01
3.74012800e-06,4.37959423e-01
3.74022800e-06,4.38017650e-01
3.74032800e-06,4.38076408e-01
3.74042800e-06,4.38134632e-01
3.74052800e-06,4.38193388e-01
3.74062800e-06,4.38251610e-01
3.74072800e-06,4.38310363e-01
3.74082800e-06,4.38368582e-01
3.74092800e-06,4.38427332e-01
3.74102800e-06,4.38485549e-01
3.74112800e-06,4.38544296e-01
3.74122800e-06,4.38602510e-01
3.74132800e-06,4.38661254e-01
3.74142800e-06,4.38719465e-01
3.74152800e-06,4.38778205e-01
3.74162800e-06,4.38836413e-01
3.74172800e-06,4.38895150e-01
3.74182800e-06,4.38953355e-01
3.74192800e-06,4.39012088e-01
3.74202800e-06,4.39070290e-01
3.74212800e-06,4.39129019e-01
3.74222800e-06,4.39187217e-01
3.74232800e-06,4.39245943e-01
3.74242800e-06,4.39304137e-01
3.74252800e-06,4.39362859e-01
3.74262800e-06,4.39421050e-01
3.74272800e-06,4.39479767e-01
3.74282800e-06,4.39537955e-01
3.74292800e-06,4.39596668e-01
3.74302800e-06,4.39654851e-01
3.74312800e-06,4.39713560e-01
3.74322800e-06,4.39771739e-01
3.74332800e-06,4.39830443e-01
3.74342800e-06,4.39888618e-01
3.74352800e-06,4.39947318e-01
3.74362800e-06,4.40005488e-01
3.74372800e-06,4.40064183e-01
3.74382800e-06,4.40122350e-01
3.74392800e-06,4.40181040e-01
3.74402800e-06,4.40239201e-01
3.74412800e-06,4.40297886e-01
3.74422800e-06,4.40356044e-01
3.74432800e-06,4.40414723e-01
3.74442800e-06,4.40472876e-01
3.74452800e-06,4.40531550e-01
3.74462800e-06,4.40589698e-01
3.74472800e-06,4.40648367e-01
3.74482800e-06,4.40706510e-01
3.74492800e-06,4.40765174e-01
3.74502800e-06,4.40823311e-01
3.74512800e-06,4.40881969e-01
3.74522800e-06,4.40940101e-01
3.74532800e-06,4.40998754e-01
3.74542800e-06,4.41056881e-01
3.74552800e-06,4.41115528e-01
3.74562800e-06,4.41173649e-01
3.74572800e-06,4.41232290e-01
3.74582800e-06,4.41290406e-01
3.74592800e-06,4.41349041e-01
3.74602800e-06,4.41407151e-01
3.74612800e-06,4.41465779e-01
3.74622800e-06,4.41523884e-01
3.74632800e-06,4.41582506e-01
3.74642800e-06,4.41640605e-01
3.74652800e-06,4.41699221e-01
3.74662800e-06,4.41757313e-01
3.74672800e-06,4.41815923e-01
3.74682800e-06,4.41874010e-01
3.74692800e-06,4.41932613e-01
3.74702800e-06,4.41990693e-01
3.74712800e-06,4.42049289e-01
3.74722800e-06,4.42107363e-01
3.74732800e-06,4.42165953e-01
3.74742800e-06,4.42224021e-01
3.74752800e-06,4.42282604e-01
3.74762800e-06,4.42340665e-01
3.74772800e-06,4.42399241e-01
3.74782800e-06,4.42457295e-01
3.74792800e-06,4.42515864e-01
3.74802800e-06,4.42573912e-01
3.74812800e-06,4.42632473e-01
3.74822800e-06,4.42690514e-01
3.74832800e-06,4.42749069e-01
3.74842800e-06,4.42807103e-01
3.74852800e-06,4.42865650e-01
3.74862800e-06,4.42923677e-01
3.74872800e-06,4.42982217e-01
3.74882800e-06,4.43040237e-01
3.74892800e-06,4.43098769e-01
3.74902800e-06,4.43156781e-01
3.74912800e-06,4.43215306e-01
3.74922800e-06,4.43273311e-01
3.74932800e-06,4.43331828e-01
3.74942800e-06,4.43389826e-01
3.74952800e-06,4.43448336e-01
3.74962800e-06,4.43506326e-01
3.74972800e-06,4.43564827e-01
3.74982800e-06,4.43622810e-01
3.74992800e-06,4.43681304e-01
3.75002800e-06,4.43739279e-01
3.75012800e-06,4.43797764e-01
3.75022800e-06,4.43855732e-01
3.75032800e-06,4.43914209e-01
3.75042800e-06,4.43972169e-01
3.75052800e-06,4.44030638e-01
3.75062800e-06,4.44088590e-01
3.75072800e-06,4.44147050e-01
3.75082800e-06,4.44204994e-01
3.75092800e-06,4.44263446e-01
3.75102800e-06,4.44321382e-01
3.75112800e-06,4.44379826e-01
3.75122800e-06,4.44437753e-01
3.75132800e-06,4.44496188e-01
3.75142800e-06,4.44554108e-01
3.75152800e-06,4.44612534e-01
3.75162800e-06,4.44670446e-01
3.75172800e-06,4.44728863e-01
3.75182800e-06,4.44786766e-01
3.75192800e-06,4.44845175e-01
3.75202800e-06,4.44903069e-01
3.75212800e-06,4.44961469e-01
3.75222800e-06,4.45019355e-01
3.75232800e-06,4.45077746e-01
3.75242800e-06,4.45135623e-01
3.75252800e-06,4.45194005e-01
3.75262800e-06,4.45251874e-01
3.75272800e-06,4.45310246e-01
3.75282800e-06,4.45368106e-01
3.75292800e-06,4.45426470e-01
3.75302800e-06,4.45484321e-01
3.75312800e-06,4.45542675e-01
3.75322800e-06,4.45600517e-01
3.75332800e-06,4.45658862e-01
3.75342800e-06,4.45716695e-01
3.75352800e-06,4.45775031e-01
3.75362800e-06,4.45832855e-01
3.75372800e-06,4.45891181e-01
3.75382800e-06,4.45948996e-01
3.75392800e-06,4.46007313e-01
3.75402800e-06,4.46065118e-01
3.75412800e-06,4.46123425e-01
3.75422800e-06,4.46181222e-01
3.75432800e-06,4.46239519e-01
3.75442800e-06,4.46297306e-01
3.75452800e-06,4.46355594e-01
3.75462800e-06,4.46413372e-01
3.75472800e-06,4.46471649e-01
3.75482800e-06,4.46529418e-01
3.75492800e-06,4.46587686e-01
3.75502800e-06,4.46645445e-01
3.75512800e-06,4.46703703e-01
3.75522800e-06,4.46761452e-01
3.75532800e-06,4.46819700e-01
3.75542800e-06,4.46877440e-01
3.75552800e-06,4.46935677e-01
3.75562800e-06,4.46993407e-01
3.75572800e-06,4.47051635e-01
3.75582800e-06,4.47109355e-01
3.75592800e-06,4.47167573e-01
3.75602800e-06,4.47225283e-01
3.75612800e-06,4.47283491e-01
3.75622800e-06,4.47341191e-01
3.75632800e-06,4.47399388e-01
3.75642800e-06,4.47457079e-01
3.75652800e-06,4.47515266e-01
3.75662800e-06,4.47572946e-01
3.75672800e-06,4.47631123e-01
3.75682800e-06,4.47688793e-01
3.75692800e-06,4.47746959e-01
3.75702800e-06,4.47804620e-01
3.75712800e-06,4.47862775e-01
3.75722800e-06,4.47920426e-01
3.75732800e-06,4.47978570e-01
3.75742800e-06,4.48036211e-01
3.75752800e-06,4.48094345e-01
3.75762800e-06,4.48151975e-01
3.75772800e-06,4.48210098e-01
3.75782800e-06,4.48267718e-01
3.75792800e-06,4.48325831e-01
3.75802800e-06,4.48383440e-01
3.75812800e-06,4.48441542e-01
3.75822800e-06,4.48499141e-01
3.75832800e-06,4.48557233e-01
3.75842800e-06,4.48614821e-01
3.75852800e-06,4.48672902e-01
3.75862800e-06,4.48730480e-01
3.75872800e-06,4.48788549e-01
3.75882800e-06,4.48846117e-01
3.75892800e-06,4.48904175e-01
3.75902800e-06,4.48961732e-01
3.75912800e-06,4.49019780e-01
3.75922800e-06,4.49077326e-01
3.75932800e-06,4.49135363e-01
3.75942800e-06,4.49192899e-01
3.75952800e-06,4.49250924e-01
3.75962800e-06,4.49308449e-01
3.75972800e-06,4.49366464e-01
3.75982800e-06,4.49423978e-01
3.75992800e-06,4.49481981e-01
3.76002800e-06,4.49539485e-01
3.76012800e-06,4.49597477e-01
3.76022800e-06,4.49654970e-01
3.76032800e-06,4.49712950e-01
3.76042800e-06,4.49770432e-01
3.76052800e-06,4.49828402e-01
3.76062800e-06,4.49885873e-01
3.76072800e-06,4.49943831e-01
3.76082800e-06,4.50001291e-01
3.76092800e-06,4.50059238e-01
3.76102800e-06,4.50116687e-01
3.76112800e-06,4.50174623e-01
3.76122800e-06,4.50232061e-01
3.76132800e-06,4.50289985e-01
3.76142800e-06,4.50347412e-01
3.76152800e-06,4.50405325e-01
3.76162800e-06,4.50462741e-01
3.76172800e-06,4.50520642e-01
3.76182800e-06,4.50578047e-01
3.76192800e-06,4.50635937e-01
3.76202800e-06,4.50693331e-01
3.76212800e-06,4.50751209e-01
3.76222800e-06,4.50808592e-01
3.76232800e-06,4.50866458e-01
3.76242800e-06,4.50923830e-01
3.76252800e-06,4.50981685e-01
3.76262800e-06,4.51039045e-01
3.76272800e-06,4.51096889e-01
3.76282800e-06,4.51154238e-01
3.76292800e-06,4.51212070e-01
3.76302800e-06,4.51269407e-01
3.76312800e-06,4.51327227e-01
3.76322800e-06,4.51384554e-01
3.76332800e-06,4.51442362e-01
3.76342800e-06,4.51499678e-01
3.76352800e-06,4.51557474e-01
3.76362800e-06,4.51614778e-01
3.76372800e-06,4.51672563e-01
3.76382800e-06,4.51729856e-01
3.76392800e-06,4.51787629e-01
3.76402800e-06,4.51844910e-01
3.76412800e-06,4.51902671e-01
3.76422800e-06,4.51959941e-01
3.76432800e-06,4.52017691e-01
3.76442800e-06,4.52074949e-01
3.76452800e-06,4.52132687e-01
3.76462800e-06,4.52189933e-01
3.76472800e-06,4.52247659e-01
3.76482800e-06,4.52304895e-01
3.76492800e-06,4.52362609e-01
3.76502800e-06,4.52419833e-01
3.76512800e-06,4.52477535e-01
3.76522800e-06,4.52534747e-01
3.76532800e-06,4.52592438e-01
3.76542800e-06,4.52649638e-01
3.76552800e-06,4.52707317e-01
3.76562800e-06,4.52764506e-01
3.76572800e-06,4.52822172e-01
3.76582800e-06,4.52879350e-01
3.76592800e-06,4.52937005e-01
3.76602800e-06,4.52994171e-01
3.76612800e-06,4.53051813e-01
3.76622800e-06,4.53108968e-01
3.76632800e-06,4.53166598e-01
3.76642800e-06,4.53223741e-01
3.76652800e-06,4.53281360e-01
3.76662800e-06,4.53338491e-01
3.76672800e-06,4.53396098e-01
3.76682800e-06,4.53453218e-01
3.76692800e-06,4.53510812e-01
3.76702800e-06,4.53567920e-01
3.76712800e-06,4.53625503e-01
3.76722800e-06,4.53682599e-01
3.76732800e-06,4.53740169e-01
3.76742800e-06,4.53797254e-01
3.76752800e-06,4.53854813e-01
3.76762800e-06,4.53911886e-01
3.76772800e-06,4.53969432e-01
3.76782800e-06,4.54026494e-01
3.76792800e-06,4.54084028e-01
3.76802800e-06,4.54141078e-01
3.76812800e-06,4.54198600e-01
3.76822800e-06,4.54255638e-01
3.76832800e-06,4.54313148e-01
3.76842800e-06,4.54370174e-01
3.76852800e-06,4.54427672e-01
3.76862800e-06,4.54484687e-01
3.76872800e-06,4.54542173e-01
3.76882800e-06,4.54599176e-01
3.76892800e-06,4.54656650e-01
3.76902800e-06,4.54713641e-01
3.76912800e-06,4.54771103e-01
3.76922800e-06,4.54828082e-01
3.76932800e-06,4.54885532e-01
3.76942800e-06,4.54942500e-01
3.76952800e-06,4.54999937e-01
3.76962800e-06,4.55056894e-01
3.76972800e-06,4.55114319e-01
3.76982800e-06,4.55171263e-01
3.76992800e-06,4.55228677e-01
3.77002800e-06,4.55285609e-01
3.77012800e-06,4.55343010e-01
3.77022800e-06,4.55399931e-01
3.77032800e-06,4.55457320e-01
3.77042800e-06,4.55514230e-01
3.77052800e-06,4.55571607e-01
3.77062800e-06,4.55628504e-01
3.77072800e-06,4.55685869e-01
3.77082800e-06,4.55742755e-01
3.77092800e-06,4.55800108e-01
3.77102800e-06,4.55856982e-01
3.77112800e-06,4.55914322e-01
3.77122800e-06,4.55971185e-01
3.77132800e-06,4.56028513e-01
3.77142800e-06,4.56085364e-01
3.77152800e-06,4.56142680e-01
3.77162800e-06,4.56199519e-01
3.77172800e-06,4.56256824e-01
3.77182800e-06,4.56313651e-01
3.77192800e-06,4.56370943e-01
3.77202800e-06,4.56427759e-01
3.77212800e-06,4.56485039e-01
3.77222800e-06,4.56541843e-01
3.77232800e-06,4.56599111e-01
3.77242800e-06,4.56655903e-01
3.77252800e-06,4.56713159e-01
3.77262800e-06,4.56769940e-01
3.77272800e-06,4.56827184e-01
3.77282800e-06,4.56883952e-01
3.77292800e-06,4.56941184e-01
3.77302800e-06,4.56997941e-01
3.77312800e-06,4.57055161e-01
3.77322800e-06,4.57111907e-01
3.77332800e-06,4.57169115e-01
3.77342800e-06,4.57225849e-01
3.77352800e-06,4.57283044e-01
3.77362800e-06,4.57339767e-01
3.77372800e-06,4.57396950e-01
3.77382800e-06,4.57453661e-01
3.77392800e-06,4.57510833e-01
3.77402800e-06,4.57567532e-01
3.77412800e-06,4.57624691e-01
3.77422800e-06,4.57681379e-01
3.77432800e-06,4.57738527e-01
3.77442800e-06,4.57795202e-01
3.77452800e-06,4.57852338e-01
3.77462800e-06,4.57909002e-01
3.77472800e-06,4.57966126e-01
3.77482800e-06,4.58022779e-01
3.77492800e-06,4.58079891e-01
3.77502800e-06,4.58136532e-01
3.77512800e-06,4.58193632e-01
3.77522800e-06,4.58250261e-01
3.77532800e-06,4.58307349e-01
3.77542800e-06,4.58363967e-01
3.77552800e-06,4.58421043e-01
3.77562800e-06,4.58477650e-01
3.77572800e-06,4.58534714e-01
3.77582800e-06,4.58591309e-01
3.77592800e-06,4.58648361e-01
3.77602800e-06,4.58704945e-01
3.77612800e-06,4.58761985e-01
3.77622800e-06,4.58818557e-01
3.77632800e-06,4.58875586e-01
3.77642800e-06,4.58932146e-01
3.77652800e-06,4.58989163e-01
3.77662800e-06,4.59045712e-01
3.77672800e-06,4.59102717e-01
3.77682800e-06,4.59159255e-01
3.77692800e-06,4.59216248e-01
3.77702800e-06,4.59272774e-01
3.77712800e-06,4.59329756e-01
3.77722800e-06,4.59386270e-01
3.77732800e-06,4.59443240e-01
3.77742800e-06,4.59499744e-01
3.77752800e-06,4.59556701e-01
3.77762800e-06,4.59613194e-01
3.77772800e-06,4.59670140e-01
3.77782800e-06,4.59726621e-01
3.77792800e-06,4.59783555e-01
3.77802800e-06,4.59840025e-01
3.77812800e-06,4.59896947e-01
3.77822800e-06,4.59953406e-01
3.77832800e-06,4.60010317e-01
3.77842800e-06,4.60066764e-01
3.77852800e-06,4.60123663e-01
3.77862800e-06,4.60180099e-01
3.77872800e-06,4.60236987e-01
3.77882800e-06,4.60293411e-01
3.77892800e-06,4.60350288e-01
3.77902800e-06,4.60406701e-01
3.77912800e-06,4.60463566e-01
3.77922800e-06,4.60519968e-01
3.77932800e-06,4.60576821e-01
3.77942800e-06,4.60633212e-01
3.77952800e-06,4.60690053e-01
3.77962800e-06,4.60746433e-01
3.77972800e-06,4.60803263e-01
3.77982800e-06,4.60859632e-01
3.77992800e-06,4.60916451e-01
3.78002800e-06,4.60972808e-01
3.78012800e-06,4.61029616e-01
3.78022800e-06,4.61085962e-01
3.78032800e-06,4.61142758e-01
3.78042800e-06,4.61199093e-01
3.78052800e-06,4.61255878e-01
3.78062800e-06,4.61312202e-01
3.78072800e-06,4.61368975e-01
3.78082800e-06,4.61425288e-01
3.78092800e-06,4.61482050e-01
3.78102800e-06,4.61538353e-01
3.78112800e-06,4.61595103e-01
3.78122800e-06,4.61651394e-01
3.78132800e-06,4.61708133e-01
3.78142800e-06,4.61764414e-01
3.78152800e-06,4.61821142e-01
3.78162800e-06,4.61877411e-01
3.78172800e-06,4.61934128e-01
3.78182800e-06,4.61990387e-01
3.78192800e-06,4.62047092e-01
3.78202800e-06,4.62103340e-01
3.78212800e-06,4.62160034e-01
3.78222800e-06,4.62216271e-01
3.78232800e-06,4.62272954e-01
3.78242800e-06,4.62329181e-01
3.78252800e-06,4.62385852e-01
3.78262800e-06,4.62442068e-01
3.78272800e-06,4.62498728e-01
3.78282800e-06,4.62554933e-01
3.78292800e-06,4.62611583e-01
3.78302800e-06,4.62667777e-01
3.78312800e-06,4.62724416e-01
3.78322800e-06,4.62780599e-01
3.78332800e-06,4.62837226e-01
3.78342800e-06,4.62893399e-01
3.78352800e-06,4.62950016e-01
3.78362800e-06,4.63006178e-01
3.78372800e-06,4.63062783e-01
3.78382800e-06,4.63118935e-01
3.78392800e-06,4.63175530e-01
3.78402800e-06,4.63231671e-01
3.78412800e-06,4.63288254e-01
3.78422800e-06,4.63344385e-01
3.78432800e-06,4.63400958e-01
3.78442800e-06,4.63457078e-01
3.78452800e-06,4.63513640e-01
3.78462800e-06,4.63569749e-01
3.78472800e-06,4.63626300e-01
3.78482800e-06,4.63682400e-01
3.78492800e-06,4.63738940e-01
3.78502800e-06,4.63795029e-01
3.78512800e-06,4.63851558e-01
3.78522800e-06,4.63907637e-01
3.78532800e-06,4.63964155e-01
3.78542800e-06,4.64020223e-01
3.78552800e-06,4.64076731e-01
3.78562800e-06,4.64132789e-01
3.78572800e-06,4.64189287e-01
3.78582800e-06,4.64245334e-01
3.78592800e-06,4.64301821e-01
3.78602800e-06,4.64357858e-01
3.78612800e-06,4.64414334e-01
3.78622800e-06,4.64470361e-01
3.78632800e-06,4.64526827e-01
3.78642800e-06,4.64582844e-01
3.78652800e-06,4.64639298e-01
3.78662800e-06,4.64695305e-01
3.78672800e-06,4.64751750e-01
3.78682800e-06,4.64807746e-01
3.78692800e-06,4.64864180e-01
3.78702800e-06,4.64920167e-01
3.78712800e-06,4.64976590e-01
3.78722800e-06,4.65032567e-01
3.78732800e-06,4.65088980e-01
3.78742800e-06,4.65144946e-01
3.78752800e-06,4.65201349e-01
3.78762800e-06,4.65257306e-01
3.78772800e-06,4.65313698e-01
3.78782800e-06,4.65369645e-01
3.78792800e-06,4.65426027e-01
3.78802800e-06,4.65481963e-01
3.78812800e-06,4.65538335e-01
3.78822800e-06,4.65594262e-01
3.78832800e-06,4.65650623e-01
3.78842800e-06,4.65706540e-01
3.78852800e-06,4.65762892e-01
3.78862800e-06,4.65818799e-01
3.78872800e-06,4.65875140e-01
3.78882800e-06,4.65931037e-01
3.78892800e-06,4.65987368e-01
3.78902800e-06,4.66043256e-01
3.78912800e-06,4.66099577e-01
3.78922800e-06,4.66155455e-01
3.78932800e-06,4.66211765e-01
3.78942800e-06,4.66267634e-01
3.78952800e-06,4.66323934e-01
3.78962800e-06,4.66379793e-01
3.78972800e-06,4.66436084e-01
3.78982800e-06,4.66491932e-01
3.78992800e-06,4.66548213e-01
3.79002800e-06,4.66604053e-01
3.79012800e-06,4.66660324e-01
3.79022800e-06,4.66716153e-01
3.79032800e-06,4.66772414e-01
3.79042800e-06,4.66828234e-01
3.79052800e-06,4.66884486e-01
3.79062800e-06,4.66940296e-01
3.79072800e-06,4.66996538e-01
3.79082800e-06,4.67052339e-01
3.79092800e-06,4.67108571e-01
3.79102800e-06,4.67164363e-01
3.79112800e-06,4.67220584e-01
3.79122800e-06,4.67276367e-01
3.79132800e-06,4.67332579e-01
3.79142800e-06,4.67388352e-01
3.79152800e-06,4.67444554e-01
3.79162800e-06,4.67500318e-01
3.79172800e-06,4.67556511e-01
3.79182800e-06,4.67612266e-01
3.79192800e-06,4.67668449e-01
3.79202800e-06,4.67724194e-01
3.79212800e-06,4.67780368e-01
3.79222800e-06,4.67836104e-01
3.79232800e-06,4.67892268e-01
3.79242800e-06,4.67947995e-01
3.79252800e-06,4.68004149e-01
3.79262800e-06,4.68059867e-01
3.79272800e-06,4.68116012e-01
3.79282800e-06,4.68171721e-01
3.79292800e-06,4.68227857e-01
3.79302800e-06,4.68283556e-01
3.79312800e-06,4.68339683e-01
3.79322800e-06,4.68395373e-01
3.79332800e-06,4.68451490e-01
3.79342800e-06,4.68507172e-01
3.79352800e-06,4.68563279e-01
3.79362800e-06,4.68618952e-01
3.79372800e-06,4.68675050e-01
3.79382800e-06,4.68730714e-01
3.79392800e-06,4.68786803e-01
3.79402800e-06,4.68842459e-01
3.79412800e-06,4.68898538e-01
3.79422800e-06,4.68954185e-01
3.79432800e-06,4.69010255e-01
3.79442800e-06,4.69065893e-01
3.79452800e-06,4.69121954e-01
3.79462800e-06,4.69177583e-01
3.79472800e-06,4.69233635e-01
3.79482800e-06,4.69289255e-01
3.79492800e-06,4.69345298e-01
3.79502800e-06,4.69400909e-01
3.79512800e-06,4.69456943e-01
3.79522800e-06,4.69512546e-01
3.79532800e-06,4.69568571e-01
3.79542800e-06,4.69624165e-01
3.79552800e-06,4.69680181e-01
3.79562800e-06,4.69735767e-01
3.79572800e-06,4.69791774e-01
3.79582800e-06,4.69847351e-01
3.79592800e-06,4.69903349e-01
3.79602800e-06,4.69958918e-01
3.79612800e-06,4.70014907e-01
3.79622800e-06,4.70070467e-01
3.79632800e-06,4.70126448e-01
3.79642800e-06,4.70181999e-01
3.79652800e-06,4.70237971e-01
3.79662800e-06,4.70293514e-01
3.79672800e-06,4.70349477e-01
3.79682800e-06,4.70405012e-01
3.79692800e-06,4.70460967e-01
3.79702800e-06,4.70516493e-01
3.79712800e-06,4.70572439e-01
3.79722800e-06,4.70627957e-01
3.79732800e-06,4.70683894e-01
3.79742800e-06,4.70739404e-01
3.79752800e-06,4.70795332e-01
3.79762800e-06,4.70850834e-01
3.79772800e-06,4.70906754e-01
3.79782800e-06,4.70962248e-01
3.79792800e-06,4.71018159e-01
3.79802800e-06,4.71073644e-01
3.79812800e-06,4.71129547e-01
3.79822800e-06,4.71185024e-01
3.79832800e-06,4.71240919e-01
3.79842800e-06,4.71296388e-01
3.79852800e-06,4.71352274e-01
3.79862800e-06,4.71407735e-01
3.79872800e-06,4.71463613e-01
3.79882800e-06,4.71519066e-01
3.79892800e-06,4.71574935e-01
3.79902800e-06,4.71630380e-01
3.79912800e-06,4.71686241e-01
3.79922800e-06,4.71741679e-01
3.79932800e-06,4.71797531e-01
3.79942800e-06,4.71852961e-01
3.79952800e-06,4.71908805e-01
3.79962800e-06,4.71964227e-01
3.79972800e-06,4.72020063e-01
3.79982800e-06,4.72075477e-01
3.79992800e-06,4.72131305e-01
3.80002800e-06,4.72186711e-01
3.80012800e-06,4.72242531e-01
3.80022800e-06,4.72297929e-01
3.80032800e-06,4.72353740e-01
3.80042800e-06,4.72409131e-01
3.80052800e-06,4.72464935e-01
3.80062800e-06,4.72520317e-01
3.80072800e-06,4.72576113e-01
3.80082800e-06,4.72631488e-01
3.80092800e-06,4.72687276e-01
3.80102800e-06,4.72742644e-01
3.80112800e-06,4.72798423e-01
3.80122800e-06,4.72853783e-01
3.80132800e-06,4.72909555e-01
3.80142800e-06,4.72964908e-01
3.80152800e-06,4.73020672e-01
3.80162800e-06,4.73076016e-01
3.80172800e-06,4.73131773e-01
3.80182800e-06,4.73187110e-01
3.80192800e-06,4.73242858e-01
3.80202800e-06,4.73298188e-01
3.80212800e-06,4.73353929e-01
3.80222800e-06,4.73409251e-01
3.80232800e-06,4.73464984e-01
3.80242800e-06,4.73520300e-01
3.80252800e-06,4.73576025e-01
3.80262800e-06,4.73631333e-01
3.80272800e-06,4.73687050e-01
3.80282800e-06,4.73742351e-01
3.80292800e-06,4.73798060e-01
3.80302800e-06,4.73853354e-01
3.80312800e-06,4.73909056e-01
3.80322800e-06,4.73964342e-01
3.80332800e-06,4.74020037e-01
3.80342800e-06,4.74075316e-01
3.80352800e-06,4.74131003e-01
3.80362800e-06,4.74186274e-01
3.80372800e-06,4.74241954e-01
3.80382800e-06,4.74297219e-01
3.80392800e-06,4.74352891e-01
3.80402800e-06,4.74408148e-01
3.80412800e-06,4.74463813e-01
3.80422800e-06,4.74519064e-01
3.80432800e-06,4.74574721e-01
3.80442800e-06,4.74629964e-01
3.80452800e-06,4.74685614e-01
3.80462800e-06,4.74740851e-01
3.80472800e-06,4.74796493e-01
3.80482800e-06,4.74851723e-01
3.80492800e-06,4.74907358e-01
3.80502800e-06,4.74962581e-01
3.80512800e-06,4.75018209e-01
3.80522800e-06,4.75073425e-01
3.80532800e-06,4.75129046e-01
3.80542800e-06,4.75184255e-01
3.80552800e-06,4.75239868e-01
3.80562800e-06,4.75295070e-01
3.80572800e-06,4.75350677e-01
3.80582800e-06,4.75405872e-01
3.80592800e-06,4.75461472e-01
3.80602800e-06,4.75516660e-01
3.80612800e-06,4.75572252e-01
3.80622800e-06,4.75627434e-01
3.80632800e-06,4.75683019e-01
3.80642800e-06,4.75738195e-01
3.80652800e-06,4.75793773e-01
3.80662800e-06,4.75848941e-01
3.80672800e-06,4.75904513e-01
3.80682800e-06,4.75959675e-01
3.80692800e-06,4.76015239e-01
3.80702800e-06,4.76070394e-01
3.80712800e-06,4.76125951e-01
3.80722800e-06,4.76181100e-01
3.80732800e-06,4.76236651e-01
3.80742800e-06,4.76291793e-01
3.80752800e-06,4.76347336e-01
3.80762800e-06,4.76402472e-01
3.80772800e-06,4.76458009e-01
3.80782800e-06,4.76513138e-01
3.80792800e-06,4.76568668e-01
3.80802800e-06,4.76623791e-01
3.80812800e-06,4.76679314e-01
3.80822800e-06,4.76734431e-01
3.80832800e-06,4.76789947e-01
3.80842800e-06,4.76845058e-01
3.80852800e-06,4.76900567e-01
3.80862800e-06,4.76955671e-01
3.80872800e-06,4.77011174e-01
3.80882800e-06,4.77066272e-01
3.80892800e-06,4.77121768e-01
3.80902800e-06,4.77176860e-01
3.80912800e-06,4.77232349e-01
3.80922800e-06,4.77287434e-01
3.80932800e-06,4.77342918e-01
3.80942800e-06,4.77397997e-01
3.80952800e-06,4.77453473e-01
3.80962800e-06,4.77508546e-01
3.80972800e-06,4.77564016e-01
3.80982800e-06,4.77619083e-01
3.80992800e-06,4.77674547e-01
3.81002800e-06,4.77729607e-01
3.81012800e-06,4.77785064e-01
3.81022800e-06,4.77840119e-01
3.81032800e-06,4.77895570e-01
3.81042800e-06,4.77950618e-01
3.81052800e-06,4.78006063e-01
3.81062800e-06,4.78061105e-01
3.81072800e-06,4.78116543e-01
3.81082800e-06,4.78171580e-01
3.81092800e-06,4.78227011e-01
3.81102800e-06,4.78282042e-01
3.81112800e-06,4.78337467e-01
3.81122800e-06,4.78392492e-01
3.81132800e-06,4.78447911e-01
3.81142800e-06,4.78502930e-01
3.81152800e-06,4.78558343e-01
3.81162800e-06,4.78613356e-01
3.81172800e-06,4.78668762e-01
3.81182800e-06,4.78723769e-01
3.81192800e-06,4.78779170e-01
3.81202800e-06,4.78834171e-01
3.81212800e-06,4.78889566e-01
3.81222800e-06,4.78944561e-01
3.81232800e-06,4.78999949e-01
3.81242800e-06,4.79054939e-01
3.81252800e-06,4.79110321e-01
3.81262800e-06,4.79165305e-01
3.81272800e-06,4.79220682e-01
3.81282800e-06,4.79275660e-01
3.81292800e-06,4.79331030e-01
3.81302800e-06,4.79386003e-01
3.81312800e-06,4.79441367e-01
3.81322800e-06,4.79496334e-01
3.81332800e-06,4.79551692e-01
3.81342800e-06,4.79606654e-01
3.81352800e-06,4.79662006e-01
3.81362800e-06,4.79716962e-01
3.81372800e-06,4.79772309e-01
3.81382800e-06,4.79827259e-01
3.81392800e-06,4.79882599e-01
3.81402800e-06,4.79937544e-01
3.81412800e-06,4.79992879e-01
3.81422800e-06,4.80047818e-01
3.81432800e-06,4.80103147e-01
3.81442800e-06,4.80158081e-01
3.81452800e-06,4.80213404e-01
3.81462800e-06,4.80268333e-01
3.81472800e-06,4.80323650e-01
3.81482800e-06,4.80378573e-01
3.81492800e-06,4.80433885e-01
3.81502800e-06,4.80488803e-01
3.81512800e-06,4.80544109e-01
3.81522800e-06,4.80599021e-01
3.81532800e-06,4.80654321e-01
3.81542800e-06,4.80709229e-01
3.81552800e-06,4.80764523e-01
3.81562800e-06,4.80819425e-01
3.81572800e-06,4.80874714e-01
3.81582800e-06,4.80929611e-01
3.81592800e-06,4.80984894e-01
3.81602800e-06,4.81039785e-01
3.81612800e-06,4.81095063e-01
3.81622800e-06,4.81149949e-01
3.81632800e-06,4.81205221e-01
3.81642800e-06,4.81260102e-01
3.81652800e-06,4.81315369e-01
3.81662800e-06,4.81370245e-01
3.81672800e-06,4.81425506e-01
3.81682800e-06,4.81480377e-01
3.81692800e-06,4.81535633e-01
3.81702800e-06,4.81590499e-01
3.81712800e-06,4.81645749e-01
3.81722800e-06,4.81700610e-01
3.81732800e-06,4.81755855e-01
3.81742800e-06,4.81810710e-01
3.81752800e-06,4.81865950e-01
3.81762800e-06,4.81920800e-01
3.81772800e-06,4.81976035e-01
3.81782800e-06,4.82030880e-01
3.81792800e-06,4.82086109e-01
3.81802800e-06,4.82140950e-01
3.81812800e-06,4.82196173e-01
3.81822800e-06,4.82251009e-01
3.81832800e-06,4.82306227e-01
3.81842800e-06,4.82361058e-01
3.81852800e-06,4.82416271e-01
3.81862800e-06,4.82471097e-01
3.81872800e-06,4.82526305e-01
3.81882800e-06,4.82581126e-01
3.81892800e-06,4.82636329e-01
3.81902800e-06,4.82691145e-01
3.81912800e-06,4.82746343e-01
3.81922800e-06,4.82801154e-01
3.81932800e-06,4.82856346e-01
3.81942800e-06,4.82911153e-01
3.81952800e-06,4.82966340e-01
3.81962800e-06,4.83021142e-01
3.81972800e-06,4.83076324e-01
3.81982800e-06,4.83131122e-01
3.81992800e-06,4.83186299e-01
3.82002800e-06,4.83241091e-01
3.82012800e-06,4.83296263e-01
3.82022800e-06,4.83351051e-01
3.82032800e-06,4.83406218e-01
3.82042800e-06,4.83461001e-01
3.82052800e-06,4.83516163e-01
3.82062800e-06,4.83570942e-01
3.82072800e-06,4.83626099e-01
3.82082800e-06,4.83680873e-01
3.82092800e-06,4.83736025e-01
3.82102800e-06,4.83790794e-01
3.82112800e-06,4.83845941e-01
3.82122800e-06,4.83900706e-01
3.82132800e-06,4.83955848e-01
3.82142800e-06,4.84010609e-01
3.82152800e-06,4.84065746e-01
3.82162800e-06,4.84120502e-01
3.82172800e-06,4.84175634e-01
3.82182800e-06,4.84230386e-01
3.82192800e-06,4.84285513e-01
3.82202800e-06,4.84340260e-01
3.82212800e-06,4.84395383e-01
3.82222800e-06,4.84450125e-01
3.82232800e-06,4.84505244e-01
3.82242800e-06,4.84559981e-01
3.82252800e-06,4.84615095e-01
3.82262800e-06,4.84669828e-01
3.82272800e-06,4.84724937e-01
3.82282800e-06,4.84779666e-01
3.82292800e-06,4.84834770e-01
3.82302800e-06,4.84889495e-01
3.82312800e-06,4.84944594e-01
3.82322800e-06,4.84999315e-01
3.82332800e-06,4.85054409e-01
3.82342800e-06,4.85109126e-01
3.82352800e-06,4.85164216e-01
3.82362800e-06,4.85218927e-01
3.82372800e-06,4.85274013e-01
3.82382800e-06,4.85328720e-01
3.82392800e-06,4.85383801e-01
3.82402800e-06,4.85438505e-01
3.82412800e-06,4.85493581e-01
3.82422800e-06,4.85548280e-01
3.82432800e-06,4.85603352e-01
3.82442800e-06,4.85658047e-01
3.82452800e-06,4.85713114e-01
3.82462800e-06,4.85767805e-01
3.82472800e-06,4.85822867e-01
3.82482800e-06,4.85877554e-01
3.82492800e-06,4.85932612e-01
3.82502800e-06,4.85987295e-01
3.82512800e-06,4.86042348e-01
3.82522800e-06,4.86097027e-01
3.82532800e-06,4.86152076e-01
3.82542800e-06,4.86206751e-01
3.82552800e-06,4.86261795e-01
3.82562800e-06,4.86316466e-01
3.82572800e-06,4.86371506e-01
3.82582800e-06,4.86426172e-01
3.82592800e-06,4.86481208e-01
3.82602800e-06,4.86535871e-01
3.82612800e-06,4.86590902e-01
3.82622800e-06,4.86645561e-01
3.82632800e-06,4.86700588e-01
3.82642800e-06,4.86755242e-01
3.82652800e-06,4.86810265e-01
3.82662800e-06,4.86864916e-01
3.82672800e-06,4.86919934e-01
3.82682800e-06,4.86974581e-01
3.82692800e-06,4.87029595e-01
3.82702800e-06,4.87084238e-01
3.82712800e-06,4.87139248e-01
3.82722800e-06,4.87193886e-01
3.82732800e-06,4.87248892e-01
3.82742800e-06,4.87303527e-01
3.82752800e-06,4.87358529e-01
3.82762800e-06,4.87413160e-01
3.82772800e-06,4.87468157e-01
3.82782800e-06,4.87522784e-01
3.82792800e-06,4.87577778e-01
3.82802800e-06,4.87632401e-01
3.82812800e-06,4.87687390e-01
3.82822800e-06,4.87742010e-01
3.82832800e-06,4.87796995e-01
3.82842800e-06,4.87851610e-01
3.82852800e-06,4.87906591e-01
3.82862800e-06,4.87961203e-01
3.82872800e-06,4.88016180e-01
3.82882800e-06,4.88070788e-01
3.82892800e-06,4.88125761e-01
3.82902800e-06,4.88180366e-01
3.82912800e-06,4.88235334e-01
3.82922800e-06,4.88289935e-01
3.82932800e-06,4.88344900e-01
3.82942800e-06,4.88399497e-01
3.82952800e-06,4.88454458e-01
3.82962800e-06,4.88509051e-01
3.82972800e-06,4.88564008e-01
3.82982800e-06,4.88618598e-01
3.82992800e-06,4.88673550e-01
3.83002800e-06,4.88728137e-01
3.83012800e-06,4.88783085e-01
3.83022800e-06,4.88837668e-01
3.83032800e-06,4.88892613e-01
3.83042800e-06,4.88947192e-01
3.83052800e-06,4.89002133e-01
3.83062800e-06,4.89056708e-01
3.83072800e-06,4.89111645e-01
3.83082800e-06,4.89166217e-01
3.83092800e-06,4.89221150e-01
3.83102800e-06,4.89275718e-01
3.83112800e-06,4.89330648e-01
3.83122800e-06,4.89385213e-01
3.83132800e-06,4.89440138e-01
3.83142800e-06,4.89494699e-01
3.83152800e-06,4.89549621e-01
3.83162800e-06,4.89604179e-01
3.83172800e-06,4.89659096e-01
3.83182800e-06,4.89713651e-01
3.83192800e-06,4.89768565e-01
3.83202800e-06,4.89823116e-01
3.83212800e-06,4.89878026e-01
3.83222800e-06,4.89932574e-01
3.83232800e-06,4.89987480e-01
3.83242800e-06,4.90042024e-01
3.83252800e-06,4.90096927e-01
3.83262800e-06,4.90151468e-01
3.83272800e-06,4.90206367e-01
3.83282800e-06,4.90260904e-01
3.83292800e-06,4.90315799e-01
3.83302800e-06,4.90370333e-01
3.83312800e-06,4.90425225e-01
3.83322800e-06,4.90479756e-01
3.83332800e-06,4.90534643e-01
3.83342800e-06,4.90589171e-01
3.83352800e-06,4.90644055e-01
3.83362800e-06,4.90698579e-01
3.83372800e-06,4.90753460e-01
3.83382800e-06,4.90807981e-01
3.83392800e-06,4.90862857e-01
3.83402800e-06,4.90917375e-01
3.83412800e-06,4.90972248e-01
3.83422800e-06,4.91026763e-01
3.83432800e-06,4.91081632e-01
3.83442800e-06,4.91136143e-01
3.83452800e-06,4.91191010e-01
3.83462800e-06,4.91245517e-01
3.83472800e-06,4.91300380e-01
3.83482800e-06,4.91354885e-01
3.83492800e-06,4.91409744e-01
3.83502800e-06,4.91464245e-01
3.83512800e-06,4.91519101e-01
3.83522800e-06,4.91573599e-01
3.83532800e-06,4.91628451e-01
3.83542800e-06,4.91682946e-01
3.83552800e-06,4.91737795e-01
3.83562800e-06,4.91792287e-01
3.83572800e-06,4.91847132e-01
3.83582800e-06,4.91901621e-01
3.83592800e-06,4.91956462e-01
3.83602800e-06,4.92010948e-01
3.83612800e-06,4.92065786e-01
3.83622800e-06,4.92120269e-01
3.83632800e-06,4.92175103e-01
3.83642800e-06,4.92229583e-01
3.83652800e-06,4.92284414e-01
3.83662800e-06,4.92338891e-01
3.83672800e-06,4.92393719e-01
3.83682800e-06,4.92448192e-01
3.83692800e-06,4.92503017e-01
3.83702800e-06,4.92557487e-01
3.83712800e-06,4.92612308e-01
3.83722800e-06,4.92666776e-01
3.83732800e-06,4.92721593e-01
3.83742800e-06,4.92776058e-01
3.83752800e-06,4.92830872e-01
3.83762800e-06,4.92885334e-01
3.83772800e-06,4.92940145e-01
3.83782800e-06,4.92994603e-01
3.83792800e-06,4.93049411e-01
3.83802800e-06,4.93103866e-01
3.83812800e-06,4.93158671e-01
3.83822800e-06,4.93213123e-01
3.83832800e-06,4.93267925e-01
3.83842800e-06,4.93322374e-01
3.83852800e-06,4.93377172e-01
3.83862800e-06,4.93431619e-01
3.83872800e-06,4.93486414e-01
3.83882800e-06,4.93540857e-01
3.83892800e-06,4.93595649e-01
3.83902800e-06,4.93650090e-01
3.83912800e-06,4.93704878e-01
3.83922800e-06,4.93759316e-01
3.83932800e-06,4.93814101e-01
3.83942800e-06,4.93868536e-01
3.83952800e-06,4.93923318e-01
3.83962800e-06,4.93977750e-01
3.83972800e-06,4.94032529e-01
3.83982800e-06,4.94086958e-01
3.83992800e-06,4.94141734e-01
3.84002800e-06,4.94196160e-01
3.84012800e-06,4.94250933e-01
3.84022800e-06,4.94305356e-01
3.84032800e-06,4.94360126e-01
3.84042800e-06,4.94414547e-01
3.84052800e-06,4.94469313e-01
3.84062800e-06,4.94523731e-01
3.84072800e-06,4.94578494e-01
3.84082800e-06,4.94632909e-01
3.84092800e-06,4.94687669e-01
3.84102800e-06,4.94742082e-01
3.84112800e-06,4.94796838e-01
3.84122800e-06,4.94851248e-01
3.84132800e-06,4.94906002e-01
3.84142800e-06,4.94960409e-01
3.84152800e-06,4.95015160e-01
3.84162800e-06,4.95069564e-01
3.84172800e-06,4.95124312e-01
3.84182800e-06,4.95178714e-01
3.84192800e-06,4.95233458e-01
3.84202800e-06,4.95287857e-01
3.84212800e-06,4.95342599e-01
3.84222800e-06,4.95396995e-01
3.84232800e-06,4.95451733e-01
3.84242800e-06,4.95506127e-01
3.84252800e-06,4.95560863e-01
3.84262800e-06,4.95615254e-01
3.84272800e-06,4.95669986e-01
3.84282800e-06,4.95724375e-01
3.84292800e-06,4.95779104e-01
3.84302800e-06,4.95833490e-01
3.84312800e-06,4.95888216e-01
3.84322800e-06,4.95942600e-01
3.84332800e-06,4.95997323e-01
3.84342800e-06,4.96051704e-01
3.84352800e-06,4.96106424e-01
3.84362800e-06,4.96160802e-01
3.84372800e-06,4.96215520e-01
3.84382800e-06,4.96269896e-01
3.84392800e-06,4.96324610e-01
3.84402800e-06,4.96378983e-01
3.84412800e-06,4.96433695e-01
3.84422800e-06,4.96488065e-01
3.84432800e-06,4.96542774e-01
3.84442800e-06,4.96597142e-01
3.84452800e-06,4.96651848e-01
3.84462800e-06,4.96706213e-01
3.84472800e-06,4.96760916e-01
3.84482800e-06,4.96815279e-01
3.84492800e-06,4.96869979e-01
3.84502800e-06,4.96924340e-01
3.84512800e-06,4.96979037e-01
3.84522800e-06,4.97033395e-01
3.84532800e-06,4.97088089e-01
3.84542800e-06,4.97142444e-01
3.84552800e-06,4.97197136e-01
3.84562800e-06,4.97251489e-01
3.84572800e-06,4.97306178e-01
3.84582800e-06,4.97360528e-01
3.84592800e-06,4.97415214e-01
3.84602800e-06,4.97469562e-01
3.84612800e-06,4.97524246e-01
3.84622800e-06,4.97578591e-01
3.84632800e-06,4.97633271e-01
3.84642800e-06,4.97687614e-01
3.84652800e-06,4.97742292e-01
3.84662800e-06,4.97796633e-01
3.84672800e-06,4.97851308e-01
3.84682800e-06,4.97905646e-01
3.84692800e-06,4.97960318e-01
3.84702800e-06,4.98014654e-01
3.84712800e-06,4.98069323e-01
3.84722800e-06,4.98123656e-01
3.84732800e-06,4.98178323e-01
3.84742800e-06,4.98232654e-01
3.84752800e-06,4.98287318e-01
3.84762800e-06,4.98341647e-01
3.84772800e-06,4.98396308e-01
3.84782800e-06,4.98450634e-01
3.84792800e-06,4.98505293e-01
3.84802800e-06,4.98559617e-01
3.84812800e-06,4.98614273e-01
3.84822800e-06,4.98668594e-01
3.84832800e-06,4.98723247e-01
3.84842800e-06,4.98777566e-01
3.84852800e-06,4.98832217e-01
3.84862800e-06,4.98886534e-01
3.84872800e-06,4.98941182e-01
3.84882800e-06,4.98995496e-01
3.84892800e-06,4.99050141e-01
3.84902800e-06,4.99104453e-01
3.84912800e-06,4.99159096e-01
3.84922800e-06,4.99213406e-01
3.84932800e-06,4.99268046e-01
3.84942800e-06,4.99322353e-01
3.84952800e-06,4.99376991e-01
3.84962800e-06,4.99431296e-01
3.84972800e-06,4.99485931e-01
3.84982800e-06,4.99540234e-01
3.84992800e-06,4.99594866e-01
3.85002800e-06,4.99649167e-01
3.85012800e-06,4.99703796e-01
3.85022800e-06,4.99758095e-01
3.85032800e-06,4.99812722e-01
3.85042800e-06,4.99867018e-01
3.85052800e-06,4.99921642e-01
3.85062800e-06,4.99975936e-01
3.85072800e-06,5.00030558e-01
3.85082800e-06,5.00084850e-01
3.85092800e-06,5.00139469e-01
3.85102800e-06,5.00193759e-01
3.85112800e-06,5.00248375e-01
3.85122800e-06,5.00302663e-01
3.85132800e-06,5.00357277e-01
3.85142800e-06,5.00411562e-01
3.85152800e-06,5.00466174e-01
3.85162800e-06,5.00520456e-01
3.85172800e-06,5.00575066e-01
3.85182800e-06,5.00629346e-01
3.85192800e-06,5.00683953e-01
3.85202800e-06,5.00738231e-01
3.85212800e-06,5.00792836e-01
3.85222800e-06,5.00847112e-01
3.85232800e-06,5.00901714e-01
3.85242800e-06,5.00955988e-01
3.85252800e-06,5.01010587e-01
3.85262800e-06,5.01064859e-01
3.85272800e-06,5.01119455e-01
3.85282800e-06,5.01173725e-01
3.85292800e-06,5.01228319e-01
3.85302800e-06,5.01282587e-01
3.85312800e-06,5.01337179e-01
3.85322800e-06,5.01391444e-01
3.85332800e-06,5.01446034e-01
3.85342800e-06,5.01500297e-01
3.85352800e-06,5.01554884e-01
3.85362800e-06,5.01609145e-01
3.85372800e-06,5.01663730e-01
3.85382800e-06,5.01717989e-01
3.85392800e-06,5.01772571e-01
3.85402800e-06,5.01826828e-01
3.85412800e-06,5.01881407e-01
3.85422800e-06,5.01935662e-01
3.85432800e-06,5.01990239e-01
3.85442800e-06,5.02044492e-01
3.85452800e-06,5.02099067e-01
3.85462800e-06,5.02153317e-01
3.85472800e-06,5.02207890e-01
3.85482800e-06,5.02262139e-01
3.85492800e-06,5.02316708e-01
3.85502800e-06,5.02370955e-01
3.85512800e-06,5.02425523e-01
3.85522800e-06,5.02479767e-01
3.85532800e-06,5.02534332e-01
3.85542800e-06,5.02588575e-01
3.85552800e-06,5.02643138e-01
3.85562800e-06,5.02697378e-01
3.85572800e-06,5.02751938e-01
3.85582800e-06,5.02806177e-01
3.85592800e-06,5.02860735e-01
3.85602800e-06,5.02914971e-01
3.85612800e-06,5.02969527e-01
3.85622800e-06,5.03023761e-01
3.85632800e-06,5.03078314e-01
3.85642800e-06,5.03132547e-01
3.85652800e-06,5.03187098e-01
3.85662800e-06,5.03241328e-01
3.85672800e-06,5.03295877e-01
3.85682800e-06,5.03350105e-01
3.85692800e-06,5.03404651e-01
3.85702800e-06,5.03458877e-01
3.85712800e-06,5.03513421e-01
3.85722800e-06,5.03567646e-01
3.85732800e-06,5.03622187e-01
3.85742800e-06,5.03676410e-01
3.85752800e-06,5.03730949e-01
3.85762800e-06,5.03785169e-01
3.85772800e-06,5.03839706e-01
3.85782800e-06,5.03893924e-01
3.85792800e-06,5.03948459e-01
3.85802800e-06,5.04002676e-01
3.85812800e-06,5.04057208e-01
3.85822800e-06,5.04111422e-01
3.85832800e-06,5.04165952e-01
3.85842800e-06,5.04220165e-01
3.85852800e-06,5.04274693e-01
3.85862800e-06,5.04328903e-01
3.85872800e-06,5.04383429e-01
3.85882800e-06,5.04437637e-01
3.85892800e-06,5.04492161e-01
3.85902800e-06,5.04546367e-01
3.85912800e-06,5.04600888e-01
3.85922800e-06,5.04655093e-01
3.85932800e-06,5.04709612e-01
3.85942800e-06,5.04763814e-01
3.85952800e-06,5.04818331e-01
3.85962800e-06,5.04872532e-01
3.85972800e-06,5.04927046e-01
3.85982800e-06,5.04981245e-01
3.85992800e-06,5.05035757e-01
3.86002800e-06,5.05089954e-01
3.86012800e-06,5.05144463e-01
3.86022800e-06,5.05198658e-01
3.86032800e-06,5.05253166e-01
3.86042800e-06,5.05307359e-01
3.86052800e-06,5.05361864e-01
3.86062800e-06,5.05416055e-01
3.86072800e-06,5.05470558e-01
3.86082800e-06,5.05524748e-01
3.86092800e-06,5.05579249e-01
3.86102800e-06,5.05633436e-01
3.86112800e-06,5.05687935e-01
3.86122800e-06,5.05742120e-01
3.86132800e-06,5.05796616e-01
3.86142800e-06,5.05850800e-01
3.86152800e-06,5.05905294e-01
3.86162800e-06,5.05959476e-01
3.86172800e-06,5.06013968e-01
3.86182800e-06,5.06068148e-01
3.86192800e-06,5.06122638e-01
3.86202800e-06,5.06176816e-01
3.86212800e-06,5.06231303e-01
3.86222800e-06,5.06285479e-01
3.86232800e-06,5.06339965e-01
3.86242800e-06,5.06394139e-01
3.86252800e-06,5.06448622e-01
3.86262800e-06,5.06502795e-01
3.86272800e-06,5.06557276e-01
3.86282800e-06,5.06611446e-01
3.86292800e-06,5.06665925e-01
3.86302800e-06,5.06720094e-01
3.86312800e-06,5.06774570e-01
3.86322800e-06,5.06828737e-01
3.86332800e-06,5.06883212e-01
3.86342800e-06,5.06937377e-01
3.86352800e-06,5.06991849e-01
3.86362800e-06,5.07046012e-01
3.86372800e-06,5.07100482e-01
3.86382800e-06,5.07154644e-01
3.86392800e-06,5.07209112e-01
3.86402800e-06,5.07263271e-01
3.86412800e-06,5.07317737e-01
3.86422800e-06,5.07371895e-01
3.86432800e-06,5.07426358e-01
3.86442800e-06,5.07480514e-01
3.86452800e-06,5.07534976e-01
3.86462800e-06,5.07589130e-01
3.86472800e-06,5.07643589e-01
3.86482800e-06,5.07697741e-01
3.86492800e-06,5.07752199e-01
3.86502800e-06,5.07806349e-01
3.86512800e-06,5.07860804e-01
3.86522800e-06,5.07914953e-01
3.86532800e-06,5.07969406e-01
3.86542800e-06,5.08023552e-01
3.86552800e-06,5.08078003e-01
3.86562800e-06,5.08132148e-01
3.86572800e-06,5.08186597e-01
3.86582800e-06,5.08240740e-01
3.86592800e-06,5.08295186e-01
3.86602800e-06,5.08349328e-01
3.86612800e-06,5.08403772e-01
3.86622800e-06,5.08457912e-01
3.86632800e-06,5.08512354e-01
3.86642800e-06,5.08566492e-01
3.86652800e-06,5.08620932e-01
3.86662800e-06,5.08675068e-01
3.86672800e-06,5.08729506e-01
3.86682800e-06,5.08783640e-01
3.86692800e-06,5.08838076e-01
3.86702800e-06,5.08892209e-01
3.86712800e-06,5.08946643e-01
3.86722800e-06,5.09000773e-01
3.86732800e-06,5.09055205e-01
3.86742800e-06,5.09109334e-01
3.86752800e-06,5.09163763e-01
3.86762800e-06,5.09217890e-01
3.86772800e-06,5.09272318e-01
3.86782800e-06,5.09326443e-01
3.86792800e-06,5.09380869e-01
3.86802800e-06,5.09434992e-01
3.86812800e-06,5.09489415e-01
3.86822800e-06,5.09543537e-01
3.86832800e-06,5.09597958e-01
3.86842800e-06,5.09652078e-01
3.86852800e-06,5.09706498e-01
3.86862800e-06,5.09760616e-01
3.86872800e-06,5.09815033e-01
3.86882800e-06,5.09869149e-01
3.86892800e-06,5.09923564e-01
3.86902800e-06,5.09977679e-01
3.86912800e-06,5.10032092e-01
3.86922800e-06,5.10086204e-01
3.86932800e-06,5.10140615e-01
3.86942800e-06,5.10194726e-01
3.86952800e-06,5.10249135e-01
3.86962800e-06,5.10303244e-01
3.86972800e-06,5.10357651e-01
3.86982800e-06,5.10411758e-01
3.86992800e-06,5.10466163e-01
3.87002800e-06,5.10520269e-01
3.87012800e-06,5.10574671e-01
3.87022800e-06,5.10628775e-01
3.87032800e-06,5.10683175e-01
3.87042800e-06,5.10737278e-01
3.87052800e-06,5.10791676e-01
3.87062800e-06,5.10845776e-01
3.87072800e-06,5.10900172e-01
3.87082800e-06,5.10954271e-01
3.87092800e-06,5.11008665e-01
3.87102800e-06,5.11062762e-01
3.87112800e-06,5.11117154e-01
3.87122800e-06,5.11171249e-01
3.87132800e-06,5.11225639e-01
3.87142800e-06,5.11279733e-01
3.87152800e-06,5.11334121e-01
3.87162800e-06,5.11388212e-01
3.87172800e-06,5.11442598e-01
3.87182800e-06,5.11496688e-01
3.87192800e-06,5.11551072e-01
3.87202800e-06,5.11605160e-01
3.87212800e-06,5.11659542e-01
3.87222800e-06,5.11713628e-01
3.87232800e-06,5.11768008e-01
3.87242800e-06,5.11822092e-01
3.87252800e-06,5.11876470e-01
3.87262800e-06,5.11930553e-01
3.87272800e-06,5.11984928e-01
3.87282800e-06,5.12039009e-01
3.87292800e-06,5.12093383e-01
3.87302800e-06,5.12147462e-01
3.87312800e-06,5.12201833e-01
3.87322800e-06,5.12255911e-01
3.87332800e-06,5.12310280e-01
3.87342800e-06,5.12364356e-01
3.87352800e-06,5.12418723e-01
3.87362800e-06,5.12472798e-01
3.87372800e-06,5.12527163e-01
3.87382800e-06,5.12581235e-01
3.87392800e-06,5.12635598e-01
3.87402800e-06,5.12689669e-01
3.87412800e-06,5.12744029e-01
3.87422800e-06,5.12798098e-01
3.87432800e-06,5.12852457e-01
3.87442800e-06,5.12906524e-01
3.87452800e-06,5.12960881e-01
3.87462800e-06,5.13014946e-01
3.87472800e-06,5.13069301e-01
3.87482800e-06,5.13123365e-01
3.87492800e-06,5.13177717e-01
3.87502800e-06,5.13231779e-01
3.87512800e-06,5.13286130e-01
3.87522800e-06,5.13340190e-01
3.87532800e-06,5.13394538e-01
3.87542800e-06,5.13448597e-01
3.87552800e-06,5.13502943e-01
3.87562800e-06,5.13557000e-01
3.87572800e-06,5.13611344e-01
3.87582800e-06,5.13665399e-01
3.87592800e-06,5.13719741e-01
3.87602800e-06,5.13773794e-01
3.87612800e-06,5.13828134e-01
3.87622800e-06,5.13882186e-01
3.87632800e-06,5.13936524e-01
3.87642800e-06,5.13990573e-01
3.87652800e-06,5.14044909e-01
3.87662800e-06,5.14098957e-01
3.87672800e-06,5.14153291e-01
3.87682800e-06,5.14207337e-01
3.87692800e-06,5.14261669e-01
3.87702800e-06,5.14315713e-01
3.87712800e-06,5.14370043e-01
3.87722800e-06,5.14424085e-01
3.87732800e-06,5.14478413e-01
3.87742800e-06,5.14532453e-01
3.87752800e-06,5.14586779e-01
3.87762800e-06,5.14640818e-01
3.87772800e-06,5.14695141e-01
3.87782800e-06,5.14749179e-01
3.87792800e-06,5.14803500e-01
3.87802800e-06,5.14857535e-01
3.87812800e-06,5.14911855e-01
3.87822800e-06,5.14965888e-01
3.87832800e-06,5.15020205e-01
3.87842800e-06,5.15074237e-01
3.87852800e-06,5.15128552e-01
3.87862800e-06,5.15182582e-01
3.87872800e-06,5.15236895e-01
3.87882800e-06,5.15290923e-01
3.87892800e-06,5.15345234e-01
3.87902800e-06,5.15399261e-01
3.87912800e-06,5.15453570e-01
3.87922800e-06,5.15507594e-01
3.87932800e-06,5.15561901e-01
3.87942800e-06,5.15615924e-01
3.87952800e-06,5.15670228e-01
3.87962800e-06,5.15724249e-01
3.87972800e-06,5.15778552e-01
3.87982800e-06,5.15832571e-01
3.87992800e-06,5.15886871e-01
3.88002800e-06,5.15940889e-01
3.88012800e-06,5.15995187e-01
3.88022800e-06,5.16049203e-01
3.88032800e-06,5.16103499e-01
3.88042800e-06,5.16157513e-01
3.88052800e-06,5.16211807e-01
3.88062800e-06,5.16265819e-01
3.88072800e-06,5.16320111e-01
3.88082800e-06,5.16374121e-01
3.88092800e-06,5.16428411e-01
3.88102800e-06,5.16482419e-01
3.88112800e-06,5.16536707e-01
3.88122800e-06,5.16590713e-01
3.88132800e-06,5.16644999e-01
3.88142800e-06,5.16699004e-01
3.88152800e-06,5.16753287e-01
3.88162800e-06,5.16807290e-01
3.88172800e-06,5.16861571e-01
3.88182800e-06,5.16915572e-01
3.88192800e-06,5.16969851e-01
3.88202800e-06,5.17023851e-01
3.88212800e-06,5.17078127e-01
3.88222800e-06,5.17132125e-01
3.88232800e-06,5.17186400e-01
3.88242800e-06,5.17240395e-01
3.88252800e-06,5.17294668e-01
3.88262800e-06,5.17348662e-01
3.88272800e-06,5.17402932e-01
3.88282800e-06,5.17456924e-01
3.88292800e-06,5.17511192e-01
3.88302800e-06,5.17565182e-01
3.88312800e-06,5.17619449e-01
3.88322800e-06,5.17673437e-01
3.88332800e-06,5.17727701e-01
3.88342800e-06,5.17781687e-01
3.88352800e-06,5.17835949e-01
3.88362800e-06,5.17889933e-01
3.88372800e-06,5.17944193e-01
3.88382800e-06,5.17998176e-01
3.88392800e-06,5.18052433e-01
3.88402800e-06,5.18106414e-01
3.88412800e-06,5.18160669e-01
3.88422800e-06,5.18214648e-01
3.88432800e-06,5.18268901e-01
3.88442800e-06,5.18322878e-01
3.88452800e-06,5.18377129e-01
3.88462800e-06,5.18431104e-01
3.88472800e-06,5.18485353e-01
3.88482800e-06,5.18539326e-01
3.88492800e-06,5.18593572e-01
3.88502800e-06,5.18647544e-01
3.88512800e-06,5.18701788e-01
3.88522800e-06,5.18755757e-01
3.88532800e-06,5.18809999e-01
3.88542800e-06,5.18863967e-01
3.88552800e-06,5.18918207e-01
3.88562800e-06,5.18972172e-01
3.88572800e-06,5.19026410e-01
3.88582800e-06,5.19080374e-01
3.88592800e-06,5.19134609e-01
3.88602800e-06,5.19188571e-01
3.88612800e-06,5.19242804e-01
3.88622800e-06,5.19296764e-01
3.88632800e-06,5.19350995e-01
3.88642800e-06,5.19404953e-01
3.88652800e-06,5.19459181e-01
3.88662800e-06,5.19513137e-01
3.88672800e-06,5.19567364e-01
3.88682800e-06,5.19621318e-01
3.88692800e-06,5.19675542e-01
3.88702800e-06,5.19729494e-01
3.88712800e-06,5.19783716e-01
3.88722800e-06,5.19837666e-01
3.88732800e-06,5.19891885e-01
3.88742800e-06,5.19945834e-01
3.88752800e-06,5.20000051e-01
3.88762800e-06,5.20053997e-01
3.88772800e-06,5.20108212e-01
3.88782800e-06,5.20162157e-01
3.88792800e-06,5.20216369e-01
3.88802800e-06,5.20270312e-01
3.88812800e-06,5.20324522e-01
3.88822800e-06,5.20378462e-01
3.88832800e-06,5.20432670e-01
3.88842800e-06,5.20486609e-01
3.88852800e-06,5.20540815e-01
3.88862800e-06,5.20594751e-01
3.88872800e-06,5.20648954e-01
3.88882800e-06,5.20702889e-01
3.88892800e-06,5.20757090e-01
3.88902800e-06,5.20811022e-01
3.88912800e-06,5.20865221e-01
3.88922800e-06,5.20919152e-01
3.88932800e-06,5.20973348e-01
3.88942800e-06,5.21027276e-01
3.88952800e-06,5.21081471e-01
3.88962800e-06,5.21135397e-01
3.88972800e-06,5.21189589e-01
3.88982800e-06,5.21243513e-01
3.88992800e-06,5.21297703e-01
3.89002800e-06,5.21351625e-01
3.89012800e-06,5.21405812e-01
3.89022800e-06,5.21459732e-01
3.89032800e-06,5.21513917e-01
3.89042800e-06,5.21567835e-01
3.89052800e-06,5.21622017e-01
3.89062800e-06,5.21675933e-01
3.89072800e-06,5.21730113e-01
3.89082800e-06,5.21784027e-01
3.89092800e-06,5.21838205e-01
3.89102800e-06,5.21892117e-01
3.89112800e-06,5.21946292e-01
3.89122800e-06,5.22000202e-01
3.89132800e-06,5.22054375e-01
3.89142800e-06,5.22108282e-01
3.89152800e-06,5.22162453e-01
3.89162800e-06,5.22216358e-01
3.89172800e-06,5.22270526e-01
3.89182800e-06,5.22324430e-01
3.89192800e-06,5.22378595e-01
3.89202800e-06,5.22432497e-01
3.89212800e-06,5.22486660e-01
3.89222800e-06,5.22540559e-01
3.89232800e-06,5.22594720e-01
3.89242800e-06,5.22648617e-01
3.89252800e-06,5.22702775e-01
3.89262800e-06,5.22756670e-01
3.89272800e-06,5.22810826e-01
3.89282800e-06,5.22864719e-01
3.89292800e-06,5.22918872e-01
3.89302800e-06,5.22972762e-01
3.89312800e-06,5.23026913e-01
3.89322800e-06,5.23080802e-01
3.89332800e-06,5.23134950e-01
3.89342800e-06,5.23188836e-01
3.89352800e-06,5.23242982e-01
3.89362800e-06,5.23296866e-01
3.89372800e-06,5.23351010e-01
3.89382800e-06,5.23404892e-01
3.89392800e-06,5.23459033e-01
3.89402800e-06,5.23512912e-01
3.89412800e-06,5.23567050e-01
3.89422800e-06,5.23620928e-01
3.89432800e-06,5.23675064e-01
3.89442800e-06,5.23728939e-01
3.89452800e-06,5.23783072e-01
3.89462800e-06,5.23836945e-01
3.89472800e-06,5.23891076e-01
3.89482800e-06,5.23944947e-01
3.89492800e-06,5.23999075e-01
3.89502800e-06,5.24052943e-01
3.89512800e-06,5.24107069e-01
3.89522800e-06,5.24160935e-01
3.89532800e-06,5.24215058e-01
3.89542800e-06,5.24268922e-01
3.89552800e-06,5.24323043e-01
3.89562800e-06,5.24376904e-01
3.89572800e-06,5.24431022e-01
3.89582800e-06,5.24484881e-01
3.89592800e-06,5.24538997e-01
3.89602800e-06,5.24592854e-01
3.89612800e-06,5.24646966e-01
3.89622800e-06,5.24700821e-01
3.89632800e-06,5.24754931e-01
3.89642800e-06,5.24808783e-01
3.89652800e-06,5.24862891e-01
3.89662800e-06,5.24916741e-01
3.89672800e-06,5.24970846e-01
3.89682800e-06,5.25024693e-01
3.89692800e-06,5.25078796e-01
3.89702800e-06,5.25132641e-01
3.89712800e-06,5.25186740e-01
3.89722800e-06,5.25240583e-01
3.89732800e-06,5.25294680e-01
3.89742800e-06,5.25348520e-01
3.89752800e-06,5.25402615e-01
3.89762800e-06,5.25456453e-01
3.89772800e-06,5.25510544e-01
3.89782800e-06,5.25564380e-01
3.89792800e-06,5.25618469e-01
3.89802800e-06,5.25672302e-01
3.89812800e-06,5.25726388e-01
3.89822800e-06,5.25780219e-01
3.89832800e-06,5.25834302e-01
3.89842800e-06,5.25888130e-01
3.89852800e-06,5.25942211e-01
3.89862800e-06,5.25996037e-01
3.89872800e-06,5.26050115e-01
3.89882800e-06,5.26103938e-01
3.89892800e-06,5.26158013e-01
3.89902800e-06,5.26211834e-01
3.89912800e-06,5.26265907e-01
3.89922800e-06,5.26319725e-01
3.89932800e-06,5.26373795e-01
3.89942800e-06,5.26427611e-01
3.89952800e-06,5.26481677e-01
3.89962800e-06,5.26535491e-01
3.89972800e-06,5.26589555e-01
3.89982800e-06,5.26643366e-01
3.89992800e-06,5.26697427e-01
3.90002800e-06,5.26751235e-01
3.90012800e-06,5.26805293e-01
3.90022800e-06,5.26859099e-01
3.90032800e-06,5.26913154e-01
3.90042800e-06,5.26966958e-01
3.90052800e-06,5.27021010e-01
3.90062800e-06,5.27074811e-01
3.90072800e-06,5.27128861e-01
3.90082800e-06,5.27182659e-01
3.90092800e-06,5.27236705e-01
3.90102800e-06,5.27290501e-01
3.90112800e-06,5.27344545e-01
3.90122800e-06,5.27398338e-01
3.90132800e-06,5.27452378e-01
3.90142800e-06,5.27506169e-01
3.90152800e-06,5.27560207e-01
3.90162800e-06,5.27613994e-01
3.90172800e-06,5.27668029e-01
3.90182800e-06,5.27721814e-01
3.90192800e-06,5.27775846e-01
3.90202800e-06,5.27829629e-01
3.90212800e-06,5.27883658e-01
3.90222800e-06,5.27937437e-01
3.90232800e-06,5.27991464e-01
3.90242800e-06,5.28045241e-01
3.90252800e-06,5.28099264e-01
3.90262800e-06,5.28153038e-01
3.90272800e-06,5.28207058e-01
3.90282800e-06,5.28260830e-01
3.90292800e-06,5.28314846e-01
3.90302800e-06,5.28368615e-01
3.90312800e-06,5.28422629e-01
3.90322800e-06,5.28476395e-01
3.90332800e-06,5.28530406e-01
3.90342800e-06,5.28584170e-01
3.90352800e-06,5.28638177e-01
3.90362800e-06,5.28691938e-01
3.90372800e-06,5.28745943e-01
3.90382800e-06,5.28799700e-01
3.90392800e-06,5.28853702e-01
3.90402800e-06,5.28907457e-01
3.90412800e-06,5.28961455e-01
3.90422800e-06,5.29015207e-01
3.90432800e-06,5.29069203e-01
3.90442800e-06,5.29122952e-01
3.90452800e-06,5.29176944e-01
3.90462800e-06,5.29230691e-01
3.90472800e-06,5.29284680e-01
3.90482800e-06,5.29338423e-01
3.90492800e-06,5.29392409e-01
3.90502800e-06,5.29446150e-01
3.90512800e-06,5.29500132e-01
3.90522800e-06,5.29553870e-01
3.90532800e-06,5.29607850e-01
3.90542800e-06,5.29661584e-01
3.90552800e-06,5.29715561e-01
3.90562800e-06,5.29769292e-01
3.90572800e-06,5.29823265e-01
3.90582800e-06,5.29876994e-01
3.90592800e-06,5.29930964e-01
3.90602800e-06,5.29984690e-01
3.90612800e-06,5.30038656e-01
3.90622800e-06,5.30092379e-01
3.90632800e-06,5.30146342e-01
3.90642800e-06,5.30200062e-01
3.90652800e-06,5.30254022e-01
3.90662800e-06,5.30307739e-01
3.90672800e-06,5.30361695e-01
3.90682800e-06,5.30415409e-01
3.90692800e-06,5.30469362e-01
3.90702800e-06,5.30523073e-01
3.90712800e-06,5.30577023e-01
3.90722800e-06,5.30630731e-01
3.90732800e-06,5.30684677e-01
3.90742800e-06,5.30738382e-01
3.90752800e-06,5.30792325e-01
3.90762800e-06,5.30846026e-01
3.90772800e-06,5.30899966e-01
3.90782800e-06,5.30953664e-01
3.90792800e-06,5.31007601e-01
3.90802800e-06,5.31061296e-01
3.90812800e-06,5.31115229e-01
3.90822800e-06,5.31168921e-01
3.90832800e-06,5.31222850e-01
3.90842800e-06,5.31276539e-01
3.90852800e-06,5.31330465e-01
3.90862800e-06,5.31384150e-01
3.90872800e-06,5.31438072e-01
3.90882800e-06,5.31491755e-01
3.90892800e-06,5.31545674e-01
3.90902800e-06,5.31599353e-01
3.90912800e-06,5.31653268e-01
3.90922800e-06,5.31706944e-01
3.90932800e-06,5.31760856e-01
3.90942800e-06,5.31814528e-01
3.90952800e-06,5.31868436e-01
3.90962800e-06,5.31922106e-01
3.90972800e-06,5.31976010e-01
3.90982800e-06,5.32029676e-01
3.90992800e-06,5.32083577e-01
3.91002800e-06,5.32137240e-01
3.91012800e-06,5.32191137e-01
3.91022800e-06,5.32244796e-01
3.91032800e-06,5.32298690e-01
3.91042800e-06,5.32352346e-01
3.91052800e-06,5.32406236e-01
3.91062800e-06,5.32459888e-01
3.91072800e-06,5.32513774e-01
3.91082800e-06,5.32567424e-01
3.91092800e-06,5.32621306e-01
3.91102800e-06,5.32674952e-01
3.91112800e-06,5.32728830e-01
3.91122800e-06,5.32782473e-01
3.91132800e-06,5.32836348e-01
3.91142800e-06,5.32889986e-01
3.91152800e-06,5.32943858e-01
3.91162800e-06,5.32997493e-01
3.91172800e-06,5.33051360e-01
3.91182800e-06,5.33104992e-01
3.91192800e-06,5.33158856e-01
3.91202800e-06,5.33212484e-01
3.91212800e-06,5.33266343e-01
3.91222800e-06,5.33319968e-01
3.91232800e-06,5.33373824e-01
3.91242800e-06,5.33427445e-01
3.91252800e-06,5.33481297e-01
3.91262800e-06,5.33534914e-01
3.91272800e-06,5.33588762e-01
3.91282800e-06,5.33642376e-01
3.91292800e-06,5.33696220e-01
3.91302800e-06,5.33749830e-01
3.91312800e-06,5.33803671e-01
3.91322800e-06,5.33857277e-01
3.91332800e-06,5.33911113e-01
3.91342800e-06,5.33964716e-01
3.91352800e-06,5.34018548e-01
3.91362800e-06,5.34072147e-01
3.91372800e-06,5.34125975e-01
3.91382800e-06,5.34179571e-01
3.91392800e-06,5.34233395e-01
3.91402800e-06,5.34286986e-01
3.91412800e-06,5.34340806e-01
3.91422800e-06,5.34394394e-01
3.91432800e-06,5.34448210e-01
3.91442800e-06,5.34501794e-01
3.91452800e-06,5.34555606e-01
3.91462800e-06,5.34609186e-01
3.91472800e-06,5.34662993e-01
3.91482800e-06,5.34716570e-01
3.91492800e-06,5.34770373e-01
3.91502800e-06,5.34823945e-01
3.91512800e-06,5.34877745e-01
3.91522800e-06,5.34931313e-01
3.91532800e-06,5.34985108e-01
3.91542800e-06,5.35038673e-01
3.91552800e-06,5.35092463e-01
3.91562800e-06,5.35146024e-01
3.91572800e-06,5.35199811e-01
3.91582800e-06,5.35253367e-01
3.91592800e-06,5.35307149e-01
3.91602800e-06,5.35360702e-01
3.91612800e-06,5.35414480e-01
3.91622800e-06,5.35468028e-01
3.91632800e-06,5.35521802e-01
3.91642800e-06,5.35575346e-01
3.91652800e-06,5.35629116e-01
3.91662800e-06,5.35682656e-01
3.91672800e-06,5.35736421e-01
3.91682800e-06,5.35789957e-01
3.91692800e-06,5.35843718e-01
3.91702800e-06,5.35897250e-01
3.91712800e-06,5.35951006e-01
3.91722800e-06,5.36004533e-01
3.91732800e-06,5.36058285e-01
3.91742800e-06,5.36111809e-01
3.91752800e-06,5.36165556e-01
3.91762800e-06,5.36219075e-01
3.91772800e-06,5.36272818e-01
3.91782800e-06,5.36326333e-01
3.91792800e-06,5.36380071e-01
3.91802800e-06,5.36433582e-01
3.91812800e-06,5.36487315e-01
3.91822800e-06,5.36540822e-01
3.91832800e-06,5.36594551e-01
3.91842800e-06,5.36648053e-01
3.91852800e-06,5.36701777e-01
3.91862800e-06,5.36755275e-01
3.91872800e-06,5.36808994e-01
3.91882800e-06,5.36862488e-01
3.91892800e-06,5.36916203e-01
3.91902800e-06,5.36969692e-01
3.91912800e-06,5.37023402e-01
3.91922800e-06,5.37076887e-01
3.91932800e-06,5.37130592e-01
3.91942800e-06,5.37184072e-01
3.91952800e-06,5.37237773e-01
3.91962800e-06,5.37291248e-01
3.91972800e-06,5.37344944e-01
3.91982800e-06,5.37398415e-01
3.91992800e-06,5.37452106e-01
3.92002800e-06,5.37505573e-01
3.92012800e-06,5.37559259e-01
3.92022800e-06,5.37612721e-01
3.92032800e-06,5.37666402e-01
3.92042800e-06,5.37719859e-01
3.92052800e-06,5.37773535e-01
3.92062800e-06,5.37826988e-01
3.92072800e-06,5.37880659e-01
3.92082800e-06,5.37934107e-01
3.92092800e-06,5.37987774e-01
3.92102800e-06,5.38041217e-01
3.92112800e-06,5.38094878e-01
3.92122800e-06,5.38148317e-01
3.92132800e-06,5.38201973e-01
3.92142800e-06,5.38255406e-01
3.92152800e-06,5.38309058e-01
3.92162800e-06,5.38362487e-01
3.92172800e-06,5.38416133e-01
3.92182800e-06,5.38469557e-01
3.92192800e-06,5.38523197e-01
3.92202800e-06,5.38576617e-01
3.92212800e-06,5.38630252e-01
3.92222800e-06,5.38683667e-01
3.92232800e-06,5.38737297e-01
3.92242800e-06,5.38790706e-01
3.92252800e-06,5.38844332e-01
3.92262800e-06,5.38897736e-01
3.92272800e-06,5.38951356e-01
3.92282800e-06,5.39004755e-01
3.92292800e-06,5.39058370e-01
3.92302800e-06,5.39111764e-01
3.92312800e-06,5.39165373e-01
3.92322800e-06,5.39218763e-01
3.92332800e-06,5.39272366e-01
3.92342800e-06,5.39325751e-01
3.92352800e-06,5.39379349e-01
3.92362800e-06,5.39432728e-01
3.92372800e-06,5.39486321e-01
3.92382800e-06,5.39539695e-01
3.92392800e-06,5.39593282e-01
3.92402800e-06,5.39646651e-01
3.92412800e-06,5.39700233e-01
3.92422800e-06,5.39753596e-01
3.92432800e-06,5.39807173e-01
3.92442800e-06,5.39860531e-01
3.92452800e-06,5.39914102e-01
3.92462800e-06,5.39967454e-01
3.92472800e-06,5.40021019e-01
3.92482800e-06,5.40074367e-01
3.92492800e-06,5.40127926e-01
3.92502800e-06,5.40181268e-01
3.92512800e-06,5.40234822e-01
3.92522800e-06,5.40288159e-01
3.92532800e-06,5.40341707e-01
3.92542800e-06,5.40395038e-01
3.92552800e-06,5.40448580e-01
3.92562800e-06,5.40501906e-01
3.92572800e-06,5.40555442e-01
3.92582800e-06,5.40608762e-01
3.92592800e-06,5.40662293e-01
3.92602800e-06,5.40715607e-01
3.92612800e-06,5.40769132e-01
3.92622800e-06,5.40822441e-01
3.92632800e-06,5.40875960e-01
3.92642800e-06,5.40929263e-01
3.92652800e-06,5.40982776e-01
3.92662800e-06,5.41036073e-01
3.92672800e-06,5.41089580e-01
3.92682800e-06,5.41142872e-01
3.92692800e-06,5.41196373e-01
3.92702800e-06,5.41249658e-01
3.92712800e-06,5.41303153e-01
3.92722800e-06,5.41356433e-01
3.92732800e-06,5.41409922e-01
3.92742800e-06,5.41463196e-01
3.92752800e-06,5.41516679e-01
3.92762800e-06,5.41569947e-01
3.92772800e-06,5.41623423e-01
3.92782800e-06,5.41676685e-01
3.92792800e-06,5.41730155e-01
3.92802800e-06,5.41783412e-01
3.92812800e-06,5.41836876e-01
3.92822800e-06,5.41890126e-01
3.92832800e-06,5.41943583e-01
3.92842800e-06,5.41996827e-01
3.92852800e-06,5.42050279e-01
3.92862800e-06,5.42103517e-01
3.92872800e-06,5.42156962e-01
3.92882800e-06,5.42210193e-01
3.92892800e-06,5.42263632e-01
3.92902800e-06,5.42316857e-01
3.92912800e-06,5.42370289e-01
3.92922800e-06,5.42423509e-01
3.92932800e-06,5.42476934e-01
3.92942800e-06,5.42530147e-01
3.92952800e-06,5.42583566e-01
3.92962800e-06,5.42636772e-01
3.92972800e-06,5.42690185e-01
3.92982800e-06,5.42743385e-01
3.92992800e-06,5.42796790e-01
3.93002800e-06,5.42849984e-01
3.93012800e-06,5.42903383e-01
3.93022800e-06,5.42956571e-01
3.93032800e-06,5.43009962e-01
3.93042800e-06,5.43063143e-01
3.93052800e-06,5.43116529e-01
3.93062800e-06,5.43169703e-01
3.93072800e-06,5.43223081e-01
3.93082800e-06,5.43276249e-01
3.93092800e-06,5.43329620e-01
3.93102800e-06,5.43382782e-01
3.93112800e-06,5.43436146e-01
3.93122800e-06,5.43489300e-01
3.93132800e-06,5.43542658e-01
3.93142800e-06,5.43595806e-01
3.93152800e-06,5.43649156e-01
3.93162800e-06,5.43702297e-01
3.93172800e-06,5.43755640e-01
3.93182800e-06,5.43808774e-01
3.93192800e-06,5.43862110e-01
3.93202800e-06,5.43915238e-01
3.93212800e-06,5.43968567e-01
3.93222800e-06,5.44021687e-01
3.93232800e-06,5.44075008e-01
3.93242800e-06,5.44128122e-01
3.93252800e-06,5.44181436e-01
3.93262800e-06,5.44234542e-01
3.93272800e-06,5.44287849e-01
3.93282800e-06,5.44340948e-01
3.93292800e-06,5.44394248e-01
3.93302800e-06,5.44447340e-01
3.93312800e-06,5.44500632e-01
3.93322800e-06,5.44553717e-01
3.93332800e-06,5.44607002e-01
3.93342800e-06,5.44660079e-01
3.93352800e-06,5.44713357e-01
3.93362800e-06,5.44766427e-01
3.93372800e-06,5.44819696e-01
3.93382800e-06,5.44872759e-01
3.93392800e-06,5.44926021e-01
3.93402800e-06,5.44979077e-01
3.93412800e-06,5.45032331e-01
3.93422800e-06,5.45085379e-01
3.93432800e-06,5.45138625e-01
3.93442800e-06,5.45191666e-01
3.93452800e-06,5.45244905e-01
3.93462800e-06,5.45297937e-01
3.93472800e-06,5.45351168e-01
3.93482800e-06,5.45404194e-01
3.93492800e-06,5.45457417e-01
3.93502800e-06,5.45510434e-01
3.93512800e-06,5.45563649e-01
3.93522800e-06,5.45616659e-01
3.93532800e-06,5.45669866e-01
3.93542800e-06,5.45722868e-01
3.93552800e-06,5.45776067e-01
3.93562800e-06,5.45829061e-01
3.93572800e-06,5.45882252e-01
3.93582800e-06,5.45935238e-01
3.93592800e-06,5.45988421e-01
3.93602800e-06,5.46041399e-01
3.93612800e-06,5.46094573e-01
3.93622800e-06,5.46147543e-01
3.93632800e-06,5.46200709e-01
3.93642800e-06,5.46253672e-01
3.93652800e-06,5.46306829e-01
3.93662800e-06,5.46359783e-01
3.93672800e-06,5.46412932e-01
3.93682800e-06,5.46465878e-01
3.93692800e-06,5.46519019e-01
3.93702800e-06,5.46571957e-01
3.93712800e-06,5.46625089e-01
3.93722800e-06,5.46678018e-01
3.93732800e-06,5.46731141e-01
3.93742800e-06,5.46784062e-01
3.93752800e-06,5.46837177e-01
3.93762800e-06,5.46890090e-01
3.93772800e-06,5.46943196e-01
3.93782800e-06,5.46996100e-01
3.93792800e-06,5.47049197e-01
3.93802800e-06,5.47102092e-01
3.93812800e-06,5.47155181e-01
3.93822800e-06,5.47208068e-01
3.93832800e-06,5.47261147e-01
3.93842800e-06,5.47314025e-01
3.93852800e-06,5.47367096e-01
3.93862800e-06,5.47419965e-01
3.93872800e-06,5.47473026e-01
3.93882800e-06,5.47525887e-01
3.93892800e-06,5.47578939e-01
3.93902800e-06,5.47631791e-01
3.93912800e-06,5.47684834e-01
3.93922800e-06,5.47737677e-01
3.93932800e-06,5.47790710e-01
3.93942800e-06,5.47843544e-01
3.93952800e-06,5.47896569e-01
3.93962800e-06,5.47949393e-01
3.93972800e-06,5.48002408e-01
3.93982800e-06,5.48055224e-01
3.93992800e-06,5.48108229e-01
3.94002800e-06,5.48161036e-01
3.94012800e-06,5.48214032e-01
3.94022800e-06,5.48266829e-01
3.94032800e-06,5.48319815e-01
3.94042800e-06,5.48372603e-01
3.94052800e-06,5.48425580e-01
3.94062800e-06,5.48478358e-01
3.94072800e-06,5.48531325e-01
3.94082800e-06,5.48584094e-01
3.94092800e-06,5.48637051e-01
3.94102800e-06,5.48689810e-01
3.94112800e-06,5.48742758e-01
3.94122800e-06,5.48795507e-01
3.94132800e-06,5.48848445e-01
3.94142800e-06,5.48901184e-01
3.94152800e-06,5.48954112e-01
3.94162800e-06,5.49006842e-01
3.94172800e-06,5.49059759e-01
3.94182800e-06,5.49112479e-01
3.94192800e-06,5.49165386e-01
3.94202800e-06,5.49218096e-01
3.94212800e-06,5.49270994e-01
3.94222800e-06,5.49323694e-01
3.94232800e-06,5.49376580e-01
3.94242800e-06,5.49429270e-01
3.94252800e-06,5.49482147e-01
3.94262800e-06,5.49534827e-01
3.94272800e-06,5.49587693e-01
3.94282800e-06,5.49640362e-01
3.94292800e-06,5.49693218e-01
3.94302800e-06,5.49745877e-01
3.94312800e-06,5.49798722e-01
3.94322800e-06,5.49851371e-01
3.94332800e-06,5.49904205e-01
3.94342800e-06,5.49956843e-01
3.94352800e-06,5.50009666e-01
3.94362800e-06,5.50062294e-01
3.94372800e-06,5.50115107e-01
3.94382800e-06,5.50167724e-01
3.94392800e-06,5.50220525e-01
3.94402800e-06,5.50273132e-01
3.94412800e-06,5.50325922e-01
3.94422800e-06,5.50378518e-01
3.94432800e-06,5.50431297e-01
3.94442800e-06,5.50483882e-01
3.94452800e-06,5.50536651e-01
3.94462800e-06,5.50589224e-01
3.94472800e-06,5.50641981e-01
3.94482800e-06,5.50694544e-01
3.94492800e-06,5.50747290e-01
3.94502800e-06,5.50799842e-01
3.94512800e-06,5.50852576e-01
3.94522800e-06,5.50905116e-01
3.94532800e-06,5.50957839e-01
3.94542800e-06,5.51010368e-01
3.94552800e-06,5.51063079e-01
3.94562800e-06,5.51115597e-01
3.94572800e-06,5.51168297e-01
3.94582800e-06,5.51220803e-01
3.94592800e-06,5.51273491e-01
3.94602800e-06,5.51325986e-01
3.94612800e-06,5.51378661e-01
3.94622800e-06,5.51431145e-01
3.94632800e-06,5.51483809e-01
3.94642800e-06,5.51536280e-01
3.94652800e-06,5.51588932e-01
3.94662800e-06,5.51641392e-01
3.94672800e-06,5.51694031e-01
3.94682800e-06,5.51746479e-01
3.94692800e-06,5.51799107e-01
3.94702800e-06,5.51851542e-01
3.94712800e-06,5.51904158e-01
3.94722800e-06,5.51956581e-01
3.94732800e-06,5.52009184e-01
3.94742800e-06,5.52061596e-01
3.94752800e-06,5.52114186e-01
3.94762800e-06,5.52166585e-01
3.94772800e-06,5.52219163e-01
3.94782800e-06,5.52271550e-01
3.94792800e-06,5.52324115e-01
3.94802800e-06,5.52376490e-01
3.94812800e-06,5.52429042e-01
3.94822800e-06,5.52481404e-01
3.94832800e-06,5.52533943e-01
3.94842800e-06,5.52586293e-01
3.94852800e-06,5.52638819e-01
3.94862800e-06,5.52691156e-01
3.94872800e-06,5.52743669e-01
3.94882800e-06,5.52795993e-01
3.94892800e-06,5.52848493e-01
3.94902800e-06,5.52900804e-01
3.94912800e-06,5.52953291e-01
3.94922800e-06,5.53005589e-01
3.94932800e-06,5.53058063e-01
3.94942800e-06,5.53110347e-01
3.94952800e-06,5.53162808e-01
3.94962800e-06,5.53215079e-01
3.94972800e-06,5.53267526e-01
3.94982800e-06,5.53319784e-01
3.94992800e-06,5.53372217e-01
3.95002800e-06,5.53424462e-01
3.95012800e-06,5.53476881e-01
3.95022800e-06,5.53529112e-01
3.95032800e-06,5.53581518e-01
3.95042800e-06,5.53633735e-01
3.95052800e-06,5.53686127e-01
3.95062800e-06,5.53738330e-01
3.95072800e-06,5.53790708e-01
3.95082800e-06,5.53842898e-01
3.95092800e-06,5.53895261e-01
3.95102800e-06,5.53947437e-01
3.95112800e-06,5.53999787e-01
3.95122800e-06,5.54051948e-01
3.95132800e-06,5.54104283e-01
3.95142800e-06,5.54156431e-01
3.95152800e-06,5.54208751e-01
3.95162800e-06,5.54260884e-01
3.95172800e-06,5.54313190e-01
3.95182800e-06,5.54365309e-01
3.95192800e-06,5.54417600e-01
3.95202800e-06,5.54469705e-01
3.95212800e-06,5.54521981e-01
3.95222800e-06,5.54574071e-01
3.95232800e-06,5.54626333e-01
3.95242800e-06,5.54678408e-01
3.95252800e-06,5.54730654e-01
3.95262800e-06,5.54782714e-01
3.95272800e-06,5.54834946e-01
3.95282800e-06,5.54886991e-01
3.95292800e-06,5.54939207e-01
3.95302800e-06,5.54991238e-01
3.95312800e-06,5.55043439e-01
3.95322800e-06,5.55095454e-01
3.95332800e-06,5.55147639e-01
3.95342800e-06,5.55199639e-01
3.95352800e-06,5.55251809e-01
3.95362800e-06,5.55303793e-01
3.95372800e-06,5.55355947e-01
3.95382800e-06,5.55407916e-01
3.95392800e-06,5.55460055e-01
3.95402800e-06,5.55512008e-01
3.95412800e-06,5.55564131e-01
3.95422800e-06,5.55616068e-01
3.95432800e-06,5.55668175e-01
3.95442800e-06,5.55720096e-01
3.95452800e-06,5.55772187e-01
3.95462800e-06,5.55824093e-01
3.95472800e-06,5.55876167e-01
3.95482800e-06,5.55928056e-01
3.95492800e-06,5.55980114e-01
3.95502800e-06,5.56031988e-01
3.95512800e-06,5.56084029e-01
3.95522800e-06,5.56135886e-01
3.95532800e-06,5.56187910e-01
3.95542800e-06,5.56239751e-01
3.95552800e-06,5.56291759e-01
3.95562800e-06,5.56343583e-01
3.95572800e-06,5.56395574e-01
3.95582800e-06,5.56447382e-01
3.95592800e-06,5.56499356e-01
3.95602800e-06,5.56551146e-01
3.95612800e-06,5.56603103e-01
3.95622800e-06,5.56654877e-01
3.95632800e-06,5.56706817e-01
3.95642800e-06,5.56758573e-01
3.95652800e-06,5.56810496e-01
3.95662800e-06,5.56862235e-01
3.95672800e-06,5.56914140e-01
3.95682800e-06,5.56965862e-01
3.95692800e-06,5.57017750e-01
3.95702800e-06,5.57069454e-01
3.95712800e-06,5.57121324e-01
3.95722800e-06,5.57173011e-01
3.95732800e-06,5.57224863e-01
3.95742800e-06,5.57276532e-01
3.95752800e-06,5.57328366e-01
3.95762800e-06,5.57380018e-01
3.95772800e-06,5.57431834e-01
3.95782800e-06,5.57483467e-01
3.95792800e-06,5.57535265e-01
3.95802800e-06,5.57586881e-01
3.95812800e-06,5.57638660e-01
3.95822800e-06,5.57690257e-01
3.95832800e-06,5.57742018e-01
3.95842800e-06,5.57793597e-01
3.95852800e-06,5.57845339e-01
3.95862800e-06,5.57896900e-01
3.95872800e-06,5.57948623e-01
3.95882800e-06,5.58000165e-01
3.95892800e-06,5.58051870e-01
3.95902800e-06,5.58103393e-01
3.95912800e-06,5.58155079e-01
3.95922800e-06,5.58206583e-01
3.95932800e-06,5.58258250e-01
3.95942800e-06,5.58309735e-01
3.95952800e-06,5.58361382e-01
3.95962800e-06,5.58412849e-01
3.95972800e-06,5.58464477e-01
3.95982800e-06,5.58515924e-01
3.95992800e-06,5.58567532e-01
3.96002800e-06,5.58618960e-01
3.96012800e-06,5.58670549e-01
3.96022800e-06,5.58721957e-01
3.96032800e-06,5.58773526e-01
3.96042800e-06,5.58824915e-01
3.96052800e-06,5.58876464e-01
3.96062800e-06,5.58927833e-01
3.96072800e-06,5.58979361e-01
3.96082800e-06,5.59030711e-01
3.96092800e-06,5.59082219e-01
3.96102800e-06,5.59133549e-01
3.96112800e-06,5.59185037e-01
3.96122800e-06,5.59236346e-01
3.96132800e-06,5.59287814e-01
3.96142800e-06,5.59339103e-01
3.96152800e-06,5.59390550e-01
3.96162800e-06,5.59441818e-01
3.96172800e-06,5.59493245e-01
3.96182800e-06,5.59544492e-01
3.96192800e-06,5.59595898e-01
3.96202800e-06,5.59647125e-01
3.96212800e-06,5.59698510e-01
3.96222800e-06,5.59749716e-01
3.96232800e-06,5.59801080e-01
3.96242800e-06,5.59852265e-01
3.96252800e-06,5.59903607e-01
3.96262800e-06,5.59954772e-01
3.96272800e-06,5.60006092e-01
3.96282800e-06,5.60057236e-01
3.96292800e-06,5.60108535e-01
3.96302800e-06,5.60159657e-01
3.96312800e-06,5.60210934e-01
3.96322800e-06,5.60262035e-01
3.96332800e-06,5.60313290e-01
3.96342800e-06,5.60364369e-01
3.96352800e-06,5.60415603e-01
3.96362800e-06,5.60466660e-01
3.96372800e-06,5.60517872e-01
3.96382800e-06,5.60568907e-01
3.96392800e-06,5.60620096e-01
3.96402800e-06,5.60671109e-01
3.96412800e-06,5.60722277e-01
3.96422800e-06,5.60773267e-01
3.96432800e-06,5.60824412e-01
3.96442800e-06,5.60875381e-01
3.96452800e-06,5.60926503e-01
3.96462800e-06,5.60977449e-01
3.96472800e-06,5.61028549e-01
3.96482800e-06,5.61079472e-01
3.96492800e-06,5.61130549e-01
3.96502800e-06,5.61181450e-01
3.96512800e-06,5.61232504e-01
3.96522800e-06,5.61283382e-01
3.96532800e-06,5.61334412e-01
3.96542800e-06,5.61385267e-01
3.96552800e-06,5.61436275e-01
3.96562800e-06,5.61487107e-01
3.96572800e-06,5.61538091e-01
3.96582800e-06,5.61588899e-01
3.96592800e-06,5.61639860e-01
3.96602800e-06,5.61690645e-01
3.96612800e-06,5.61741582e-01
3.96622800e-06,5.61792344e-01
3.96632800e-06,5.61843257e-01
3.96642800e-06,5.61893995e-01
3.96652800e-06,5.61944885e-01
3.96662800e-06,5.61995599e-01
3.96672800e-06,5.62046464e-01
3.96682800e-06,5.62097155e-01
3.96692800e-06,5.62147996e-01
3.96702800e-06,5.62198663e-01
3.96712800e-06,5.62249479e-01
3.96722800e-06,5.62300122e-01
3.96732800e-06,5.62350914e-01
3.96742800e-06,5.62401533e-01
3.96752800e-06,5.62452300e-01
3.96762800e-06,5.62502894e-01
3.96772800e-06,5.62553637e-01
3.96782800e-06,5.62604207e-01
3.96792800e-06,5.62654925e-01
3.96802800e-06,5.62705470e-01
3.96812800e-06,5.62756163e-01
3.96822800e-06,5.62806683e-01
3.96832800e-06,5.62857352e-01
3.96842800e-06,5.62907847e-01
3.96852800e-06,5.62958490e-01
3.96862800e-06,5.63008960e-01
3.96872800e-06,5.63059578e-01
3.96882800e-06,5.63110023e-01
3.96892800e-06,5.63160616e-01
3.96902800e-06,5.63211036e-01
3.96912800e-06,5.63261603e-01
3.96922800e-06,5.63311997e-01
3.96932800e-06,5.63362539e-01
3.96942800e-06,5.63412908e-01
3.96952800e-06,5.63463424e-01
3.96962800e-06,5.63513767e-01
3.96972800e-06,5.63564257e-01
3.96982800e-06,5.63614574e-01
3.96992800e-06,5.63665038e-01
3.97002800e-06,5.63715330e-01
3.97012800e-06,5.63765768e-01
3.97022800e-06,5.63816034e-01
3.97032800e-06,5.63866445e-01
3.97042800e-06,5.63916685e-01
3.97052800e-06,5.63967070e-01
3.97062800e-06,5.64017284e-01
3.97072800e-06,5.64067642e-01
3.97082800e-06,5.64117830e-01
3.97092800e-06,5.64168162e-01
3.97102800e-06,5.64218323e-01
3.97112800e-06,5.64268628e-01
3.97122800e-06,5.64318763e-01
3.97132800e-06,5.64369042e-01
3.97142800e-06,5.64419149e-01
3.97152800e-06,5.64469401e-01
3.97162800e-06,5.64519482e-01
3.97172800e-06,5.64569707e-01
3.97182800e-06,5.64619761e-01
3.97192800e-06,5.64669959e-01
3.97202800e-06,5.64719987e-01
3.97212800e-06,5.64770157e-01
3.97222800e-06,5.64820157e-01
3.97232800e-06,5.64870301e-01
3.97242800e-06,5.64920274e-01
3.97252800e-06,5.64970390e-01
3.97262800e-06,5.65020336e-01
3.97272800e-06,5.65070424e-01
3.97282800e-06,5.65120342e-01
3.97292800e-06,5.65170403e-01
3.97302800e-06,5.65220294e-01
3.97312800e-06,5.65270327e-01
3.97322800e-06,5.65320191e-01
3.97332800e-06,5.65370196e-01
3.97342800e-06,5.65420032e-01
3.97352800e-06,5.65470009e-01
3.97362800e-06,5.65519817e-01
3.97372800e-06,5.65569767e-01
3.97382800e-06,5.65619547e-01
3.97392800e-06,5.65669468e-01
3.97402800e-06,5.65719220e-01
3.97412800e-06,5.65769113e-01
3.97422800e-06,5.65818837e-01
3.97432800e-06,5.65868702e-01
3.97442800e-06,5.65918398e-01
3.97452800e-06,5.65968235e-01
3.97462800e-06,5.66017902e-01
3.97472800e-06,5.66067710e-01
3.97482800e-06,5.66117350e-01
3.97492800e-06,5.66167129e-01
3.97502800e-06,5.66216740e-01
3.97512800e-06,5.66266491e-01
3.97522800e-06,5.66316073e-01
3.97532800e-06,5.66365795e-01
3.97542800e-06,5.66415349e-01
3.97552800e-06,5.66465042e-01
3.97562800e-06,5.66514568e-01
3.97572800e-06,5.66564232e-01
3.97582800e-06,5.66613728e-01
3.97592800e-06,5.66663363e-01
3.97602800e-06,5.66712831e-01
3.97612800e-06,5.66762437e-01
3.97622800e-06,5.66811876e-01
3.97632800e-06,5.66861453e-01
3.97642800e-06,5.66910862e-01
3.97652800e-06,5.66960410e-01
3.97662800e-06,5.67009791e-01
3.97672800e-06,5.67059309e-01
3.97682800e-06,5.67108660e-01
3.97692800e-06,5.67158149e-01
3.97702800e-06,5.67207471e-01
3.97712800e-06,5.67256930e-01
3.97722800e-06,5.67306223e-01
3.97732800e-06,5.67355653e-01
3.97742800e-06,5.67404916e-01
3.97752800e-06,5.67454316e-01
3.97762800e-06,5.67503550e-01
3.97772800e-06,5.67552920e-01
3.97782800e-06,5.67602124e-01
3.97792800e-06,5.67651465e-01
3.97802800e-06,5.67700639e-01
3.97812800e-06,5.67749949e-01
3.97822800e-06,5.67799094e-01
3.97832800e-06,5.67848375e-01
3.97842800e-06,5.67897490e-01
3.97852800e-06,5.67946740e-01
3.97862800e-06,5.67995825e-01
3.97872800e-06,5.68045045e-01
3.97882800e-06,5.68094100e-01
3.97892800e-06,5.68143290e-01
3.97902800e-06,5.68192315e-01
3.97912800e-06,5.68241475e-01
3.97922800e-06,5.68290470e-01
3.97932800e-06,5.68339599e-01
3.97942800e-06,5.68388563e-01
3.97952800e-06,5.68437662e-01
3.97962800e-06,5.68486597e-01
3.97972800e-06,5.68535665e-01
3.97982800e-06,5.68584569e-01
3.97992800e-06,5.68633606e-01
3.98002800e-06,5.68682480e-01
3.98012800e-06,5.68731487e-01
3.98022800e-06,5.68780330e-01
3.98032800e-06,5.68829306e-01
3.98042800e-06,5.68878118e-01
3.98052800e-06,5.68927064e-01
3.98062800e-06,5.68975845e-01
3.98072800e-06,5.69024760e-01
3.98082800e-06,5.69073511e-01
3.98092800e-06,5.69122395e-01
3.98102800e-06,5.69171115e-01
3.98112800e-06,5.69219967e-01
3.98122800e-06,5.69268656e-01
3.98132800e-06,5.69317478e-01
3.98142800e-06,5.69366136e-01
3.98152800e-06,5.69414926e-01
3.98162800e-06,5.69463554e-01
3.98172800e-06,5.69512313e-01
3.98182800e-06,5.69560909e-01
3.98192800e-06,5.69609636e-01
3.98202800e-06,5.69658201e-01
3.98212800e-06,5.69706898e-01
3.98222800e-06,5.69755431e-01
3.98232800e-06,5.69804096e-01
3.98242800e-06,5.69852598e-01
3.98252800e-06,5.69901232e-01
3.98262800e-06,5.69949703e-01
3.98272800e-06,5.69998304e-01
3.98282800e-06,5.70046744e-01
3.98292800e-06,5.70095314e-01
3.98302800e-06,5.70143722e-01
3.98312800e-06,5.70192260e-01
3.98322800e-06,5.70240637e-01
3.98332800e-06,5.70289143e-01
3.98342800e-06,5.70337488e-01
3.98352800e-06,5.70385962e-01
3.98362800e-06,5.70434275e-01
3.98372800e-06,5.70482718e-01
3.98382800e-06,5.70530999e-01
3.98392800e-06,5.70579410e-01
3.98402800e-06,5.70627659e-01
3.98412800e-06,5.70676037e-01
3.98422800e-06,5.70724254e-01
3.98432800e-06,5.70772601e-01
3.98442800e-06,5.70820786e-01
3.98452800e-06,5.70869100e-01
3.98462800e-06,5.70917253e-01
3.98472800e-06,5.70965535e-01
3.98482800e-06,5.71013656e-01
3.98492800e-06,5.71061905e-01
3.98502800e-06,5.71109994e-01
3.98512800e-06,5.71158211e-01
3.98522800e-06,5.71206268e-01
3.98532800e-06,5.71254452e-01
3.98542800e-06,5.71302476e-01
3.98552800e-06,5.71350628e-01
3.98562800e-06,5.71398619e-01
3.98572800e-06,5.71446739e-01
3.98582800e-06,5.71494698e-01
3.98592800e-06,5.71542784e-01
3.98602800e-06,5.71590711e-01
3.98612800e-06,5.71638764e-01
3.98622800e-06,5.71686658e-01
3.98632800e-06,5.71734679e-01
3.98642800e-06,5.71782540e-01
3.98652800e-06,5.71830528e-01
3.98662800e-06,5.71878356e-01
3.98672800e-06,5.71926311e-01
3.98682800e-06,5.71974107e-01
3.98692800e-06,5.72022029e-01
3.98702800e-06,5.72069791e-01
3.98712800e-06,5.72117680e-01
3.98722800e-06,5.72165409e-01
3.98732800e-06,5.72213265e-01
3.98742800e-06,5.72260961e-01
3.98752800e-06,5.72308784e-01
3.98762800e-06,5.72356447e-01
3.98772800e-06,5.72404236e-01
3.98782800e-06,5.72451866e-01
3.98792800e-06,5.72499622e-01
3.98802800e-06,5.72547218e-01
3.98812800e-06,5.72594941e-01
3.98822800e-06,5.72642504e-01
3.98832800e-06,5.72690193e-01
3.98842800e-06,5.72737723e-01
3.98852800e-06,5.72785378e-01
3.98862800e-06,5.72832874e-01
3.98872800e-06,5.72880495e-01
3.98882800e-06,5.72927958e-01
3.98892800e-06,5.72975546e-01
3.98902800e-06,5.73022975e-01
3.98912800e-06,5.73070529e-01
3.98922800e-06,5.73117925e-01
3.98932800e-06,5.73165445e-01
3.98942800e-06,5.73212807e-01
3.98952800e-06,5.73260293e-01
3.98962800e-06,5.73307621e-01
3.98972800e-06,5.73355073e-01
3.98982800e-06,5.73402367e-01
3.98992800e-06,5.73449785e-01
3.99002800e-06,5.73497045e-01
3.99012800e-06,5.73544429e-01
3.99022800e-06,5.73591655e-01
3.99032800e-06,5.73639005e-01
3.99042800e-06,5.73686197e-01
3.99052800e-06,5.73733513e-01
3.99062800e-06,5.73780671e-01
3.99072800e-06,5.73827952e-01
3.99082800e-06,5.73875076e-01
3.99092800e-06,5.73922322e-01
3.99102800e-06,5.73969412e-01
3.99112800e-06,5.74016624e-01
3.99122800e-06,5.74063680e-01
3.99132800e-06,5.74110857e-01
3.99142800e-06,5.74157878e-01
3.99152800e-06,5.74205021e-01
3.99162800e-06,5.74252008e-01
3.99172800e-06,5.74299116e-01
3.99182800e-06,5.74346068e-01
3.99192800e-06,5.74393142e-01
3.99202800e-06,5.74440060e-01
3.99212800e-06,5.74487099e-01
3.99222800e-06,5.74533982e-01
3.99232800e-06,5.74580986e-01
3.99242800e-06,5.74627834e-01
3.99252800e-06,5.74674803e-01
3.99262800e-06,5.74721617e-01
3.99272800e-06,5.74768551e-01
3.99282800e-06,5.74815330e-01
3.99292800e-06,5.74862230e-01
3.99302800e-06,5.74908973e-01
3.99312800e-06,5.74955838e-01
3.99322800e-06,5.75002547e-01
3.99332800e-06,5.75049376e-01
3.99342800e-06,5.75096050e-01
3.99352800e-06,5.75142845e-01
3.99362800e-06,5.75189483e-01
3.99372800e-06,5.75236243e-01
3.99382800e-06,5.75282846e-01
3.99392800e-06,5.75329570e-01
3.99402800e-06,5.75376139e-01
3.99412800e-06,5.75422828e-01
3.99422800e-06,5.75469361e-01
3.99432800e-06,5.75516015e-01
3.99442800e-06,5.75562513e-01
3.99452800e-06,5.75609131e-01
3.99462800e-06,5.75655594e-01
3.99472800e-06,5.75702177e-01
3.99482800e-06,5.75748604e-01
3.99492800e-06,5.75795151e-01
3.99502800e-06,5.75841544e-01
3.99512800e-06,5.75888055e-01
3.99522800e-06,5.75934412e-01
3.99532800e-06,5.75980889e-01
3.99542800e-06,5.76027210e-01
3.99552800e-06,5.76073651e-01
3.99562800e-06,5.76119937e-01
3.99572800e-06,5.76166342e-01
3.99582800e-06,5.76212592e-01
3.99592800e-06,5.76258961e-01
3.99602800e-06,5.76305176e-01
3.99612800e-06,5.76351510e-01
3.99622800e-06,5.76397689e-01
3.99632800e-06,5.76443987e-01
3.99642800e-06,5.76490131e-01
3.99652800e-06,5.76536393e-01
3.99662800e-06,5.76582501e-01
3.99672800e-06,5.76628727e-01
3.99682800e-06,5.76674800e-01
3.99692800e-06,5.76720990e-01
3.99702800e-06,5.76767027e-01
3.99712800e-06,5.76813181e-01
3.99722800e-06,5.76859182e-01
3.99732800e-06,5.76905301e-01
3.99742800e-06,5.76951266e-01
3.99752800e-06,5.76997349e-01
3.99762800e-06,5.77043278e-01
3.99772800e-06,5.77089325e-01
3.99782800e-06,5.77135219e-01
3.99792800e-06,5.77181230e-01
3.99802800e-06,5.77227088e-01
3.99812800e-06,5.77273063e-01
3.99822800e-06,5.77318884e-01
3.99832800e-06,5.77364823e-01
3.99842800e-06,5.77410609e-01
3.99852800e-06,5.77456512e-01
3.99862800e-06,5.77502262e-01
3.99872800e-06,5.77548129e-01
3.99882800e-06,5.77593844e-01
3.99892800e-06,5.77639675e-01
3.99902800e-06,5.77685353e-01
3.99912800e-06,5.77731148e-01
3.99922800e-06,5.77776790e-01
3.99932800e-06,5.77822549e-01
3.99942800e-06,5.77868156e-01
3.99952800e-06,5.77913879e-01
3.99962800e-06,5.77959449e-01
3.99972800e-06,5.78005136e-01
3.99982800e-06,5.78050671e-01
3.99992800e-06,5.78096322e-01
4.00002800e-06,5.78141820e-01
4.00012800e-06,5.78187435e-01
4.00022800e-06,5.78232898e-01
4.00032800e-06,5.78278477e-01
4.00042800e-06,5.78323904e-01
4.00052800e-06,5.78369447e-01
4.00062800e-06,5.78414838e-01
4.00072800e-06,5.78460345e-01
4.00082800e-06,5.78505700e-01
4.00092800e-06,5.78551171e-01
4.00102800e-06,5.78596490e-01
4.00112800e-06,5.78641925e-01
4.00122800e-06,5.78687209e-01
4.00132800e-06,5.78732608e-01
4.00142800e-06,5.78777856e-01
4.00152800e-06,5.78823219e-01
4.00162800e-06,5.78868431e-01
4.00172800e-06,5.78913758e-01
4.00182800e-06,5.78958934e-01
4.00192800e-06,5.79004226e-01
4.00202800e-06,5.79049367e-01
4.00212800e-06,5.79094623e-01
4.00222800e-06,5.79139727e-01
4.00232800e-06,5.79184948e-01
4.00242800e-06,5.79230017e-01
4.00252800e-06,5.79275201e-01
4.00262800e-06,5.79320235e-01
4.00272800e-06,5.79365384e-01
4.00282800e-06,5.79410382e-01
4.00292800e-06,5.79455495e-01
4.00302800e-06,5.79500458e-01
4.00312800e-06,5.79545536e-01
4.00322800e-06,5.79590463e-01
4.00332800e-06,5.79635505e-01
4.00342800e-06,5.79680397e-01
4.00352800e-06,5.79725404e-01
4.00362800e-06,5.79770261e-01
4.00372800e-06,5.79815232e-01
4.00382800e-06,5.79860054e-01
4.00392800e-06,5.79904990e-01
4.00402800e-06,5.79949777e-01
4.00412800e-06,5.79994678e-01
4.00422800e-06,5.80039429e-01
4.00432800e-06,5.80084295e-01
4.00442800e-06,5.80129012e-01
4.00452800e-06,5.80173843e-01
4.00462800e-06,5.80218525e-01
4.00472800e-06,5.80263321e-01
4.00482800e-06,5.80307968e-01
4.00492800e-06,5.80352729e-01
4.00502800e-06,5.80397342e-01
4.00512800e-06,5.80442069e-01
4.00522800e-06,5.80486646e-01
4.00532800e-06,5.80531338e-01
4.00542800e-06,5.80575882e-01
4.00552800e-06,5.80620540e-01
4.00562800e-06,5.80665048e-01
4.00572800e-06,5.80709672e-01
4.00582800e-06,5.80754147e-01
4.00592800e-06,5.80798736e-01
4.00602800e-06,5.80843177e-01
4.00612800e-06,5.80887732e-01
4.00622800e-06,5.80932139e-01
4.00632800e-06,5.80976661e-01
4.00642800e-06,5.81021034e-01
4.00652800e-06,5.81065522e-01
4.00662800e-06,5.81109861e-01
4.00672800e-06,5.81154315e-01
4.00682800e-06,5.81198621e-01
4.00692800e-06,5.81243042e-01
4.00702800e-06,5.81287315e-01
4.00712800e-06,5.81331702e-01
4.00722800e-06,5.81375942e-01
4.00732800e-06,5.81420296e-01
4.00742800e-06,5.81464503e-01
4.00752800e-06,5.81508825e-01
4.00762800e-06,5.81552998e-01
4.00772800e-06,5.81597287e-01
4.00782800e-06,5.81641429e-01
4.00792800e-06,5.81685685e-01
4.00802800e-06,5.81729794e-01
4.00812800e-06,5.81774018e-01
4.00822800e-06,5.81818095e-01
4.00832800e-06,5.81862287e-01
4.00842800e-06,5.81906332e-01
4.00852800e-06,5.81950492e-01
4.00862800e-06,5.81994505e-01
4.00872800e-06,5.82038634e-01
4.00882800e-06,5.82082616e-01
4.00892800e-06,5.82126713e-01
4.00902800e-06,5.82170664e-01
4.00912800e-06,5.82214730e-01
4.00922800e-06,5.82258649e-01
4.00932800e-06,5.82302685e-01
4.00942800e-06,5.82346574e-01
4.00952800e-06,5.82390578e-01
4.00962800e-06,5.82434437e-01
4.00972800e-06,5.82478411e-01
4.00982800e-06,5.82522240e-01
4.00992800e-06,5.82566184e-01
4.01002800e-06,5.82609983e-01
4.01012800e-06,5.82653897e-01
4.01022800e-06,5.82697666e-01
4.01032800e-06,5.82741552e-01
4.01042800e-06,5.82785291e-01
4.01052800e-06,5.82829148e-01
4.01062800e-06,5.82872859e-01
4.01072800e-06,5.82916686e-01
4.01082800e-06,5.82960368e-01
4.01092800e-06,5.83004168e-01
4.01102800e-06,5.83047822e-01
4.01112800e-06,5.83091593e-01
4.01122800e-06,5.83135219e-01
4.01132800e-06,5.83178963e-01
4.01142800e-06,5.83222561e-01
4.01152800e-06,5.83266277e-01
4.01162800e-06,5.83309849e-01
4.01172800e-06,5.83353538e-01
4.01182800e-06,5.83397083e-01
4.01192800e-06,5.83440746e-01
4.01202800e-06,5.83484265e-01
4.01212800e-06,5.83527902e-01
4.01222800e-06,5.83571394e-01
4.01232800e-06,5.83615006e-01
4.01242800e-06,5.83658473e-01
4.01252800e-06,5.83702059e-01
4.01262800e-06,5.83745501e-01
4.01272800e-06,5.83789063e-01
4.01282800e-06,5.83832480e-01
4.01292800e-06,5.83876018e-01
4.01302800e-06,5.83919411e-01
4.01312800e-06,5.83962925e-01
4.01322800e-06,5.84006295e-01
4.01332800e-06,5.84049785e-01
4.01342800e-06,5.84093133e-01
4.01352800e-06,5.84136600e-01
4.01362800e-06,5.84179925e-01
4.01372800e-06,5.84223370e-01
4.01382800e-06,5.84266673e-01
4.01392800e-06,5.84310097e-01
4.01402800e-06,5.84353379e-01
4.01412800e-06,5.84396781e-01
4.01422800e-06,5.84440042e-01
4.01432800e-06,5.84483424e-01
4.01442800e-06,5.84526665e-01
4.01452800e-06,5.84570027e-01
4.01462800e-06,5.84613248e-01
4.01472800e-06,5.84656592e-01
4.01482800e-06,5.84699794e-01
4.01492800e-06,5.84743119e-01
4.01502800e-06,5.84786302e-01
4.01512800e-06,5.84829609e-01
4.01522800e-06,5.84872776e-01
4.01532800e-06,5.84916065e-01
4.01542800e-06,5.84959215e-01
4.01552800e-06,5.85002488e-01
4.01562800e-06,5.85045621e-01
4.01572800e-06,5.85088879e-01
4.01582800e-06,5.85131997e-01
4.01592800e-06,5.85175239e-01
4.01602800e-06,5.85218342e-01
4.01612800e-06,5.85261571e-01
4.01622800e-06,5.85304660e-01
4.01632800e-06,5.85347875e-01
4.01642800e-06,5.85390951e-01
4.01652800e-06,5.85434154e-01
4.01662800e-06,5.85477218e-01
4.01672800e-06,5.85520408e-01
4.01682800e-06,5.85563461e-01
4.01692800e-06,5.85606641e-01
4.01702800e-06,5.85649683e-01
4.01712800e-06,5.85692853e-01
4.01722800e-06,5.85735886e-01
4.01732800e-06,5.85779047e-01
4.01742800e-06,5.85822071e-01
4.01752800e-06,5.85865223e-01
4.01762800e-06,5.85908240e-01
4.01772800e-06,5.85951386e-01
4.01782800e-06,5.85994395e-01
4.01792800e-06,5.86037535e-01
4.01802800e-06,5.86080539e-01
4.01812800e-06,5.86123674e-01
4.01822800e-06,5.86166673e-01
4.01832800e-06,5.86209804e-01
4.01842800e-06,5.86252800e-01
4.01852800e-06,5.86295928e-01
4.01862800e-06,5.86338922e-01
4.01872800e-06,5.86382048e-01
4.01882800e-06,5.86425040e-01
4.01892800e-06,5.86468166e-01
4.01902800e-06,5.86511158e-01
4.01912800e-06,5.86554285e-01
4.01922800e-06,5.86597278e-01
4.01932800e-06,5.86640407e-01
4.01942800e-06,5.86683403e-01
4.01952800e-06,5.86726534e-01
4.01962800e-06,5.86769534e-01
4.01972800e-06,5.86812670e-01
4.01982800e-06,5.86855675e-01
4.01992800e-06,5.86898817e-01
4.02002800e-06,5.86941828e-01
4.02012800e-06,5.86984977e-01
4.02022800e-06,5.87027996e-01
4.02032800e-06,5.87071154e-01
4.02042800e-06,5.87114182e-01
4.02052800e-06,5.87157350e-01
4.02062800e-06,5.87200389e-01
4.02072800e-06,5.87243569e-01
4.02082800e-06,5.87286620e-01
4.02092800e-06,5.87329814e-01
4.02102800e-06,5.87372879e-01
4.02112800e-06,5.87416087e-01
4.02122800e-06,5.87459167e-01
4.02132800e-06,5.87502392e-01
4.02142800e-06,5.87545489e-01
4.02152800e-06,5.87588732e-01
4.02162800e-06,5.87631849e-01
4.02172800e-06,5.87675111e-01
4.02182800e-06,5.87718249e-01
4.02192800e-06,5.87761533e-01
4.02202800e-06,5.87804693e-01
4.02212800e-06,5.87848001e-01
4.02222800e-06,5.87891185e-01
4.02232800e-06,5.87934519e-01
4.02242800e-06,5.87977729e-01
4.02252800e-06,5.88021090e-01
4.02262800e-06,5.88064329e-01
4.02272800e-06,5.88107719e-01
4.02282800e-06,5.88150988e-01
4.02292800e-06,5.88194410e-01
4.02302800e-06,5.88237711e-01
4.02312800e-06,5.88281167e-01
4.02322800e-06,5.88324503e-01
4.02332800e-06,5.88367995e-01
4.02342800e-06,5.88411367e-01
4.02352800e-06,5.88454897e-01
4.02362800e-06,5.88498309e-01
4.02372800e-06,5.88541863e-01
4.02382800e-06,5.88585286e-01
4.02392800e-06,5.88628866e-01
4.02402800e-06,5.88672343e-01
4.02412800e-06,5.88715977e-01
4.02422800e-06,5.88759509e-01
4.02432800e-06,5.88803196e-01
4.02442800e-06,5.88846781e-01
4.02452800e-06,5.88890522e-01
4.02462800e-06,5.88934161e-01
4.02472800e-06,5.88977958e-01
4.02482800e-06,5.89021653e-01
4.02492800e-06,5.89065508e-01
4.02502800e-06,5.89109261e-01
4.02512800e-06,5.89153174e-01
4.02522800e-06,5.89196988e-01
4.02532800e-06,5.89240964e-01
4.02542800e-06,5.89284840e-01
4.02552800e-06,5.89328881e-01
4.02562800e-06,5.89372824e-01
4.02572800e-06,5.89416933e-01
4.02582800e-06,5.89460945e-01
4.02592800e-06,5.89505124e-01
4.02602800e-06,5.89549208e-01
4.02612800e-06,5.89593462e-01
4.02622800e-06,5.89637622e-01
4.02632800e-06,5.89681953e-01
4.02642800e-06,5.89726192e-01
4.02652800e-06,5.89770604e-01
4.02662800e-06,5.89814926e-01
4.02672800e-06,5.89859423e-01
4.02682800e-06,5.89903830e-01
4.02692800e-06,5.89948415e-01
4.02702800e-06,5.89992912e-01
4.02712800e-06,5.90037590e-01
4.02722800e-06,5.90082180e-01
4.02732800e-06,5.90126954e-01
4.02742800e-06,5.90171642e-01
4.02752800e-06,5.90216516e-01
4.02762800e-06,5.90261306e-01
4.02772800e-06,5.90306283e-01
4.02782800e-06,5.90351180e-01
4.02792800e-06,5.90396265e-01
4.02802800e-06,5.90441272e-01
4.02812800e-06,5.90486471e-01
4.02822800e-06,5.90531592e-01
4.02832800e-06,5.90576908e-01
4.02842800e-06,5.90622149e-01
4.02852800e-06,5.90667588e-01
4.02862800e-06,5.90712953e-01
4.02872800e-06,5.90758518e-01
4.02882800e-06,5.90804012e-01
4.02892800e-06,5.90849709e-01
4.02902800e-06,5.90895337e-01
4.02912800e-06,5.90941172e-01
4.02922800e-06,5.90986939e-01
4.02932800e-06,5.91032916e-01
4.02942800e-06,5.91078828e-01
4.02952800e-06,5.91124953e-01
4.02962800e-06,5.91171015e-01
4.02972800e-06,5.91217294e-01
4.02982800e-06,5.91263512e-01
4.02992800e-06,5.91309950e-01
4.03002800e-06,5.91356330e-01
4.03012800e-06,5.91402933e-01
4.03022800e-06,5.91449481e-01
4.03032800e-06,5.91496255e-01
4.03042800e-06,5.91542978e-01
4.03052800e-06,5.91589930e-01
4.03062800e-06,5.91636833e-01
4.03072800e-06,5.91683970e-01
4.03082800e-06,5.91731060e-01
4.03092800e-06,5.91778388e-01
4.03102800e-06,5.91825673e-01
4.03112800e-06,5.91873200e-01
4.03122800e-06,5.91920686e-01
4.03132800e-06,5.91968418e-01
4.03142800e-06,5.92016113e-01
4.03152800e-06,5.92064058e-01
4.03162800e-06,5.92111970e-01
4.03172800e-06,5.92160136e-01
4.03182800e-06,5.92208271e-01
4.03192800e-06,5.92256666e-01
4.03202800e-06,5.92305034e-01
4.03212800e-06,5.92353666e-01
4.03222800e-06,5.92402275e-01
4.03232800e-06,5.92451152e-01
4.03242800e-06,5.92500011e-01
4.03252800e-06,5.92549143e-01
4.03262800e-06,5.92598260e-01
4.03272800e-06,5.92647655e-01
4.03282800e-06,5.92697040e-01
4.03292800e-06,5.92746708e-01
4.03302800e-06,5.92796370e-01
4.03312800e-06,5.92846321e-01
4.03322800e-06,5.92896270e-01
4.03332800e-06,5.92946514e-01
4.03342800e-06,5.92996761e-01
4.03352800e-06,5.93047308e-01
4.03362800e-06,5.93097863e-01
4.03372800e-06,5.93148724e-01
4.03382800e-06,5.93199599e-01
4.03392800e-06,5.93250785e-01
4.03402800e-06,5.93301990e-01
4.03412800e-06,5.93353513e-01
4.03422800e-06,5.93405060e-01
4.03432800e-06,5.93456933e-01
4.03442800e-06,5.93508834e-01
4.03452800e-06,5.93561068e-01
4.03462800e-06,5.93613337e-01
4.03472800e-06,5.93665945e-01
4.03482800e-06,5.93718594e-01
4.03492800e-06,5.93771590e-01
4.03502800e-06,5.93824633e-01
4.03512800e-06,5.93878030e-01
4.03522800e-06,5.93931481e-01
4.03532800e-06,5.93985294e-01
4.03542800e-06,5.94039167e-01
4.03552800e-06,5.94093412e-01
4.03562800e-06,5.94147723e-01
4.03572800e-06,5.94202413e-01
4.03582800e-06,5.94257178e-01
4.03592800e-06,5.94312331e-01
4.03602800e-06,5.94367566e-01
4.03612800e-06,5.94423198e-01
4.03622800e-06,5.94478920e-01
4.03632800e-06,5.94535048e-01
4.03642800e-06,5.94591275e-01
4.03652800e-06,5.94647918e-01
4.03662800e-06,5.94704667e-01
4.03672800e-06,5.94761843e-01
4.03682800e-06,5.94819135e-01
4.03692800e-06,5.94876863e-01
4.03702800e-06,5.94934717e-01
4.03712800e-06,5.94993018e-01
4.03722800e-06,5.95051454e-01
4.03732800e-06,5.95110349e-01
4.03742800e-06,5.95169390e-01
4.03752800e-06,5.95228901e-01
4.03762800e-06,5.95288567e-01
4.03772800e-06,5.95348717e-01
4.03782800e-06,5.95409033e-01
4.03792800e-06,5.95469845e-01
4.03802800e-06,5.95530836e-01
4.03812800e-06,5.95592335e-01
4.03822800e-06,5.95654025e-01
4.03832800e-06,5.95716237e-01
4.03842800e-06,5.95778652e-01
4.03852800e-06,5.95841605e-01
4.03862800e-06,5.95904773e-01
4.03872800e-06,5.95968494e-01
4.03882800e-06,5.96032444e-01
4.03892800e-06,5.96096962e-01
4.03902800e-06,5.96161724e-01
4.03912800e-06,5.96227070e-01
4.03922800e-06,5.96292674e-01
4.03932800e-06,5.96358880e-01
4.03942800e-06,5.96425361e-01
4.03952800e-06,5.96492460e-01
4.03962800e-06,5.96559851e-01
4.03972800e-06,5.96627878e-01
4.03982800e-06,5.96696214e-01
4.03992800e-06,5.96765207e-01
4.04002800e-06,5.96834526e-01
4.04012800e-06,5.96904522e-01
4.04022800e-06,5.96974862e-01
4.04032800e-06,5.97045901e-01
4.04042800e-06,5.97117305e-01
4.04052800e-06,5.97189429e-01
4.04062800e-06,5.97261938e-01
4.04072800e-06,5.97335191e-01
4.04082800e-06,5.97408852e-01
4.04092800e-06,5.97483279e-01
4.04102800e-06,5.97558138e-01
4.04112800e-06,5.97633789e-01
4.04122800e-06,5.97709894e-01
4.04132800e-06,5.97786819e-01
4.04142800e-06,5.97864224e-01
4.04152800e-06,5.97942476e-01
4.04162800e-06,5.98021234e-01
4.04172800e-06,5.98100869e-01
4.04182800e-06,5.98181039e-01
4.04192800e-06,5.98262115e-01
4.04202800e-06,5.98343756e-01
4.04212800e-06,5.98426336e-01
4.04222800e-06,5.98509511e-01
4.04232800e-06,5.98593660e-01
4.04242800e-06,5.98678436e-01
4.04252800e-06,5.98764222e-01
4.04262800e-06,5.98850669e-01
4.04272800e-06,5.98938164e-01
4.04282800e-06,5.99026357e-01
4.04292800e-06,5.99115636e-01
4.04302800e-06,5.99205652e-01
4.04312800e-06,5.99296796e-01
4.04322800e-06,5.99388719e-01
4.04332800e-06,5.99481812e-01
4.04342800e-06,5.99575727e-01
4.04352800e-06,5.99670859e-01
4.04362800e-06,5.99766858e-01
4.04372800e-06,5.99864124e-01
4.04382800e-06,5.99962304e-01
4.04392800e-06,6.00061803e-01
4.04402800e-06,6.00162267e-01
4.04412800e-06,6.00264105e-01
4.04422800e-06,6.00366961e-01
4.04432800e-06,6.00471249e-01
4.04442800e-06,6.00576614e-01
4.04452800e-06,6.00683471e-01
4.04462800e-06,6.00791465e-01
4.04472800e-06,6.00901016e-01
4.04482800e-06,6.01011770e-01
4.04492800e-06,6.01124149e-01
4.04502800e-06,6.01237799e-01
4.04512800e-06,6.01353149e-01
4.04522800e-06,6.01469842e-01
4.04532800e-06,6.01588312e-01
4.04542800e-06,6.01708203e-01
4.04552800e-06,6.01829954e-01
4.04562800e-06,6.01953209e-01
4.04572800e-06,6.02078412e-01
4.04582800e-06,6.02205207e-01
4.04592800e-06,6.02334044e-01
4.04602800e-06,6.02464567e-01
4.04612800e-06,6.02597233e-01
4.04622800e-06,6.02731686e-01
4.04632800e-06,6.02868387e-01
4.04642800e-06,6.03006984e-01
4.04652800e-06,6.03147944e-01
4.04662800e-06,6.03290916e-01
4.04672800e-06,6.03436372e-01
4.04682800e-06,6.03583964e-01
4.04692800e-06,6.03734172e-01
4.04702800e-06,6.03886649e-01
4.04712800e-06,6.04041882e-01
4.04722800e-06,6.04199528e-01
4.04732800e-06,6.04360082e-01
4.04742800e-06,6.04523202e-01
4.04752800e-06,6.04689393e-01
4.04762800e-06,6.04858316e-01
4.04772800e-06,6.05030486e-01
4.04782800e-06,6.05205568e-01
4.04792800e-06,6.05384086e-01
4.04802800e-06,6.05565710e-01
4.04812800e-06,6.05750975e-01
4.04822800e-06,6.05939558e-01
4.04832800e-06,6.06132003e-01
4.04842800e-06,6.06327994e-01
4.04852800e-06,6.06528089e-01
4.04862800e-06,6.06731979e-01
4.04872800e-06,6.06940235e-01
4.04882800e-06,6.07152556e-01
4.04892800e-06,6.07369530e-01
4.04902800e-06,6.07590865e-01
4.04912800e-06,6.07817166e-01
4.04922800e-06,6.08048151e-01
4.04932800e-06,6.08284444e-01
4.04942800e-06,6.08525778e-01
4.04952800e-06,6.08772796e-01
4.04962800e-06,6.09025245e-01
4.04972800e-06,6.09283793e-01
4.04982800e-06,6.09548205e-01
4.04992800e-06,6.09819171e-01
4.05002800e-06,6.10096480e-01
4.05012800e-06,6.10380851e-01
4.05022800e-06,6.10672093e-01
4.05032800e-06,6.10970961e-01
4.05042800e-06,6.11277292e-01
4.05052800e-06,6.11591876e-01
4.05062800e-06,6.11914584e-01
4.05072800e-06,6.12246247e-01
4.05082800e-06,6.12586775e-01
4.05092800e-06,6.12937047e-01
4.05102800e-06,6.13297019e-01
4.05112800e-06,6.13667625e-01
4.05122800e-06,6.14048873e-01
4.05132800e-06,6.14441764e-01
4.05142800e-06,6.14846367e-01
4.05152800e-06,6.15263758e-01
4.05162800e-06,6.15694082e-01
4.05172800e-06,6.16138502e-01
4.05182800e-06,6.16597251e-01
4.05192800e-06,6.17071596e-01
4.05202800e-06,6.17561874e-01
4.05212800e-06,6.18069479e-01
4.05222800e-06,6.18594872e-01
4.05232800e-06,6.19139583e-01
4.05242800e-06,6.19704221e-01
4.05252800e-06,6.20290490e-01
4.05262800e-06,6.20899177e-01
4.05272800e-06,6.21532185e-01
4.05282800e-06,6.22190509e-01
4.05292800e-06,6.22876290e-01
4.05302800e-06,6.23590767e-01
4.05312800e-06,6.24336354e-01
4.05322800e-06,6.25114577e-01
4.05332800e-06,6.25928165e-01
4.05342800e-06,6.26778973e-01
4.05352800e-06,6.27670090e-01
4.05362800e-06,6.28603740e-01
4.05372800e-06,6.29583413e-01
4.05382800e-06,6.30611747e-01
4.05392800e-06,6.31692675e-01
4.05402800e-06,6.32829287e-01
4.05412800e-06,6.34026000e-01
4.05422800e-06,6.35286409e-01
4.05432800e-06,6.36615477e-01
4.05442800e-06,6.38017378e-01
4.05452800e-06,6.39497730e-01
4.05462800e-06,6.41061435e-01
4.05472800e-06,6.42714961e-01
4.05482800e-06,6.44464206e-01
4.05492800e-06,6.46316841e-01
4.05502800e-06,6.48280210e-01
4.05512800e-06,6.50363761e-01
4.05522800e-06,6.52576998e-01
4.05532800e-06,6.54932021e-01
4.05542800e-06,6.57441578e-01
4.05552800e-06,6.60121755e-01
4.05562800e-06,6.62990187e-01
4.05572800e-06,6.66069011e-01
4.05582800e-06,6.69383362e-01
4.05592800e-06,6.72964794e-01
4.05602800e-06,6.76850359e-01
4.05612800e-06,6.81086923e-01
4.05622800e-06,6.85731493e-01
4.05632800e-06,6.90857455e-01
4.05642800e-06,6.96557767e-01
4.05652800e-06,7.02955816e-01
4.05662800e-06,7.10216099e-01
4.05672800e-06,7.18567993e-01
4.05682800e-06,7.28339692e-01
4.05692800e-06,7.40026894e-01
4.05702800e-06,7.54420557e-01
4.05712800e-06,7.72893468e-01
4.05722800e-06,7.98149052e-01
4.05732800e-06,8.36468753e-01
4.05742800e-06,9.07488626e-01
4.05752800e-06,1.10150108e+00
4.05762800e-06,1.60428038e+00
4.05772800e-06,1.80258187e+00
4.05782800e-06,1.78904932e+00
4.05792800e-06,1.79889145e+00
4.05802800e-06,1.79539229e+00
4.05812800e-06,1.79964779e+00
4.05822800e-06,1.79809793e+00
4.05832800e-06,1.80021964e+00
4.05842800e-06,1.79917699e+00
4.05852800e-06,1.80029274e+00
4.05862800e-06,1.79959658e+00
4.05872800e-06,1.80022055e+00
4.05882800e-06,1.79977886e+00
4.05892800e-06,1.80013874e+00
4.05902800e-06,1.79988384e+00
4.05912800e-06,1.80007947e+00
4.05922800e-06,1.79993951e+00
4.05932800e-06,1.80004031e+00
4.05942800e-06,1.79997257e+00
4.05952800e-06,1.80001571e+00
4.05962800e-06,1.79999231e+00
4.05972800e-06,1.80000084e+00
4.05982800e-06,1.80000392e+00
4.05992800e-06,1.79999231e+00
4.06002800e-06,1.80001021e+00
4.06012800e-06,1.79998783e+00
4.06022800e-06,1.80001327e+00
4.06032800e-06,1.79998587e+00
4.06042800e-06,1.80001436e+00
4.06052800e-06,1.79998544e+00
4.06062800e-06,1.80001428e+00
4.06072800e-06,1.79998590e+00
4.06082800e-06,1.80001355e+00
4.06092800e-06,1.79998684e+00
4.06102800e-06,1.80001246e+00
4.06112800e-06,1.79998780e+00
4.06122800e-06,1.80001119e+00
4.06132800e-06,1.79998911e+00
4.06142800e-06,1.80000895e+00
4.06152800e-06,1.79999019e+00
4.06162800e-06,1.80000791e+00
4.06172800e-06,1.79999129e+00
4.06182800e-06,1.80000690e+00
4.06192800e-06,1.79999234e+00
4.06202800e-06,1.80000667e+00
4.06212800e-06,1.79999347e+00
4.06222800e-06,1.80000567e+00
4.06232800e-06,1.79999444e+00
4.06242800e-06,1.80000481e+00
4.06252800e-06,1.79999528e+00
4.06262800e-06,1.80000406e+00
4.06272800e-06,1.79999601e+00
4.06282800e-06,1.80000342e+00
4.06292800e-06,1.79999663e+00
4.06302800e-06,1.80000287e+00
4.06312800e-06,1.79999715e+00
4.06322800e-06,1.80000240e+00
4.06332800e-06,1.79999760e+00
4.06342800e-06,1.80000201e+00
4.06352800e-06,1.79999798e+00
4.06362800e-06,1.80000167e+00
4.06372800e-06,1.79999830e+00
4.06382800e-06,1.80000140e+00
4.06392800e-06,1.79999856e+00
4.06402800e-06,1.80000117e+00
4.06412800e-06,1.79999877e+00
4.06422800e-06,1.80000099e+00
4.06432800e-06,1.79999894e+00
4.06442800e-06,1.80000084e+00
4.06452800e-06,1.79999908e+00
4.06462800e-06,1.80000073e+00
4.06472800e-06,1.79999918e+00
4.06482800e-06,1.80000065e+00
4.06492800e-06,1.79999925e+00
4.06502800e-06,1.80000060e+00
4.06512800e-06,1.79999929e+00
4.06522800e-06,1.80000057e+00
4.06532800e-06,1.79999932e+00
4.06542800e-06,1.80000056e+00
4.06552800e-06,1.79999932e+00
4.06562800e-06,1.80000056e+00
4.06572800e-06,1.79999931e+00
4.06582800e-06,1.80000058e+00
4.06592800e-06,1.79999928e+00
4.06602800e-06,1.80000062e+00
4.06612800e-06,1.79999924e+00
4.06622800e-06,1.80000067e+00
4.06632800e-06,1.79999918e+00
4.06642800e-06,1.80000072e+00
4.06652800e-06,1.79999912e+00
4.06662800e-06,1.80000079e+00
4.06672800e-06,1.79999905e+00
4.06682800e-06,1.80000086e+00
4.06692800e-06,1.79999897e+00
4.06702800e-06,1.80000094e+00
4.06712800e-06,1.79999888e+00
4.06722800e-06,1.80000103e+00
4.06732800e-06,1.79999879e+00
4.06742800e-06,1.80000112e+00
4.06752800e-06,1.79999869e+00
4.06762800e-06,1.80000121e+00
4.06772800e-06,1.79999859e+00
4.06782800e-06,1.80000131e+00
4.06792800e-06,1.79999849e+00
4.06802800e-06,1.80000142e+00
4.06812800e-06,1.79999839e+00
4.06822800e-06,1.80000152e+00
4.06832800e-06,1.79999828e+00
4.06842800e-06,1.80000163e+00
4.06852800e-06,1.79999817e+00
4.06862800e-06,1.80000173e+00
4.06872800e-06,1.79999805e+00
4.06882800e-06,1.80000184e+00
4.06892800e-06,1.79999794e+00
4.06902800e-06,1.80000195e+00
4.06912800e-06,1.79999783e+00
4.06922800e-06,1.80000206e+00
4.06932800e-06,1.79999771e+00
4.06942800e-06,1.80000217e+00
4.06952800e-06,1.79999760e+00
4.06962800e-06,1.80000228e+00
4.06972800e-06,1.79999748e+00
4.06982800e-06,1.80000239e+00
4.06992800e-06,1.79999737e+00
4.07002800e-06,1.80000251e+00
4.07012800e-06,1.79999726e+00
4.07022800e-06,1.80000262e+00
4.07032800e-06,1.79999714e+00
4.07042800e-06,1.80000273e+00
4.07052800e-06,1.79999703e+00
4.07062800e-06,1.80000284e+00
4.07072800e-06,1.79999691e+00
4.07082800e-06,1.80000295e+00
4.07092800e-06,1.79999680e+00
4.07102800e-06,1.80000305e+00
4.07112800e-06,1.79999669e+00
4.07122800e-06,1.80000316e+00
4.07132800e-06,1.79999658e+00
4.07142800e-06,1.80000327e+00
4.07152800e-06,1.79999647e+00
4.07162800e-06,1.80000338e+00
4.07172800e-06,1.79999636e+00
4.07182800e-06,1.80000348e+00
4.07192800e-06,1.79999625e+00
4.07202800e-06,1.80000359e+00
4.07212800e-06,1.79999614e+00
4.07222800e-06,1.80000369e+00
4.07232800e-06,1.79999604e+00
4.07242800e-06,1.80000379e+00
4.07252800e-06,1.79999593e+00
4.07262800e-06,1.80000389e+00
4.07272800e-06,1.79999583e+00
4.07282800e-06,1.80000399e+00
4.07292800e-06,1.79999572e+00
4.07302800e-06,1.80000409e+00
4.07312800e-06,1.79999562e+00
4.07322800e-06,1.80000419e+00
4.07332800e-06,1.79999552e+00
4.07342800e-06,1.80000429e+00
4.07352800e-06,1.79999542e+00
4.07362800e-06,1.80000438e+00
4.07372800e-06,1.79999532e+00
4.07382800e-06,1.80000448e+00
4.07392800e-06,1.79999522e+00
4.07402800e-06,1.80000457e+00
4.07412800e-06,1.79999513e+00
4.07422800e-06,1.80000467e+00
4.07432800e-06,1.79999503e+00
4.07442800e-06,1.80000476e+00
4.07452800e-06,1.79999494e+00
4.07462800e-06,1.80000485e+00
4.07472800e-06,1.79999484e+00
4.07482800e-06,1.80000494e+00
4.07492800e-06,1.79999475e+00
4.07502800e-06,1.80000503e+00
4.07512800e-06,1.79999466e+00
4.07522800e-06,1.80000511e+00
4.07532800e-06,1.79999457e+00
4.07542800e-06,1.80000520e+00
4.07552800e-06,1.79999448e+00
4.07562800e-06,1.80000529e+00
4.07572800e-06,1.79999440e+00
4.07582800e-06,1.80000537e+00
4.07592800e-06,1.79999431e+00
4.07602800e-06,1.80000545e+00
4.07612800e-06,1.79999422e+00
4.07622800e-06,1.80000553e+00
4.07632800e-06,1.79999414e+00
4.07642800e-06,1.80000562e+00
4.07652800e-06,1.79999406e+00
4.07662800e-06,1.80000570e+00
4.07672800e-06,1.79999397e+00
4.07682800e-06,1.80000577e+00
4.07692800e-06,1.79999389e+00
4.07702800e-06,1.80000585e+00
4.07712800e-06,1.79999381e+00
4.07722800e-06,1.80000593e+00
4.07732800e-06,1.79999373e+00
4.07742800e-06,1.80000601e+00
4.07752800e-06,1.79999366e+00
4.07762800e-06,1.80000608e+00
4.07772800e-06,1.79999358e+00
4.07782800e-06,1.80000615e+00
4.07792800e-06,1.79999350e+00
4.07802800e-06,1.80000623e+00
4.07812800e-06,1.79999343e+00
4.07822800e-06,1.80000630e+00
4.07832800e-06,1.79999335e+00
4.07842800e-06,1.80000637e+00
4.07852800e-06,1.79999328e+00
4.07862800e-06,1.80000644e+00
4.07872800e-06,1.79999321e+00
4.07882800e-06,1.80000651e+00
4.07892800e-06,1.79999314e+00
4.07902800e-06,1.80000658e+00
4.07912800e-06,1.79999307e+00
4.07922800e-06,1.80000665e+00
4.07932800e-06,1.79999300e+00
4.07942800e-06,1.80000671e+00
4.07952800e-06,1.79999293e+00
4.07962800e-06,1.80000678e+00
4.07972800e-06,1.79999286e+00
4.07982800e-06,1.80000684e+00
4.07992800e-06,1.79999280e+00
4.08002800e-06,1.80000691e+00
4.08012800e-06,1.79999273e+00
4.08022800e-06,1.80000697e+00
4.08032800e-06,1.79999267e+00
4.08042800e-06,1.80000703e+00
4.08052800e-06,1.79999261e+00
4.08062800e-06,1.80000709e+00
4.08072800e-06,1.79999254e+00
4.08082800e-06,1.80000715e+00
4.08092800e-06,1.79999248e+00
4.08102800e-06,1.80000721e+00
4.08112800e-06,1.79999242e+00
4.08122800e-06,1.80000727e+00
4.08132800e-06,1.79999236e+00
4.08142800e-06,1.80000733e+00
4.08152800e-06,1.79999230e+00
4.08162800e-06,1.80000738e+00
4.08172800e-06,1.79999224e+00
4.08182800e-06,1.80000744e+00
4.08192800e-06,1.79999219e+00
4.08202800e-06,1.80000749e+00
4.08212800e-06,1.79999213e+00
4.08222800e-06,1.80000755e+00
4.08232800e-06,1.79999207e+00
4.08242800e-06,1.80000760e+00
4.08252800e-06,1.79999202e+00
4.08262800e-06,1.80000765e+00
4.08272800e-06,1.79999196e+00
4.08282800e-06,1.80000771e+00
4.08292800e-06,1.79999191e+00
4.08302800e-06,1.80000776e+00
4.08312800e-06,1.79999186e+00
4.08322800e-06,1.80000781e+00
4.08332800e-06,1.79999181e+00
4.08342800e-06,1.80000786e+00
4.08352800e-06,1.79999176e+00
4.08362800e-06,1.80000791e+00
4.08372800e-06,1.79999171e+00
4.08382800e-06,1.80000796e+00
4.08392800e-06,1.79999166e+00
4.08402800e-06,1.80000800e+00
4.08412800e-06,1.79999161e+00
4.08422800e-06,1.80000805e+00
4.08432800e-06,1.79999156e+00
4.08442800e-06,1.80000810e+00
4.08452800e-06,1.79999151e+00
4.08462800e-06,1.80000814e+00
4.08472800e-06,1.79999147e+00
4.08482800e-06,1.80000819e+00
4.08492800e-06,1.79999142e+00
4.08502800e-06,1.80000823e+00
4.08512800e-06,1.79999137e+00
4.08522800e-06,1.80000827e+00
4.08532800e-06,1.79999133e+00
4.08542800e-06,1.80000832e+00
4.08552800e-06,1.79999129e+00
4.08562800e-06,1.80000836e+00
4.08572800e-06,1.79999124e+00
4.08582800e-06,1.80000840e+00
4.08592800e-06,1.79999120e+00
4.08602800e-06,1.80000844e+00
4.08612800e-06,1.79999116e+00
4.08622800e-06,1.80000848e+00
4.08632800e-06,1.79999112e+00
4.08642800e-06,1.80000852e+00
4.08652800e-06,1.79999108e+00
4.08662800e-06,1.80000856e+00
4.08672800e-06,1.79999104e+00
4.08682800e-06,1.80000860e+00
4.08692800e-06,1.79999100e+00
4.08702800e-06,1.80000863e+00
4.08712800e-06,1.79999096e+00
4.08722800e-06,1.80000867e+00
4.08732800e-06,1.79999092e+00
4.08742800e-06,1.80000871e+00
4.08752800e-06,1.79999089e+00
4.08762800e-06,1.80000874e+00
4.08772800e-06,1.79999085e+00
4.08782800e-06,1.80000878e+00
4.08792800e-06,1.79999082e+00
4.08802800e-06,1.80000881e+00
4.08812800e-06,1.79999078e+00
4.08822800e-06,1.80000885e+00
4.08832800e-06,1.79999075e+00
4.08842800e-06,1.80000888e+00
4.08852800e-06,1.79999071e+00
4.08862800e-06,1.80000891e+00
4.08872800e-06,1.79999068e+00
4.08882800e-06,1.80000894e+00
4.08892800e-06,1.79999065e+00
4.08902800e-06,1.80000898e+00
4.08912800e-06,1.79999061e+00
4.08922800e-06,1.80000901e+00
4.08932800e-06,1.79999058e+00
4.08942800e-06,1.80000904e+00
4.08952800e-06,1.79999055e+00
4.08962800e-06,1.80000907e+00
4.08972800e-06,1.79999052e+00
4.08982800e-06,1.80000910e+00
4.08992800e-06,1.79999049e+00
4.09002800e-06,1.80000912e+00
4.09012800e-06,1.79999046e+00
4.09022800e-06,1.80000915e+00
4.09032800e-06,1.79999043e+00
4.09042800e-06,1.80000918e+00
4.09052800e-06,1.79999040e+00
4.09062800e-06,1.80000921e+00
4.09072800e-06,1.79999038e+00
4.09082800e-06,1.80000923e+00
4.09092800e-06,1.79999035e+00
4.09102800e-06,1.80000926e+00
4.09112800e-06,1.79999032e+00
4.09122800e-06,1.80000929e+00
4.09132800e-06,1.79999030e+00
4.09142800e-06,1.80000931e+00
4.09152800e-06,1.79999027e+00
4.09162800e-06,1.80000934e+00
4.09172800e-06,1.79999024e+00
4.09182800e-06,1.80000936e+00
4.09192800e-06,1.79999022e+00
4.09202800e-06,1.80000938e+00
4.09212800e-06,1.79999020e+00
4.09222800e-06,1.80000941e+00
4.09232800e-06,1.79999017e+00
4.09242800e-06,1.80000943e+00
4.09252800e-06,1.79999015e+00
4.09262800e-06,1.80000945e+00
4.09272800e-06,1.79999013e+00
4.09282800e-06,1.80000948e+00
4.09292800e-06,1.79999010e+00
4.09302800e-06,1.80000950e+00
4.09312800e-06,1.79999008e+00
4.09322800e-06,1.80000952e+00
4.09332800e-06,1.79999006e+00
4.09342800e-06,1.80000954e+00
4.09352800e-06,1.79999004e+00
4.09362800e-06,1.80000956e+00
4.09372800e-06,1.79999002e+00
4.09382800e-06,1.80000958e+00
4.09392800e-06,1.79999000e+00
4.09402800e-06,1.80000960e+00
4.09412800e-06,1.79998998e+00
4.09422800e-06,1.80000962e+00
4.09432800e-06,1.79998996e+00
4.09442800e-06,1.80000963e+00
4.09452800e-06,1.79998994e+00
4.09462800e-06,1.80000965e+00
4.09472800e-06,1.79998992e+00
4.09482800e-06,1.80000967e+00
4.09492800e-06,1.79998991e+00
4.09502800e-06,1.80000969e+00
4.09512800e-06,1.79998989e+00
4.09522800e-06,1.80000970e+00
4.09532800e-06,1.79998987e+00
4.09542800e-06,1.80000972e+00
4.09552800e-06,1.79998985e+00
4.09562800e-06,1.80000974e+00
4.09572800e-06,1.79998984e+00
4.09582800e-06,1.80000975e+00
4.09592800e-06,1.79998982e+00
4.09602800e-06,1.80000977e+00
4.09612800e-06,1.79998981e+00
4.09622800e-06,1.80000978e+00
4.09632800e-06,1.79998979e+00
4.09642800e-06,1.80000980e+00
4.09652800e-06,1.79998978e+00
4.09662800e-06,1.80000981e+00
4.09672800e-06,1.79998976e+00
4.09682800e-06,1.80000982e+00
4.09692800e-06,1.79998975e+00
4.09702800e-06,1.80000984e+00
4.09712800e-06,1.79998974e+00
4.09722800e-06,1.80000985e+00
4.09732800e-06,1.79998972e+00
4.09742800e-06,1.80000986e+00
4.09752800e-06,1.79998971e+00
4.09762800e-06,1.80000988e+00
4.09772800e-06,1.79998970e+00
4.09782800e-06,1.80000989e+00
4.09792800e-06,1.79998969e+00
4.09802800e-06,1.80000990e+00
4.09812800e-06,1.79998967e+00
4.09822800e-06,1.80000991e+00
4.09832800e-06,1.79998966e+00
4.09842800e-06,1.80000992e+00
4.09852800e-06,1.79998965e+00
4.09862800e-06,1.80000993e+00
4.09872800e-06,1.79998964e+00
4.09882800e-06,1.80000994e+00
4.09892800e-06,1.79998963e+00
4.09902800e-06,1.80000995e+00
4.09912800e-06,1.79998962e+00
4.09922800e-06,1.80000996e+00
4.09932800e-06,1.79998961e+00
4.09942800e-06,1.80000997e+00
4.09952800e-06,1.79998960e+00
4.09962800e-06,1.80000998e+00
4.09972800e-06,1.79998959e+00
4.09982800e-06,1.80000999e+00
4.09992800e-06,1.79998958e+00
4.10002800e-06,1.80001000e+00
4.10012800e-06,1.79998958e+00
4.10022800e-06,1.80001001e+00
4.10032800e-06,1.79998957e+00
4.10042800e-06,1.80001001e+00
4.10052800e-06,1.79998956e+00
4.10062800e-06,1.80001002e+00
4.10072800e-06,1.79998955e+00
4.10082800e-06,1.80001003e+00
4.10092800e-06,1.79998955e+00
4.10102800e-06,1.80001003e+00
4.10112800e-06,1.79998954e+00
4.10122800e-06,1.80001004e+00
4.10132800e-06,1.79998953e+00
4.10142800e-06,1.80001005e+00
4.10152800e-06,1.79998953e+00
4.10162800e-06,1.80001005e+00
4.10172800e-06,1.79998952e+00
4.10182800e-06,1.80001006e+00
4.10192800e-06,1.79998951e+00
4.10202800e-06,1.80001006e+00
4.10212800e-06,1.79998951e+00
4.10222800e-06,1.80001007e+00
4.10232800e-06,1.79998950e+00
4.10242800e-06,1.80001007e+00
4.10252800e-06,1.79998950e+00
4.10262800e-06,1.80001008e+00
4.10272800e-06,1.79998950e+00
4.10282800e-06,1.80001008e+00
4.10292800e-06,1.79998949e+00
4.10302800e-06,1.80001009e+00
4.10312800e-06,1.79998949e+00
4.10322800e-06,1.80001009e+00
4.10332800e-06,1.79998948e+00
4.10342800e-06,1.80001009e+00
4.10352800e-06,1.79998948e+00
4.10362800e-06,1.80001010e+00
4.10372800e-06,1.79998948e+00
4.10382800e-06,1.80001010e+00
4.10392800e-06,1.79998947e+00
4.10402800e-06,1.80001010e+00
4.10412800e-06,1.79998947e+00
4.10422800e-06,1.80001011e+00
4.10432800e-06,1.79998947e+00
4.10442800e-06,1.80001011e+00
4.10452800e-06,1.79998947e+00
4.10462800e-06,1.80001011e+00
4.10472800e-06,1.79998946e+00
4.10482800e-06,1.80001011e+00
4.10492800e-06,1.79998946e+00
4.10502800e-06,1.80001011e+00
4.10512800e-06,1.79998946e+00
4.10522800e-06,1.80001012e+00
4.10532800e-06,1.79998946e+00
4.10542800e-06,1.80001012e+00
4.10552800e-06,1.79998946e+00
4.10562800e-06,1.80001012e+00
4.10572800e-06,1.79998946e+00
4.10582800e-06,1.80001012e+00
4.10592800e-06,1.79998946e+00
4.10602800e-06,1.80001012e+00
4.10612800e-06,1.79998946e+00
4.10622800e-06,1.80001012e+00
4.10632800e-06,1.79998946e+00
4.10642800e-06,1.80001012e+00
4.10652800e-06,1.79998946e+00
4.10662800e-06,1.80001012e+00
4.10672800e-06,1.79998946e+00
4.10682800e-06,1.80001012e+00
4.10692800e-06,1.79998946e+00
4.10702800e-06,1.80001012e+00
4.10712800e-06,1.79998946e+00
4.10722800e-06,1.80001012e+00
4.10732800e-06,1.79998946e+00
4.10742800e-06,1.80001012e+00
4.10752800e-06,1.79998946e+00
4.10762800e-06,1.80001012e+00
4.10772800e-06,1.79998946e+00
4.10782800e-06,1.80001011e+00
4.10792800e-06,1.79998947e+00
4.10802800e-06,1.80001011e+00
4.10812800e-06,1.79998947e+00
4.10822800e-06,1.80001011e+00
4.10832800e-06,1.79998947e+00
4.10842800e-06,1.80001011e+00
4.10852800e-06,1.79998947e+00
4.10862800e-06,1.80001011e+00
4.10872800e-06,1.79998947e+00
4.10882800e-06,1.80001010e+00
4.10892800e-06,1.79998948e+00
4.10902800e-06,1.80001010e+00
4.10912800e-06,1.79998948e+00
4.10922800e-06,1.80001010e+00
4.10932800e-06,1.79998948e+00
4.10942800e-06,1.80001010e+00
4.10952800e-06,1.79998949e+00
4.10962800e-06,1.80001009e+00
4.10972800e-06,1.79998949e+00
4.10982800e-06,1.80001009e+00
4.10992800e-06,1.79998949e+00
4.11002800e-06,1.80001009e+00
4.11012800e-06,1.79998950e+00
4.11022800e-06,1.80001008e+00
4.11032800e-06,1.79998950e+00
4.11042800e-06,1.80001008e+00
4.11052800e-06,1.79998950e+00
4.11062800e-06,1.80001008e+00
4.11072800e-06,1.79998951e+00
4.11082800e-06,1.80001007e+00
4.11092800e-06,1.79998951e+00
4.11102800e-06,1.80001007e+00
4.11112800e-06,1.79998952e+00
4.11122800e-06,1.80001006e+00
4.11132800e-06,1.79998952e+00
4.11142800e-06,1.80001006e+00
4.11152800e-06,1.79998953e+00
4.11162800e-06,1.80001005e+00
4.11172800e-06,1.79998953e+00
4.11182800e-06,1.80001005e+00
4.11192800e-06,1.79998954e+00
4.11202800e-06,1.80001004e+00
4.11212800e-06,1.79998954e+00
4.11222800e-06,1.80001004e+00
4.11232800e-06,1.79998955e+00
4.11242800e-06,1.80001003e+00
4.11252800e-06,1.79998955e+00
4.11262800e-06,1.80001003e+00
4.11272800e-06,1.79998956e+00
4.11282800e-06,1.80001002e+00
4.11292800e-06,1.79998957e+00
4.11302800e-06,1.80001002e+00
4.11312800e-06,1.79998957e+00
4.11322800e-06,1.80001001e+00
4.11332800e-06,1.79998958e+00
4.11342800e-06,1.80001001e+00
4.11352800e-06,1.79998958e+00
4.11362800e-06,1.80001000e+00
4.11372800e-06,1.79998959e+00
4.11382800e-06,1.80000999e+00
4.11392800e-06,1.79998960e+00
4.11402800e-06,1.80000999e+00
4.11412800e-06,1.79998960e+00
4.11422800e-06,1.80000998e+00
4.11432800e-06,1.79998961e+00
4.11442800e-06,1.80000997e+00
4.11452800e-06,1.79998962e+00
4.11462800e-06,1.80000997e+00
4.11472800e-06,1.79998963e+00
4.11482800e-06,1.80000996e+00
4.11492800e-06,1.79998963e+00
4.11502800e-06,1.80000995e+00
4.11512800e-06,1.79998964e+00
4.11522800e-06,1.80000995e+00
4.11532800e-06,1.79998965e+00
4.11542800e-06,1.80000994e+00
4.11552800e-06,1.79998966e+00
4.11562800e-06,1.80000993e+00
4.11572800e-06,1.79998966e+00
4.11582800e-06,1.80000992e+00
4.11592800e-06,1.79998967e+00
4.11602800e-06,1.80000992e+00
4.11612800e-06,1.79998968e+00
4.11622800e-06,1.80000991e+00
4.11632800e-06,1.79998969e+00
4.11642800e-06,1.80000990e+00
4.11652800e-06,1.79998970e+00
4.11662800e-06,1.80000989e+00
4.11672800e-06,1.79998971e+00
4.11682800e-06,1.80000988e+00
4.11692800e-06,1.79998971e+00
4.11702800e-06,1.80000988e+00
4.11712800e-06,1.79998972e+00
4.11722800e-06,1.80000987e+00
4.11732800e-06,1.79998973e+00
4.11742800e-06,1.80000986e+00
4.11752800e-06,1.79998974e+00
4.11762800e-06,1.80000985e+00
4.11772800e-06,1.79998975e+00
4.11782800e-06,1.80000984e+00
4.11792800e-06,1.79998976e+00
4.11802800e-06,1.80000983e+00
4.11812800e-06,1.79998977e+00
4.11822800e-06,1.80000982e+00
4.11832800e-06,1.79998978e+00
4.11842800e-06,1.80000982e+00
4.11852800e-06,1.79998979e+00
4.11862800e-06,1.80000981e+00
4.11872800e-06,1.79998980e+00
4.11882800e-06,1.80000980e+00
4.11892800e-06,1.79998981e+00
4.11902800e-06,1.80000979e+00
4.11912800e-06,1.79998982e+00
4.11922800e-06,1.80000978e+00
4.11932800e-06,1.79998983e+00
4.11942800e-06,1.80000977e+00
4.11952800e-06,1.79998984e+00
4.11962800e-06,1.80000976e+00
4.11972800e-06,1.79998985e+00
4.11982800e-06,1.80000975e+00
4.11992800e-06,1.79998986e+00
4.12002800e-06,1.80000974e+00
4.12012800e-06,1.79998987e+00
4.12022800e-06,1.80000973e+00
4.12032800e-06,1.79998988e+00
4.12042800e-06,1.80000972e+00
4.12052800e-06,1.79998989e+00
4.12062800e-06,1.80000971e+00
4.12072800e-06,1.79998990e+00
4.12082800e-06,1.80000970e+00
4.12092800e-06,1.79998991e+00
4.12102800e-06,1.80000969e+00
4.12112800e-06,1.79998992e+00
4.12122800e-06,1.80000968e+00
4.12132800e-06,1.79998993e+00
4.12142800e-06,1.80000967e+00
4.12152800e-06,1.79998994e+00
4.12162800e-06,1.80000966e+00
4.12172800e-06,1.79998995e+00
4.12182800e-06,1.80000965e+00
4.12192800e-06,1.79998996e+00
4.12202800e-06,1.80000964e+00
4.12212800e-06,1.79998997e+00
4.12222800e-06,1.80000963e+00
4.12232800e-06,1.79998998e+00
4.12242800e-06,1.80000962e+00
4.12252800e-06,1.79998999e+00
4.12262800e-06,1.80000961e+00
4.12272800e-06,1.79999001e+00
4.12282800e-06,1.80000960e+00
4.12292800e-06,1.79999002e+00
4.12302800e-06,1.80000959e+00
4.12312800e-06,1.79999003e+00
4.12322800e-06,1.80000958e+00
4.12332800e-06,1.79999004e+00
4.12342800e-06,1.80000956e+00
4.12352800e-06,1.79999005e+00
4.12362800e-06,1.80000955e+00
4.12372800e-06,1.79999006e+00
4.12382800e-06,1.80000954e+00
4.12392800e-06,1.79999008e+00
4.12402800e-06,1.80000953e+00
4.12412800e-06,1.79999009e+00
4.12422800e-06,1.80000952e+00
4.12432800e-06,1.79999010e+00
4.12442800e-06,1.80000951e+00
4.12452800e-06,1.79999011e+00
4.12462800e-06,1.80000950e+00
4.12472800e-06,1.79999012e+00
4.12482800e-06,1.80000949e+00
4.12492800e-06,1.79999013e+00
4.12502800e-06,1.80000947e+00
4.12512800e-06,1.79999015e+00
4.12522800e-06,1.80000946e+00
4.12532800e-06,1.79999016e+00
4.12542800e-06,1.80000945e+00
4.12552800e-06,1.79999017e+00
4.12562800e-06,1.80000944e+00
4.12572800e-06,1.79999018e+00
4.12582800e-06,1.80000943e+00
4.12592800e-06,1.79999020e+00
4.12602800e-06,1.80000942e+00
4.12612800e-06,1.79999021e+00
4.12622800e-06,1.80000940e+00
4.12632800e-06,1.79999022e+00
4.12642800e-06,1.80000939e+00
4.12652800e-06,1.79999023e+00
4.12662800e-06,1.80000938e+00
4.12672800e-06,1.79999025e+00
4.12682800e-06,1.80000937e+00
4.12692800e-06,1.79999026e+00
4.12702800e-06,1.80000936e+00
4.12712800e-06,1.79999027e+00
4.12722800e-06,1.80000934e+00
4.12732800e-06,1.79999028e+00
4.12742800e-06,1.80000933e+00
4.12752800e-06,1.79999030e+00
4.12762800e-06,1.80000932e+00
4.12772800e-06,1.79999031e+00
4.12782800e-06,1.80000931e+00
4.12792800e-06,1.79999032e+00
4.12802800e-06,1.80000929e+00
4.12812800e-06,1.79999034e+00
4.12822800e-06,1.80000928e+00
4.12832800e-06,1.79999035e+00
4.12842800e-06,1.80000927e+00
4.12852800e-06,1.79999036e+00
4.12862800e-06,1.80000926e+00
4.12872800e-06,1.79999037e+00
4.12882800e-06,1.80000924e+00
4.12892800e-06,1.79999039e+00
4.12902800e-06,1.80000923e+00
4.12912800e-06,1.79999040e+00
4.12922800e-06,1.80000922e+00
4.12932800e-06,1.79999041e+00
4.12942800e-06,1.80000921e+00
4.12952800e-06,1.79999043e+00
4.12962800e-06,1.80000919e+00
4.12972800e-06,1.79999044e+00
4.12982800e-06,1.80000918e+00
4.12992800e-06,1.79999045e+00
4.13002800e-06,1.80000917e+00
4.13012800e-06,1.79999047e+00
4.13022800e-06,1.80000916e+00
4.13032800e-06,1.79999048e+00
4.13042800e-06,1.80000914e+00
4.13052800e-06,1.79999049e+00
4.13062800e-06,1.80000913e+00
4.13072800e-06,1.79999051e+00
4.13082800e-06,1.80000912e+00
4.13092800e-06,1.79999052e+00
4.13102800e-06,1.80000910e+00
4.13112800e-06,1.79999053e+00
4.13122800e-06,1.80000909e+00
4.13132800e-06,1.79999055e+00
4.13142800e-06,1.80000908e+00
4.13152800e-06,1.79999056e+00
4.13162800e-06,1.80000906e+00
4.13172800e-06,1.79999058e+00
4.13182800e-06,1.80000905e+00
4.13192800e-06,1.79999059e+00
4.13202800e-06,1.80000904e+00
4.13212800e-06,1.79999060e+00
4.13222800e-06,1.80000903e+00
4.13232800e-06,1.79999062e+00
4.13242800e-06,1.80000901e+00
4.13252800e-06,1.79999063e+00
4.13262800e-06,1.80000900e+00
4.13272800e-06,1.79999064e+00
4.13282800e-06,1.80000899e+00
4.13292800e-06,1.79999066e+00
4.13302800e-06,1.80000897e+00
4.13312800e-06,1.79999067e+00
4.13322800e-06,1.80000896e+00
4.13332800e-06,1.79999069e+00
4.13342800e-06,1.80000895e+00
4.13352800e-06,1.79999070e+00
4.13362800e-06,1.80000893e+00
4.13372800e-06,1.79999071e+00
4.13382800e-06,1.80000892e+00
4.13392800e-06,1.79999073e+00
4.13402800e-06,1.80000891e+00
4.13412800e-06,1.79999074e+00
4.13422800e-06,1.80000889e+00
4.13432800e-06,1.79999076e+00
4.13442800e-06,1.80000888e+00
4.13452800e-06,1.79999077e+00
4.13462800e-06,1.80000887e+00
4.13472800e-06,1.79999078e+00
4.13482800e-06,1.80000885e+00
4.13492800e-06,1.79999080e+00
4.13502800e-06,1.80000884e+00
4.13512800e-06,1.79999081e+00
4.13522800e-06,1.80000883e+00
4.13532800e-06,1.79999083e+00
4.13542800e-06,1.80000881e+00
4.13552800e-06,1.79999084e+00
4.13562800e-06,1.80000880e+00
4.13572800e-06,1.79999086e+00
4.13582800e-06,1.80000878e+00
4.13592800e-06,1.79999087e+00
4.13602800e-06,1.80000877e+00
4.13612800e-06,1.79999088e+00
4.13622800e-06,1.80000876e+00
4.13632800e-06,1.79999090e+00
4.13642800e-06,1.80000874e+00
4.13652800e-06,1.79999091e+00
4.13662800e-06,1.80000873e+00
4.13672800e-06,1.79999093e+00
4.13682800e-06,1.80000872e+00
4.13692800e-06,1.79999094e+00
4.13702800e-06,1.80000870e+00
4.13712800e-06,1.79999096e+00
4.13722800e-06,1.80000869e+00
4.13732800e-06,1.79999097e+00
4.13742800e-06,1.80000867e+00
4.13752800e-06,1.79999098e+00
4.13762800e-06,1.80000866e+00
4.13772800e-06,1.79999100e+00
4.13782800e-06,1.80000865e+00
4.13792800e-06,1.79999101e+00
4.13802800e-06,1.80000863e+00
4.13812800e-06,1.79999103e+00
4.13822800e-06,1.80000862e+00
4.13832800e-06,1.79999104e+00
4.13842800e-06,1.80000861e+00
4.13852800e-06,1.79999106e+00
4.13862800e-06,1.80000859e+00
4.13872800e-06,1.79999107e+00
4.13882800e-06,1.80000858e+00
4.13892800e-06,1.79999109e+00
4.13902800e-06,1.80000856e+00
4.13912800e-06,1.79999110e+00
4.13922800e-06,1.80000855e+00
4.13932800e-06,1.79999111e+00
4.13942800e-06,1.80000854e+00
4.13952800e-06,1.79999113e+00
4.13962800e-06,1.80000852e+00
4.13972800e-06,1.79999114e+00
4.13982800e-06,1.80000851e+00
4.13992800e-06,1.79999116e+00
4.14002800e-06,1.80000849e+00
4.14012800e-06,1.79999117e+00
4.14022800e-06,1.80000848e+00
4.14032800e-06,1.79999119e+00
4.14042800e-06,1.80000847e+00
4.14052800e-06,1.79999120e+00
4.14062800e-06,1.80000845e+00
4.14072800e-06,1.79999122e+00
4.14082800e-06,1.80000844e+00
4.14092800e-06,1.79999123e+00
4.14102800e-06,1.80000843e+00
4.14112800e-06,1.79999125e+00
4.14122800e-06,1.80000841e+00
4.14132800e-06,1.79999126e+00
4.14142800e-06,1.80000840e+00
4.14152800e-06,1.79999128e+00
4.14162800e-06,1.80000838e+00
4.14172800e-06,1.79999129e+00
4.14182800e-06,1.80000837e+00
4.14192800e-06,1.79999130e+00
4.14202800e-06,1.80000836e+00
4.14212800e-06,1.79999132e+00
4.14222800e-06,1.80000834e+00
4.14232800e-06,1.79999133e+00
4.14242800e-06,1.80000833e+00
4.14252800e-06,1.79999135e+00
4.14262800e-06,1.80000831e+00
4.14272800e-06,1.79999136e+00
4.14282800e-06,1.80000830e+00
4.14292800e-06,1.79999138e+00
4.14302800e-06,1.80000829e+00
4.14312800e-06,1.79999139e+00
4.14322800e-06,1.80000827e+00
4.14332800e-06,1.79999141e+00
4.14342800e-06,1.80000826e+00
4.14352800e-06,1.79999142e+00
4.14362800e-06,1.80000824e+00
4.14372800e-06,1.79999144e+00
4.14382800e-06,1.80000823e+00
4.14392800e-06,1.79999145e+00
4.14402800e-06,1.80000822e+00
4.14412800e-06,1.79999147e+00
4.14422800e-06,1.80000820e+00
4.14432800e-06,1.79999148e+00
4.14442800e-06,1.80000819e+00
4.14452800e-06,1.79999150e+00
4.14462800e-06,1.80000817e+00
4.14472800e-06,1.79999151e+00
4.14482800e-06,1.80000816e+00
4.14492800e-06,1.79999152e+00
4.14502800e-06,1.80000815e+00
4.14512800e-06,1.79999154e+00
4.14522800e-06,1.80000813e+00
4.14532800e-06,1.79999155e+00
4.14542800e-06,1.80000812e+00
4.14552800e-06,1.79999157e+00
4.14562800e-06,1.80000810e+00
4.14572800e-06,1.79999158e+00
4.14582800e-06,1.80000809e+00
4.14592800e-06,1.79999160e+00
4.14602800e-06,1.80000807e+00
4.14612800e-06,1.79999161e+00
4.14622800e-06,1.80000806e+00
4.14632800e-06,1.79999163e+00
4.14642800e-06,1.80000805e+00
4.14652800e-06,1.79999164e+00
4.14662800e-06,1.80000803e+00
4.14672800e-06,1.79999166e+00
4.14682800e-06,1.80000802e+00
4.14692800e-06,1.79999167e+00
4.14702800e-06,1.80000800e+00
4.14712800e-06,1.79999169e+00
4.14722800e-06,1.80000799e+00
4.14732800e-06,1.79999170e+00
4.14742800e-06,1.80000798e+00
4.14752800e-06,1.79999172e+00
4.14762800e-06,1.80000796e+00
4.14772800e-06,1.79999173e+00
4.14782800e-06,1.80000795e+00
4.14792800e-06,1.79999175e+00
4.14802800e-06,1.80000793e+00
4.14812800e-06,1.79999176e+00
4.14822800e-06,1.80000792e+00
4.14832800e-06,1.79999177e+00
4.14842800e-06,1.80000791e+00
4.14852800e-06,1.79999179e+00
4.14862800e-06,1.80000789e+00
4.14872800e-06,1.79999180e+00
4.14882800e-06,1.80000788e+00
4.14892800e-06,1.79999182e+00
4.14902800e-06,1.80000786e+00
4.14912800e-06,1.79999183e+00
4.14922800e-06,1.80000785e+00
4.14932800e-06,1.79999185e+00
4.14942800e-06,1.80000784e+00
4.14952800e-06,1.79999186e+00
4.14962800e-06,1.80000782e+00
4.14972800e-06,1.79999188e+00
4.14982800e-06,1.80000781e+00
4.14992800e-06,1.79999189e+00
4.15002800e-06,1.80000779e+00
4.15012800e-06,1.79999191e+00
4.15022800e-06,1.80000778e+00
4.15032800e-06,1.79999192e+00
4.15042800e-06,1.80000777e+00
4.15052800e-06,1.79999194e+00
4.15062800e-06,1.80000775e+00
4.15072800e-06,1.79999195e+00
4.15082800e-06,1.80000774e+00
4.15092800e-06,1.79999197e+00
4.15102800e-06,1.80000773e+00
4.15112800e-06,1.79999198e+00
4.15122800e-06,1.80000771e+00
4.15132800e-06,1.79999199e+00
4.15142800e-06,1.80000770e+00
4.15152800e-06,1.79999201e+00
4.15162800e-06,1.80000768e+00
4.15172800e-06,1.79999202e+00
4.15182800e-06,1.80000767e+00
4.15192800e-06,1.79999204e+00
4.15202800e-06,1.80000766e+00
4.15212800e-06,1.79999205e+00
4.15222800e-06,1.80000764e+00
4.15232800e-06,1.79999207e+00
4.15242800e-06,1.80000763e+00
4.15252800e-06,1.79999208e+00
4.15262800e-06,1.80000761e+00
4.15272800e-06,1.79999210e+00
4.15282800e-06,1.80000760e+00
4.15292800e-06,1.79999211e+00
4.15302800e-06,1.80000759e+00
4.15312800e-06,1.79999213e+00
4.15322800e-06,1.80000757e+00
4.15332800e-06,1.79999214e+00
4.15342800e-06,1.80000756e+00
4.15352800e-06,1.79999215e+00
4.15362800e-06,1.80000755e+00
4.15372800e-06,1.79999217e+00
4.15382800e-06,1.80000753e+00
4.15392800e-06,1.79999218e+00
4.15402800e-06,1.80000752e+00
4.15412800e-06,1.79999220e+00
4.15422800e-06,1.80000750e+00
4.15432800e-06,1.79999221e+00
4.15442800e-06,1.80000749e+00
4.15452800e-06,1.79999223e+00
4.15462800e-06,1.80000748e+00
4.15472800e-06,1.79999224e+00
4.15482800e-06,1.80000746e+00
4.15492800e-06,1.79999226e+00
4.15502800e-06,1.80000745e+00
4.15512800e-06,1.79999227e+00
4.15522800e-06,1.80000744e+00
4.15532800e-06,1.79999229e+00
4.15542800e-06,1.80000742e+00
4.15552800e-06,1.79999230e+00
4.15562800e-06,1.80000741e+00
4.15572800e-06,1.79999231e+00
4.15582800e-06,1.80000739e+00
4.15592800e-06,1.79999233e+00
4.15602800e-06,1.80000738e+00
4.15612800e-06,1.79999234e+00
4.15622800e-06,1.80000737e+00
4.15632800e-06,1.79999236e+00
4.15642800e-06,1.80000735e+00
4.15652800e-06,1.79999237e+00
4.15662800e-06,1.80000734e+00
4.15672800e-06,1.79999239e+00
4.15682800e-06,1.80000733e+00
4.15692800e-06,1.79999240e+00
4.15702800e-06,1.80000731e+00
4.15712800e-06,1.79999241e+00
4.15722800e-06,1.80000730e+00
4.15732800e-06,1.79999243e+00
4.15742800e-06,1.80000729e+00
4.15752800e-06,1.79999244e+00
4.15762800e-06,1.80000727e+00
4.15772800e-06,1.79999246e+00
4.15782800e-06,1.80000726e+00
4.15792800e-06,1.79999247e+00
4.15802800e-06,1.80000724e+00
4.15812800e-06,1.79999249e+00
4.15822800e-06,1.80000723e+00
4.15832800e-06,1.79999250e+00
4.15842800e-06,1.80000722e+00
4.15852800e-06,1.79999251e+00
4.15862800e-06,1.80000720e+00
4.15872800e-06,1.79999253e+00
4.15882800e-06,1.80000719e+00
4.15892800e-06,1.79999254e+00
4.15902800e-06,1.80000718e+00
4.15912800e-06,1.79999256e+00
4.15922800e-06,1.80000716e+00
4.15932800e-06,1.79999257e+00
4.15942800e-06,1.80000715e+00
4.15952800e-06,1.79999259e+00
4.15962800e-06,1.80000714e+00
4.15972800e-06,1.79999260e+00
4.15982800e-06,1.80000712e+00
4.15992800e-06,1.79999261e+00
4.16002800e-06,1.80000711e+00
4.16012800e-06,1.79999263e+00
4.16022800e-06,1.80000710e+00
4.16032800e-06,1.79999264e+00
4.16042800e-06,1.80000708e+00
4.16052800e-06,1.79999266e+00
4.16062800e-06,1.80000707e+00
4.16072800e-06,1.79999267e+00
4.16082800e-06,1.80000706e+00
4.16092800e-06,1.79999268e+00
4.16102800e-06,1.80000704e+00
4.16112800e-06,1.79999270e+00
4.16122800e-06,1.80000703e+00
4.16132800e-06,1.79999271e+00
4.16142800e-06,1.80000702e+00
4.16152800e-06,1.79999273e+00
4.16162800e-06,1.80000700e+00
4.16172800e-06,1.79999274e+00
4.16182800e-06,1.80000699e+00
4.16192800e-06,1.79999275e+00
4.16202800e-06,1.80000698e+00
4.16212800e-06,1.79999277e+00
4.16222800e-06,1.80000696e+00
4.16232800e-06,1.79999278e+00
4.16242800e-06,1.80000695e+00
4.16252800e-06,1.79999280e+00
4.16262800e-06,1.80000694e+00
4.16272800e-06,1.79999281e+00
4.16282800e-06,1.80000693e+00
4.16292800e-06,1.79999282e+00
4.16302800e-06,1.80000691e+00
4.16312800e-06,1.79999284e+00
4.16322800e-06,1.80000690e+00
4.16332800e-06,1.79999285e+00
4.16342800e-06,1.80000689e+00
4.16352800e-06,1.79999286e+00
4.16362800e-06,1.80000687e+00
4.16372800e-06,1.79999288e+00
4.16382800e-06,1.80000686e+00
4.16392800e-06,1.79999289e+00
4.16402800e-06,1.80000685e+00
4.16412800e-06,1.79999291e+00
4.16422800e-06,1.80000683e+00
4.16432800e-06,1.79999292e+00
4.16442800e-06,1.80000682e+00
4.16452800e-06,1.79999293e+00
4.16462800e-06,1.80000681e+00
4.16472800e-06,1.79999295e+00
4.16482800e-06,1.80000679e+00
4.16492800e-06,1.79999296e+00
4.16502800e-06,1.80000678e+00
4.16512800e-06,1.79999298e+00
4.16522800e-06,1.80000677e+00
4.16532800e-06,1.79999299e+00
4.16542800e-06,1.80000676e+00
4.16552800e-06,1.79999300e+00
4.16562800e-06,1.80000674e+00
4.16572800e-06,1.79999302e+00
4.16582800e-06,1.80000673e+00
4.16592800e-06,1.79999303e+00
4.16602800e-06,1.80000672e+00
4.16612800e-06,1.79999304e+00
4.16622800e-06,1.80000670e+00
4.16632800e-06,1.79999306e+00
4.16642800e-06,1.80000669e+00
4.16652800e-06,1.79999307e+00
4.16662800e-06,1.80000668e+00
4.16672800e-06,1.79999308e+00
4.16682800e-06,1.80000667e+00
4.16692800e-06,1.79999310e+00
4.16702800e-06,1.80000665e+00
4.16712800e-06,1.79999311e+00
4.16722800e-06,1.80000664e+00
4.16732800e-06,1.79999312e+00
4.16742800e-06,1.80000663e+00
4.16752800e-06,1.79999314e+00
4.16762800e-06,1.80000662e+00
4.16772800e-06,1.79999315e+00
4.16782800e-06,1.80000660e+00
4.16792800e-06,1.79999317e+00
4.16802800e-06,1.80000659e+00
4.16812800e-06,1.79999318e+00
4.16822800e-06,1.80000658e+00
4.16832800e-06,1.79999319e+00
4.16842800e-06,1.80000656e+00
4.16852800e-06,1.79999321e+00
4.16862800e-06,1.80000655e+00
4.16872800e-06,1.79999322e+00
4.16882800e-06,1.80000654e+00
4.16892800e-06,1.79999323e+00
4.16902800e-06,1.80000653e+00
4.16912800e-06,1.79999325e+00
4.16922800e-06,1.80000651e+00
4.16932800e-06,1.79999326e+00
4.16942800e-06,1.80000650e+00
4.16952800e-06,1.79999327e+00
4.16962800e-06,1.80000649e+00
4.16972800e-06,1.79999329e+00
4.16982800e-06,1.80000648e+00
4.16992800e-06,1.79999330e+00
4.17002800e-06,1.80000646e+00
4.17012800e-06,1.79999331e+00
4.17022800e-06,1.80000645e+00
4.17032800e-06,1.79999333e+00
4.17042800e-06,1.80000644e+00
4.17052800e-06,1.79999334e+00
4.17062800e-06,1.80000643e+00
4.17072800e-06,1.79999335e+00
4.17082800e-06,1.80000641e+00
4.17092800e-06,1.79999337e+00
4.17102800e-06,1.80000640e+00
4.17112800e-06,1.79999338e+00
4.17122800e-06,1.80000639e+00
4.17132800e-06,1.79999339e+00
4.17142800e-06,1.80000638e+00
4.17152800e-06,1.79999340e+00
4.17162800e-06,1.80000637e+00
4.17172800e-06,1.79999342e+00
4.17182800e-06,1.80000635e+00
4.17192800e-06,1.79999343e+00
4.17202800e-06,1.80000634e+00
4.17212800e-06,1.79999344e+00
4.17222800e-06,1.80000633e+00
4.17232800e-06,1.79999346e+00
4.17242800e-06,1.80000632e+00
4.17252800e-06,1.79999347e+00
4.17262800e-06,1.80000630e+00
4.17272800e-06,1.79999348e+00
4.17282800e-06,1.80000629e+00
4.17292800e-06,1.79999350e+00
4.17302800e-06,1.80000628e+00
4.17312800e-06,1.79999351e+00
4.17322800e-06,1.80000627e+00
4.17332800e-06,1.79999352e+00
4.17342800e-06,1.80000626e+00
4.17352800e-06,1.79999354e+00
4.17362800e-06,1.80000624e+00
4.17372800e-06,1.79999355e+00
4.17382800e-06,1.80000623e+00
4.17392800e-06,1.79999356e+00
4.17402800e-06,1.80000622e+00
4.17412800e-06,1.79999357e+00
4.17422800e-06,1.80000621e+00
4.17432800e-06,1.79999359e+00
4.17442800e-06,1.80000620e+00
4.17452800e-06,1.79999360e+00
4.17462800e-06,1.80000618e+00
4.17472800e-06,1.79999361e+00
4.17482800e-06,1.80000617e+00
4.17492800e-06,1.79999363e+00
4.17502800e-06,1.80000616e+00
4.17512800e-06,1.79999364e+00
4.17522800e-06,1.80000615e+00
4.17532800e-06,1.79999365e+00
4.17542800e-06,1.80000614e+00
4.17552800e-06,1.79999366e+00
4.17562800e-06,1.80000612e+00
4.17572800e-06,1.79999368e+00
4.17582800e-06,1.80000611e+00
4.17592800e-06,1.79999369e+00
4.17602800e-06,1.80000610e+00
4.17612800e-06,1.79999370e+00
4.17622800e-06,1.80000609e+00
4.17632800e-06,1.79999371e+00
4.17642800e-06,1.80000608e+00
4.17652800e-06,1.79999373e+00
4.17662800e-06,1.80000607e+00
4.17672800e-06,1.79999374e+00
4.17682800e-06,1.80000605e+00
4.17692800e-06,1.79999375e+00
4.17702800e-06,1.80000604e+00
4.17712800e-06,1.79999377e+00
4.17722800e-06,1.80000603e+00
4.17732800e-06,1.79999378e+00
4.17742800e-06,1.80000602e+00
4.17752800e-06,1.79999379e+00
4.17762800e-06,1.80000601e+00
4.17772800e-06,1.79999380e+00
4.17782800e-06,1.80000600e+00
4.17792800e-06,1.79999382e+00
4.17802800e-06,1.80000598e+00
4.17812800e-06,1.79999383e+00
4.17822800e-06,1.80000597e+00
4.17832800e-06,1.79999384e+00
4.17842800e-06,1.80000596e+00
4.17852800e-06,1.79999385e+00
4.17862800e-06,1.80000595e+00
4.17872800e-06,1.79999387e+00
4.17882800e-06,1.80000594e+00
4.17892800e-06,1.79999388e+00
4.17902800e-06,1.80000593e+00
4.17912800e-06,1.79999389e+00
4.17922800e-06,1.80000591e+00
4.17932800e-06,1.79999390e+00
4.17942800e-06,1.80000590e+00
4.17952800e-06,1.79999392e+00
4.17962800e-06,1.80000589e+00
4.17972800e-06,1.79999393e+00
4.17982800e-06,1.80000588e+00
4.17992800e-06,1.79999394e+00
4.18002800e-06,1.80000587e+00
4.18012800e-06,1.79999395e+00
4.18022800e-06,1.80000586e+00
4.18032800e-06,1.79999396e+00
4.18042800e-06,1.80000585e+00
4.18052800e-06,1.79999398e+00
4.18062800e-06,1.80000583e+00
4.18072800e-06,1.79999399e+00
4.18082800e-06,1.80000582e+00
4.18092800e-06,1.79999400e+00
4.18102800e-06,1.80000581e+00
4.18112800e-06,1.79999401e+00
4.18122800e-06,1.80000580e+00
4.18132800e-06,1.79999403e+00
4.18142800e-06,1.80000579e+00
4.18152800e-06,1.79999404e+00
4.18162800e-06,1.80000578e+00
4.18172800e-06,1.79999405e+00
4.18182800e-06,1.80000577e+00
4.18192800e-06,1.79999406e+00
4.18202800e-06,1.80000576e+00
4.18212800e-06,1.79999407e+00
4.18222800e-06,1.80000575e+00
4.18232800e-06,1.79999409e+00
4.18242800e-06,1.80000573e+00
4.18252800e-06,1.79999410e+00
4.18262800e-06,1.80000572e+00
4.18272800e-06,1.79999411e+00
4.18282800e-06,1.80000571e+00
4.18292800e-06,1.79999412e+00
4.18302800e-06,1.80000570e+00
4.18312800e-06,1.79999413e+00
4.18322800e-06,1.80000569e+00
4.18332800e-06,1.79999415e+00
4.18342800e-06,1.80000568e+00
4.18352800e-06,1.79999416e+00
4.18362800e-06,1.80000567e+00
4.18372800e-06,1.79999417e+00
4.18382800e-06,1.80000566e+00
4.18392800e-06,1.79999418e+00
4.18402800e-06,1.80000565e+00
4.18412800e-06,1.79999419e+00
4.18422800e-06,1.80000563e+00
4.18432800e-06,1.79999421e+00
4.18442800e-06,1.80000562e+00
4.18452800e-06,1.79999422e+00
4.18462800e-06,1.80000561e+00
4.18472800e-06,1.79999423e+00
4.18482800e-06,1.80000560e+00
4.18492800e-06,1.79999424e+00
4.18502800e-06,1.80000559e+00
4.18512800e-06,1.79999425e+00
4.18522800e-06,1.80000558e+00
4.18532800e-06,1.79999427e+00
4.18542800e-06,1.80000557e+00
4.18552800e-06,1.79999428e+00
4.18562800e-06,1.80000556e+00
4.18572800e-06,1.79999429e+00
4.18582800e-06,1.80000555e+00
4.18592800e-06,1.79999430e+00
4.18602800e-06,1.80000554e+00
4.18612800e-06,1.79999431e+00
4.18622800e-06,1.80000553e+00
4.18632800e-06,1.79999432e+00
4.18642800e-06,1.80000552e+00
4.18652800e-06,1.79999434e+00
4.18662800e-06,1.80000551e+00
4.18672800e-06,1.79999435e+00
4.18682800e-06,1.80000550e+00
4.18692800e-06,1.79999436e+00
4.18702800e-06,1.80000548e+00
4.18712800e-06,1.79999437e+00
4.18722800e-06,1.80000547e+00
4.18732800e-06,1.79999438e+00
4.18742800e-06,1.80000546e+00
4.18752800e-06,1.79999440e+00
4.18762800e-06,1.80000545e+00
4.18772800e-06,1.79999441e+00
4.18782800e-06,1.80000544e+00
4.18792800e-06,1.79999442e+00
4.18802800e-06,1.80000543e+00
4.18812800e-06,1.79999443e+00
4.18822800e-06,1.80000542e+00
4.18832800e-06,1.79999444e+00
4.18842800e-06,1.80000541e+00
4.18852800e-06,1.79999445e+00
4.18862800e-06,1.80000540e+00
4.18872800e-06,1.79999446e+00
4.18882800e-06,1.80000539e+00
4.18892800e-06,1.79999448e+00
4.18902800e-06,1.80000538e+00
4.18912800e-06,1.79999449e+00
4.18922800e-06,1.80000537e+00
4.18932800e-06,1.79999450e+00
4.18942800e-06,1.80000536e+00
4.18952800e-06,1.79999451e+00
4.18962800e-06,1.80000535e+00
4.18972800e-06,1.79999452e+00
4.18982800e-06,1.80000534e+00
4.18992800e-06,1.79999453e+00
4.19002800e-06,1.80000533e+00
4.19012800e-06,1.79999454e+00
4.19022800e-06,1.80000532e+00
4.19032800e-06,1.79999456e+00
4.19042800e-06,1.80000531e+00
4.19052800e-06,1.79999457e+00
4.19062800e-06,1.80000530e+00
4.19072800e-06,1.79999458e+00
4.19082800e-06,1.80000529e+00
4.19092800e-06,1.79999459e+00
4.19102800e-06,1.80000528e+00
4.19112800e-06,1.79999460e+00
4.19122800e-06,1.80000527e+00
4.19132800e-06,1.79999461e+00
4.19142800e-06,1.80000526e+00
4.19152800e-06,1.79999462e+00
4.19162800e-06,1.80000525e+00
4.19172800e-06,1.79999464e+00
4.19182800e-06,1.80000524e+00
4.19192800e-06,1.79999465e+00
4.19202800e-06,1.80000523e+00
4.19212800e-06,1.79999466e+00
4.19222800e-06,1.80000522e+00
4.19232800e-06,1.79999467e+00
4.19242800e-06,1.80000521e+00
4.19252800e-06,1.79999468e+00
4.19262800e-06,1.80000520e+00
4.19272800e-06,1.79999469e+00
4.19282800e-06,1.80000519e+00
4.19292800e-06,1.79999470e+00
4.19302800e-06,1.80000518e+00
4.19312800e-06,1.79999471e+00
4.19322800e-06,1.80000517e+00
4.19332800e-06,1.79999472e+00
4.19342800e-06,1.80000516e+00
4.19352800e-06,1.79999474e+00
4.19362800e-06,1.80000515e+00
4.19372800e-06,1.79999475e+00
4.19382800e-06,1.80000514e+00
4.19392800e-06,1.79999476e+00
4.19402800e-06,1.80000513e+00
4.19412800e-06,1.79999477e+00
4.19422800e-06,1.80000512e+00
4.19432800e-06,1.79999478e+00
4.19442800e-06,1.80000511e+00
4.19452800e-06,1.79999479e+00
4.19462800e-06,1.80000510e+00
4.19472800e-06,1.79999480e+00
4.19482800e-06,1.80000509e+00
4.19492800e-06,1.79999481e+00
4.19502800e-06,1.80000508e+00
4.19512800e-06,1.79999482e+00
4.19522800e-06,1.80000507e+00
4.19532800e-06,1.79999483e+00
4.19542800e-06,1.80000506e+00
4.19552800e-06,1.79999485e+00
4.19562800e-06,1.80000505e+00
4.19572800e-06,1.79999486e+00
4.19582800e-06,1.80000504e+00
4.19592800e-06,1.79999487e+00
4.19602800e-06,1.80000503e+00
4.19612800e-06,1.79999488e+00
4.19622800e-06,1.80000502e+00
4.19632800e-06,1.79999489e+00
4.19642800e-06,1.80000501e+00
4.19652800e-06,1.79999490e+00
4.19662800e-06,1.80000500e+00
4.19672800e-06,1.79999491e+00
4.19682800e-06,1.80000499e+00
4.19692800e-06,1.79999492e+00
4.19702800e-06,1.80000499e+00
4.19712800e-06,1.79999493e+00
4.19722800e-06,1.80000498e+00
4.19732800e-06,1.79999494e+00
4.19742800e-06,1.80000497e+00
4.19752800e-06,1.79999495e+00
4.19762800e-06,1.80000496e+00
4.19772800e-06,1.79999496e+00
4.19782800e-06,1.80000495e+00
4.19792800e-06,1.79999498e+00
4.19802800e-06,1.80000494e+00
4.19812800e-06,1.79999499e+00
4.19822800e-06,1.80000493e+00
4.19832800e-06,1.79999500e+00
4.19842800e-06,1.80000492e+00
4.19852800e-06,1.79999501e+00
4.19862800e-06,1.80000491e+00
4.19872800e-06,1.79999502e+00
4.19882800e-06,1.80000490e+00
4.19892800e-06,1.79999503e+00
4.19902800e-06,1.80000489e+00
4.19912800e-06,1.79999504e+00
4.19922800e-06,1.80000488e+00
4.19932800e-06,1.79999505e+00
4.19942800e-06,1.80000487e+00
4.19952800e-06,1.79999506e+00
4.19962800e-06,1.80000486e+00
4.19972800e-06,1.79999507e+00
4.19982800e-06,1.80000486e+00
4.19992800e-06,1.79999508e+00
4.20002800e-06,1.80000485e+00
4.20012800e-06,1.79999509e+00
4.20022800e-06,1.80000484e+00
4.20032800e-06,1.79999510e+00
4.20042800e-06,1.80000483e+00
4.20052800e-06,1.79999511e+00
4.20062800e-06,1.80000482e+00
4.20072800e-06,1.79999512e+00
4.20082800e-06,1.80000481e+00
4.20092800e-06,1.79999513e+00
4.20102800e-06,1.80000480e+00
4.20112800e-06,1.79999514e+00
4.20122800e-06,1.80000479e+00
4.20132800e-06,1.79999516e+00
4.20142800e-06,1.80000478e+00
4.20152800e-06,1.79999517e+00
4.20162800e-06,1.80000477e+00
4.20172800e-06,1.79999518e+00
4.20182800e-06,1.80000477e+00
4.20192800e-06,1.79999519e+00
4.20202800e-06,1.80000476e+00
4.20212800e-06,1.79999520e+00
4.20222800e-06,1.80000475e+00
4.20232800e-06,1.79999521e+00
4.20242800e-06,1.80000474e+00
4.20252800e-06,1.79999522e+00
4.20262800e-06,1.80000473e+00
4.20272800e-06,1.79999523e+00
4.20282800e-06,1.80000472e+00
4.20292800e-06,1.79999524e+00
4.20302800e-06,1.80000471e+00
4.20312800e-06,1.79999525e+00
4.20322800e-06,1.80000470e+00
4.20332800e-06,1.79999526e+00
4.20342800e-06,1.80000470e+00
4.20352800e-06,1.79999527e+00
4.20362800e-06,1.80000469e+00
4.20372800e-06,1.79999528e+00
4.20382800e-06,1.80000468e+00
4.20392800e-06,1.79999529e+00
4.20402800e-06,1.80000467e+00
4.20412800e-06,1.79999530e+00
4.20422800e-06,1.80000466e+00
4.20432800e-06,1.79999531e+00
4.20442800e-06,1.80000465e+00
4.20452800e-06,1.79999532e+00
4.20462800e-06,1.80000464e+00
4.20472800e-06,1.79999533e+00
4.20482800e-06,1.80000464e+00
4.20492800e-06,1.79999534e+00
4.20502800e-06,1.80000463e+00
4.20512800e-06,1.79999535e+00
4.20522800e-06,1.80000462e+00
4.20532800e-06,1.79999536e+00
4.20542800e-06,1.80000461e+00
4.20552800e-06,1.79999537e+00
4.20562800e-06,1.80000460e+00
4.20572800e-06,1.79999538e+00
4.20582800e-06,1.80000459e+00
4.20592800e-06,1.79999539e+00
4.20602800e-06,1.80000459e+00
4.20612800e-06,1.79999540e+00
4.20622800e-06,1.80000458e+00
4.20632800e-06,1.79999541e+00
4.20642800e-06,1.80000457e+00
4.20652800e-06,1.79999542e+00
4.20662800e-06,1.80000456e+00
4.20672800e-06,1.79999543e+00
4.20682800e-06,1.80000455e+00
4.20692800e-06,1.79999544e+00
4.20702800e-06,1.80000454e+00
4.20712800e-06,1.79999545e+00
4.20722800e-06,1.80000454e+00
4.20732800e-06,1.79999546e+00
4.20742800e-06,1.80000453e+00
4.20752800e-06,1.79999547e+00
4.20762800e-06,1.80000452e+00
4.20772800e-06,1.79999548e+00
4.20782800e-06,1.80000451e+00
4.20792800e-06,1.79999549e+00
4.20802800e-06,1.80000450e+00
4.20812800e-06,1.79999550e+00
4.20822800e-06,1.80000450e+00
4.20832800e-06,1.79999551e+00
4.20842800e-06,1.80000449e+00
4.20852800e-06,1.79999552e+00
4.20862800e-06,1.80000448e+00
4.20872800e-06,1.79999553e+00
4.20882800e-06,1.80000447e+00
4.20892800e-06,1.79999554e+00
4.20902800e-06,1.80000446e+00
4.20912800e-06,1.79999555e+00
4.20922800e-06,1.80000446e+00
4.20932800e-06,1.79999556e+00
4.20942800e-06,1.80000445e+00
4.20952800e-06,1.79999557e+00
4.20962800e-06,1.80000444e+00
4.20972800e-06,1.79999558e+00
4.20982800e-06,1.80000443e+00
4.20992800e-06,1.79999559e+00
4.21002800e-06,1.80000442e+00
4.21012800e-06,1.79999560e+00
4.21022800e-06,1.80000442e+00
4.21032800e-06,1.79999561e+00
4.21042800e-06,1.80000441e+00
4.21052800e-06,1.79999562e+00
4.21062800e-06,1.80000440e+00
4.21072800e-06,1.79999571e+00
4.21082800e-06,1.80000441e+00
4.21092800e-06,1.79999563e+00
4.21102800e-06,1.80000440e+00
4.21112800e-06,1.79999564e+00
4.21122800e-06,1.80000438e+00
4.21132800e-06,1.79999565e+00
4.21142800e-06,1.80000437e+00
4.21152800e-06,1.79999567e+00
4.21162800e-06,1.80000436e+00
4.21172800e-06,1.79999568e+00
4.21182800e-06,1.80000436e+00
4.21192800e-06,1.79999569e+00
4.21202800e-06,1.80000435e+00
4.21212800e-06,1.79999570e+00
4.21222800e-06,1.80000434e+00
4.21232800e-06,1.79999571e+00
4.21242800e-06,1.80000433e+00
4.21252800e-06,1.79999572e+00
4.21262800e-06,1.80000432e+00
4.21272800e-06,1.79999573e+00
4.21282800e-06,1.80000432e+00
4.21292800e-06,1.79999574e+00
4.21302800e-06,1.80000431e+00
4.21312800e-06,1.79999575e+00
4.21322800e-06,1.80000430e+00
4.21332800e-06,1.79999576e+00
4.21342800e-06,1.80000429e+00
4.21352800e-06,1.79999577e+00
4.21362800e-06,1.80000429e+00
4.21372800e-06,1.79999578e+00
4.21382800e-06,1.80000428e+00
4.21392800e-06,1.79999579e+00
4.21402800e-06,1.80000427e+00
4.21412800e-06,1.79999579e+00
4.21422800e-06,1.80000426e+00
4.21432800e-06,1.79999580e+00
4.21442800e-06,1.80000426e+00
4.21452800e-06,1.79999581e+00
4.21462800e-06,1.80000425e+00
4.21472800e-06,1.79999582e+00
4.21482800e-06,1.80000424e+00
4.21492800e-06,1.79999583e+00
4.21502800e-06,1.80000423e+00
4.21512800e-06,1.79999584e+00
4.21522800e-06,1.80000423e+00
4.21532800e-06,1.79999585e+00
4.21542800e-06,1.80000422e+00
4.21552800e-06,1.79999586e+00
4.21562800e-06,1.80000421e+00
4.21572800e-06,1.79999587e+00
4.21582800e-06,1.80000421e+00
4.21592800e-06,1.79999588e+00
4.21602800e-06,1.80000420e+00
4.21612800e-06,1.79999589e+00
4.21622800e-06,1.80000419e+00
4.21632800e-06,1.79999590e+00
4.21642800e-06,1.80000418e+00
4.21652800e-06,1.79999591e+00
4.21662800e-06,1.80000418e+00
4.21672800e-06,1.79999592e+00
4.21682800e-06,1.80000417e+00
4.21692800e-06,1.79999593e+00
4.21702800e-06,1.80000416e+00
4.21712800e-06,1.79999594e+00
4.21722800e-06,1.80000416e+00
4.21732800e-06,1.79999595e+00
4.21742800e-06,1.80000415e+00
4.21752800e-06,1.79999596e+00
4.21762800e-06,1.80000414e+00
4.21772800e-06,1.79999597e+00
4.21782800e-06,1.80000413e+00
4.21792800e-06,1.79999597e+00
4.21802800e-06,1.80000413e+00
4.21812800e-06,1.79999598e+00
4.21822800e-06,1.80000412e+00
4.21832800e-06,1.79999599e+00
4.21842800e-06,1.80000411e+00
4.21852800e-06,1.79999600e+00
4.21862800e-06,1.80000411e+00
4.21872800e-06,1.79999601e+00
4.21882800e-06,1.80000410e+00
4.21892800e-06,1.79999602e+00
4.21902800e-06,1.80000409e+00
4.21912800e-06,1.79999603e+00
4.21922800e-06,1.80000409e+00
4.21932800e-06,1.79999604e+00
4.21942800e-06,1.80000408e+00
4.21952800e-06,1.79999605e+00
4.21962800e-06,1.80000407e+00
4.21972800e-06,1.79999606e+00
4.21982800e-06,1.80000407e+00
4.21992800e-06,1.79999607e+00
4.22002800e-06,1.80000406e+00
4.22012800e-06,1.79999608e+00
4.22022800e-06,1.80000405e+00
4.22032800e-06,1.79999609e+00
4.22042800e-06,1.80000405e+00
4.22052800e-06,1.79999610e+00
4.22062800e-06,1.80000404e+00
4.22072800e-06,1.79999611e+00
4.22082800e-06,1.80000403e+00
4.22092800e-06,1.79999611e+00
4.22102800e-06,1.80000403e+00
4.22112800e-06,1.79999612e+00
4.22122800e-06,1.80000402e+00
4.22132800e-06,1.79999613e+00
4.22142800e-06,1.80000401e+00
4.22152800e-06,1.79999614e+00
4.22162800e-06,1.80000401e+00
4.22172800e-06,1.79999615e+00
4.22182800e-06,1.80000400e+00
4.22192800e-06,1.79999616e+00
4.22202800e-06,1.80000399e+00
4.22212800e-06,1.79999617e+00
4.22222800e-06,1.80000399e+00
4.22232800e-06,1.79999618e+00
4.22242800e-06,1.80000398e+00
4.22252800e-06,1.79999619e+00
4.22262800e-06,1.80000398e+00
4.22272800e-06,1.79999620e+00
4.22282800e-06,1.80000397e+00
4.22292800e-06,1.79999621e+00
4.22302800e-06,1.80000396e+00
4.22312800e-06,1.79999622e+00
4.22322800e-06,1.80000396e+00
4.22332800e-06,1.79999622e+00
4.22342800e-06,1.80000395e+00
4.22352800e-06,1.79999623e+00
4.22362800e-06,1.80000394e+00
4.22372800e-06,1.79999624e+00
4.22382800e-06,1.80000394e+00
4.22392800e-06,1.79999625e+00
4.22402800e-06,1.80000393e+00
4.22412800e-06,1.79999626e+00
4.22422800e-06,1.80000393e+00
4.22432800e-06,1.79999627e+00
4.22442800e-06,1.80000392e+00
4.22452800e-06,1.79999628e+00
4.22462800e-06,1.80000391e+00
4.22472800e-06,1.79999629e+00
4.22482800e-06,1.80000391e+00
4.22492800e-06,1.79999630e+00
4.22502800e-06,1.80000390e+00
4.22512800e-06,1.79999631e+00
4.22522800e-06,1.80000389e+00
4.22532800e-06,1.79999631e+00
4.22542800e-06,1.80000389e+00
4.22552800e-06,1.79999632e+00
4.22562800e-06,1.80000388e+00
4.22572800e-06,1.79999633e+00
4.22582800e-06,1.80000388e+00
4.22592800e-06,1.79999634e+00
4.22602800e-06,1.80000387e+00
4.22612800e-06,1.79999635e+00
4.22622800e-06,1.80000386e+00
4.22632800e-06,1.79999636e+00
4.22642800e-06,1.80000386e+00
4.22652800e-06,1.79999637e+00
4.22662800e-06,1.80000385e+00
4.22672800e-06,1.79999638e+00
4.22682800e-06,1.80000385e+00
4.22692800e-06,1.79999639e+00
4.22702800e-06,1.80000384e+00
4.22712800e-06,1.79999640e+00
4.22722800e-06,1.80000384e+00
4.22732800e-06,1.79999640e+00
4.22742800e-06,1.80000383e+00
4.22752800e-06,1.79999641e+00
4.22762800e-06,1.80000382e+00
4.22772800e-06,1.79999642e+00
4.22782800e-06,1.80000382e+00
4.22792800e-06,1.79999643e+00
4.22802800e-06,1.80000381e+00
4.22812800e-06,1.79999644e+00
4.22822800e-06,1.80000381e+00
4.22832800e-06,1.79999645e+00
4.22842800e-06,1.80000380e+00
4.22852800e-06,1.79999646e+00
4.22862800e-06,1.80000380e+00
4.22872800e-06,1.79999647e+00
4.22882800e-06,1.80000379e+00
4.22892800e-06,1.79999648e+00
4.22902800e-06,1.80000378e+00
4.22912800e-06,1.79999648e+00
4.22922800e-06,1.80000378e+00
4.22932800e-06,1.79999649e+00
4.22942800e-06,1.80000377e+00
4.22952800e-06,1.79999650e+00
4.22962800e-06,1.80000377e+00
4.22972800e-06,1.79999651e+00
4.22982800e-06,1.80000376e+00
4.22992800e-06,1.79999652e+00
4.23002800e-06,1.80000376e+00
4.23012800e-06,1.79999653e+00
4.23022800e-06,1.80000375e+00
4.23032800e-06,1.79999654e+00
4.23042800e-06,1.80000375e+00
4.23052800e-06,1.79999655e+00
4.23062800e-06,1.80000374e+00
4.23072800e-06,1.79999656e+00
4.23082800e-06,1.80000374e+00
4.23092800e-06,1.79999656e+00
4.23102800e-06,1.80000373e+00
4.23112800e-06,1.79999657e+00
4.23122800e-06,1.80000372e+00
4.23132800e-06,1.79999658e+00
4.23142800e-06,1.80000372e+00
4.23152800e-06,1.79999659e+00
4.23162800e-06,1.80000371e+00
4.23172800e-06,1.79999660e+00
4.23182800e-06,1.80000371e+00
4.23192800e-06,1.79999661e+00
4.23202800e-06,1.80000370e+00
4.23212800e-06,1.79999662e+00
4.23222800e-06,1.80000370e+00
4.23232800e-06,1.79999663e+00
4.23242800e-06,1.80000369e+00
4.23252800e-06,1.79999664e+00
4.23262800e-06,1.80000369e+00
4.23272800e-06,1.79999664e+00
4.23282800e-06,1.80000368e+00
4.23292800e-06,1.79999665e+00
4.23302800e-06,1.80000368e+00
4.23312800e-06,1.79999666e+00
4.23322800e-06,1.80000367e+00
4.23332800e-06,1.79999667e+00
4.23342800e-06,1.80000367e+00
4.23352800e-06,1.79999668e+00
4.23362800e-06,1.80000366e+00
4.23372800e-06,1.79999669e+00
4.23382800e-06,1.80000366e+00
4.23392800e-06,1.79999670e+00
4.23402800e-06,1.80000365e+00
4.23412800e-06,1.79999671e+00
4.23422800e-06,1.80000365e+00
4.23432800e-06,1.79999671e+00
4.23442800e-06,1.80000364e+00
4.23452800e-06,1.79999672e+00
4.23462800e-06,1.80000364e+00
4.23472800e-06,1.79999673e+00
4.23482800e-06,1.80000363e+00
4.23492800e-06,1.79999674e+00
4.23502800e-06,1.80000363e+00
4.23512800e-06,1.79999675e+00
4.23522800e-06,1.80000362e+00
4.23532800e-06,1.79999676e+00
4.23542800e-06,1.80000362e+00
4.23552800e-06,1.79999677e+00
4.23562800e-06,1.80000361e+00
4.23572800e-06,1.79999677e+00
4.23582800e-06,1.80000361e+00
4.23592800e-06,1.79999678e+00
4.23602800e-06,1.80000360e+00
4.23612800e-06,1.79999679e+00
4.23622800e-06,1.80000360e+00
4.23632800e-06,1.79999680e+00
4.23642800e-06,1.80000359e+00
4.23652800e-06,1.79999681e+00
4.23662800e-06,1.80000359e+00
4.23672800e-06,1.79999682e+00
4.23682800e-06,1.80000359e+00
4.23692800e-06,1.79999683e+00
4.23702800e-06,1.80000358e+00
4.23712800e-06,1.79999684e+00
4.23722800e-06,1.80000358e+00
4.23732800e-06,1.79999684e+00
4.23742800e-06,1.80000357e+00
4.23752800e-06,1.79999685e+00
4.23762800e-06,1.80000357e+00
4.23772800e-06,1.79999686e+00
4.23782800e-06,1.80000356e+00
4.23792800e-06,1.79999687e+00
4.23802800e-06,1.80000356e+00
4.23812800e-06,1.79999688e+00
4.23822800e-06,1.80000355e+00
4.23832800e-06,1.79999689e+00
4.23842800e-06,1.80000355e+00
4.23852800e-06,1.79999690e+00
4.23862800e-06,1.80000354e+00
4.23872800e-06,1.79999690e+00
4.23882800e-06,1.80000354e+00
4.23892800e-06,1.79999691e+00
4.23902800e-06,1.80000354e+00
4.23912800e-06,1.79999692e+00
4.23922800e-06,1.80000353e+00
4.23932800e-06,1.79999693e+00
4.23942800e-06,1.80000353e+00
4.23952800e-06,1.79999694e+00
4.23962800e-06,1.80000352e+00
4.23972800e-06,1.79999695e+00
4.23982800e-06,1.80000352e+00
4.23992800e-06,1.79999696e+00
4.24002800e-06,1.80000351e+00
4.24012800e-06,1.79999696e+00
4.24022800e-06,1.80000351e+00
4.24032800e-06,1.79999697e+00
4.24042800e-06,1.80000351e+00
4.24052800e-06,1.79999698e+00
4.24062800e-06,1.80000350e+00
4.24072800e-06,1.79999699e+00
4.24082800e-06,1.80000350e+00
4.24092800e-06,1.79999700e+00
4.24102800e-06,1.80000349e+00
4.24112800e-06,1.79999701e+00
4.24122800e-06,1.80000349e+00
4.24132800e-06,1.79999702e+00
4.24142800e-06,1.80000349e+00
4.24152800e-06,1.79999702e+00
4.24162800e-06,1.80000348e+00
4.24172800e-06,1.79999703e+00
4.24182800e-06,1.80000348e+00
4.24192800e-06,1.79999704e+00
4.24202800e-06,1.80000347e+00
4.24212800e-06,1.79999705e+00
4.24222800e-06,1.80000347e+00
4.24232800e-06,1.79999706e+00
4.24242800e-06,1.80000347e+00
4.24252800e-06,1.79999707e+00
4.24262800e-06,1.80000346e+00
4.24272800e-06,1.79999708e+00
4.24282800e-06,1.80000346e+00
4.24292800e-06,1.79999708e+00
4.24302800e-06,1.80000345e+00
4.24312800e-06,1.79999709e+00
4.24322800e-06,1.80000345e+00
4.24332800e-06,1.79999710e+00
4.24342800e-06,1.80000345e+00
4.24352800e-06,1.79999711e+00
4.24362800e-06,1.80000344e+00
4.24372800e-06,1.79999712e+00
4.24382800e-06,1.80000344e+00
4.24392800e-06,1.79999713e+00
4.24402800e-06,1.80000343e+00
4.24412800e-06,1.79999714e+00
4.24422800e-06,1.80000343e+00
4.24432800e-06,1.79999714e+00
4.24442800e-06,1.80000343e+00
4.24452800e-06,1.79999715e+00
4.24462800e-06,1.80000342e+00
4.24472800e-06,1.79999716e+00
4.24482800e-06,1.80000342e+00
4.24492800e-06,1.79999717e+00
4.24502800e-06,1.80000342e+00
4.24512800e-06,1.79999718e+00
4.24522800e-06,1.80000341e+00
4.24532800e-06,1.79999719e+00
4.24542800e-06,1.80000341e+00
4.24552800e-06,1.79999720e+00
4.24562800e-06,1.80000341e+00
4.24572800e-06,1.79999720e+00
4.24582800e-06,1.80000340e+00
4.24592800e-06,1.79999721e+00
4.24602800e-06,1.80000340e+00
4.24612800e-06,1.79999722e+00
4.24622800e-06,1.80000339e+00
4.24632800e-06,1.79999723e+00
4.24642800e-06,1.80000339e+00
4.24652800e-06,1.79999724e+00
4.24662800e-06,1.80000339e+00
4.24672800e-06,1.79999725e+00
4.24682800e-06,1.80000338e+00
4.24692800e-06,1.79999726e+00
4.24702800e-06,1.80000338e+00
4.24712800e-06,1.79999726e+00
4.24722800e-06,1.80000338e+00
4.24732800e-06,1.79999727e+00
4.24742800e-06,1.80000337e+00
4.24752800e-06,1.79999728e+00
4.24762800e-06,1.80000337e+00
4.24772800e-06,1.79999729e+00
4.24782800e-06,1.80000337e+00
4.24792800e-06,1.79999730e+00
4.24802800e-06,1.80000336e+00
4.24812800e-06,1.79999731e+00
4.24822800e-06,1.80000336e+00
4.24832800e-06,1.79999731e+00
4.24842800e-06,1.80000336e+00
4.24852800e-06,1.79999732e+00
4.24862800e-06,1.80000335e+00
4.24872800e-06,1.79999733e+00
4.24882800e-06,1.80000335e+00
4.24892800e-06,1.79999734e+00
4.24902800e-06,1.80000335e+00
4.24912800e-06,1.79999735e+00
4.24922800e-06,1.80000335e+00
4.24932800e-06,1.79999736e+00
4.24942800e-06,1.80000334e+00
4.24952800e-06,1.79999737e+00
4.24962800e-06,1.80000334e+00
4.24972800e-06,1.79999737e+00
4.24982800e-06,1.80000334e+00
4.24992800e-06,1.79999738e+00
4.25002800e-06,1.80000333e+00
4.25012800e-06,1.79999739e+00
4.25022800e-06,1.80000333e+00
4.25032800e-06,1.79999740e+00
4.25042800e-06,1.80000333e+00
4.25052800e-06,1.79999741e+00
4.25062800e-06,1.80000332e+00
4.25072800e-06,1.79999742e+00
4.25082800e-06,1.80000332e+00
4.25092800e-06,1.79999743e+00
4.25102800e-06,1.80000332e+00
4.25112800e-06,1.79999743e+00
4.25122800e-06,1.80000332e+00
4.25132800e-06,1.79999744e+00
4.25142800e-06,1.80000331e+00
4.25152800e-06,1.79999745e+00
4.25162800e-06,1.80000331e+00
4.25172800e-06,1.79999746e+00
4.25182800e-06,1.80000331e+00
4.25192800e-06,1.79999747e+00
4.25202800e-06,1.80000330e+00
4.25212800e-06,1.79999748e+00
4.25222800e-06,1.80000330e+00
4.25232800e-06,1.79999748e+00
4.25242800e-06,1.80000330e+00
4.25252800e-06,1.79999749e+00
4.25262800e-06,1.80000330e+00
4.25272800e-06,1.79999750e+00
4.25282800e-06,1.80000329e+00
4.25292800e-06,1.79999751e+00
4.25302800e-06,1.80000329e+00
4.25312800e-06,1.79999752e+00
4.25322800e-06,1.80000329e+00
4.25332800e-06,1.79999753e+00
4.25342800e-06,1.80000329e+00
4.25352800e-06,1.79999754e+00
4.25362800e-06,1.80000328e+00
4.25372800e-06,1.79999754e+00
4.25382800e-06,1.80000328e+00
4.25392800e-06,1.79999755e+00
4.25402800e-06,1.80000328e+00
4.25412800e-06,1.79999756e+00
4.25422800e-06,1.80000328e+00
4.25432800e-06,1.79999757e+00
4.25442800e-06,1.80000327e+00
4.25452800e-06,1.79999758e+00
4.25462800e-06,1.80000327e+00
4.25472800e-06,1.79999759e+00
4.25482800e-06,1.80000327e+00
4.25492800e-06,1.79999760e+00
4.25502800e-06,1.80000327e+00
4.25512800e-06,1.79999760e+00
4.25522800e-06,1.80000326e+00
4.25532800e-06,1.79999761e+00
4.25542800e-06,1.80000326e+00
4.25552800e-06,1.79999762e+00
4.25562800e-06,1.80000326e+00
4.25572800e-06,1.79999763e+00
4.25582800e-06,1.80000326e+00
4.25592800e-06,1.79999764e+00
4.25602800e-06,1.80000325e+00
4.25612800e-06,1.79999765e+00
4.25622800e-06,1.80000325e+00
4.25632800e-06,1.79999765e+00
4.25642800e-06,1.80000325e+00
4.25652800e-06,1.79999766e+00
4.25662800e-06,1.80000325e+00
4.25672800e-06,1.79999767e+00
4.25682800e-06,1.80000325e+00
4.25692800e-06,1.79999768e+00
4.25702800e-06,1.80000324e+00
4.25712800e-06,1.79999769e+00
4.25722800e-06,1.80000324e+00
4.25732800e-06,1.79999770e+00
4.25742800e-06,1.80000324e+00
4.25752800e-06,1.79999771e+00
4.25762800e-06,1.80000324e+00
4.25772800e-06,1.79999771e+00
4.25782800e-06,1.80000323e+00
4.25792800e-06,1.79999772e+00
4.25802800e-06,1.80000323e+00
4.25812800e-06,1.79999773e+00
4.25822800e-06,1.80000323e+00
4.25832800e-06,1.79999774e+00
4.25842800e-06,1.80000323e+00
4.25852800e-06,1.79999775e+00
4.25862800e-06,1.80000323e+00
4.25872800e-06,1.79999776e+00
4.25882800e-06,1.80000323e+00
4.25892800e-06,1.79999777e+00
4.25902800e-06,1.80000322e+00
4.25912800e-06,1.79999777e+00
4.25922800e-06,1.80000322e+00
4.25932800e-06,1.79999778e+00
4.25942800e-06,1.80000322e+00
4.25952800e-06,1.79999779e+00
4.25962800e-06,1.80000322e+00
4.25972800e-06,1.79999780e+00
4.25982800e-06,1.80000322e+00
4.25992800e-06,1.79999781e+00
4.26002800e-06,1.80000321e+00
4.26012800e-06,1.79999782e+00
4.26022800e-06,1.80000321e+00
4.26032800e-06,1.79999783e+00
4.26042800e-06,1.80000321e+00
4.26052800e-06,1.79999783e+00
4.26062800e-06,1.80000321e+00
4.26072800e-06,1.79999784e+00
4.26082800e-06,1.80000321e+00
4.26092800e-06,1.79999785e+00
4.26102800e-06,1.80000321e+00
4.26112800e-06,1.79999786e+00
4.26122800e-06,1.80000320e+00
4.26132800e-06,1.79999787e+00
4.26142800e-06,1.80000320e+00
4.26152800e-06,1.79999788e+00
4.26162800e-06,1.80000320e+00
4.26172800e-06,1.79999789e+00
4.26182800e-06,1.80000320e+00
4.26192800e-06,1.79999789e+00
4.26202800e-06,1.80000320e+00
4.26212800e-06,1.79999790e+00
4.26222800e-06,1.80000320e+00
4.26232800e-06,1.79999791e+00
4.26242800e-06,1.80000320e+00
4.26252800e-06,1.79999792e+00
4.26262800e-06,1.80000319e+00
4.26272800e-06,1.79999793e+00
4.26282800e-06,1.80000319e+00
4.26292800e-06,1.79999794e+00
4.26302800e-06,1.80000319e+00
4.26312800e-06,1.79999795e+00
4.26322800e-06,1.80000319e+00
4.26332800e-06,1.79999795e+00
4.26342800e-06,1.80000319e+00
4.26352800e-06,1.79999796e+00
4.26362800e-06,1.80000319e+00
4.26372800e-06,1.79999797e+00
4.26382800e-06,1.80000319e+00
4.26392800e-06,1.79999798e+00
4.26402800e-06,1.80000318e+00
4.26412800e-06,1.79999799e+00
4.26422800e-06,1.80000318e+00
4.26432800e-06,1.79999800e+00
4.26442800e-06,1.80000318e+00
4.26452800e-06,1.79999801e+00
4.26462800e-06,1.80000318e+00
4.26472800e-06,1.79999801e+00
4.26482800e-06,1.80000318e+00
4.26492800e-06,1.79999802e+00
4.26502800e-06,1.80000318e+00
4.26512800e-06,1.79999803e+00
4.26522800e-06,1.80000318e+00
4.26532800e-06,1.79999804e+00
4.26542800e-06,1.80000318e+00
4.26552800e-06,1.79999805e+00
4.26562800e-06,1.80000318e+00
4.26572800e-06,1.79999806e+00
4.26582800e-06,1.80000318e+00
4.26592800e-06,1.79999807e+00
4.26602800e-06,1.80000317e+00
4.26612800e-06,1.79999807e+00
4.26622800e-06,1.80000317e+00
4.26632800e-06,1.79999808e+00
4.26642800e-06,1.80000317e+00
4.26652800e-06,1.79999809e+00
4.26662800e-06,1.80000317e+00
4.26672800e-06,1.79999810e+00
4.26682800e-06,1.80000317e+00
4.26692800e-06,1.79999811e+00
4.26702800e-06,1.80000317e+00
4.26712800e-06,1.79999812e+00
4.26722800e-06,1.80000317e+00
4.26732800e-06,1.79999813e+00
4.26742800e-06,1.80000317e+00
4.26752800e-06,1.79999814e+00
4.26762800e-06,1.80000317e+00
4.26772800e-06,1.79999814e+00
4.26782800e-06,1.80000317e+00
4.26792800e-06,1.79999815e+00
4.26802800e-06,1.80000317e+00
4.26812800e-06,1.79999816e+00
4.26822800e-06,1.80000317e+00
4.26832800e-06,1.79999817e+00
4.26842800e-06,1.80000317e+00
4.26852800e-06,1.79999818e+00
4.26862800e-06,1.80000316e+00
4.26872800e-06,1.79999819e+00
4.26882800e-06,1.80000316e+00
4.26892800e-06,1.79999820e+00
4.26902800e-06,1.80000316e+00
4.26912800e-06,1.79999821e+00
4.26922800e-06,1.80000316e+00
4.26932800e-06,1.79999821e+00
4.26942800e-06,1.80000316e+00
4.26952800e-06,1.79999822e+00
4.26962800e-06,1.80000316e+00
4.26972800e-06,1.79999823e+00
4.26982800e-06,1.80000316e+00
4.26992800e-06,1.79999824e+00
4.27002800e-06,1.80000316e+00
4.27012800e-06,1.79999825e+00
4.27022800e-06,1.80000316e+00
4.27032800e-06,1.79999826e+00
4.27042800e-06,1.80000316e+00
4.27052800e-06,1.79999827e+00
4.27062800e-06,1.80000316e+00
4.27072800e-06,1.79999828e+00
4.27082800e-06,1.80000316e+00
4.27092800e-06,1.79999828e+00
4.27102800e-06,1.80000316e+00
4.27112800e-06,1.79999829e+00
4.27122800e-06,1.80000316e+00
4.27132800e-06,1.79999830e+00
4.27142800e-06,1.80000316e+00
4.27152800e-06,1.79999831e+00
4.27162800e-06,1.80000316e+00
4.27172800e-06,1.79999832e+00
4.27182800e-06,1.80000316e+00
4.27192800e-06,1.79999833e+00
4.27202800e-06,1.80000316e+00
4.27212800e-06,1.79999834e+00
4.27222800e-06,1.80000316e+00
4.27232800e-06,1.79999835e+00
4.27242800e-06,1.80000316e+00
4.27252800e-06,1.79999836e+00
4.27262800e-06,1.80000316e+00
4.27272800e-06,1.79999836e+00
4.27282800e-06,1.80000316e+00
4.27292800e-06,1.79999837e+00
4.27302800e-06,1.80000316e+00
4.27312800e-06,1.79999838e+00
4.27322800e-06,1.80000316e+00
4.27332800e-06,1.79999839e+00
4.27342800e-06,1.80000316e+00
4.27352800e-06,1.79999840e+00
4.27362800e-06,1.80000316e+00
4.27372800e-06,1.79999841e+00
4.27382800e-06,1.80000316e+00
4.27392800e-06,1.79999842e+00
4.27402800e-06,1.80000316e+00
4.27412800e-06,1.79999843e+00
4.27422800e-06,1.80000316e+00
4.27432800e-06,1.79999844e+00
4.27442800e-06,1.80000316e+00
4.27452800e-06,1.79999845e+00
4.27462800e-06,1.80000316e+00
4.27472800e-06,1.79999845e+00
4.27482800e-06,1.80000316e+00
4.27492800e-06,1.79999846e+00
4.27502800e-06,1.80000316e+00
4.27512800e-06,1.79999847e+00
4.27522800e-06,1.80000316e+00
4.27532800e-06,1.79999848e+00
4.27542800e-06,1.80000316e+00
4.27552800e-06,1.79999849e+00
4.27562800e-06,1.80000316e+00
4.27572800e-06,1.79999850e+00
4.27582800e-06,1.80000316e+00
4.27592800e-06,1.79999851e+00
4.27602800e-06,1.80000316e+00
4.27612800e-06,1.79999852e+00
4.27622800e-06,1.80000316e+00
4.27632800e-06,1.79999853e+00
4.27642800e-06,1.80000317e+00
4.27652800e-06,1.79999854e+00
4.27662800e-06,1.80000317e+00
4.27672800e-06,1.79999855e+00
4.27682800e-06,1.80000317e+00
4.27692800e-06,1.79999855e+00
4.27702800e-06,1.80000317e+00
4.27712800e-06,1.79999856e+00
4.27722800e-06,1.80000317e+00
4.27732800e-06,1.79999857e+00
4.27742800e-06,1.80000317e+00
4.27752800e-06,1.79999858e+00
4.27762800e-06,1.80000317e+00
4.27772800e-06,1.79999859e+00
4.27782800e-06,1.80000317e+00
4.27792800e-06,1.79999860e+00
4.27802800e-06,1.80000317e+00
4.27812800e-06,1.79999861e+00
4.27822800e-06,1.80000317e+00
4.27832800e-06,1.79999862e+00
4.27842800e-06,1.80000317e+00
4.27852800e-06,1.79999863e+00
4.27862800e-06,1.80000317e+00
4.27872800e-06,1.79999864e+00
4.27882800e-06,1.80000318e+00
4.27892800e-06,1.79999865e+00
4.27902800e-06,1.80000318e+00
4.27912800e-06,1.79999866e+00
4.27922800e-06,1.80000318e+00
4.27932800e-06,1.79999867e+00
4.27942800e-06,1.80000318e+00
4.27952800e-06,1.79999867e+00
4.27962800e-06,1.80000318e+00
4.27972800e-06,1.79999868e+00
4.27982800e-06,1.80000318e+00
4.27992800e-06,1.79999869e+00
4.28002800e-06,1.80000318e+00
4.28012800e-06,1.79999870e+00
4.28022800e-06,1.80000318e+00
4.28032800e-06,1.79999871e+00
4.28042800e-06,1.80000318e+00
4.28052800e-06,1.79999872e+00
4.28062800e-06,1.80000319e+00
4.28072800e-06,1.79999873e+00
4.28082800e-06,1.80000319e+00
4.28092800e-06,1.79999874e+00
4.28102800e-06,1.80000319e+00
4.28112800e-06,1.79999875e+00
4.28122800e-06,1.80000319e+00
4.28132800e-06,1.79999876e+00
4.28142800e-06,1.80000319e+00
4.28152800e-06,1.79999877e+00
4.28162800e-06,1.80000319e+00
4.28172800e-06,1.79999878e+00
4.28182800e-06,1.80000319e+00
4.28192800e-06,1.79999879e+00
4.28202800e-06,1.80000320e+00
4.28212800e-06,1.79999880e+00
4.28222800e-06,1.80000320e+00
4.28232800e-06,1.79999881e+00
4.28242800e-06,1.80000320e+00
4.28252800e-06,1.79999882e+00
4.28262800e-06,1.80000320e+00
4.28272800e-06,1.79999883e+00
4.28282800e-06,1.80000320e+00
4.28292800e-06,1.79999883e+00
4.28302800e-06,1.80000320e+00
4.28312800e-06,1.79999884e+00
4.28322800e-06,1.80000321e+00
4.28332800e-06,1.79999885e+00
4.28342800e-06,1.80000321e+00
4.28352800e-06,1.79999886e+00
4.28362800e-06,1.80000321e+00
4.28372800e-06,1.79999887e+00
4.28382800e-06,1.80000321e+00
4.28392800e-06,1.79999888e+00
4.28402800e-06,1.80000321e+00
4.28412800e-06,1.79999889e+00
4.28422800e-06,1.80000322e+00
4.28432800e-06,1.79999890e+00
4.28442800e-06,1.80000322e+00
4.28452800e-06,1.79999891e+00
4.28462800e-06,1.80000322e+00
4.28472800e-06,1.79999892e+00
4.28482800e-06,1.80000322e+00
4.28492800e-06,1.79999893e+00
4.28502800e-06,1.80000322e+00
4.28512800e-06,1.79999894e+00
4.28522800e-06,1.80000323e+00
4.28532800e-06,1.79999895e+00
4.28542800e-06,1.80000323e+00
4.28552800e-06,1.79999896e+00
4.28562800e-06,1.80000323e+00
4.28572800e-06,1.79999897e+00
4.28582800e-06,1.80000323e+00
4.28592800e-06,1.79999898e+00
4.28602800e-06,1.80000324e+00
4.28612800e-06,1.79999899e+00
4.28622800e-06,1.80000324e+00
4.28632800e-06,1.79999900e+00
4.28642800e-06,1.80000324e+00
4.28652800e-06,1.79999901e+00
4.28662800e-06,1.80000324e+00
4.28672800e-06,1.79999902e+00
4.28682800e-06,1.80000325e+00
4.28692800e-06,1.79999903e+00
4.28702800e-06,1.80000325e+00
4.28712800e-06,1.79999904e+00
4.28722800e-06,1.80000325e+00
4.28732800e-06,1.79999905e+00
4.28742800e-06,1.80000325e+00
4.28752800e-06,1.79999906e+00
4.28762800e-06,1.80000326e+00
4.28772800e-06,1.79999907e+00
4.28782800e-06,1.80000326e+00
4.28792800e-06,1.79999908e+00
4.28802800e-06,1.80000326e+00
4.28812800e-06,1.79999909e+00
4.28822800e-06,1.80000326e+00
4.28832800e-06,1.79999910e+00
4.28842800e-06,1.80000327e+00
4.28852800e-06,1.79999911e+00
4.28862800e-06,1.80000327e+00
4.28872800e-06,1.79999912e+00
4.28882800e-06,1.80000327e+00
4.28892800e-06,1.79999913e+00
4.28902800e-06,1.80000328e+00
4.28912800e-06,1.79999914e+00
4.28922800e-06,1.80000328e+00
4.28932800e-06,1.79999915e+00
4.28942800e-06,1.80000328e+00
4.28952800e-06,1.79999916e+00
4.28962800e-06,1.80000328e+00
4.28972800e-06,1.79999917e+00
4.28982800e-06,1.80000329e+00
4.28992800e-06,1.79999918e+00
4.29002800e-06,1.80000329e+00
4.29012800e-06,1.79999919e+00
4.29022800e-06,1.80000329e+00
4.29032800e-06,1.79999920e+00
4.29042800e-06,1.80000330e+00
4.29052800e-06,1.79999921e+00
4.29062800e-06,1.80000330e+00
4.29072800e-06,1.79999922e+00
4.29082800e-06,1.80000330e+00
4.29092800e-06,1.79999924e+00
4.29102800e-06,1.80000331e+00
4.29112800e-06,1.79999925e+00
4.29122800e-06,1.80000331e+00
4.29132800e-06,1.79999926e+00
4.29142800e-06,1.80000332e+00
4.29152800e-06,1.79999927e+00
4.29162800e-06,1.80000332e+00
4.29172800e-06,1.79999928e+00
4.29182800e-06,1.80000332e+00
4.29192800e-06,1.79999929e+00
4.29202800e-06,1.80000333e+00
4.29212800e-06,1.79999930e+00
4.29222800e-06,1.80000333e+00
4.29232800e-06,1.79999931e+00
4.29242800e-06,1.80000333e+00
4.29252800e-06,1.79999932e+00
4.29262800e-06,1.80000334e+00
4.29272800e-06,1.79999933e+00
4.29282800e-06,1.80000334e+00
4.29292800e-06,1.79999934e+00
4.29302800e-06,1.80000335e+00
4.29312800e-06,1.79999935e+00
4.29322800e-06,1.80000335e+00
4.29332800e-06,1.79999936e+00
4.29342800e-06,1.80000335e+00
4.29352800e-06,1.79999937e+00
4.29362800e-06,1.80000336e+00
4.29372800e-06,1.79999938e+00
4.29382800e-06,1.80000336e+00
4.29392800e-06,1.79999940e+00
4.29402800e-06,1.80000337e+00
4.29412800e-06,1.79999941e+00
4.29422800e-06,1.80000337e+00
4.29432800e-06,1.79999942e+00
4.29442800e-06,1.80000337e+00
4.29452800e-06,1.79999943e+00
4.29462800e-06,1.80000338e+00
4.29472800e-06,1.79999944e+00
4.29482800e-06,1.80000338e+00
4.29492800e-06,1.79999945e+00
4.29502800e-06,1.80000339e+00
4.29512800e-06,1.79999946e+00
4.29522800e-06,1.80000339e+00
4.29532800e-06,1.79999947e+00
4.29542800e-06,1.80000340e+00
4.29552800e-06,1.79999948e+00
4.29562800e-06,1.80000340e+00
4.29572800e-06,1.79999950e+00
4.29582800e-06,1.80000341e+00
4.29592800e-06,1.79999951e+00
4.29602800e-06,1.80000341e+00
4.29612800e-06,1.79999952e+00
4.29622800e-06,1.80000342e+00
4.29632800e-06,1.79999953e+00
4.29642800e-06,1.80000342e+00
4.29652800e-06,1.79999954e+00
4.29662800e-06,1.80000343e+00
4.29672800e-06,1.79999955e+00
4.29682800e-06,1.80000343e+00
4.29692800e-06,1.79999956e+00
4.29702800e-06,1.80000344e+00
4.29712800e-06,1.79999958e+00
4.29722800e-06,1.80000344e+00
4.29732800e-06,1.79999959e+00
4.29742800e-06,1.80000345e+00
4.29752800e-06,1.79999960e+00
4.29762800e-06,1.80000345e+00
4.29772800e-06,1.79999961e+00
4.29782800e-06,1.80000346e+00
4.29792800e-06,1.79999962e+00
4.29802800e-06,1.80000346e+00
4.29812800e-06,1.79999963e+00
4.29822800e-06,1.80000347e+00
4.29832800e-06,1.79999965e+00
4.29842800e-06,1.80000347e+00
4.29852800e-06,1.79999966e+00
4.29862800e-06,1.80000348e+00
4.29872800e-06,1.79999967e+00
4.29882800e-06,1.80000348e+00
4.29892800e-06,1.79999968e+00
4.29902800e-06,1.80000349e+00
4.29912800e-06,1.79999969e+00
4.29922800e-06,1.80000350e+00
4.29932800e-06,1.79999970e+00
4.29942800e-06,1.80000350e+00
4.29952800e-06,1.79999972e+00
4.29962800e-06,1.80000351e+00
4.29972800e-06,1.79999973e+00
4.29982800e-06,1.80000351e+00
4.29992800e-06,1.79999974e+00
4.30002800e-06,1.80000352e+00
4.30012800e-06,1.79999975e+00
4.30022800e-06,1.80000353e+00
4.30032800e-06,1.79999977e+00
4.30042800e-06,1.80000353e+00
4.30052800e-06,1.79999978e+00
4.30062800e-06,1.80000354e+00
4.30072800e-06,1.79999979e+00
4.30082800e-06,1.80000354e+00
4.30092800e-06,1.79999980e+00
4.30102800e-06,1.80000355e+00
4.30112800e-06,1.79999981e+00
4.30122800e-06,1.80000356e+00
4.30132800e-06,1.79999983e+00
4.30142800e-06,1.80000356e+00
4.30152800e-06,1.79999984e+00
4.30162800e-06,1.80000357e+00
4.30172800e-06,1.79999985e+00
4.30182800e-06,1.80000358e+00
4.30192800e-06,1.79999987e+00
4.30202800e-06,1.80000358e+00
4.30212800e-06,1.79999988e+00
4.30222800e-06,1.80000359e+00
4.30232800e-06,1.79999989e+00
4.30242800e-06,1.80000360e+00
4.30252800e-06,1.79999990e+00
4.30262800e-06,1.80000360e+00
4.30272800e-06,1.79999992e+00
4.30282800e-06,1.80000361e+00
4.30292800e-06,1.79999993e+00
4.30302800e-06,1.80000362e+00
4.30312800e-06,1.79999994e+00
4.30322800e-06,1.80000363e+00
4.30332800e-06,1.79999996e+00
4.30342800e-06,1.80000363e+00
4.30352800e-06,1.79999997e+00
4.30362800e-06,1.80000364e+00
4.30372800e-06,1.79999998e+00
4.30382800e-06,1.80000365e+00
4.30392800e-06,1.79999999e+00
4.30402800e-06,1.80000366e+00
4.30412800e-06,1.80000001e+00
4.30422800e-06,1.80000366e+00
4.30432800e-06,1.80000002e+00
4.30442800e-06,1.80000367e+00
4.30452800e-06,1.80000003e+00
4.30462800e-06,1.80000368e+00
4.30472800e-06,1.80000005e+00
4.30482800e-06,1.80000369e+00
4.30492800e-06,1.80000006e+00
4.30502800e-06,1.80000370e+00
4.30512800e-06,1.80000007e+00
4.30522800e-06,1.80000370e+00
4.30532800e-06,1.80000009e+00
4.30542800e-06,1.80000371e+00
4.30552800e-06,1.80000010e+00
4.30562800e-06,1.80000372e+00
4.30572800e-06,1.80000012e+00
4.30582800e-06,1.80000373e+00
4.30592800e-06,1.80000013e+00
4.30602800e-06,1.80000374e+00
4.30612800e-06,1.80000014e+00
4.30622800e-06,1.80000375e+00
4.30632800e-06,1.80000016e+00
4.30642800e-06,1.80000375e+00
4.30652800e-06,1.80000017e+00
4.30662800e-06,1.80000376e+00
4.30672800e-06,1.80000019e+00
4.30682800e-06,1.80000377e+00
4.30692800e-06,1.80000020e+00
4.30702800e-06,1.80000378e+00
4.30712800e-06,1.80000021e+00
4.30722800e-06,1.80000379e+00
4.30732800e-06,1.80000023e+00
4.30742800e-06,1.80000380e+00
4.30752800e-06,1.80000024e+00
4.30762800e-06,1.80000381e+00
4.30772800e-06,1.80000026e+00
4.30782800e-06,1.80000382e+00
4.30792800e-06,1.80000027e+00
4.30802800e-06,1.80000383e+00
4.30812800e-06,1.80000029e+00
4.30822800e-06,1.80000384e+00
4.30832800e-06,1.80000030e+00
4.30842800e-06,1.80000384e+00
4.30852800e-06,1.80000032e+00
4.30862800e-06,1.80000385e+00
4.30872800e-06,1.80000033e+00
4.30882800e-06,1.80000386e+00
4.30892800e-06,1.80000035e+00
4.30902800e-06,1.80000387e+00
4.30912800e-06,1.80000036e+00
4.30922800e-06,1.80000388e+00
4.30932800e-06,1.80000038e+00
4.30942800e-06,1.80000389e+00
4.30952800e-06,1.80000040e+00
4.30962800e-06,1.80000390e+00
4.30972800e-06,1.80000041e+00
4.30982800e-06,1.80000391e+00
4.30992800e-06,1.80000043e+00
4.31002800e-06,1.80000391e+00
4.31012800e-06,1.80000045e+00
4.31022800e-06,1.80000392e+00
4.31032800e-06,1.80000046e+00
4.31042800e-06,1.80000393e+00
4.31052800e-06,1.80000048e+00
4.31062800e-06,1.80000394e+00
4.31072800e-06,1.80000050e+00
4.31082800e-06,1.80000395e+00
4.31092800e-06,1.80000052e+00
4.31102800e-06,1.80000396e+00
4.31112800e-06,1.80000053e+00
4.31122800e-06,1.80000397e+00
4.31132800e-06,1.80000055e+00
4.31142800e-06,1.80000398e+00
4.31152800e-06,1.80000057e+00
4.31162800e-06,1.80000399e+00
4.31172800e-06,1.80000059e+00
4.31182800e-06,1.80000400e+00
4.31192800e-06,1.80000060e+00
4.31202800e-06,1.80000401e+00
4.31212800e-06,1.80000062e+00
4.31222800e-06,1.80000402e+00
4.31232800e-06,1.80000064e+00
4.31242800e-06,1.80000403e+00
4.31252800e-06,1.80000066e+00
4.31262800e-06,1.80000404e+00
4.31272800e-06,1.80000067e+00
4.31282800e-06,1.80000405e+00
4.31292800e-06,1.80000069e+00
4.31302800e-06,1.80000406e+00
4.31312800e-06,1.80000071e+00
4.31322800e-06,1.80000407e+00
4.31332800e-06,1.80000073e+00
4.31342800e-06,1.80000408e+00
4.31352800e-06,1.80000075e+00
4.31362800e-06,1.80000409e+00
4.31372800e-06,1.80000077e+00
4.31382800e-06,1.80000411e+00
4.31392800e-06,1.80000079e+00
4.31402800e-06,1.80000412e+00
4.31412800e-06,1.80000081e+00
4.31422800e-06,1.80000413e+00
4.31432800e-06,1.80000082e+00
4.31442800e-06,1.80000414e+00
4.31452800e-06,1.80000084e+00
4.31462800e-06,1.80000415e+00
4.31472800e-06,1.80000086e+00
4.31482800e-06,1.80000416e+00
4.31492800e-06,1.80000088e+00
4.31502800e-06,1.80000418e+00
4.31512800e-06,1.80000090e+00
4.31522800e-06,1.80000419e+00
4.31532800e-06,1.80000092e+00
4.31542800e-06,1.80000420e+00
4.31552800e-06,1.80000094e+00
4.31562800e-06,1.80000421e+00
4.31572800e-06,1.80000096e+00
4.31582800e-06,1.80000423e+00
4.31592800e-06,1.80000098e+00
4.31602800e-06,1.80000424e+00
4.31612800e-06,1.80000100e+00
4.31622800e-06,1.80000425e+00
4.31632800e-06,1.80000102e+00
4.31642800e-06,1.80000426e+00
4.31652800e-06,1.80000104e+00
4.31662800e-06,1.80000428e+00
4.31672800e-06,1.80000106e+00
4.31682800e-06,1.80000429e+00
4.31692800e-06,1.80000108e+00
4.31702800e-06,1.80000430e+00
4.31712800e-06,1.80000111e+00
4.31722800e-06,1.80000432e+00
4.31732800e-06,1.80000113e+00
4.31742800e-06,1.80000433e+00
4.31752800e-06,1.80000115e+00
4.31762800e-06,1.80000435e+00
4.31772800e-06,1.80000117e+00
4.31782800e-06,1.80000436e+00
4.31792800e-06,1.80000119e+00
4.31802800e-06,1.80000438e+00
4.31812800e-06,1.80000121e+00
4.31822800e-06,1.80000439e+00
4.31832800e-06,1.80000123e+00
4.31842800e-06,1.80000441e+00
4.31852800e-06,1.80000126e+00
4.31862800e-06,1.80000442e+00
4.31872800e-06,1.80000128e+00
4.31882800e-06,1.80000444e+00
4.31892800e-06,1.80000130e+00
4.31902800e-06,1.80000445e+00
4.31912800e-06,1.80000132e+00
4.31922800e-06,1.80000447e+00
4.31932800e-06,1.80000135e+00
4.31942800e-06,1.80000448e+00
4.31952800e-06,1.80000137e+00
4.31962800e-06,1.80000450e+00
4.31972800e-06,1.80000139e+00
4.31982800e-06,1.80000452e+00
4.31992800e-06,1.80000142e+00
4.32002800e-06,1.80000453e+00
4.32012800e-06,1.80000144e+00
4.32022800e-06,1.80000455e+00
4.32032800e-06,1.80000146e+00
4.32042800e-06,1.80000457e+00
4.32052800e-06,1.80000149e+00
4.32062800e-06,1.80000458e+00
4.32072800e-06,1.80000151e+00
4.32082800e-06,1.80000460e+00
4.32092800e-06,1.80000154e+00
4.32102800e-06,1.80000462e+00
4.32112800e-06,1.80000156e+00
4.32122800e-06,1.80000464e+00
4.32132800e-06,1.80000159e+00
4.32142800e-06,1.80000465e+00
4.32152800e-06,1.80000161e+00
4.32162800e-06,1.80000467e+00
4.32172800e-06,1.80000164e+00
4.32182800e-06,1.80000469e+00
4.32192800e-06,1.80000166e+00
4.32202800e-06,1.80000471e+00
4.32212800e-06,1.80000169e+00
4.32222800e-06,1.80000473e+00
4.32232800e-06,1.80000171e+00
4.32242800e-06,1.80000475e+00
4.32252800e-06,1.80000174e+00
4.32262800e-06,1.80000477e+00
4.32272800e-06,1.80000177e+00
4.32282800e-06,1.80000479e+00
4.32292800e-06,1.80000179e+00
4.32302800e-06,1.80000481e+00
4.32312800e-06,1.80000182e+00
4.32322800e-06,1.80000483e+00
4.32332800e-06,1.80000185e+00
4.32342800e-06,1.80000485e+00
4.32352800e-06,1.80000187e+00
4.32362800e-06,1.80000487e+00
4.32372800e-06,1.80000190e+00
4.32382800e-06,1.80000489e+00
4.32392800e-06,1.80000193e+00
4.32402800e-06,1.80000491e+00
4.32412800e-06,1.80000196e+00
4.32422800e-06,1.80000493e+00
4.32432800e-06,1.80000199e+00
4.32442800e-06,1.80000496e+00
4.32452800e-06,1.80000202e+00
4.32462800e-06,1.80000498e+00
4.32472800e-06,1.80000205e+00
4.32482800e-06,1.80000500e+00
4.32492800e-06,1.80000207e+00
4.32502800e-06,1.80000502e+00
4.32512800e-06,1.80000210e+00
4.32522800e-06,1.80000505e+00
4.32532800e-06,1.80000213e+00
4.32542800e-06,1.80000507e+00
4.32552800e-06,1.80000216e+00
4.32562800e-06,1.80000509e+00
4.32572800e-06,1.80000220e+00
4.32582800e-06,1.80000512e+00
4.32592800e-06,1.80000223e+00
4.32602800e-06,1.80000514e+00
4.32612800e-06,1.80000226e+00
4.32622800e-06,1.80000517e+00
4.32632800e-06,1.80000229e+00
4.32642800e-06,1.80000519e+00
4.32652800e-06,1.80000232e+00
4.32662800e-06,1.80000522e+00
4.32672800e-06,1.80000235e+00
4.32682800e-06,1.80000525e+00
4.32692800e-06,1.80000239e+00
4.32702800e-06,1.80000527e+00
4.32712800e-06,1.80000242e+00
4.32722800e-06,1.80000530e+00
4.32732800e-06,1.80000245e+00
4.32742800e-06,1.80000533e+00
4.32752800e-06,1.80000249e+00
4.32762800e-06,1.80000535e+00
4.32772800e-06,1.80000252e+00
4.32782800e-06,1.80000538e+00
4.32792800e-06,1.80000256e+00
4.32802800e-06,1.80000541e+00
4.32812800e-06,1.80000259e+00
4.32822800e-06,1.80000544e+00
4.32832800e-06,1.80000263e+00
4.32842800e-06,1.80000547e+00
4.32852800e-06,1.80000266e+00
4.32862800e-06,1.80000550e+00
4.32872800e-06,1.80000270e+00
4.32882800e-06,1.80000553e+00
4.32892800e-06,1.80000273e+00
4.32902800e-06,1.80000556e+00
4.32912800e-06,1.80000277e+00
4.32922800e-06,1.80000559e+00
4.32932800e-06,1.80000281e+00
4.32942800e-06,1.80000562e+00
4.32952800e-06,1.80000285e+00
4.32962800e-06,1.80000565e+00
4.32972800e-06,1.80000289e+00
4.32982800e-06,1.80000569e+00
4.32992800e-06,1.80000293e+00
4.33002800e-06,1.80000572e+00
4.33012800e-06,1.80000296e+00
4.33022800e-06,1.80000575e+00
4.33032800e-06,1.80000300e+00
4.33042800e-06,1.80000579e+00
4.33052800e-06,1.80000305e+00
4.33062800e-06,1.80000582e+00
4.33072800e-06,1.80000309e+00
4.33082800e-06,1.80000586e+00
4.33092800e-06,1.80000313e+00
4.33102800e-06,1.80000589e+00
4.33112800e-06,1.80000317e+00
4.33122800e-06,1.80000593e+00
4.33132800e-06,1.80000321e+00
4.33142800e-06,1.80000597e+00
4.33152800e-06,1.80000326e+00
4.33162800e-06,1.80000600e+00
4.33172800e-06,1.80000330e+00
4.33182800e-06,1.80000604e+00
4.33192800e-06,1.80000335e+00
4.33202800e-06,1.80000608e+00
4.33212800e-06,1.80000339e+00
4.33222800e-06,1.80000612e+00
4.33232800e-06,1.80000344e+00
4.33242800e-06,1.80000616e+00
4.33252800e-06,1.80000348e+00
4.33262800e-06,1.80000620e+00
4.33272800e-06,1.80000353e+00
4.33282800e-06,1.80000624e+00
4.33292800e-06,1.80000358e+00
4.33302800e-06,1.80000641e+00
4.33312800e-06,1.80000365e+00
4.33322800e-06,1.80000643e+00
4.33332800e-06,1.80000371e+00
4.33342800e-06,1.80000646e+00
4.33352800e-06,1.80000378e+00
4.33362800e-06,1.80000650e+00
4.33372800e-06,1.80000383e+00
4.33382800e-06,1.80000654e+00
4.33392800e-06,1.80000389e+00
4.33402800e-06,1.80000658e+00
4.33412800e-06,1.80000395e+00
4.33422800e-06,1.80000663e+00
4.33432800e-06,1.80000400e+00
4.33442800e-06,1.80000668e+00
4.33452800e-06,1.80000406e+00
4.33462800e-06,1.80000672e+00
4.33472800e-06,1.80000411e+00
4.33482800e-06,1.80000677e+00
4.33492800e-06,1.80000417e+00
4.33502800e-06,1.80000682e+00
4.33512800e-06,1.80000423e+00
4.33522800e-06,1.80000688e+00
4.33532800e-06,1.80000429e+00
4.33542800e-06,1.80000693e+00
4.33552800e-06,1.80000435e+00
4.33562800e-06,1.80000698e+00
4.33572800e-06,1.80000441e+00
4.33582800e-06,1.80000704e+00
4.33592800e-06,1.80000447e+00
4.33602800e-06,1.80000709e+00
4.33612800e-06,1.80000453e+00
4.33622800e-06,1.80000715e+00
4.33632800e-06,1.80000459e+00
4.33642800e-06,1.80000721e+00
4.33652800e-06,1.80000466e+00
4.33662800e-06,1.80000727e+00
4.33672800e-06,1.80000472e+00
4.33682800e-06,1.80000733e+00
4.33692800e-06,1.80000479e+00
4.33702800e-06,1.80000739e+00
4.33712800e-06,1.80000486e+00
4.33722800e-06,1.80000745e+00
4.33732800e-06,1.80000493e+00
4.33742800e-06,1.80000752e+00
4.33752800e-06,1.80000500e+00
4.33762800e-06,1.80000758e+00
4.33772800e-06,1.80000507e+00
4.33782800e-06,1.80000765e+00
4.33792800e-06,1.80000514e+00
4.33802800e-06,1.80000772e+00
4.33812800e-06,1.80000522e+00
4.33822800e-06,1.80000779e+00
4.33832800e-06,1.80000529e+00
4.33842800e-06,1.80000786e+00
4.33852800e-06,1.80000537e+00
4.33862800e-06,1.80000793e+00
4.33872800e-06,1.80000545e+00
4.33882800e-06,1.80000800e+00
4.33892800e-06,1.80000553e+00
4.33902800e-06,1.80000808e+00
4.33912800e-06,1.80000561e+00
4.33922800e-06,1.80000816e+00
4.33932800e-06,1.80000570e+00
4.33942800e-06,1.80000824e+00
4.33952800e-06,1.80000578e+00
4.33962800e-06,1.80000832e+00
4.33972800e-06,1.80000587e+00
4.33982800e-06,1.80000840e+00
4.33992800e-06,1.80000596e+00
4.34002800e-06,1.80000848e+00
4.34012800e-06,1.80000605e+00
4.34022800e-06,1.80000857e+00
4.34032800e-06,1.80000615e+00
4.34042800e-06,1.80000866e+00
4.34052800e-06,1.80000624e+00
4.34062800e-06,1.80000875e+00
4.34072800e-06,1.80000634e+00
4.34082800e-06,1.80000884e+00
4.34092800e-06,1.80000644e+00
4.34102800e-06,1.80000894e+00
4.34112800e-06,1.80000654e+00
4.34122800e-06,1.80000904e+00
4.34132800e-06,1.80000665e+00
4.34142800e-06,1.80000914e+00
4.34152800e-06,1.80000675e+00
4.34162800e-06,1.80000924e+00
4.34172800e-06,1.80000686e+00
4.34182800e-06,1.80000934e+00
4.34192800e-06,1.80000697e+00
4.34202800e-06,1.80000945e+00
4.34212800e-06,1.80000709e+00
4.34222800e-06,1.80000956e+00
4.34232800e-06,1.80000720e+00
4.34242800e-06,1.80000968e+00
4.34252800e-06,1.80000733e+00
4.34262800e-06,1.80000979e+00
4.34272800e-06,1.80000745e+00
4.34282800e-06,1.80000991e+00
4.34292800e-06,1.80000757e+00
4.34302800e-06,1.80001003e+00
4.34312800e-06,1.80000770e+00
4.34322800e-06,1.80001016e+00
4.34332800e-06,1.80000784e+00
4.34342800e-06,1.80001029e+00
4.34352800e-06,1.80000797e+00
4.34362800e-06,1.80001042e+00
4.34372800e-06,1.80000811e+00
4.34382800e-06,1.80001056e+00
4.34392800e-06,1.80000826e+00
4.34402800e-06,1.80001070e+00
4.34412800e-06,1.80000841e+00
4.34422800e-06,1.80001084e+00
4.34432800e-06,1.80000856e+00
4.34442800e-06,1.80001099e+00
4.34452800e-06,1.80000871e+00
4.34462800e-06,1.80001114e+00
4.34472800e-06,1.80000887e+00
4.34482800e-06,1.80001130e+00
4.34492800e-06,1.80000904e+00
4.34502800e-06,1.80001146e+00
4.34512800e-06,1.80000921e+00
4.34522800e-06,1.80001163e+00
4.34532800e-06,1.80000938e+00
4.34542800e-06,1.80001180e+00
4.34552800e-06,1.80000956e+00
4.34562800e-06,1.80001198e+00
4.34572800e-06,1.80000975e+00
4.34582800e-06,1.80001216e+00
4.34592800e-06,1.80000994e+00
4.34602800e-06,1.80001234e+00
4.34612800e-06,1.80001013e+00
4.34622800e-06,1.80001254e+00
4.34632800e-06,1.80001033e+00
4.34642800e-06,1.80001274e+00
4.34652800e-06,1.80001054e+00
4.34662800e-06,1.80001294e+00
4.34672800e-06,1.80001076e+00
4.34682800e-06,1.80001316e+00
4.34692800e-06,1.80001098e+00
4.34702800e-06,1.80001337e+00
4.34712800e-06,1.80001120e+00
4.34722800e-06,1.80001360e+00
4.34732800e-06,1.80001144e+00
4.34742800e-06,1.80001383e+00
4.34752800e-06,1.80001168e+00
4.34762800e-06,1.80001407e+00
4.34772800e-06,1.80001193e+00
4.34782800e-06,1.80001432e+00
4.34792800e-06,1.80001219e+00
4.34802800e-06,1.80001458e+00
4.34812800e-06,1.80001245e+00
4.34822800e-06,1.80001484e+00
4.34832800e-06,1.80001273e+00
4.34842800e-06,1.80001512e+00
4.34852800e-06,1.80001301e+00
4.34862800e-06,1.80001540e+00
4.34872800e-06,1.80001331e+00
4.34882800e-06,1.80001569e+00
4.34892800e-06,1.80001361e+00
4.34902800e-06,1.80001599e+00
4.34912800e-06,1.80001392e+00
4.34922800e-06,1.80001631e+00
4.34932800e-06,1.80001424e+00
4.34942800e-06,1.80001663e+00
4.34952800e-06,1.80001457e+00
4.34962800e-06,1.80001696e+00
4.34972800e-06,1.80001492e+00
4.34982800e-06,1.80001730e+00
4.34992800e-06,1.80001527e+00
4.35002800e-06,1.80001766e+00
4.35012800e-06,1.80001564e+00
4.35022800e-06,1.80001802e+00
4.35032800e-06,1.80001601e+00
4.35042800e-06,1.80001840e+00
4.35052800e-06,1.80001640e+00
4.35062800e-06,1.80001879e+00
4.35072800e-06,1.80001680e+00
4.35082800e-06,1.80001919e+00
4.35092800e-06,1.80001721e+00
4.35102800e-06,1.80001960e+00
4.35112800e-06,1.80001764e+00
4.35122800e-06,1.80002003e+00
4.35132800e-06,1.80001807e+00
4.35142800e-06,1.80002047e+00
4.35152800e-06,1.80001852e+00
4.35162800e-06,1.80002092e+00
4.35172800e-06,1.80001899e+00
4.35182800e-06,1.80002138e+00
4.35192800e-06,1.80001946e+00
4.35202800e-06,1.80002186e+00
4.35212800e-06,1.80001995e+00
4.35222800e-06,1.80002235e+00
4.35232800e-06,1.80002045e+00
4.35242800e-06,1.80002285e+00
4.35252800e-06,1.80002096e+00
4.35262800e-06,1.80002336e+00
4.35272800e-06,1.80002149e+00
4.35282800e-06,1.80002389e+00
4.35292800e-06,1.80002203e+00
4.35302800e-06,1.80002443e+00
4.35312800e-06,1.80002258e+00
4.35322800e-06,1.80002499e+00
4.35332800e-06,1.80002315e+00
4.35342800e-06,1.80002555e+00
4.35352800e-06,1.80002372e+00
4.35362800e-06,1.80002613e+00
4.35372800e-06,1.80002431e+00
4.35382800e-06,1.80002671e+00
4.35392800e-06,1.80002491e+00
4.35402800e-06,1.80002731e+00
4.35412800e-06,1.80002552e+00
4.35422800e-06,1.80002792e+00
4.35432800e-06,1.80002614e+00
4.35442800e-06,1.80002854e+00
4.35452800e-06,1.80002677e+00
4.35462800e-06,1.80002917e+00
4.35472800e-06,1.80002741e+00
4.35482800e-06,1.80002981e+00
4.35492800e-06,1.80002805e+00
4.35502800e-06,1.80003046e+00
4.35512800e-06,1.80002871e+00
4.35522800e-06,1.80003112e+00
4.35532800e-06,1.80002938e+00
4.35542800e-06,1.80003178e+00
4.35552800e-06,1.80003005e+00
4.35562800e-06,1.80003245e+00
4.35572800e-06,1.80003073e+00
4.35582800e-06,1.80003313e+00
4.35592800e-06,1.80003142e+00
4.35602800e-06,1.80003382e+00
4.35612800e-06,1.80003211e+00
4.35622800e-06,1.80003451e+00
4.35632800e-06,1.80003281e+00
4.35642800e-06,1.80003521e+00
4.35652800e-06,1.80003352e+00
4.35662800e-06,1.80003591e+00
4.35672800e-06,1.80003423e+00
4.35682800e-06,1.80003662e+00
4.35692800e-06,1.80003494e+00
4.35702800e-06,1.80003733e+00
4.35712800e-06,1.80003566e+00
4.35722800e-06,1.80003805e+00
4.35732800e-06,1.80003638e+00
4.35742800e-06,1.80003877e+00
4.35752800e-06,1.80003711e+00
4.35762800e-06,1.80003949e+00
4.35772800e-06,1.80003784e+00
4.35782800e-06,1.80004021e+00
4.35792800e-06,1.80003857e+00
4.35802800e-06,1.80004094e+00
4.35812800e-06,1.80003930e+00
4.35822800e-06,1.80004167e+00
4.35832800e-06,1.80004004e+00
4.35842800e-06,1.80004241e+00
4.35852800e-06,1.80004078e+00
4.35862800e-06,1.80004314e+00
4.35872800e-06,1.80004152e+00
4.35882800e-06,1.80004388e+00
4.35892800e-06,1.80004226e+00
4.35902800e-06,1.80004462e+00
4.35912800e-06,1.80004301e+00
4.35922800e-06,1.80004536e+00
4.35932800e-06,1.80004375e+00
4.35942800e-06,1.80004610e+00
4.35952800e-06,1.80004450e+00
4.35962800e-06,1.80004685e+00
4.35972800e-06,1.80004525e+00
4.35982800e-06,1.80004759e+00
4.35992800e-06,1.80004600e+00
4.36002800e-06,1.80004834e+00
4.36012800e-06,1.80004675e+00
4.36022800e-06,1.80004909e+00
4.36032800e-06,1.80004751e+00
4.36042800e-06,1.80004984e+00
4.36052800e-06,1.80004826e+00
4.36062800e-06,1.80005059e+00
4.36072800e-06,1.80004902e+00
4.36082800e-06,1.80005134e+00
4.36092800e-06,1.80004978e+00
4.36102800e-06,1.80005210e+00
4.36112800e-06,1.80005054e+00
4.36122800e-06,1.80005286e+00
4.36132800e-06,1.80005130e+00
4.36142800e-06,1.80005361e+00
4.36152800e-06,1.80005207e+00
4.36162800e-06,1.80005437e+00
4.36172800e-06,1.80005283e+00
4.36182800e-06,1.80005514e+00
4.36192800e-06,1.80005360e+00
4.36202800e-06,1.80005590e+00
4.36212800e-06,1.80005437e+00
4.36222800e-06,1.80005666e+00
4.36232800e-06,1.80005514e+00
4.36242800e-06,1.80005743e+00
4.36252800e-06,1.80005591e+00
4.36262800e-06,1.80005819e+00
4.36272800e-06,1.80005668e+00
4.36282800e-06,1.80005896e+00
4.36292800e-06,1.80005745e+00
4.36302800e-06,1.80005973e+00
4.36312800e-06,1.80005822e+00
4.36322800e-06,1.80006050e+00
4.36332800e-06,1.80005900e+00
4.36342800e-06,1.80006127e+00
4.36352800e-06,1.80005977e+00
4.36362800e-06,1.80006204e+00
4.36372800e-06,1.80006054e+00
4.36382800e-06,1.80006280e+00
4.36392800e-06,1.80006131e+00
4.36402800e-06,1.80006357e+00
4.36412800e-06,1.80006208e+00
4.36422800e-06,1.80006433e+00
4.36432800e-06,1.80006285e+00
4.36442800e-06,1.80006509e+00
4.36452800e-06,1.80006361e+00
4.36462800e-06,1.80006584e+00
4.36472800e-06,1.80006436e+00
4.36482800e-06,1.80006658e+00
4.36492800e-06,1.80006511e+00
4.36502800e-06,1.80006772e+00
4.36512800e-06,1.80006614e+00
4.36522800e-06,1.80006838e+00
4.36532800e-06,1.80006683e+00
4.36542800e-06,1.80006904e+00
4.36552800e-06,1.80006751e+00
4.36562800e-06,1.80006969e+00
4.36572800e-06,1.80006817e+00
4.36582800e-06,1.80007032e+00
4.36592800e-06,1.80006880e+00
4.36602800e-06,1.80007093e+00
4.36612800e-06,1.80006940e+00
4.36622800e-06,1.80007150e+00
4.36632800e-06,1.80006997e+00
4.36642800e-06,1.80007205e+00
4.36652800e-06,1.80007050e+00
4.36662800e-06,1.80007255e+00
4.36672800e-06,1.80007098e+00
4.36682800e-06,1.80007300e+00
4.36692800e-06,1.80007141e+00
4.36702800e-06,1.80007339e+00
4.36712800e-06,1.80007177e+00
4.36722800e-06,1.80007370e+00
4.36732800e-06,1.80007205e+00
4.36742800e-06,1.80007393e+00
4.36752800e-06,1.80007223e+00
4.36762800e-06,1.80007406e+00
4.36772800e-06,1.80007231e+00
4.36782800e-06,1.80007407e+00
4.36792800e-06,1.80007226e+00
4.36802800e-06,1.80007394e+00
4.36812800e-06,1.80007206e+00
4.36822800e-06,1.80007365e+00
4.36832800e-06,1.80007168e+00
4.36842800e-06,1.80007317e+00
4.36852800e-06,1.80007109e+00
4.36862800e-06,1.80007246e+00
4.36872800e-06,1.80007026e+00
4.36882800e-06,1.80007149e+00
4.36892800e-06,1.80006915e+00
4.36902800e-06,1.80007021e+00
4.36912800e-06,1.80006771e+00
4.36922800e-06,1.80006858e+00
4.36932800e-06,1.80006588e+00
4.36942800e-06,1.80006653e+00
4.36952800e-06,1.80006361e+00
4.36962800e-06,1.80006400e+00
4.36972800e-06,1.80006082e+00
4.36982800e-06,1.80006091e+00
4.36992800e-06,1.80005742e+00
4.37002800e-06,1.80005717e+00
4.37012800e-06,1.80005331e+00
4.37022800e-06,1.80005266e+00
4.37032800e-06,1.80004839e+00
4.37042800e-06,1.80004727e+00
4.37052800e-06,1.80004251e+00
4.37062800e-06,1.80004085e+00
4.37072800e-06,1.80003552e+00
4.37082800e-06,1.80003324e+00
4.37092800e-06,1.80002725e+00
4.37102800e-06,1.80002424e+00
4.37112800e-06,1.80001748e+00
4.37122800e-06,1.80001364e+00
4.37132800e-06,1.80000598e+00
4.37142800e-06,1.80000112e+00
4.37152800e-06,1.79999269e+00
4.37162800e-06,1.79998654e+00
4.37172800e-06,1.79997692e+00
4.37182800e-06,1.79996938e+00
4.37192800e-06,1.79995843e+00
4.37202800e-06,1.79994933e+00
4.37212800e-06,1.79993679e+00
4.37222800e-06,1.79992593e+00
4.37232800e-06,1.79991152e+00
4.37242800e-06,1.79989862e+00
4.37252800e-06,1.79988205e+00
4.37262800e-06,1.79986681e+00
4.37272800e-06,1.79984772e+00
4.37282800e-06,1.79982977e+00
4.37292800e-06,1.79980778e+00
4.37302800e-06,1.79978668e+00
4.37312800e-06,1.79976133e+00
4.37322800e-06,1.79973662e+00
4.37332800e-06,1.79970738e+00
4.37342800e-06,1.79967848e+00
4.37352800e-06,1.79964476e+00
4.37362800e-06,1.79961104e+00
4.37372800e-06,1.79957213e+00
4.37382800e-06,1.79953284e+00
4.37392800e-06,1.79948797e+00
4.37402800e-06,1.79944227e+00
4.37412800e-06,1.79939051e+00
4.37422800e-06,1.79933742e+00
4.37432800e-06,1.79927773e+00
4.37442800e-06,1.79921613e+00
4.37452800e-06,1.79914733e+00
4.37462800e-06,1.79907595e+00
4.37472800e-06,1.79899666e+00
4.37482800e-06,1.79891402e+00
4.37492800e-06,1.79882268e+00
4.37502800e-06,1.79872712e+00
4.37512800e-06,1.79862193e+00
4.37522800e-06,1.79851153e+00
4.37532800e-06,1.79839045e+00
4.37542800e-06,1.79826302e+00
4.37552800e-06,1.79812369e+00
4.37562800e-06,1.79797672e+00
4.37572800e-06,1.79781647e+00
4.37582800e-06,1.79764709e+00
4.37592800e-06,1.79746283e+00
4.37602800e-06,1.79726776e+00
4.37612800e-06,1.79705597e+00
4.37622800e-06,1.79683142e+00
4.37632800e-06,1.79658807e+00
4.37642800e-06,1.79632970e+00
4.37652800e-06,1.79605012e+00
4.37662800e-06,1.79575294e+00
4.37672800e-06,1.79543177e+00
4.37682800e-06,1.79509003e+00
4.37692800e-06,1.79472107e+00
4.37702800e-06,1.79432808e+00
4.37712800e-06,1.79390414e+00
4.37722800e-06,1.79345215e+00
4.37732800e-06,1.79296486e+00
4.37742800e-06,1.79244483e+00
4.37752800e-06,1.79188440e+00
4.37762800e-06,1.79128573e+00
4.37772800e-06,1.79064066e+00
4.37782800e-06,1.78995084e+00
4.37792800e-06,1.78920751e+00
4.37802800e-06,1.78841171e+00
4.37812800e-06,1.78755391e+00
4.37822800e-06,1.78663438e+00
4.37832800e-06,1.78564265e+00
4.37842800e-06,1.78457802e+00
4.37852800e-06,1.78342878e+00
4.37862800e-06,1.78219298e+00
4.37872800e-06,1.78085737e+00
4.37882800e-06,1.77941833e+00
4.37892800e-06,1.77786057e+00
4.37902800e-06,1.77617825e+00
4.37912800e-06,1.77435335e+00
4.37922800e-06,1.77237702e+00
4.37932800e-06,1.77022747e+00
4.37942800e-06,1.76789161e+00
4.37952800e-06,1.76534235e+00
4.37962800e-06,1.76256047e+00
4.37972800e-06,1.75951110e+00
4.37982800e-06,1.75616577e+00
4.37992800e-06,1.75247770e+00
4.38002800e-06,1.74840377e+00
4.38012800e-06,1.74387787e+00
4.38022800e-06,1.73883211e+00
4.38032800e-06,1.73316652e+00
4.38042800e-06,1.72676752e+00
4.38052800e-06,1.71946962e+00
4.38062800e-06,1.71106460e+00
4.38072800e-06,1.70124178e+00
4.38082800e-06,1.68956467e+00
4.38092800e-06,1.67534249e+00
4.38102800e-06,1.65749204e+00
4.38112800e-06,1.63423435e+00
4.38122800e-06,1.60302202e+00
4.38132800e-06,1.56150812e+00
4.38142800e-06,1.50960785e+00
4.38152800e-06,1.44937044e+00
4.38162800e-06,1.38297813e+00
4.38172800e-06,1.31181914e+00
4.38182800e-06,1.23691813e+00
4.38192800e-06,1.15938375e+00
4.38202800e-06,1.08122830e+00
4.38212800e-06,1.00621659e+00
4.38222800e-06,9.40279439e-01
4.38232800e-06,8.88953709e-01
4.38242800e-06,8.51558781e-01
4.38252800e-06,8.21038741e-01
4.38262800e-06,7.92302825e-01
4.38272800e-06,7.64695476e-01
4.38282800e-06,7.38046505e-01
4.38292800e-06,7.12210521e-01
4.38302800e-06,6.87539822e-01
4.38312800e-06,6.64498376e-01
4.38322800e-06,6.43424880e-01
4.38332800e-06,6.24602125e-01
4.38342800e-06,6.08814582e-01
4.38352800e-06,5.98499213e-01
4.38362800e-06,5.95766142e-01
4.38372800e-06,5.98277148e-01
4.38382800e-06,6.01978530e-01
4.38392800e-06,6.05026600e-01
4.38402800e-06,6.07305818e-01
4.38412800e-06,6.08844675e-01
4.38422800e-06,6.09699806e-01
4.38432800e-06,6.09900340e-01
4.38442800e-06,6.09508191e-01
4.38452800e-06,6.08567320e-01
4.38462800e-06,6.07162785e-01
4.38472800e-06,6.05360127e-01
4.38482800e-06,6.03251952e-01
4.38492800e-06,6.00898394e-01
4.38502800e-06,5.98379999e-01
4.38512800e-06,5.95738792e-01
4.38522800e-06,5.93035723e-01
4.38532800e-06,5.90294143e-01
4.38542800e-06,5.87558098e-01
4.38552800e-06,5.84836426e-01
4.38562800e-06,5.82160916e-01
4.38572800e-06,5.79530373e-01
4.38582800e-06,5.76968407e-01
4.38592800e-06,5.74467301e-01
4.38602800e-06,5.72045461e-01
4.38612800e-06,5.69691098e-01
4.38622800e-06,5.67419428e-01
4.38632800e-06,5.65216204e-01
4.38642800e-06,5.63094766e-01
4.38652800e-06,5.61039452e-01
4.38662800e-06,5.59062563e-01
4.38672800e-06,5.57147680e-01
4.38682800e-06,5.55306590e-01
4.38692800e-06,5.53522530e-01
4.38702800e-06,5.51807098e-01
4.38712800e-06,5.50143433e-01
4.38722800e-06,5.48543145e-01
4.38732800e-06,5.46989421e-01
4.38742800e-06,5.45493995e-01
4.38752800e-06,5.44040184e-01
4.38762800e-06,5.42639906e-01
4.38772800e-06,5.41276650e-01
4.38782800e-06,5.39962544e-01
4.38792800e-06,5.38681264e-01
4.38802800e-06,5.37445156e-01
4.38812800e-06,5.36238082e-01
4.38822800e-06,5.35072602e-01
4.38832800e-06,5.33932751e-01
4.38842800e-06,5.32831293e-01
4.38852800e-06,5.31752426e-01
4.38862800e-06,5.30709098e-01
4.38872800e-06,5.29685652e-01
4.38882800e-06,5.28695209e-01
4.38892800e-06,5.27722238e-01
4.38902800e-06,5.26780017e-01
4.38912800e-06,5.25853126e-01
4.38922800e-06,5.24954981e-01
4.38932800e-06,5.24070261e-01
4.38942800e-06,5.23212505e-01
4.38952800e-06,5.22366478e-01
4.38962800e-06,5.21545828e-01
4.38972800e-06,5.20735393e-01
4.38982800e-06,5.19948921e-01
4.38992800e-06,5.19171311e-01
4.39002800e-06,5.18416399e-01
4.39012800e-06,5.17669138e-01
4.39022800e-06,5.16943444e-01
4.39032800e-06,5.16224311e-01
4.39042800e-06,5.15525729e-01
4.39052800e-06,5.14832729e-01
4.39062800e-06,5.14159366e-01
4.39072800e-06,5.13490702e-01
4.39082800e-06,5.12840848e-01
4.39092800e-06,5.12194894e-01
4.39102800e-06,5.11567004e-01
4.39112800e-06,5.10942289e-01
4.39122800e-06,5.10334961e-01
4.39132800e-06,5.09730149e-01
4.39142800e-06,5.09142108e-01
4.39152800e-06,5.08555983e-01
4.39162800e-06,5.07986067e-01
4.39172800e-06,5.07417518e-01
4.39182800e-06,5.06864667e-01
4.39192800e-06,5.06312679e-01
4.39202800e-06,5.05775919e-01
4.39212800e-06,5.05239561e-01
4.39222800e-06,5.04718001e-01
4.39232800e-06,5.04196417e-01
4.39242800e-06,5.03689236e-01
4.39252800e-06,5.03181639e-01
4.39262800e-06,5.02688079e-01
4.39272800e-06,5.02193741e-01
4.39282800e-06,5.01713105e-01
4.39292800e-06,5.01231354e-01
4.39302800e-06,5.00762993e-01
4.39312800e-06,5.00293207e-01
4.39322800e-06,4.99836521e-01
4.39332800e-06,4.99378122e-01
4.39342800e-06,4.98932554e-01
4.39352800e-06,4.98485004e-01
4.39362800e-06,4.98050036e-01
4.39372800e-06,4.97612835e-01
4.39382800e-06,4.97187983e-01
4.39392800e-06,4.96760664e-01
4.39402800e-06,4.96345477e-01
4.39412800e-06,4.95927603e-01
4.39422800e-06,4.95521660e-01
4.39432800e-06,4.95112824e-01
4.39442800e-06,4.94715729e-01
4.39452800e-06,4.94315548e-01
4.39462800e-06,4.93926931e-01
4.39472800e-06,4.93535047e-01
4.39482800e-06,4.93154560e-01
4.39492800e-06,4.92770636e-01
4.39502800e-06,4.92397952e-01
4.39512800e-06,4.92021671e-01
4.39522800e-06,4.91656484e-01
4.39532800e-06,4.91287547e-01
4.39542800e-06,4.90929565e-01
4.39552800e-06,4.90567692e-01
4.39562800e-06,4.90216643e-01
4.39572800e-06,4.89861567e-01
4.39582800e-06,4.89517192e-01
4.39592800e-06,4.89168663e-01
4.39602800e-06,4.88830718e-01
4.39612800e-06,4.88488499e-01
4.39622800e-06,4.88156753e-01
4.39632800e-06,4.87820618e-01
4.39642800e-06,4.87494853e-01
4.39652800e-06,4.87164590e-01
4.39662800e-06,4.86844598e-01
4.39672800e-06,4.86520004e-01
4.39682800e-06,4.86205588e-01
4.39692800e-06,4.85886472e-01
4.39702800e-06,4.85577445e-01
4.39712800e-06,4.85263625e-01
4.39722800e-06,4.84959809e-01
4.39732800e-06,4.84651111e-01
4.39742800e-06,4.84352337e-01
4.39752800e-06,4.84048596e-01
4.39762800e-06,4.83754703e-01
4.39772800e-06,4.83455763e-01
4.39782800e-06,4.83166596e-01
4.39792800e-06,4.82872306e-01
4.39802800e-06,4.82587721e-01
4.39812800e-06,4.82297938e-01
4.39822800e-06,4.82017794e-01
4.39832800e-06,4.81732383e-01
4.39842800e-06,4.81456546e-01
4.39852800e-06,4.81175375e-01
4.39862800e-06,4.80903718e-01
4.39872800e-06,4.80626663e-01
4.39882800e-06,4.80359065e-01
4.39892800e-06,4.80086007e-01
4.39902800e-06,4.79822350e-01
4.39912800e-06,4.79553174e-01
4.39922800e-06,4.79293347e-01
4.39932800e-06,4.79027944e-01
4.39942800e-06,4.78771839e-01
4.39952800e-06,4.78510105e-01
4.39962800e-06,4.78257620e-01
4.39972800e-06,4.77999454e-01
4.39982800e-06,4.77750491e-01
4.39992800e-06,4.77495796e-01
4.40002800e-06,4.77250259e-01
4.40012800e-06,4.76998944e-01
4.40022800e-06,4.76756743e-01
4.40032800e-06,4.76508718e-01
4.40042800e-06,4.76269766e-01
4.40052800e-06,4.76024945e-01
4.40062800e-06,4.75789159e-01
4.40072800e-06,4.75547461e-01
4.40082800e-06,4.75314759e-01
4.40092800e-06,4.75076104e-01
4.40102800e-06,4.74846409e-01
4.40112800e-06,4.74610721e-01
4.40122800e-06,4.74383958e-01
4.40132800e-06,4.74151164e-01
4.40142800e-06,4.73927261e-01
4.40152800e-06,4.73697291e-01
4.40162800e-06,4.73476179e-01
4.40172800e-06,4.73248965e-01
4.40182800e-06,4.73030577e-01
4.40192800e-06,4.72806052e-01
4.40202800e-06,4.72590323e-01
4.40212800e-06,4.72368425e-01
4.40222800e-06,4.72155294e-01
4.40232800e-06,4.71935961e-01
4.40242800e-06,4.71725367e-01
4.40252800e-06,4.71508541e-01
4.40262800e-06,4.71300425e-01
4.40272800e-06,4.71086049e-01
4.40282800e-06,4.70880357e-01
4.40292800e-06,4.70668375e-01
4.40302800e-06,4.70465052e-01
4.40312800e-06,4.70255412e-01
4.40322800e-06,4.70054405e-01
4.40332800e-06,4.69847055e-01
4.40342800e-06,4.69648314e-01
4.40352800e-06,4.69443204e-01
4.40362800e-06,4.69246680e-01
4.40372800e-06,4.69043762e-01
4.40382800e-06,4.68849407e-01
4.40392800e-06,4.68648635e-01
4.40402800e-06,4.68456404e-01
4.40412800e-06,4.68257731e-01
4.40422800e-06,4.68067580e-01
4.40432800e-06,4.67870964e-01
4.40442800e-06,4.67682848e-01
4.40452800e-06,4.67488247e-01
4.40462800e-06,4.67302125e-01
4.40472800e-06,4.67109497e-01
4.40482800e-06,4.66925329e-01
4.40492800e-06,4.66734634e-01
4.40502800e-06,4.66552381e-01
4.40512800e-06,4.66363580e-01
4.40522800e-06,4.66183203e-01
4.40532800e-06,4.65996260e-01
4.40542800e-06,4.65817723e-01
4.40552800e-06,4.65632600e-01
4.40562800e-06,4.65455866e-01
4.40572800e-06,4.65272529e-01
4.40582800e-06,4.65097564e-01
4.40592800e-06,4.64915978e-01
4.40602800e-06,4.64742748e-01
4.40612800e-06,4.64562880e-01
4.40622800e-06,4.64391352e-01
4.40632800e-06,4.64213169e-01
4.40642800e-06,4.64043312e-01
4.40652800e-06,4.63866783e-01
4.40662800e-06,4.63698564e-01
4.40672800e-06,4.63523659e-01
4.40682800e-06,4.63357049e-01
4.40692800e-06,4.63183738e-01
4.40702800e-06,4.63018707e-01
4.40712800e-06,4.62846961e-01
4.40722800e-06,4.62683481e-01
4.40732800e-06,4.62513271e-01
4.40742800e-06,4.62351315e-01
4.40752800e-06,4.62182614e-01
4.40762800e-06,4.62022154e-01
4.40772800e-06,4.61854936e-01
4.40782800e-06,4.61695946e-01
4.40792800e-06,4.61530184e-01
4.40802800e-06,4.61372638e-01
4.40812800e-06,4.61208308e-01
4.40822800e-06,4.61052181e-01
4.40832800e-06,4.60889258e-01
4.40842800e-06,4.60734525e-01
4.40852800e-06,4.60572985e-01
4.40862800e-06,4.60419624e-01
4.40872800e-06,4.60259443e-01
4.40882800e-06,4.60107429e-01
4.40892800e-06,4.59948585e-01
4.40902800e-06,4.59797897e-01
4.40912800e-06,4.59640368e-01
4.40922800e-06,4.59490983e-01
4.40932800e-06,4.59334746e-01
4.40942800e-06,4.59186644e-01
4.40952800e-06,4.59031679e-01
4.40962800e-06,4.58884838e-01
4.40972800e-06,4.58731124e-01
4.40982800e-06,4.58585523e-01
4.40992800e-06,4.58433040e-01
4.41002800e-06,4.58288661e-01
4.41012800e-06,4.58137389e-01
4.41022800e-06,4.57994211e-01
4.41032800e-06,4.57844131e-01
4.41042800e-06,4.57702136e-01
4.41052800e-06,4.57553230e-01
4.41062800e-06,4.57412398e-01
4.41072800e-06,4.57264648e-01
4.41082800e-06,4.57124962e-01
4.41092800e-06,4.56978349e-01
4.41102800e-06,4.56839792e-01
4.41112800e-06,4.56694298e-01
4.41122800e-06,4.56556852e-01
4.41132800e-06,4.56412462e-01
4.41142800e-06,4.56276110e-01
4.41152800e-06,4.56132806e-01
4.41162800e-06,4.55997531e-01
4.41172800e-06,4.55855297e-01
4.41182800e-06,4.55721085e-01
4.41192800e-06,4.55579905e-01
4.41202800e-06,4.55446738e-01
4.41212800e-06,4.55306597e-01
4.41222800e-06,4.55174461e-01
4.41232800e-06,4.55035343e-01
4.41242800e-06,4.54904222e-01
4.41252800e-06,4.54766113e-01
4.41262800e-06,4.54635993e-01
4.41272800e-06,4.54498878e-01
4.41282800e-06,4.54369744e-01
4.41292800e-06,4.54233609e-01
4.41302800e-06,4.54105447e-01
4.41312800e-06,4.53970278e-01
4.41322800e-06,4.53843075e-01
4.41332800e-06,4.53708858e-01
4.41342800e-06,4.53582600e-01
4.41352800e-06,4.53449322e-01
4.41362800e-06,4.53323995e-01
4.41372800e-06,4.53191643e-01
4.41382800e-06,4.53067236e-01
4.41392800e-06,4.52935797e-01
4.41402800e-06,4.52812295e-01
4.41412800e-06,4.52681757e-01
4.41422800e-06,4.52559149e-01
4.41432800e-06,4.52429499e-01
4.41442800e-06,4.52307773e-01
4.41452800e-06,4.52178999e-01
4.41462800e-06,4.52058143e-01
4.41472800e-06,4.51930234e-01
4.41482800e-06,4.51810235e-01
4.41492800e-06,4.51683179e-01
4.41502800e-06,4.51564027e-01
4.41512800e-06,4.51437813e-01
4.41522800e-06,4.51319497e-01
4.41532800e-06,4.51194113e-01
4.41542800e-06,4.51076621e-01
4.41552800e-06,4.50952058e-01
4.41562800e-06,4.50835379e-01
4.41572800e-06,4.50711625e-01
4.41582800e-06,4.50595749e-01
4.41592800e-06,4.50472794e-01
4.41602800e-06,4.50357711e-01
4.41612800e-06,4.50235545e-01
4.41622800e-06,4.50121244e-01
4.41632800e-06,4.49999856e-01
4.41642800e-06,4.49886329e-01
4.41652800e-06,4.49765709e-01
4.41662800e-06,4.49652945e-01
4.41672800e-06,4.49533084e-01
4.41682800e-06,4.49421073e-01
4.41692800e-06,4.49301962e-01
4.41702800e-06,4.49190695e-01
4.41712800e-06,4.49072324e-01
4.41722800e-06,4.48961791e-01
4.41732800e-06,4.48844152e-01
4.41742800e-06,4.48734345e-01
4.41752800e-06,4.48617428e-01
4.41762800e-06,4.48508338e-01
4.41772800e-06,4.48392135e-01
4.41782800e-06,4.48283752e-01
4.41792800e-06,4.48168254e-01
4.41802800e-06,4.48060571e-01
4.41812800e-06,4.47945769e-01
4.41822800e-06,4.47838777e-01
4.41832800e-06,4.47724663e-01
4.41842800e-06,4.47618354e-01
4.41852800e-06,4.47504920e-01
4.41862800e-06,4.47399286e-01
4.41872800e-06,4.47286524e-01
4.41882800e-06,4.47181557e-01
4.41892800e-06,4.47069459e-01
4.41902800e-06,4.46965150e-01
4.41912800e-06,4.46853709e-01
4.41922800e-06,4.46750051e-01
4.41932800e-06,4.46639259e-01
4.41942800e-06,4.46536245e-01
4.41952800e-06,4.46426093e-01
4.41962800e-06,4.46323716e-01
4.41972800e-06,4.46214199e-01
4.41982800e-06,4.46112450e-01
4.41992800e-06,4.46003559e-01
4.42002800e-06,4.45902433e-01
4.42012800e-06,4.45794162e-01
4.42022800e-06,4.45693650e-01
4.42032800e-06,4.45585992e-01
4.42042800e-06,4.45486088e-01
4.42052800e-06,4.45379035e-01
4.42062800e-06,4.45279733e-01
4.42072800e-06,4.45173279e-01
4.42082800e-06,4.45074571e-01
4.42092800e-06,4.44968710e-01
4.42102800e-06,4.44870590e-01
4.42112800e-06,4.44765314e-01
4.42122800e-06,4.44667776e-01
4.42132800e-06,4.44563080e-01
4.42142800e-06,4.44466116e-01
4.42152800e-06,4.44361994e-01
4.42162800e-06,4.44265599e-01
4.42172800e-06,4.44162043e-01
4.42182800e-06,4.44066211e-01
4.42192800e-06,4.43963217e-01
4.42202800e-06,4.43867941e-01
4.42212800e-06,4.43765502e-01
4.42222800e-06,4.43670776e-01
4.42232800e-06,4.43568886e-01
4.42242800e-06,4.43474706e-01
4.42252800e-06,4.43373359e-01
4.42262800e-06,4.43279717e-01
4.42272800e-06,4.43178908e-01
4.42282800e-06,4.43085800e-01
4.42292800e-06,4.42985523e-01
4.42302800e-06,4.42892942e-01
4.42312800e-06,4.42793191e-01
4.42322800e-06,4.42701133e-01
4.42332800e-06,4.42601903e-01
4.42342800e-06,4.42510362e-01
4.42352800e-06,4.42411648e-01
4.42362800e-06,4.42320618e-01
4.42372800e-06,4.42222414e-01
4.42382800e-06,4.42131890e-01
4.42392800e-06,4.42034192e-01
4.42402800e-06,4.41944169e-01
4.42412800e-06,4.41846971e-01
4.42422800e-06,4.41757445e-01
4.42432800e-06,4.41660741e-01
4.42442800e-06,4.41571706e-01
4.42452800e-06,4.41475493e-01
4.42462800e-06,4.41386943e-01
4.42472800e-06,4.41291215e-01
4.42482800e-06,4.41203147e-01
4.42492800e-06,4.41107899e-01
4.42502800e-06,4.41020307e-01
4.42512800e-06,4.40925536e-01
4.42522800e-06,4.40838415e-01
4.42532800e-06,4.40744115e-01
4.42542800e-06,4.40657461e-01
4.42552800e-06,4.40563627e-01
4.42562800e-06,4.40477437e-01
4.42572800e-06,4.40384064e-01
4.42582800e-06,4.40298331e-01
4.42592800e-06,4.40205417e-01
4.42602800e-06,4.40120137e-01
4.42612800e-06,4.40027676e-01
4.42622800e-06,4.39942845e-01
4.42632800e-06,4.39850833e-01
4.42642800e-06,4.39766447e-01
4.42652800e-06,4.39674879e-01
4.42662800e-06,4.39590934e-01
4.42672800e-06,4.39499806e-01
4.42682800e-06,4.39416298e-01
4.42692800e-06,4.39325605e-01
4.42702800e-06,4.39242529e-01
4.42712800e-06,4.39152269e-01
4.42722800e-06,4.39069621e-01
4.42732800e-06,4.38979789e-01
4.42742800e-06,4.38897566e-01
4.42752800e-06,4.38808158e-01
4.42762800e-06,4.38726354e-01
4.42772800e-06,4.38637366e-01
4.42782800e-06,4.38555979e-01
4.42792800e-06,4.38467407e-01
4.42802800e-06,4.38386433e-01
4.42812800e-06,4.38298274e-01
4.42822800e-06,4.38217708e-01
4.42832800e-06,4.38129957e-01
4.42842800e-06,4.38049796e-01
4.42852800e-06,4.37962451e-01
4.42862800e-06,4.37882691e-01
4.42872800e-06,4.37795747e-01
4.42882800e-06,4.37716385e-01
4.42892800e-06,4.37629838e-01
4.42902800e-06,4.37550870e-01
4.42912800e-06,4.37464717e-01
4.42922800e-06,4.37386140e-01
4.42932800e-06,4.37300378e-01
4.42942800e-06,4.37222188e-01
4.42952800e-06,4.37136813e-01
4.42962800e-06,4.37059006e-01
4.42972800e-06,4.36974015e-01
4.42982800e-06,4.36896589e-01
4.42992800e-06,4.36811978e-01
4.43002800e-06,4.36734928e-01
4.43012800e-06,4.36650695e-01
4.43022800e-06,4.36574019e-01
4.43032800e-06,4.36490159e-01
4.43042800e-06,4.36413853e-01
4.43052800e-06,4.36330364e-01
4.43062800e-06,4.36254425e-01
4.43072800e-06,4.36171303e-01
4.43082800e-06,4.36095728e-01
4.43092800e-06,4.36012970e-01
4.43102800e-06,4.35937756e-01
4.43112800e-06,4.35855359e-01
4.43122800e-06,4.35780502e-01
4.43132800e-06,4.35698464e-01
4.43142800e-06,4.35623962e-01
4.43152800e-06,4.35542278e-01
4.43162800e-06,4.35468127e-01
4.43172800e-06,4.35386796e-01
4.43182800e-06,4.35312994e-01
4.43192800e-06,4.35232011e-01
4.43202800e-06,4.35158555e-01
4.43212800e-06,4.35077918e-01
4.43222800e-06,4.35004804e-01
4.43232800e-06,4.34924511e-01
4.43242800e-06,4.34851737e-01
4.43252800e-06,4.34771784e-01
4.43262800e-06,4.34699347e-01
4.43272800e-06,4.34619732e-01
4.43282800e-06,4.34547629e-01
4.43292800e-06,4.34468349e-01
4.43302800e-06,4.34396578e-01
4.43312800e-06,4.34317629e-01
4.43322800e-06,4.34246187e-01
4.43332800e-06,4.34167568e-01
4.43342800e-06,4.34096451e-01
4.43352800e-06,4.34018159e-01
4.43362800e-06,4.33947366e-01
4.43372800e-06,4.33869398e-01
4.43382800e-06,4.33798925e-01
4.43392800e-06,4.33721278e-01
4.43402800e-06,4.33651124e-01
4.43412800e-06,4.33573796e-01
4.43422800e-06,4.33503957e-01
4.43432800e-06,4.33426946e-01
4.43442800e-06,4.33357420e-01
4.43452800e-06,4.33280722e-01
4.43462800e-06,4.33211507e-01
4.43472800e-06,4.33135121e-01
4.43482800e-06,4.33066214e-01
4.43492800e-06,4.32990136e-01
4.43502800e-06,4.32921535e-01
4.43512800e-06,4.32845764e-01
4.43522800e-06,4.32777465e-01
4.43532800e-06,4.32701998e-01
4.43542800e-06,4.32634001e-01
4.43552800e-06,4.32558836e-01
4.43562800e-06,4.32491136e-01
4.43572800e-06,4.32416271e-01
4.43582800e-06,4.32348867e-01
4.43592800e-06,4.32274299e-01
4.43602800e-06,4.32207189e-01
4.43612800e-06,4.32132915e-01
4.43622800e-06,4.32066098e-01
4.43632800e-06,4.31992116e-01
4.43642800e-06,4.31925588e-01
4.43652800e-06,4.31851897e-01
4.43662800e-06,4.31785655e-01
4.43672800e-06,4.31712252e-01
4.43682800e-06,4.31646296e-01
4.43692800e-06,4.31573178e-01
4.43702800e-06,4.31507504e-01
4.43712800e-06,4.31434671e-01
4.43722800e-06,4.31369278e-01
4.43732800e-06,4.31296726e-01
4.43742800e-06,4.31231611e-01
4.43752800e-06,4.31159339e-01
4.43762800e-06,4.31094500e-01
4.43772800e-06,4.31022505e-01
4.43782800e-06,4.30957941e-01
4.43792800e-06,4.30886221e-01
4.43802800e-06,4.30821929e-01
4.43812800e-06,4.30750483e-01
4.43822800e-06,4.30686461e-01
4.43832800e-06,4.30615286e-01
4.43842800e-06,4.30551532e-01
4.43852800e-06,4.30480626e-01
4.43862800e-06,4.30417138e-01
4.43872800e-06,4.30346500e-01
4.43882800e-06,4.30283277e-01
4.43892800e-06,4.30212904e-01
4.43902800e-06,4.30149942e-01
4.43912800e-06,4.30079833e-01
4.43922800e-06,4.30017132e-01
4.43932800e-06,4.29947284e-01
4.43942800e-06,4.29884842e-01
4.43952800e-06,4.29815254e-01
4.43962800e-06,4.29753068e-01
4.43972800e-06,4.29683738e-01
4.43982800e-06,4.29621806e-01
4.43992800e-06,4.29552732e-01
4.44002800e-06,4.29491053e-01
4.44012800e-06,4.29422233e-01
4.44022800e-06,4.29360806e-01
4.44032800e-06,4.29292238e-01
4.44042800e-06,4.29231060e-01
4.44052800e-06,4.29162743e-01
4.44062800e-06,4.29101812e-01
4.44072800e-06,4.29033744e-01
4.44082800e-06,4.28973059e-01
4.44092800e-06,4.28905238e-01
4.44102800e-06,4.28844796e-01
4.44112800e-06,4.28777221e-01
4.44122800e-06,4.28717022e-01
4.44132800e-06,4.28649689e-01
4.44142800e-06,4.28589731e-01
4.44152800e-06,4.28522641e-01
4.44162800e-06,4.28462921e-01
4.44172800e-06,4.28396071e-01
4.44182800e-06,4.28336589e-01
4.44192800e-06,4.28269977e-01
4.44202800e-06,4.28210730e-01
4.44212800e-06,4.28144356e-01
4.44222800e-06,4.28085343e-01
4.44232800e-06,4.28019204e-01
4.44242800e-06,4.27960423e-01
4.44252800e-06,4.27894518e-01
4.44262800e-06,4.27835967e-01
4.44272800e-06,4.27770294e-01
4.44282800e-06,4.27711973e-01
4.44292800e-06,4.27646531e-01
4.44302800e-06,4.27588437e-01
4.44312800e-06,4.27523224e-01
4.44322800e-06,4.27465356e-01
4.44332800e-06,4.27400370e-01
4.44342800e-06,4.27342727e-01
4.44352800e-06,4.27277967e-01
4.44362800e-06,4.27220546e-01
4.44372800e-06,4.27156011e-01
4.44382800e-06,4.27098812e-01
4.44392800e-06,4.27034499e-01
4.44402800e-06,4.26977520e-01
4.44412800e-06,4.26913429e-01
4.44422800e-06,4.26856668e-01
4.44432800e-06,4.26792797e-01
4.44442800e-06,4.26736253e-01
4.44452800e-06,4.26672601e-01
4.44462800e-06,4.26616272e-01
4.44472800e-06,4.26552837e-01
4.44482800e-06,4.26496723e-01
4.44492800e-06,4.26433503e-01
4.44502800e-06,4.26377602e-01
4.44512800e-06,4.26314596e-01
4.44522800e-06,4.26258906e-01
4.44532800e-06,4.26196114e-01
4.44542800e-06,4.26140633e-01
4.44552800e-06,4.26078052e-01
4.44562800e-06,4.26022780e-01
4.44572800e-06,4.25960409e-01
4.44582800e-06,4.25905345e-01
4.44592800e-06,4.25843183e-01
4.44602800e-06,4.25788324e-01
4.44612800e-06,4.25726369e-01
4.44622800e-06,4.25671714e-01
4.44632800e-06,4.25609966e-01
4.44642800e-06,4.25555515e-01
4.44652800e-06,4.25493971e-01
4.44662800e-06,4.25439721e-01
4.44672800e-06,4.25378381e-01
4.44682800e-06,4.25324332e-01
4.44692800e-06,4.25263195e-01
4.44702800e-06,4.25209344e-01
4.44712800e-06,4.25148408e-01
4.44722800e-06,4.25094756e-01
4.44732800e-06,4.25034019e-01
4.44742800e-06,4.24980563e-01
4.44752800e-06,4.24920025e-01
4.44762800e-06,4.24866765e-01
4.44772800e-06,4.24806423e-01
4.44782800e-06,4.24753357e-01
4.44792800e-06,4.24693212e-01
4.44802800e-06,4.24640339e-01
4.44812800e-06,4.24580389e-01
4.44822800e-06,4.24527707e-01
4.44832800e-06,4.24467950e-01
4.44842800e-06,4.24415460e-01
4.44852800e-06,4.24355895e-01
4.44862800e-06,4.24303594e-01
4.44872800e-06,4.24244220e-01
4.44882800e-06,4.24192107e-01
4.44892800e-06,4.24132924e-01
4.44902800e-06,4.24080998e-01
4.44912800e-06,4.24022003e-01
4.44922800e-06,4.23970263e-01
4.44932800e-06,4.23911456e-01
4.44942800e-06,4.23859900e-01
4.44952800e-06,4.23801280e-01
4.44962800e-06,4.23749908e-01
4.44972800e-06,4.23691473e-01
4.44982800e-06,4.23640283e-01
4.44992800e-06,4.23582033e-01
4.45002800e-06,4.23531025e-01
4.45012800e-06,4.23472957e-01
4.45022800e-06,4.23422129e-01
4.45032800e-06,4.23364244e-01
4.45042800e-06,4.23313595e-01
4.45052800e-06,4.23255890e-01
4.45062800e-06,4.23205419e-01
4.45072800e-06,4.23147895e-01
4.45082800e-06,4.23097601e-01
4.45092800e-06,4.23040255e-01
4.45102800e-06,4.22990137e-01
4.45112800e-06,4.22932969e-01
4.45122800e-06,4.22883026e-01
4.45132800e-06,4.22826035e-01
4.45142800e-06,4.22776265e-01
4.45152800e-06,4.22719450e-01
4.45162800e-06,4.22669853e-01
4.45172800e-06,4.22613212e-01
4.45182800e-06,4.22563787e-01
4.45192800e-06,4.22507320e-01
4.45202800e-06,4.22458065e-01
4.45212800e-06,4.22401771e-01
4.45222800e-06,4.22352686e-01
4.45232800e-06,4.22296563e-01
4.45242800e-06,4.22247647e-01
4.45252800e-06,4.22191695e-01
4.45262800e-06,4.22142946e-01
4.45272800e-06,4.22087164e-01
4.45282800e-06,4.22038582e-01
4.45292800e-06,4.21982968e-01
4.45302800e-06,4.21934552e-01
4.45312800e-06,4.21879106e-01
4.45322800e-06,4.21830854e-01
4.45332800e-06,4.21775575e-01
4.45342800e-06,4.21727487e-01
4.45352800e-06,4.21672373e-01
4.45362800e-06,4.21624448e-01
4.45372800e-06,4.21569499e-01
4.45382800e-06,4.21521736e-01
4.45392800e-06,4.21466951e-01
4.45402800e-06,4.21419349e-01
4.45412800e-06,4.21364727e-01
4.45422800e-06,4.21317285e-01
4.45432800e-06,4.21262825e-01
4.45442800e-06,4.21215542e-01
4.45452800e-06,4.21161243e-01
4.45462800e-06,4.21114118e-01
4.45472800e-06,4.21059979e-01
4.45482800e-06,4.21013012e-01
4.45492800e-06,4.20959032e-01
4.45502800e-06,4.20912221e-01
4.45512800e-06,4.20858400e-01
4.45522800e-06,4.20811744e-01
4.45532800e-06,4.20758081e-01
4.45542800e-06,4.20711580e-01
4.45552800e-06,4.20658073e-01
4.45562800e-06,4.20611725e-01
4.45572800e-06,4.20558375e-01
4.45582800e-06,4.20512180e-01
4.45592800e-06,4.20458984e-01
4.45602800e-06,4.20412941e-01
4.45612800e-06,4.20359899e-01
4.45622800e-06,4.20314008e-01
4.45632800e-06,4.20261119e-01
4.45642800e-06,4.20215378e-01
4.45652800e-06,4.20162642e-01
4.45662800e-06,4.20117050e-01
4.45672800e-06,4.20064465e-01
4.45682800e-06,4.20019022e-01
4.45692800e-06,4.19966588e-01
4.45702800e-06,4.19921292e-01
4.45712800e-06,4.19869008e-01
4.45722800e-06,4.19823860e-01
4.45732800e-06,4.19771725e-01
4.45742800e-06,4.19726723e-01
4.45752800e-06,4.19674736e-01
4.45762800e-06,4.19629879e-01
4.45772800e-06,4.19578040e-01
4.45782800e-06,4.19533327e-01
4.45792800e-06,4.19481635e-01
4.45802800e-06,4.19437066e-01
4.45812800e-06,4.19385520e-01
4.45822800e-06,4.19341094e-01
4.45832800e-06,4.19289693e-01
4.45842800e-06,4.19245409e-01
4.45852800e-06,4.19194152e-01
4.45862800e-06,4.19150010e-01
4.45872800e-06,4.19098897e-01
4.45882800e-06,4.19054895e-01
4.45892800e-06,4.19003925e-01
4.45902800e-06,4.18960063e-01
4.45912800e-06,4.18909235e-01
4.45922800e-06,4.18865512e-01
4.45932800e-06,4.18814825e-01
4.45942800e-06,4.18771241e-01
4.45952800e-06,4.18720694e-01
4.45962800e-06,4.18677248e-01
4.45972800e-06,4.18626841e-01
4.45982800e-06,4.18583531e-01
4.45992800e-06,4.18533264e-01
4.46002800e-06,4.18490090e-01
4.46012800e-06,4.18439961e-01
4.46022800e-06,4.18396923e-01
4.46032800e-06,4.18346932e-01
4.46042800e-06,4.18304028e-01
4.46052800e-06,4.18254174e-01
4.46062800e-06,4.18211405e-01
4.46072800e-06,4.18161686e-01
4.46082800e-06,4.18119050e-01
4.46092800e-06,4.18069467e-01
4.46102800e-06,4.18026964e-01
4.46112800e-06,4.17977516e-01
4.46122800e-06,4.17935145e-01
4.46132800e-06,4.17885831e-01
4.46142800e-06,4.17843591e-01
4.46152800e-06,4.17794410e-01
4.46162800e-06,4.17752300e-01
4.46172800e-06,4.17703253e-01
4.46182800e-06,4.17661273e-01
4.46192800e-06,4.17612357e-01
4.46202800e-06,4.17570506e-01
4.46212800e-06,4.17521722e-01
4.46222800e-06,4.17480000e-01
4.46232800e-06,4.17431347e-01
4.46242800e-06,4.17389752e-01
4.46252800e-06,4.17341229e-01
4.46262800e-06,4.17299762e-01
4.46272800e-06,4.17251368e-01
4.46282800e-06,4.17210027e-01
4.46292800e-06,4.17161762e-01
4.46302800e-06,4.17120547e-01
4.46312800e-06,4.17072410e-01
4.46322800e-06,4.17031320e-01
4.46332800e-06,4.16983311e-01
4.46342800e-06,4.16942346e-01
4.46352800e-06,4.16894463e-01
4.46362800e-06,4.16853622e-01
4.46372800e-06,4.16805865e-01
4.46382800e-06,4.16765147e-01
4.46392800e-06,4.16717517e-01
4.46402800e-06,4.16676921e-01
4.46412800e-06,4.16629415e-01
4.46422800e-06,4.16588942e-01
4.46432800e-06,4.16541561e-01
4.46442800e-06,4.16501209e-01
4.46452800e-06,4.16453951e-01
4.46462800e-06,4.16413720e-01
4.46472800e-06,4.16366585e-01
4.46482800e-06,4.16326474e-01
4.46492800e-06,4.16279462e-01
4.46502800e-06,4.16239471e-01
4.46512800e-06,4.16192581e-01
4.46522800e-06,4.16152708e-01
4.46532800e-06,4.16105940e-01
4.46542800e-06,4.16066186e-01
4.46552800e-06,4.16019537e-01
4.46562800e-06,4.15979901e-01
4.46572800e-06,4.15933373e-01
4.46582800e-06,4.15893855e-01
4.46592800e-06,4.15847446e-01
4.46602800e-06,4.15808044e-01
4.46612800e-06,4.15761754e-01
4.46622800e-06,4.15722468e-01
4.46632800e-06,4.15676297e-01
4.46642800e-06,4.15637126e-01
4.46652800e-06,4.15591073e-01
4.46662800e-06,4.15552017e-01
4.46672800e-06,4.15506081e-01
4.46682800e-06,4.15467140e-01
4.46692800e-06,4.15421320e-01
4.46702800e-06,4.15382493e-01
4.46712800e-06,4.15336790e-01
4.46722800e-06,4.15298075e-01
4.46732800e-06,4.15252488e-01
4.46742800e-06,4.15213886e-01
4.46752800e-06,4.15168413e-01
4.46762800e-06,4.15129924e-01
4.46772800e-06,4.15084566e-01
4.46782800e-06,4.15046188e-01
4.46792800e-06,4.15000943e-01
4.46802800e-06,4.14962676e-01
4.46812800e-06,4.14917546e-01
4.46822800e-06,4.14879389e-01
4.46832800e-06,4.14834371e-01
4.46842800e-06,4.14796325e-01
4.46852800e-06,4.14751419e-01
4.46862800e-06,4.14713482e-01
4.46872800e-06,4.14668688e-01
4.46882800e-06,4.14630860e-01
4.46892800e-06,4.14586178e-01
4.46902800e-06,4.14548458e-01
4.46912800e-06,4.14503886e-01
4.46922800e-06,4.14466274e-01
4.46932800e-06,4.14421813e-01
4.46942800e-06,4.14384308e-01
4.46952800e-06,4.14339956e-01
4.46962800e-06,4.14302559e-01
4.46972800e-06,4.14258316e-01
4.46982800e-06,4.14221025e-01
4.46992800e-06,4.14176891e-01
4.47002800e-06,4.14139705e-01
4.47012800e-06,4.14095679e-01
4.47022800e-06,4.14058599e-01
4.47032800e-06,4.14014681e-01
4.47042800e-06,4.13977706e-01
4.47052800e-06,4.13933895e-01
4.47062800e-06,4.13897024e-01
4.47072800e-06,4.13853320e-01
4.47082800e-06,4.13816553e-01
4.47092800e-06,4.13772955e-01
4.47102800e-06,4.13736291e-01
4.47112800e-06,4.13692799e-01
4.47122800e-06,4.13656238e-01
4.47132800e-06,4.13612851e-01
4.47142800e-06,4.13576392e-01
4.47152800e-06,4.13533110e-01
4.47162800e-06,4.13496753e-01
4.47172800e-06,4.13453576e-01
4.47182800e-06,4.13417320e-01
4.47192800e-06,4.13374247e-01
4.47202800e-06,4.13338092e-01
4.47212800e-06,4.13295122e-01
4.47222800e-06,4.13259068e-01
4.47232800e-06,4.13216200e-01
4.47242800e-06,4.13180246e-01
4.47252800e-06,4.13137481e-01
4.47262800e-06,4.13101626e-01
4.47272800e-06,4.13058963e-01
4.47282800e-06,4.13023208e-01
4.47292800e-06,4.12980646e-01
4.47302800e-06,4.12944990e-01
4.47312800e-06,4.12902529e-01
4.47322800e-06,4.12866970e-01
4.47332800e-06,4.12824611e-01
4.47342800e-06,4.12789150e-01
4.47352800e-06,4.12746890e-01
4.47362800e-06,4.12711526e-01
4.47372800e-06,4.12669366e-01
4.47382800e-06,4.12634100e-01
4.47392800e-06,4.12592039e-01
4.47402800e-06,4.12556869e-01
4.47412800e-06,4.12514907e-01
4.47422800e-06,4.12479832e-01
4.47432800e-06,4.12437969e-01
4.47442800e-06,4.12402990e-01
4.47452800e-06,4.12361224e-01
4.47462800e-06,4.12326341e-01
4.47472800e-06,4.12284673e-01
4.47482800e-06,4.12249884e-01
4.47492800e-06,4.12208313e-01
4.47502800e-06,4.12173618e-01
4.47512800e-06,4.12132144e-01
4.47522800e-06,4.12097543e-01
4.47532800e-06,4.12056165e-01
4.47542800e-06,4.12021657e-01
4.47552800e-06,4.11980375e-01
4.47562800e-06,4.11945960e-01
4.47572800e-06,4.11904773e-01
4.47582800e-06,4.11870451e-01
4.47592800e-06,4.11829360e-01
4.47602800e-06,4.11795130e-01
4.47612800e-06,4.11754133e-01
4.47622800e-06,4.11719994e-01
4.47632800e-06,4.11679091e-01
4.47642800e-06,4.11645044e-01
4.47652800e-06,4.11604235e-01
4.47662800e-06,4.11570279e-01
4.47672800e-06,4.11529564e-01
4.47682800e-06,4.11495698e-01
4.47692800e-06,4.11455075e-01
4.47702800e-06,4.11421300e-01
4.47712800e-06,4.11380770e-01
4.47722800e-06,4.11347084e-01
4.47732800e-06,4.11306646e-01
4.47742800e-06,4.11273050e-01
4.47752800e-06,4.11232704e-01
4.47762800e-06,4.11199196e-01
4.47772800e-06,4.11158942e-01
4.47782800e-06,4.11125523e-01
4.47792800e-06,4.11085359e-01
4.47802800e-06,4.11052028e-01
4.47812800e-06,4.11011955e-01
4.47822800e-06,4.10978712e-01
4.47832800e-06,4.10938729e-01
4.47842800e-06,4.10905573e-01
4.47852800e-06,4.10865681e-01
4.47862800e-06,4.10832612e-01
4.47872800e-06,4.10792808e-01
4.47882800e-06,4.10759826e-01
4.47892800e-06,4.10720112e-01
4.47902800e-06,4.10687216e-01
4.47912800e-06,4.10647591e-01
4.47922800e-06,4.10614780e-01
4.47932800e-06,4.10575243e-01
4.47942800e-06,4.10542519e-01
4.47952800e-06,4.10503070e-01
4.47962800e-06,4.10470430e-01
4.47972800e-06,4.10431069e-01
4.47982800e-06,4.10398514e-01
4.47992800e-06,4.10359240e-01
4.48002800e-06,4.10326769e-01
4.48012800e-06,4.10287582e-01
4.48022800e-06,4.10255196e-01
4.48032800e-06,4.10216095e-01
4.48042800e-06,4.10183793e-01
4.48052800e-06,4.10144778e-01
4.48062800e-06,4.10112559e-01
4.48072800e-06,4.10073630e-01
4.48082800e-06,4.10041494e-01
4.48092800e-06,4.10002650e-01
4.48102800e-06,4.09970597e-01
4.48112800e-06,4.09931838e-01
4.48122800e-06,4.09899867e-01
4.48132800e-06,4.09861193e-01
4.48142800e-06,4.09829304e-01
4.48152800e-06,4.09790715e-01
4.48162800e-06,4.09758907e-01
4.48172800e-06,4.09720402e-01
4.48182800e-06,4.09688675e-01
4.48192800e-06,4.09650254e-01
4.48202800e-06,4.09618608e-01
4.48212800e-06,4.09580271e-01
4.48222800e-06,4.09548705e-01
4.48232800e-06,4.09510451e-01
4.48242800e-06,4.09478965e-01
4.48252800e-06,4.09440793e-01
4.48262800e-06,4.09409388e-01
4.48272800e-06,4.09371298e-01
4.48282800e-06,4.09339973e-01
4.48292800e-06,4.09301965e-01
4.48302800e-06,4.09270719e-01
4.48312800e-06,4.09232793e-01
4.48322800e-06,4.09201625e-01
4.48332800e-06,4.09163781e-01
4.48342800e-06,4.09132691e-01
4.48352800e-06,4.09094928e-01
4.48362800e-06,4.09063917e-01
4.48372800e-06,4.09026235e-01
4.48382800e-06,4.08995301e-01
4.48392800e-06,4.08957699e-01
4.48402800e-06,4.08926844e-01
4.48412800e-06,4.08889322e-01
4.48422800e-06,4.08858543e-01
4.48432800e-06,4.08821101e-01
4.48442800e-06,4.08790400e-01
4.48452800e-06,4.08753037e-01
4.48462800e-06,4.08722412e-01
4.48472800e-06,4.08685128e-01
4.48482800e-06,4.08654580e-01
4.48492800e-06,4.08617375e-01
4.48502800e-06,4.08586903e-01
4.48512800e-06,4.08549776e-01
4.48522800e-06,4.08519379e-01
4.48532800e-06,4.08482331e-01
4.48542800e-06,4.08452010e-01
4.48552800e-06,4.08415040e-01
4.48562800e-06,4.08384793e-01
4.48572800e-06,4.08347901e-01
4.48582800e-06,4.08317729e-01
4.48592800e-06,4.08280914e-01
4.48602800e-06,4.08250816e-01
4.48612800e-06,4.08214078e-01
4.48622800e-06,4.08184055e-01
4.48632800e-06,4.08147393e-01
4.48642800e-06,4.08117444e-01
4.48652800e-06,4.08080859e-01
4.48662800e-06,4.08050983e-01
4.48672800e-06,4.08014474e-01
4.48682800e-06,4.07984671e-01
4.48692800e-06,4.07948238e-01
4.48702800e-06,4.07918508e-01
4.48712800e-06,4.07882151e-01
4.48722800e-06,4.07852494e-01
4.48732800e-06,4.07816211e-01
4.48742800e-06,4.07786626e-01
4.48752800e-06,4.07750419e-01
4.48762800e-06,4.07720906e-01
4.48772800e-06,4.07684773e-01
4.48782800e-06,4.07655332e-01
4.48792800e-06,4.07619274e-01
4.48802800e-06,4.07589904e-01
4.48812800e-06,4.07553920e-01
4.48822800e-06,4.07524622e-01
4.48832800e-06,4.07488711e-01
4.48842800e-06,4.07459484e-01
4.48852800e-06,4.07423646e-01
4.48862800e-06,4.07394490e-01
4.48872800e-06,4.07358726e-01
4.48882800e-06,4.07329640e-01
4.48892800e-06,4.07293948e-01
4.48902800e-06,4.07264932e-01
4.48912800e-06,4.07229314e-01
4.48922800e-06,4.07200368e-01
4.48932800e-06,4.07164821e-01
4.48942800e-06,4.07135945e-01
4.48952800e-06,4.07100470e-01
4.48962800e-06,4.07071663e-01
4.48972800e-06,4.07036261e-01
4.48982800e-06,4.07007522e-01
4.48992800e-06,4.06972192e-01
4.49002800e-06,4.06943522e-01
4.49012800e-06,4.06908262e-01
4.49022800e-06,4.06879661e-01
4.49032800e-06,4.06844473e-01
4.49042800e-06,4.06815940e-01
4.49052800e-06,4.06780822e-01
4.49062800e-06,4.06752357e-01
4.49072800e-06,4.06717310e-01
4.49082800e-06,4.06688912e-01
4.49092800e-06,4.06653935e-01
4.49102800e-06,4.06625605e-01
4.49112800e-06,4.06590698e-01
4.49122800e-06,4.06562435e-01
4.49132800e-06,4.06527597e-01
4.49142800e-06,4.06499401e-01
4.49152800e-06,4.06464633e-01
4.49162800e-06,4.06436504e-01
4.49172800e-06,4.06401805e-01
4.49182800e-06,4.06373742e-01
4.49192800e-06,4.06339112e-01
4.49202800e-06,4.06311115e-01
4.49212800e-06,4.06276554e-01
4.49222800e-06,4.06248623e-01
4.49232800e-06,4.06214130e-01
4.49242800e-06,4.06186264e-01
4.49252800e-06,4.06151840e-01
4.49262800e-06,4.06124039e-01
4.49272800e-06,4.06089683e-01
4.49282800e-06,4.06061947e-01
4.49292800e-06,4.06027658e-01
4.49302800e-06,4.05999988e-01
4.49312800e-06,4.05965766e-01
4.49322800e-06,4.05938160e-01
4.49332800e-06,4.05904006e-01
4.49342800e-06,4.05876464e-01
4.49352800e-06,4.05842377e-01
4.49362800e-06,4.05814899e-01
4.49372800e-06,4.05780879e-01
4.49382800e-06,4.05753465e-01
4.49392800e-06,4.05719511e-01
4.49402800e-06,4.05692161e-01
4.49412800e-06,4.05658272e-01
4.49422800e-06,4.05630986e-01
4.49432800e-06,4.05597163e-01
4.49442800e-06,4.05569940e-01
4.49452800e-06,4.05536183e-01
4.49462800e-06,4.05509023e-01
4.49472800e-06,4.05475332e-01
4.49482800e-06,4.05448234e-01
4.49492800e-06,4.05414608e-01
4.49502800e-06,4.05387572e-01
4.49512800e-06,4.05354011e-01
4.49522800e-06,4.05327038e-01
4.49532800e-06,4.05293542e-01
4.49542800e-06,4.05266630e-01
4.49552800e-06,4.05233199e-01
4.49562800e-06,4.05206349e-01
4.49572800e-06,4.05172982e-01
4.49582800e-06,4.05146193e-01
4.49592800e-06,4.05112890e-01
4.49602800e-06,4.05086163e-01
4.49612800e-06,4.05052924e-01
4.49622800e-06,4.05026258e-01
4.49632800e-06,4.04993082e-01
4.49642800e-06,4.04966477e-01
4.49652800e-06,4.04933364e-01
4.49662800e-06,4.04906820e-01
4.49672800e-06,4.04873771e-01
4.49682800e-06,4.04847286e-01
4.49692800e-06,4.04814300e-01
4.49702800e-06,4.04787876e-01
4.49712800e-06,4.04754952e-01
4.49722800e-06,4.04728588e-01
4.49732800e-06,4.04695727e-01
4.49742800e-06,4.04669422e-01
4.49752800e-06,4.04636623e-01
4.49762800e-06,4.04610378e-01
4.49772800e-06,4.04577642e-01
4.49782800e-06,4.04551456e-01
4.49792800e-06,4.04518781e-01
4.49802800e-06,4.04492654e-01
4.49812800e-06,4.04460040e-01
4.49822800e-06,4.04433972e-01
4.49832800e-06,4.04401420e-01
4.49842800e-06,4.04375411e-01
4.49852800e-06,4.04342920e-01
4.49862800e-06,4.04316969e-01
4.49872800e-06,4.04284539e-01
4.49882800e-06,4.04258646e-01
4.49892800e-06,4.04226277e-01
4.49902800e-06,4.04200442e-01
4.49912800e-06,4.04168134e-01
4.49922800e-06,4.04142356e-01
4.49932800e-06,4.04110108e-01
4.49942800e-06,4.04084388e-01
4.49952800e-06,4.04052200e-01
4.49962800e-06,4.04026538e-01
4.49972800e-06,4.03994410e-01
4.49982800e-06,4.03968804e-01
4.49992800e-06,4.03936736e-01
4.50002800e-06,4.03911188e-01
4.50012800e-06,4.03879179e-01
4.50022800e-06,4.03853687e-01
4.50032800e-06,4.03821737e-01
4.50042800e-06,4.03796302e-01
4.50052800e-06,4.03764412e-01
4.50062800e-06,4.03739033e-01
4.50072800e-06,4.03707201e-01
4.50082800e-06,4.03681878e-01
4.50092800e-06,4.03650105e-01
4.50102800e-06,4.03624838e-01
4.50112800e-06,4.03593124e-01
4.50122800e-06,4.03567912e-01
4.50132800e-06,4.03536256e-01
4.50142800e-06,4.03511100e-01
4.50152800e-06,4.03479502e-01
4.50162800e-06,4.03454402e-01
4.50172800e-06,4.03422862e-01
4.50182800e-06,4.03397816e-01
4.50192800e-06,4.03366334e-01
4.50202800e-06,4.03341343e-01
4.50212800e-06,4.03309918e-01
4.50222800e-06,4.03284982e-01
4.50232800e-06,4.03253614e-01
4.50242800e-06,4.03228733e-01
4.50252800e-06,4.03197422e-01
4.50262800e-06,4.03172595e-01
4.50272800e-06,4.03141342e-01
4.50282800e-06,4.03116569e-01
4.50292800e-06,4.03085372e-01
4.50302800e-06,4.03060653e-01
4.50312800e-06,4.03029512e-01
4.50322800e-06,4.03004847e-01
4.50332800e-06,4.02973763e-01
4.50342800e-06,4.02949151e-01
4.50352800e-06,4.02918123e-01
4.50362800e-06,4.02893565e-01
4.50372800e-06,4.02862593e-01
4.50382800e-06,4.02838088e-01
4.50392800e-06,4.02807171e-01
4.50402800e-06,4.02782719e-01
4.50412800e-06,4.02751859e-01
4.50422800e-06,4.02727459e-01
4.50432800e-06,4.02696654e-01
4.50442800e-06,4.02672307e-01
4.50452800e-06,4.02641557e-01
4.50462800e-06,4.02617263e-01
4.50472800e-06,4.02586568e-01
4.50482800e-06,4.02562325e-01
4.50492800e-06,4.02531685e-01
4.50502800e-06,4.02507495e-01
4.50512800e-06,4.02476910e-01
4.50522800e-06,4.02452771e-01
4.50532800e-06,4.02422241e-01
4.50542800e-06,4.02398154e-01
4.50552800e-06,4.02367677e-01
4.50562800e-06,4.02343642e-01
4.50572800e-06,4.02313220e-01
4.50582800e-06,4.02289236e-01
4.50592800e-06,4.02258868e-01
4.50602800e-06,4.02234935e-01
4.50612800e-06,4.02204620e-01
4.50622800e-06,4.02180739e-01
4.50632800e-06,4.02150478e-01
4.50642800e-06,4.02126647e-01
4.50652800e-06,4.02096439e-01
4.50662800e-06,4.02072659e-01
4.50672800e-06,4.02042505e-01
4.50682800e-06,4.02018775e-01
4.50692800e-06,4.01988674e-01
4.50702800e-06,4.01964994e-01
4.50712800e-06,4.01934946e-01
4.50722800e-06,4.01911317e-01
4.50732800e-06,4.01881321e-01
4.50742800e-06,4.01857741e-01
4.50752800e-06,4.01827798e-01
4.50762800e-06,4.01804269e-01
4.50772800e-06,4.01774378e-01
4.50782800e-06,4.01750898e-01
4.50792800e-06,4.01721060e-01
4.50802800e-06,4.01697629e-01
4.50812800e-06,4.01667843e-01
4.50822800e-06,4.01644461e-01
4.50832800e-06,4.01614727e-01
4.50842800e-06,4.01591395e-01
4.50852800e-06,4.01561712e-01
4.50862800e-06,4.01538428e-01
4.50872800e-06,4.01508797e-01
4.50882800e-06,4.01485563e-01
4.50892800e-06,4.01455983e-01
4.50902800e-06,4.01432797e-01
4.50912800e-06,4.01403268e-01
4.50922800e-06,4.01380131e-01
4.50932800e-06,4.01350653e-01
4.50942800e-06,4.01327564e-01
4.50952800e-06,4.01298137e-01
4.50962800e-06,4.01275096e-01
4.50972800e-06,4.01245720e-01
4.50982800e-06,4.01222727e-01
4.50992800e-06,4.01193402e-01
4.51002800e-06,4.01170456e-01
4.51012800e-06,4.01141181e-01
4.51022800e-06,4.01118283e-01
4.51032800e-06,4.01089059e-01
4.51042800e-06,4.01066208e-01
4.51052800e-06,4.01037034e-01
4.51062800e-06,4.01014231e-01
4.51072800e-06,4.00985106e-01
4.51082800e-06,4.00962350e-01
4.51092800e-06,4.00933275e-01
4.51102800e-06,4.00910566e-01
4.51112800e-06,4.00881541e-01
4.51122800e-06,4.00858879e-01
4.51132800e-06,4.00829903e-01
4.51142800e-06,4.00807288e-01
4.51152800e-06,4.00778362e-01
4.51162800e-06,4.00755793e-01
4.51172800e-06,4.00726915e-01
4.51182800e-06,4.00704393e-01
4.51192800e-06,4.00675565e-01
4.51202800e-06,4.00653088e-01
4.51212800e-06,4.00624309e-01
4.51222800e-06,4.00601879e-01
4.51232800e-06,4.00573148e-01
4.51242800e-06,4.00550764e-01
4.51252800e-06,4.00522082e-01
4.51262800e-06,4.00499743e-01
4.51272800e-06,4.00471109e-01
4.51282800e-06,4.00448816e-01
4.51292800e-06,4.00420231e-01
4.51302800e-06,4.00397983e-01
4.51312800e-06,4.00369446e-01
4.51322800e-06,4.00347244e-01
4.51332800e-06,4.00318754e-01
4.51342800e-06,4.00296597e-01
4.51352800e-06,4.00268155e-01
4.51362800e-06,4.00246043e-01
4.51372800e-06,4.00217649e-01
4.51382800e-06,4.00195582e-01
4.51392800e-06,4.00167236e-01
4.51402800e-06,4.00145213e-01
4.51412800e-06,4.00116914e-01
4.51422800e-06,4.00094936e-01
4.51432800e-06,4.00066684e-01
4.51442800e-06,4.00044751e-01
4.51452800e-06,4.00016546e-01
4.51462800e-06,3.99994657e-01
4.51472800e-06,3.99966499e-01
4.51482800e-06,3.99944654e-01
4.51492800e-06,3.99916543e-01
4.51502800e-06,3.99894742e-01
4.51512800e-06,3.99866677e-01
4.51522800e-06,3.99844920e-01
4.51532800e-06,3.99816902e-01
4.51542800e-06,3.99795188e-01
4.51552800e-06,3.99767217e-01
4.51562800e-06,3.99745547e-01
4.51572800e-06,3.99717622e-01
4.51582800e-06,3.99695995e-01
4.51592800e-06,3.99668116e-01
4.51602800e-06,3.99646533e-01
4.51612800e-06,3.99618699e-01
4.51622800e-06,3.99597159e-01
4.51632800e-06,3.99569372e-01
4.51642800e-06,3.99547875e-01
4.51652800e-06,3.99520133e-01
4.51662800e-06,3.99498679e-01
4.51672800e-06,3.99470982e-01
4.51682800e-06,3.99449571e-01
4.51692800e-06,3.99421920e-01
4.51702800e-06,3.99400551e-01
4.51712800e-06,3.99372945e-01
4.51722800e-06,3.99351619e-01
4.51732800e-06,3.99324059e-01
4.51742800e-06,3.99302774e-01
4.51752800e-06,3.99275259e-01
4.51762800e-06,3.99254017e-01
4.51772800e-06,3.99226546e-01
4.51782800e-06,3.99205347e-01
4.51792800e-06,3.99177921e-01
4.51802800e-06,3.99156763e-01
4.51812800e-06,3.99129382e-01
4.51822800e-06,3.99108265e-01
4.51832800e-06,3.99080929e-01
4.51842800e-06,3.99059854e-01
4.51852800e-06,3.99032562e-01
4.51862800e-06,3.99011529e-01
4.51872800e-06,3.98984280e-01
4.51882800e-06,3.98963289e-01
4.51892800e-06,3.98936085e-01
4.51902800e-06,3.98915134e-01
4.51912800e-06,3.98887974e-01
4.51922800e-06,3.98867065e-01
4.51932800e-06,3.98839949e-01
4.51942800e-06,3.98819080e-01
4.51952800e-06,3.98792008e-01
4.51962800e-06,3.98771180e-01
4.51972800e-06,3.98744151e-01
4.51982800e-06,3.98723365e-01
4.51992800e-06,3.98696379e-01
4.52002800e-06,3.98675633e-01
4.52012800e-06,3.98648691e-01
4.52022800e-06,3.98627986e-01
4.52032800e-06,3.98601086e-01
4.52042800e-06,3.98580421e-01
4.52052800e-06,3.98553565e-01
4.52062800e-06,3.98532941e-01
4.52072800e-06,3.98506127e-01
4.52082800e-06,3.98485543e-01
4.52092800e-06,3.98458772e-01
4.52102800e-06,3.98438228e-01
4.52112800e-06,3.98411500e-01
4.52122800e-06,3.98390995e-01
4.52132800e-06,3.98364310e-01
4.52142800e-06,3.98343845e-01
4.52152800e-06,3.98317203e-01
4.52162800e-06,3.98296777e-01
4.52172800e-06,3.98270177e-01
4.52182800e-06,3.98249791e-01
4.52192800e-06,3.98223233e-01
4.52202800e-06,3.98202887e-01
4.52212800e-06,3.98176371e-01
4.52222800e-06,3.98156064e-01
4.52232800e-06,3.98129590e-01
4.52242800e-06,3.98109322e-01
4.52252800e-06,3.98082890e-01
4.52262800e-06,3.98062660e-01
4.52272800e-06,3.98036210e-01
4.52282800e-06,3.98015862e-01
4.52292800e-06,3.97989401e-01
4.52302800e-06,3.97969164e-01
4.52312800e-06,3.97942797e-01
4.52322800e-06,3.97922638e-01
4.52332800e-06,3.97896341e-01
4.52342800e-06,3.97876241e-01
4.52352800e-06,3.97850001e-01
4.52362800e-06,3.97829951e-01
4.52372800e-06,3.97803760e-01
4.52382800e-06,3.97783755e-01
4.52392800e-06,3.97757609e-01
4.52402800e-06,3.97737646e-01
4.52412800e-06,3.97711543e-01
4.52422800e-06,3.97691620e-01
4.52432800e-06,3.97665559e-01
4.52442800e-06,3.97645674e-01
4.52452800e-06,3.97619654e-01
4.52462800e-06,3.97599808e-01
4.52472800e-06,3.97573828e-01
4.52482800e-06,3.97554020e-01
4.52492800e-06,3.97528081e-01
4.52502800e-06,3.97508310e-01
4.52512800e-06,3.97482411e-01
4.52522800e-06,3.97462678e-01
4.52532800e-06,3.97436819e-01
4.52542800e-06,3.97417124e-01
4.52552800e-06,3.97391304e-01
4.52562800e-06,3.97371646e-01
4.52572800e-06,3.97345867e-01
4.52582800e-06,3.97326245e-01
4.52592800e-06,3.97300505e-01
4.52602800e-06,3.97280921e-01
4.52612800e-06,3.97255221e-01
4.52622800e-06,3.97235673e-01
4.52632800e-06,3.97210012e-01
4.52642800e-06,3.97190502e-01
4.52652800e-06,3.97164880e-01
4.52662800e-06,3.97145406e-01
4.52672800e-06,3.97119823e-01
4.52682800e-06,3.97100386e-01
4.52692800e-06,3.97074842e-01
4.52702800e-06,3.97055441e-01
4.52712800e-06,3.97029936e-01
4.52722800e-06,3.97010572e-01
4.52732800e-06,3.96985106e-01
4.52742800e-06,3.96965778e-01
4.52752800e-06,3.96940351e-01
4.52762800e-06,3.96921059e-01
4.52772800e-06,3.96895670e-01
4.52782800e-06,3.96876414e-01
4.52792800e-06,3.96851064e-01
4.52802800e-06,3.96831844e-01
4.52812800e-06,3.96806532e-01
4.52822800e-06,3.96787348e-01
4.52832800e-06,3.96762074e-01
4.52842800e-06,3.96742926e-01
4.52852800e-06,3.96717690e-01
4.52862800e-06,3.96698578e-01
4.52872800e-06,3.96673380e-01
4.52882800e-06,3.96654303e-01
4.52892800e-06,3.96629144e-01
4.52902800e-06,3.96610102e-01
4.52912800e-06,3.96584981e-01
4.52922800e-06,3.96565974e-01
4.52932800e-06,3.96540890e-01
4.52942800e-06,3.96521919e-01
4.52952800e-06,3.96496873e-01
4.52962800e-06,3.96477937e-01
4.52972800e-06,3.96452928e-01
4.52982800e-06,3.96434027e-01
4.52992800e-06,3.96409056e-01
4.53002800e-06,3.96390190e-01
4.53012800e-06,3.96365256e-01
4.53022800e-06,3.96346425e-01
4.53032800e-06,3.96321528e-01
4.53042800e-06,3.96302732e-01
4.53052800e-06,3.96277872e-01
4.53062800e-06,3.96259110e-01
4.53072800e-06,3.96234288e-01
4.53082800e-06,3.96215560e-01
4.53092800e-06,3.96190775e-01
4.53102800e-06,3.96172082e-01
4.53112800e-06,3.96147334e-01
4.53122800e-06,3.96128675e-01
4.53132800e-06,3.96103963e-01
4.53142800e-06,3.96085338e-01
4.53152800e-06,3.96060664e-01
4.53162800e-06,3.96042073e-01
4.53172800e-06,3.96017435e-01
4.53182800e-06,3.95998878e-01
4.53192800e-06,3.95974276e-01
4.53202800e-06,3.95955753e-01
4.53212800e-06,3.95931188e-01
4.53222800e-06,3.95912699e-01
4.53232800e-06,3.95888170e-01
4.53242800e-06,3.95869715e-01
4.53252800e-06,3.95845222e-01
4.53262800e-06,3.95826800e-01
4.53272800e-06,3.95802343e-01
4.53282800e-06,3.95783955e-01
4.53292800e-06,3.95759534e-01
4.53302800e-06,3.95741180e-01
4.53312800e-06,3.95716795e-01
4.53322800e-06,3.95698473e-01
4.53332800e-06,3.95674124e-01
4.53342800e-06,3.95655836e-01
4.53352800e-06,3.95631523e-01
4.53362800e-06,3.95613268e-01
4.53372800e-06,3.95588990e-01
4.53382800e-06,3.95570768e-01
4.53392800e-06,3.95546526e-01
4.53402800e-06,3.95528337e-01
4.53412800e-06,3.95504130e-01
4.53422800e-06,3.95485973e-01
4.53432800e-06,3.95461802e-01
4.53442800e-06,3.95443678e-01
4.53452800e-06,3.95419542e-01
4.53462800e-06,3.95401451e-01
4.53472800e-06,3.95377350e-01
4.53482800e-06,3.95359292e-01
4.53492800e-06,3.95335226e-01
4.53502800e-06,3.95317200e-01
4.53512800e-06,3.95293169e-01
4.53522800e-06,3.95275176e-01
4.53532800e-06,3.95251180e-01
4.53542800e-06,3.95233219e-01
4.53552800e-06,3.95209257e-01
4.53562800e-06,3.95191328e-01
4.53572800e-06,3.95167401e-01
4.53582800e-06,3.95149505e-01
4.53592800e-06,3.95125612e-01
4.53602800e-06,3.95107748e-01
4.53612800e-06,3.95083890e-01
4.53622800e-06,3.95066057e-01
4.53632800e-06,3.95042234e-01
4.53642800e-06,3.95024433e-01
4.53652800e-06,3.95000644e-01
4.53662800e-06,3.94982875e-01
4.53672800e-06,3.94959120e-01
4.53682800e-06,3.94941383e-01
4.53692800e-06,3.94917662e-01
4.53702800e-06,3.94899957e-01
4.53712800e-06,3.94876270e-01
4.53722800e-06,3.94858596e-01
4.53732800e-06,3.94834943e-01
4.53742800e-06,3.94817300e-01
4.53752800e-06,3.94793682e-01
4.53762800e-06,3.94776070e-01
4.53772800e-06,3.94752485e-01
4.53782800e-06,3.94734905e-01
4.53792800e-06,3.94711354e-01
4.53802800e-06,3.94693805e-01
4.53812800e-06,3.94670287e-01
4.53822800e-06,3.94652769e-01
4.53832800e-06,3.94629285e-01
4.53842800e-06,3.94611798e-01
4.53852800e-06,3.94588347e-01
4.53862800e-06,3.94570891e-01
4.53872800e-06,3.94547473e-01
4.53882800e-06,3.94530048e-01
4.53892800e-06,3.94506664e-01
4.53902800e-06,3.94489269e-01
4.53912800e-06,3.94465918e-01
4.53922800e-06,3.94448554e-01
4.53932800e-06,3.94425237e-01
4.53942800e-06,3.94407903e-01
4.53952800e-06,3.94384618e-01
4.53962800e-06,3.94367315e-01
4.53972800e-06,3.94344064e-01
4.53982800e-06,3.94326791e-01
4.53992800e-06,3.94303572e-01
4.54002800e-06,3.94286330e-01
4.54012800e-06,3.94263144e-01
4.54022800e-06,3.94245931e-01
4.54032800e-06,3.94222778e-01
4.54042800e-06,3.94205596e-01
4.54052800e-06,3.94182475e-01
4.54062800e-06,3.94165323e-01
4.54072800e-06,3.94142235e-01
4.54082800e-06,3.94125113e-01
4.54092800e-06,3.94102057e-01
4.54102800e-06,3.94084965e-01
4.54112800e-06,3.94061941e-01
4.54122800e-06,3.94044879e-01
4.54132800e-06,3.94021888e-01
4.54142800e-06,3.94004855e-01
4.54152800e-06,3.93981896e-01
4.54162800e-06,3.93964893e-01
4.54172800e-06,3.93941966e-01
4.54182800e-06,3.93924993e-01
4.54192800e-06,3.93902098e-01
4.54202800e-06,3.93885154e-01
4.54212800e-06,3.93862291e-01
4.54222800e-06,3.93845377e-01
4.54232800e-06,3.93822546e-01
4.54242800e-06,3.93805661e-01
4.54252800e-06,3.93782861e-01
4.54262800e-06,3.93766006e-01
4.54272800e-06,3.93743238e-01
4.54282800e-06,3.93726411e-01
4.54292800e-06,3.93703675e-01
4.54302800e-06,3.93686878e-01
4.54312800e-06,3.93664173e-01
4.54322800e-06,3.93647405e-01
4.54332800e-06,3.93624732e-01
4.54342800e-06,3.93607992e-01
4.54352800e-06,3.93585350e-01
4.54362800e-06,3.93568640e-01
4.54372800e-06,3.93546029e-01
4.54382800e-06,3.93529347e-01
4.54392800e-06,3.93506768e-01
4.54402800e-06,3.93490115e-01
4.54412800e-06,3.93467567e-01
4.54422800e-06,3.93450942e-01
4.54432800e-06,3.93428426e-01
4.54442800e-06,3.93411830e-01
4.54452800e-06,3.93389344e-01
4.54462800e-06,3.93372776e-01
4.54472800e-06,3.93350321e-01
4.54482800e-06,3.93333782e-01
4.54492800e-06,3.93311358e-01
4.54502800e-06,3.93294847e-01
4.54512800e-06,3.93272454e-01
4.54522800e-06,3.93255971e-01
4.54532800e-06,3.93233609e-01
4.54542800e-06,3.93217154e-01
4.54552800e-06,3.93194822e-01
4.54562800e-06,3.93178396e-01
4.54572800e-06,3.93156095e-01
4.54582800e-06,3.93139696e-01
4.54592800e-06,3.93117425e-01
4.54602800e-06,3.93101055e-01
4.54612800e-06,3.93078814e-01
4.54622800e-06,3.93062472e-01
4.54632800e-06,3.93040262e-01
4.54642800e-06,3.93023947e-01
4.54652800e-06,3.93001767e-01
4.54662800e-06,3.92985480e-01
4.54672800e-06,3.92963330e-01
4.54682800e-06,3.92947071e-01
4.54692800e-06,3.92924952e-01
4.54702800e-06,3.92908720e-01
4.54712800e-06,3.92886630e-01
4.54722800e-06,3.92870426e-01
4.54732800e-06,3.92848366e-01
4.54742800e-06,3.92832190e-01
4.54752800e-06,3.92810160e-01
4.54762800e-06,3.92794011e-01
4.54772800e-06,3.92772011e-01
4.54782800e-06,3.92755889e-01
4.54792800e-06,3.92733918e-01
4.54802800e-06,3.92717824e-01
4.54812800e-06,3.92695883e-01
4.54822800e-06,3.92679815e-01
4.54832800e-06,3.92657904e-01
4.54842800e-06,3.92641864e-01
4.54852800e-06,3.92619982e-01
4.54862800e-06,3.92603969e-01
4.54872800e-06,3.92582117e-01
4.54882800e-06,3.92566130e-01
4.54892800e-06,3.92544308e-01
4.54902800e-06,3.92528348e-01
4.54912800e-06,3.92506555e-01
4.54922800e-06,3.92490622e-01
4.54932800e-06,3.92468858e-01
4.54942800e-06,3.92452952e-01
4.54952800e-06,3.92431217e-01
4.54962800e-06,3.92415337e-01
4.54972800e-06,3.92393631e-01
4.54982800e-06,3.92377778e-01
4.54992800e-06,3.92356102e-01
4.55002800e-06,3.92340275e-01
4.55012800e-06,3.92318628e-01
4.55022800e-06,3.92302828e-01
4.55032800e-06,3.92281209e-01
4.55042800e-06,3.92265435e-01
4.55052800e-06,3.92243845e-01
4.55062800e-06,3.92228098e-01
4.55072800e-06,3.92206537e-01
4.55082800e-06,3.92190816e-01
4.55092800e-06,3.92169283e-01
4.55102800e-06,3.92153589e-01
4.55112800e-06,3.92132085e-01
4.55122800e-06,3.92116416e-01
4.55132800e-06,3.92094941e-01
4.55142800e-06,3.92079298e-01
4.55152800e-06,3.92057851e-01
4.55162800e-06,3.92042235e-01
4.55172800e-06,3.92020816e-01
4.55182800e-06,3.92005226e-01
4.55192800e-06,3.91983836e-01
4.55202800e-06,3.91968271e-01
4.55212800e-06,3.91946909e-01
4.55222800e-06,3.91931370e-01
4.55232800e-06,3.91910036e-01
4.55242800e-06,3.91894523e-01
4.55252800e-06,3.91873218e-01
4.55262800e-06,3.91857730e-01
4.55272800e-06,3.91836453e-01
4.55282800e-06,3.91820991e-01
4.55292800e-06,3.91799742e-01
4.55302800e-06,3.91784305e-01
4.55312800e-06,3.91763084e-01
4.55322800e-06,3.91747673e-01
4.55332800e-06,3.91726480e-01
4.55342800e-06,3.91711094e-01
4.55352800e-06,3.91689928e-01
4.55362800e-06,3.91674568e-01
4.55372800e-06,3.91653430e-01
4.55382800e-06,3.91638096e-01
4.55392800e-06,3.91616985e-01
4.55402800e-06,3.91601676e-01
4.55412800e-06,3.91580593e-01
4.55422800e-06,3.91565309e-01
4.55432800e-06,3.91544254e-01
4.55442800e-06,3.91528994e-01
4.55452800e-06,3.91507967e-01
4.55462800e-06,3.91492732e-01
4.55472800e-06,3.91471732e-01
4.55482800e-06,3.91456523e-01
4.55492800e-06,3.91435550e-01
4.55502800e-06,3.91420366e-01
4.55512800e-06,3.91399420e-01
4.55522800e-06,3.91384261e-01
4.55532800e-06,3.91363343e-01
4.55542800e-06,3.91348208e-01
4.55552800e-06,3.91327317e-01
4.55562800e-06,3.91312207e-01
4.55572800e-06,3.91291343e-01
4.55582800e-06,3.91276258e-01
4.55592800e-06,3.91255421e-01
4.55602800e-06,3.91240360e-01
4.55612800e-06,3.91219550e-01
4.55622800e-06,3.91204514e-01
4.55632800e-06,3.91183731e-01
4.55642800e-06,3.91168719e-01
4.55652800e-06,3.91147963e-01
4.55662800e-06,3.91132976e-01
4.55672800e-06,3.91112247e-01
4.55682800e-06,3.91097284e-01
4.55692800e-06,3.91076582e-01
4.55702800e-06,3.91061643e-01
4.55712800e-06,3.91040967e-01
4.55722800e-06,3.91026053e-01
4.55732800e-06,3.91005404e-01
4.55742800e-06,3.90990514e-01
4.55752800e-06,3.90969891e-01
4.55762800e-06,3.90955025e-01
4.55772800e-06,3.90934429e-01
4.55782800e-06,3.90919587e-01
4.55792800e-06,3.90899018e-01
4.55802800e-06,3.90884200e-01
4.55812800e-06,3.90863656e-01
4.55822800e-06,3.90848862e-01
4.55832800e-06,3.90828346e-01
4.55842800e-06,3.90813575e-01
4.55852800e-06,3.90793085e-01
4.55862800e-06,3.90778339e-01
4.55872800e-06,3.90757874e-01
4.55882800e-06,3.90743152e-01
4.55892800e-06,3.90722714e-01
4.55902800e-06,3.90708015e-01
4.55912800e-06,3.90687603e-01
4.55922800e-06,3.90672927e-01
4.55932800e-06,3.90652541e-01
4.55942800e-06,3.90637890e-01
4.55952800e-06,3.90617530e-01
4.55962800e-06,3.90602902e-01
4.55972800e-06,3.90582568e-01
4.55982800e-06,3.90567963e-01
4.55992800e-06,3.90547655e-01
4.56002800e-06,3.90533074e-01
4.56012800e-06,3.90512791e-01
4.56022800e-06,3.90498234e-01
4.56032800e-06,3.90477977e-01
4.56042800e-06,3.90463443e-01
4.56052800e-06,3.90443212e-01
4.56062800e-06,3.90428700e-01
4.56072800e-06,3.90408495e-01
4.56082800e-06,3.90394007e-01
4.56092800e-06,3.90373827e-01
4.56102800e-06,3.90359363e-01
4.56112800e-06,3.90339208e-01
4.56122800e-06,3.90324767e-01
4.56132800e-06,3.90304638e-01
4.56142800e-06,3.90290219e-01
4.56152800e-06,3.90270116e-01
4.56162800e-06,3.90255720e-01
4.56172800e-06,3.90235642e-01
4.56182800e-06,3.90221270e-01
4.56192800e-06,3.90201217e-01
4.56202800e-06,3.90186867e-01
4.56212800e-06,3.90166840e-01
4.56222800e-06,3.90152513e-01
4.56232800e-06,3.90132510e-01
4.56242800e-06,3.90118206e-01
4.56252800e-06,3.90098229e-01
4.56262800e-06,3.90083947e-01
4.56272800e-06,3.90063995e-01
4.56282800e-06,3.90049736e-01
4.56292800e-06,3.90029810e-01
4.56302800e-06,3.90015573e-01
4.56312800e-06,3.89995671e-01
4.56322800e-06,3.89981458e-01
4.56332800e-06,3.89961581e-01
4.56342800e-06,3.89947389e-01
4.56352800e-06,3.89927537e-01
4.56362800e-06,3.89913368e-01
4.56372800e-06,3.89893541e-01
4.56382800e-06,3.89879394e-01
4.56392800e-06,3.89859592e-01
4.56402800e-06,3.89845468e-01
4.56412800e-06,3.89825690e-01
4.56422800e-06,3.89811588e-01
4.56432800e-06,3.89791835e-01
4.56442800e-06,3.89777755e-01
4.56452800e-06,3.89758027e-01
4.56462800e-06,3.89743969e-01
4.56472800e-06,3.89724265e-01
4.56482800e-06,3.89710230e-01
4.56492800e-06,3.89690550e-01
4.56502800e-06,3.89676537e-01
4.56512800e-06,3.89656882e-01
4.56522800e-06,3.89642891e-01
4.56532800e-06,3.89623260e-01
4.56542800e-06,3.89609291e-01
4.56552800e-06,3.89589684e-01
4.56562800e-06,3.89575737e-01
4.56572800e-06,3.89556155e-01
4.56582800e-06,3.89542230e-01
4.56592800e-06,3.89522672e-01
4.56602800e-06,3.89508768e-01
4.56612800e-06,3.89489235e-01
4.56622800e-06,3.89475353e-01
4.56632800e-06,3.89455843e-01
4.56642800e-06,3.89441983e-01
4.56652800e-06,3.89422498e-01
4.56662800e-06,3.89408659e-01
4.56672800e-06,3.89389198e-01
4.56682800e-06,3.89375381e-01
4.56692800e-06,3.89355944e-01
4.56702800e-06,3.89342148e-01
4.56712800e-06,3.89322735e-01
4.56722800e-06,3.89308961e-01
4.56732800e-06,3.89289571e-01
4.56742800e-06,3.89275819e-01
4.56752800e-06,3.89256453e-01
4.56762800e-06,3.89242723e-01
4.56772800e-06,3.89223381e-01
4.56782800e-06,3.89209671e-01
4.56792800e-06,3.89190353e-01
4.56802800e-06,3.89176665e-01
4.56812800e-06,3.89157370e-01
4.56822800e-06,3.89143703e-01
4.56832800e-06,3.89124432e-01
4.56842800e-06,3.89110787e-01
4.56852800e-06,3.89091539e-01
4.56862800e-06,3.89077915e-01
4.56872800e-06,3.89058691e-01
4.56882800e-06,3.89045088e-01
4.56892800e-06,3.89025887e-01
4.56902800e-06,3.89012305e-01
4.56912800e-06,3.88993128e-01
4.56922800e-06,3.88979567e-01
4.56932800e-06,3.88960414e-01
4.56942800e-06,3.88946873e-01
4.56952800e-06,3.88927743e-01
4.56962800e-06,3.88914224e-01
4.56972800e-06,3.88895117e-01
4.56982800e-06,3.88881619e-01
4.56992800e-06,3.88862535e-01
4.57002800e-06,3.88849057e-01
4.57012800e-06,3.88829997e-01
4.57022800e-06,3.88816540e-01
4.57032800e-06,3.88797503e-01
4.57042800e-06,3.88784067e-01
4.57052800e-06,3.88765053e-01
4.57062800e-06,3.88751637e-01
4.57072800e-06,3.88732646e-01
4.57082800e-06,3.88719252e-01
4.57092800e-06,3.88700283e-01
4.57102800e-06,3.88686909e-01
4.57112800e-06,3.88667964e-01
4.57122800e-06,3.88654611e-01
4.57132800e-06,3.88635688e-01
4.57142800e-06,3.88622356e-01
4.57152800e-06,3.88603456e-01
4.57162800e-06,3.88590144e-01
4.57172800e-06,3.88571267e-01
4.57182800e-06,3.88557975e-01
4.57192800e-06,3.88539121e-01
4.57202800e-06,3.88525850e-01
4.57212800e-06,3.88507018e-01
4.57222800e-06,3.88493767e-01
4.57232800e-06,3.88474958e-01
4.57242800e-06,3.88461728e-01
4.57252800e-06,3.88442942e-01
4.57262800e-06,3.88429731e-01
4.57272800e-06,3.88410968e-01
4.57282800e-06,3.88397777e-01
4.57292800e-06,3.88379036e-01
4.57302800e-06,3.88365866e-01
4.57312800e-06,3.88347148e-01
4.57322800e-06,3.88333998e-01
4.57332800e-06,3.88315302e-01
4.57342800e-06,3.88302172e-01
4.57352800e-06,3.88283498e-01
4.57362800e-06,3.88270388e-01
4.57372800e-06,3.88251737e-01
4.57382800e-06,3.88238647e-01
4.57392800e-06,3.88220018e-01
4.57402800e-06,3.88206948e-01
4.57412800e-06,3.88188342e-01
4.57422800e-06,3.88175291e-01
4.57432800e-06,3.88156707e-01
4.57442800e-06,3.88143677e-01
4.57452800e-06,3.88125114e-01
4.57462800e-06,3.88112104e-01
4.57472800e-06,3.88093564e-01
4.57482800e-06,3.88080573e-01
4.57492800e-06,3.88062055e-01
4.57502800e-06,3.88049084e-01
4.57512800e-06,3.88030588e-01
4.57522800e-06,3.88017637e-01
4.57532800e-06,3.87999163e-01
4.57542800e-06,3.87986231e-01
4.57552800e-06,3.87967779e-01
4.57562800e-06,3.87954867e-01
4.57572800e-06,3.87936437e-01
4.57582800e-06,3.87923545e-01
4.57592800e-06,3.87905136e-01
4.57602800e-06,3.87892263e-01
4.57612800e-06,3.87873877e-01
4.57622800e-06,3.87861023e-01
4.57632800e-06,3.87842659e-01
4.57642800e-06,3.87829825e-01
4.57652800e-06,3.87811482e-01
4.57662800e-06,3.87798667e-01
4.57672800e-06,3.87780346e-01
4.57682800e-06,3.87767550e-01
4.57692800e-06,3.87749251e-01
4.57702800e-06,3.87736475e-01
4.57712800e-06,3.87718197e-01
4.57722800e-06,3.87705440e-01
4.57732800e-06,3.87687183e-01
4.57742800e-06,3.87674446e-01
4.57752800e-06,3.87656211e-01
4.57762800e-06,3.87643493e-01
4.57772800e-06,3.87625279e-01
4.57782800e-06,3.87612580e-01
4.57792800e-06,3.87594388e-01
4.57802800e-06,3.87581708e-01
4.57812800e-06,3.87563537e-01
4.57822800e-06,3.87550877e-01
4.57832800e-06,3.87532727e-01
4.57842800e-06,3.87520085e-01
4.57852800e-06,3.87501957e-01
4.57862800e-06,3.87489334e-01
4.57872800e-06,3.87471227e-01
4.57882800e-06,3.87458624e-01
4.57892800e-06,3.87440538e-01
4.57902800e-06,3.87427953e-01
4.57912800e-06,3.87409888e-01
4.57922800e-06,3.87397322e-01
4.57932800e-06,3.87379279e-01
4.57942800e-06,3.87366732e-01
4.57952800e-06,3.87348710e-01
4.57962800e-06,3.87336181e-01
4.57972800e-06,3.87318180e-01
4.57982800e-06,3.87305670e-01
4.57992800e-06,3.87287690e-01
4.58002800e-06,3.87275199e-01
4.58012800e-06,3.87257240e-01
4.58022800e-06,3.87244768e-01
4.58032800e-06,3.87226829e-01
4.58042800e-06,3.87214376e-01
4.58052800e-06,3.87196458e-01
4.58062800e-06,3.87184023e-01
4.58072800e-06,3.87166127e-01
4.58082800e-06,3.87153710e-01
4.58092800e-06,3.87135835e-01
4.58102800e-06,3.87123436e-01
4.58112800e-06,3.87105582e-01
4.58122800e-06,3.87093202e-01
4.58132800e-06,3.87075368e-01
4.58142800e-06,3.87063007e-01
4.58152800e-06,3.87045193e-01
4.58162800e-06,3.87032850e-01
4.58172800e-06,3.87015058e-01
4.58182800e-06,3.87002733e-01
4.58192800e-06,3.86984961e-01
4.58202800e-06,3.86972655e-01
4.58212800e-06,3.86954904e-01
4.58222800e-06,3.86942616e-01
4.58232800e-06,3.86924885e-01
4.58242800e-06,3.86912615e-01
4.58252800e-06,3.86894905e-01
4.58262800e-06,3.86882653e-01
4.58272800e-06,3.86864963e-01
4.58282800e-06,3.86852730e-01
4.58292800e-06,3.86835061e-01
4.58302800e-06,3.86822845e-01
4.58312800e-06,3.86805196e-01
4.58322800e-06,3.86792999e-01
4.58332800e-06,3.86775371e-01
4.58342800e-06,3.86763192e-01
4.58352800e-06,3.86745583e-01
4.58362800e-06,3.86733422e-01
4.58372800e-06,3.86715834e-01
4.58382800e-06,3.86703691e-01
4.58392800e-06,3.86686123e-01
4.58402800e-06,3.86673998e-01
4.58412800e-06,3.86656450e-01
4.58422800e-06,3.86644343e-01
4.58432800e-06,3.86626816e-01
4.58442800e-06,3.86614727e-01
4.58452800e-06,3.86597219e-01
4.58462800e-06,3.86585148e-01
4.58472800e-06,3.86567661e-01
4.58482800e-06,3.86555607e-01
4.58492800e-06,3.86538140e-01
4.58502800e-06,3.86526104e-01
4.58512800e-06,3.86508657e-01
4.58522800e-06,3.86496639e-01
4.58532800e-06,3.86479211e-01
4.58542800e-06,3.86467211e-01
4.58552800e-06,3.86449804e-01
4.58562800e-06,3.86437821e-01
4.58572800e-06,3.86420434e-01
4.58582800e-06,3.86408468e-01
4.58592800e-06,3.86391101e-01
4.58602800e-06,3.86379153e-01
4.58612800e-06,3.86361806e-01
4.58622800e-06,3.86349876e-01
4.58632800e-06,3.86332548e-01
4.58642800e-06,3.86320635e-01
4.58652800e-06,3.86303327e-01
4.58662800e-06,3.86291432e-01
4.58672800e-06,3.86274144e-01
4.58682800e-06,3.86262266e-01
4.58692800e-06,3.86244998e-01
4.58702800e-06,3.86233138e-01
4.58712800e-06,3.86215889e-01
4.58722800e-06,3.86204046e-01
4.58732800e-06,3.86186816e-01
4.58742800e-06,3.86174991e-01
4.58752800e-06,3.86157781e-01
4.58762800e-06,3.86145973e-01
4.58772800e-06,3.86128783e-01
4.58782800e-06,3.86116992e-01
4.58792800e-06,3.86099821e-01
4.58802800e-06,3.86088048e-01
4.58812800e-06,3.86070896e-01
4.58822800e-06,3.86059140e-01
4.58832800e-06,3.86042008e-01
4.58842800e-06,3.86030269e-01
4.58852800e-06,3.86013156e-01
4.58862800e-06,3.86001434e-01
4.58872800e-06,3.85984341e-01
4.58882800e-06,3.85972636e-01
4.58892800e-06,3.85955563e-01
4.58902800e-06,3.85943875e-01
4.58912800e-06,3.85926820e-01
4.58922800e-06,3.85915150e-01
4.58932800e-06,3.85898114e-01
4.58942800e-06,3.85886461e-01
4.58952800e-06,3.85869445e-01
4.58962800e-06,3.85857808e-01
4.58972800e-06,3.85840811e-01
4.58982800e-06,3.85829191e-01
4.58992800e-06,3.85812214e-01
4.59002800e-06,3.85800611e-01
4.59012800e-06,3.85783652e-01
4.59022800e-06,3.85772066e-01
4.59032800e-06,3.85755127e-01
4.59042800e-06,3.85743558e-01
4.59052800e-06,3.85726638e-01
4.59062800e-06,3.85715085e-01
4.59072800e-06,3.85698184e-01
4.59082800e-06,3.85686648e-01
4.59092800e-06,3.85669766e-01
4.59102800e-06,3.85658247e-01
4.59112800e-06,3.85641384e-01
4.59122800e-06,3.85629882e-01
4.59132800e-06,3.85613037e-01
4.59142800e-06,3.85601552e-01
4.59152800e-06,3.85584726e-01
4.59162800e-06,3.85573257e-01
4.59172800e-06,3.85556451e-01
4.59182800e-06,3.85544999e-01
4.59192800e-06,3.85528211e-01
4.59202800e-06,3.85516775e-01
4.59212800e-06,3.85500006e-01
4.59222800e-06,3.85488587e-01
4.59232800e-06,3.85471837e-01
4.59242800e-06,3.85460434e-01
4.59252800e-06,3.85443703e-01
4.59262800e-06,3.85432317e-01
4.59272800e-06,3.85415604e-01
4.59282800e-06,3.85404235e-01
4.59292800e-06,3.85387540e-01
4.59302800e-06,3.85376187e-01
4.59312800e-06,3.85359512e-01
4.59322800e-06,3.85348175e-01
4.59332800e-06,3.85331518e-01
4.59342800e-06,3.85320198e-01
4.59352800e-06,3.85303559e-01
4.59362800e-06,3.85292255e-01
4.59372800e-06,3.85275636e-01
4.59382800e-06,3.85264348e-01
4.59392800e-06,3.85247747e-01
4.59402800e-06,3.85236475e-01
4.59412800e-06,3.85219892e-01
4.59422800e-06,3.85208637e-01
4.59432800e-06,3.85192073e-01
4.59442800e-06,3.85180834e-01
4.59452800e-06,3.85164288e-01
4.59462800e-06,3.85153065e-01
4.59472800e-06,3.85136537e-01
4.59482800e-06,3.85125331e-01
4.59492800e-06,3.85108822e-01
4.59502800e-06,3.85097631e-01
4.59512800e-06,3.85081140e-01
4.59522800e-06,3.85069966e-01
4.59532800e-06,3.85053493e-01
4.59542800e-06,3.85042335e-01
4.59552800e-06,3.85025880e-01
4.59562800e-06,3.85014738e-01
4.59572800e-06,3.84998302e-01
4.59582800e-06,3.84987175e-01
4.59592800e-06,3.84970758e-01
4.59602800e-06,3.84959647e-01
4.59612800e-06,3.84943247e-01
4.59622800e-06,3.84932153e-01
4.59632800e-06,3.84915771e-01
4.59642800e-06,3.84904693e-01
4.59652800e-06,3.84888329e-01
4.59662800e-06,3.84877267e-01
4.59672800e-06,3.84860921e-01
4.59682800e-06,3.84849875e-01
4.59692800e-06,3.84833547e-01
4.59702800e-06,3.84822516e-01
4.59712800e-06,3.84806207e-01
4.59722800e-06,3.84795192e-01
4.59732800e-06,3.84778900e-01
4.59742800e-06,3.84767901e-01
4.59752800e-06,3.84751627e-01
4.59762800e-06,3.84740644e-01
4.59772800e-06,3.84724388e-01
4.59782800e-06,3.84713420e-01
4.59792800e-06,3.84697183e-01
4.59802800e-06,3.84686231e-01
4.59812800e-06,3.84670011e-01
4.59822800e-06,3.84659074e-01
4.59832800e-06,3.84642872e-01
4.59842800e-06,3.84631951e-01
4.59852800e-06,3.84615767e-01
4.59862800e-06,3.84604862e-01
4.59872800e-06,3.84588696e-01
4.59882800e-06,3.84577806e-01
4.59892800e-06,3.84561657e-01
4.59902800e-06,3.84550783e-01
4.59912800e-06,3.84534652e-01
4.59922800e-06,3.84523793e-01
4.59932800e-06,3.84507680e-01
4.59942800e-06,3.84496837e-01
4.59952800e-06,3.84480741e-01
4.59962800e-06,3.84469914e-01
4.59972800e-06,3.84453836e-01
4.59982800e-06,3.84443024e-01
4.59992800e-06,3.84426963e-01
4.60002800e-06,3.84416166e-01
4.60012800e-06,3.84400124e-01
4.60022800e-06,3.84389342e-01
4.60032800e-06,3.84373317e-01
4.60042800e-06,3.84362551e-01
4.60052800e-06,3.84346543e-01
4.60062800e-06,3.84335792e-01
4.60072800e-06,3.84319802e-01
4.60082800e-06,3.84309066e-01
4.60092800e-06,3.84293094e-01
4.60102800e-06,3.84282373e-01
4.60112800e-06,3.84266418e-01
4.60122800e-06,3.84255713e-01
4.60132800e-06,3.84239775e-01
4.60142800e-06,3.84229085e-01
4.60152800e-06,3.84213165e-01
4.60162800e-06,3.84202490e-01
4.60172800e-06,3.84186587e-01
4.60182800e-06,3.84175927e-01
4.60192800e-06,3.84160041e-01
4.60202800e-06,3.84149397e-01
4.60212800e-06,3.84133529e-01
4.60222800e-06,3.84122899e-01
4.60232800e-06,3.84107048e-01
4.60242800e-06,3.84096434e-01
4.60252800e-06,3.84080600e-01
4.60262800e-06,3.84070001e-01
4.60272800e-06,3.84054184e-01
4.60282800e-06,3.84043600e-01
4.60292800e-06,3.84027800e-01
4.60302800e-06,3.84017231e-01
4.60312800e-06,3.84001448e-01
4.60322800e-06,3.83990894e-01
4.60332800e-06,3.83975129e-01
4.60342800e-06,3.83964590e-01
4.60352800e-06,3.83948842e-01
4.60362800e-06,3.83938317e-01
4.60372800e-06,3.83922586e-01
4.60382800e-06,3.83912077e-01
4.60392800e-06,3.83896363e-01
4.60402800e-06,3.83885868e-01
4.60412800e-06,3.83870171e-01
4.60422800e-06,3.83859692e-01
4.60432800e-06,3.83844011e-01
4.60442800e-06,3.83833547e-01
4.60452800e-06,3.83817883e-01
4.60462800e-06,3.83807434e-01
4.60472800e-06,3.83791787e-01
4.60482800e-06,3.83781352e-01
4.60492800e-06,3.83765723e-01
4.60502800e-06,3.83755302e-01
4.60512800e-06,3.83739690e-01
4.60522800e-06,3.83729284e-01
4.60532800e-06,3.83713689e-01
4.60542800e-06,3.83703298e-01
4.60552800e-06,3.83687719e-01
4.60562800e-06,3.83677343e-01
4.60572800e-06,3.83661781e-01
4.60582800e-06,3.83651419e-01
4.60592800e-06,3.83635874e-01
4.60602800e-06,3.83625527e-01
4.60612800e-06,3.83609998e-01
4.60622800e-06,3.83599666e-01
4.60632800e-06,3.83584154e-01
4.60642800e-06,3.83573837e-01
4.60652800e-06,3.83558341e-01
4.60662800e-06,3.83548038e-01
4.60672800e-06,3.83532560e-01
4.60682800e-06,3.83522271e-01
4.60692800e-06,3.83506809e-01
4.60702800e-06,3.83496535e-01
4.60712800e-06,3.83481090e-01
4.60722800e-06,3.83470831e-01
4.60732800e-06,3.83455402e-01
4.60742800e-06,3.83445157e-01
4.60752800e-06,3.83429745e-01
4.60762800e-06,3.83419514e-01
4.60772800e-06,3.83404119e-01
4.60782800e-06,3.83393902e-01
4.60792800e-06,3.83378523e-01
4.60802800e-06,3.83368321e-01
4.60812800e-06,3.83352959e-01
4.60822800e-06,3.83342771e-01
4.60832800e-06,3.83327426e-01
4.60842800e-06,3.83317252e-01
4.60852800e-06,3.83301923e-01
4.60862800e-06,3.83291764e-01
4.60872800e-06,3.83276451e-01
4.60882800e-06,3.83266306e-01
4.60892800e-06,3.83251010e-01
4.60902800e-06,3.83240879e-01
4.60912800e-06,3.83225599e-01
4.60922800e-06,3.83215483e-01
4.60932800e-06,3.83200219e-01
4.60942800e-06,3.83190117e-01
4.60952800e-06,3.83174869e-01
4.60962800e-06,3.83164782e-01
4.60972800e-06,3.83149550e-01
4.60982800e-06,3.83139477e-01
4.60992800e-06,3.83124262e-01
4.61002800e-06,3.83114202e-01
4.61012800e-06,3.83099004e-01
4.61022800e-06,3.83088959e-01
4.61032800e-06,3.83073776e-01
4.61042800e-06,3.83063745e-01
4.61052800e-06,3.83048579e-01
4.61062800e-06,3.83038562e-01
4.61072800e-06,3.83023411e-01
4.61082800e-06,3.83013408e-01
4.61092800e-06,3.82998275e-01
4.61102800e-06,3.82988286e-01
4.61112800e-06,3.82973168e-01
4.61122800e-06,3.82963193e-01
4.61132800e-06,3.82948091e-01
4.61142800e-06,3.82938130e-01
4.61152800e-06,3.82923045e-01
4.61162800e-06,3.82913098e-01
4.61172800e-06,3.82898028e-01
4.61182800e-06,3.82888095e-01
4.61192800e-06,3.82873042e-01
4.61202800e-06,3.82863123e-01
4.61212800e-06,3.82848085e-01
4.61222800e-06,3.82838180e-01
4.61232800e-06,3.82823159e-01
4.61242800e-06,3.82813267e-01
4.61252800e-06,3.82798262e-01
4.61262800e-06,3.82788384e-01
4.61272800e-06,3.82773395e-01
4.61282800e-06,3.82763531e-01
4.61292800e-06,3.82748558e-01
4.61302800e-06,3.82738708e-01
4.61312800e-06,3.82723750e-01
4.61322800e-06,3.82713914e-01
4.61332800e-06,3.82698972e-01
4.61342800e-06,3.82689150e-01
4.61352800e-06,3.82674224e-01
4.61362800e-06,3.82664416e-01
4.61372800e-06,3.82649506e-01
4.61382800e-06,3.82639711e-01
4.61392800e-06,3.82624817e-01
4.61402800e-06,3.82615036e-01
4.61412800e-06,3.82600157e-01
4.61422800e-06,3.82590390e-01
4.61432800e-06,3.82575527e-01
4.61442800e-06,3.82565773e-01
4.61452800e-06,3.82550927e-01
4.61462800e-06,3.82541186e-01
4.61472800e-06,3.82526355e-01
4.61482800e-06,3.82516629e-01
4.61492800e-06,3.82501813e-01
4.61502800e-06,3.82492100e-01
4.61512800e-06,3.82477301e-01
4.61522800e-06,3.82467601e-01
4.61532800e-06,3.82452817e-01
4.61542800e-06,3.82443132e-01
4.61552800e-06,3.82428363e-01
4.61562800e-06,3.82418691e-01
4.61572800e-06,3.82403938e-01
4.61582800e-06,3.82394279e-01
4.61592800e-06,3.82379542e-01
4.61602800e-06,3.82369897e-01
4.61612800e-06,3.82355175e-01
4.61622800e-06,3.82345544e-01
4.61632800e-06,3.82330837e-01
4.61642800e-06,3.82321219e-01
4.61652800e-06,3.82306529e-01
4.61662800e-06,3.82296924e-01
4.61672800e-06,3.82282249e-01
4.61682800e-06,3.82272658e-01
4.61692800e-06,3.82257998e-01
4.61702800e-06,3.82248420e-01
4.61712800e-06,3.82233776e-01
4.61722800e-06,3.82224211e-01
4.61732800e-06,3.82209583e-01
4.61742800e-06,3.82200032e-01
4.61752800e-06,3.82185418e-01
4.61762800e-06,3.82175880e-01
4.61772800e-06,3.82161283e-01
4.61782800e-06,3.82151758e-01
4.61792800e-06,3.82137176e-01
4.61802800e-06,3.82127664e-01
4.61812800e-06,3.82113097e-01
4.61822800e-06,3.82103599e-01
4.61832800e-06,3.82089047e-01
4.61842800e-06,3.82079563e-01
4.61852800e-06,3.82065026e-01
4.61862800e-06,3.82055555e-01
4.61872800e-06,3.82041034e-01
4.61882800e-06,3.82031576e-01
4.61892800e-06,3.82017070e-01
4.61902800e-06,3.82007625e-01
4.61912800e-06,3.81993134e-01
4.61922800e-06,3.81983702e-01
4.61932800e-06,3.81969227e-01
4.61942800e-06,3.81959808e-01
4.61952800e-06,3.81945348e-01
4.61962800e-06,3.81935943e-01
4.61972800e-06,3.81921498e-01
4.61982800e-06,3.81912105e-01
4.61992800e-06,3.81897675e-01
4.62002800e-06,3.81888296e-01
4.62012800e-06,3.81873882e-01
4.62022800e-06,3.81864516e-01
4.62032800e-06,3.81850116e-01
4.62042800e-06,3.81840763e-01
4.62052800e-06,3.81826378e-01
4.62062800e-06,3.81817039e-01
4.62072800e-06,3.81802669e-01
4.62082800e-06,3.81793342e-01
4.62092800e-06,3.81778988e-01
4.62102800e-06,3.81769674e-01
4.62112800e-06,3.81755335e-01
4.62122800e-06,3.81746034e-01
4.62132800e-06,3.81731710e-01
4.62142800e-06,3.81722422e-01
4.62152800e-06,3.81708113e-01
4.62162800e-06,3.81698838e-01
4.62172800e-06,3.81684544e-01
4.62182800e-06,3.81675282e-01
4.62192800e-06,3.81661002e-01
4.62202800e-06,3.81651753e-01
4.62212800e-06,3.81637489e-01
4.62222800e-06,3.81628253e-01
4.62232800e-06,3.81614004e-01
4.62242800e-06,3.81604780e-01
4.62252800e-06,3.81590546e-01
4.62262800e-06,3.81581335e-01
4.62272800e-06,3.81567116e-01
4.62282800e-06,3.81557918e-01
4.62292800e-06,3.81543714e-01
4.62302800e-06,3.81534529e-01
4.62312800e-06,3.81520339e-01
4.62322800e-06,3.81511167e-01
4.62332800e-06,3.81496992e-01
4.62342800e-06,3.81487833e-01
4.62352800e-06,3.81473673e-01
4.62362800e-06,3.81464527e-01
4.62372800e-06,3.81450382e-01
4.62382800e-06,3.81441248e-01
4.62392800e-06,3.81427118e-01
4.62402800e-06,3.81417997e-01
4.62412800e-06,3.81403881e-01
4.62422800e-06,3.81394773e-01
4.62432800e-06,3.81380672e-01
4.62442800e-06,3.81371577e-01
4.62452800e-06,3.81357491e-01
4.62462800e-06,3.81348408e-01
4.62472800e-06,3.81334336e-01
4.62482800e-06,3.81325266e-01
4.62492800e-06,3.81311210e-01
4.62502800e-06,3.81302152e-01
4.62512800e-06,3.81288110e-01
4.62522800e-06,3.81279065e-01
4.62532800e-06,3.81265038e-01
4.62542800e-06,3.81256006e-01
4.62552800e-06,3.81241993e-01
4.62562800e-06,3.81232974e-01
4.62572800e-06,3.81218975e-01
4.62582800e-06,3.81209969e-01
4.62592800e-06,3.81195985e-01
4.62602800e-06,3.81186991e-01
4.62612800e-06,3.81173022e-01
4.62622800e-06,3.81164040e-01
4.62632800e-06,3.81150085e-01
4.62642800e-06,3.81141116e-01
4.62652800e-06,3.81127176e-01
4.62662800e-06,3.81118220e-01
4.62672800e-06,3.81104294e-01
4.62682800e-06,3.81095350e-01
4.62692800e-06,3.81081439e-01
4.62702800e-06,3.81072508e-01
4.62712800e-06,3.81058611e-01
4.62722800e-06,3.81049692e-01
4.62732800e-06,3.81035810e-01
4.62742800e-06,3.81026903e-01
4.62752800e-06,3.81013036e-01
4.62762800e-06,3.81004142e-01
4.62772800e-06,3.80990289e-01
4.62782800e-06,3.80981407e-01
4.62792800e-06,3.80967568e-01
4.62802800e-06,3.80958699e-01
4.62812800e-06,3.80944875e-01
4.62822800e-06,3.80936018e-01
4.62832800e-06,3.80922208e-01
4.62842800e-06,3.80913363e-01
4.62852800e-06,3.80899568e-01
4.62862800e-06,3.80890736e-01
4.62872800e-06,3.80876955e-01
4.62882800e-06,3.80868135e-01
4.62892800e-06,3.80854368e-01
4.62902800e-06,3.80845561e-01
4.62912800e-06,3.80831808e-01
4.62922800e-06,3.80823013e-01
4.62932800e-06,3.80809275e-01
4.62942800e-06,3.80800492e-01
4.62952800e-06,3.80786768e-01
4.62962800e-06,3.80777998e-01
4.62972800e-06,3.80764288e-01
4.62982800e-06,3.80755530e-01
4.62992800e-06,3.80741834e-01
4.63002800e-06,3.80733088e-01
4.63012800e-06,3.80719407e-01
4.63022800e-06,3.80710673e-01
4.63032800e-06,3.80697007e-01
4.63042800e-06,3.80688285e-01
4.63052800e-06,3.80674632e-01
4.63062800e-06,3.80665923e-01
4.63072800e-06,3.80652284e-01
4.63082800e-06,3.80643587e-01
4.63092800e-06,3.80629963e-01
4.63102800e-06,3.80621278e-01
4.63112800e-06,3.80607668e-01
4.63122800e-06,3.80598995e-01
4.63132800e-06,3.80585399e-01
4.63142800e-06,3.80576738e-01
4.63152800e-06,3.80563156e-01
4.63162800e-06,3.80554508e-01
4.63172800e-06,3.80540940e-01
4.63182800e-06,3.80532303e-01
4.63192800e-06,3.80518750e-01
4.63202800e-06,3.80510125e-01
4.63212800e-06,3.80496586e-01
4.63222800e-06,3.80487974e-01
4.63232800e-06,3.80474448e-01
4.63242800e-06,3.80465848e-01
4.63252800e-06,3.80452336e-01
4.63262800e-06,3.80443748e-01
4.63272800e-06,3.80430251e-01
4.63282800e-06,3.80421675e-01
4.63292800e-06,3.80408191e-01
4.63302800e-06,3.80399627e-01
4.63312800e-06,3.80386158e-01
4.63322800e-06,3.80377606e-01
4.63332800e-06,3.80364150e-01
4.63342800e-06,3.80355610e-01
4.63352800e-06,3.80342169e-01
4.63362800e-06,3.80333641e-01
4.63372800e-06,3.80320213e-01
4.63382800e-06,3.80311697e-01
4.63392800e-06,3.80298284e-01
4.63402800e-06,3.80289780e-01
4.63412800e-06,3.80276380e-01
4.63422800e-06,3.80267888e-01
4.63432800e-06,3.80254502e-01
4.63442800e-06,3.80246022e-01
4.63452800e-06,3.80232650e-01
4.63462800e-06,3.80224182e-01
4.63472800e-06,3.80210824e-01
4.63482800e-06,3.80202367e-01
4.63492800e-06,3.80189023e-01
4.63502800e-06,3.80180579e-01
4.63512800e-06,3.80167248e-01
4.63522800e-06,3.80158816e-01
4.63532800e-06,3.80145499e-01
4.63542800e-06,3.80137078e-01
4.63552800e-06,3.80123776e-01
4.63562800e-06,3.80115367e-01
4.63572800e-06,3.80102078e-01
4.63582800e-06,3.80093681e-01
4.63592800e-06,3.80080406e-01
4.63602800e-06,3.80072021e-01
4.63612800e-06,3.80058760e-01
4.63622800e-06,3.80050386e-01
4.63632800e-06,3.80037139e-01
4.63642800e-06,3.80028777e-01
4.63652800e-06,3.80015543e-01
4.63662800e-06,3.80007193e-01
4.63672800e-06,3.79993973e-01
4.63682800e-06,3.79985635e-01
4.63692800e-06,3.79972429e-01
4.63702800e-06,3.79964102e-01
4.63712800e-06,3.79950910e-01
4.63722800e-06,3.79942595e-01
4.63732800e-06,3.79929416e-01
4.63742800e-06,3.79921113e-01
4.63752800e-06,3.79907948e-01
4.63762800e-06,3.79899657e-01
4.63772800e-06,3.79886505e-01
4.63782800e-06,3.79878226e-01
4.63792800e-06,3.79865088e-01
4.63802800e-06,3.79856820e-01
4.63812800e-06,3.79843696e-01
4.63822800e-06,3.79835439e-01
4.63832800e-06,3.79822329e-01
4.63842800e-06,3.79814084e-01
4.63852800e-06,3.79800987e-01
4.63862800e-06,3.79792754e-01
4.63872800e-06,3.79779671e-01
4.63882800e-06,3.79771450e-01
4.63892800e-06,3.79758380e-01
4.63902800e-06,3.79750170e-01
4.63912800e-06,3.79737114e-01
4.63922800e-06,3.79728916e-01
4.63932800e-06,3.79715873e-01
4.63942800e-06,3.79707687e-01
4.63952800e-06,3.79694657e-01
4.63962800e-06,3.79686482e-01
4.63972800e-06,3.79673467e-01
4.63982800e-06,3.79665304e-01
4.63992800e-06,3.79652301e-01
4.64002800e-06,3.79644150e-01
4.64012800e-06,3.79631161e-01
4.64022800e-06,3.79623021e-01
4.64032800e-06,3.79610046e-01
4.64042800e-06,3.79601917e-01
4.64052800e-06,3.79588955e-01
4.64062800e-06,3.79580838e-01
4.64072800e-06,3.79567890e-01
4.64082800e-06,3.79559784e-01
4.64092800e-06,3.79546849e-01
4.64102800e-06,3.79538755e-01
4.64112800e-06,3.79525834e-01
4.64122800e-06,3.79517751e-01
4.64132800e-06,3.79504843e-01
4.64142800e-06,3.79496772e-01
4.64152800e-06,3.79483878e-01
4.64162800e-06,3.79475818e-01
4.64172800e-06,3.79462937e-01
4.64182800e-06,3.79454889e-01
4.64192800e-06,3.79442021e-01
4.64202800e-06,3.79433984e-01
4.64212800e-06,3.79421130e-01
4.64222800e-06,3.79413104e-01
4.64232800e-06,3.79400263e-01
4.64242800e-06,3.79392249e-01
4.64252800e-06,3.79379421e-01
4.64262800e-06,3.79371419e-01
4.64272800e-06,3.79358604e-01
4.64282800e-06,3.79350613e-01
4.64292800e-06,3.79337812e-01
4.64302800e-06,3.79329833e-01
4.64312800e-06,3.79317045e-01
4.64322800e-06,3.79309076e-01
4.64332800e-06,3.79296302e-01
4.64342800e-06,3.79288345e-01
4.64352800e-06,3.79275584e-01
4.64362800e-06,3.79267638e-01
4.64372800e-06,3.79254890e-01
4.64382800e-06,3.79246956e-01
4.64392800e-06,3.79234221e-01
4.64402800e-06,3.79226298e-01
4.64412800e-06,3.79213576e-01
4.64422800e-06,3.79205665e-01
4.64432800e-06,3.79192957e-01
4.64442800e-06,3.79185056e-01
4.64452800e-06,3.79172361e-01
4.64462800e-06,3.79164472e-01
4.64472800e-06,3.79151790e-01
4.64482800e-06,3.79143913e-01
4.64492800e-06,3.79131244e-01
4.64502800e-06,3.79123377e-01
4.64512800e-06,3.79110722e-01
4.64522800e-06,3.79102867e-01
4.64532800e-06,3.79090224e-01
4.64542800e-06,3.79082380e-01
4.64552800e-06,3.79069751e-01
4.64562800e-06,3.79061918e-01
4.64572800e-06,3.79049302e-01
4.64582800e-06,3.79041481e-01
4.64592800e-06,3.79028878e-01
4.64602800e-06,3.79021068e-01
4.64612800e-06,3.79008478e-01
4.64622800e-06,3.79000679e-01
4.64632800e-06,3.78988102e-01
4.64642800e-06,3.78980314e-01
4.64652800e-06,3.78967751e-01
4.64662800e-06,3.78959974e-01
4.64672800e-06,3.78947423e-01
4.64682800e-06,3.78939658e-01
4.64692800e-06,3.78927120e-01
4.64702800e-06,3.78919366e-01
4.64712800e-06,3.78906842e-01
4.64722800e-06,3.78899098e-01
4.64732800e-06,3.78886587e-01
4.64742800e-06,3.78878855e-01
4.64752800e-06,3.78866357e-01
4.64762800e-06,3.78858636e-01
4.64772800e-06,3.78846151e-01
4.64782800e-06,3.78838441e-01
4.64792800e-06,3.78825969e-01
4.64802800e-06,3.78818270e-01
4.64812800e-06,3.78805811e-01
4.64822800e-06,3.78798123e-01
4.64832800e-06,3.78785677e-01
4.64842800e-06,3.78778001e-01
4.64852800e-06,3.78765567e-01
4.64862800e-06,3.78757902e-01
4.64872800e-06,3.78745482e-01
4.64882800e-06,3.78737827e-01
4.64892800e-06,3.78725420e-01
4.64902800e-06,3.78717777e-01
4.64912800e-06,3.78705382e-01
4.64922800e-06,3.78697750e-01
4.64932800e-06,3.78685369e-01
4.64942800e-06,3.78677748e-01
4.64952800e-06,3.78665379e-01
4.64962800e-06,3.78657769e-01
4.64972800e-06,3.78645414e-01
4.64982800e-06,3.78637815e-01
4.64992800e-06,3.78625472e-01
4.65002800e-06,3.78617884e-01
4.65012800e-06,3.78605554e-01
4.65022800e-06,3.78597977e-01
4.65032800e-06,3.78585660e-01
4.65042800e-06,3.78578095e-01
4.65052800e-06,3.78565790e-01
4.65062800e-06,3.78558236e-01
4.65072800e-06,3.78545944e-01
4.65082800e-06,3.78538400e-01
4.65092800e-06,3.78526122e-01
4.65102800e-06,3.78518589e-01
4.65112800e-06,3.78506324e-01
4.65122800e-06,3.78498802e-01
4.65132800e-06,3.78486549e-01
4.65142800e-06,3.78479038e-01
4.65152800e-06,3.78466798e-01
4.65162800e-06,3.78459298e-01
4.65172800e-06,3.78447071e-01
4.65182800e-06,3.78439582e-01
4.65192800e-06,3.78427368e-01
4.65202800e-06,3.78419889e-01
4.65212800e-06,3.78407688e-01
4.65222800e-06,3.78400221e-01
4.65232800e-06,3.78388032e-01
4.65242800e-06,3.78380576e-01
4.65252800e-06,3.78368400e-01
4.65262800e-06,3.78360955e-01
4.65272800e-06,3.78348791e-01
4.65282800e-06,3.78341357e-01
4.65292800e-06,3.78329207e-01
4.65302800e-06,3.78321783e-01
4.65312800e-06,3.78309645e-01
4.65322800e-06,3.78302233e-01
4.65332800e-06,3.78290108e-01
4.65342800e-06,3.78282706e-01
4.65352800e-06,3.78270594e-01
4.65362800e-06,3.78263203e-01
4.65372800e-06,3.78251103e-01
4.65382800e-06,3.78243723e-01
4.65392800e-06,3.78231636e-01
4.65402800e-06,3.78224267e-01
4.65412800e-06,3.78212193e-01
4.65422800e-06,3.78204834e-01
4.65432800e-06,3.78192773e-01
4.65442800e-06,3.78185425e-01
4.65452800e-06,3.78173377e-01
4.65462800e-06,3.78166040e-01
4.65472800e-06,3.78154004e-01
4.65482800e-06,3.78146678e-01
4.65492800e-06,3.78134655e-01
4.65502800e-06,3.78127339e-01
4.65512800e-06,3.78115329e-01
4.65522800e-06,3.78108024e-01
4.65532800e-06,3.78096026e-01
4.65542800e-06,3.78088733e-01
4.65552800e-06,3.78076747e-01
4.65562800e-06,3.78069464e-01
4.65572800e-06,3.78057492e-01
4.65582800e-06,3.78050219e-01
4.65592800e-06,3.78038259e-01
4.65602800e-06,3.78030998e-01
4.65612800e-06,3.78019050e-01
4.65622800e-06,3.78011800e-01
4.65632800e-06,3.77999865e-01
4.65642800e-06,3.77992625e-01
4.65652800e-06,3.77980703e-01
4.65662800e-06,3.77973474e-01
4.65672800e-06,3.77961564e-01
4.65682800e-06,3.77954346e-01
4.65692800e-06,3.77942449e-01
4.65702800e-06,3.77935241e-01
4.65712800e-06,3.77923356e-01
4.65722800e-06,3.77916159e-01
4.65732800e-06,3.77904287e-01
4.65742800e-06,3.77897101e-01
4.65752800e-06,3.77885242e-01
4.65762800e-06,3.77878066e-01
4.65772800e-06,3.77866219e-01
4.65782800e-06,3.77859054e-01
4.65792800e-06,3.77847220e-01
4.65802800e-06,3.77840066e-01
4.65812800e-06,3.77828244e-01
4.65822800e-06,3.77821101e-01
4.65832800e-06,3.77809291e-01
4.65842800e-06,3.77802159e-01
4.65852800e-06,3.77790362e-01
4.65862800e-06,3.77783240e-01
4.65872800e-06,3.77771455e-01
4.65882800e-06,3.77764344e-01
4.65892800e-06,3.77752572e-01
4.65902800e-06,3.77745471e-01
4.65912800e-06,3.77733712e-01
4.65922800e-06,3.77726622e-01
4.65932800e-06,3.77714875e-01
4.65942800e-06,3.77707796e-01
4.65952800e-06,3.77696061e-01
4.65962800e-06,3.77688992e-01
4.65972800e-06,3.77677270e-01
4.65982800e-06,3.77670212e-01
4.65992800e-06,3.77658503e-01
4.66002800e-06,3.77651455e-01
4.66012800e-06,3.77639758e-01
4.66022800e-06,3.77632721e-01
4.66032800e-06,3.77621036e-01
4.66042800e-06,3.77614010e-01
4.66052800e-06,3.77602338e-01
4.66062800e-06,3.77595322e-01
4.66072800e-06,3.77583662e-01
4.66082800e-06,3.77576657e-01
4.66092800e-06,3.77565010e-01
4.66102800e-06,3.77558016e-01
4.66112800e-06,3.77546381e-01
4.66122800e-06,3.77539397e-01
4.66132800e-06,3.77527774e-01
4.66142800e-06,3.77520801e-01
4.66152800e-06,3.77509190e-01
4.66162800e-06,3.77502228e-01
4.66172800e-06,3.77490630e-01
4.66182800e-06,3.77483678e-01
4.66192800e-06,3.77472092e-01
4.66202800e-06,3.77465151e-01
4.66212800e-06,3.77453578e-01
4.66222800e-06,3.77446647e-01
4.66232800e-06,3.77435086e-01
4.66242800e-06,3.77428165e-01
4.66252800e-06,3.77416617e-01
4.66262800e-06,3.77409707e-01
4.66272800e-06,3.77398171e-01
4.66282800e-06,3.77391272e-01
4.66292800e-06,3.77379748e-01
4.66302800e-06,3.77372859e-01
4.66312800e-06,3.77361348e-01
4.66322800e-06,3.77354469e-01
4.66332800e-06,3.77342970e-01
4.66342800e-06,3.77336103e-01
4.66352800e-06,3.77324616e-01
4.66362800e-06,3.77317759e-01
4.66372800e-06,3.77306284e-01
4.66382800e-06,3.77299437e-01
4.66392800e-06,3.77287975e-01
4.66402800e-06,3.77281139e-01
4.66412800e-06,3.77269689e-01
4.66422800e-06,3.77262863e-01
4.66432800e-06,3.77251426e-01
4.66442800e-06,3.77244611e-01
4.66452800e-06,3.77233185e-01
4.66462800e-06,3.77226380e-01
4.66472800e-06,3.77214968e-01
4.66482800e-06,3.77208173e-01
4.66492800e-06,3.77196773e-01
4.66502800e-06,3.77189989e-01
4.66512800e-06,3.77178600e-01
4.66522800e-06,3.77171827e-01
4.66532800e-06,3.77160451e-01
4.66542800e-06,3.77153688e-01
4.66552800e-06,3.77142324e-01
4.66562800e-06,3.77135572e-01
4.66572800e-06,3.77124220e-01
4.66582800e-06,3.77117478e-01
4.66592800e-06,3.77106139e-01
4.66602800e-06,3.77099407e-01
4.66612800e-06,3.77088080e-01
4.66622800e-06,3.77081359e-01
4.66632800e-06,3.77070044e-01
4.66642800e-06,3.77063333e-01
4.66652800e-06,3.77052031e-01
4.66662800e-06,3.77045330e-01
4.66672800e-06,3.77034040e-01
4.66682800e-06,3.77027350e-01
4.66692800e-06,3.77016072e-01
4.66702800e-06,3.77009393e-01
4.66712800e-06,3.76998127e-01
4.66722800e-06,3.76991458e-01
4.66732800e-06,3.76980204e-01
4.66742800e-06,3.76973545e-01
4.66752800e-06,3.76962304e-01
4.66762800e-06,3.76955656e-01
4.66772800e-06,3.76944426e-01
4.66782800e-06,3.76937789e-01
4.66792800e-06,3.76926571e-01
4.66802800e-06,3.76919944e-01
4.66812800e-06,3.76908739e-01
4.66822800e-06,3.76902122e-01
4.66832800e-06,3.76890929e-01
4.66842800e-06,3.76884323e-01
4.66852800e-06,3.76873142e-01
4.66862800e-06,3.76866546e-01
4.66872800e-06,3.76855377e-01
4.66882800e-06,3.76848792e-01
4.66892800e-06,3.76837635e-01
4.66902800e-06,3.76831060e-01
4.66912800e-06,3.76819916e-01
4.66922800e-06,3.76813351e-01
4.66932800e-06,3.76802219e-01
4.66942800e-06,3.76795664e-01
4.66952800e-06,3.76784544e-01
4.66962800e-06,3.76778000e-01
4.66972800e-06,3.76766892e-01
4.66982800e-06,3.76760359e-01
4.66992800e-06,3.76749263e-01
4.67002800e-06,3.76742739e-01
4.67012800e-06,3.76731656e-01
4.67022800e-06,3.76725143e-01
4.67032800e-06,3.76714071e-01
4.67042800e-06,3.76707569e-01
4.67052800e-06,3.76696509e-01
4.67062800e-06,3.76690017e-01
4.67072800e-06,3.76678970e-01
4.67082800e-06,3.76672488e-01
4.67092800e-06,3.76661453e-01
4.67102800e-06,3.76654981e-01
4.67112800e-06,3.76643958e-01
4.67122800e-06,3.76637497e-01
4.67132800e-06,3.76626486e-01
4.67142800e-06,3.76620035e-01
4.67152800e-06,3.76609036e-01
4.67162800e-06,3.76602595e-01
4.67172800e-06,3.76591609e-01
4.67182800e-06,3.76585178e-01
4.67192800e-06,3.76574204e-01
4.67202800e-06,3.76567784e-01
4.67212800e-06,3.76556821e-01
4.67222800e-06,3.76550412e-01
4.67232800e-06,3.76539461e-01
4.67242800e-06,3.76533062e-01
4.67252800e-06,3.76522123e-01
4.67262800e-06,3.76515734e-01
4.67272800e-06,3.76504808e-01
4.67282800e-06,3.76498429e-01
4.67292800e-06,3.76487515e-01
4.67302800e-06,3.76481147e-01
4.67312800e-06,3.76470245e-01
4.67322800e-06,3.76463886e-01
4.67332800e-06,3.76452996e-01
4.67342800e-06,3.76446648e-01
4.67352800e-06,3.76435770e-01
4.67362800e-06,3.76429433e-01
4.67372800e-06,3.76418567e-01
4.67382800e-06,3.76412240e-01
4.67392800e-06,3.76401386e-01
4.67402800e-06,3.76395069e-01
4.67412800e-06,3.76384227e-01
4.67422800e-06,3.76377920e-01
4.67432800e-06,3.76367090e-01
4.67442800e-06,3.76360794e-01
4.67452800e-06,3.76349976e-01
4.67462800e-06,3.76343690e-01
4.67472800e-06,3.76332884e-01
4.67482800e-06,3.76326609e-01
4.67492800e-06,3.76315815e-01
4.67502800e-06,3.76309549e-01
4.67512800e-06,3.76298767e-01
4.67522800e-06,3.76292512e-01
4.67532800e-06,3.76281743e-01
4.67542800e-06,3.76275498e-01
4.67552800e-06,3.76264740e-01
4.67562800e-06,3.76258505e-01
4.67572800e-06,3.76247760e-01
4.67582800e-06,3.76241535e-01
4.67592800e-06,3.76230802e-01
4.67602800e-06,3.76224587e-01
4.67612800e-06,3.76213866e-01
4.67622800e-06,3.76207662e-01
4.67632800e-06,3.76196952e-01
4.67642800e-06,3.76190759e-01
4.67652800e-06,3.76180061e-01
4.67662800e-06,3.76173878e-01
4.67672800e-06,3.76163192e-01
4.67682800e-06,3.76157019e-01
4.67692800e-06,3.76146345e-01
4.67702800e-06,3.76140183e-01
4.67712800e-06,3.76129521e-01
4.67722800e-06,3.76123368e-01
4.67732800e-06,3.76112719e-01
4.67742800e-06,3.76106576e-01
4.67752800e-06,3.76095939e-01
4.67762800e-06,3.76089807e-01
4.67772800e-06,3.76079181e-01
4.67782800e-06,3.76073059e-01
4.67792800e-06,3.76062445e-01
4.67802800e-06,3.76056334e-01
4.67812800e-06,3.76045732e-01
4.67822800e-06,3.76039631e-01
4.67832800e-06,3.76029041e-01
4.67842800e-06,3.76022950e-01
4.67852800e-06,3.76012372e-01
4.67862800e-06,3.76006292e-01
4.67872800e-06,3.75995726e-01
4.67882800e-06,3.75989655e-01
4.67892800e-06,3.75979101e-01
4.67902800e-06,3.75973041e-01
4.67912800e-06,3.75962499e-01
4.67922800e-06,3.75956449e-01
4.67932800e-06,3.75945919e-01
4.67942800e-06,3.75939879e-01
4.67952800e-06,3.75929361e-01
4.67962800e-06,3.75923332e-01
4.67972800e-06,3.75912826e-01
4.67982800e-06,3.75906807e-01
4.67992800e-06,3.75896312e-01
4.68002800e-06,3.75890303e-01
4.68012800e-06,3.75879821e-01
4.68022800e-06,3.75873822e-01
4.68032800e-06,3.75863352e-01
4.68042800e-06,3.75857364e-01
4.68052800e-06,3.75846905e-01
4.68062800e-06,3.75840927e-01
4.68072800e-06,3.75830481e-01
4.68082800e-06,3.75824513e-01
4.68092800e-06,3.75814078e-01
4.68102800e-06,3.75808120e-01
4.68112800e-06,3.75797698e-01
4.68122800e-06,3.75791750e-01
4.68132800e-06,3.75781340e-01
4.68142800e-06,3.75775402e-01
4.68152800e-06,3.75765004e-01
4.68162800e-06,3.75759077e-01
4.68172800e-06,3.75748690e-01
4.68182800e-06,3.75742773e-01
4.68192800e-06,3.75732398e-01
4.68202800e-06,3.75726492e-01
4.68212800e-06,3.75716129e-01
4.68222800e-06,3.75710233e-01
4.68232800e-06,3.75699882e-01
4.68242800e-06,3.75693996e-01
4.68252800e-06,3.75683657e-01
4.68262800e-06,3.75677781e-01
4.68272800e-06,3.75667454e-01
4.68282800e-06,3.75661588e-01
4.68292800e-06,3.75651273e-01
4.68302800e-06,3.75645417e-01
4.68312800e-06,3.75635114e-01
4.68322800e-06,3.75629269e-01
4.68332800e-06,3.75618977e-01
4.68342800e-06,3.75613142e-01
4.68352800e-06,3.75602863e-01
4.68362800e-06,3.75597038e-01
4.68372800e-06,3.75586771e-01
4.68382800e-06,3.75580956e-01
4.68392800e-06,3.75570701e-01
4.68402800e-06,3.75564896e-01
4.68412800e-06,3.75554653e-01
4.68422800e-06,3.75548859e-01
4.68432800e-06,3.75538627e-01
4.68442800e-06,3.75532843e-01
4.68452800e-06,3.75522623e-01
4.68462800e-06,3.75516850e-01
4.68472800e-06,3.75506642e-01
4.68482800e-06,3.75500878e-01
4.68492800e-06,3.75490683e-01
4.68502800e-06,3.75484929e-01
4.68512800e-06,3.75474745e-01
4.68522800e-06,3.75469002e-01
4.68532800e-06,3.75458830e-01
4.68542800e-06,3.75453097e-01
4.68552800e-06,3.75442937e-01
4.68562800e-06,3.75437215e-01
4.68572800e-06,3.75427066e-01
4.68582800e-06,3.75421354e-01
4.68592800e-06,3.75411218e-01
4.68602800e-06,3.75405516e-01
4.68612800e-06,3.75395391e-01
4.68622800e-06,3.75389699e-01
4.68632800e-06,3.75379587e-01
4.68642800e-06,3.75373905e-01
4.68652800e-06,3.75363805e-01
4.68662800e-06,3.75358133e-01
4.68672800e-06,3.75348045e-01
4.68682800e-06,3.75342383e-01
4.68692800e-06,3.75332307e-01
4.68702800e-06,3.75326656e-01
4.68712800e-06,3.75316591e-01
4.68722800e-06,3.75310950e-01
4.68732800e-06,3.75300897e-01
4.68742800e-06,3.75295267e-01
4.68752800e-06,3.75285226e-01
4.68762800e-06,3.75279606e-01
4.68772800e-06,3.75269576e-01
4.68782800e-06,3.75263966e-01
4.68792800e-06,3.75253949e-01
4.68802800e-06,3.75248350e-01
4.68812800e-06,3.75238344e-01
4.68822800e-06,3.75232755e-01
4.68832800e-06,3.75222761e-01
4.68842800e-06,3.75217182e-01
4.68852800e-06,3.75207201e-01
4.68862800e-06,3.75201632e-01
4.68872800e-06,3.75191662e-01
4.68882800e-06,3.75186103e-01
4.68892800e-06,3.75176146e-01
4.68902800e-06,3.75170597e-01
4.68912800e-06,3.75160651e-01
4.68922800e-06,3.75155113e-01
4.68932800e-06,3.75145179e-01
4.68942800e-06,3.75139651e-01
4.68952800e-06,3.75129729e-01
4.68962800e-06,3.75124212e-01
4.68972800e-06,3.75114302e-01
4.68982800e-06,3.75108794e-01
4.68992800e-06,3.75098896e-01
4.69002800e-06,3.75093399e-01
4.69012800e-06,3.75083512e-01
4.69022800e-06,3.75078025e-01
4.69032800e-06,3.75068151e-01
4.69042800e-06,3.75062674e-01
4.69052800e-06,3.75052812e-01
4.69062800e-06,3.75047346e-01
4.69072800e-06,3.75037495e-01
4.69082800e-06,3.75032039e-01
4.69092800e-06,3.75022200e-01
4.69102800e-06,3.75016754e-01
4.69112800e-06,3.75006928e-01
4.69122800e-06,3.75001492e-01
4.69132800e-06,3.74991677e-01
4.69142800e-06,3.74986252e-01
4.69152800e-06,3.74976449e-01
4.69162800e-06,3.74971034e-01
4.69172800e-06,3.74961243e-01
4.69182800e-06,3.74955838e-01
4.69192800e-06,3.74946059e-01
4.69202800e-06,3.74940665e-01
4.69212800e-06,3.74930898e-01
4.69222800e-06,3.74925513e-01
4.69232800e-06,3.74915758e-01
4.69242800e-06,3.74910384e-01
4.69252800e-06,3.74900641e-01
4.69262800e-06,3.74895277e-01
4.69272800e-06,3.74885546e-01
4.69282800e-06,3.74880193e-01
4.69292800e-06,3.74870473e-01
4.69302800e-06,3.74865130e-01
4.69312800e-06,3.74855423e-01
4.69322800e-06,3.74850090e-01
4.69332800e-06,3.74840395e-01
4.69342800e-06,3.74835072e-01
4.69352800e-06,3.74825388e-01
4.69362800e-06,3.74820076e-01
4.69372800e-06,3.74810404e-01
4.69382800e-06,3.74805102e-01
4.69392800e-06,3.74795443e-01
4.69402800e-06,3.74790151e-01
4.69412800e-06,3.74780503e-01
4.69422800e-06,3.74775222e-01
4.69432800e-06,3.74765586e-01
4.69442800e-06,3.74760315e-01
4.69452800e-06,3.74750691e-01
4.69462800e-06,3.74745430e-01
4.69472800e-06,3.74735819e-01
4.69482800e-06,3.74730568e-01
4.69492800e-06,3.74720968e-01
4.69502800e-06,3.74715728e-01
4.69512800e-06,3.74706140e-01
4.69522800e-06,3.74700910e-01
4.69532800e-06,3.74691334e-01
4.69542800e-06,3.74686114e-01
4.69552800e-06,3.74676550e-01
4.69562800e-06,3.74671341e-01
4.69572800e-06,3.74661789e-01
4.69582800e-06,3.74656590e-01
4.69592800e-06,3.74647050e-01
4.69602800e-06,3.74641861e-01
4.69612800e-06,3.74632333e-01
4.69622800e-06,3.74627155e-01
4.69632800e-06,3.74617639e-01
4.69642800e-06,3.74612471e-01
4.69652800e-06,3.74602967e-01
4.69662800e-06,3.74597809e-01
4.69672800e-06,3.74588317e-01
4.69682800e-06,3.74583170e-01
4.69692800e-06,3.74573689e-01
4.69702800e-06,3.74568553e-01
4.69712800e-06,3.74559084e-01
4.69722800e-06,3.74553958e-01
4.69732800e-06,3.74544501e-01
4.69742800e-06,3.74539385e-01
4.69752800e-06,3.74529941e-01
4.69762800e-06,3.74524835e-01
4.69772800e-06,3.74515403e-01
4.69782800e-06,3.74510307e-01
4.69792800e-06,3.74500887e-01
4.69802800e-06,3.74495802e-01
4.69812800e-06,3.74486394e-01
4.69822800e-06,3.74481319e-01
4.69832800e-06,3.74471923e-01
4.69842800e-06,3.74466858e-01
4.69852800e-06,3.74457474e-01
4.69862800e-06,3.74452420e-01
4.69872800e-06,3.74443048e-01
4.69882800e-06,3.74438004e-01
4.69892800e-06,3.74428644e-01
4.69902800e-06,3.74423610e-01
4.69912800e-06,3.74414262e-01
4.69922800e-06,3.74409239e-01
4.69932800e-06,3.74399903e-01
4.69942800e-06,3.74394891e-01
4.69952800e-06,3.74385566e-01
4.69962800e-06,3.74380564e-01
4.69972800e-06,3.74371252e-01
4.69982800e-06,3.74366260e-01
4.69992800e-06,3.74356960e-01
4.70002800e-06,3.74351979e-01
4.70012800e-06,3.74342691e-01
4.70022800e-06,3.74337720e-01
4.70032800e-06,3.74328444e-01
4.70042800e-06,3.74323484e-01
4.70052800e-06,3.74314219e-01
4.70062800e-06,3.74309269e-01
4.70072800e-06,3.74300017e-01
4.70082800e-06,3.74295078e-01
4.70092800e-06,3.74285838e-01
4.70102800e-06,3.74280909e-01
4.70112800e-06,3.74271681e-01
4.70122800e-06,3.74266762e-01
4.70132800e-06,3.74257546e-01
4.70142800e-06,3.74252638e-01
4.70152800e-06,3.74243434e-01
4.70162800e-06,3.74238536e-01
4.70172800e-06,3.74229345e-01
4.70182800e-06,3.74224457e-01
4.70192800e-06,3.74215278e-01
4.70202800e-06,3.74210401e-01
4.70212800e-06,3.74201233e-01
4.70222800e-06,3.74196367e-01
4.70232800e-06,3.74187211e-01
4.70242800e-06,3.74182355e-01
4.70252800e-06,3.74173212e-01
4.70262800e-06,3.74168366e-01
4.70272800e-06,3.74159235e-01
4.70282800e-06,3.74154400e-01
4.70292800e-06,3.74145281e-01
4.70302800e-06,3.74140456e-01
4.70312800e-06,3.74131349e-01
4.70322800e-06,3.74126535e-01
4.70332800e-06,3.74117440e-01
4.70342800e-06,3.74112637e-01
4.70352800e-06,3.74103554e-01
4.70362800e-06,3.74098761e-01
4.70372800e-06,3.74089690e-01
4.70382800e-06,3.74084907e-01
4.70392800e-06,3.74075848e-01
4.70402800e-06,3.74071077e-01
4.70412800e-06,3.74062030e-01
4.70422800e-06,3.74057269e-01
4.70432800e-06,3.74048234e-01
4.70442800e-06,3.74043483e-01
4.70452800e-06,3.74034461e-01
4.70462800e-06,3.74029720e-01
4.70472800e-06,3.74020710e-01
4.70482800e-06,3.74015980e-01
4.70492800e-06,3.74006982e-01
4.70502800e-06,3.74002263e-01
4.70512800e-06,3.73993277e-01
4.70522800e-06,3.73988568e-01
4.70532800e-06,3.73979594e-01
4.70542800e-06,3.73974896e-01
4.70552800e-06,3.73965934e-01
4.70562800e-06,3.73961247e-01
4.70572800e-06,3.73952297e-01
4.70582800e-06,3.73947620e-01
4.70592800e-06,3.73938683e-01
4.70602800e-06,3.73934017e-01
4.70612800e-06,3.73925091e-01
4.70622800e-06,3.73920436e-01
4.70632800e-06,3.73911522e-01
4.70642800e-06,3.73906877e-01
4.70652800e-06,3.73897976e-01
4.70662800e-06,3.73893342e-01
4.70672800e-06,3.73884453e-01
4.70682800e-06,3.73879829e-01
4.70692800e-06,3.73870953e-01
4.70702800e-06,3.73866339e-01
4.70712800e-06,3.73857475e-01
4.70722800e-06,3.73852872e-01
4.70732800e-06,3.73844020e-01
4.70742800e-06,3.73839428e-01
4.70752800e-06,3.73830588e-01
4.70762800e-06,3.73826007e-01
4.70772800e-06,3.73817179e-01
4.70782800e-06,3.73812608e-01
4.70792800e-06,3.73803793e-01
4.70802800e-06,3.73799233e-01
4.70812800e-06,3.73790430e-01
4.70822800e-06,3.73785880e-01
4.70832800e-06,3.73777089e-01
4.70842800e-06,3.73772550e-01
4.70852800e-06,3.73763772e-01
4.70862800e-06,3.73759243e-01
4.70872800e-06,3.73750477e-01
4.70882800e-06,3.73745960e-01
4.70892800e-06,3.73737205e-01
4.70902800e-06,3.73732699e-01
4.70912800e-06,3.73723957e-01
4.70922800e-06,3.73719461e-01
4.70932800e-06,3.73710731e-01
4.70942800e-06,3.73706246e-01
4.70952800e-06,3.73697528e-01
4.70962800e-06,3.73693053e-01
4.70972800e-06,3.73684348e-01
4.70982800e-06,3.73679884e-01
4.70992800e-06,3.73671192e-01
4.71002800e-06,3.73666738e-01
4.71012800e-06,3.73658058e-01
4.71022800e-06,3.73653616e-01
4.71032800e-06,3.73644947e-01
4.71042800e-06,3.73640516e-01
4.71052800e-06,3.73631860e-01
4.71062800e-06,3.73627439e-01
4.71072800e-06,3.73618795e-01
4.71082800e-06,3.73614385e-01
4.71092800e-06,3.73605754e-01
4.71102800e-06,3.73601354e-01
4.71112800e-06,3.73592735e-01
4.71122800e-06,3.73588347e-01
4.71132800e-06,3.73579740e-01
4.71142800e-06,3.73575363e-01
4.71152800e-06,3.73566768e-01
4.71162800e-06,3.73562401e-01
4.71172800e-06,3.73553819e-01
4.71182800e-06,3.73549463e-01
4.71192800e-06,3.73540894e-01
4.71202800e-06,3.73536548e-01
4.71212800e-06,3.73527991e-01
4.71222800e-06,3.73523657e-01
4.71232800e-06,3.73515112e-01
4.71242800e-06,3.73510788e-01
4.71252800e-06,3.73502256e-01
4.71262800e-06,3.73497943e-01
4.71272800e-06,3.73489423e-01
4.71282800e-06,3.73485121e-01
4.71292800e-06,3.73476614e-01
4.71302800e-06,3.73472322e-01
4.71312800e-06,3.73463827e-01
4.71322800e-06,3.73459547e-01
4.71332800e-06,3.73451064e-01
4.71342800e-06,3.73446795e-01
4.71352800e-06,3.73438325e-01
4.71362800e-06,3.73434066e-01
4.71372800e-06,3.73425608e-01
4.71382800e-06,3.73421361e-01
4.71392800e-06,3.73412915e-01
4.71402800e-06,3.73408679e-01
4.71412800e-06,3.73400246e-01
4.71422800e-06,3.73396020e-01
4.71432800e-06,3.73387599e-01
4.71442800e-06,3.73383385e-01
4.71452800e-06,3.73374977e-01
4.71462800e-06,3.73370773e-01
4.71472800e-06,3.73362377e-01
4.71482800e-06,3.73358184e-01
4.71492800e-06,3.73349801e-01
4.71502800e-06,3.73345619e-01
4.71512800e-06,3.73337249e-01
4.71522800e-06,3.73333078e-01
4.71532800e-06,3.73324720e-01
4.71542800e-06,3.73320559e-01
4.71552800e-06,3.73312214e-01
4.71562800e-06,3.73308065e-01
4.71572800e-06,3.73299732e-01
4.71582800e-06,3.73295594e-01
4.71592800e-06,3.73287273e-01
4.71602800e-06,3.73283146e-01
4.71612800e-06,3.73274838e-01
4.71622800e-06,3.73270722e-01
4.71632800e-06,3.73262427e-01
4.71642800e-06,3.73258322e-01
4.71652800e-06,3.73250039e-01
4.71662800e-06,3.73245945e-01
4.71672800e-06,3.73237675e-01
4.71682800e-06,3.73233592e-01
4.71692800e-06,3.73225335e-01
4.71702800e-06,3.73221263e-01
4.71712800e-06,3.73213018e-01
4.71722800e-06,3.73208957e-01
4.71732800e-06,3.73200725e-01
4.71742800e-06,3.73196675e-01
4.71752800e-06,3.73188455e-01
4.71762800e-06,3.73184416e-01
4.71772800e-06,3.73176209e-01
4.71782800e-06,3.73172182e-01
4.71792800e-06,3.73163987e-01
4.71802800e-06,3.73159971e-01
4.71812800e-06,3.73151789e-01
4.71822800e-06,3.73147783e-01
4.71832800e-06,3.73139614e-01
4.71842800e-06,3.73135620e-01
4.71852800e-06,3.73127463e-01
4.71862800e-06,3.73123480e-01
4.71872800e-06,3.73115337e-01
4.71882800e-06,3.73111365e-01
4.71892800e-06,3.73103233e-01
4.71902800e-06,3.73099273e-01
4.71912800e-06,3.73091154e-01
4.71922800e-06,3.73087205e-01
4.71932800e-06,3.73079099e-01
4.71942800e-06,3.73075161e-01
4.71952800e-06,3.73067067e-01
4.71962800e-06,3.73063140e-01
4.71972800e-06,3.73055060e-01
4.71982800e-06,3.73051144e-01
4.71992800e-06,3.73043076e-01
4.72002800e-06,3.73039172e-01
4.72012800e-06,3.73031117e-01
4.72022800e-06,3.73027223e-01
4.72032800e-06,3.73019181e-01
4.72042800e-06,3.73015299e-01
4.72052800e-06,3.73007270e-01
4.72062800e-06,3.73003399e-01
4.72072800e-06,3.72995382e-01
4.72082800e-06,3.72991523e-01
4.72092800e-06,3.72983519e-01
4.72102800e-06,3.72979670e-01
4.72112800e-06,3.72971679e-01
4.72122800e-06,3.72967842e-01
4.72132800e-06,3.72959864e-01
4.72142800e-06,3.72956038e-01
4.72152800e-06,3.72948073e-01
4.72162800e-06,3.72944259e-01
4.72172800e-06,3.72936306e-01
4.72182800e-06,3.72932503e-01
4.72192800e-06,3.72924563e-01
4.72202800e-06,3.72920772e-01
4.72212800e-06,3.72912845e-01
4.72222800e-06,3.72909065e-01
4.72232800e-06,3.72901151e-01
4.72242800e-06,3.72897382e-01
4.72252800e-06,3.72889481e-01
4.72262800e-06,3.72885723e-01
4.72272800e-06,3.72877835e-01
4.72282800e-06,3.72874089e-01
4.72292800e-06,3.72866213e-01
4.72302800e-06,3.72862479e-01
4.72312800e-06,3.72854615e-01
4.72322800e-06,3.72850891e-01
4.72332800e-06,3.72843042e-01
4.72342800e-06,3.72839330e-01
4.72352800e-06,3.72831494e-01
4.72362800e-06,3.72827794e-01
4.72372800e-06,3.72819971e-01
4.72382800e-06,3.72816282e-01
4.72392800e-06,3.72808470e-01
4.72402800e-06,3.72804792e-01
4.72412800e-06,3.72796995e-01
4.72422800e-06,3.72793329e-01
4.72432800e-06,3.72785545e-01
4.72442800e-06,3.72781891e-01
4.72452800e-06,3.72774118e-01
4.72462800e-06,3.72770475e-01
4.72472800e-06,3.72762717e-01
4.72482800e-06,3.72759086e-01
4.72492800e-06,3.72751341e-01
4.72502800e-06,3.72747721e-01
4.72512800e-06,3.72739988e-01
4.72522800e-06,3.72736379e-01
4.72532800e-06,3.72728660e-01
4.72542800e-06,3.72725063e-01
4.72552800e-06,3.72717356e-01
4.72562800e-06,3.72713771e-01
4.72572800e-06,3.72706078e-01
4.72582800e-06,3.72702505e-01
4.72592800e-06,3.72694824e-01
4.72602800e-06,3.72691262e-01
4.72612800e-06,3.72683595e-01
4.72622800e-06,3.72680045e-01
4.72632800e-06,3.72672391e-01
4.72642800e-06,3.72668852e-01
4.72652800e-06,3.72661212e-01
4.72662800e-06,3.72657685e-01
4.72672800e-06,3.72650057e-01
4.72682800e-06,3.72646541e-01
4.72692800e-06,3.72638927e-01
4.72702800e-06,3.72635424e-01
4.72712800e-06,3.72627822e-01
4.72722800e-06,3.72624330e-01
4.72732800e-06,3.72616742e-01
4.72742800e-06,3.72613263e-01
4.72752800e-06,3.72605687e-01
4.72762800e-06,3.72602218e-01
4.72772800e-06,3.72594657e-01
4.72782800e-06,3.72591201e-01
4.72792800e-06,3.72583652e-01
4.72802800e-06,3.72580206e-01
4.72812800e-06,3.72572672e-01
4.72822800e-06,3.72569239e-01
4.72832800e-06,3.72561717e-01
4.72842800e-06,3.72558295e-01
4.72852800e-06,3.72550787e-01
4.72862800e-06,3.72547378e-01
4.72872800e-06,3.72539882e-01
4.72882800e-06,3.72536484e-01
4.72892800e-06,3.72529002e-01
4.72902800e-06,3.72525617e-01
4.72912800e-06,3.72518148e-01
4.72922800e-06,3.72514773e-01
4.72932800e-06,3.72507318e-01
4.72942800e-06,3.72503957e-01
4.72952800e-06,3.72496514e-01
4.72962800e-06,3.72493163e-01
4.72972800e-06,3.72485735e-01
4.72982800e-06,3.72482397e-01
4.72992800e-06,3.72474982e-01
4.73002800e-06,3.72471655e-01
4.73012800e-06,3.72464253e-01
4.73022800e-06,3.72460939e-01
4.73032800e-06,3.72453550e-01
4.73042800e-06,3.72450247e-01
4.73052800e-06,3.72442873e-01
4.73062800e-06,3.72439583e-01
4.73072800e-06,3.72432221e-01
4.73082800e-06,3.72428941e-01
4.73092800e-06,3.72421594e-01
4.73102800e-06,3.72418328e-01
4.73112800e-06,3.72410993e-01
4.73122800e-06,3.72407737e-01
4.73132800e-06,3.72400417e-01
4.73142800e-06,3.72397175e-01
4.73152800e-06,3.72389867e-01
4.73162800e-06,3.72386636e-01
4.73172800e-06,3.72379342e-01
4.73182800e-06,3.72376124e-01
4.73192800e-06,3.72368843e-01
4.73202800e-06,3.72365636e-01
4.73212800e-06,3.72358370e-01
4.73222800e-06,3.72355176e-01
4.73232800e-06,3.72347922e-01
4.73242800e-06,3.72344739e-01
4.73252800e-06,3.72337500e-01
4.73262800e-06,3.72334330e-01
4.73272800e-06,3.72327103e-01
4.73282800e-06,3.72323945e-01
4.73292800e-06,3.72316733e-01
4.73302800e-06,3.72313588e-01
4.73312800e-06,3.72306388e-01
4.73322800e-06,3.72303254e-01
4.73332800e-06,3.72296069e-01
4.73342800e-06,3.72292949e-01
4.73352800e-06,3.72285777e-01
4.73362800e-06,3.72282668e-01
4.73372800e-06,3.72275510e-01
4.73382800e-06,3.72272412e-01
4.73392800e-06,3.72265268e-01
4.73402800e-06,3.72262184e-01
4.73412800e-06,3.72255054e-01
4.73422800e-06,3.72251982e-01
4.73432800e-06,3.72244864e-01
4.73442800e-06,3.72241804e-01
4.73452800e-06,3.72234701e-01
4.73462800e-06,3.72231654e-01
4.73472800e-06,3.72224565e-01
4.73482800e-06,3.72221530e-01
4.73492800e-06,3.72214453e-01
4.73502800e-06,3.72211429e-01
4.73512800e-06,3.72204368e-01
4.73522800e-06,3.72201358e-01
4.73532800e-06,3.72194311e-01
4.73542800e-06,3.72191312e-01
4.73552800e-06,3.72184279e-01
4.73562800e-06,3.72181293e-01
4.73572800e-06,3.72174273e-01
4.73582800e-06,3.72171299e-01
4.73592800e-06,3.72164293e-01
4.73602800e-06,3.72161332e-01
4.73612800e-06,3.72154340e-01
4.73622800e-06,3.72151391e-01
4.73632800e-06,3.72144413e-01
4.73642800e-06,3.72141477e-01
4.73652800e-06,3.72134512e-01
4.73662800e-06,3.72131588e-01
4.73672800e-06,3.72124638e-01
4.73682800e-06,3.72121727e-01
4.73692800e-06,3.72114790e-01
4.73702800e-06,3.72111892e-01
4.73712800e-06,3.72104969e-01
4.73722800e-06,3.72102083e-01
4.73732800e-06,3.72095174e-01
4.73742800e-06,3.72092301e-01
4.73752800e-06,3.72085406e-01
4.73762800e-06,3.72082545e-01
4.73772800e-06,3.72075665e-01
4.73782800e-06,3.72072816e-01
4.73792800e-06,3.72065950e-01
4.73802800e-06,3.72063114e-01
4.73812800e-06,3.72056262e-01
4.73822800e-06,3.72053439e-01
4.73832800e-06,3.72046600e-01
4.73842800e-06,3.72043790e-01
4.73852800e-06,3.72036966e-01
4.73862800e-06,3.72034168e-01
4.73872800e-06,3.72027358e-01
4.73882800e-06,3.72024573e-01
4.73892800e-06,3.72017777e-01
4.73902800e-06,3.72015005e-01
4.73912800e-06,3.72008224e-01
4.73922800e-06,3.72005464e-01
4.73932800e-06,3.71998697e-01
4.73942800e-06,3.71995950e-01
4.73952800e-06,3.71989197e-01
4.73962800e-06,3.71986463e-01
4.73972800e-06,3.71979724e-01
4.73982800e-06,3.71977003e-01
4.73992800e-06,3.71970278e-01
4.74002800e-06,3.71967570e-01
4.74012800e-06,3.71960859e-01
4.74022800e-06,3.71958164e-01
4.74032800e-06,3.71951467e-01
4.74042800e-06,3.71948785e-01
4.74052800e-06,3.71942103e-01
4.74062800e-06,3.71939433e-01
4.74072800e-06,3.71932766e-01
4.74082800e-06,3.71930109e-01
4.74092800e-06,3.71923456e-01
4.74102800e-06,3.71920812e-01
4.74112800e-06,3.71914173e-01
4.74122800e-06,3.71911543e-01
4.74132800e-06,3.71904918e-01
4.74142800e-06,3.71902300e-01
4.74152800e-06,3.71895690e-01
4.74162800e-06,3.71893085e-01
4.74172800e-06,3.71886490e-01
4.74182800e-06,3.71883898e-01
4.74192800e-06,3.71877317e-01
4.74202800e-06,3.71874738e-01
4.74212800e-06,3.71868171e-01
4.74222800e-06,3.71865606e-01
4.74232800e-06,3.71859054e-01
4.74242800e-06,3.71856501e-01
4.74252800e-06,3.71849963e-01
4.74262800e-06,3.71847424e-01
4.74272800e-06,3.71840901e-01
4.74282800e-06,3.71838375e-01
4.74292800e-06,3.71831866e-01
4.74302800e-06,3.71829353e-01
4.74312800e-06,3.71822859e-01
4.74322800e-06,3.71820359e-01
4.74332800e-06,3.71813880e-01
4.74342800e-06,3.71811393e-01
4.74352800e-06,3.71804928e-01
4.74362800e-06,3.71802455e-01
4.74372800e-06,3.71796005e-01
4.74382800e-06,3.71793544e-01
4.74392800e-06,3.71787109e-01
4.74402800e-06,3.71784662e-01
4.74412800e-06,3.71778241e-01
4.74422800e-06,3.71775808e-01
4.74432800e-06,3.71769402e-01
4.74442800e-06,3.71766981e-01
4.74452800e-06,3.71760590e-01
4.74462800e-06,3.71758183e-01
4.74472800e-06,3.71751806e-01
4.74482800e-06,3.71749413e-01
4.74492800e-06,3.71743051e-01
4.74502800e-06,3.71740671e-01
4.74512800e-06,3.71734324e-01
4.74522800e-06,3.71731957e-01
4.74532800e-06,3.71725625e-01
4.74542800e-06,3.71723272e-01
4.74552800e-06,3.71716954e-01
4.74562800e-06,3.71714615e-01
4.74572800e-06,3.71708312e-01
4.74582800e-06,3.71705986e-01
4.74592800e-06,3.71699698e-01
4.74602800e-06,3.71697385e-01
4.74612800e-06,3.71691113e-01
4.74622800e-06,3.71688813e-01
4.74632800e-06,3.71682556e-01
4.74642800e-06,3.71680270e-01
4.74652800e-06,3.71674027e-01
4.74662800e-06,3.71671755e-01
4.74672800e-06,3.71665528e-01
4.74682800e-06,3.71663269e-01
4.74692800e-06,3.71657056e-01
4.74702800e-06,3.71654811e-01
4.74712800e-06,3.71648614e-01
4.74722800e-06,3.71646382e-01
4.74732800e-06,3.71640200e-01
4.74742800e-06,3.71637982e-01
4.74752800e-06,3.71631815e-01
4.74762800e-06,3.71629611e-01
4.74772800e-06,3.71623458e-01
4.74782800e-06,3.71621268e-01
4.74792800e-06,3.71615131e-01
4.74802800e-06,3.71612954e-01
4.74812800e-06,3.71606832e-01
4.74822800e-06,3.71604670e-01
4.74832800e-06,3.71598563e-01
4.74842800e-06,3.71596414e-01
4.74852800e-06,3.71590322e-01
4.74862800e-06,3.71588187e-01
4.74872800e-06,3.71582111e-01
4.74882800e-06,3.71579990e-01
4.74892800e-06,3.71573929e-01
4.74902800e-06,3.71571821e-01
4.74912800e-06,3.71565775e-01
4.74922800e-06,3.71563682e-01
4.74932800e-06,3.71557651e-01
4.74942800e-06,3.71555572e-01
4.74952800e-06,3.71549557e-01
4.74962800e-06,3.71547491e-01
4.74972800e-06,3.71541491e-01
4.74982800e-06,3.71539440e-01
4.74992800e-06,3.71533455e-01
4.75002800e-06,3.71531418e-01
4.75012800e-06,3.71525449e-01
4.75022800e-06,3.71523425e-01
4.75032800e-06,3.71517472e-01
4.75042800e-06,3.71515462e-01
4.75052800e-06,3.71509524e-01
4.75062800e-06,3.71507529e-01
4.75072800e-06,3.71501606e-01
4.75082800e-06,3.71499625e-01
4.75092800e-06,3.71493718e-01
4.75102800e-06,3.71491751e-01
4.75112800e-06,3.71485859e-01
4.75122800e-06,3.71483906e-01
4.75132800e-06,3.71478030e-01
4.75142800e-06,3.71476091e-01
4.75152800e-06,3.71470231e-01
4.75162800e-06,3.71468306e-01
4.75172800e-06,3.71462462e-01
4.75182800e-06,3.71460551e-01
4.75192800e-06,3.71454722e-01
4.75202800e-06,3.71452826e-01
4.75212800e-06,3.71447013e-01
4.75222800e-06,3.71445131e-01
4.75232800e-06,3.71439333e-01
4.75242800e-06,3.71437466e-01
4.75252800e-06,3.71431684e-01
4.75262800e-06,3.71429831e-01
4.75272800e-06,3.71424065e-01
4.75282800e-06,3.71422226e-01
4.75292800e-06,3.71416476e-01
4.75302800e-06,3.71414651e-01
4.75312800e-06,3.71408917e-01
4.75322800e-06,3.71407107e-01
4.75332800e-06,3.71401388e-01
4.75342800e-06,3.71399593e-01
4.75352800e-06,3.71393890e-01
4.75362800e-06,3.71392109e-01
4.75372800e-06,3.71386422e-01
4.75382800e-06,3.71384656e-01
4.75392800e-06,3.71378985e-01
4.75402800e-06,3.71377233e-01
4.75412800e-06,3.71371578e-01
4.75422800e-06,3.71369841e-01
4.75432800e-06,3.71364201e-01
4.75442800e-06,3.71362479e-01
4.75452800e-06,3.71356856e-01
4.75462800e-06,3.71355148e-01
4.75472800e-06,3.71349541e-01
4.75482800e-06,3.71347848e-01
4.75492800e-06,3.71342257e-01
4.75502800e-06,3.71340578e-01
4.75512800e-06,3.71335003e-01
4.75522800e-06,3.71333340e-01
4.75532800e-06,3.71327781e-01
4.75542800e-06,3.71326132e-01
4.75552800e-06,3.71320589e-01
4.75562800e-06,3.71318955e-01
4.75572800e-06,3.71313428e-01
4.75582800e-06,3.71311809e-01
4.75592800e-06,3.71306299e-01
4.75602800e-06,3.71304694e-01
4.75612800e-06,3.71299200e-01
4.75622800e-06,3.71297611e-01
4.75632800e-06,3.71292133e-01
4.75642800e-06,3.71290558e-01
4.75652800e-06,3.71285097e-01
4.75662800e-06,3.71283537e-01
4.75672800e-06,3.71278092e-01
4.75682800e-06,3.71276547e-01
4.75692800e-06,3.71271118e-01
4.75702800e-06,3.71269589e-01
4.75712800e-06,3.71264176e-01
4.75722800e-06,3.71262661e-01
4.75732800e-06,3.71257265e-01
4.75742800e-06,3.71255766e-01
4.75752800e-06,3.71250386e-01
4.75762800e-06,3.71248902e-01
4.75772800e-06,3.71243538e-01
4.75782800e-06,3.71242069e-01
4.75792800e-06,3.71236722e-01
4.75802800e-06,3.71235268e-01
4.75812800e-06,3.71229938e-01
4.75822800e-06,3.71228499e-01
4.75832800e-06,3.71223186e-01
4.75842800e-06,3.71221762e-01
4.75852800e-06,3.71216465e-01
4.75862800e-06,3.71215057e-01
4.75872800e-06,3.71209776e-01
4.75882800e-06,3.71208383e-01
4.75892800e-06,3.71203120e-01
4.75902800e-06,3.71201742e-01
4.75912800e-06,3.71196495e-01
4.75922800e-06,3.71195132e-01
4.75932800e-06,3.71189902e-01
4.75942800e-06,3.71188555e-01
4.75952800e-06,3.71183341e-01
4.75962800e-06,3.71182010e-01
4.75972800e-06,3.71176813e-01
4.75982800e-06,3.71175497e-01
4.75992800e-06,3.71170317e-01
4.76002800e-06,3.71169016e-01
4.76012800e-06,3.71163853e-01
4.76022800e-06,3.71162568e-01
4.76032800e-06,3.71157422e-01
4.76042800e-06,3.71156152e-01
4.76052800e-06,3.71151023e-01
4.76062800e-06,3.71149769e-01
4.76072800e-06,3.71144657e-01
4.76082800e-06,3.71143418e-01
4.76092800e-06,3.71138323e-01
4.76102800e-06,3.71137100e-01
4.76112800e-06,3.71132022e-01
4.76122800e-06,3.71130815e-01
4.76132800e-06,3.71125754e-01
4.76142800e-06,3.71124562e-01
4.76152800e-06,3.71119518e-01
4.76162800e-06,3.71118343e-01
4.76172800e-06,3.71113315e-01
4.76182800e-06,3.71112156e-01
4.76192800e-06,3.71107146e-01
4.76202800e-06,3.71106002e-01
4.76212800e-06,3.71101009e-01
4.76222800e-06,3.71099881e-01
4.76232800e-06,3.71094905e-01
4.76242800e-06,3.71093793e-01
4.76252800e-06,3.71088835e-01
4.76262800e-06,3.71087739e-01
4.76272800e-06,3.71082798e-01
4.76282800e-06,3.71081717e-01
4.76292800e-06,3.71076794e-01
4.76302800e-06,3.71075729e-01
4.76312800e-06,3.71070823e-01
4.76322800e-06,3.71069775e-01
4.76332800e-06,3.71064886e-01
4.76342800e-06,3.71063854e-01
4.76352800e-06,3.71058982e-01
4.76362800e-06,3.71057966e-01
4.76372800e-06,3.71053112e-01
4.76382800e-06,3.71052112e-01
4.76392800e-06,3.71047275e-01
4.76402800e-06,3.71046291e-01
4.76412800e-06,3.71041472e-01
4.76422800e-06,3.71040505e-01
4.76432800e-06,3.71035703e-01
4.76442800e-06,3.71034752e-01
4.76452800e-06,3.71029968e-01
4.76462800e-06,3.71029033e-01
4.76472800e-06,3.71024266e-01
4.76482800e-06,3.71023348e-01
4.76492800e-06,3.71018599e-01
4.76502800e-06,3.71017697e-01
4.76512800e-06,3.71012966e-01
4.76522800e-06,3.71012080e-01
4.76532800e-06,3.71007366e-01
4.76542800e-06,3.71006497e-01
4.76552800e-06,3.71001801e-01
4.76562800e-06,3.71000948e-01
4.76572800e-06,3.70996271e-01
4.76582800e-06,3.70995434e-01
4.76592800e-06,3.70990774e-01
4.76602800e-06,3.70989954e-01
4.76612800e-06,3.70985312e-01
4.76622800e-06,3.70984509e-01
4.76632800e-06,3.70979885e-01
4.76642800e-06,3.70979098e-01
4.76652800e-06,3.70974492e-01
4.76662800e-06,3.70973722e-01
4.76672800e-06,3.70969133e-01
4.76682800e-06,3.70968380e-01
4.76692800e-06,3.70963810e-01
4.76702800e-06,3.70963073e-01
4.76712800e-06,3.70958521e-01
4.76722800e-06,3.70957801e-01
4.76732800e-06,3.70953267e-01
4.76742800e-06,3.70952564e-01
4.76752800e-06,3.70948048e-01
4.76762800e-06,3.70947362e-01
4.76772800e-06,3.70942864e-01
4.76782800e-06,3.70942195e-01
4.76792800e-06,3.70937715e-01
4.76802800e-06,3.70937063e-01
4.76812800e-06,3.70932602e-01
4.76822800e-06,3.70931966e-01
4.76832800e-06,3.70927523e-01
4.76842800e-06,3.70926905e-01
4.76852800e-06,3.70922480e-01
4.76862800e-06,3.70921879e-01
4.76872800e-06,3.70917472e-01
4.76882800e-06,3.70916888e-01
4.76892800e-06,3.70912500e-01
4.76902800e-06,3.70911933e-01
4.76912800e-06,3.70907563e-01
4.76922800e-06,3.70907013e-01
4.76932800e-06,3.70902662e-01
4.76942800e-06,3.70902129e-01
4.76952800e-06,3.70897797e-01
4.76962800e-06,3.70897281e-01
4.76972800e-06,3.70892967e-01
4.76982800e-06,3.70892469e-01
4.76992800e-06,3.70888174e-01
4.77002800e-06,3.70887693e-01
4.77012800e-06,3.70883416e-01
4.77022800e-06,3.70882952e-01
4.77032800e-06,3.70878694e-01
4.77042800e-06,3.70878248e-01
4.77052800e-06,3.70874009e-01
4.77062800e-06,3.70873580e-01
4.77072800e-06,3.70869360e-01
4.77082800e-06,3.70868948e-01
4.77092800e-06,3.70864746e-01
4.77102800e-06,3.70864352e-01
4.77112800e-06,3.70860170e-01
4.77122800e-06,3.70859793e-01
4.77132800e-06,3.70855629e-01
4.77142800e-06,3.70855271e-01
4.77152800e-06,3.70851126e-01
4.77162800e-06,3.70850784e-01
4.77172800e-06,3.70846658e-01
4.77182800e-06,3.70846335e-01
4.77192800e-06,3.70842228e-01
4.77202800e-06,3.70841922e-01
4.77212800e-06,3.70837834e-01
4.77222800e-06,3.70837546e-01
4.77232800e-06,3.70833477e-01
4.77242800e-06,3.70833207e-01
4.77252800e-06,3.70829158e-01
4.77262800e-06,3.70828905e-01
4.77272800e-06,3.70824875e-01
4.77282800e-06,3.70824640e-01
4.77292800e-06,3.70820629e-01
4.77302800e-06,3.70820412e-01
4.77312800e-06,3.70816420e-01
4.77322800e-06,3.70816222e-01
4.77332800e-06,3.70812249e-01
4.77342800e-06,3.70812068e-01
4.77352800e-06,3.70808115e-01
4.77362800e-06,3.70807953e-01
4.77372800e-06,3.70804018e-01
4.77382800e-06,3.70803874e-01
4.77392800e-06,3.70799959e-01
4.77402800e-06,3.70799833e-01
4.77412800e-06,3.70795938e-01
4.77422800e-06,3.70795830e-01
4.77432800e-06,3.70791954e-01
4.77442800e-06,3.70791865e-01
4.77452800e-06,3.70788009e-01
4.77462800e-06,3.70787937e-01
4.77472800e-06,3.70784101e-01
4.77482800e-06,3.70784048e-01
4.77492800e-06,3.70780231e-01
4.77502800e-06,3.70780196e-01
4.77512800e-06,3.70776399e-01
4.77522800e-06,3.70776382e-01
4.77532800e-06,3.70772605e-01
4.77542800e-06,3.70772607e-01
4.77552800e-06,3.70768849e-01
4.77562800e-06,3.70768870e-01
4.77572800e-06,3.70765132e-01
4.77582800e-06,3.70765171e-01
4.77592800e-06,3.70761453e-01
4.77602800e-06,3.70761511e-01
4.77612800e-06,3.70757813e-01
4.77622800e-06,3.70757889e-01
4.77632800e-06,3.70754211e-01
4.77642800e-06,3.70754306e-01
4.77652800e-06,3.70750648e-01
4.77662800e-06,3.70750762e-01
4.77672800e-06,3.70747123e-01
4.77682800e-06,3.70747256e-01
4.77692800e-06,3.70743638e-01
4.77702800e-06,3.70743789e-01
4.77712800e-06,3.70740191e-01
4.77722800e-06,3.70740362e-01
4.77732800e-06,3.70736784e-01
4.77742800e-06,3.70736973e-01
4.77752800e-06,3.70733416e-01
4.77762800e-06,3.70733624e-01
4.77772800e-06,3.70730087e-01
4.77782800e-06,3.70730314e-01
4.77792800e-06,3.70726797e-01
4.77802800e-06,3.70727043e-01
4.77812800e-06,3.70723546e-01
4.77822800e-06,3.70723812e-01
4.77832800e-06,3.70720336e-01
4.77842800e-06,3.70720620e-01
4.77852800e-06,3.70717164e-01
4.77862800e-06,3.70717468e-01
4.77872800e-06,3.70714033e-01
4.77882800e-06,3.70714356e-01
4.77892800e-06,3.70710941e-01
4.77902800e-06,3.70711284e-01
4.77912800e-06,3.70707889e-01
4.77922800e-06,3.70708251e-01
4.77932800e-06,3.70704878e-01
4.77942800e-06,3.70705259e-01
4.77952800e-06,3.70701906e-01
4.77962800e-06,3.70702306e-01
4.77972800e-06,3.70698974e-01
4.77982800e-06,3.70699394e-01
4.77992800e-06,3.70696083e-01
4.78002800e-06,3.70696522e-01
4.78012800e-06,3.70693232e-01
4.78022800e-06,3.70693691e-01
4.78032800e-06,3.70690422e-01
4.78042800e-06,3.70690900e-01
4.78052800e-06,3.70687652e-01
4.78062800e-06,3.70688150e-01
4.78072800e-06,3.70684922e-01
4.78082800e-06,3.70685441e-01
4.78092800e-06,3.70682234e-01
4.78102800e-06,3.70682772e-01
4.78112800e-06,3.70679586e-01
4.78122800e-06,3.70680144e-01
4.78132800e-06,3.70676980e-01
4.78142800e-06,3.70677557e-01
4.78152800e-06,3.70674414e-01
4.78162800e-06,3.70675012e-01
4.78172800e-06,3.70671890e-01
4.78182800e-06,3.70672507e-01
4.78192800e-06,3.70669407e-01
4.78202800e-06,3.70670044e-01
4.78212800e-06,3.70666965e-01
4.78222800e-06,3.70667623e-01
4.78232800e-06,3.70664565e-01
4.78242800e-06,3.70665243e-01
4.78252800e-06,3.70662206e-01
4.78262800e-06,3.70662904e-01
4.78272800e-06,3.70659889e-01
4.78282800e-06,3.70660607e-01
4.78292800e-06,3.70657614e-01
4.78302800e-06,3.70658352e-01
4.78312800e-06,3.70655380e-01
4.78322800e-06,3.70656139e-01
4.78332800e-06,3.70653189e-01
4.78342800e-06,3.70653968e-01
4.78352800e-06,3.70651039e-01
4.78362800e-06,3.70651839e-01
4.78372800e-06,3.70648932e-01
4.78382800e-06,3.70649753e-01
4.78392800e-06,3.70646867e-01
4.78402800e-06,3.70647708e-01
4.78412800e-06,3.70644845e-01
4.78422800e-06,3.70645706e-01
4.78432800e-06,3.70642865e-01
4.78442800e-06,3.70643747e-01
4.78452800e-06,3.70640928e-01
4.78462800e-06,3.70641830e-01
4.78472800e-06,3.70639033e-01
4.78482800e-06,3.70639957e-01
4.78492800e-06,3.70637181e-01
4.78502800e-06,3.70638126e-01
4.78512800e-06,3.70635372e-01
4.78522800e-06,3.70636338e-01
4.78532800e-06,3.70633606e-01
4.78542800e-06,3.70634593e-01
4.78552800e-06,3.70631883e-01
4.78562800e-06,3.70632891e-01
4.78572800e-06,3.70630204e-01
4.78582800e-06,3.70631232e-01
4.78592800e-06,3.70628568e-01
4.78602800e-06,3.70629617e-01
4.78612800e-06,3.70626975e-01
4.78622800e-06,3.70628046e-01
4.78632800e-06,3.70625426e-01
4.78642800e-06,3.70626518e-01
4.78652800e-06,3.70623920e-01
4.78662800e-06,3.70625034e-01
4.78672800e-06,3.70622459e-01
4.78682800e-06,3.70623593e-01
4.78692800e-06,3.70621041e-01
4.78702800e-06,3.70622197e-01
4.78712800e-06,3.70619667e-01
4.78722800e-06,3.70620845e-01
4.78732800e-06,3.70618338e-01
4.78742800e-06,3.70619536e-01
4.78752800e-06,3.70617052e-01
4.78762800e-06,3.70618273e-01
4.78772800e-06,3.70615811e-01
4.78782800e-06,3.70617053e-01
4.78792800e-06,3.70614615e-01
4.78802800e-06,3.70615878e-01
4.78812800e-06,3.70613463e-01
4.78822800e-06,3.70614748e-01
4.78832800e-06,3.70612355e-01
4.78842800e-06,3.70613662e-01
4.78852800e-06,3.70611293e-01
4.78862800e-06,3.70612622e-01
4.78872800e-06,3.70610275e-01
4.78882800e-06,3.70611626e-01
4.78892800e-06,3.70609303e-01
4.78902800e-06,3.70610675e-01
4.78912800e-06,3.70608375e-01
4.78922800e-06,3.70609770e-01
4.78932800e-06,3.70607493e-01
4.78942800e-06,3.70608910e-01
4.78952800e-06,3.70606656e-01
4.78962800e-06,3.70608095e-01
4.78972800e-06,3.70605865e-01
4.78982800e-06,3.70607326e-01
4.78992800e-06,3.70605119e-01
4.79002800e-06,3.70606602e-01
4.79012800e-06,3.70604419e-01
4.79022800e-06,3.70605925e-01
4.79032800e-06,3.70603765e-01
4.79042800e-06,3.70605293e-01
4.79052800e-06,3.70603157e-01
4.79062800e-06,3.70604707e-01
4.79072800e-06,3.70602595e-01
4.79082800e-06,3.70604167e-01
4.79092800e-06,3.70602079e-01
4.79102800e-06,3.70603674e-01
4.79112800e-06,3.70601609e-01
4.79122800e-06,3.70603227e-01
4.79132800e-06,3.70601186e-01
4.79142800e-06,3.70602826e-01
4.79152800e-06,3.70600809e-01
4.79162800e-06,3.70602472e-01
4.79172800e-06,3.70600479e-01
4.79182800e-06,3.70602165e-01
4.79192800e-06,3.70600196e-01
4.79202800e-06,3.70601904e-01
4.79212800e-06,3.70599959e-01
4.79222800e-06,3.70601691e-01
4.79232800e-06,3.70599770e-01
4.79242800e-06,3.70601525e-01
4.79252800e-06,3.70599628e-01
4.79262800e-06,3.70601406e-01
4.79272800e-06,3.70599533e-01
4.79282800e-06,3.70601334e-01
4.79292800e-06,3.70599486e-01
4.79302800e-06,3.70601310e-01
4.79312800e-06,3.70599486e-01
4.79322800e-06,3.70601333e-01
4.79332800e-06,3.70599534e-01
4.79342800e-06,3.70601404e-01
4.79352800e-06,3.70599629e-01
4.79362800e-06,3.70601523e-01
4.79372800e-06,3.70599773e-01
4.79382800e-06,3.70601689e-01
4.79392800e-06,3.70599964e-01
4.79402800e-06,3.70601904e-01
4.79412800e-06,3.70600204e-01
4.79422800e-06,3.70602167e-01
4.79432800e-06,3.70600491e-01
4.79442800e-06,3.70602479e-01
4.79452800e-06,3.70600828e-01
4.79462800e-06,3.70602839e-01
4.79472800e-06,3.70601212e-01
4.79482800e-06,3.70603247e-01
4.79492800e-06,3.70601646e-01
4.79502800e-06,3.70603704e-01
4.79512800e-06,3.70602128e-01
4.79522800e-06,3.70604210e-01
4.79532800e-06,3.70602659e-01
4.79542800e-06,3.70604765e-01
4.79552800e-06,3.70603239e-01
4.79562800e-06,3.70605369e-01
4.79572800e-06,3.70603868e-01
4.79582800e-06,3.70606023e-01
4.79592800e-06,3.70604547e-01
4.79602800e-06,3.70606725e-01
4.79612800e-06,3.70605275e-01
4.79622800e-06,3.70607477e-01
4.79632800e-06,3.70606052e-01
4.79642800e-06,3.70608279e-01
4.79652800e-06,3.70606880e-01
4.79662800e-06,3.70609131e-01
4.79672800e-06,3.70607757e-01
4.79682800e-06,3.70610032e-01
4.79692800e-06,3.70608684e-01
4.79702800e-06,3.70610983e-01
4.79712800e-06,3.70609661e-01
4.79722800e-06,3.70611985e-01
4.79732800e-06,3.70610688e-01
4.79742800e-06,3.70613037e-01
4.79752800e-06,3.70611766e-01
4.79762800e-06,3.70614139e-01
4.79772800e-06,3.70612894e-01
4.79782800e-06,3.70615292e-01
4.79792800e-06,3.70614072e-01
4.79802800e-06,3.70616495e-01
4.79812800e-06,3.70615302e-01
4.79822800e-06,3.70617749e-01
4.79832800e-06,3.70616582e-01
4.79842800e-06,3.70619055e-01
4.79852800e-06,3.70617913e-01
4.79862800e-06,3.70620411e-01
4.79872800e-06,3.70619296e-01
4.79882800e-06,3.70621818e-01
4.79892800e-06,3.70620730e-01
4.79902800e-06,3.70623277e-01
4.79912800e-06,3.70622215e-01
4.79922800e-06,3.70624788e-01
4.79932800e-06,3.70623752e-01
4.79942800e-06,3.70626350e-01
4.79952800e-06,3.70625340e-01
4.79962800e-06,3.70627963e-01
4.79972800e-06,3.70626980e-01
4.79982800e-06,3.70629629e-01
4.79992800e-06,3.70628672e-01
4.80002800e-06,3.70631347e-01
4.80012800e-06,3.70630417e-01
4.80022800e-06,3.70633117e-01
4.80032800e-06,3.70632213e-01
4.80042800e-06,3.70634939e-01
4.80052800e-06,3.70634062e-01
4.80062800e-06,3.70636813e-01
4.80072800e-06,3.70635964e-01
4.80082800e-06,3.70638741e-01
4.80092800e-06,3.70637918e-01
4.80102800e-06,3.70640721e-01
4.80112800e-06,3.70639925e-01
4.80122800e-06,3.70642754e-01
4.80132800e-06,3.70641985e-01
4.80142800e-06,3.70644839e-01
4.80152800e-06,3.70644098e-01
4.80162800e-06,3.70646979e-01
4.80172800e-06,3.70646265e-01
4.80182800e-06,3.70649171e-01
4.80192800e-06,3.70648484e-01
4.80202800e-06,3.70651417e-01
4.80212800e-06,3.70650758e-01
4.80222800e-06,3.70653716e-01
4.80232800e-06,3.70653084e-01
4.80242800e-06,3.70656069e-01
4.80252800e-06,3.70655465e-01
4.80262800e-06,3.70658477e-01
4.80272800e-06,3.70657900e-01
4.80282800e-06,3.70660938e-01
4.80292800e-06,3.70660389e-01
4.80302800e-06,3.70663453e-01
4.80312800e-06,3.70662932e-01
4.80322800e-06,3.70666023e-01
4.80332800e-06,3.70665529e-01
4.80342800e-06,3.70668647e-01
4.80352800e-06,3.70668181e-01
4.80362800e-06,3.70671325e-01
4.80372800e-06,3.70670888e-01
4.80382800e-06,3.70674059e-01
4.80392800e-06,3.70673649e-01
4.80402800e-06,3.70676847e-01
4.80412800e-06,3.70676466e-01
4.80422800e-06,3.70679691e-01
4.80432800e-06,3.70679338e-01
4.80442800e-06,3.70682590e-01
4.80452800e-06,3.70682264e-01
4.80462800e-06,3.70685544e-01
4.80472800e-06,3.70685247e-01
4.80482800e-06,3.70688553e-01
4.80492800e-06,3.70688285e-01
4.80502800e-06,3.70691618e-01
4.80512800e-06,3.70691378e-01
4.80522800e-06,3.70694739e-01
4.80532800e-06,3.70694528e-01
4.80542800e-06,3.70697916e-01
4.80552800e-06,3.70697734e-01
4.80562800e-06,3.70701150e-01
4.80572800e-06,3.70700996e-01
4.80582800e-06,3.70704439e-01
4.80592800e-06,3.70704314e-01
4.80602800e-06,3.70707785e-01
4.80612800e-06,3.70707688e-01
4.80622800e-06,3.70711187e-01
4.80632800e-06,3.70711120e-01
4.80642800e-06,3.70714646e-01
4.80652800e-06,3.70714608e-01
4.80662800e-06,3.70718162e-01
4.80672800e-06,3.70718153e-01
4.80682800e-06,3.70721735e-01
4.80692800e-06,3.70721755e-01
4.80702800e-06,3.70725366e-01
4.80712800e-06,3.70725415e-01
4.80722800e-06,3.70729053e-01
4.80732800e-06,3.70729132e-01
4.80742800e-06,3.70732798e-01
4.80752800e-06,3.70732906e-01
4.80762800e-06,3.70736601e-01
4.80772800e-06,3.70736739e-01
4.80782800e-06,3.70740462e-01
4.80792800e-06,3.70740629e-01
4.80802800e-06,3.70744380e-01
4.80812800e-06,3.70744577e-01
4.80822800e-06,3.70748357e-01
4.80832800e-06,3.70748583e-01
4.80842800e-06,3.70752392e-01
4.80852800e-06,3.70752648e-01
4.80862800e-06,3.70756486e-01
4.80872800e-06,3.70756772e-01
4.80882800e-06,3.70760638e-01
4.80892800e-06,3.70760954e-01
4.80902800e-06,3.70764849e-01
4.80912800e-06,3.70765195e-01
4.80922800e-06,3.70769119e-01
4.80932800e-06,3.70769495e-01
4.80942800e-06,3.70773448e-01
4.80952800e-06,3.70773854e-01
4.80962800e-06,3.70777836e-01
4.80972800e-06,3.70778272e-01
4.80982800e-06,3.70782284e-01
4.80992800e-06,3.70782750e-01
4.81002800e-06,3.70786791e-01
4.81012800e-06,3.70787288e-01
4.81022800e-06,3.70791358e-01
4.81032800e-06,3.70791886e-01
4.81042800e-06,3.70795985e-01
4.81052800e-06,3.70796543e-01
4.81062800e-06,3.70800672e-01
4.81072800e-06,3.70801261e-01
4.81082800e-06,3.70805419e-01
4.81092800e-06,3.70806039e-01
4.81102800e-06,3.70810227e-01
4.81112800e-06,3.70810877e-01
4.81122800e-06,3.70815095e-01
4.81132800e-06,3.70815777e-01
4.81142800e-06,3.70820024e-01
4.81152800e-06,3.70820737e-01
4.81162800e-06,3.70825014e-01
4.81172800e-06,3.70825758e-01
4.81182800e-06,3.70830065e-01
4.81192800e-06,3.70830840e-01
4.81202800e-06,3.70835177e-01
4.81212800e-06,3.70835983e-01
4.81222800e-06,3.70840351e-01
4.81232800e-06,3.70841188e-01
4.81242800e-06,3.70845586e-01
4.81252800e-06,3.70846455e-01
4.81262800e-06,3.70850883e-01
4.81272800e-06,3.70851783e-01
4.81282800e-06,3.70856242e-01
4.81292800e-06,3.70857174e-01
4.81302800e-06,3.70861663e-01
4.81312800e-06,3.70862626e-01
4.81322800e-06,3.70867146e-01
4.81332800e-06,3.70868141e-01
4.81342800e-06,3.70872692e-01
4.81352800e-06,3.70873719e-01
4.81362800e-06,3.70878303e-01
4.81372800e-06,3.70879365e-01
4.81382800e-06,3.70883979e-01
4.81392800e-06,3.70885074e-01
4.81402800e-06,3.70889719e-01
4.81412800e-06,3.70890845e-01
4.81422800e-06,3.70895521e-01
4.81432800e-06,3.70896679e-01
4.81442800e-06,3.70901386e-01
4.81452800e-06,3.70902577e-01
4.81462800e-06,3.70907315e-01
4.81472800e-06,3.70908537e-01
4.81482800e-06,3.70913307e-01
4.81492800e-06,3.70914561e-01
4.81502800e-06,3.70919362e-01
4.81512800e-06,3.70920649e-01
4.81522800e-06,3.70925481e-01
4.81532800e-06,3.70926801e-01
4.81542800e-06,3.70931664e-01
4.81552800e-06,3.70933016e-01
4.81562800e-06,3.70937911e-01
4.81572800e-06,3.70939296e-01
4.81582800e-06,3.70944223e-01
4.81592800e-06,3.70945640e-01
4.81602800e-06,3.70950599e-01
4.81612800e-06,3.70952050e-01
4.81622800e-06,3.70957040e-01
4.81632800e-06,3.70958524e-01
4.81642800e-06,3.70963547e-01
4.81652800e-06,3.70965064e-01
4.81662800e-06,3.70970119e-01
4.81672800e-06,3.70971668e-01
4.81682800e-06,3.70976756e-01
4.81692800e-06,3.70978339e-01
4.81702800e-06,3.70983459e-01
4.81712800e-06,3.70985075e-01
4.81722800e-06,3.70990227e-01
4.81732800e-06,3.70991877e-01
4.81742800e-06,3.70997062e-01
4.81752800e-06,3.70998745e-01
4.81762800e-06,3.71003963e-01
4.81772800e-06,3.71005679e-01
4.81782800e-06,3.71010930e-01
4.81792800e-06,3.71012680e-01
4.81802800e-06,3.71017964e-01
4.81812800e-06,3.71019748e-01
4.81822800e-06,3.71025064e-01
4.81832800e-06,3.71026883e-01
4.81842800e-06,3.71032232e-01
4.81852800e-06,3.71034085e-01
4.81862800e-06,3.71039468e-01
4.81872800e-06,3.71041355e-01
4.81882800e-06,3.71046771e-01
4.81892800e-06,3.71048693e-01
4.81902800e-06,3.71054142e-01
4.81912800e-06,3.71056098e-01
4.81922800e-06,3.71061580e-01
4.81932800e-06,3.71063571e-01
4.81942800e-06,3.71069087e-01
4.81952800e-06,3.71071113e-01
4.81962800e-06,3.71076662e-01
4.81972800e-06,3.71078723e-01
4.81982800e-06,3.71084306e-01
4.81992800e-06,3.71086401e-01
4.82002800e-06,3.71092019e-01
4.82012800e-06,3.71094149e-01
4.82022800e-06,3.71099800e-01
4.82032800e-06,3.71101965e-01
4.82042800e-06,3.71107650e-01
4.82052800e-06,3.71109847e-01
4.82062800e-06,3.71115562e-01
4.82072800e-06,3.71117794e-01
4.82082800e-06,3.71123543e-01
4.82092800e-06,3.71125810e-01
4.82102800e-06,3.71131593e-01
4.82112800e-06,3.71133895e-01
4.82122800e-06,3.71139713e-01
4.82132800e-06,3.71142051e-01
4.82142800e-06,3.71147903e-01
4.82152800e-06,3.71150276e-01
4.82162800e-06,3.71156162e-01
4.82172800e-06,3.71158571e-01
4.82182800e-06,3.71164492e-01
4.82192800e-06,3.71166936e-01
4.82202800e-06,3.71172892e-01
4.82212800e-06,3.71175372e-01
4.82222800e-06,3.71181362e-01
4.82232800e-06,3.71183878e-01
4.82242800e-06,3.71189903e-01
4.82252800e-06,3.71192455e-01
4.82262800e-06,3.71198515e-01
4.82272800e-06,3.71201103e-01
4.82282800e-06,3.71207198e-01
4.82292800e-06,3.71209822e-01
4.82302800e-06,3.71215953e-01
4.82312800e-06,3.71218613e-01
4.82322800e-06,3.71224779e-01
4.82332800e-06,3.71227475e-01
4.82342800e-06,3.71233676e-01
4.82352800e-06,3.71236409e-01
4.82362800e-06,3.71242646e-01
4.82372800e-06,3.71245415e-01
4.82382800e-06,3.71251687e-01
4.82392800e-06,3.71254494e-01
4.82402800e-06,3.71260801e-01
4.82412800e-06,3.71263644e-01
4.82422800e-06,3.71269987e-01
4.82432800e-06,3.71272867e-01
4.82442800e-06,3.71279246e-01
4.82452800e-06,3.71282163e-01
4.82462800e-06,3.71288578e-01
4.82472800e-06,3.71291532e-01
4.82482800e-06,3.71297983e-01
4.82492800e-06,3.71300974e-01
4.82502800e-06,3.71307461e-01
4.82512800e-06,3.71310490e-01
4.82522800e-06,3.71317013e-01
4.82532800e-06,3.71320079e-01
4.82542800e-06,3.71326639e-01
4.82552800e-06,3.71329742e-01
4.82562800e-06,3.71336338e-01
4.82572800e-06,3.71339479e-01
4.82582800e-06,3.71346111e-01
4.82592800e-06,3.71349290e-01
4.82602800e-06,3.71355959e-01
4.82612800e-06,3.71359175e-01
4.82622800e-06,3.71365881e-01
4.82632800e-06,3.71369135e-01
4.82642800e-06,3.71375878e-01
4.82652800e-06,3.71379170e-01
4.82662800e-06,3.71385950e-01
4.82672800e-06,3.71389280e-01
4.82682800e-06,3.71396097e-01
4.82692800e-06,3.71399465e-01
4.82702800e-06,3.71406319e-01
4.82712800e-06,3.71409726e-01
4.82722800e-06,3.71416617e-01
4.82732800e-06,3.71420062e-01
4.82742800e-06,3.71426991e-01
4.82752800e-06,3.71430474e-01
4.82762800e-06,3.71437440e-01
4.82772800e-06,3.71440962e-01
4.82782800e-06,3.71447966e-01
4.82792800e-06,3.71451527e-01
4.82802800e-06,3.71458568e-01
4.82812800e-06,3.71462168e-01
4.82822800e-06,3.71469247e-01
4.82832800e-06,3.71472885e-01
4.82842800e-06,3.71480002e-01
4.82852800e-06,3.71483680e-01
4.82862800e-06,3.71490835e-01
4.82872800e-06,3.71494552e-01
4.82882800e-06,3.71501745e-01
4.82892800e-06,3.71505501e-01
4.82902800e-06,3.71512732e-01
4.82912800e-06,3.71516527e-01
4.82922800e-06,3.71523797e-01
4.82932800e-06,3.71527631e-01
4.82942800e-06,3.71534939e-01
4.82952800e-06,3.71538814e-01
4.82962800e-06,3.71546160e-01
4.82972800e-06,3.71550074e-01
4.82982800e-06,3.71557459e-01
4.82992800e-06,3.71561413e-01
4.83002800e-06,3.71568837e-01
4.83012800e-06,3.71572830e-01
4.83022800e-06,3.71580293e-01
4.83032800e-06,3.71584327e-01
4.83042800e-06,3.71591829e-01
4.83052800e-06,3.71595902e-01
4.83062800e-06,3.71603443e-01
4.83072800e-06,3.71607557e-01
4.83082800e-06,3.71615137e-01
4.83092800e-06,3.71619291e-01
4.83102800e-06,3.71626910e-01
4.83112800e-06,3.71631104e-01
4.83122800e-06,3.71638763e-01
4.83132800e-06,3.71642998e-01
4.83142800e-06,3.71650696e-01
4.83152800e-06,3.71654972e-01
4.83162800e-06,3.71662710e-01
4.83172800e-06,3.71667026e-01
4.83182800e-06,3.71674804e-01
4.83192800e-06,3.71679161e-01
4.83202800e-06,3.71686978e-01
4.83212800e-06,3.71691376e-01
4.83222800e-06,3.71699234e-01
4.83232800e-06,3.71703673e-01
4.83242800e-06,3.71711571e-01
4.83252800e-06,3.71716051e-01
4.83262800e-06,3.71723989e-01
4.83272800e-06,3.71728510e-01
4.83282800e-06,3.71736488e-01
4.83292800e-06,3.71741051e-01
4.83302800e-06,3.71749069e-01
4.83312800e-06,3.71753674e-01
4.83322800e-06,3.71761733e-01
4.83332800e-06,3.71766379e-01
4.83342800e-06,3.71774478e-01
4.83352800e-06,3.71779166e-01
4.83362800e-06,3.71787306e-01
4.83372800e-06,3.71792036e-01
4.83382800e-06,3.71800217e-01
4.83392800e-06,3.71804989e-01
4.83402800e-06,3.71813211e-01
4.83412800e-06,3.71818024e-01
4.83422800e-06,3.71826288e-01
4.83432800e-06,3.71831143e-01
4.83442800e-06,3.71839448e-01
4.83452800e-06,3.71844346e-01
4.83462800e-06,3.71852692e-01
4.83472800e-06,3.71857632e-01
4.83482800e-06,3.71866019e-01
4.83492800e-06,3.71871002e-01
4.83502800e-06,3.71879431e-01
4.83512800e-06,3.71884456e-01
4.83522800e-06,3.71892927e-01
4.83532800e-06,3.71897995e-01
4.83542800e-06,3.71906507e-01
4.83552800e-06,3.71911618e-01
4.83562800e-06,3.71920172e-01
4.83572800e-06,3.71925327e-01
4.83582800e-06,3.71933922e-01
4.83592800e-06,3.71939120e-01
4.83602800e-06,3.71947758e-01
4.83612800e-06,3.71952998e-01
4.83622800e-06,3.71961678e-01
4.83632800e-06,3.71966962e-01
4.83642800e-06,3.71975685e-01
4.83652800e-06,3.71981012e-01
4.83662800e-06,3.71989777e-01
4.83672800e-06,3.71995148e-01
4.83682800e-06,3.72003955e-01
4.83692800e-06,3.72009370e-01
4.83702800e-06,3.72018220e-01
4.83712800e-06,3.72023679e-01
4.83722800e-06,3.72032571e-01
4.83732800e-06,3.72038074e-01
4.83742800e-06,3.72047010e-01
4.83752800e-06,3.72052556e-01
4.83762800e-06,3.72061535e-01
4.83772800e-06,3.72067125e-01
4.83782800e-06,3.72076147e-01
4.83792800e-06,3.72081782e-01
4.83802800e-06,3.72090847e-01
4.83812800e-06,3.72096526e-01
4.83822800e-06,3.72105635e-01
4.83832800e-06,3.72111359e-01
4.83842800e-06,3.72120511e-01
4.83852800e-06,3.72126279e-01
4.83862800e-06,3.72135475e-01
4.83872800e-06,3.72141288e-01
4.83882800e-06,3.72150527e-01
4.83892800e-06,3.72156385e-01
4.83902800e-06,3.72165668e-01
4.83912800e-06,3.72171571e-01
4.83922800e-06,3.72180899e-01
4.83932800e-06,3.72186846e-01
4.83942800e-06,3.72196218e-01
4.83952800e-06,3.72202211e-01
4.83962800e-06,3.72211627e-01
4.83972800e-06,3.72217665e-01
4.83982800e-06,3.72227125e-01
4.83992800e-06,3.72233209e-01
4.84002800e-06,3.72242713e-01
4.84012800e-06,3.72248843e-01
4.84022800e-06,3.72258392e-01
4.84032800e-06,3.72264567e-01
4.84042800e-06,3.72274160e-01
4.84052800e-06,3.72280381e-01
4.84062800e-06,3.72290020e-01
4.84072800e-06,3.72296287e-01
4.84082800e-06,3.72305970e-01
4.84092800e-06,3.72312283e-01
4.84102800e-06,3.72322011e-01
4.84112800e-06,3.72328370e-01
4.84122800e-06,3.72338144e-01
4.84132800e-06,3.72344549e-01
4.84142800e-06,3.72354368e-01
4.84152800e-06,3.72360820e-01
4.84162800e-06,3.72370685e-01
4.84172800e-06,3.72377183e-01
4.84182800e-06,3.72387093e-01
4.84192800e-06,3.72393638e-01
4.84202800e-06,3.72403593e-01
4.84212800e-06,3.72410185e-01
4.84222800e-06,3.72420186e-01
4.84232800e-06,3.72426825e-01
4.84242800e-06,3.72436872e-01
4.84252800e-06,3.72443558e-01
4.84262800e-06,3.72453651e-01
4.84272800e-06,3.72460384e-01
4.84282800e-06,3.72470524e-01
4.84292800e-06,3.72477303e-01
4.84302800e-06,3.72487489e-01
4.84312800e-06,3.72494317e-01
4.84322800e-06,3.72504549e-01
4.84332800e-06,3.72511424e-01
4.84342800e-06,3.72521703e-01
4.84352800e-06,3.72528625e-01
4.84362800e-06,3.72538951e-01
4.84372800e-06,3.72545921e-01
4.84382800e-06,3.72556293e-01
4.84392800e-06,3.72563311e-01
4.84402800e-06,3.72573730e-01
4.84412800e-06,3.72580796e-01
4.84422800e-06,3.72591263e-01
4.84432800e-06,3.72598377e-01
4.84442800e-06,3.72608890e-01
4.84452800e-06,3.72616053e-01
4.84462800e-06,3.72626613e-01
4.84472800e-06,3.72633824e-01
4.84482800e-06,3.72644432e-01
4.84492800e-06,3.72651691e-01
4.84502800e-06,3.72662347e-01
4.84512800e-06,3.72669655e-01
4.84522800e-06,3.72680358e-01
4.84532800e-06,3.72687715e-01
4.84542800e-06,3.72698466e-01
4.84552800e-06,3.72705872e-01
4.84562800e-06,3.72716671e-01
4.84572800e-06,3.72724125e-01
4.84582800e-06,3.72734972e-01
4.84592800e-06,3.72742476e-01
4.84602800e-06,3.72753371e-01
4.84612800e-06,3.72760924e-01
4.84622800e-06,3.72771867e-01
4.84632800e-06,3.72779470e-01
4.84642800e-06,3.72790462e-01
4.84652800e-06,3.72798113e-01
4.84662800e-06,3.72809154e-01
4.84672800e-06,3.72816855e-01
4.84682800e-06,3.72827944e-01
4.84692800e-06,3.72835695e-01
4.84702800e-06,3.72846833e-01
4.84712800e-06,3.72854634e-01
4.84722800e-06,3.72865821e-01
4.84732800e-06,3.72873672e-01
4.84742800e-06,3.72884908e-01
4.84752800e-06,3.72892809e-01
4.84762800e-06,3.72904095e-01
4.84772800e-06,3.72912046e-01
4.84782800e-06,3.72923381e-01
4.84792800e-06,3.72931382e-01
4.84802800e-06,3.72942766e-01
4.84812800e-06,3.72950819e-01
4.84822800e-06,3.72962252e-01
4.84832800e-06,3.72970355e-01
4.84842800e-06,3.72981838e-01
4.84852800e-06,3.72989992e-01
4.84862800e-06,3.73001525e-01
4.84872800e-06,3.73009730e-01
4.84882800e-06,3.73021313e-01
4.84892800e-06,3.73029568e-01
4.84902800e-06,3.73041201e-01
4.84912800e-06,3.73049508e-01
4.84922800e-06,3.73061192e-01
4.84932800e-06,3.73069550e-01
4.84942800e-06,3.73081283e-01
4.84952800e-06,3.73089693e-01
4.84962800e-06,3.73101477e-01
4.84972800e-06,3.73109938e-01
4.84982800e-06,3.73121773e-01
4.84992800e-06,3.73130286e-01
4.85002800e-06,3.73142171e-01
4.85012800e-06,3.73150736e-01
4.85022800e-06,3.73162672e-01
4.85032800e-06,3.73171289e-01
4.85042800e-06,3.73183276e-01
4.85052800e-06,3.73191945e-01
4.85062800e-06,3.73203983e-01
4.85072800e-06,3.73212704e-01
4.85082800e-06,3.73224794e-01
4.85092800e-06,3.73233567e-01
4.85102800e-06,3.73245708e-01
4.85112800e-06,3.73254534e-01
4.85122800e-06,3.73266726e-01
4.85132800e-06,3.73275605e-01
4.85142800e-06,3.73287849e-01
4.85152800e-06,3.73296780e-01
4.85162800e-06,3.73309076e-01
4.85172800e-06,3.73318060e-01
4.85182800e-06,3.73330408e-01
4.85192800e-06,3.73339445e-01
4.85202800e-06,3.73351845e-01
4.85212800e-06,3.73360935e-01
4.85222800e-06,3.73373387e-01
4.85232800e-06,3.73382530e-01
4.85242800e-06,3.73395034e-01
4.85252800e-06,3.73404231e-01
4.85262800e-06,3.73416788e-01
4.85272800e-06,3.73426038e-01
4.85282800e-06,3.73438648e-01
4.85292800e-06,3.73447951e-01
4.85302800e-06,3.73460614e-01
4.85312800e-06,3.73469971e-01
4.85322800e-06,3.73482686e-01
4.85332800e-06,3.73492098e-01
4.85342800e-06,3.73504866e-01
4.85352800e-06,3.73514331e-01
4.85362800e-06,3.73527152e-01
4.85372800e-06,3.73536672e-01
4.85382800e-06,3.73549546e-01
4.85392800e-06,3.73559120e-01
4.85402800e-06,3.73572048e-01
4.85412800e-06,3.73581676e-01
4.85422800e-06,3.73594658e-01
4.85432800e-06,3.73604341e-01
4.85442800e-06,3.73617376e-01
4.85452800e-06,3.73627113e-01
4.85462800e-06,3.73640202e-01
4.85472800e-06,3.73649994e-01
4.85482800e-06,3.73663137e-01
4.85492800e-06,3.73672985e-01
4.85502800e-06,3.73686181e-01
4.85512800e-06,3.73696084e-01
4.85522800e-06,3.73709335e-01
4.85532800e-06,3.73719292e-01
4.85542800e-06,3.73732598e-01
4.85552800e-06,3.73742611e-01
4.85562800e-06,3.73755970e-01
4.85572800e-06,3.73766039e-01
4.85582800e-06,3.73779453e-01
4.85592800e-06,3.73789577e-01
4.85602800e-06,3.73803046e-01
4.85612800e-06,3.73813226e-01
4.85622800e-06,3.73826750e-01
4.85632800e-06,3.73836986e-01
4.85642800e-06,3.73850565e-01
4.85652800e-06,3.73860857e-01
4.85662800e-06,3.73874491e-01
4.85672800e-06,3.73884839e-01
4.85682800e-06,3.73898528e-01
4.85692800e-06,3.73908933e-01
4.85702800e-06,3.73922677e-01
4.85712800e-06,3.73933138e-01
4.85722800e-06,3.73946938e-01
4.85732800e-06,3.73957456e-01
4.85742800e-06,3.73971311e-01
4.85752800e-06,3.73981886e-01
4.85762800e-06,3.73995797e-01
4.85772800e-06,3.74006428e-01
4.85782800e-06,3.74020396e-01
4.85792800e-06,3.74031084e-01
4.85802800e-06,3.74045107e-01
4.85812800e-06,3.74055852e-01
4.85822800e-06,3.74069932e-01
4.85832800e-06,3.74080734e-01
4.85842800e-06,3.74094870e-01
4.85852800e-06,3.74105730e-01
4.85862800e-06,3.74119923e-01
4.85872800e-06,3.74130840e-01
4.85882800e-06,3.74145089e-01
4.85892800e-06,3.74156064e-01
4.85902800e-06,3.74170370e-01
4.85912800e-06,3.74181403e-01
4.85922800e-06,3.74195766e-01
4.85932800e-06,3.74206856e-01
4.85942800e-06,3.74221276e-01
4.85952800e-06,3.74232425e-01
4.85962800e-06,3.74246902e-01
4.85972800e-06,3.74258109e-01
4.85982800e-06,3.74272643e-01
4.85992800e-06,3.74283908e-01
4.86002800e-06,3.74298500e-01
4.86012800e-06,3.74309824e-01
4.86022800e-06,3.74324473e-01
4.86032800e-06,3.74335855e-01
4.86042800e-06,3.74350562e-01
4.86052800e-06,3.74362003e-01
4.86062800e-06,3.74376768e-01
4.86072800e-06,3.74388268e-01
4.86082800e-06,3.74403090e-01
4.86092800e-06,3.74414649e-01
4.86102800e-06,3.74429530e-01
4.86112800e-06,3.74441148e-01
4.86122800e-06,3.74456087e-01
4.86132800e-06,3.74467765e-01
4.86142800e-06,3.74482762e-01
4.86152800e-06,3.74494499e-01
4.86162800e-06,3.74509555e-01
4.86172800e-06,3.74521351e-01
4.86182800e-06,3.74536466e-01
4.86192800e-06,3.74548322e-01
4.86202800e-06,3.74563495e-01
4.86212800e-06,3.74575411e-01
4.86222800e-06,3.74590644e-01
4.86232800e-06,3.74602620e-01
4.86242800e-06,3.74617911e-01
4.86252800e-06,3.74629947e-01
4.86262800e-06,3.74645298e-01
4.86272800e-06,3.74657394e-01
4.86282800e-06,3.74672804e-01
4.86292800e-06,3.74684960e-01
4.86302800e-06,3.74700430e-01
4.86312800e-06,3.74712647e-01
4.86322800e-06,3.74728176e-01
4.86332800e-06,3.74740454e-01
4.86342800e-06,3.74756042e-01
4.86352800e-06,3.74768381e-01
4.86362800e-06,3.74784029e-01
4.86372800e-06,3.74796429e-01
4.86382800e-06,3.74812138e-01
4.86392800e-06,3.74824598e-01
4.86402800e-06,3.74840367e-01
4.86412800e-06,3.74852889e-01
4.86422800e-06,3.74868718e-01
4.86432800e-06,3.74881301e-01
4.86442800e-06,3.74897190e-01
4.86452800e-06,3.74909835e-01
4.86462800e-06,3.74925785e-01
4.86472800e-06,3.74938491e-01
4.86482800e-06,3.74954502e-01
4.86492800e-06,3.74967270e-01
4.86502800e-06,3.74983341e-01
4.86512800e-06,3.74996171e-01
4.86522800e-06,3.75012304e-01
4.86532800e-06,3.75025196e-01
4.86542800e-06,3.75041389e-01
4.86552800e-06,3.75054343e-01
4.86562800e-06,3.75070598e-01
4.86572800e-06,3.75083615e-01
4.86582800e-06,3.75099931e-01
4.86592800e-06,3.75113010e-01
4.86602800e-06,3.75129387e-01
4.86612800e-06,3.75142529e-01
4.86622800e-06,3.75158968e-01
4.86632800e-06,3.75172172e-01
4.86642800e-06,3.75188673e-01
4.86652800e-06,3.75201940e-01
4.86662800e-06,3.75218503e-01
4.86672800e-06,3.75231833e-01
4.86682800e-06,3.75248459e-01
4.86692800e-06,3.75261851e-01
4.86702800e-06,3.75278539e-01
4.86712800e-06,3.75291995e-01
4.86722800e-06,3.75308745e-01
4.86732800e-06,3.75322264e-01
4.86742800e-06,3.75339077e-01
4.86752800e-06,3.75352660e-01
4.86762800e-06,3.75369535e-01
4.86772800e-06,3.75383181e-01
4.86782800e-06,3.75400119e-01
4.86792800e-06,3.75413830e-01
4.86802800e-06,3.75430830e-01
4.86812800e-06,3.75444604e-01
4.86822800e-06,3.75461668e-01
4.86832800e-06,3.75475507e-01
4.86842800e-06,3.75492633e-01
4.86852800e-06,3.75506536e-01
4.86862800e-06,3.75523726e-01
4.86872800e-06,3.75537693e-01
4.86882800e-06,3.75554947e-01
4.86892800e-06,3.75568978e-01
4.86902800e-06,3.75586295e-01
4.86912800e-06,3.75600391e-01
4.86922800e-06,3.75617772e-01
4.86932800e-06,3.75631933e-01
4.86942800e-06,3.75649377e-01
4.86952800e-06,3.75663603e-01
4.86962800e-06,3.75681112e-01
4.86972800e-06,3.75695402e-01
4.86982800e-06,3.75712975e-01
4.86992800e-06,3.75727331e-01
4.87002800e-06,3.75744968e-01
4.87012800e-06,3.75759389e-01
4.87022800e-06,3.75777090e-01
4.87032800e-06,3.75791577e-01
4.87042800e-06,3.75809343e-01
4.87052800e-06,3.75823895e-01
4.87062800e-06,3.75841725e-01
4.87072800e-06,3.75856343e-01
4.87082800e-06,3.75874239e-01
4.87092800e-06,3.75888922e-01
4.87102800e-06,3.75906882e-01
4.87112800e-06,3.75921632e-01
4.87122800e-06,3.75939657e-01
4.87132800e-06,3.75954473e-01
4.87142800e-06,3.75972564e-01
4.87152800e-06,3.75987445e-01
4.87162800e-06,3.76005601e-01
4.87172800e-06,3.76020549e-01
4.87182800e-06,3.76038771e-01
4.87192800e-06,3.76053786e-01
4.87202800e-06,3.76072073e-01
4.87212800e-06,3.76087154e-01
4.87222800e-06,3.76105507e-01
4.87232800e-06,3.76120655e-01
4.87242800e-06,3.76139074e-01
4.87252800e-06,3.76154288e-01
4.87262800e-06,3.76172773e-01
4.87272800e-06,3.76188055e-01
4.87282800e-06,3.76206606e-01
4.87292800e-06,3.76221955e-01
4.87302800e-06,3.76240572e-01
4.87312800e-06,3.76255989e-01
4.87322800e-06,3.76274672e-01
4.87332800e-06,3.76290156e-01
4.87342800e-06,3.76308906e-01
4.87352800e-06,3.76324457e-01
4.87362800e-06,3.76343274e-01
4.87372800e-06,3.76358893e-01
4.87382800e-06,3.76377777e-01
4.87392800e-06,3.76393464e-01
4.87402800e-06,3.76412414e-01
4.87412800e-06,3.76428169e-01
4.87422800e-06,3.76447187e-01
4.87432800e-06,3.76463010e-01
4.87442800e-06,3.76482095e-01
4.87452800e-06,3.76497986e-01
4.87462800e-06,3.76517138e-01
4.87472800e-06,3.76533098e-01
4.87482800e-06,3.76552317e-01
4.87492800e-06,3.76568345e-01
4.87502800e-06,3.76587633e-01
4.87512800e-06,3.76603730e-01
4.87522800e-06,3.76623085e-01
4.87532800e-06,3.76639250e-01
4.87542800e-06,3.76658673e-01
4.87552800e-06,3.76674907e-01
4.87562800e-06,3.76694398e-01
4.87572800e-06,3.76710702e-01
4.87582800e-06,3.76730261e-01
4.87592800e-06,3.76746633e-01
4.87602800e-06,3.76766261e-01
4.87612800e-06,3.76782702e-01
4.87622800e-06,3.76802398e-01
4.87632800e-06,3.76818909e-01
4.87642800e-06,3.76838674e-01
4.87652800e-06,3.76855255e-01
4.87662800e-06,3.76875088e-01
4.87672800e-06,3.76891738e-01
4.87682800e-06,3.76911640e-01
4.87692800e-06,3.76928360e-01
4.87702800e-06,3.76948331e-01
4.87712800e-06,3.76965121e-01
4.87722800e-06,3.76985161e-01
4.87732800e-06,3.77002021e-01
4.87742800e-06,3.77022130e-01
4.87752800e-06,3.77039060e-01
4.87762800e-06,3.77059239e-01
4.87772800e-06,3.77076240e-01
4.87782800e-06,3.77096487e-01
4.87792800e-06,3.77113559e-01
4.87802800e-06,3.77133876e-01
4.87812800e-06,3.77151018e-01
4.87822800e-06,3.77171405e-01
4.87832800e-06,3.77188617e-01
4.87842800e-06,3.77209074e-01
4.87852800e-06,3.77226357e-01
4.87862800e-06,3.77246884e-01
4.87872800e-06,3.77264239e-01
4.87882800e-06,3.77284836e-01
4.87892800e-06,3.77302261e-01
4.87902800e-06,3.77322928e-01
4.87912800e-06,3.77340425e-01
4.87922800e-06,3.77361162e-01
4.87932800e-06,3.77378730e-01
4.87942800e-06,3.77399539e-01
4.87952800e-06,3.77417178e-01
4.87962800e-06,3.77438057e-01
4.87972800e-06,3.77455768e-01
4.87982800e-06,3.77476717e-01
4.87992800e-06,3.77494500e-01
4.88002800e-06,3.77515520e-01
4.88012800e-06,3.77533375e-01
4.88022800e-06,3.77554466e-01
4.88032800e-06,3.77572393e-01
4.88042800e-06,3.77593555e-01
4.88052800e-06,3.77611554e-01
4.88062800e-06,3.77632788e-01
4.88072800e-06,3.77650858e-01
4.88082800e-06,3.77672164e-01
4.88092800e-06,3.77690307e-01
4.88102800e-06,3.77711683e-01
4.88112800e-06,3.77729899e-01
4.88122800e-06,3.77751347e-01
4.88132800e-06,3.77769636e-01
4.88142800e-06,3.77791156e-01
4.88152800e-06,3.77809517e-01
4.88162800e-06,3.77831109e-01
4.88172800e-06,3.77849543e-01
4.88182800e-06,3.77871206e-01
4.88192800e-06,3.77889713e-01
4.88202800e-06,3.77911449e-01
4.88212800e-06,3.77930029e-01
4.88222800e-06,3.77951838e-01
4.88232800e-06,3.77970491e-01
4.88242800e-06,3.77992371e-01
4.88252800e-06,3.78011098e-01
4.88262800e-06,3.78033051e-01
4.88272800e-06,3.78051851e-01
4.88282800e-06,3.78073877e-01
4.88292800e-06,3.78092750e-01
4.88302800e-06,3.78114849e-01
4.88312800e-06,3.78133796e-01
4.88322800e-06,3.78155967e-01
4.88332800e-06,3.78174989e-01
4.88342800e-06,3.78197233e-01
4.88352800e-06,3.78216328e-01
4.88362800e-06,3.78238645e-01
4.88372800e-06,3.78257815e-01
4.88382800e-06,3.78280205e-01
4.88392800e-06,3.78299449e-01
4.88402800e-06,3.78321913e-01
4.88412800e-06,3.78341231e-01
4.88422800e-06,3.78363768e-01
4.88432800e-06,3.78383160e-01
4.88442800e-06,3.78405771e-01
4.88452800e-06,3.78425238e-01
4.88462800e-06,3.78447923e-01
4.88472800e-06,3.78467464e-01
4.88482800e-06,3.78490223e-01
4.88492800e-06,3.78509839e-01
4.88502800e-06,3.78532671e-01
4.88512800e-06,3.78552363e-01
4.88522800e-06,3.78575269e-01
4.88532800e-06,3.78595035e-01
4.88542800e-06,3.78618016e-01
4.88552800e-06,3.78637857e-01
4.88562800e-06,3.78660912e-01
4.88572800e-06,3.78680829e-01
4.88582800e-06,3.78703958e-01
4.88592800e-06,3.78723951e-01
4.88602800e-06,3.78747154e-01
4.88612800e-06,3.78767222e-01
4.88622800e-06,3.78790501e-01
4.88632800e-06,3.78810644e-01
4.88642800e-06,3.78833997e-01
4.88652800e-06,3.78854216e-01
4.88662800e-06,3.78877644e-01
4.88672800e-06,3.78897939e-01
4.88682800e-06,3.78921442e-01
4.88692800e-06,3.78941813e-01
4.88702800e-06,3.78965391e-01
4.88712800e-06,3.78985838e-01
4.88722800e-06,3.79009491e-01
4.88732800e-06,3.79030014e-01
4.88742800e-06,3.79053743e-01
4.88752800e-06,3.79074342e-01
4.88762800e-06,3.79098147e-01
4.88772800e-06,3.79118822e-01
4.88782800e-06,3.79142702e-01
4.88792800e-06,3.79163455e-01
4.88802800e-06,3.79187410e-01
4.88812800e-06,3.79208239e-01
4.88822800e-06,3.79232270e-01
4.88832800e-06,3.79253176e-01
4.88842800e-06,3.79277283e-01
4.88852800e-06,3.79298266e-01
4.88862800e-06,3.79322449e-01
4.88872800e-06,3.79343508e-01
4.88882800e-06,3.79367768e-01
4.88892800e-06,3.79388904e-01
4.88902800e-06,3.79413240e-01
4.88912800e-06,3.79434454e-01
4.88922800e-06,3.79458866e-01
4.88932800e-06,3.79480157e-01
4.88942800e-06,3.79504645e-01
4.88952800e-06,3.79526013e-01
4.88962800e-06,3.79550578e-01
4.88972800e-06,3.79572024e-01
4.88982800e-06,3.79596666e-01
4.88992800e-06,3.79618190e-01
4.89002800e-06,3.79642908e-01
4.89012800e-06,3.79664509e-01
4.89022800e-06,3.79689304e-01
4.89032800e-06,3.79710984e-01
4.89042800e-06,3.79735856e-01
4.89052800e-06,3.79757613e-01
4.89062800e-06,3.79782562e-01
4.89072800e-06,3.79804397e-01
4.89082800e-06,3.79829424e-01
4.89092800e-06,3.79851337e-01
4.89102800e-06,3.79876441e-01
4.89112800e-06,3.79898433e-01
4.89122800e-06,3.79923614e-01
4.89132800e-06,3.79945684e-01
4.89142800e-06,3.79970943e-01
4.89152800e-06,3.79993091e-01
4.89162800e-06,3.80018427e-01
4.89172800e-06,3.80040654e-01
4.89182800e-06,3.80066068e-01
4.89192800e-06,3.80088374e-01
4.89202800e-06,3.80113866e-01
4.89212800e-06,3.80136250e-01
4.89222800e-06,3.80161820e-01
4.89232800e-06,3.80184283e-01
4.89242800e-06,3.80209931e-01
4.89252800e-06,3.80232474e-01
4.89262800e-06,3.80258200e-01
4.89272800e-06,3.80280821e-01
4.89282800e-06,3.80306625e-01
4.89292800e-06,3.80329326e-01
4.89302800e-06,3.80355208e-01
4.89312800e-06,3.80377988e-01
4.89322800e-06,3.80403949e-01
4.89332800e-06,3.80426808e-01
4.89342800e-06,3.80452848e-01
4.89352800e-06,3.80475786e-01
4.89362800e-06,3.80501905e-01
4.89372800e-06,3.80524923e-01
4.89382800e-06,3.80551120e-01
4.89392800e-06,3.80574217e-01
4.89402800e-06,3.80600493e-01
4.89412800e-06,3.80623671e-01
4.89422800e-06,3.80650025e-01
4.89432800e-06,3.80673283e-01
4.89442800e-06,3.80699716e-01
4.89452800e-06,3.80723054e-01
4.89462800e-06,3.80749566e-01
4.89472800e-06,3.80772984e-01
4.89482800e-06,3.80799576e-01
4.89492800e-06,3.80823073e-01
4.89502800e-06,3.80849745e-01
4.89512800e-06,3.80873322e-01
4.89522800e-06,3.80900073e-01
4.89532800e-06,3.80923731e-01
4.89542800e-06,3.80950561e-01
4.89552800e-06,3.80974300e-01
4.89562800e-06,3.81001210e-01
4.89572800e-06,3.81025029e-01
4.89582800e-06,3.81052018e-01
4.89592800e-06,3.81075918e-01
4.89602800e-06,3.81102987e-01
4.89612800e-06,3.81126967e-01
4.89622800e-06,3.81154116e-01
4.89632800e-06,3.81178177e-01
4.89642800e-06,3.81205406e-01
4.89652800e-06,3.81229548e-01
4.89662800e-06,3.81256857e-01
4.89672800e-06,3.81281080e-01
4.89682800e-06,3.81308469e-01
4.89692800e-06,3.81332773e-01
4.89702800e-06,3.81360242e-01
4.89712800e-06,3.81384627e-01
4.89722800e-06,3.81412177e-01
4.89732800e-06,3.81436643e-01
4.89742800e-06,3.81464273e-01
4.89752800e-06,3.81488820e-01
4.89762800e-06,3.81516531e-01
4.89772800e-06,3.81541160e-01
4.89782800e-06,3.81568951e-01
4.89792800e-06,3.81593661e-01
4.89802800e-06,3.81621532e-01
4.89812800e-06,3.81646324e-01
4.89822800e-06,3.81674277e-01
4.89832800e-06,3.81699150e-01
4.89842800e-06,3.81727183e-01
4.89852800e-06,3.81752139e-01
4.89862800e-06,3.81780252e-01
4.89872800e-06,3.81805290e-01
4.89882800e-06,3.81833484e-01
4.89892800e-06,3.81858604e-01
4.89902800e-06,3.81886879e-01
4.89912800e-06,3.81912080e-01
4.89922800e-06,3.81940437e-01
4.89932800e-06,3.81965720e-01
4.89942800e-06,3.81994158e-01
4.89952800e-06,3.82019524e-01
4.89962800e-06,3.82048043e-01
4.89972800e-06,3.82073490e-01
4.89982800e-06,3.82102091e-01
4.89992800e-06,3.82127621e-01
4.90002800e-06,3.82156303e-01
4.90012800e-06,3.82181915e-01
4.90022800e-06,3.82210679e-01
4.90032800e-06,3.82236373e-01
4.90042800e-06,3.82265218e-01
4.90052800e-06,3.82290995e-01
4.90062800e-06,3.82319922e-01
4.90072800e-06,3.82345781e-01
4.90082800e-06,3.82374790e-01
4.90092800e-06,3.82400732e-01
4.90102800e-06,3.82429822e-01
4.90112800e-06,3.82455847e-01
4.90122800e-06,3.82485020e-01
4.90132800e-06,3.82511127e-01
4.90142800e-06,3.82540381e-01
4.90152800e-06,3.82566572e-01
4.90162800e-06,3.82595908e-01
4.90172800e-06,3.82622182e-01
4.90182800e-06,3.82651600e-01
4.90192800e-06,3.82677956e-01
4.90202800e-06,3.82707457e-01
4.90212800e-06,3.82733896e-01
4.90222800e-06,3.82763479e-01
4.90232800e-06,3.82790002e-01
4.90242800e-06,3.82819667e-01
4.90252800e-06,3.82846272e-01
4.90262800e-06,3.82876020e-01
4.90272800e-06,3.82902709e-01
4.90282800e-06,3.82932539e-01
4.90292800e-06,3.82959311e-01
4.90302800e-06,3.82989223e-01
4.90312800e-06,3.83016079e-01
4.90322800e-06,3.83046074e-01
4.90332800e-06,3.83073013e-01
4.90342800e-06,3.83103091e-01
4.90352800e-06,3.83130113e-01
4.90362800e-06,3.83160273e-01
4.90372800e-06,3.83187380e-01
4.90382800e-06,3.83217623e-01
4.90392800e-06,3.83244813e-01
4.90402800e-06,3.83275138e-01
4.90412800e-06,3.83302412e-01
4.90422800e-06,3.83332821e-01
4.90432800e-06,3.83360178e-01
4.90442800e-06,3.83390670e-01
4.90452800e-06,3.83418111e-01
4.90462800e-06,3.83448685e-01
4.90472800e-06,3.83476211e-01
4.90482800e-06,3.83506868e-01
4.90492800e-06,3.83534477e-01
4.90502800e-06,3.83565218e-01
4.90512800e-06,3.83592911e-01
4.90522800e-06,3.83623735e-01
4.90532800e-06,3.83651512e-01
4.90542800e-06,3.83682419e-01
4.90552800e-06,3.83710280e-01
4.90562800e-06,3.83741271e-01
4.90572800e-06,3.83769216e-01
4.90582800e-06,3.83800290e-01
4.90592800e-06,3.83828319e-01
4.90602800e-06,3.83859476e-01
4.90612800e-06,3.83887590e-01
4.90622800e-06,3.83918831e-01
4.90632800e-06,3.83947029e-01
4.90642800e-06,3.83978353e-01
4.90652800e-06,3.84006635e-01
4.90662800e-06,3.84038043e-01
4.90672800e-06,3.84066410e-01
4.90682800e-06,3.84097901e-01
4.90692800e-06,3.84126352e-01
4.90702800e-06,3.84157927e-01
4.90712800e-06,3.84186463e-01
4.90722800e-06,3.84218121e-01
4.90732800e-06,3.84246742e-01
4.90742800e-06,3.84278484e-01
4.90752800e-06,3.84307189e-01
4.90762800e-06,3.84339015e-01
4.90772800e-06,3.84367805e-01
4.90782800e-06,3.84399714e-01
4.90792800e-06,3.84428589e-01
4.90802800e-06,3.84460582e-01
4.90812800e-06,3.84489542e-01
4.90822800e-06,3.84521619e-01
4.90832800e-06,3.84550663e-01
4.90842800e-06,3.84582824e-01
4.90852800e-06,3.84611953e-01
4.90862800e-06,3.84644199e-01
4.90872800e-06,3.84673412e-01
4.90882800e-06,3.84705742e-01
4.90892800e-06,3.84735040e-01
4.90902800e-06,3.84767454e-01
4.90912800e-06,3.84796837e-01
4.90922800e-06,3.84829335e-01
4.90932800e-06,3.84858804e-01
4.90942800e-06,3.84891385e-01
4.90952800e-06,3.84920939e-01
4.90962800e-06,3.84953605e-01
4.90972800e-06,3.84983243e-01
4.90982800e-06,3.85015994e-01
4.90992800e-06,3.85045717e-01
4.91002800e-06,3.85078552e-01
4.91012800e-06,3.85108361e-01
4.91022800e-06,3.85141279e-01
4.91032800e-06,3.85171173e-01
4.91042800e-06,3.85204176e-01
4.91052800e-06,3.85234155e-01
4.91062800e-06,3.85267243e-01
4.91072800e-06,3.85297307e-01
4.91082800e-06,3.85330479e-01
4.91092800e-06,3.85360629e-01
4.91102800e-06,3.85393885e-01
4.91112800e-06,3.85424120e-01
4.91122800e-06,3.85457460e-01
4.91132800e-06,3.85487781e-01
4.91142800e-06,3.85521206e-01
4.91152800e-06,3.85551611e-01
4.91162800e-06,3.85585121e-01
4.91172800e-06,3.85615612e-01
4.91182800e-06,3.85649206e-01
4.91192800e-06,3.85679782e-01
4.91202800e-06,3.85713461e-01
4.91212800e-06,3.85744123e-01
4.91222800e-06,3.85777886e-01
4.91232800e-06,3.85808633e-01
4.91242800e-06,3.85842481e-01
4.91252800e-06,3.85873314e-01
4.91262800e-06,3.85907246e-01
4.91272800e-06,3.85938165e-01
4.91282800e-06,3.85972182e-01
4.91292800e-06,3.86003185e-01
4.91302800e-06,3.86037287e-01
4.91312800e-06,3.86068376e-01
4.91322800e-06,3.86102563e-01
4.91332800e-06,3.86133738e-01
4.91342800e-06,3.86168009e-01
4.91352800e-06,3.86199269e-01
4.91362800e-06,3.86233625e-01
4.91372800e-06,3.86264971e-01
4.91382800e-06,3.86299412e-01
4.91392800e-06,3.86330843e-01
4.91402800e-06,3.86365369e-01
4.91412800e-06,3.86396886e-01
4.91422800e-06,3.86431496e-01
4.91432800e-06,3.86463099e-01
4.91442800e-06,3.86497794e-01
4.91452800e-06,3.86529482e-01
4.91462800e-06,3.86564262e-01
4.91472800e-06,3.86596036e-01
4.91482800e-06,3.86630900e-01
4.91492800e-06,3.86662760e-01
4.91502800e-06,3.86697710e-01
4.91512800e-06,3.86729655e-01
4.91522800e-06,3.86764689e-01
4.91532800e-06,3.86796720e-01
4.91542800e-06,3.86831839e-01
4.91552800e-06,3.86863956e-01
4.91562800e-06,3.86899160e-01
4.91572800e-06,3.86931362e-01
4.91582800e-06,3.86966651e-01
4.91592800e-06,3.86998939e-01
4.91602800e-06,3.87034313e-01
4.91612800e-06,3.87066687e-01
4.91622800e-06,3.87102145e-01
4.91632800e-06,3.87134605e-01
4.91642800e-06,3.87170148e-01
4.91652800e-06,3.87202694e-01
4.91662800e-06,3.87238322e-01
4.91672800e-06,3.87270953e-01
4.91682800e-06,3.87306666e-01
4.91692800e-06,3.87339383e-01
4.91702800e-06,3.87375181e-01
4.91712800e-06,3.87407983e-01
4.91722800e-06,3.87443866e-01
4.91732800e-06,3.87476754e-01
4.91742800e-06,3.87512722e-01
4.91752800e-06,3.87545696e-01
4.91762800e-06,3.87581748e-01
4.91772800e-06,3.87614808e-01
4.91782800e-06,3.87650945e-01
4.91792800e-06,3.87684091e-01
4.91802800e-06,3.87720313e-01
4.91812800e-06,3.87753544e-01
4.91822800e-06,3.87789851e-01
4.91832800e-06,3.87823168e-01
4.91842800e-06,3.87859560e-01
4.91852800e-06,3.87892962e-01
4.91862800e-06,3.87929439e-01
4.91872800e-06,3.87962927e-01
4.91882800e-06,3.87999488e-01
4.91892800e-06,3.88033062e-01
4.91902800e-06,3.88069709e-01
4.91912800e-06,3.88103368e-01
4.91922800e-06,3.88140099e-01
4.91932800e-06,3.88173844e-01
4.91942800e-06,3.88210661e-01
4.91952800e-06,3.88244491e-01
4.91962800e-06,3.88281392e-01
4.91972800e-06,3.88315308e-01
4.91982800e-06,3.88352294e-01
4.91992800e-06,3.88386296e-01
4.92002800e-06,3.88423366e-01
4.92012800e-06,3.88457454e-01
4.92022800e-06,3.88494609e-01
4.92032800e-06,3.88528782e-01
4.92042800e-06,3.88566022e-01
4.92052800e-06,3.88600280e-01
4.92062800e-06,3.88637605e-01
4.92072800e-06,3.88671949e-01
4.92082800e-06,3.88709358e-01
4.92092800e-06,3.88743788e-01
4.92102800e-06,3.88781282e-01
4.92112800e-06,3.88815797e-01
4.92122800e-06,3.88853375e-01
4.92132800e-06,3.88887976e-01
4.92142800e-06,3.88925639e-01
4.92152800e-06,3.88960325e-01
4.92162800e-06,3.88998073e-01
4.92172800e-06,3.89032844e-01
4.92182800e-06,3.89070676e-01
4.92192800e-06,3.89105533e-01
4.92202800e-06,3.89143450e-01
4.92212800e-06,3.89178392e-01
4.92222800e-06,3.89216393e-01
4.92232800e-06,3.89251421e-01
4.92242800e-06,3.89289507e-01
4.92252800e-06,3.89324619e-01
4.92262800e-06,3.89362790e-01
4.92272800e-06,3.89397988e-01
4.92282800e-06,3.89436242e-01
4.92292800e-06,3.89471526e-01
4.92302800e-06,3.89509865e-01
4.92312800e-06,3.89545233e-01
4.92322800e-06,3.89583657e-01
4.92332800e-06,3.89619110e-01
4.92342800e-06,3.89657618e-01
4.92352800e-06,3.89693157e-01
4.92362800e-06,3.89731749e-01
4.92372800e-06,3.89767373e-01
4.92382800e-06,3.89806049e-01
4.92392800e-06,3.89841758e-01
4.92402800e-06,3.89880519e-01
4.92412800e-06,3.89916313e-01
4.92422800e-06,3.89955158e-01
4.92432800e-06,3.89991037e-01
4.92442800e-06,3.90029966e-01
4.92452800e-06,3.90065929e-01
4.92462800e-06,3.90104942e-01
4.92472800e-06,3.90140991e-01
4.92482800e-06,3.90180088e-01
4.92492800e-06,3.90216222e-01
4.92502800e-06,3.90255403e-01
4.92512800e-06,3.90291622e-01
4.92522800e-06,3.90330887e-01
4.92532800e-06,3.90367190e-01
4.92542800e-06,3.90406539e-01
4.92552800e-06,3.90442927e-01
4.92562800e-06,3.90482360e-01
4.92572800e-06,3.90518832e-01
4.92582800e-06,3.90558349e-01
4.92592800e-06,3.90594906e-01
4.92602800e-06,3.90634507e-01
4.92612800e-06,3.90671149e-01
4.92622800e-06,3.90710833e-01
4.92632800e-06,3.90747559e-01
4.92642800e-06,3.90787327e-01
4.92652800e-06,3.90824138e-01
4.92662800e-06,3.90863990e-01
4.92672800e-06,3.90900885e-01
4.92682800e-06,3.90940820e-01
4.92692800e-06,3.90977800e-01
4.92702800e-06,3.91017819e-01
4.92712800e-06,3.91054883e-01
4.92722800e-06,3.91094985e-01
4.92732800e-06,3.91132133e-01
4.92742800e-06,3.91172319e-01
4.92752800e-06,3.91209551e-01
4.92762800e-06,3.91249820e-01
4.92772800e-06,3.91287137e-01
4.92782800e-06,3.91327489e-01
4.92792800e-06,3.91364890e-01
4.92802800e-06,3.91405325e-01
4.92812800e-06,3.91442810e-01
4.92822800e-06,3.91483328e-01
4.92832800e-06,3.91520897e-01
4.92842800e-06,3.91561499e-01
4.92852800e-06,3.91599151e-01
4.92862800e-06,3.91639836e-01
4.92872800e-06,3.91677573e-01
4.92882800e-06,3.91718341e-01
4.92892800e-06,3.91756161e-01
4.92902800e-06,3.91797012e-01
4.92912800e-06,3.91834915e-01
4.92922800e-06,3.91875849e-01
4.92932800e-06,3.91913837e-01
4.92942800e-06,3.91954853e-01
4.92952800e-06,3.91992924e-01
4.92962800e-06,3.92034023e-01
4.92972800e-06,3.92072178e-01
4.92982800e-06,3.92113360e-01
4.92992800e-06,3.92151598e-01
4.93002800e-06,3.92192862e-01
4.93012800e-06,3.92231184e-01
4.93022800e-06,3.92272530e-01
4.93032800e-06,3.92310935e-01
4.93042800e-06,3.92352364e-01
4.93052800e-06,3.92390852e-01
4.93062800e-06,3.92432364e-01
4.93072800e-06,3.92470935e-01
4.93082800e-06,3.92512529e-01
4.93092800e-06,3.92551183e-01
4.93102800e-06,3.92592859e-01
4.93112800e-06,3.92631596e-01
4.93122800e-06,3.92673355e-01
4.93132800e-06,3.92712175e-01
4.93142800e-06,3.92754015e-01
4.93152800e-06,3.92792918e-01
4.93162800e-06,3.92834840e-01
4.93172800e-06,3.92873826e-01
4.93182800e-06,3.92915830e-01
4.93192800e-06,3.92954898e-01
4.93202800e-06,3.92996985e-01
4.93212800e-06,3.93036135e-01
4.93222800e-06,3.93078303e-01
4.93232800e-06,3.93117536e-01
4.93242800e-06,3.93159786e-01
4.93252800e-06,3.93199102e-01
4.93262800e-06,3.93241433e-01
4.93272800e-06,3.93280831e-01
4.93282800e-06,3.93323243e-01
4.93292800e-06,3.93362723e-01
4.93302800e-06,3.93405217e-01
4.93312800e-06,3.93444780e-01
4.93322800e-06,3.93487355e-01
4.93332800e-06,3.93526999e-01
4.93342800e-06,3.93569656e-01
4.93352800e-06,3.93609382e-01
4.93362800e-06,3.93652120e-01
4.93372800e-06,3.93691928e-01
4.93382800e-06,3.93734746e-01
4.93392800e-06,3.93774637e-01
4.93402800e-06,3.93817536e-01
4.93412800e-06,3.93857508e-01
4.93422800e-06,3.93900488e-01
4.93432800e-06,3.93940541e-01
4.93442800e-06,3.93983603e-01
4.93452800e-06,3.94023737e-01
4.93462800e-06,3.94066879e-01
4.93472800e-06,3.94107095e-01
4.93482800e-06,3.94150318e-01
4.93492800e-06,3.94190615e-01
4.93502800e-06,3.94233918e-01
4.93512800e-06,3.94274296e-01
4.93522800e-06,3.94317680e-01
4.93532800e-06,3.94358139e-01
4.93542800e-06,3.94401603e-01
4.93552800e-06,3.94442144e-01
4.93562800e-06,3.94485687e-01
4.93572800e-06,3.94526309e-01
4.93582800e-06,3.94569932e-01
4.93592800e-06,3.94610635e-01
4.93602800e-06,3.94654338e-01
4.93612800e-06,3.94695121e-01
4.93622800e-06,3.94738904e-01
4.93632800e-06,3.94779768e-01
4.93642800e-06,3.94823631e-01
4.93652800e-06,3.94864575e-01
4.93662800e-06,3.94908518e-01
4.93672800e-06,3.94949543e-01
4.93682800e-06,3.94993565e-01
4.93692800e-06,3.95034670e-01
4.93702800e-06,3.95078771e-01
4.93712800e-06,3.95119956e-01
4.93722800e-06,3.95164137e-01
4.93732800e-06,3.95205402e-01
4.93742800e-06,3.95249662e-01
4.93752800e-06,3.95291007e-01
4.93762800e-06,3.95335346e-01
4.93772800e-06,3.95376770e-01
4.93782800e-06,3.95421188e-01
4.93792800e-06,3.95462693e-01
4.93802800e-06,3.95507189e-01
4.93812800e-06,3.95548773e-01
4.93822800e-06,3.95593349e-01
4.93832800e-06,3.95635012e-01
4.93842800e-06,3.95679666e-01
4.93852800e-06,3.95721409e-01
4.93862800e-06,3.95766142e-01
4.93872800e-06,3.95807964e-01
4.93882800e-06,3.95852775e-01
4.93892800e-06,3.95894676e-01
4.93902800e-06,3.95939565e-01
4.93912800e-06,3.95981545e-01
4.93922800e-06,3.96026512e-01
4.93932800e-06,3.96068571e-01
4.93942800e-06,3.96113616e-01
4.93952800e-06,3.96155754e-01
4.93962800e-06,3.96200877e-01
4.93972800e-06,3.96243093e-01
4.93982800e-06,3.96288294e-01
4.93992800e-06,3.96330589e-01
4.94002800e-06,3.96375867e-01
4.94012800e-06,3.96418240e-01
4.94022800e-06,3.96463596e-01
4.94032800e-06,3.96506048e-01
4.94042800e-06,3.96551481e-01
4.94052800e-06,3.96594010e-01
4.94062800e-06,3.96639521e-01
4.94072800e-06,3.96682128e-01
4.94082800e-06,3.96727716e-01
4.94092800e-06,3.96770401e-01
4.94102800e-06,3.96816066e-01
4.94112800e-06,3.96858828e-01
4.94122800e-06,3.96904570e-01
4.94132800e-06,3.96947410e-01
4.94142800e-06,3.96993228e-01
4.94152800e-06,3.97036146e-01
4.94162800e-06,3.97082041e-01
4.94172800e-06,3.97125036e-01
4.94182800e-06,3.97171007e-01
4.94192800e-06,3.97214079e-01
4.94202800e-06,3.97260127e-01
4.94212800e-06,3.97303276e-01
4.94222800e-06,3.97349400e-01
4.94232800e-06,3.97392626e-01
4.94242800e-06,3.97438825e-01
4.94252800e-06,3.97482128e-01
4.94262800e-06,3.97528404e-01
4.94272800e-06,3.97571783e-01
4.94282800e-06,3.97618135e-01
4.94292800e-06,3.97661590e-01
4.94302800e-06,3.97708017e-01
4.94312800e-06,3.97751550e-01
4.94322800e-06,3.97798052e-01
4.94332800e-06,3.97841660e-01
4.94342800e-06,3.97888238e-01
4.94352800e-06,3.97931922e-01
4.94362800e-06,3.97978575e-01
4.94372800e-06,3.98022335e-01
4.94382800e-06,3.98069063e-01
4.94392800e-06,3.98112899e-01
4.94402800e-06,3.98159702e-01
4.94412800e-06,3.98203613e-01
4.94422800e-06,3.98250491e-01
4.94432800e-06,3.98294478e-01
4.94442800e-06,3.98341430e-01
4.94452800e-06,3.98385492e-01
4.94462800e-06,3.98432519e-01
4.94472800e-06,3.98476656e-01
4.94482800e-06,3.98523757e-01
4.94492800e-06,3.98567969e-01
4.94502800e-06,3.98615144e-01
4.94512800e-06,3.98659431e-01
4.94522800e-06,3.98706680e-01
4.94532800e-06,3.98751042e-01
4.94542800e-06,3.98798364e-01
4.94552800e-06,3.98842801e-01
4.94562800e-06,3.98890197e-01
4.94572800e-06,3.98934708e-01
4.94582800e-06,3.98982177e-01
4.94592800e-06,3.99026762e-01
4.94602800e-06,3.99074305e-01
4.94612800e-06,3.99118964e-01
4.94622800e-06,3.99166581e-01
4.94632800e-06,3.99211313e-01
4.94642800e-06,3.99259003e-01
4.94652800e-06,3.99303809e-01
4.94662800e-06,3.99351572e-01
4.94672800e-06,3.99396452e-01
4.94682800e-06,3.99444287e-01
4.94692800e-06,3.99489240e-01
4.94702800e-06,3.99537148e-01
4.94712800e-06,3.99582174e-01
4.94722800e-06,3.99630154e-01
4.94732800e-06,3.99675254e-01
4.94742800e-06,3.99723306e-01
4.94752800e-06,3.99768479e-01
4.94762800e-06,3.99816603e-01
4.94772800e-06,3.99861848e-01
4.94782800e-06,3.99910044e-01
4.94792800e-06,3.99955362e-01
4.94802800e-06,4.00003630e-01
4.94812800e-06,4.00049021e-01
4.94822800e-06,4.00097360e-01
4.94832800e-06,4.00142823e-01
4.94842800e-06,4.00191233e-01
4.94852800e-06,4.00236768e-01
4.94862800e-06,4.00285250e-01
4.94872800e-06,4.00330857e-01
4.94882800e-06,4.00379409e-01
4.94892800e-06,4.00425088e-01
4.94902800e-06,4.00473712e-01
4.94912800e-06,4.00519462e-01
4.94922800e-06,4.00568156e-01
4.94932800e-06,4.00613977e-01
4.94942800e-06,4.00662743e-01
4.94952800e-06,4.00708635e-01
4.94962800e-06,4.00757470e-01
4.94972800e-06,4.00803434e-01
4.94982800e-06,4.00852340e-01
4.94992800e-06,4.00898374e-01
4.95002800e-06,4.00947350e-01
4.95012800e-06,4.00993455e-01
4.95022800e-06,4.01042500e-01
4.95032800e-06,4.01088676e-01
4.95042800e-06,4.01137791e-01
4.95052800e-06,4.01184037e-01
4.95062800e-06,4.01233221e-01
4.95072800e-06,4.01279537e-01
4.95082800e-06,4.01328791e-01
4.95092800e-06,4.01375177e-01
4.95102800e-06,4.01424500e-01
4.95112800e-06,4.01470955e-01
4.95122800e-06,4.01520347e-01
4.95132800e-06,4.01566873e-01
4.95142800e-06,4.01616333e-01
4.95152800e-06,4.01662928e-01
4.95162800e-06,4.01712457e-01
4.95172800e-06,4.01759121e-01
4.95182800e-06,4.01808719e-01
4.95192800e-06,4.01855452e-01
4.95202800e-06,4.01905118e-01
4.95212800e-06,4.01951919e-01
4.95222800e-06,4.02001653e-01
4.95232800e-06,4.02048524e-01
4.95242800e-06,4.02098325e-01
4.95252800e-06,4.02145264e-01
4.95262800e-06,4.02195133e-01
4.95272800e-06,4.02242141e-01
4.95282800e-06,4.02292077e-01
4.95292800e-06,4.02339153e-01
4.95302800e-06,4.02389157e-01
4.95312800e-06,4.02436300e-01
4.95322800e-06,4.02486371e-01
4.95332800e-06,4.02533582e-01
4.95342800e-06,4.02583720e-01
4.95352800e-06,4.02630998e-01
4.95362800e-06,4.02681203e-01
4.95372800e-06,4.02728549e-01
4.95382800e-06,4.02778820e-01
4.95392800e-06,4.02826233e-01
4.95402800e-06,4.02876570e-01
4.95412800e-06,4.02924050e-01
4.95422800e-06,4.02974454e-01
4.95432800e-06,4.03022000e-01
4.95442800e-06,4.03072470e-01
4.95452800e-06,4.03120083e-01
4.95462800e-06,4.03170618e-01
4.95472800e-06,4.03218298e-01
4.95482800e-06,4.03268898e-01
4.95492800e-06,4.03316644e-01
4.95502800e-06,4.03367310e-01
4.95512800e-06,4.03415122e-01
4.95522800e-06,4.03465853e-01
4.95532800e-06,4.03513730e-01
4.95542800e-06,4.03564526e-01
4.95552800e-06,4.03612469e-01
4.95562800e-06,4.03663330e-01
4.95572800e-06,4.03711339e-01
4.95582800e-06,4.03762264e-01
4.95592800e-06,4.03810337e-01
4.95602800e-06,4.03861327e-01
4.95612800e-06,4.03909465e-01
4.95622800e-06,4.03960519e-01
4.95632800e-06,4.04008722e-01
4.95642800e-06,4.04059840e-01
4.95652800e-06,4.04108108e-01
4.95662800e-06,4.04159289e-01
4.95672800e-06,4.04207621e-01
4.95682800e-06,4.04258866e-01
4.95692800e-06,4.04307263e-01
4.95702800e-06,4.04358570e-01
4.95712800e-06,4.04407031e-01
4.95722800e-06,4.04458402e-01
4.95732800e-06,4.04506926e-01
4.95742800e-06,4.04558360e-01
4.95752800e-06,4.04606948e-01
4.95762800e-06,4.04658444e-01
4.95772800e-06,4.04707095e-01
4.95782800e-06,4.04758654e-01
4.95792800e-06,4.04807369e-01
4.95802800e-06,4.04858990e-01
4.95812800e-06,4.04907767e-01
4.95822800e-06,4.04959450e-01
4.95832800e-06,4.05008290e-01
4.95842800e-06,4.05060035e-01
4.95852800e-06,4.05108937e-01
4.95862800e-06,4.05160744e-01
4.95872800e-06,4.05209709e-01
4.95882800e-06,4.05261577e-01
4.95892800e-06,4.05310604e-01
4.95902800e-06,4.05362533e-01
4.95912800e-06,4.05411621e-01
4.95922800e-06,4.05463612e-01
4.95932800e-06,4.05512762e-01
4.95942800e-06,4.05564813e-01
4.95952800e-06,4.05614025e-01
4.95962800e-06,4.05666136e-01
4.95972800e-06,4.05715409e-01
4.95982800e-06,4.05767581e-01
4.95992800e-06,4.05816915e-01
4.96002800e-06,4.05869147e-01
4.96012800e-06,4.05918541e-01
4.96022800e-06,4.05970833e-01
4.96032800e-06,4.06020289e-01
4.96042800e-06,4.06072640e-01
4.96052800e-06,4.06122156e-01
4.96062800e-06,4.06174567e-01
4.96072800e-06,4.06224142e-01
4.96082800e-06,4.06276613e-01
4.96092800e-06,4.06326248e-01
4.96102800e-06,4.06378778e-01
4.96112800e-06,4.06428473e-01
4.96122800e-06,4.06481061e-01
4.96132800e-06,4.06530816e-01
4.96142800e-06,4.06583463e-01
4.96152800e-06,4.06633277e-01
4.96162800e-06,4.06685982e-01
4.96172800e-06,4.06735855e-01
4.96182800e-06,4.06788618e-01
4.96192800e-06,4.06838550e-01
4.96202800e-06,4.06891372e-01
4.96212800e-06,4.06941362e-01
4.96222800e-06,4.06994241e-01
4.96232800e-06,4.07044289e-01
4.96242800e-06,4.07097226e-01
4.96252800e-06,4.07147333e-01
4.96262800e-06,4.07200327e-01
4.96272800e-06,4.07250491e-01
4.96282800e-06,4.07303542e-01
4.96292800e-06,4.07353764e-01
4.96302800e-06,4.07406872e-01
4.96312800e-06,4.07457152e-01
4.96322800e-06,4.07510316e-01
4.96332800e-06,4.07560653e-01
4.96342800e-06,4.07613874e-01
4.96352800e-06,4.07664268e-01
4.96362800e-06,4.07717545e-01
4.96372800e-06,4.07767995e-01
4.96382800e-06,4.07821328e-01
4.96392800e-06,4.07871835e-01
4.96402800e-06,4.07925224e-01
4.96412800e-06,4.07975787e-01
4.96422800e-06,4.08029231e-01
4.96432800e-06,4.08079851e-01
4.96442800e-06,4.08133350e-01
4.96452800e-06,4.08184026e-01
4.96462800e-06,4.08237580e-01
4.96472800e-06,4.08288311e-01
4.96482800e-06,4.08341920e-01
4.96492800e-06,4.08392706e-01
4.96502800e-06,4.08446370e-01
4.96512800e-06,4.08497211e-01
4.96522800e-06,4.08550929e-01
4.96532800e-06,4.08601826e-01
4.96542800e-06,4.08655598e-01
4.96552800e-06,4.08706549e-01
4.96562800e-06,4.08760375e-01
4.96572800e-06,4.08811380e-01
4.96582800e-06,4.08865260e-01
4.96592800e-06,4.08916320e-01
4.96602800e-06,4.08970252e-01
4.96612800e-06,4.09021366e-01
4.96622800e-06,4.09075352e-01
4.96632800e-06,4.09126520e-01
4.96642800e-06,4.09180559e-01
4.96652800e-06,4.09231780e-01
4.96662800e-06,4.09285871e-01
4.96672800e-06,4.09337146e-01
4.96682800e-06,4.09391290e-01
4.96692800e-06,4.09442617e-01
4.96702800e-06,4.09496814e-01
4.96712800e-06,4.09548194e-01
4.96722800e-06,4.09602442e-01
4.96732800e-06,4.09653875e-01
4.96742800e-06,4.09708175e-01
4.96752800e-06,4.09759660e-01
4.96762800e-06,4.09814012e-01
4.96772800e-06,4.09865549e-01
4.96782800e-06,4.09919952e-01
4.96792800e-06,4.09971541e-01
4.96802800e-06,4.10025995e-01
4.96812800e-06,4.10077636e-01
4.96822800e-06,4.10132140e-01
4.96832800e-06,4.10183833e-01
4.96842800e-06,4.10238388e-01
4.96852800e-06,4.10290131e-01
4.96862800e-06,4.10344737e-01
4.96872800e-06,4.10396531e-01
4.96882800e-06,4.10451186e-01
4.96892800e-06,4.10503032e-01
4.96902800e-06,4.10557737e-01
4.96912800e-06,4.10609632e-01
4.96922800e-06,4.10664387e-01
4.96932800e-06,4.10716333e-01
4.96942800e-06,4.10771137e-01
4.96952800e-06,4.10823133e-01
4.96962800e-06,4.10877986e-01
4.96972800e-06,4.10930032e-01
4.96982800e-06,4.10984934e-01
4.96992800e-06,4.11037029e-01
4.97002800e-06,4.11091980e-01
4.97012800e-06,4.11144124e-01
4.97022800e-06,4.11199123e-01
4.97032800e-06,4.11251316e-01
4.97042800e-06,4.11306364e-01
4.97052800e-06,4.11358606e-01
4.97062800e-06,4.11413701e-01
4.97072800e-06,4.11465992e-01
4.97082800e-06,4.11521135e-01
4.97092800e-06,4.11573473e-01
4.97102800e-06,4.11628664e-01
4.97112800e-06,4.11681050e-01
4.97122800e-06,4.11736288e-01
4.97132800e-06,4.11788723e-01
4.97142800e-06,4.11844007e-01
4.97152800e-06,4.11896489e-01
4.97162800e-06,4.11951820e-01
4.97172800e-06,4.12004350e-01
4.97182800e-06,4.12059727e-01
4.97192800e-06,4.12112304e-01
4.97202800e-06,4.12167728e-01
4.97212800e-06,4.12220351e-01
4.97222800e-06,4.12275821e-01
4.97232800e-06,4.12328491e-01
4.97242800e-06,4.12384006e-01
4.97252800e-06,4.12436722e-01
4.97262800e-06,4.12492283e-01
4.97272800e-06,4.12545045e-01
4.97282800e-06,4.12600652e-01
4.97292800e-06,4.12653460e-01
4.97302800e-06,4.12709111e-01
4.97312800e-06,4.12761964e-01
4.97322800e-06,4.12817660e-01
4.97332800e-06,4.12870559e-01
4.97342800e-06,4.12926300e-01
4.97352800e-06,4.12979244e-01
4.97362800e-06,4.13035029e-01
4.97372800e-06,4.13088017e-01
4.97382800e-06,4.13143846e-01
4.97392800e-06,4.13196879e-01
4.97402800e-06,4.13252752e-01
4.97412800e-06,4.13305830e-01
4.97422800e-06,4.13361746e-01
4.97432800e-06,4.13414868e-01
4.97442800e-06,4.13470827e-01
4.97452800e-06,4.13523993e-01
4.97462800e-06,4.13579995e-01
4.97472800e-06,4.13633204e-01
4.97482800e-06,4.13689249e-01
4.97492800e-06,4.13742502e-01
4.97502800e-06,4.13798589e-01
4.97512800e-06,4.13851885e-01
4.97522800e-06,4.13908015e-01
4.97532800e-06,4.13961354e-01
4.97542800e-06,4.14017525e-01
4.97552800e-06,4.14070907e-01
4.97562800e-06,4.14127120e-01
4.97572800e-06,4.14180544e-01
4.97582800e-06,4.14236799e-01
4.97592800e-06,4.14290265e-01
4.97602800e-06,4.14346561e-01
4.97612800e-06,4.14400069e-01
4.97622800e-06,4.14456406e-01
4.97632800e-06,4.14509955e-01
4.97642800e-06,4.14566334e-01
4.97652800e-06,4.14619924e-01
4.97662800e-06,4.14676343e-01
4.97672800e-06,4.14729975e-01
4.97682800e-06,4.14786434e-01
4.97692800e-06,4.14840106e-01
4.97702800e-06,4.14896605e-01
4.97712800e-06,4.14950319e-01
4.97722800e-06,4.15006857e-01
4.97732800e-06,4.15060611e-01
4.97742800e-06,4.15117189e-01
4.97752800e-06,4.15170983e-01
4.97762800e-06,4.15227601e-01
4.97772800e-06,4.15281434e-01
4.97782800e-06,4.15338091e-01
4.97792800e-06,4.15391964e-01
4.97802800e-06,4.15448660e-01
4.97812800e-06,4.15502572e-01
4.97822800e-06,4.15559306e-01
4.97832800e-06,4.15613258e-01
4.97842800e-06,4.15670030e-01
4.97852800e-06,4.15724021e-01
4.97862800e-06,4.15780831e-01
4.97872800e-06,4.15834860e-01
4.97882800e-06,4.15891708e-01
4.97892800e-06,4.15945776e-01
4.97902800e-06,4.16002662e-01
4.97912800e-06,4.16056767e-01
4.97922800e-06,4.16113690e-01
4.97932800e-06,4.16167834e-01
4.97942800e-06,4.16224794e-01
4.97952800e-06,4.16278975e-01
4.97962800e-06,4.16335972e-01
4.97972800e-06,4.16390190e-01
4.97982800e-06,4.16447224e-01
4.97992800e-06,4.16501480e-01
4.98002800e-06,4.16558549e-01
4.98012800e-06,4.16612842e-01
4.98022800e-06,4.16669947e-01
4.98032800e-06,4.16724277e-01
4.98042800e-06,4.16781418e-01
4.98052800e-06,4.16835784e-01
4.98062800e-06,4.16892961e-01
4.98072800e-06,4.16947362e-01
4.98082800e-06,4.17004575e-01
4.98092800e-06,4.17059012e-01
4.98102800e-06,4.17116260e-01
4.98112800e-06,4.17170733e-01
4.98122800e-06,4.17228015e-01
4.98132800e-06,4.17282524e-01
4.98142800e-06,4.17339840e-01
4.98152800e-06,4.17394384e-01
4.98162800e-06,4.17451735e-01
4.98172800e-06,4.17506314e-01
4.98182800e-06,4.17563699e-01
4.98192800e-06,4.17618312e-01
4.98202800e-06,4.17675731e-01
4.98212800e-06,4.17730378e-01
4.98222800e-06,4.17787831e-01
4.98232800e-06,4.17842512e-01
4.98242800e-06,4.17899998e-01
4.98252800e-06,4.17954714e-01
4.98262800e-06,4.18012232e-01
4.98272800e-06,4.18066982e-01
4.98282800e-06,4.18124533e-01
4.98292800e-06,4.18179316e-01
4.98302800e-06,4.18236900e-01
4.98312800e-06,4.18291716e-01
4.98322800e-06,4.18349332e-01
4.98332800e-06,4.18404181e-01
4.98342800e-06,4.18461829e-01
4.98352800e-06,4.18516711e-01
4.98362800e-06,4.18574391e-01
4.98372800e-06,4.18629305e-01
4.98382800e-06,4.18687016e-01
4.98392800e-06,4.18741962e-01
4.98402800e-06,4.18799705e-01
4.98412800e-06,4.18854683e-01
4.98422800e-06,4.18912457e-01
4.98432800e-06,4.18967467e-01
4.98442800e-06,4.19025272e-01
4.98452800e-06,4.19080312e-01
4.98462800e-06,4.19138148e-01
4.98472800e-06,4.19193220e-01
4.98482800e-06,4.19251086e-01
4.98492800e-06,4.19306189e-01
4.98502800e-06,4.19364085e-01
4.98512800e-06,4.19419218e-01
4.98522800e-06,4.19477144e-01
4.98532800e-06,4.19532308e-01
4.98542800e-06,4.19590263e-01
4.98552800e-06,4.19645457e-01
4.98562800e-06,4.19703442e-01
4.98572800e-06,4.19758666e-01
4.98582800e-06,4.19816680e-01
4.98592800e-06,4.19871933e-01
4.98602800e-06,4.19929976e-01
4.98612800e-06,4.19985259e-01
4.98622800e-06,4.20043330e-01
4.98632800e-06,4.20098642e-01
4.98642800e-06,4.20156742e-01
4.98652800e-06,4.20212083e-01
4.98662800e-06,4.20270211e-01
4.98672800e-06,4.20325580e-01
4.98682800e-06,4.20383736e-01
4.98692800e-06,4.20439134e-01
4.98702800e-06,4.20497318e-01
4.98712800e-06,4.20552744e-01
4.98722800e-06,4.20610955e-01
4.98732800e-06,4.20666409e-01
4.98742800e-06,4.20724647e-01
4.98752800e-06,4.20780129e-01
4.98762800e-06,4.20838393e-01
4.98772800e-06,4.20893903e-01
4.98782800e-06,4.20952194e-01
4.98792800e-06,4.21007731e-01
4.98802800e-06,4.21066048e-01
4.98812800e-06,4.21121612e-01
4.98822800e-06,4.21179956e-01
4.98832800e-06,4.21235546e-01
4.98842800e-06,4.21293916e-01
4.98852800e-06,4.21349533e-01
4.98862800e-06,4.21407928e-01
4.98872800e-06,4.21463571e-01
4.98882800e-06,4.21521992e-01
4.98892800e-06,4.21577661e-01
4.98902800e-06,4.21636107e-01
4.98912800e-06,4.21691802e-01
4.98922800e-06,4.21750273e-01
4.98932800e-06,4.21805993e-01
4.98942800e-06,4.21864489e-01
4.98952800e-06,4.21920234e-01
4.98962800e-06,4.21978755e-01
4.98972800e-06,4.22034525e-01
4.98982800e-06,4.22093070e-01
4.98992800e-06,4.22148865e-01
4.99002800e-06,4.22207433e-01
4.99012800e-06,4.22263253e-01
4.99022800e-06,4.22321845e-01
4.99032800e-06,4.22377690e-01
4.99042800e-06,4.22436305e-01
4.99052800e-06,4.22492173e-01
4.99062800e-06,4.22550812e-01
4.99072800e-06,4.22606705e-01
4.99082800e-06,4.22665366e-01
4.99092800e-06,4.22721282e-01
4.99102800e-06,4.22779967e-01
4.99112800e-06,4.22835906e-01
4.99122800e-06,4.22894613e-01
4.99132800e-06,4.22950575e-01
4.99142800e-06,4.23009305e-01
4.99152800e-06,4.23065290e-01
4.99162800e-06,4.23124042e-01
4.99172800e-06,4.23180049e-01
4.99182800e-06,4.23238823e-01
4.99192800e-06,4.23294853e-01
4.99202800e-06,4.23353648e-01
4.99212800e-06,4.23409700e-01
4.99222800e-06,4.23468516e-01
4.99232800e-06,4.23524591e-01
4.99242800e-06,4.23583428e-01
4.99252800e-06,4.23639524e-01
4.99262800e-06,4.23698382e-01
4.99272800e-06,4.23754500e-01
4.99282800e-06,4.23813379e-01
4.99292800e-06,4.23869517e-01
4.99302800e-06,4.23928417e-01
4.99312800e-06,4.23984576e-01
4.99322800e-06,4.24043496e-01
4.99332800e-06,4.24099676e-01
4.99342800e-06,4.24158616e-01
4.99352800e-06,4.24214817e-01
4.99362800e-06,4.24273776e-01
4.99372800e-06,4.24329997e-01
4.99382800e-06,4.24388976e-01
4.99392800e-06,4.24445217e-01
4.99402800e-06,4.24504215e-01
4.99412800e-06,4.24560476e-01
4.99422800e-06,4.24619494e-01
4.99432800e-06,4.24675774e-01
4.99442800e-06,4.24734810e-01
4.99452800e-06,4.24791110e-01
4.99462800e-06,4.24850165e-01
4.99472800e-06,4.24906484e-01
4.99482800e-06,4.24965557e-01
4.99492800e-06,4.25021894e-01
4.99502800e-06,4.25080985e-01
4.99512800e-06,4.25137342e-01
4.99522800e-06,4.25196451e-01
4.99532800e-06,4.25252826e-01
4.99542800e-06,4.25311953e-01
4.99552800e-06,4.25368346e-01
4.99562800e-06,4.25427490e-01
4.99572800e-06,4.25483901e-01
4.99582800e-06,4.25543062e-01
4.99592800e-06,4.25599491e-01
4.99602800e-06,4.25658669e-01
4.99612800e-06,4.25715116e-01
4.99622800e-06,4.25774311e-01
4.99632800e-06,4.25830775e-01
4.99642800e-06,4.25889986e-01
4.99652800e-06,4.25946467e-01
4.99662800e-06,4.26005695e-01
4.99672800e-06,4.26062193e-01
4.99682800e-06,4.26121436e-01
4.99692800e-06,4.26177951e-01
4.99702800e-06,4.26237211e-01
4.99712800e-06,4.26293741e-01
4.99722800e-06,4.26353017e-01
4.99732800e-06,4.26409564e-01
4.99742800e-06,4.26468854e-01
4.99752800e-06,4.26525417e-01
4.99762800e-06,4.26584723e-01
4.99772800e-06,4.26641302e-01
4.99782800e-06,4.26700623e-01
4.99792800e-06,4.26757217e-01
4.99802800e-06,4.26816553e-01
4.99812800e-06,4.26873162e-01
4.99822800e-06,4.26932513e-01
4.99832800e-06,4.26989137e-01
4.99842800e-06,4.27048502e-01
4.99852800e-06,4.27105141e-01
4.99862800e-06,4.27164520e-01
4.99872800e-06,4.27221174e-01
4.99882800e-06,4.27280566e-01
4.99892800e-06,4.27337235e-01
4.99902800e-06,4.27396641e-01
4.99912800e-06,4.27453323e-01
4.99922800e-06,4.27512743e-01
4.99932800e-06,4.27569440e-01
4.99942800e-06,4.27628872e-01
4.99952800e-06,4.27685583e-01
4.99962800e-06,4.27745029e-01
4.99972800e-06,4.27801753e-01
4.99982800e-06,4.27861211e-01
4.99992800e-06,4.27917949e-01
5.00002800e-06,4.27977420e-01
5.00012800e-06,4.28034170e-01
5.00022800e-06,4.28093654e-01
5.00032800e-06,4.28150417e-01
5.00042800e-06,4.28209913e-01
5.00052800e-06,4.28266689e-01
5.00062800e-06,4.28326197e-01
5.00072800e-06,4.28382985e-01
5.00082800e-06,4.28442505e-01
5.00092800e-06,4.28499306e-01
5.00102800e-06,4.28558837e-01
5.00112800e-06,4.28615650e-01
5.00122800e-06,4.28675192e-01
5.00132800e-06,4.28732017e-01
5.00142800e-06,4.28791570e-01
5.00152800e-06,4.28848406e-01
5.00162800e-06,4.28907970e-01
5.00172800e-06,4.28964818e-01
5.00182800e-06,4.29024393e-01
5.00192800e-06,4.29081252e-01
5.00202800e-06,4.29140838e-01
5.00212800e-06,4.29197708e-01
5.00222800e-06,4.29257304e-01
5.00232800e-06,4.29314185e-01
5.00242800e-06,4.29373790e-01
5.00252800e-06,4.29430682e-01
5.00262800e-06,4.29490297e-01
5.00272800e-06,4.29547200e-01
5.00282800e-06,4.29606825e-01
5.00292800e-06,4.29663737e-01
5.00302800e-06,4.29723372e-01
5.00312800e-06,4.29780294e-01
5.00322800e-06,4.29839938e-01
5.00332800e-06,4.29896870e-01
5.00342800e-06,4.29956523e-01
5.00352800e-06,4.30013465e-01
5.00362800e-06,4.30073126e-01
5.00372800e-06,4.30130077e-01
5.00382800e-06,4.30189748e-01
5.00392800e-06,4.30246708e-01
5.00402800e-06,4.30306387e-01
5.00412800e-06,4.30363356e-01
5.00422800e-06,4.30423044e-01
5.00432800e-06,4.30480022e-01
5.00442800e-06,4.30539717e-01
5.00452800e-06,4.30596704e-01
5.00462800e-06,4.30656407e-01
5.00472800e-06,4.30713402e-01
5.00482800e-06,4.30773113e-01
5.00492800e-06,4.30830116e-01
5.00502800e-06,4.30889834e-01
5.00512800e-06,4.30946846e-01
5.00522800e-06,4.31006571e-01
5.00532800e-06,4.31063590e-01
5.00542800e-06,4.31123323e-01
5.00552800e-06,4.31180350e-01
5.00562800e-06,4.31240089e-01
5.00572800e-06,4.31297124e-01
5.00582800e-06,4.31356870e-01
5.00592800e-06,4.31413911e-01
5.00602800e-06,4.31473664e-01
5.00612800e-06,4.31530713e-01
5.00622800e-06,4.31590471e-01
5.00632800e-06,4.31647527e-01
5.00642800e-06,4.31707292e-01
5.00652800e-06,4.31764354e-01
5.00662800e-06,4.31824125e-01
5.00672800e-06,4.31881194e-01
5.00682800e-06,4.31940971e-01
5.00692800e-06,4.31998046e-01
5.00702800e-06,4.32057828e-01
5.00712800e-06,4.32114909e-01
5.00722800e-06,4.32174697e-01
5.00732800e-06,4.32231784e-01
5.00742800e-06,4.32291577e-01
5.00752800e-06,4.32348670e-01
5.00762800e-06,4.32408467e-01
5.00772800e-06,4.32465566e-01
5.00782800e-06,4.32525369e-01
5.00792800e-06,4.32582472e-01
5.00802800e-06,4.32642280e-01
5.00812800e-06,4.32699389e-01
5.00822800e-06,4.32759200e-01
5.00832800e-06,4.32816314e-01
5.00842800e-06,4.32876131e-01
5.00852800e-06,4.32933249e-01
5.00862800e-06,4.32993070e-01
5.00872800e-06,4.33050193e-01
5.00882800e-06,4.33110017e-01
5.00892800e-06,4.33167145e-01
5.00902800e-06,4.33226973e-01
5.00912800e-06,4.33284105e-01
5.00922800e-06,4.33343937e-01
5.00932800e-06,4.33401073e-01
5.00942800e-06,4.33460908e-01
5.00952800e-06,4.33518048e-01
5.00962800e-06,4.33577886e-01
5.00972800e-06,4.33635030e-01
5.00982800e-06,4.33694871e-01
5.00992800e-06,4.33752019e-01
5.01002800e-06,4.33811863e-01
5.01012800e-06,4.33869014e-01
5.01022800e-06,4.33928861e-01
5.01032800e-06,4.33986015e-01
5.01042800e-06,4.34045865e-01
5.01052800e-06,4.34103022e-01
5.01062800e-06,4.34162874e-01
5.01072800e-06,4.34220034e-01
5.01082800e-06,4.34279888e-01
5.01092800e-06,4.34337051e-01
5.01102800e-06,4.34396907e-01
5.01112800e-06,4.34454072e-01
5.01122800e-06,4.34513930e-01
5.01132800e-06,4.34571098e-01
5.01142800e-06,4.34630957e-01
5.01152800e-06,4.34688128e-01
5.01162800e-06,4.34747989e-01
5.01172800e-06,4.34805161e-01
5.01182800e-06,4.34865023e-01
5.01192800e-06,4.34922198e-01
5.01202800e-06,4.34982061e-01
5.01212800e-06,4.35039237e-01
5.01222800e-06,4.35099101e-01
5.01232800e-06,4.35156279e-01
5.01242800e-06,4.35216144e-01
5.01252800e-06,4.35273323e-01
5.01262800e-06,4.35333189e-01
5.01272800e-06,4.35390370e-01
5.01282800e-06,4.35450236e-01
5.01292800e-06,4.35507418e-01
5.01302800e-06,4.35567284e-01
5.01312800e-06,4.35624467e-01
5.01322800e-06,4.35684334e-01
5.01332800e-06,4.35741517e-01
5.01342800e-06,4.35801384e-01
5.01352800e-06,4.35858568e-01
5.01362800e-06,4.35918435e-01
5.01372800e-06,4.35975620e-01
5.01382800e-06,4.36035486e-01
5.01392800e-06,4.36092671e-01
5.01402800e-06,4.36152537e-01
5.01412800e-06,4.36209722e-01
5.01422800e-06,4.36269588e-01
5.01432800e-06,4.36326773e-01
5.01442800e-06,4.36386638e-01
5.01452800e-06,4.36443823e-01
5.01462800e-06,4.36503687e-01
5.01472800e-06,4.36560871e-01
5.01482800e-06,4.36620735e-01
5.01492800e-06,4.36677919e-01
5.01502800e-06,4.36737781e-01
5.01512800e-06,4.36794964e-01
5.01522800e-06,4.36854825e-01
5.01532800e-06,4.36912008e-01
5.01542800e-06,4.36971867e-01
5.01552800e-06,4.37029049e-01
5.01562800e-06,4.37088907e-01
5.01572800e-06,4.37146087e-01
5.01582800e-06,4.37205943e-01
5.01592800e-06,4.37263123e-01
5.01602800e-06,4.37322977e-01
5.01612800e-06,4.37380155e-01
5.01622800e-06,4.37440007e-01
5.01632800e-06,4.37497184e-01
5.01642800e-06,4.37557034e-01
5.01652800e-06,4.37614209e-01
5.01662800e-06,4.37674057e-01
5.01672800e-06,4.37731230e-01
5.01682800e-06,4.37791075e-01
5.01692800e-06,4.37848247e-01
5.01702800e-06,4.37908090e-01
5.01712800e-06,4.37965259e-01
5.01722800e-06,4.38025099e-01
5.01732800e-06,4.38082266e-01
5.01742800e-06,4.38142103e-01
5.01752800e-06,4.38199268e-01
5.01762800e-06,4.38259102e-01
5.01772800e-06,4.38316265e-01
5.01782800e-06,4.38376096e-01
5.01792800e-06,4.38433256e-01
5.01802800e-06,4.38493084e-01
5.01812800e-06,4.38550241e-01
5.01822800e-06,4.38610065e-01
5.01832800e-06,4.38667220e-01
5.01842800e-06,4.38727040e-01
5.01852800e-06,4.38784192e-01
5.01862800e-06,4.38844009e-01
5.01872800e-06,4.38901157e-01
5.01882800e-06,4.38960970e-01
5.01892800e-06,4.39018116e-01
5.01902800e-06,4.39077925e-01
5.01912800e-06,4.39135067e-01
5.01922800e-06,4.39194872e-01
5.01932800e-06,4.39252010e-01
5.01942800e-06,4.39311811e-01
5.01952800e-06,4.39368946e-01
5.01962800e-06,4.39428743e-01
5.01972800e-06,4.39485874e-01
5.01982800e-06,4.39545666e-01
5.01992800e-06,4.39602794e-01
5.02002800e-06,4.39662581e-01
5.02012800e-06,4.39719705e-01
5.02022800e-06,4.39779488e-01
5.02032800e-06,4.39836607e-01
5.02042800e-06,4.39896385e-01
5.02052800e-06,4.39953500e-01
5.02062800e-06,4.40013273e-01
5.02072800e-06,4.40070384e-01
5.02082800e-06,4.40130152e-01
5.02092800e-06,4.40187258e-01
5.02102800e-06,4.40247021e-01
5.02112800e-06,4.40304123e-01
5.02122800e-06,4.40363881e-01
5.02132800e-06,4.40420977e-01
5.02142800e-06,4.40480730e-01
5.02152800e-06,4.40537822e-01
5.02162800e-06,4.40597569e-01
5.02172800e-06,4.40654656e-01
5.02182800e-06,4.40714397e-01
5.02192800e-06,4.40771479e-01
5.02202800e-06,4.40831215e-01
5.02212800e-06,4.40888292e-01
5.02222800e-06,4.40948022e-01
5.02232800e-06,4.41005093e-01
5.02242800e-06,4.41064817e-01
5.02252800e-06,4.41121883e-01
5.02262800e-06,4.41181601e-01
5.02272800e-06,4.41238662e-01
5.02282800e-06,4.41298373e-01
5.02292800e-06,4.41355428e-01
5.02302800e-06,4.41415134e-01
5.02312800e-06,4.41472183e-01
5.02322800e-06,4.41531882e-01
5.02332800e-06,4.41588926e-01
5.02342800e-06,4.41648618e-01
5.02352800e-06,4.41705656e-01
5.02362800e-06,4.41765342e-01
5.02372800e-06,4.41822373e-01
5.02382800e-06,4.41882052e-01
5.02392800e-06,4.41939078e-01
5.02402800e-06,4.41998750e-01
5.02412800e-06,4.42055769e-01
5.02422800e-06,4.42115435e-01
5.02432800e-06,4.42172448e-01
5.02442800e-06,4.42232106e-01
5.02452800e-06,4.42289112e-01
5.02462800e-06,4.42348764e-01
5.02472800e-06,4.42405764e-01
5.02482800e-06,4.42465408e-01
5.02492800e-06,4.42522401e-01
5.02502800e-06,4.42582038e-01
5.02512800e-06,4.42639025e-01
5.02522800e-06,4.42698654e-01
5.02532800e-06,4.42755634e-01
5.02542800e-06,4.42815256e-01
5.02552800e-06,4.42872228e-01
5.02562800e-06,4.42931843e-01
5.02572800e-06,4.42988809e-01
5.02582800e-06,4.43048415e-01
5.02592800e-06,4.43105374e-01
5.02602800e-06,4.43164973e-01
5.02612800e-06,4.43221924e-01
5.02622800e-06,4.43281515e-01
5.02632800e-06,4.43338459e-01
5.02642800e-06,4.43398043e-01
5.02652800e-06,4.43454979e-01
5.02662800e-06,4.43514554e-01
5.02672800e-06,4.43571484e-01
5.02682800e-06,4.43631051e-01
5.02692800e-06,4.43687972e-01
5.02702800e-06,4.43747531e-01
5.02712800e-06,4.43804445e-01
5.02722800e-06,4.43863995e-01
5.02732800e-06,4.43920902e-01
5.02742800e-06,4.43980444e-01
5.02752800e-06,4.44037342e-01
5.02762800e-06,4.44096876e-01
5.02772800e-06,4.44153766e-01
5.02782800e-06,4.44213291e-01
5.02792800e-06,4.44270174e-01
5.02802800e-06,4.44329690e-01
5.02812800e-06,4.44386565e-01
5.02822800e-06,4.44446073e-01
5.02832800e-06,4.44502939e-01
5.02842800e-06,4.44562438e-01
5.02852800e-06,4.44619296e-01
5.02862800e-06,4.44678786e-01
5.02872800e-06,4.44735636e-01
5.02882800e-06,4.44795117e-01
5.02892800e-06,4.44851958e-01
5.02902800e-06,4.44911430e-01
5.02912800e-06,4.44968263e-01
5.02922800e-06,4.45027726e-01
5.02932800e-06,4.45084550e-01
5.02942800e-06,4.45144004e-01
5.02952800e-06,4.45200820e-01
5.02962800e-06,4.45260264e-01
5.02972800e-06,4.45317071e-01
5.02982800e-06,4.45376506e-01
5.02992800e-06,4.45433305e-01
5.03002800e-06,4.45492730e-01
5.03012800e-06,4.45549520e-01
5.03022800e-06,4.45608936e-01
5.03032800e-06,4.45665717e-01
5.03042800e-06,4.45725123e-01
5.03052800e-06,4.45781895e-01
5.03062800e-06,4.45841292e-01
5.03072800e-06,4.45898054e-01
5.03082800e-06,4.45957442e-01
5.03092800e-06,4.46014195e-01
5.03102800e-06,4.46073573e-01
5.03112800e-06,4.46130317e-01
5.03122800e-06,4.46189685e-01
5.03132800e-06,4.46246420e-01
5.03142800e-06,4.46305778e-01
5.03152800e-06,4.46362504e-01
5.03162800e-06,4.46421852e-01
5.03172800e-06,4.46478568e-01
5.03182800e-06,4.46537906e-01
5.03192800e-06,4.46594613e-01
5.03202800e-06,4.46653941e-01
5.03212800e-06,4.46710638e-01
5.03222800e-06,4.46769956e-01
5.03232800e-06,4.46826644e-01
5.03242800e-06,4.46885951e-01
5.03252800e-06,4.46942629e-01
5.03262800e-06,4.47001927e-01
5.03272800e-06,4.47058595e-01
5.03282800e-06,4.47117882e-01
5.03292800e-06,4.47174541e-01
5.03302800e-06,4.47233818e-01
5.03312800e-06,4.47290467e-01
5.03322800e-06,4.47349733e-01
5.03332800e-06,4.47406372e-01
5.03342800e-06,4.47465628e-01
5.03352800e-06,4.47522257e-01
5.03362800e-06,4.47581502e-01
5.03372800e-06,4.47638121e-01
5.03382800e-06,4.47697356e-01
5.03392800e-06,4.47753965e-01
5.03402800e-06,4.47813189e-01
5.03412800e-06,4.47869788e-01
5.03422800e-06,4.47929002e-01
5.03432800e-06,4.47985591e-01
5.03442800e-06,4.48044793e-01
5.03452800e-06,4.48101372e-01
5.03462800e-06,4.48160564e-01
5.03472800e-06,4.48217133e-01
5.03482800e-06,4.48276314e-01
5.03492800e-06,4.48332872e-01
5.03502800e-06,4.48392042e-01
5.03512800e-06,4.48448590e-01
5.03522800e-06,4.48507749e-01
5.03532800e-06,4.48564287e-01
5.03542800e-06,4.48623435e-01
5.03552800e-06,4.48679963e-01
5.03562800e-06,4.48739100e-01
5.03572800e-06,4.48795617e-01
5.03582800e-06,4.48854743e-01
5.03592800e-06,4.48911249e-01
5.03602800e-06,4.48970364e-01
5.03612800e-06,4.49026860e-01
5.03622800e-06,4.49085963e-01
5.03632800e-06,4.49142449e-01
5.03642800e-06,4.49201541e-01
5.03652800e-06,4.49258016e-01
5.03662800e-06,4.49317097e-01
5.03672800e-06,4.49373561e-01
5.03682800e-06,4.49432631e-01
5.03692800e-06,4.49489084e-01
5.03702800e-06,4.49548143e-01
5.03712800e-06,4.49604586e-01
5.03722800e-06,4.49663633e-01
5.03732800e-06,4.49720065e-01
5.03742800e-06,4.49779101e-01
5.03752800e-06,4.49835522e-01
5.03762800e-06,4.49894546e-01
5.03772800e-06,4.49950956e-01
5.03782800e-06,4.50009969e-01
5.03792800e-06,4.50066368e-01
5.03802800e-06,4.50125370e-01
5.03812800e-06,4.50181758e-01
5.03822800e-06,4.50240748e-01
5.03832800e-06,4.50297126e-01
5.03842800e-06,4.50356104e-01
5.03852800e-06,4.50412470e-01
5.03862800e-06,4.50471437e-01
5.03872800e-06,4.50527793e-01
5.03882800e-06,4.50586748e-01
5.03892800e-06,4.50643092e-01
5.03902800e-06,4.50702036e-01
5.03912800e-06,4.50758369e-01
5.03922800e-06,4.50817301e-01
5.03932800e-06,4.50873623e-01
5.03942800e-06,4.50932543e-01
5.03952800e-06,4.50988854e-01
5.03962800e-06,4.51047762e-01
5.03972800e-06,4.51104062e-01
5.03982800e-06,4.51162959e-01
5.03992800e-06,4.51219247e-01
5.04002800e-06,4.51278132e-01
5.04012800e-06,4.51334409e-01
5.04022800e-06,4.51393283e-01
5.04032800e-06,4.51449549e-01
5.04042800e-06,4.51508410e-01
5.04052800e-06,4.51564665e-01
5.04062800e-06,4.51623514e-01
5.04072800e-06,4.51679758e-01
5.04082800e-06,4.51738595e-01
5.04092800e-06,4.51794827e-01
5.04102800e-06,4.51853653e-01
5.04112800e-06,4.51909874e-01
5.04122800e-06,4.51968687e-01
5.04132800e-06,4.52024897e-01
5.04142800e-06,4.52083698e-01
5.04152800e-06,4.52139896e-01
5.04162800e-06,4.52198686e-01
5.04172800e-06,4.52254873e-01
5.04182800e-06,4.52313650e-01
5.04192800e-06,4.52369826e-01
5.04202800e-06,4.52428591e-01
5.04212800e-06,4.52484755e-01
5.04222800e-06,4.52543509e-01
5.04232800e-06,4.52599661e-01
5.04242800e-06,4.52658403e-01
5.04252800e-06,4.52714544e-01
5.04262800e-06,4.52773273e-01
5.04272800e-06,4.52829403e-01
5.04282800e-06,4.52888120e-01
5.04292800e-06,4.52944238e-01
5.04302800e-06,4.53002944e-01
5.04312800e-06,4.53059050e-01
5.04322800e-06,4.53117743e-01
5.04332800e-06,4.53173838e-01
5.04342800e-06,4.53232519e-01
5.04352800e-06,4.53288603e-01
5.04362800e-06,4.53347272e-01
5.04372800e-06,4.53403343e-01
5.04382800e-06,4.53462000e-01
5.04392800e-06,4.53518060e-01
5.04402800e-06,4.53576705e-01
5.04412800e-06,4.53632754e-01
5.04422800e-06,4.53691386e-01
5.04432800e-06,4.53747423e-01
5.04442800e-06,4.53806044e-01
5.04452800e-06,4.53862069e-01
5.04462800e-06,4.53920677e-01
5.04472800e-06,4.53976691e-01
5.04482800e-06,4.54035287e-01
5.04492800e-06,4.54091289e-01
5.04502800e-06,4.54149873e-01
5.04512800e-06,4.54205864e-01
5.04522800e-06,4.54264436e-01
5.04532800e-06,4.54320414e-01
5.04542800e-06,4.54378974e-01
5.04552800e-06,4.54434941e-01
5.04562800e-06,4.54493488e-01
5.04572800e-06,4.54549444e-01
5.04582800e-06,4.54607979e-01
5.04592800e-06,4.54663923e-01
5.04602800e-06,4.54722446e-01
5.04612800e-06,4.54778378e-01
5.04622800e-06,4.54836889e-01
5.04632800e-06,4.54892810e-01
5.04642800e-06,4.54951308e-01
5.04652800e-06,4.55007217e-01
5.04662800e-06,4.55065703e-01
5.04672800e-06,4.55121601e-01
5.04682800e-06,4.55180075e-01
5.04692800e-06,4.55235960e-01
5.04702800e-06,4.55294422e-01
5.04712800e-06,4.55350296e-01
5.04722800e-06,4.55408746e-01
5.04732800e-06,4.55464608e-01
5.04742800e-06,4.55523045e-01
5.04752800e-06,4.55578896e-01
5.04762800e-06,4.55637321e-01
5.04772800e-06,4.55693160e-01
5.04782800e-06,4.55751573e-01
5.04792800e-06,4.55807401e-01
5.04802800e-06,4.55865801e-01
5.04812800e-06,4.55921617e-01
5.04822800e-06,4.55980005e-01
5.04832800e-06,4.56035810e-01
5.04842800e-06,4.56094186e-01
5.04852800e-06,4.56149978e-01
5.04862800e-06,4.56208342e-01
5.04872800e-06,4.56264123e-01
5.04882800e-06,4.56322475e-01
5.04892800e-06,4.56378244e-01
5.04902800e-06,4.56436583e-01
5.04912800e-06,4.56492341e-01
5.04922800e-06,4.56550668e-01
5.04932800e-06,4.56606415e-01
5.04942800e-06,4.56664730e-01
5.04952800e-06,4.56720464e-01
5.04962800e-06,4.56778767e-01
5.04972800e-06,4.56834490e-01
5.04982800e-06,4.56892781e-01
5.04992800e-06,4.56948492e-01
5.05002800e-06,4.57006770e-01
5.05012800e-06,4.57062470e-01
5.05022800e-06,4.57120736e-01
5.05032800e-06,4.57176424e-01
5.05042800e-06,4.57234679e-01
5.05052800e-06,4.57290355e-01
5.05062800e-06,4.57348597e-01
5.05072800e-06,4.57404262e-01
5.05082800e-06,4.57462492e-01
5.05092800e-06,4.57518146e-01
5.05102800e-06,4.57576364e-01
5.05112800e-06,4.57632006e-01
5.05122800e-06,4.57690211e-01
5.05132800e-06,4.57745842e-01
5.05142800e-06,4.57804035e-01
5.05152800e-06,4.57859654e-01
5.05162800e-06,4.57917836e-01
5.05172800e-06,4.57973443e-01
5.05182800e-06,4.58031613e-01
5.05192800e-06,4.58087208e-01
5.05202800e-06,4.58145366e-01
5.05212800e-06,4.58200950e-01
5.05222800e-06,4.58259096e-01
5.05232800e-06,4.58314668e-01
5.05242800e-06,4.58372802e-01
5.05252800e-06,4.58428363e-01
5.05262800e-06,4.58486485e-01
5.05272800e-06,4.58542035e-01
5.05282800e-06,4.58600144e-01
5.05292800e-06,4.58655683e-01
5.05302800e-06,4.58713780e-01
5.05312800e-06,4.58769307e-01
5.05322800e-06,4.58827393e-01
5.05332800e-06,4.58882908e-01
5.05342800e-06,4.58940982e-01
5.05352800e-06,4.58996486e-01
5.05362800e-06,4.59054548e-01
5.05372800e-06,4.59110041e-01
5.05382800e-06,4.59168091e-01
5.05392800e-06,4.59223572e-01
5.05402800e-06,4.59281610e-01
5.05412800e-06,4.59337081e-01
5.05422800e-06,4.59395106e-01
5.05432800e-06,4.59450566e-01
5.05442800e-06,4.59508580e-01
5.05452800e-06,4.59564027e-01
5.05462800e-06,4.59622030e-01
5.05472800e-06,4.59677466e-01
5.05482800e-06,4.59735457e-01
5.05492800e-06,4.59790882e-01
5.05502800e-06,4.59848861e-01
5.05512800e-06,4.59904275e-01
5.05522800e-06,4.59962241e-01
5.05532800e-06,4.60017644e-01
5.05542800e-06,4.60075599e-01
5.05552800e-06,4.60130991e-01
5.05562800e-06,4.60188935e-01
5.05572800e-06,4.60244315e-01
5.05582800e-06,4.60302247e-01
5.05592800e-06,4.60357616e-01
5.05602800e-06,4.60415536e-01
5.05612800e-06,4.60470894e-01
5.05622800e-06,4.60528803e-01
5.05632800e-06,4.60584150e-01
5.05642800e-06,4.60642047e-01
5.05652800e-06,4.60697383e-01
5.05662800e-06,4.60755268e-01
5.05672800e-06,4.60810593e-01
5.05682800e-06,4.60868466e-01
5.05692800e-06,4.60923780e-01
5.05702800e-06,4.60981642e-01
5.05712800e-06,4.61036945e-01
5.05722800e-06,4.61094795e-01
5.05732800e-06,4.61150087e-01
5.05742800e-06,4.61207926e-01
5.05752800e-06,4.61263207e-01
5.05762800e-06,4.61321035e-01
5.05772800e-06,4.61376305e-01
5.05782800e-06,4.61434121e-01
5.05792800e-06,4.61489380e-01
5.05802800e-06,4.61547184e-01
5.05812800e-06,4.61602433e-01
5.05822800e-06,4.61660226e-01
5.05832800e-06,4.61715463e-01
5.05842800e-06,4.61773245e-01
5.05852800e-06,4.61828471e-01
5.05862800e-06,4.61886242e-01
5.05872800e-06,4.61941458e-01
5.05882800e-06,4.61999217e-01
5.05892800e-06,4.62054422e-01
5.05902800e-06,4.62112169e-01
5.05912800e-06,4.62167364e-01
5.05922800e-06,4.62225100e-01
5.05932800e-06,4.62280284e-01
5.05942800e-06,4.62338009e-01
5.05952800e-06,4.62393182e-01
5.05962800e-06,4.62450895e-01
5.05972800e-06,4.62506058e-01
5.05982800e-06,4.62563760e-01
5.05992800e-06,4.62618912e-01
5.06002800e-06,4.62676603e-01
5.06012800e-06,4.62731744e-01
5.06022800e-06,4.62789425e-01
5.06032800e-06,4.62844555e-01
5.06042800e-06,4.62902224e-01
5.06052800e-06,4.62957344e-01
5.06062800e-06,4.63015002e-01
5.06072800e-06,4.63070112e-01
5.06082800e-06,4.63127759e-01
5.06092800e-06,4.63182858e-01
5.06102800e-06,4.63240494e-01
5.06112800e-06,4.63295582e-01
5.06122800e-06,4.63353207e-01
5.06132800e-06,4.63408285e-01
5.06142800e-06,4.63465899e-01
5.06152800e-06,4.63520967e-01
5.06162800e-06,4.63578570e-01
5.06172800e-06,4.63633627e-01
5.06182800e-06,4.63691220e-01
5.06192800e-06,4.63746267e-01
5.06202800e-06,4.63803848e-01
5.06212800e-06,4.63858885e-01
5.06222800e-06,4.63916455e-01
5.06232800e-06,4.63971481e-01
5.06242800e-06,4.64029041e-01
5.06252800e-06,4.64084057e-01
5.06262800e-06,4.64141606e-01
5.06272800e-06,4.64196612e-01
5.06282800e-06,4.64254150e-01
5.06292800e-06,4.64309146e-01
5.06302800e-06,4.64366673e-01
5.06312800e-06,4.64421659e-01
5.06322800e-06,4.64479176e-01
5.06332800e-06,4.64534151e-01
5.06342800e-06,4.64591657e-01
5.06352800e-06,4.64646623e-01
5.06362800e-06,4.64704118e-01
5.06372800e-06,4.64759073e-01
5.06382800e-06,4.64816558e-01
5.06392800e-06,4.64871504e-01
5.06402800e-06,4.64928978e-01
5.06412800e-06,4.64983913e-01
5.06422800e-06,4.65041377e-01
5.06432800e-06,4.65096302e-01
5.06442800e-06,4.65153756e-01
5.06452800e-06,4.65208671e-01
5.06462800e-06,4.65266114e-01
5.06472800e-06,4.65321019e-01
5.06482800e-06,4.65378452e-01
5.06492800e-06,4.65433348e-01
5.06502800e-06,4.65490770e-01
5.06512800e-06,4.65545656e-01
5.06522800e-06,4.65603067e-01
5.06532800e-06,4.65657943e-01
5.06542800e-06,4.65715345e-01
5.06552800e-06,4.65770211e-01
5.06562800e-06,4.65827602e-01
5.06572800e-06,4.65882459e-01
5.06582800e-06,4.65939840e-01
5.06592800e-06,4.65994687e-01
5.06602800e-06,4.66052058e-01
5.06612800e-06,4.66106895e-01
5.06622800e-06,4.66164255e-01
5.06632800e-06,4.66219083e-01
5.06642800e-06,4.66276433e-01
5.06652800e-06,4.66331251e-01
5.06662800e-06,4.66388592e-01
5.06672800e-06,4.66443400e-01
5.06682800e-06,4.66500730e-01
5.06692800e-06,4.66555529e-01
5.06702800e-06,4.66612849e-01
5.06712800e-06,4.66667639e-01
5.06722800e-06,4.66724949e-01
5.06732800e-06,4.66779729e-01
5.06742800e-06,4.66837029e-01
5.06752800e-06,4.66891800e-01
5.06762800e-06,4.66949090e-01
5.06772800e-06,4.67003851e-01
5.06782800e-06,4.67061132e-01
5.06792800e-06,4.67115884e-01
5.06802800e-06,4.67173154e-01
5.06812800e-06,4.67227897e-01
5.06822800e-06,4.67285157e-01
5.06832800e-06,4.67339891e-01
5.06842800e-06,4.67397142e-01
5.06852800e-06,4.67451866e-01
5.06862800e-06,4.67509107e-01
5.06872800e-06,4.67563822e-01
5.06882800e-06,4.67621053e-01
5.06892800e-06,4.67675759e-01
5.06902800e-06,4.67732981e-01
5.06912800e-06,4.67787677e-01
5.06922800e-06,4.67844889e-01
5.06932800e-06,4.67899577e-01
5.06942800e-06,4.67956779e-01
5.06952800e-06,4.68011458e-01
5.06962800e-06,4.68068651e-01
5.06972800e-06,4.68123320e-01
5.06982800e-06,4.68180503e-01
5.06992800e-06,4.68235164e-01
5.07002800e-06,4.68292338e-01
5.07012800e-06,4.68346989e-01
5.07022800e-06,4.68404153e-01
5.07032800e-06,4.68458796e-01
5.07042800e-06,4.68515951e-01
5.07052800e-06,4.68570585e-01
5.07062800e-06,4.68627730e-01
5.07072800e-06,4.68682355e-01
5.07082800e-06,4.68739491e-01
5.07092800e-06,4.68794107e-01
5.07102800e-06,4.68851234e-01
5.07112800e-06,4.68905842e-01
5.07122800e-06,4.68962959e-01
5.07132800e-06,4.69017558e-01
5.07142800e-06,4.69074666e-01
5.07152800e-06,4.69129256e-01
5.07162800e-06,4.69186355e-01
5.07172800e-06,4.69240936e-01
5.07182800e-06,4.69298026e-01
5.07192800e-06,4.69352599e-01
5.07202800e-06,4.69409680e-01
5.07212800e-06,4.69464243e-01
5.07222800e-06,4.69521315e-01
5.07232800e-06,4.69575871e-01
5.07242800e-06,4.69632933e-01
5.07252800e-06,4.69687480e-01
5.07262800e-06,4.69744534e-01
5.07272800e-06,4.69799072e-01
5.07282800e-06,4.69856117e-01
5.07292800e-06,4.69910647e-01
5.07302800e-06,4.69967683e-01
5.07312800e-06,4.70022204e-01
5.07322800e-06,4.70079231e-01
5.07332800e-06,4.70133744e-01
5.07342800e-06,4.70190762e-01
5.07352800e-06,4.70245267e-01
5.07362800e-06,4.70302276e-01
5.07372800e-06,4.70356772e-01
5.07382800e-06,4.70413773e-01
5.07392800e-06,4.70468261e-01
5.07402800e-06,4.70525252e-01
5.07412800e-06,4.70579732e-01
5.07422800e-06,4.70636715e-01
5.07432800e-06,4.70691187e-01
5.07442800e-06,4.70748161e-01
5.07452800e-06,4.70802625e-01
5.07462800e-06,4.70859590e-01
5.07472800e-06,4.70914046e-01
5.07482800e-06,4.70971002e-01
5.07492800e-06,4.71025450e-01
5.07502800e-06,4.71082398e-01
5.07512800e-06,4.71136837e-01
5.07522800e-06,4.71193777e-01
5.07532800e-06,4.71248208e-01
5.07542800e-06,4.71305140e-01
5.07552800e-06,4.71359563e-01
5.07562800e-06,4.71416486e-01
5.07572800e-06,4.71470901e-01
5.07582800e-06,4.71527815e-01
5.07592800e-06,4.71582223e-01
5.07602800e-06,4.71639129e-01
5.07612800e-06,4.71693528e-01
5.07622800e-06,4.71750426e-01
5.07632800e-06,4.71804818e-01
5.07642800e-06,4.71861707e-01
5.07652800e-06,4.71916091e-01
5.07662800e-06,4.71972971e-01
5.07672800e-06,4.72027348e-01
5.07682800e-06,4.72084220e-01
5.07692800e-06,4.72138589e-01
5.07702800e-06,4.72195453e-01
5.07712800e-06,4.72249814e-01
5.07722800e-06,4.72306670e-01
5.07732800e-06,4.72361023e-01
5.07742800e-06,4.72417871e-01
5.07752800e-06,4.72472217e-01
5.07762800e-06,4.72529057e-01
5.07772800e-06,4.72583395e-01
5.07782800e-06,4.72640227e-01
5.07792800e-06,4.72694557e-01
5.07802800e-06,4.72751381e-01
5.07812800e-06,4.72805704e-01
5.07822800e-06,4.72862519e-01
5.07832800e-06,4.72916835e-01
5.07842800e-06,4.72973642e-01
5.07852800e-06,4.73027951e-01
5.07862800e-06,4.73084750e-01
5.07872800e-06,4.73139051e-01
5.07882800e-06,4.73195843e-01
5.07892800e-06,4.73250136e-01
5.07902800e-06,4.73306920e-01
5.07912800e-06,4.73361206e-01
5.07922800e-06,4.73417982e-01
5.07932800e-06,4.73472261e-01
5.07942800e-06,4.73529029e-01
5.07952800e-06,4.73583300e-01
5.07962800e-06,4.73640061e-01
5.07972800e-06,4.73694325e-01
5.07982800e-06,4.73751078e-01
5.07992800e-06,4.73805335e-01
5.08002800e-06,4.73862080e-01
5.08012800e-06,4.73916330e-01
5.08022800e-06,4.73973067e-01
5.08032800e-06,4.74027310e-01
5.08042800e-06,4.74084039e-01
5.08052800e-06,4.74138275e-01
5.08062800e-06,4.74194997e-01
5.08072800e-06,4.74249226e-01
5.08082800e-06,4.74305940e-01
5.08092800e-06,4.74360162e-01
5.08102800e-06,4.74416869e-01
5.08112800e-06,4.74471084e-01
5.08122800e-06,4.74527783e-01
5.08132800e-06,4.74581991e-01
5.08142800e-06,4.74638683e-01
5.08152800e-06,4.74692884e-01
5.08162800e-06,4.74749568e-01
5.08172800e-06,4.74803762e-01
5.08182800e-06,4.74860439e-01
5.08192800e-06,4.74914626e-01
5.08202800e-06,4.74971296e-01
5.08212800e-06,4.75025476e-01
5.08222800e-06,4.75082139e-01
5.08232800e-06,4.75136312e-01
5.08242800e-06,4.75192968e-01
5.08252800e-06,4.75247134e-01
5.08262800e-06,4.75303783e-01
5.08272800e-06,4.75357942e-01
5.08282800e-06,4.75414583e-01
5.08292800e-06,4.75468736e-01
5.08302800e-06,4.75525370e-01
5.08312800e-06,4.75579517e-01
5.08322800e-06,4.75636143e-01
5.08332800e-06,4.75690283e-01
5.08342800e-06,4.75746903e-01
5.08352800e-06,4.75801036e-01
5.08362800e-06,4.75857648e-01
5.08372800e-06,4.75911775e-01
5.08382800e-06,4.75968380e-01
5.08392800e-06,4.76022501e-01
5.08402800e-06,4.76079099e-01
5.08412800e-06,4.76133213e-01
5.08422800e-06,4.76189804e-01
5.08432800e-06,4.76243911e-01
5.08442800e-06,4.76300496e-01
5.08452800e-06,4.76354597e-01
5.08462800e-06,4.76411174e-01
5.08472800e-06,4.76465269e-01
5.08482800e-06,4.76521839e-01
5.08492800e-06,4.76575927e-01
5.08502800e-06,4.76632491e-01
5.08512800e-06,4.76686573e-01
5.08522800e-06,4.76743130e-01
5.08532800e-06,4.76797205e-01
5.08542800e-06,4.76853755e-01
5.08552800e-06,4.76907824e-01
5.08562800e-06,4.76964368e-01
5.08572800e-06,4.77018431e-01
5.08582800e-06,4.77074968e-01
5.08592800e-06,4.77129024e-01
5.08602800e-06,4.77185554e-01
5.08612800e-06,4.77239605e-01
5.08622800e-06,4.77296128e-01
5.08632800e-06,4.77350173e-01
5.08642800e-06,4.77406689e-01
5.08652800e-06,4.77460728e-01
5.08662800e-06,4.77517238e-01
5.08672800e-06,4.77571270e-01
5.08682800e-06,4.77627774e-01
5.08692800e-06,4.77681800e-01
5.08702800e-06,4.77738297e-01
5.08712800e-06,4.77792317e-01
5.08722800e-06,4.77848808e-01
5.08732800e-06,4.77902822e-01
5.08742800e-06,4.77959306e-01
5.08752800e-06,4.78013314e-01
5.08762800e-06,4.78069792e-01
5.08772800e-06,4.78123794e-01
5.08782800e-06,4.78180265e-01
5.08792800e-06,4.78234262e-01
5.08802800e-06,4.78290727e-01
5.08812800e-06,4.78344717e-01
5.08822800e-06,4.78401176e-01
5.08832800e-06,4.78455161e-01
5.08842800e-06,4.78511613e-01
5.08852800e-06,4.78565592e-01
5.08862800e-06,4.78622038e-01
5.08872800e-06,4.78676011e-01
5.08882800e-06,4.78732451e-01
5.08892800e-06,4.78786418e-01
5.08902800e-06,4.78842851e-01
5.08912800e-06,4.78896813e-01
5.08922800e-06,4.78953240e-01
5.08932800e-06,4.79007196e-01
5.08942800e-06,4.79063617e-01
5.08952800e-06,4.79117568e-01
5.08962800e-06,4.79173983e-01
5.08972800e-06,4.79227928e-01
5.08982800e-06,4.79284336e-01
5.08992800e-06,4.79338276e-01
5.09002800e-06,4.79394678e-01
5.09012800e-06,4.79448612e-01
5.09022800e-06,4.79505009e-01
5.09032800e-06,4.79558937e-01
5.09042800e-06,4.79615328e-01
5.09052800e-06,4.79669250e-01
5.09062800e-06,4.79725635e-01
5.09072800e-06,4.79779552e-01
5.09082800e-06,4.79835931e-01
5.09092800e-06,4.79889842e-01
5.09102800e-06,4.79946215e-01
5.09112800e-06,4.80000121e-01
5.09122800e-06,4.80056488e-01
5.09132800e-06,4.80110389e-01
5.09142800e-06,4.80166750e-01
5.09152800e-06,4.80220646e-01
5.09162800e-06,4.80277001e-01
5.09172800e-06,4.80330891e-01
5.09182800e-06,4.80387241e-01
5.09192800e-06,4.80441126e-01
5.09202800e-06,4.80497469e-01
5.09212800e-06,4.80551349e-01
5.09222800e-06,4.80607687e-01
5.09232800e-06,4.80661561e-01
5.09242800e-06,4.80717893e-01
5.09252800e-06,4.80771762e-01
5.09262800e-06,4.80828089e-01
5.09272800e-06,4.80881952e-01
5.09282800e-06,4.80938273e-01
5.09292800e-06,4.80992132e-01
5.09302800e-06,4.81048447e-01
5.09312800e-06,4.81102301e-01
5.09322800e-06,4.81158610e-01
5.09332800e-06,4.81212459e-01
5.09342800e-06,4.81268762e-01
5.09352800e-06,4.81322606e-01
5.09362800e-06,4.81378904e-01
5.09372800e-06,4.81432743e-01
5.09382800e-06,4.81489035e-01
5.09392800e-06,4.81542869e-01
5.09402800e-06,4.81599156e-01
5.09412800e-06,4.81652984e-01
5.09422800e-06,4.81709266e-01
5.09432800e-06,4.81763089e-01
5.09442800e-06,4.81819366e-01
5.09452800e-06,4.81873184e-01
5.09462800e-06,4.81929455e-01
5.09472800e-06,4.81983269e-01
5.09482800e-06,4.82039534e-01
5.09492800e-06,4.82093343e-01
5.09502800e-06,4.82149603e-01
5.09512800e-06,4.82203407e-01
5.09522800e-06,4.82259661e-01
5.09532800e-06,4.82313460e-01
5.09542800e-06,4.82369710e-01
5.09552800e-06,4.82423504e-01
5.09562800e-06,4.82479748e-01
5.09572800e-06,4.82533537e-01
5.09582800e-06,4.82589776e-01
5.09592800e-06,4.82643560e-01
5.09602800e-06,4.82699794e-01
5.09612800e-06,4.82753574e-01
5.09622800e-06,4.82809802e-01
5.09632800e-06,4.82863577e-01
5.09642800e-06,4.82919800e-01
5.09652800e-06,4.82973571e-01
5.09662800e-06,4.83029789e-01
5.09672800e-06,4.83083554e-01
5.09682800e-06,4.83139767e-01
5.09692800e-06,4.83193528e-01
5.09702800e-06,4.83249736e-01
5.09712800e-06,4.83303492e-01
5.09722800e-06,4.83359695e-01
5.09732800e-06,4.83413447e-01
5.09742800e-06,4.83469644e-01
5.09752800e-06,4.83523391e-01
5.09762800e-06,4.83579584e-01
5.09772800e-06,4.83633327e-01
5.09782800e-06,4.83689514e-01
5.09792800e-06,4.83743252e-01
5.09802800e-06,4.83799435e-01
5.09812800e-06,4.83853168e-01
5.09822800e-06,4.83909346e-01
5.09832800e-06,4.83963075e-01
5.09842800e-06,4.84019248e-01
5.09852800e-06,4.84072972e-01
5.09862800e-06,4.84129140e-01
5.09872800e-06,4.84182860e-01
5.09882800e-06,4.84239023e-01
5.09892800e-06,4.84292739e-01
5.09902800e-06,4.84348897e-01
5.09912800e-06,4.84402608e-01
5.09922800e-06,4.84458761e-01
5.09932800e-06,4.84512468e-01
5.09942800e-06,4.84568617e-01
5.09952800e-06,4.84622319e-01
5.09962800e-06,4.84678463e-01
5.09972800e-06,4.84732161e-01
5.09982800e-06,4.84788300e-01
5.09992800e-06,4.84841994e-01
5.10002800e-06,4.84898128e-01
5.10012800e-06,4.84951818e-01
5.10022800e-06,4.85007947e-01
5.10032800e-06,4.85061632e-01
5.10042800e-06,4.85117757e-01
5.10052800e-06,4.85171438e-01
5.10062800e-06,4.85227558e-01
5.10072800e-06,4.85281235e-01
5.10082800e-06,4.85337350e-01
5.10092800e-06,4.85391023e-01
5.10102800e-06,4.85447134e-01
5.10112800e-06,4.85500803e-01
5.10122800e-06,4.85556908e-01
5.10132800e-06,4.85610573e-01
5.10142800e-06,4.85666674e-01
5.10152800e-06,4.85720335e-01
5.10162800e-06,4.85776431e-01
5.10172800e-06,4.85830088e-01
5.10182800e-06,4.85886180e-01
5.10192800e-06,4.85939832e-01
5.10202800e-06,4.85995920e-01
5.10212800e-06,4.86049568e-01
5.10222800e-06,4.86105651e-01
5.10232800e-06,4.86159296e-01
5.10242800e-06,4.86215374e-01
5.10252800e-06,4.86269015e-01
5.10262800e-06,4.86325089e-01
5.10272800e-06,4.86378725e-01
5.10282800e-06,4.86434795e-01
5.10292800e-06,4.86488427e-01
5.10302800e-06,4.86544492e-01
5.10312800e-06,4.86598121e-01
5.10322800e-06,4.86654181e-01
5.10332800e-06,4.86707806e-01
5.10342800e-06,4.86763862e-01
5.10352800e-06,4.86817483e-01
5.10362800e-06,4.86873535e-01
5.10372800e-06,4.86927152e-01
5.10382800e-06,4.86983199e-01
5.10392800e-06,4.87036812e-01
5.10402800e-06,4.87092856e-01
5.10412800e-06,4.87146465e-01
5.10422800e-06,4.87202504e-01
5.10432800e-06,4.87256109e-01
5.10442800e-06,4.87312144e-01
5.10452800e-06,4.87365745e-01
5.10462800e-06,4.87421776e-01
5.10472800e-06,4.87475373e-01
5.10482800e-06,4.87531399e-01
5.10492800e-06,4.87584994e-01
5.10502800e-06,4.87641015e-01
5.10512800e-06,4.87694606e-01
5.10522800e-06,4.87750623e-01
5.10532800e-06,4.87804210e-01
5.10542800e-06,4.87860223e-01
5.10552800e-06,4.87913806e-01
5.10562800e-06,4.87969816e-01
5.10572800e-06,4.88023395e-01
5.10582800e-06,4.88079400e-01
5.10592800e-06,4.88132976e-01
5.10602800e-06,4.88188977e-01
5.10612800e-06,4.88242549e-01
5.10622800e-06,4.88298546e-01
5.10632800e-06,4.88352114e-01
5.10642800e-06,4.88408107e-01
5.10652800e-06,4.88461671e-01
5.10662800e-06,4.88517660e-01
5.10672800e-06,4.88571221e-01
5.10682800e-06,4.88627206e-01
5.10692800e-06,4.88680764e-01
5.10702800e-06,4.88736744e-01
5.10712800e-06,4.88790298e-01
5.10722800e-06,4.88846275e-01
5.10732800e-06,4.88899825e-01
5.10742800e-06,4.88955798e-01
5.10752800e-06,4.89009345e-01
5.10762800e-06,4.89065314e-01
5.10772800e-06,4.89118857e-01
5.10782800e-06,4.89174822e-01
5.10792800e-06,4.89228362e-01
5.10802800e-06,4.89284323e-01
5.10812800e-06,4.89337859e-01
5.10822800e-06,4.89393816e-01
5.10832800e-06,4.89447349e-01
5.10842800e-06,4.89503302e-01
5.10852800e-06,4.89556832e-01
5.10862800e-06,4.89612781e-01
5.10872800e-06,4.89666307e-01
5.10882800e-06,4.89722253e-01
5.10892800e-06,4.89775776e-01
5.10902800e-06,4.89831717e-01
5.10912800e-06,4.89885236e-01
5.10922800e-06,4.89941174e-01
5.10932800e-06,4.89994690e-01
5.10942800e-06,4.90050624e-01
5.10952800e-06,4.90104137e-01
5.10962800e-06,4.90160067e-01
5.10972800e-06,4.90213576e-01
5.10982800e-06,4.90269502e-01
5.10992800e-06,4.90323009e-01
5.11002800e-06,4.90378931e-01
5.11012800e-06,4.90432434e-01
5.11022800e-06,4.90488353e-01
5.11032800e-06,4.90541852e-01
5.11042800e-06,4.90597767e-01
5.11052800e-06,4.90651264e-01
5.11062800e-06,4.90707175e-01
5.11072800e-06,4.90760668e-01
5.11082800e-06,4.90816576e-01
5.11092800e-06,4.90870066e-01
5.11102800e-06,4.90925970e-01
5.11112800e-06,4.90979456e-01
5.11122800e-06,4.91035356e-01
5.11132800e-06,4.91088840e-01
5.11142800e-06,4.91144737e-01
5.11152800e-06,4.91198217e-01
5.11162800e-06,4.91254110e-01
5.11172800e-06,4.91307587e-01
5.11182800e-06,4.91363477e-01
5.11192800e-06,4.91416951e-01
5.11202800e-06,4.91472836e-01
5.11212800e-06,4.91526308e-01
5.11222800e-06,4.91582190e-01
5.11232800e-06,4.91635658e-01
5.11242800e-06,4.91691536e-01
5.11252800e-06,4.91745001e-01
5.11262800e-06,4.91800876e-01
5.11272800e-06,4.91854338e-01
5.11282800e-06,4.91910209e-01
5.11292800e-06,4.91963668e-01
5.11302800e-06,4.92019536e-01
5.11312800e-06,4.92072992e-01
5.11322800e-06,4.92128856e-01
5.11332800e-06,4.92182309e-01
5.11342800e-06,4.92238170e-01
5.11352800e-06,4.92291620e-01
5.11362800e-06,4.92347477e-01
5.11372800e-06,4.92400924e-01
5.11382800e-06,4.92456778e-01
5.11392800e-06,4.92510222e-01
5.11402800e-06,4.92566072e-01
5.11412800e-06,4.92619513e-01
5.11422800e-06,4.92675360e-01
5.11432800e-06,4.92728798e-01
5.11442800e-06,4.92784642e-01
5.11452800e-06,4.92838077e-01
5.11462800e-06,4.92893917e-01
5.11472800e-06,4.92947349e-01
5.11482800e-06,4.93003186e-01
5.11492800e-06,4.93056615e-01
5.11502800e-06,4.93112449e-01
5.11512800e-06,4.93165875e-01
5.11522800e-06,4.93221705e-01
5.11532800e-06,4.93275128e-01
5.11542800e-06,4.93330955e-01
5.11552800e-06,4.93384376e-01
5.11562800e-06,4.93440199e-01
5.11572800e-06,4.93493617e-01
5.11582800e-06,4.93549437e-01
5.11592800e-06,4.93602852e-01
5.11602800e-06,4.93658669e-01
5.11612800e-06,4.93712081e-01
5.11622800e-06,4.93767895e-01
5.11632800e-06,4.93821304e-01
5.11642800e-06,4.93877114e-01
5.11652800e-06,4.93930521e-01
5.11662800e-06,4.93986328e-01
5.11672800e-06,4.94039731e-01
5.11682800e-06,4.94095535e-01
5.11692800e-06,4.94148936e-01
5.11702800e-06,4.94204737e-01
5.11712800e-06,4.94258135e-01
5.11722800e-06,4.94313932e-01
5.11732800e-06,4.94367328e-01
5.11742800e-06,4.94423122e-01
5.11752800e-06,4.94476514e-01
5.11762800e-06,4.94532306e-01
5.11772800e-06,4.94585696e-01
5.11782800e-06,4.94641484e-01
5.11792800e-06,4.94694871e-01
5.11802800e-06,4.94750656e-01
5.11812800e-06,4.94804040e-01
5.11822800e-06,4.94859822e-01
5.11832800e-06,4.94913203e-01
5.11842800e-06,4.94968982e-01
5.11852800e-06,4.95022361e-01
5.11862800e-06,4.95078136e-01
5.11872800e-06,4.95131513e-01
5.11882800e-06,4.95187285e-01
5.11892800e-06,4.95240659e-01
5.11902800e-06,4.95296428e-01
5.11912800e-06,4.95349799e-01
5.11922800e-06,4.95405566e-01
5.11932800e-06,4.95458934e-01
5.11942800e-06,4.95514697e-01
5.11952800e-06,4.95568063e-01
5.11962800e-06,4.95623823e-01
5.11972800e-06,4.95677186e-01
5.11982800e-06,4.95732944e-01
5.11992800e-06,4.95786304e-01
5.12002800e-06,4.95842058e-01
5.12012800e-06,4.95895416e-01
5.12022800e-06,4.95951167e-01
5.12032800e-06,4.96004523e-01
5.12042800e-06,4.96060271e-01
5.12052800e-06,4.96113624e-01
5.12062800e-06,4.96169369e-01
5.12072800e-06,4.96222720e-01
5.12082800e-06,4.96278462e-01
5.12092800e-06,4.96331810e-01
5.12102800e-06,4.96387549e-01
5.12112800e-06,4.96440894e-01
5.12122800e-06,4.96496630e-01
5.12132800e-06,4.96549973e-01
5.12142800e-06,4.96605707e-01
5.12152800e-06,4.96659047e-01
5.12162800e-06,4.96714777e-01
5.12172800e-06,4.96768115e-01
5.12182800e-06,4.96823843e-01
5.12192800e-06,4.96877178e-01
5.12202800e-06,4.96932903e-01
5.12212800e-06,4.96986236e-01
5.12222800e-06,4.97041957e-01
5.12232800e-06,4.97095288e-01
5.12242800e-06,4.97151007e-01
5.12252800e-06,4.97204335e-01
5.12262800e-06,4.97260051e-01
5.12272800e-06,4.97313376e-01
5.12282800e-06,4.97369089e-01
5.12292800e-06,4.97422413e-01
5.12302800e-06,4.97478123e-01
5.12312800e-06,4.97531444e-01
5.12322800e-06,4.97587151e-01
5.12332800e-06,4.97640469e-01
5.12342800e-06,4.97696174e-01
5.12352800e-06,4.97749490e-01
5.12362800e-06,4.97805191e-01
5.12372800e-06,4.97858505e-01
5.12382800e-06,4.97914204e-01
5.12392800e-06,4.97967516e-01
5.12402800e-06,4.98023212e-01
5.12412800e-06,4.98076521e-01
5.12422800e-06,4.98132214e-01
5.12432800e-06,4.98185521e-01
5.12442800e-06,4.98241211e-01
5.12452800e-06,4.98294515e-01
5.12462800e-06,4.98350203e-01
5.12472800e-06,4.98403505e-01
5.12482800e-06,4.98459190e-01
5.12492800e-06,4.98512490e-01
5.12502800e-06,4.98568172e-01
5.12512800e-06,4.98621469e-01
5.12522800e-06,4.98677149e-01
5.12532800e-06,4.98730444e-01
5.12542800e-06,4.98786121e-01
5.12552800e-06,4.98839414e-01
5.12562800e-06,4.98895088e-01
5.12572800e-06,4.98948378e-01
5.12582800e-06,4.99004049e-01
5.12592800e-06,4.99057338e-01
5.12602800e-06,4.99113006e-01
5.12612800e-06,4.99166292e-01
5.12622800e-06,4.99221958e-01
5.12632800e-06,4.99275242e-01
5.12642800e-06,4.99330905e-01
5.12652800e-06,4.99384187e-01
5.12662800e-06,4.99439847e-01
5.12672800e-06,4.99493127e-01
5.12682800e-06,4.99548785e-01
5.12692800e-06,4.99602062e-01
5.12702800e-06,4.99657717e-01
5.12712800e-06,4.99710992e-01
5.12722800e-06,4.99766645e-01
5.12732800e-06,4.99819917e-01
5.12742800e-06,4.99875567e-01
5.12752800e-06,4.99928838e-01
5.12762800e-06,4.99984485e-01
5.12772800e-06,5.00037754e-01
5.12782800e-06,5.00093398e-01
5.12792800e-06,5.00146665e-01
5.12802800e-06,5.00202307e-01
5.12812800e-06,5.00255571e-01
5.12822800e-06,5.00311210e-01
5.12832800e-06,5.00364472e-01
5.12842800e-06,5.00420109e-01
5.12852800e-06,5.00473369e-01
5.12862800e-06,5.00529003e-01
5.12872800e-06,5.00582261e-01
5.12882800e-06,5.00637892e-01
5.12892800e-06,5.00691148e-01
5.12902800e-06,5.00746777e-01
5.12912800e-06,5.00800030e-01
5.12922800e-06,5.00855657e-01
5.12932800e-06,5.00908908e-01
5.12942800e-06,5.00964532e-01
5.12952800e-06,5.01017781e-01
5.12962800e-06,5.01073403e-01
5.12972800e-06,5.01126650e-01
5.12982800e-06,5.01182269e-01
5.12992800e-06,5.01235514e-01
5.13002800e-06,5.01291130e-01
5.13012800e-06,5.01344373e-01
5.13022800e-06,5.01399987e-01
5.13032800e-06,5.01453228e-01
5.13042800e-06,5.01508839e-01
5.13052800e-06,5.01562078e-01
5.13062800e-06,5.01617687e-01
5.13072800e-06,5.01670924e-01
5.13082800e-06,5.01726530e-01
5.13092800e-06,5.01779765e-01
5.13102800e-06,5.01835368e-01
5.13112800e-06,5.01888601e-01
5.13122800e-06,5.01944202e-01
5.13132800e-06,5.01997433e-01
5.13142800e-06,5.02053032e-01
5.13152800e-06,5.02106260e-01
5.13162800e-06,5.02161857e-01
5.13172800e-06,5.02215083e-01
5.13182800e-06,5.02270678e-01
5.13192800e-06,5.02323902e-01
5.13202800e-06,5.02379494e-01
5.13212800e-06,5.02432716e-01
5.13222800e-06,5.02488305e-01
5.13232800e-06,5.02541526e-01
5.13242800e-06,5.02597112e-01
5.13252800e-06,5.02650331e-01
5.13262800e-06,5.02705915e-01
5.13272800e-06,5.02759132e-01
5.13282800e-06,5.02814713e-01
5.13292800e-06,5.02867928e-01
5.13302800e-06,5.02923507e-01
5.13312800e-06,5.02976720e-01
5.13322800e-06,5.03032297e-01
5.13332800e-06,5.03085507e-01
5.13342800e-06,5.03141082e-01
5.13352800e-06,5.03194291e-01
5.13362800e-06,5.03249863e-01
5.13372800e-06,5.03303069e-01
5.13382800e-06,5.03358639e-01
5.13392800e-06,5.03411844e-01
5.13402800e-06,5.03467411e-01
5.13412800e-06,5.03520614e-01
5.13422800e-06,5.03576179e-01
5.13432800e-06,5.03629380e-01
5.13442800e-06,5.03684943e-01
5.13452800e-06,5.03738142e-01
5.13462800e-06,5.03793702e-01
5.13472800e-06,5.03846899e-01
5.13482800e-06,5.03902457e-01
5.13492800e-06,5.03955652e-01
5.13502800e-06,5.04011207e-01
5.13512800e-06,5.04064400e-01
5.13522800e-06,5.04119954e-01
5.13532800e-06,5.04173145e-01
5.13542800e-06,5.04228696e-01
5.13552800e-06,5.04281885e-01
5.13562800e-06,5.04337434e-01
5.13572800e-06,5.04390621e-01
5.13582800e-06,5.04446167e-01
5.13592800e-06,5.04499353e-01
5.13602800e-06,5.04554897e-01
5.13612800e-06,5.04608080e-01
5.13622800e-06,5.04663622e-01
5.13632800e-06,5.04716804e-01
5.13642800e-06,5.04772343e-01
5.13652800e-06,5.04825523e-01
5.13662800e-06,5.04881060e-01
5.13672800e-06,5.04934238e-01
5.13682800e-06,5.04989772e-01
5.13692800e-06,5.05042949e-01
5.13702800e-06,5.05098481e-01
5.13712800e-06,5.05151655e-01
5.13722800e-06,5.05207185e-01
5.13732800e-06,5.05260358e-01
5.13742800e-06,5.05315886e-01
5.13752800e-06,5.05369056e-01
5.13762800e-06,5.05424582e-01
5.13772800e-06,5.05477750e-01
5.13782800e-06,5.05533273e-01
5.13792800e-06,5.05586440e-01
5.13802800e-06,5.05641961e-01
5.13812800e-06,5.05695126e-01
5.13822800e-06,5.05750645e-01
5.13832800e-06,5.05803808e-01
5.13842800e-06,5.05859325e-01
5.13852800e-06,5.05912486e-01
5.13862800e-06,5.05968000e-01
5.13872800e-06,5.06021159e-01
5.13882800e-06,5.06076671e-01
5.13892800e-06,5.06129829e-01
5.13902800e-06,5.06185339e-01
5.13912800e-06,5.06238495e-01
5.13922800e-06,5.06294002e-01
5.13932800e-06,5.06347156e-01
5.13942800e-06,5.06402661e-01
5.13952800e-06,5.06455813e-01
5.13962800e-06,5.06511316e-01
5.13972800e-06,5.06564467e-01
5.13982800e-06,5.06619968e-01
5.13992800e-06,5.06673116e-01
5.14002800e-06,5.06728615e-01
5.14012800e-06,5.06781762e-01
5.14022800e-06,5.06837258e-01
5.14032800e-06,5.06890403e-01
5.14042800e-06,5.06945897e-01
5.14052800e-06,5.06999040e-01
5.14062800e-06,5.07054532e-01
5.14072800e-06,5.07107673e-01
5.14082800e-06,5.07163163e-01
5.14092800e-06,5.07216303e-01
5.14102800e-06,5.07271790e-01
5.14112800e-06,5.07324928e-01
5.14122800e-06,5.07380413e-01
5.14132800e-06,5.07433549e-01
5.14142800e-06,5.07489032e-01
5.14152800e-06,5.07542167e-01
5.14162800e-06,5.07597648e-01
5.14172800e-06,5.07650780e-01
5.14182800e-06,5.07706259e-01
5.14192800e-06,5.07759389e-01
5.14202800e-06,5.07814866e-01
5.14212800e-06,5.07867995e-01
5.14222800e-06,5.07923469e-01
5.14232800e-06,5.07976596e-01
5.14242800e-06,5.08032068e-01
5.14252800e-06,5.08085194e-01
5.14262800e-06,5.08140664e-01
5.14272800e-06,5.08193787e-01
5.14282800e-06,5.08249255e-01
5.14292800e-06,5.08302377e-01
5.14302800e-06,5.08357843e-01
5.14312800e-06,5.08410963e-01
5.14322800e-06,5.08466426e-01
5.14332800e-06,5.08519545e-01
5.14342800e-06,5.08575006e-01
5.14352800e-06,5.08628123e-01
5.14362800e-06,5.08683582e-01
5.14372800e-06,5.08736697e-01
5.14382800e-06,5.08792153e-01
5.14392800e-06,5.08845267e-01
5.14402800e-06,5.08900721e-01
5.14412800e-06,5.08953833e-01
5.14422800e-06,5.09009285e-01
5.14432800e-06,5.09062395e-01
5.14442800e-06,5.09117846e-01
5.14452800e-06,5.09170954e-01
5.14462800e-06,5.09226402e-01
5.14472800e-06,5.09279508e-01
5.14482800e-06,5.09334954e-01
5.14492800e-06,5.09388059e-01
5.14502800e-06,5.09443503e-01
5.14512800e-06,5.09496606e-01
5.14522800e-06,5.09552047e-01
5.14532800e-06,5.09605148e-01
5.14542800e-06,5.09660588e-01
5.14552800e-06,5.09713687e-01
5.14562800e-06,5.09769125e-01
5.14572800e-06,5.09822223e-01
5.14582800e-06,5.09877658e-01
5.14592800e-06,5.09930754e-01
5.14602800e-06,5.09986187e-01
5.14612800e-06,5.10039281e-01
5.14622800e-06,5.10094712e-01
5.14632800e-06,5.10147805e-01
5.14642800e-06,5.10203234e-01
5.14652800e-06,5.10256324e-01
5.14662800e-06,5.10311751e-01
5.14672800e-06,5.10364840e-01
5.14682800e-06,5.10420265e-01
5.14692800e-06,5.10473352e-01
5.14702800e-06,5.10528775e-01
5.14712800e-06,5.10581860e-01
5.14722800e-06,5.10637281e-01
5.14732800e-06,5.10690365e-01
5.14742800e-06,5.10745783e-01
5.14752800e-06,5.10798865e-01
5.14762800e-06,5.10854281e-01
5.14772800e-06,5.10907362e-01
5.14782800e-06,5.10962776e-01
5.14792800e-06,5.11015854e-01
5.14802800e-06,5.11071266e-01
5.14812800e-06,5.11124343e-01
5.14822800e-06,5.11179753e-01
5.14832800e-06,5.11232829e-01
5.14842800e-06,5.11288236e-01
5.14852800e-06,5.11341310e-01
5.14862800e-06,5.11396715e-01
5.14872800e-06,5.11449787e-01
5.14882800e-06,5.11505191e-01
5.14892800e-06,5.11558261e-01
5.14902800e-06,5.11613662e-01
5.14912800e-06,5.11666731e-01
5.14922800e-06,5.11722130e-01
5.14932800e-06,5.11775197e-01
5.14942800e-06,5.11830594e-01
5.14952800e-06,5.11883659e-01
5.14962800e-06,5.11939054e-01
5.14972800e-06,5.11992117e-01
5.14982800e-06,5.12047510e-01
5.14992800e-06,5.12100572e-01
5.15002800e-06,5.12155962e-01
5.15012800e-06,5.12209022e-01
5.15022800e-06,5.12264411e-01
5.15032800e-06,5.12317469e-01
5.15042800e-06,5.12372856e-01
5.15052800e-06,5.12425912e-01
5.15062800e-06,5.12481297e-01
5.15072800e-06,5.12534351e-01
5.15082800e-06,5.12589734e-01
5.15092800e-06,5.12642787e-01
5.15102800e-06,5.12698167e-01
5.15112800e-06,5.12751218e-01
5.15122800e-06,5.12806596e-01
5.15132800e-06,5.12859646e-01
5.15142800e-06,5.12915022e-01
5.15152800e-06,5.12968070e-01
5.15162800e-06,5.13023443e-01
5.15172800e-06,5.13076490e-01
5.15182800e-06,5.13131861e-01
5.15192800e-06,5.13184906e-01
5.15202800e-06,5.13240275e-01
5.15212800e-06,5.13293318e-01
5.15222800e-06,5.13348686e-01
5.15232800e-06,5.13401727e-01
5.15242800e-06,5.13457092e-01
5.15252800e-06,5.13510131e-01
5.15262800e-06,5.13565495e-01
5.15272800e-06,5.13618532e-01
5.15282800e-06,5.13673893e-01
5.15292800e-06,5.13726929e-01
5.15302800e-06,5.13782288e-01
5.15312800e-06,5.13835323e-01
5.15322800e-06,5.13890679e-01
5.15332800e-06,5.13943712e-01
5.15342800e-06,5.13999067e-01
5.15352800e-06,5.14052097e-01
5.15362800e-06,5.14107450e-01
5.15372800e-06,5.14160479e-01
5.15382800e-06,5.14215830e-01
5.15392800e-06,5.14268857e-01
5.15402800e-06,5.14324205e-01
5.15412800e-06,5.14377231e-01
5.15422800e-06,5.14432577e-01
5.15432800e-06,5.14485601e-01
5.15442800e-06,5.14540945e-01
5.15452800e-06,5.14593967e-01
5.15462800e-06,5.14649309e-01
5.15472800e-06,5.14702329e-01
5.15482800e-06,5.14757669e-01
5.15492800e-06,5.14810688e-01
5.15502800e-06,5.14866025e-01
5.15512800e-06,5.14919042e-01
5.15522800e-06,5.14974378e-01
5.15532800e-06,5.15027393e-01
5.15542800e-06,5.15082726e-01
5.15552800e-06,5.15135740e-01
5.15562800e-06,5.15191071e-01
5.15572800e-06,5.15244083e-01
5.15582800e-06,5.15299412e-01
5.15592800e-06,5.15352422e-01
5.15602800e-06,5.15407749e-01
5.15612800e-06,5.15460757e-01
5.15622800e-06,5.15516082e-01
5.15632800e-06,5.15569088e-01
5.15642800e-06,5.15624411e-01
5.15652800e-06,5.15677416e-01
5.15662800e-06,5.15732736e-01
5.15672800e-06,5.15785739e-01
5.15682800e-06,5.15841057e-01
5.15692800e-06,5.15894059e-01
5.15702800e-06,5.15949375e-01
5.15712800e-06,5.16002374e-01
5.15722800e-06,5.16057688e-01
5.15732800e-06,5.16110686e-01
5.15742800e-06,5.16165998e-01
5.15752800e-06,5.16218994e-01
5.15762800e-06,5.16274304e-01
5.15772800e-06,5.16327298e-01
5.15782800e-06,5.16382605e-01
5.15792800e-06,5.16435598e-01
5.15802800e-06,5.16490903e-01
5.15812800e-06,5.16543894e-01
5.15822800e-06,5.16599197e-01
5.15832800e-06,5.16652186e-01
5.15842800e-06,5.16707487e-01
5.15852800e-06,5.16760474e-01
5.15862800e-06,5.16815773e-01
5.15872800e-06,5.16868758e-01
5.15882800e-06,5.16924055e-01
5.15892800e-06,5.16977038e-01
5.15902800e-06,5.17032332e-01
5.15912800e-06,5.17085314e-01
5.15922800e-06,5.17140606e-01
5.15932800e-06,5.17193586e-01
5.15942800e-06,5.17248876e-01
5.15952800e-06,5.17301855e-01
5.15962800e-06,5.17357142e-01
5.15972800e-06,5.17410119e-01
5.15982800e-06,5.17465404e-01
5.15992800e-06,5.17518379e-01
5.16002800e-06,5.17573662e-01
5.16012800e-06,5.17626635e-01
5.16022800e-06,5.17681916e-01
5.16032800e-06,5.17734887e-01
5.16042800e-06,5.17790166e-01
5.16052800e-06,5.17843135e-01
5.16062800e-06,5.17898412e-01
5.16072800e-06,5.17951379e-01
5.16082800e-06,5.18006654e-01
5.16092800e-06,5.18059619e-01
5.16102800e-06,5.18114891e-01
5.16112800e-06,5.18167855e-01
5.16122800e-06,5.18223125e-01
5.16132800e-06,5.18276087e-01
5.16142800e-06,5.18331355e-01
5.16152800e-06,5.18384315e-01
5.16162800e-06,5.18439580e-01
5.16172800e-06,5.18492538e-01
5.16182800e-06,5.18547802e-01
5.16192800e-06,5.18600758e-01
5.16202800e-06,5.18656019e-01
5.16212800e-06,5.18708973e-01
5.16222800e-06,5.18764232e-01
5.16232800e-06,5.18817185e-01
5.16242800e-06,5.18872441e-01
5.16252800e-06,5.18925392e-01
5.16262800e-06,5.18980646e-01
5.16272800e-06,5.19033595e-01
5.16282800e-06,5.19088847e-01
5.16292800e-06,5.19141794e-01
5.16302800e-06,5.19197044e-01
5.16312800e-06,5.19249989e-01
5.16322800e-06,5.19305237e-01
5.16332800e-06,5.19358180e-01
5.16342800e-06,5.19413425e-01
5.16352800e-06,5.19466366e-01
5.16362800e-06,5.19521609e-01
5.16372800e-06,5.19574549e-01
5.16382800e-06,5.19629789e-01
5.16392800e-06,5.19682727e-01
5.16402800e-06,5.19737965e-01
5.16412800e-06,5.19790901e-01
5.16422800e-06,5.19846137e-01
5.16432800e-06,5.19899070e-01
5.16442800e-06,5.19954304e-01
5.16452800e-06,5.20007236e-01
5.16462800e-06,5.20062467e-01
5.16472800e-06,5.20115397e-01
5.16482800e-06,5.20170626e-01
5.16492800e-06,5.20223554e-01
5.16502800e-06,5.20278780e-01
5.16512800e-06,5.20331706e-01
5.16522800e-06,5.20386931e-01
5.16532800e-06,5.20439855e-01
5.16542800e-06,5.20495077e-01
5.16552800e-06,5.20547999e-01
5.16562800e-06,5.20603219e-01
5.16572800e-06,5.20656139e-01
5.16582800e-06,5.20711356e-01
5.16592800e-06,5.20764274e-01
5.16602800e-06,5.20819489e-01
5.16612800e-06,5.20872405e-01
5.16622800e-06,5.20927618e-01
5.16632800e-06,5.20980532e-01
5.16642800e-06,5.21035742e-01
5.16652800e-06,5.21088654e-01
5.16662800e-06,5.21143862e-01
5.16672800e-06,5.21196772e-01
5.16682800e-06,5.21251978e-01
5.16692800e-06,5.21304886e-01
5.16702800e-06,5.21360089e-01
5.16712800e-06,5.21412995e-01
5.16722800e-06,5.21468196e-01
5.16732800e-06,5.21521100e-01
5.16742800e-06,5.21576298e-01
5.16752800e-06,5.21629200e-01
5.16762800e-06,5.21684396e-01
5.16772800e-06,5.21737296e-01
5.16782800e-06,5.21792490e-01
5.16792800e-06,5.21845388e-01
5.16802800e-06,5.21900579e-01
5.16812800e-06,5.21953475e-01
5.16822800e-06,5.22008663e-01
5.16832800e-06,5.22061557e-01
5.16842800e-06,5.22116743e-01
5.16852800e-06,5.22169635e-01
5.16862800e-06,5.22224819e-01
5.16872800e-06,5.22277709e-01
5.16882800e-06,5.22332890e-01
5.16892800e-06,5.22385778e-01
5.16902800e-06,5.22440956e-01
5.16912800e-06,5.22493842e-01
5.16922800e-06,5.22549018e-01
5.16932800e-06,5.22601902e-01
5.16942800e-06,5.22657076e-01
5.16952800e-06,5.22709957e-01
5.16962800e-06,5.22765128e-01
5.16972800e-06,5.22818008e-01
5.16982800e-06,5.22873176e-01
5.16992800e-06,5.22926054e-01
5.17002800e-06,5.22981220e-01
5.17012800e-06,5.23034095e-01
5.17022800e-06,5.23089259e-01
5.17032800e-06,5.23142132e-01
5.17042800e-06,5.23197293e-01
5.17052800e-06,5.23250164e-01
5.17062800e-06,5.23305322e-01
5.17072800e-06,5.23358191e-01
5.17082800e-06,5.23413347e-01
5.17092800e-06,5.23466213e-01
5.17102800e-06,5.23521367e-01
5.17112800e-06,5.23574231e-01
5.17122800e-06,5.23629383e-01
5.17132800e-06,5.23682245e-01
5.17142800e-06,5.23737393e-01
5.17152800e-06,5.23790253e-01
5.17162800e-06,5.23845399e-01
5.17172800e-06,5.23898257e-01
5.17182800e-06,5.23953400e-01
5.17192800e-06,5.24006255e-01
5.17202800e-06,5.24061396e-01
5.17212800e-06,5.24114249e-01
5.17222800e-06,5.24169387e-01
5.17232800e-06,5.24222238e-01
5.17242800e-06,5.24277374e-01
5.17252800e-06,5.24330223e-01
5.17262800e-06,5.24385356e-01
5.17272800e-06,5.24438202e-01
5.17282800e-06,5.24493332e-01
5.17292800e-06,5.24546176e-01
5.17302800e-06,5.24601304e-01
5.17312800e-06,5.24654146e-01
5.17322800e-06,5.24709271e-01
5.17332800e-06,5.24762110e-01
5.17342800e-06,5.24817233e-01
5.17352800e-06,5.24870070e-01
5.17362800e-06,5.24925190e-01
5.17372800e-06,5.24978025e-01
5.17382800e-06,5.25033142e-01
5.17392800e-06,5.25085974e-01
5.17402800e-06,5.25141089e-01
5.17412800e-06,5.25193919e-01
5.17422800e-06,5.25249031e-01
5.17432800e-06,5.25301859e-01
5.17442800e-06,5.25356967e-01
5.17452800e-06,5.25409793e-01
5.17462800e-06,5.25464899e-01
5.17472800e-06,5.25517722e-01
5.17482800e-06,5.25572826e-01
5.17492800e-06,5.25625647e-01
5.17502800e-06,5.25680747e-01
5.17512800e-06,5.25733566e-01
5.17522800e-06,5.25788664e-01
5.17532800e-06,5.25841480e-01
5.17542800e-06,5.25896575e-01
5.17552800e-06,5.25949389e-01
5.17562800e-06,5.26004481e-01
5.17572800e-06,5.26057292e-01
5.17582800e-06,5.26112382e-01
5.17592800e-06,5.26165191e-01
5.17602800e-06,5.26220277e-01
5.17612800e-06,5.26273084e-01
5.17622800e-06,5.26328167e-01
5.17632800e-06,5.26380971e-01
5.17642800e-06,5.26436052e-01
5.17652800e-06,5.26488854e-01
5.17662800e-06,5.26543932e-01
5.17672800e-06,5.26596731e-01
5.17682800e-06,5.26651806e-01
5.17692800e-06,5.26704603e-01
5.17702800e-06,5.26759675e-01
5.17712800e-06,5.26812469e-01
5.17722800e-06,5.26867539e-01
5.17732800e-06,5.26920330e-01
5.17742800e-06,5.26975397e-01
5.17752800e-06,5.27028186e-01
5.17762800e-06,5.27083250e-01
5.17772800e-06,5.27136036e-01
5.17782800e-06,5.27191097e-01
5.17792800e-06,5.27243881e-01
5.17802800e-06,5.27298939e-01
5.17812800e-06,5.27351720e-01
5.17822800e-06,5.27406775e-01
5.17832800e-06,5.27459554e-01
5.17842800e-06,5.27514605e-01
5.17852800e-06,5.27567382e-01
5.17862800e-06,5.27622430e-01
5.17872800e-06,5.27675204e-01
5.17882800e-06,5.27730250e-01
5.17892800e-06,5.27783021e-01
5.17902800e-06,5.27838064e-01
5.17912800e-06,5.27890832e-01
5.17922800e-06,5.27945872e-01
5.17932800e-06,5.27998638e-01
5.17942800e-06,5.28053674e-01
5.17952800e-06,5.28106437e-01
5.17962800e-06,5.28161471e-01
5.17972800e-06,5.28214231e-01
5.17982800e-06,5.28269262e-01
5.17992800e-06,5.28322020e-01
5.18002800e-06,5.28377048e-01
5.18012800e-06,5.28429802e-01
5.18022800e-06,5.28484827e-01
5.18032800e-06,5.28537579e-01
5.18042800e-06,5.28592601e-01
5.18052800e-06,5.28645350e-01
5.18062800e-06,5.28700368e-01
5.18072800e-06,5.28753115e-01
5.18082800e-06,5.28808130e-01
5.18092800e-06,5.28860874e-01
5.18102800e-06,5.28915886e-01
5.18112800e-06,5.28968627e-01
5.18122800e-06,5.29023636e-01
5.18132800e-06,5.29076375e-01
5.18142800e-06,5.29131380e-01
5.18152800e-06,5.29184116e-01
5.18162800e-06,5.29239118e-01
5.18172800e-06,5.29291851e-01
5.18182800e-06,5.29346850e-01
5.18192800e-06,5.29399580e-01
5.18202800e-06,5.29454576e-01
5.18212800e-06,5.29507303e-01
5.18222800e-06,5.29562296e-01
5.18232800e-06,5.29615020e-01
5.18242800e-06,5.29670010e-01
5.18252800e-06,5.29722731e-01
5.18262800e-06,5.29777717e-01
5.18272800e-06,5.29830435e-01
5.18282800e-06,5.29885418e-01
5.18292800e-06,5.29938134e-01
5.18302800e-06,5.29993113e-01
5.18312800e-06,5.30045826e-01
5.18322800e-06,5.30100802e-01
5.18332800e-06,5.30153512e-01
5.18342800e-06,5.30208485e-01
5.18352800e-06,5.30261191e-01
5.18362800e-06,5.30316161e-01
5.18372800e-06,5.30368864e-01
5.18382800e-06,5.30423831e-01
5.18392800e-06,5.30476531e-01
5.18402800e-06,5.30531494e-01
5.18412800e-06,5.30584191e-01
5.18422800e-06,5.30639151e-01
5.18432800e-06,5.30691845e-01
5.18442800e-06,5.30746801e-01
5.18452800e-06,5.30799493e-01
5.18462800e-06,5.30854445e-01
5.18472800e-06,5.30907133e-01
5.18482800e-06,5.30962083e-01
5.18492800e-06,5.31014768e-01
5.18502800e-06,5.31069714e-01
5.18512800e-06,5.31122395e-01
5.18522800e-06,5.31177338e-01
5.18532800e-06,5.31230017e-01
5.18542800e-06,5.31284955e-01
5.18552800e-06,5.31337631e-01
5.18562800e-06,5.31392566e-01
5.18572800e-06,5.31445239e-01
5.18582800e-06,5.31500170e-01
5.18592800e-06,5.31552840e-01
5.18602800e-06,5.31607768e-01
5.18612800e-06,5.31660434e-01
5.18622800e-06,5.31715358e-01
5.18632800e-06,5.31768021e-01
5.18642800e-06,5.31822942e-01
5.18652800e-06,5.31875601e-01
5.18662800e-06,5.31930519e-01
5.18672800e-06,5.31983175e-01
5.18682800e-06,5.32038088e-01
5.18692800e-06,5.32090741e-01
5.18702800e-06,5.32145651e-01
5.18712800e-06,5.32198301e-01
5.18722800e-06,5.32253207e-01
5.18732800e-06,5.32305854e-01
5.18742800e-06,5.32360756e-01
5.18752800e-06,5.32413399e-01
5.18762800e-06,5.32468298e-01
5.18772800e-06,5.32520938e-01
5.18782800e-06,5.32575833e-01
5.18792800e-06,5.32628469e-01
5.18802800e-06,5.32683360e-01
5.18812800e-06,5.32735993e-01
5.18822800e-06,5.32790880e-01
5.18832800e-06,5.32843510e-01
5.18842800e-06,5.32898393e-01
5.18852800e-06,5.32951019e-01
5.18862800e-06,5.33005899e-01
5.18872800e-06,5.33058522e-01
5.18882800e-06,5.33113398e-01
5.18892800e-06,5.33166017e-01
5.18902800e-06,5.33220889e-01
5.18912800e-06,5.33273504e-01
5.18922800e-06,5.33328372e-01
5.18932800e-06,5.33380984e-01
5.18942800e-06,5.33435849e-01
5.18952800e-06,5.33488457e-01
5.18962800e-06,5.33543317e-01
5.18972800e-06,5.33595922e-01
5.18982800e-06,5.33650778e-01
5.18992800e-06,5.33703380e-01
5.19002800e-06,5.33758232e-01
5.19012800e-06,5.33810830e-01
5.19022800e-06,5.33865678e-01
5.19032800e-06,5.33918272e-01
5.19042800e-06,5.33973116e-01
5.19052800e-06,5.34025706e-01
5.19062800e-06,5.34080547e-01
5.19072800e-06,5.34133133e-01
5.19082800e-06,5.34187969e-01
5.19092800e-06,5.34240552e-01
5.19102800e-06,5.34295384e-01
5.19112800e-06,5.34347963e-01
5.19122800e-06,5.34402791e-01
5.19132800e-06,5.34455367e-01
5.19142800e-06,5.34510191e-01
5.19152800e-06,5.34562762e-01
5.19162800e-06,5.34617582e-01
5.19172800e-06,5.34670149e-01
5.19182800e-06,5.34724965e-01
5.19192800e-06,5.34777529e-01
5.19202800e-06,5.34832340e-01
5.19212800e-06,5.34884900e-01
5.19222800e-06,5.34939707e-01
5.19232800e-06,5.34992263e-01
5.19242800e-06,5.35047066e-01
5.19252800e-06,5.35099618e-01
5.19262800e-06,5.35154416e-01
5.19272800e-06,5.35206965e-01
5.19282800e-06,5.35261759e-01
5.19292800e-06,5.35314303e-01
5.19302800e-06,5.35369093e-01
5.19312800e-06,5.35421633e-01
5.19322800e-06,5.35476419e-01
5.19332800e-06,5.35528955e-01
5.19342800e-06,5.35583736e-01
5.19352800e-06,5.35636268e-01
5.19362800e-06,5.35691045e-01
5.19372800e-06,5.35743573e-01
5.19382800e-06,5.35798345e-01
5.19392800e-06,5.35850869e-01
5.19402800e-06,5.35905637e-01
5.19412800e-06,5.35958157e-01
5.19422800e-06,5.36012920e-01
5.19432800e-06,5.36065436e-01
5.19442800e-06,5.36120194e-01
5.19452800e-06,5.36172706e-01
5.19462800e-06,5.36227460e-01
5.19472800e-06,5.36279968e-01
5.19482800e-06,5.36334717e-01
5.19492800e-06,5.36387220e-01
5.19502800e-06,5.36441965e-01
5.19512800e-06,5.36494464e-01
5.19522800e-06,5.36549205e-01
5.19532800e-06,5.36601699e-01
5.19542800e-06,5.36656435e-01
5.19552800e-06,5.36708925e-01
5.19562800e-06,5.36763656e-01
5.19572800e-06,5.36816142e-01
5.19582800e-06,5.36870868e-01
5.19592800e-06,5.36923350e-01
5.19602800e-06,5.36978072e-01
5.19612800e-06,5.37030549e-01
5.19622800e-06,5.37085266e-01
5.19632800e-06,5.37137738e-01
5.19642800e-06,5.37192450e-01
5.19652800e-06,5.37244918e-01
5.19662800e-06,5.37299626e-01
5.19672800e-06,5.37352089e-01
5.19682800e-06,5.37406792e-01
5.19692800e-06,5.37459251e-01
5.19702800e-06,5.37513948e-01
5.19712800e-06,5.37566403e-01
5.19722800e-06,5.37621096e-01
5.19732800e-06,5.37673546e-01
5.19742800e-06,5.37728233e-01
5.19752800e-06,5.37780679e-01
5.19762800e-06,5.37835361e-01
5.19772800e-06,5.37887802e-01
5.19782800e-06,5.37942480e-01
5.19792800e-06,5.37994916e-01
5.19802800e-06,5.38049588e-01
5.19812800e-06,5.38102020e-01
5.19822800e-06,5.38156687e-01
5.19832800e-06,5.38209114e-01
5.19842800e-06,5.38263776e-01
5.19852800e-06,5.38316198e-01
5.19862800e-06,5.38370856e-01
5.19872800e-06,5.38423273e-01
5.19882800e-06,5.38477925e-01
5.19892800e-06,5.38530337e-01
5.19902800e-06,5.38584984e-01
5.19912800e-06,5.38637391e-01
5.19922800e-06,5.38692033e-01
5.19932800e-06,5.38744436e-01
5.19942800e-06,5.38799072e-01
5.19952800e-06,5.38851470e-01
5.19962800e-06,5.38906101e-01
5.19972800e-06,5.38958493e-01
5.19982800e-06,5.39013119e-01
5.19992800e-06,5.39065507e-01
5.20002800e-06,5.39120127e-01
5.20012800e-06,5.39172510e-01
5.20022800e-06,5.39227125e-01
5.20032800e-06,5.39279502e-01
5.20042800e-06,5.39334112e-01
5.20052800e-06,5.39386484e-01
5.20062800e-06,5.39441088e-01
5.20072800e-06,5.39493456e-01
5.20082800e-06,5.39548054e-01
5.20092800e-06,5.39600416e-01
5.20102800e-06,5.39655009e-01
5.20112800e-06,5.39707366e-01
5.20122800e-06,5.39761954e-01
5.20132800e-06,5.39814305e-01
5.20142800e-06,5.39868887e-01
5.20152800e-06,5.39921234e-01
5.20162800e-06,5.39975810e-01
5.20172800e-06,5.40028151e-01
5.20182800e-06,5.40082721e-01
5.20192800e-06,5.40135057e-01
5.20202800e-06,5.40189622e-01
5.20212800e-06,5.40241952e-01
5.20222800e-06,5.40296512e-01
5.20232800e-06,5.40348836e-01
5.20242800e-06,5.40403390e-01
5.20252800e-06,5.40455709e-01
5.20262800e-06,5.40510257e-01
5.20272800e-06,5.40562571e-01
5.20282800e-06,5.40617112e-01
5.20292800e-06,5.40669421e-01
5.20302800e-06,5.40723956e-01
5.20312800e-06,5.40776259e-01
5.20322800e-06,5.40830789e-01
5.20332800e-06,5.40883086e-01
5.20342800e-06,5.40937610e-01
5.20352800e-06,5.40989902e-01
5.20362800e-06,5.41044419e-01
5.20372800e-06,5.41096705e-01
5.20382800e-06,5.41151217e-01
5.20392800e-06,5.41203497e-01
5.20402800e-06,5.41258003e-01
5.20412800e-06,5.41310277e-01
5.20422800e-06,5.41364777e-01
5.20432800e-06,5.41417045e-01
5.20442800e-06,5.41471538e-01
5.20452800e-06,5.41523801e-01
5.20462800e-06,5.41578288e-01
5.20472800e-06,5.41630545e-01
5.20482800e-06,5.41685026e-01
5.20492800e-06,5.41737277e-01
5.20502800e-06,5.41791751e-01
5.20512800e-06,5.41843996e-01
5.20522800e-06,5.41898464e-01
5.20532800e-06,5.41950703e-01
5.20542800e-06,5.42005165e-01
5.20552800e-06,5.42057398e-01
5.20562800e-06,5.42111853e-01
5.20572800e-06,5.42164080e-01
5.20582800e-06,5.42218529e-01
5.20592800e-06,5.42270749e-01
5.20602800e-06,5.42325192e-01
5.20612800e-06,5.42377406e-01
5.20622800e-06,5.42431842e-01
5.20632800e-06,5.42484050e-01
5.20642800e-06,5.42538479e-01
5.20652800e-06,5.42590681e-01
5.20662800e-06,5.42645104e-01
5.20672800e-06,5.42697299e-01
5.20682800e-06,5.42751715e-01
5.20692800e-06,5.42803904e-01
5.20702800e-06,5.42858313e-01
5.20712800e-06,5.42910496e-01
5.20722800e-06,5.42964898e-01
5.20732800e-06,5.43017075e-01
5.20742800e-06,5.43071470e-01
5.20752800e-06,5.43123640e-01
5.20762800e-06,5.43178029e-01
5.20772800e-06,5.43230192e-01
5.20782800e-06,5.43284574e-01
5.20792800e-06,5.43336730e-01
5.20802800e-06,5.43391105e-01
5.20812800e-06,5.43443255e-01
5.20822800e-06,5.43497623e-01
5.20832800e-06,5.43549766e-01
5.20842800e-06,5.43604127e-01
5.20852800e-06,5.43656263e-01
5.20862800e-06,5.43710617e-01
5.20872800e-06,5.43762747e-01
5.20882800e-06,5.43817093e-01
5.20892800e-06,5.43869216e-01
5.20902800e-06,5.43923555e-01
5.20912800e-06,5.43975671e-01
5.20922800e-06,5.44030003e-01
5.20932800e-06,5.44082112e-01
5.20942800e-06,5.44136437e-01
5.20952800e-06,5.44188539e-01
5.20962800e-06,5.44242857e-01
5.20972800e-06,5.44294952e-01
5.20982800e-06,5.44349261e-01
5.20992800e-06,5.44401349e-01
5.21002800e-06,5.44455652e-01
5.21012800e-06,5.44507733e-01
5.21022800e-06,5.44562028e-01
5.21032800e-06,5.44614101e-01
5.21042800e-06,5.44668389e-01
5.21052800e-06,5.44720455e-01
5.21062800e-06,5.44774735e-01
5.21072800e-06,5.44826794e-01
5.21082800e-06,5.44881066e-01
5.21092800e-06,5.44933118e-01
5.21102800e-06,5.44987382e-01
5.21112800e-06,5.45039427e-01
5.21122800e-06,5.45093684e-01
5.21132800e-06,5.45145721e-01
5.21142800e-06,5.45199969e-01
5.21152800e-06,5.45251999e-01
5.21162800e-06,5.45306240e-01
5.21172800e-06,5.45358262e-01
5.21182800e-06,5.45412495e-01
5.21192800e-06,5.45464509e-01
5.21202800e-06,5.45518734e-01
5.21212800e-06,5.45570740e-01
5.21222800e-06,5.45624957e-01
5.21232800e-06,5.45676956e-01
5.21242800e-06,5.45731165e-01
5.21252800e-06,5.45783156e-01
5.21262800e-06,5.45837357e-01
5.21272800e-06,5.45889340e-01
5.21282800e-06,5.45943533e-01
5.21292800e-06,5.45995508e-01
5.21302800e-06,5.46049692e-01
5.21312800e-06,5.46101660e-01
5.21322800e-06,5.46155836e-01
5.21332800e-06,5.46207795e-01
5.21342800e-06,5.46261962e-01
5.21352800e-06,5.46313914e-01
5.21362800e-06,5.46368073e-01
5.21372800e-06,5.46420016e-01
5.21382800e-06,5.46474166e-01
5.21392800e-06,5.46526101e-01
5.21402800e-06,5.46580243e-01
5.21412800e-06,5.46632170e-01
5.21422800e-06,5.46686303e-01
5.21432800e-06,5.46738222e-01
5.21442800e-06,5.46792346e-01
5.21452800e-06,5.46844256e-01
5.21462800e-06,5.46898372e-01
5.21472800e-06,5.46950274e-01
5.21482800e-06,5.47004381e-01
5.21492800e-06,5.47056274e-01
5.21502800e-06,5.47110372e-01
5.21512800e-06,5.47162257e-01
5.21522800e-06,5.47216346e-01
5.21532800e-06,5.47268222e-01
5.21542800e-06,5.47322302e-01
5.21552800e-06,5.47374169e-01
5.21562800e-06,5.47428241e-01
5.21572800e-06,5.47480099e-01
5.21582800e-06,5.47534161e-01
5.21592800e-06,5.47586011e-01
5.21602800e-06,5.47640064e-01
5.21612800e-06,5.47691904e-01
5.21622800e-06,5.47745948e-01
5.21632800e-06,5.47797780e-01
5.21642800e-06,5.47851814e-01
5.21652800e-06,5.47903637e-01
5.21662800e-06,5.47957662e-01
5.21672800e-06,5.48009475e-01
5.21682800e-06,5.48063491e-01
5.21692800e-06,5.48115295e-01
5.21702800e-06,5.48169301e-01
5.21712800e-06,5.48221096e-01
5.21722800e-06,5.48275093e-01
5.21732800e-06,5.48326879e-01
5.21742800e-06,5.48380865e-01
5.21752800e-06,5.48432642e-01
5.21762800e-06,5.48486619e-01
5.21772800e-06,5.48538386e-01
5.21782800e-06,5.48592353e-01
5.21792800e-06,5.48644111e-01
5.21802800e-06,5.48698068e-01
5.21812800e-06,5.48749816e-01
5.21822800e-06,5.48803763e-01
5.21832800e-06,5.48855502e-01
5.21842800e-06,5.48909439e-01
5.21852800e-06,5.48961168e-01
5.21862800e-06,5.49015095e-01
5.21872800e-06,5.49066814e-01
5.21882800e-06,5.49120731e-01
5.21892800e-06,5.49172440e-01
5.21902800e-06,5.49226347e-01
5.21912800e-06,5.49278046e-01
5.21922800e-06,5.49331942e-01
5.21932800e-06,5.49383631e-01
5.21942800e-06,5.49437517e-01
5.21952800e-06,5.49489196e-01
5.21962800e-06,5.49543072e-01
5.21972800e-06,5.49594741e-01
5.21982800e-06,5.49648606e-01
5.21992800e-06,5.49700264e-01
5.22002800e-06,5.49754119e-01
5.22012800e-06,5.49805767e-01
5.22022800e-06,5.49859611e-01
5.22032800e-06,5.49911249e-01
5.22042800e-06,5.49965082e-01
5.22052800e-06,5.50016709e-01
5.22062800e-06,5.50070531e-01
5.22072800e-06,5.50122148e-01
5.22082800e-06,5.50175959e-01
5.22092800e-06,5.50227565e-01
5.22102800e-06,5.50281365e-01
5.22112800e-06,5.50332961e-01
5.22122800e-06,5.50386750e-01
5.22132800e-06,5.50438335e-01
5.22142800e-06,5.50492112e-01
5.22152800e-06,5.50543686e-01
5.22162800e-06,5.50597453e-01
5.22172800e-06,5.50649016e-01
5.22182800e-06,5.50702771e-01
5.22192800e-06,5.50754323e-01
5.22202800e-06,5.50808067e-01
5.22212800e-06,5.50859607e-01
5.22222800e-06,5.50913340e-01
5.22232800e-06,5.50964869e-01
5.22242800e-06,5.51018590e-01
5.22252800e-06,5.51070108e-01
5.22262800e-06,5.51123817e-01
5.22272800e-06,5.51175324e-01
5.22282800e-06,5.51229021e-01
5.22292800e-06,5.51280516e-01
5.22302800e-06,5.51334202e-01
5.22312800e-06,5.51385685e-01
5.22322800e-06,5.51439359e-01
5.22332800e-06,5.51490831e-01
5.22342800e-06,5.51544492e-01
5.22352800e-06,5.51595953e-01
5.22362800e-06,5.51649602e-01
5.22372800e-06,5.51701051e-01
5.22382800e-06,5.51754688e-01
5.22392800e-06,5.51806124e-01
5.22402800e-06,5.51859749e-01
5.22412800e-06,5.51911174e-01
5.22422800e-06,5.51964786e-01
5.22432800e-06,5.52016199e-01
5.22442800e-06,5.52069799e-01
5.22452800e-06,5.52121199e-01
5.22462800e-06,5.52174786e-01
5.22472800e-06,5.52226174e-01
5.22482800e-06,5.52279749e-01
5.22492800e-06,5.52331125e-01
5.22502800e-06,5.52384687e-01
5.22512800e-06,5.52436050e-01
5.22522800e-06,5.52489599e-01
5.22532800e-06,5.52540950e-01
5.22542800e-06,5.52594486e-01
5.22552800e-06,5.52645824e-01
5.22562800e-06,5.52699347e-01
5.22572800e-06,5.52750672e-01
5.22582800e-06,5.52804182e-01
5.22592800e-06,5.52855494e-01
5.22602800e-06,5.52908991e-01
5.22612800e-06,5.52960291e-01
5.22622800e-06,5.53013774e-01
5.22632800e-06,5.53065060e-01
5.22642800e-06,5.53118530e-01
5.22652800e-06,5.53169803e-01
5.22662800e-06,5.53223260e-01
5.22672800e-06,5.53274520e-01
5.22682800e-06,5.53327963e-01
5.22692800e-06,5.53379209e-01
5.22702800e-06,5.53432638e-01
5.22712800e-06,5.53483871e-01
5.22722800e-06,5.53537287e-01
5.22732800e-06,5.53588506e-01
5.22742800e-06,5.53641908e-01
5.22752800e-06,5.53693114e-01
5.22762800e-06,5.53746501e-01
5.22772800e-06,5.53797693e-01
5.22782800e-06,5.53851066e-01
5.22792800e-06,5.53902244e-01
5.22802800e-06,5.53955603e-01
5.22812800e-06,5.54006768e-01
5.22822800e-06,5.54060112e-01
5.22832800e-06,5.54111262e-01
5.22842800e-06,5.54164592e-01
5.22852800e-06,5.54215728e-01
5.22862800e-06,5.54269044e-01
5.22872800e-06,5.54320166e-01
5.22882800e-06,5.54373466e-01
5.22892800e-06,5.54424574e-01
5.22902800e-06,5.54477860e-01
5.22912800e-06,5.54528953e-01
5.22922800e-06,5.54582224e-01
5.22932800e-06,5.54633302e-01
5.22942800e-06,5.54686558e-01
5.22952800e-06,5.54737622e-01
5.22962800e-06,5.54790863e-01
5.22972800e-06,5.54841911e-01
5.22982800e-06,5.54895137e-01
5.22992800e-06,5.54946171e-01
5.23002800e-06,5.54999381e-01
5.23012800e-06,5.55050400e-01
5.23022800e-06,5.55103595e-01
5.23032800e-06,5.55154598e-01
5.23042800e-06,5.55207778e-01
5.23052800e-06,5.55258766e-01
5.23062800e-06,5.55311930e-01
5.23072800e-06,5.55362903e-01
5.23082800e-06,5.55416051e-01
5.23092800e-06,5.55467008e-01
5.23102800e-06,5.55520140e-01
5.23112800e-06,5.55571082e-01
5.23122800e-06,5.55624198e-01
5.23132800e-06,5.55675124e-01
5.23142800e-06,5.55728223e-01
5.23152800e-06,5.55779133e-01
5.23162800e-06,5.55832217e-01
5.23172800e-06,5.55883111e-01
5.23182800e-06,5.55936178e-01
5.23192800e-06,5.55987056e-01
5.23202800e-06,5.56040107e-01
5.23212800e-06,5.56090969e-01
5.23222800e-06,5.56144003e-01
5.23232800e-06,5.56194848e-01
5.23242800e-06,5.56247866e-01
5.23252800e-06,5.56298695e-01
5.23262800e-06,5.56351695e-01
5.23272800e-06,5.56402508e-01
5.23282800e-06,5.56455491e-01
5.23292800e-06,5.56506287e-01
5.23302800e-06,5.56559253e-01
5.23312800e-06,5.56610032e-01
5.23322800e-06,5.56662981e-01
5.23332800e-06,5.56713743e-01
5.23342800e-06,5.56766675e-01
5.23352800e-06,5.56817420e-01
5.23362800e-06,5.56870334e-01
5.23372800e-06,5.56921062e-01
5.23382800e-06,5.56973959e-01
5.23392800e-06,5.57024669e-01
5.23402800e-06,5.57077548e-01
5.23412800e-06,5.57128241e-01
5.23422800e-06,5.57181102e-01
5.23432800e-06,5.57231778e-01
5.23442800e-06,5.57284621e-01
5.23452800e-06,5.57335278e-01
5.23462800e-06,5.57388104e-01
5.23472800e-06,5.57438743e-01
5.23482800e-06,5.57491550e-01
5.23492800e-06,5.57542172e-01
5.23502800e-06,5.57594961e-01
5.23512800e-06,5.57645564e-01
5.23522800e-06,5.57698335e-01
5.23532800e-06,5.57748920e-01
5.23542800e-06,5.57801672e-01
5.23552800e-06,5.57852239e-01
5.23562800e-06,5.57904972e-01
5.23572800e-06,5.57955520e-01
5.23582800e-06,5.58008234e-01
5.23592800e-06,5.58058765e-01
5.23602800e-06,5.58111460e-01
5.23612800e-06,5.58161971e-01
5.23622800e-06,5.58214647e-01
5.23632800e-06,5.58265139e-01
5.23642800e-06,5.58317796e-01
5.23652800e-06,5.58368269e-01
5.23662800e-06,5.58420907e-01
5.23672800e-06,5.58471361e-01
5.23682800e-06,5.58523979e-01
5.23692800e-06,5.58574414e-01
5.23702800e-06,5.58627012e-01
5.23712800e-06,5.58677428e-01
5.23722800e-06,5.58730006e-01
5.23732800e-06,5.58780402e-01
5.23742800e-06,5.58832961e-01
5.23752800e-06,5.58883337e-01
5.23762800e-06,5.58935875e-01
5.23772800e-06,5.58986232e-01
5.23782800e-06,5.59038750e-01
5.23792800e-06,5.59089087e-01
5.23802800e-06,5.59141585e-01
5.23812800e-06,5.59191902e-01
5.23822800e-06,5.59244379e-01
5.23832800e-06,5.59294676e-01
5.23842800e-06,5.59347133e-01
5.23852800e-06,5.59397409e-01
5.23862800e-06,5.59449845e-01
5.23872800e-06,5.59500101e-01
5.23882800e-06,5.59552516e-01
5.23892800e-06,5.59602752e-01
5.23902800e-06,5.59655146e-01
5.23912800e-06,5.59705361e-01
5.23922800e-06,5.59757734e-01
5.23932800e-06,5.59807928e-01
5.23942800e-06,5.59860280e-01
5.23952800e-06,5.59910453e-01
5.23962800e-06,5.59962783e-01
5.23972800e-06,5.60012935e-01
5.23982800e-06,5.60065244e-01
5.23992800e-06,5.60115374e-01
5.24002800e-06,5.60167662e-01
5.24012800e-06,5.60217771e-01
5.24022800e-06,5.60270036e-01
5.24032800e-06,5.60320124e-01
5.24042800e-06,5.60372367e-01
5.24052800e-06,5.60422433e-01
5.24062800e-06,5.60474655e-01
5.24072800e-06,5.60524699e-01
5.24082800e-06,5.60576898e-01
5.24092800e-06,5.60626921e-01
5.24102800e-06,5.60679098e-01
5.24112800e-06,5.60729098e-01
5.24122800e-06,5.60781252e-01
5.24132800e-06,5.60831231e-01
5.24142800e-06,5.60883363e-01
5.24152800e-06,5.60933318e-01
5.24162800e-06,5.60985428e-01
5.24172800e-06,5.61035361e-01
5.24182800e-06,5.61087447e-01
5.24192800e-06,5.61137358e-01
5.24202800e-06,5.61189421e-01
5.24212800e-06,5.61239309e-01
5.24222800e-06,5.61291350e-01
5.24232800e-06,5.61341215e-01
5.24242800e-06,5.61393232e-01
5.24252800e-06,5.61443074e-01
5.24262800e-06,5.61495068e-01
5.24272800e-06,5.61544887e-01
5.24282800e-06,5.61596857e-01
5.24292800e-06,5.61646653e-01
5.24302800e-06,5.61698599e-01
5.24312800e-06,5.61748372e-01
5.24322800e-06,5.61800295e-01
5.24332800e-06,5.61850044e-01
5.24342800e-06,5.61901942e-01
5.24352800e-06,5.61951668e-01
5.24362800e-06,5.62003543e-01
5.24372800e-06,5.62053244e-01
5.24382800e-06,5.62105095e-01
5.24392800e-06,5.62154773e-01
5.24402800e-06,5.62206599e-01
5.24412800e-06,5.62256253e-01
5.24422800e-06,5.62308055e-01
5.24432800e-06,5.62357684e-01
5.24442800e-06,5.62409461e-01
5.24452800e-06,5.62459067e-01
5.24462800e-06,5.62510820e-01
5.24472800e-06,5.62560401e-01
5.24482800e-06,5.62612128e-01
5.24492800e-06,5.62661685e-01
5.24502800e-06,5.62713388e-01
5.24512800e-06,5.62762920e-01
5.24522800e-06,5.62814598e-01
5.24532800e-06,5.62864105e-01
5.24542800e-06,5.62915757e-01
5.24552800e-06,5.62965240e-01
5.24562800e-06,5.63016867e-01
5.24572800e-06,5.63066324e-01
5.24582800e-06,5.63117926e-01
5.24592800e-06,5.63167358e-01
5.24602800e-06,5.63218935e-01
5.24612800e-06,5.63268342e-01
5.24622800e-06,5.63319893e-01
5.24632800e-06,5.63369274e-01
5.24642800e-06,5.63420799e-01
5.24652800e-06,5.63470155e-01
5.24662800e-06,5.63521654e-01
5.24672800e-06,5.63570985e-01
5.24682800e-06,5.63622458e-01
5.24692800e-06,5.63671763e-01
5.24702800e-06,5.63723210e-01
5.24712800e-06,5.63772489e-01
5.24722800e-06,5.63823909e-01
5.24732800e-06,5.63873162e-01
5.24742800e-06,5.63924557e-01
5.24752800e-06,5.63973784e-01
5.24762800e-06,5.64025152e-01
5.24772800e-06,5.64074352e-01
5.24782800e-06,5.64125694e-01
5.24792800e-06,5.64174868e-01
5.24802800e-06,5.64226183e-01
5.24812800e-06,5.64275331e-01
5.24822800e-06,5.64326619e-01
5.24832800e-06,5.64375741e-01
5.24842800e-06,5.64427002e-01
5.24852800e-06,5.64476097e-01
5.24862800e-06,5.64527330e-01
5.24872800e-06,5.64576399e-01
5.24882800e-06,5.64627606e-01
5.24892800e-06,5.64676647e-01
5.24902800e-06,5.64727827e-01
5.24912800e-06,5.64776841e-01
5.24922800e-06,5.64827993e-01
5.24932800e-06,5.64876981e-01
5.24942800e-06,5.64928106e-01
5.24952800e-06,5.64977066e-01
5.24962800e-06,5.65028163e-01
5.24972800e-06,5.65077097e-01
5.24982800e-06,5.65128166e-01
5.24992800e-06,5.65177072e-01
5.25002800e-06,5.65228114e-01
5.25012800e-06,5.65276992e-01
5.25022800e-06,5.65328006e-01
5.25032800e-06,5.65376857e-01
5.25042800e-06,5.65427843e-01
5.25052800e-06,5.65476666e-01
5.25062800e-06,5.65527624e-01
5.25072800e-06,5.65576420e-01
5.25082800e-06,5.65627350e-01
5.25092800e-06,5.65676117e-01
5.25102800e-06,5.65727019e-01
5.25112800e-06,5.65775759e-01
5.25122800e-06,5.65826632e-01
5.25132800e-06,5.65875344e-01
5.25142800e-06,5.65926189e-01
5.25152800e-06,5.65974872e-01
5.25162800e-06,5.66025689e-01
5.25172800e-06,5.66074344e-01
5.25182800e-06,5.66125132e-01
5.25192800e-06,5.66173759e-01
5.25202800e-06,5.66224518e-01
5.25212800e-06,5.66273116e-01
5.25222800e-06,5.66323847e-01
5.25232800e-06,5.66372417e-01
5.25242800e-06,5.66423118e-01
5.25252800e-06,5.66471660e-01
5.25262800e-06,5.66522332e-01
5.25272800e-06,5.66570845e-01
5.25282800e-06,5.66621489e-01
5.25292800e-06,5.66669973e-01
5.25302800e-06,5.66720587e-01
5.25312800e-06,5.66769043e-01
5.25322800e-06,5.66819628e-01
5.25332800e-06,5.66868054e-01
5.25342800e-06,5.66918610e-01
5.25352800e-06,5.66967008e-01
5.25362800e-06,5.67017534e-01
5.25372800e-06,5.67065902e-01
5.25382800e-06,5.67116399e-01
5.25392800e-06,5.67164738e-01
5.25402800e-06,5.67215205e-01
5.25412800e-06,5.67263516e-01
5.25422800e-06,5.67313953e-01
5.25432800e-06,5.67362234e-01
5.25442800e-06,5.67412641e-01
5.25452800e-06,5.67460893e-01
5.25462800e-06,5.67511271e-01
5.25472800e-06,5.67559493e-01
5.25482800e-06,5.67609841e-01
5.25492800e-06,5.67658033e-01
5.25502800e-06,5.67708351e-01
5.25512800e-06,5.67756514e-01
5.25522800e-06,5.67806802e-01
5.25532800e-06,5.67854935e-01
5.25542800e-06,5.67905193e-01
5.25552800e-06,5.67953296e-01
5.25562800e-06,5.68003524e-01
5.25572800e-06,5.68051597e-01
5.25582800e-06,5.68101794e-01
5.25592800e-06,5.68149838e-01
5.25602800e-06,5.68200005e-01
5.25612800e-06,5.68248018e-01
5.25622800e-06,5.68298155e-01
5.25632800e-06,5.68346138e-01
5.25642800e-06,5.68396244e-01
5.25652800e-06,5.68444197e-01
5.25662800e-06,5.68494273e-01
5.25672800e-06,5.68542196e-01
5.25682800e-06,5.68592240e-01
5.25692800e-06,5.68640133e-01
5.25702800e-06,5.68690147e-01
5.25712800e-06,5.68738009e-01
5.25722800e-06,5.68787992e-01
5.25732800e-06,5.68835824e-01
5.25742800e-06,5.68885776e-01
5.25752800e-06,5.68933578e-01
5.25762800e-06,5.68983499e-01
5.25772800e-06,5.69031270e-01
5.25782800e-06,5.69081160e-01
5.25792800e-06,5.69128900e-01
5.25802800e-06,5.69178759e-01
5.25812800e-06,5.69226468e-01
5.25822800e-06,5.69276296e-01
5.25832800e-06,5.69323974e-01
5.25842800e-06,5.69373771e-01
5.25852800e-06,5.69421419e-01
5.25862800e-06,5.69471184e-01
5.25872800e-06,5.69518801e-01
5.25882800e-06,5.69568534e-01
5.25892800e-06,5.69616120e-01
5.25902800e-06,5.69665822e-01
5.25912800e-06,5.69713377e-01
5.25922800e-06,5.69763048e-01
5.25932800e-06,5.69810571e-01
5.25942800e-06,5.69860210e-01
5.25952800e-06,5.69907702e-01
5.25962800e-06,5.69957310e-01
5.25972800e-06,5.70004770e-01
5.25982800e-06,5.70054346e-01
5.25992800e-06,5.70101776e-01
5.26002800e-06,5.70151319e-01
5.26012800e-06,5.70198717e-01
5.26022800e-06,5.70248229e-01
5.26032800e-06,5.70295596e-01
5.26042800e-06,5.70345076e-01
5.26052800e-06,5.70392411e-01
5.26062800e-06,5.70441858e-01
5.26072800e-06,5.70489162e-01
5.26082800e-06,5.70538577e-01
5.26092800e-06,5.70585849e-01
5.26102800e-06,5.70635232e-01
5.26112800e-06,5.70682472e-01
5.26122800e-06,5.70731823e-01
5.26132800e-06,5.70779031e-01
5.26142800e-06,5.70828350e-01
5.26152800e-06,5.70875526e-01
5.26162800e-06,5.70924812e-01
5.26172800e-06,5.70971957e-01
5.26182800e-06,5.71021210e-01
5.26192800e-06,5.71068322e-01
5.26202800e-06,5.71117544e-01
5.26212800e-06,5.71164624e-01
5.26222800e-06,5.71213812e-01
5.26232800e-06,5.71260860e-01
5.26242800e-06,5.71310016e-01
5.26252800e-06,5.71357031e-01
5.26262800e-06,5.71406155e-01
5.26272800e-06,5.71453137e-01
5.26282800e-06,5.71502228e-01
5.26292800e-06,5.71549178e-01
5.26302800e-06,5.71598236e-01
5.26312800e-06,5.71645154e-01
5.26322800e-06,5.71694179e-01
5.26332800e-06,5.71741064e-01
5.26342800e-06,5.71790056e-01
5.26352800e-06,5.71836909e-01
5.26362800e-06,5.71885867e-01
5.26372800e-06,5.71932687e-01
5.26382800e-06,5.71981613e-01
5.26392800e-06,5.72028400e-01
5.26402800e-06,5.72077292e-01
5.26412800e-06,5.72124047e-01
5.26422800e-06,5.72172905e-01
5.26432800e-06,5.72219627e-01
5.26442800e-06,5.72268452e-01
5.26452800e-06,5.72315141e-01
5.26462800e-06,5.72363933e-01
5.26472800e-06,5.72410589e-01
5.26482800e-06,5.72459347e-01
5.26492800e-06,5.72505970e-01
5.26502800e-06,5.72554694e-01
5.26512800e-06,5.72601284e-01
5.26522800e-06,5.72649975e-01
5.26532800e-06,5.72696531e-01
5.26542800e-06,5.72745189e-01
5.26552800e-06,5.72791712e-01
5.26562800e-06,5.72840335e-01
5.26572800e-06,5.72886825e-01
5.26582800e-06,5.72935414e-01
5.26592800e-06,5.72981871e-01
5.26602800e-06,5.73030426e-01
5.26612800e-06,5.73076849e-01
5.26622800e-06,5.73125371e-01
5.26632800e-06,5.73171760e-01
5.26642800e-06,5.73220248e-01
5.26652800e-06,5.73266603e-01
5.26662800e-06,5.73315057e-01
5.26672800e-06,5.73361378e-01
5.26682800e-06,5.73409798e-01
5.26692800e-06,5.73456086e-01
5.26702800e-06,5.73504471e-01
5.26712800e-06,5.73550725e-01
5.26722800e-06,5.73599076e-01
5.26732800e-06,5.73645296e-01
5.26742800e-06,5.73693613e-01
5.26752800e-06,5.73739799e-01
5.26762800e-06,5.73788081e-01
5.26772800e-06,5.73834234e-01
5.26782800e-06,5.73882481e-01
5.26792800e-06,5.73928599e-01
5.26802800e-06,5.73976812e-01
5.26812800e-06,5.74022896e-01
5.26822800e-06,5.74071075e-01
5.26832800e-06,5.74117125e-01
5.26842800e-06,5.74165268e-01
5.26852800e-06,5.74211284e-01
5.26862800e-06,5.74259393e-01
5.26872800e-06,5.74305374e-01
5.26882800e-06,5.74353448e-01
5.26892800e-06,5.74399395e-01
5.26902800e-06,5.74447434e-01
5.26912800e-06,5.74493347e-01
5.26922800e-06,5.74541351e-01
5.26932800e-06,5.74587229e-01
5.26942800e-06,5.74635198e-01
5.26952800e-06,5.74681042e-01
5.26962800e-06,5.74728976e-01
5.26972800e-06,5.74774785e-01
5.26982800e-06,5.74822684e-01
5.26992800e-06,5.74868458e-01
5.27002800e-06,5.74916322e-01
5.27012800e-06,5.74962062e-01
5.27022800e-06,5.75009890e-01
5.27032800e-06,5.75055595e-01
5.27042800e-06,5.75103388e-01
5.27052800e-06,5.75149058e-01
5.27062800e-06,5.75196816e-01
5.27072800e-06,5.75242452e-01
5.27082800e-06,5.75290174e-01
5.27092800e-06,5.75335775e-01
5.27102800e-06,5.75383461e-01
5.27112800e-06,5.75429027e-01
5.27122800e-06,5.75476678e-01
5.27132800e-06,5.75522209e-01
5.27142800e-06,5.75569825e-01
5.27152800e-06,5.75615320e-01
5.27162800e-06,5.75662900e-01
5.27172800e-06,5.75708361e-01
5.27182800e-06,5.75755905e-01
5.27192800e-06,5.75801331e-01
5.27202800e-06,5.75848840e-01
5.27212800e-06,5.75894230e-01
5.27222800e-06,5.75941703e-01
5.27232800e-06,5.75987058e-01
5.27242800e-06,5.76034495e-01
5.27252800e-06,5.76079815e-01
5.27262800e-06,5.76127217e-01
5.27272800e-06,5.76172501e-01
5.27282800e-06,5.76219867e-01
5.27292800e-06,5.76265116e-01
5.27302800e-06,5.76312446e-01
5.27312800e-06,5.76357660e-01
5.27322800e-06,5.76404953e-01
5.27332800e-06,5.76450132e-01
5.27342800e-06,5.76497390e-01
5.27352800e-06,5.76542533e-01
5.27362800e-06,5.76589754e-01
5.27372800e-06,5.76634862e-01
5.27382800e-06,5.76682048e-01
5.27392800e-06,5.76727120e-01
5.27402800e-06,5.76774270e-01
5.27412800e-06,5.76819306e-01
5.27422800e-06,5.76866420e-01
5.27432800e-06,5.76911421e-01
5.27442800e-06,5.76958498e-01
5.27452800e-06,5.77003464e-01
5.27462800e-06,5.77050505e-01
5.27472800e-06,5.77095435e-01
5.27482800e-06,5.77142440e-01
5.27492800e-06,5.77187335e-01
5.27502800e-06,5.77234303e-01
5.27512800e-06,5.77279162e-01
5.27522800e-06,5.77326095e-01
5.27532800e-06,5.77370918e-01
5.27542800e-06,5.77417815e-01
5.27552800e-06,5.77462602e-01
5.27562800e-06,5.77509462e-01
5.27572800e-06,5.77554214e-01
5.27582800e-06,5.77601038e-01
5.27592800e-06,5.77645754e-01
5.27602800e-06,5.77692542e-01
5.27612800e-06,5.77737223e-01
5.27622800e-06,5.77783974e-01
5.27632800e-06,5.77828619e-01
5.27642800e-06,5.77875334e-01
5.27652800e-06,5.77919943e-01
5.27662800e-06,5.77966622e-01
5.27672800e-06,5.78011196e-01
5.27682800e-06,5.78057838e-01
5.27692800e-06,5.78102376e-01
5.27702800e-06,5.78148982e-01
5.27712800e-06,5.78193485e-01
5.27722800e-06,5.78240055e-01
5.27732800e-06,5.78284521e-01
5.27742800e-06,5.78331055e-01
5.27752800e-06,5.78375486e-01
5.27762800e-06,5.78421984e-01
5.27772800e-06,5.78466379e-01
5.27782800e-06,5.78512840e-01
5.27792800e-06,5.78557200e-01
5.27802800e-06,5.78603625e-01
5.27812800e-06,5.78647950e-01
5.27822800e-06,5.78694338e-01
5.27832800e-06,5.78738627e-01
5.27842800e-06,5.78784980e-01
5.27852800e-06,5.78829233e-01
5.27862800e-06,5.78875550e-01
5.27872800e-06,5.78919768e-01
5.27882800e-06,5.78966048e-01
5.27892800e-06,5.79010231e-01
5.27902800e-06,5.79056475e-01
5.27912800e-06,5.79100622e-01
5.27922800e-06,5.79146830e-01
5.27932800e-06,5.79190942e-01
5.27942800e-06,5.79237114e-01
5.27952800e-06,5.79281191e-01
5.27962800e-06,5.79327327e-01
5.27972800e-06,5.79371368e-01
5.27982800e-06,5.79417469e-01
5.27992800e-06,5.79461475e-01
5.28002800e-06,5.79507539e-01
5.28012800e-06,5.79551510e-01
5.28022800e-06,5.79597539e-01
5.28032800e-06,5.79641475e-01
5.28042800e-06,5.79687468e-01
5.28052800e-06,5.79731369e-01
5.28062800e-06,5.79777326e-01
5.28072800e-06,5.79821193e-01
5.28082800e-06,5.79867114e-01
5.28092800e-06,5.79910946e-01
5.28102800e-06,5.79956832e-01
5.28112800e-06,5.80000628e-01
5.28122800e-06,5.80046479e-01
5.28132800e-06,5.80090241e-01
5.28142800e-06,5.80136056e-01
5.28152800e-06,5.80179784e-01
5.28162800e-06,5.80225564e-01
5.28172800e-06,5.80269257e-01
5.28182800e-06,5.80315002e-01
5.28192800e-06,5.80358661e-01
5.28202800e-06,5.80404371e-01
5.28212800e-06,5.80447995e-01
5.28222800e-06,5.80493670e-01
5.28232800e-06,5.80537260e-01
5.28242800e-06,5.80582900e-01
5.28252800e-06,5.80626456e-01
5.28262800e-06,5.80672062e-01
5.28272800e-06,5.80715584e-01
5.28282800e-06,5.80761155e-01
5.28292800e-06,5.80804644e-01
5.28302800e-06,5.80850180e-01
5.28312800e-06,5.80893635e-01
5.28322800e-06,5.80939137e-01
5.28332800e-06,5.80982559e-01
5.28342800e-06,5.81028027e-01
5.28352800e-06,5.81071415e-01
5.28362800e-06,5.81116849e-01
5.28372800e-06,5.81160204e-01
5.28382800e-06,5.81205604e-01
5.28392800e-06,5.81248926e-01
5.28402800e-06,5.81294292e-01
5.28412800e-06,5.81337582e-01
5.28422800e-06,5.81382915e-01
5.28432800e-06,5.81426171e-01
5.28442800e-06,5.81471471e-01
5.28452800e-06,5.81514695e-01
5.28462800e-06,5.81559961e-01
5.28472800e-06,5.81603153e-01
5.28482800e-06,5.81648386e-01
5.28492800e-06,5.81691547e-01
5.28502800e-06,5.81736747e-01
5.28512800e-06,5.81779875e-01
5.28522800e-06,5.81825043e-01
5.28532800e-06,5.81868140e-01
5.28542800e-06,5.81913275e-01
5.28552800e-06,5.81956341e-01
5.28562800e-06,5.82001444e-01
5.28572800e-06,5.82044478e-01
5.28582800e-06,5.82089550e-01
5.28592800e-06,5.82132553e-01
5.28602800e-06,5.82177593e-01
5.28612800e-06,5.82220565e-01
5.28622800e-06,5.82265574e-01
5.28632800e-06,5.82308516e-01
5.28642800e-06,5.82353493e-01
5.28652800e-06,5.82396405e-01
5.28662800e-06,5.82441352e-01
5.28672800e-06,5.82484234e-01
5.28682800e-06,5.82529150e-01
5.28692800e-06,5.82572003e-01
5.28702800e-06,5.82616889e-01
5.28712800e-06,5.82659712e-01
5.28722800e-06,5.82704568e-01
5.28732800e-06,5.82747363e-01
5.28742800e-06,5.82792189e-01
5.28752800e-06,5.82834955e-01
5.28762800e-06,5.82879751e-01
5.28772800e-06,5.82922489e-01
5.28782800e-06,5.82967257e-01
5.28792800e-06,5.83009967e-01
5.28802800e-06,5.83054706e-01
5.28812800e-06,5.83097388e-01
5.28822800e-06,5.83142099e-01
5.28832800e-06,5.83184754e-01
5.28842800e-06,5.83229437e-01
5.28852800e-06,5.83272065e-01
5.28862800e-06,5.83316721e-01
5.28872800e-06,5.83359323e-01
5.28882800e-06,5.83403951e-01
5.28892800e-06,5.83446527e-01
5.28902800e-06,5.83491128e-01
5.28912800e-06,5.83533679e-01
5.28922800e-06,5.83578254e-01
5.28932800e-06,5.83620779e-01
5.28942800e-06,5.83665328e-01
5.28952800e-06,5.83707829e-01
5.28962800e-06,5.83752353e-01
5.28972800e-06,5.83794830e-01
5.28982800e-06,5.83839328e-01
5.28992800e-06,5.83881781e-01
5.29002800e-06,5.83926256e-01
5.29012800e-06,5.83968685e-01
5.29022800e-06,5.84013136e-01
5.29032800e-06,5.84055543e-01
5.29042800e-06,5.84099970e-01
5.29052800e-06,5.84142355e-01
5.29062800e-06,5.84186759e-01
5.29072800e-06,5.84229122e-01
5.29082800e-06,5.84273503e-01
5.29092800e-06,5.84315846e-01
5.29102800e-06,5.84360205e-01
5.29112800e-06,5.84402527e-01
5.29122800e-06,5.84446866e-01
5.29132800e-06,5.84489168e-01
5.29142800e-06,5.84533485e-01
5.29152800e-06,5.84575768e-01
5.29162800e-06,5.84620066e-01
5.29172800e-06,5.84662330e-01
5.29182800e-06,5.84706608e-01
5.29192800e-06,5.84748854e-01
5.29202800e-06,5.84793114e-01
5.29212800e-06,5.84835343e-01
5.29222800e-06,5.84879584e-01
5.29232800e-06,5.84921797e-01
5.29242800e-06,5.84966021e-01
5.29252800e-06,5.85008217e-01
5.29262800e-06,5.85052425e-01
5.29272800e-06,5.85094606e-01
5.29282800e-06,5.85138798e-01
5.29292800e-06,5.85180965e-01
5.29302800e-06,5.85225141e-01
5.29312800e-06,5.85267294e-01
5.29322800e-06,5.85311457e-01
5.29332800e-06,5.85353597e-01
5.29342800e-06,5.85397746e-01
5.29352800e-06,5.85439874e-01
5.29362800e-06,5.85484010e-01
5.29372800e-06,5.85526128e-01
5.29382800e-06,5.85570252e-01
5.29392800e-06,5.85612359e-01
5.29402800e-06,5.85656472e-01
5.29412800e-06,5.85698570e-01
5.29422800e-06,5.85742673e-01
5.29432800e-06,5.85784762e-01
5.29442800e-06,5.85828856e-01
5.29452800e-06,5.85870938e-01
5.29462800e-06,5.85915024e-01
5.29472800e-06,5.85957100e-01
5.29482800e-06,5.86001178e-01
5.29492800e-06,5.86043249e-01
5.29502800e-06,5.86087321e-01
5.29512800e-06,5.86129387e-01
5.29522800e-06,5.86173455e-01
5.29532800e-06,5.86215517e-01
5.29542800e-06,5.86259581e-01
5.29552800e-06,5.86301641e-01
5.29562800e-06,5.86345702e-01
5.29572800e-06,5.86387761e-01
5.29582800e-06,5.86431820e-01
5.29592800e-06,5.86473880e-01
5.29602800e-06,5.86517938e-01
5.29612800e-06,5.86559999e-01
5.29622800e-06,5.86604058e-01
5.29632800e-06,5.86646122e-01
5.29642800e-06,5.86690182e-01
5.29652800e-06,5.86732250e-01
5.29662800e-06,5.86776314e-01
5.29672800e-06,5.86818387e-01
5.29682800e-06,5.86862455e-01
5.29692800e-06,5.86904535e-01
5.29702800e-06,5.86948609e-01
5.29712800e-06,5.86990696e-01
5.29722800e-06,5.87034778e-01
5.29732800e-06,5.87076875e-01
5.29742800e-06,5.87120965e-01
5.29752800e-06,5.87163073e-01
5.29762800e-06,5.87207174e-01
5.29772800e-06,5.87249294e-01
5.29782800e-06,5.87293406e-01
5.29792800e-06,5.87335541e-01
5.29802800e-06,5.87379666e-01
5.29812800e-06,5.87421816e-01
5.29822800e-06,5.87465957e-01
5.29832800e-06,5.87508124e-01
5.29842800e-06,5.87552281e-01
5.29852800e-06,5.87594468e-01
5.29862800e-06,5.87638643e-01
5.29872800e-06,5.87680850e-01
5.29882800e-06,5.87725046e-01
5.29892800e-06,5.87767275e-01
5.29902800e-06,5.87811493e-01
5.29912800e-06,5.87853747e-01
5.29922800e-06,5.87897988e-01
5.29932800e-06,5.87940269e-01
5.29942800e-06,5.87984536e-01
5.29952800e-06,5.88026845e-01
5.29962800e-06,5.88071139e-01
5.29972800e-06,5.88113479e-01
5.29982800e-06,5.88157803e-01
5.29992800e-06,5.88200175e-01
5.30002800e-06,5.88244531e-01
5.30012800e-06,5.88286937e-01
5.30022800e-06,5.88331327e-01
5.30032800e-06,5.88373770e-01
5.30042800e-06,5.88418197e-01
5.30052800e-06,5.88460679e-01
5.30062800e-06,5.88505144e-01
5.30072800e-06,5.88547660e-01
5.30082800e-06,5.88592106e-01
5.30092800e-06,5.88634670e-01
5.30102800e-06,5.88679172e-01
5.30112800e-06,5.88721790e-01
5.30122800e-06,5.88766345e-01
5.30132800e-06,5.88809017e-01
5.30142800e-06,5.88853625e-01
5.30152800e-06,5.88896351e-01
5.30162800e-06,5.88941013e-01
5.30172800e-06,5.88983796e-01
5.30182800e-06,5.89028513e-01
5.30192800e-06,5.89071354e-01
5.30202800e-06,5.89116129e-01
5.30212800e-06,5.89159030e-01
5.30222800e-06,5.89203864e-01
5.30232800e-06,5.89246829e-01
5.30242800e-06,5.89291726e-01
5.30252800e-06,5.89334756e-01
5.30262800e-06,5.89379719e-01
5.30272800e-06,5.89422818e-01
5.30282800e-06,5.89467849e-01
5.30292800e-06,5.89511020e-01
5.30302800e-06,5.89556123e-01
5.30312800e-06,5.89599370e-01
5.30322800e-06,5.89644548e-01
5.30332800e-06,5.89687872e-01
5.30342800e-06,5.89733129e-01
5.30352800e-06,5.89776536e-01
5.30362800e-06,5.89821874e-01
5.30372800e-06,5.89865367e-01
5.30382800e-06,5.89910791e-01
5.30392800e-06,5.89954373e-01
5.30402800e-06,5.89999886e-01
5.30412800e-06,5.90043561e-01
5.30422800e-06,5.90089167e-01
5.30432800e-06,5.90132940e-01
5.30442800e-06,5.90178643e-01
5.30452800e-06,5.90222517e-01
5.30462800e-06,5.90268321e-01
5.30472800e-06,5.90312300e-01
5.30482800e-06,5.90358210e-01
5.30492800e-06,5.90402299e-01
5.30502800e-06,5.90448319e-01
5.30512800e-06,5.90492521e-01
5.30522800e-06,5.90538655e-01
5.30532800e-06,5.90582976e-01
5.30542800e-06,5.90629229e-01
5.30552800e-06,5.90673674e-01
5.30562800e-06,5.90720050e-01
5.30572800e-06,5.90764623e-01
5.30582800e-06,5.90811128e-01
5.30592800e-06,5.90855834e-01
5.30602800e-06,5.90902473e-01
5.30612800e-06,5.90947317e-01
5.30622800e-06,5.90994095e-01
5.30632800e-06,5.91039083e-01
5.30642800e-06,5.91086005e-01
5.30652800e-06,5.91131142e-01
5.30662800e-06,5.91178213e-01
5.30672800e-06,5.91223506e-01
5.30682800e-06,5.91270732e-01
5.30692800e-06,5.91316185e-01
5.30702800e-06,5.91363574e-01
5.30712800e-06,5.91409193e-01
5.30722800e-06,5.91456749e-01
5.30732800e-06,5.91502541e-01
5.30742800e-06,5.91550271e-01
5.30752800e-06,5.91596242e-01
5.30762800e-06,5.91644152e-01
5.30772800e-06,5.91690310e-01
5.30782800e-06,5.91738406e-01
5.30792800e-06,5.91784757e-01
5.30802800e-06,5.91833047e-01
5.30812800e-06,5.91879598e-01
5.30822800e-06,5.91928089e-01
5.30832800e-06,5.91974847e-01
5.30842800e-06,5.92023546e-01
5.30852800e-06,5.92070519e-01
5.30862800e-06,5.92119434e-01
5.30872800e-06,5.92166629e-01
5.30882800e-06,5.92215768e-01
5.30892800e-06,5.92263193e-01
5.30902800e-06,5.92312565e-01
5.30912800e-06,5.92360229e-01
5.30922800e-06,5.92409840e-01
5.30932800e-06,5.92457751e-01
5.30942800e-06,5.92507612e-01
5.30952800e-06,5.92555779e-01
5.30962800e-06,5.92605898e-01
5.30972800e-06,5.92654331e-01
5.30982800e-06,5.92704717e-01
5.30992800e-06,5.92753424e-01
5.31002800e-06,5.92804088e-01
5.31012800e-06,5.92853079e-01
5.31022800e-06,5.92904030e-01
5.31032800e-06,5.92953316e-01
5.31042800e-06,5.93004563e-01
5.31052800e-06,5.93054155e-01
5.31062800e-06,5.93105710e-01
5.31072800e-06,5.93155618e-01
5.31082800e-06,5.93207492e-01
5.31092800e-06,5.93257727e-01
5.31102800e-06,5.93309931e-01
5.31112800e-06,5.93360505e-01
5.31122800e-06,5.93413051e-01
5.31132800e-06,5.93463976e-01
5.31142800e-06,5.93516876e-01
5.31152800e-06,5.93568165e-01
5.31162800e-06,5.93621432e-01
5.31172800e-06,5.93673097e-01
5.31182800e-06,5.93726744e-01
5.31192800e-06,5.93778799e-01
5.31202800e-06,5.93832840e-01
5.31212800e-06,5.93885298e-01
5.31222800e-06,5.93939747e-01
5.31232800e-06,5.93992624e-01
5.31242800e-06,5.94047496e-01
5.31252800e-06,5.94100805e-01
5.31262800e-06,5.94156115e-01
5.31272800e-06,5.94209873e-01
5.31282800e-06,5.94265636e-01
5.31292800e-06,5.94319859e-01
5.31302800e-06,5.94376092e-01
5.31312800e-06,5.94430797e-01
5.31322800e-06,5.94487517e-01
5.31332800e-06,5.94542721e-01
5.31342800e-06,5.94599945e-01
5.31352800e-06,5.94655666e-01
5.31362800e-06,5.94713413e-01
5.31372800e-06,5.94769670e-01
5.31382800e-06,5.94827960e-01
5.31392800e-06,5.94884772e-01
5.31402800e-06,5.94943623e-01
5.31412800e-06,5.95001011e-01
5.31422800e-06,5.95060446e-01
5.31432800e-06,5.95118430e-01
5.31442800e-06,5.95178469e-01
5.31452800e-06,5.95237072e-01
5.31462800e-06,5.95297738e-01
5.31472800e-06,5.95356983e-01
5.31482800e-06,5.95418298e-01
5.31492800e-06,5.95478209e-01
5.31502800e-06,5.95540199e-01
5.31512800e-06,5.95600800e-01
5.31522800e-06,5.95663490e-01
5.31532800e-06,5.95724807e-01
5.31542800e-06,5.95788223e-01
5.31552800e-06,5.95850284e-01
5.31562800e-06,5.95914454e-01
5.31572800e-06,5.95977286e-01
5.31582800e-06,5.96042238e-01
5.31592800e-06,5.96105872e-01
5.31602800e-06,5.96171637e-01
5.31612800e-06,5.96236102e-01
5.31622800e-06,5.96302710e-01
5.31632800e-06,5.96368039e-01
5.31642800e-06,5.96435525e-01
5.31652800e-06,5.96501751e-01
5.31662800e-06,5.96570147e-01
5.31672800e-06,5.96637306e-01
5.31682800e-06,5.96706649e-01
5.31692800e-06,5.96774777e-01
5.31702800e-06,5.96845104e-01
5.31712800e-06,5.96914239e-01
5.31722800e-06,5.96985589e-01
5.31732800e-06,5.97055773e-01
5.31742800e-06,5.97128187e-01
5.31752800e-06,5.97199460e-01
5.31762800e-06,5.97272982e-01
5.31772800e-06,5.97345389e-01
5.31782800e-06,5.97420063e-01
5.31792800e-06,5.97493650e-01
5.31802800e-06,5.97569525e-01
5.31812800e-06,5.97644339e-01
5.31822800e-06,5.97721463e-01
5.31832800e-06,5.97797557e-01
5.31842800e-06,5.97875983e-01
5.31852800e-06,5.97953410e-01
5.31862800e-06,5.98033191e-01
5.31872800e-06,5.98112007e-01
5.31882800e-06,5.98193202e-01
5.31892800e-06,5.98273465e-01
5.31902800e-06,5.98356135e-01
5.31912800e-06,5.98437908e-01
5.31922800e-06,5.98522114e-01
5.31932800e-06,5.98605462e-01
5.31942800e-06,5.98691274e-01
5.31952800e-06,5.98776265e-01
5.31962800e-06,5.98863752e-01
5.31972800e-06,5.98950459e-01
5.31982800e-06,5.99039694e-01
5.31992800e-06,5.99128194e-01
5.32002800e-06,5.99219257e-01
5.32012800e-06,5.99309629e-01
5.32022800e-06,5.99402603e-01
5.32032800e-06,5.99494933e-01
5.32042800e-06,5.99589903e-01
5.32052800e-06,5.99684280e-01
5.32062800e-06,5.99781340e-01
5.32072800e-06,5.99877859e-01
5.32082800e-06,5.99977105e-01
5.32092800e-06,6.00075867e-01
5.32102800e-06,6.00177403e-01
5.32112800e-06,6.00278513e-01
5.32122800e-06,6.00382448e-01
5.32132800e-06,6.00486019e-01
5.32142800e-06,6.00592469e-01
5.32152800e-06,6.00698619e-01
5.32162800e-06,6.00807705e-01
5.32172800e-06,6.00916561e-01
5.32182800e-06,6.01028415e-01
5.32192800e-06,6.01140111e-01
5.32202800e-06,6.01254870e-01
5.32212800e-06,6.01369548e-01
5.32222800e-06,6.01487359e-01
5.32232800e-06,6.01605171e-01
5.32242800e-06,6.01726190e-01
5.32252800e-06,6.01847297e-01
5.32262800e-06,6.01971690e-01
5.32272800e-06,6.02096264e-01
5.32282800e-06,6.02224209e-01
5.32292800e-06,6.02352432e-01
5.32302800e-06,6.02484117e-01
5.32312800e-06,6.02616185e-01
5.32322800e-06,6.02751813e-01
5.32332800e-06,6.02887935e-01
5.32342800e-06,6.03027721e-01
5.32352800e-06,6.03168121e-01
5.32362800e-06,6.03312296e-01
5.32372800e-06,6.03457212e-01
5.32382800e-06,6.03606025e-01
5.32392800e-06,6.03755713e-01
5.32402800e-06,6.03909428e-01
5.32412800e-06,6.04064165e-01
5.32422800e-06,6.04223069e-01
5.32432800e-06,6.04383150e-01
5.32442800e-06,6.04547549e-01
5.32452800e-06,6.04713293e-01
5.32462800e-06,6.04883518e-01
5.32472800e-06,6.05055269e-01
5.32482800e-06,6.05231678e-01
5.32492800e-06,6.05409807e-01
5.32502800e-06,6.05592785e-01
5.32512800e-06,6.05777693e-01
5.32522800e-06,6.05967659e-01
5.32532800e-06,6.06159782e-01
5.32542800e-06,6.06357189e-01
5.32552800e-06,6.06557000e-01
5.32562800e-06,6.06762340e-01
5.32572800e-06,6.06970352e-01
5.32582800e-06,6.07184162e-01
5.32592800e-06,6.07400937e-01
5.32602800e-06,6.07623803e-01
5.32612800e-06,6.07849953e-01
5.32622800e-06,6.08082516e-01
5.32632800e-06,6.08318711e-01
5.32642800e-06,6.08561674e-01
5.32652800e-06,6.08808652e-01
5.32662800e-06,6.09062786e-01
5.32672800e-06,6.09321358e-01
5.32682800e-06,6.09587517e-01
5.32692800e-06,6.09858578e-01
5.32702800e-06,6.10137703e-01
5.32712800e-06,6.10422245e-01
5.32722800e-06,6.10715383e-01
5.32732800e-06,6.11014508e-01
5.32742800e-06,6.11322821e-01
5.32752800e-06,6.11637758e-01
5.32762800e-06,6.11962544e-01
5.32772800e-06,6.12294668e-01
5.32782800e-06,6.12637383e-01
5.32792800e-06,6.12988236e-01
5.32802800e-06,6.13350519e-01
5.32812800e-06,6.13721841e-01
5.32822800e-06,6.14105541e-01
5.32832800e-06,6.14499301e-01
5.32842800e-06,6.14906514e-01
5.32852800e-06,6.15324950e-01
5.32862800e-06,6.15758066e-01
5.32872800e-06,6.16203729e-01
5.32882800e-06,6.16665479e-01
5.32892800e-06,6.17141295e-01
5.32902800e-06,6.17634815e-01
5.32912800e-06,6.18144154e-01
5.32922800e-06,6.18673067e-01
5.32932800e-06,6.19219815e-01
5.32942800e-06,6.19788296e-01
5.32952800e-06,6.20376954e-01
5.32962800e-06,6.20989859e-01
5.32972800e-06,6.21625664e-01
5.32982800e-06,6.22288645e-01
5.32992800e-06,6.22977700e-01
5.33002800e-06,6.23697344e-01
5.33012800e-06,6.24446760e-01
5.33022800e-06,6.25230745e-01
5.33032800e-06,6.26048808e-01
5.33042800e-06,6.26906071e-01
5.33052800e-06,6.27802411e-01
5.33062800e-06,6.28743317e-01
5.33072800e-06,6.29729080e-01
5.33082800e-06,6.30765593e-01
5.33092800e-06,6.31853602e-01
5.33102800e-06,6.32999449e-01
5.33112800e-06,6.34204377e-01
5.33122800e-06,6.35475225e-01
5.33132800e-06,6.36813797e-01
5.33142800e-06,6.38227513e-01
5.33152800e-06,6.39718851e-01
5.33162800e-06,6.41295961e-01
5.33172800e-06,6.42962203e-01
5.33182800e-06,6.44726738e-01
5.33192800e-06,6.46594175e-01
5.33202800e-06,6.48575148e-01
5.33212800e-06,6.50676109e-01
5.33222800e-06,6.52909902e-01
5.33232800e-06,6.55285728e-01
5.33242800e-06,6.57819751e-01
5.33252800e-06,6.60525300e-01
5.33262800e-06,6.63423557e-01
5.33272800e-06,6.66534110e-01
5.33282800e-06,6.69885867e-01
5.33292800e-06,6.73508179e-01
5.33302800e-06,6.77442271e-01
5.33312800e-06,6.81733422e-01
5.33322800e-06,6.86443595e-01
5.33332800e-06,6.91645780e-01
5.33342800e-06,6.97439558e-01
5.33352800e-06,7.03950523e-01
5.33362800e-06,7.11353777e-01
5.33372800e-06,7.19887536e-01
5.33382800e-06,7.29901906e-01
5.33392800e-06,7.41922411e-01
5.33402800e-06,7.56803798e-01
5.33412800e-06,7.76056221e-01
5.33422800e-06,8.02689293e-01
5.33432800e-06,8.43944145e-01
5.33442800e-06,9.23862691e-01
5.33452800e-06,1.15259697e+00
5.33462800e-06,1.65754557e+00
5.33472800e-06,1.80863594e+00
5.33482800e-06,1.78643487e+00
5.33492800e-06,1.80084313e+00
5.33502800e-06,1.79433739e+00
5.33512800e-06,1.80068147e+00
5.33522800e-06,1.79746619e+00
5.33532800e-06,1.80082869e+00
5.33542800e-06,1.79874198e+00
5.33552800e-06,1.80067810e+00
5.33562800e-06,1.79929680e+00
5.33572800e-06,1.80047494e+00
5.33582800e-06,1.79957088e+00
5.33592800e-06,1.80031057e+00
5.33602800e-06,1.79973638e+00
5.33612800e-06,1.80019661e+00
5.33622800e-06,1.79983777e+00
5.33632800e-06,1.80012149e+00
5.33642800e-06,1.79990130e+00
5.33652800e-06,1.80007307e+00
5.33662800e-06,1.79994336e+00
5.33672800e-06,1.80004272e+00
5.33682800e-06,1.79996772e+00
5.33692800e-06,1.80002309e+00
5.33702800e-06,1.79998175e+00
5.33712800e-06,1.80001108e+00
5.33722800e-06,1.79999163e+00
5.33732800e-06,1.80000372e+00
5.33742800e-06,1.79999764e+00
5.33752800e-06,1.79999932e+00
5.33762800e-06,1.80000112e+00
5.33772800e-06,1.79999669e+00
5.33782800e-06,1.80000374e+00
5.33792800e-06,1.79999546e+00
5.33802800e-06,1.80000457e+00
5.33812800e-06,1.79999490e+00
5.33822800e-06,1.80000489e+00
5.33832800e-06,1.79999474e+00
5.33842800e-06,1.80000491e+00
5.33852800e-06,1.79999483e+00
5.33862800e-06,1.80000476e+00
5.33872800e-06,1.79999503e+00
5.33882800e-06,1.80000452e+00
5.33892800e-06,1.79999530e+00
5.33902800e-06,1.80000426e+00
5.33912800e-06,1.79999559e+00
5.33922800e-06,1.80000399e+00
5.33932800e-06,1.79999586e+00
5.33942800e-06,1.80000373e+00
5.33952800e-06,1.79999612e+00
5.33962800e-06,1.80000350e+00
5.33972800e-06,1.79999634e+00
5.33982800e-06,1.80000330e+00
5.33992800e-06,1.79999654e+00
5.34002800e-06,1.80000312e+00
5.34012800e-06,1.79999671e+00
5.34022800e-06,1.80000298e+00
5.34032800e-06,1.79999684e+00
5.34042800e-06,1.80000286e+00
5.34052800e-06,1.79999695e+00
5.34062800e-06,1.80000277e+00
5.34072800e-06,1.79999703e+00
5.34082800e-06,1.80000271e+00
5.34092800e-06,1.79999709e+00
5.34102800e-06,1.80000266e+00
5.34112800e-06,1.79999713e+00
5.34122800e-06,1.80000264e+00
5.34132800e-06,1.79999715e+00
5.34142800e-06,1.80000263e+00
5.34152800e-06,1.79999715e+00
5.34162800e-06,1.80000263e+00
5.34172800e-06,1.79999714e+00
5.34182800e-06,1.80000265e+00
5.34192800e-06,1.79999711e+00
5.34202800e-06,1.80000268e+00
5.34212800e-06,1.79999708e+00
5.34222800e-06,1.80000272e+00
5.34232800e-06,1.79999703e+00
5.34242800e-06,1.80000277e+00
5.34252800e-06,1.79999698e+00
5.34262800e-06,1.80000283e+00
5.34272800e-06,1.79999692e+00
5.34282800e-06,1.80000289e+00
5.34292800e-06,1.79999685e+00
5.34302800e-06,1.80000296e+00
5.34312800e-06,1.79999678e+00
5.34322800e-06,1.80000303e+00
5.34332800e-06,1.79999670e+00
5.34342800e-06,1.80000311e+00
5.34352800e-06,1.79999662e+00
5.34362800e-06,1.80000319e+00
5.34372800e-06,1.79999653e+00
5.34382800e-06,1.80000328e+00
5.34392800e-06,1.79999644e+00
5.34402800e-06,1.80000336e+00
5.34412800e-06,1.79999635e+00
5.34422800e-06,1.80000345e+00
5.34432800e-06,1.79999626e+00
5.34442800e-06,1.80000354e+00
5.34452800e-06,1.79999617e+00
5.34462800e-06,1.80000364e+00
5.34472800e-06,1.79999607e+00
5.34482800e-06,1.80000373e+00
5.34492800e-06,1.79999597e+00
5.34502800e-06,1.80000382e+00
5.34512800e-06,1.79999588e+00
5.34522800e-06,1.80000392e+00
5.34532800e-06,1.79999578e+00
5.34542800e-06,1.80000401e+00
5.34552800e-06,1.79999568e+00
5.34562800e-06,1.80000411e+00
5.34572800e-06,1.79999558e+00
5.34582800e-06,1.80000420e+00
5.34592800e-06,1.79999549e+00
5.34602800e-06,1.80000430e+00
5.34612800e-06,1.79999539e+00
5.34622800e-06,1.80000439e+00
5.34632800e-06,1.79999529e+00
5.34642800e-06,1.80000448e+00
5.34652800e-06,1.79999519e+00
5.34662800e-06,1.80000458e+00
5.34672800e-06,1.79999510e+00
5.34682800e-06,1.80000467e+00
5.34692800e-06,1.79999500e+00
5.34702800e-06,1.80000476e+00
5.34712800e-06,1.79999491e+00
5.34722800e-06,1.80000485e+00
5.34732800e-06,1.79999481e+00
5.34742800e-06,1.80000495e+00
5.34752800e-06,1.79999472e+00
5.34762800e-06,1.80000504e+00
5.34772800e-06,1.79999463e+00
5.34782800e-06,1.80000512e+00
5.34792800e-06,1.79999454e+00
5.34802800e-06,1.80000521e+00
5.34812800e-06,1.79999444e+00
5.34822800e-06,1.80000530e+00
5.34832800e-06,1.79999435e+00
5.34842800e-06,1.80000539e+00
5.34852800e-06,1.79999427e+00
5.34862800e-06,1.80000547e+00
5.34872800e-06,1.79999418e+00
5.34882800e-06,1.80000556e+00
5.34892800e-06,1.79999409e+00
5.34902800e-06,1.80000564e+00
5.34912800e-06,1.79999401e+00
5.34922800e-06,1.80000572e+00
5.34932800e-06,1.79999392e+00
5.34942800e-06,1.80000581e+00
5.34952800e-06,1.79999384e+00
5.34962800e-06,1.80000589e+00
5.34972800e-06,1.79999375e+00
5.34982800e-06,1.80000597e+00
5.34992800e-06,1.79999367e+00
5.35002800e-06,1.80000605e+00
5.35012800e-06,1.79999359e+00
5.35022800e-06,1.80000612e+00
5.35032800e-06,1.79999351e+00
5.35042800e-06,1.80000620e+00
5.35052800e-06,1.79999343e+00
5.35062800e-06,1.80000628e+00
5.35072800e-06,1.79999335e+00
5.35082800e-06,1.80000635e+00
5.35092800e-06,1.79999328e+00
5.35102800e-06,1.80000642e+00
5.35112800e-06,1.79999320e+00
5.35122800e-06,1.80000650e+00
5.35132800e-06,1.79999313e+00
5.35142800e-06,1.80000657e+00
5.35152800e-06,1.79999305e+00
5.35162800e-06,1.80000664e+00
5.35172800e-06,1.79999298e+00
5.35182800e-06,1.80000671e+00
5.35192800e-06,1.79999291e+00
5.35202800e-06,1.80000678e+00
5.35212800e-06,1.79999284e+00
5.35222800e-06,1.80000685e+00
5.35232800e-06,1.79999277e+00
5.35242800e-06,1.80000691e+00
5.35252800e-06,1.79999270e+00
5.35262800e-06,1.80000698e+00
5.35272800e-06,1.79999263e+00
5.35282800e-06,1.80000705e+00
5.35292800e-06,1.79999257e+00
5.35302800e-06,1.80000711e+00
5.35312800e-06,1.79999250e+00
5.35322800e-06,1.80000717e+00
5.35332800e-06,1.79999243e+00
5.35342800e-06,1.80000724e+00
5.35352800e-06,1.79999237e+00
5.35362800e-06,1.80000730e+00
5.35372800e-06,1.79999231e+00
5.35382800e-06,1.80000736e+00
5.35392800e-06,1.79999225e+00
5.35402800e-06,1.80000742e+00
5.35412800e-06,1.79999218e+00
5.35422800e-06,1.80000748e+00
5.35432800e-06,1.79999212e+00
5.35442800e-06,1.80000754e+00
5.35452800e-06,1.79999206e+00
5.35462800e-06,1.80000759e+00
5.35472800e-06,1.79999201e+00
5.35482800e-06,1.80000765e+00
5.35492800e-06,1.79999195e+00
5.35502800e-06,1.80000770e+00
5.35512800e-06,1.79999189e+00
5.35522800e-06,1.80000776e+00
5.35532800e-06,1.79999184e+00
5.35542800e-06,1.80000781e+00
5.35552800e-06,1.79999178e+00
5.35562800e-06,1.80000787e+00
5.35572800e-06,1.79999173e+00
5.35582800e-06,1.80000792e+00
5.35592800e-06,1.79999167e+00
5.35602800e-06,1.80000797e+00
5.35612800e-06,1.79999162e+00
5.35622800e-06,1.80000802e+00
5.35632800e-06,1.79999157e+00
5.35642800e-06,1.80000807e+00
5.35652800e-06,1.79999152e+00
5.35662800e-06,1.80000812e+00
5.35672800e-06,1.79999147e+00
5.35682800e-06,1.80000817e+00
5.35692800e-06,1.79999142e+00
5.35702800e-06,1.80000821e+00
5.35712800e-06,1.79999137e+00
5.35722800e-06,1.80000826e+00
5.35732800e-06,1.79999132e+00
5.35742800e-06,1.80000831e+00
5.35752800e-06,1.79999128e+00
5.35762800e-06,1.80000835e+00
5.35772800e-06,1.79999123e+00
5.35782800e-06,1.80000840e+00
5.35792800e-06,1.79999118e+00
5.35802800e-06,1.80000844e+00
5.35812800e-06,1.79999114e+00
5.35822800e-06,1.80000848e+00
5.35832800e-06,1.79999110e+00
5.35842800e-06,1.80000852e+00
5.35852800e-06,1.79999105e+00
5.35862800e-06,1.80000857e+00
5.35872800e-06,1.79999101e+00
5.35882800e-06,1.80000861e+00
5.35892800e-06,1.79999097e+00
5.35902800e-06,1.80000865e+00
5.35912800e-06,1.79999093e+00
5.35922800e-06,1.80000869e+00
5.35932800e-06,1.79999089e+00
5.35942800e-06,1.80000873e+00
5.35952800e-06,1.79999085e+00
5.35962800e-06,1.80000876e+00
5.35972800e-06,1.79999081e+00
5.35982800e-06,1.80000880e+00
5.35992800e-06,1.79999077e+00
5.36002800e-06,1.80000884e+00
5.36012800e-06,1.79999073e+00
5.36022800e-06,1.80000887e+00
5.36032800e-06,1.79999070e+00
5.36042800e-06,1.80000891e+00
5.36052800e-06,1.79999066e+00
5.36062800e-06,1.80000894e+00
5.36072800e-06,1.79999062e+00
5.36082800e-06,1.80000898e+00
5.36092800e-06,1.79999059e+00
5.36102800e-06,1.80000901e+00
5.36112800e-06,1.79999055e+00
5.36122800e-06,1.80000905e+00
5.36132800e-06,1.79999052e+00
5.36142800e-06,1.80000908e+00
5.36152800e-06,1.79999049e+00
5.36162800e-06,1.80000911e+00
5.36172800e-06,1.79999046e+00
5.36182800e-06,1.80000914e+00
5.36192800e-06,1.79999042e+00
5.36202800e-06,1.80000917e+00
5.36212800e-06,1.79999039e+00
5.36222800e-06,1.80000920e+00
5.36232800e-06,1.79999036e+00
5.36242800e-06,1.80000923e+00
5.36252800e-06,1.79999033e+00
5.36262800e-06,1.80000926e+00
5.36272800e-06,1.79999030e+00
5.36282800e-06,1.80000929e+00
5.36292800e-06,1.79999027e+00
5.36302800e-06,1.80000932e+00
5.36312800e-06,1.79999025e+00
5.36322800e-06,1.80000934e+00
5.36332800e-06,1.79999022e+00
5.36342800e-06,1.80000937e+00
5.36352800e-06,1.79999019e+00
5.36362800e-06,1.80000940e+00
5.36372800e-06,1.79999016e+00
5.36382800e-06,1.80000942e+00
5.36392800e-06,1.79999014e+00
5.36402800e-06,1.80000945e+00
5.36412800e-06,1.79999011e+00
5.36422800e-06,1.80000947e+00
5.36432800e-06,1.79999009e+00
5.36442800e-06,1.80000950e+00
5.36452800e-06,1.79999006e+00
5.36462800e-06,1.80000952e+00
5.36472800e-06,1.79999004e+00
5.36482800e-06,1.80000954e+00
5.36492800e-06,1.79999002e+00
5.36502800e-06,1.80000956e+00
5.36512800e-06,1.79998999e+00
5.36522800e-06,1.80000959e+00
5.36532800e-06,1.79998997e+00
5.36542800e-06,1.80000961e+00
5.36552800e-06,1.79998995e+00
5.36562800e-06,1.80000963e+00
5.36572800e-06,1.79998993e+00
5.36582800e-06,1.80000965e+00
5.36592800e-06,1.79998991e+00
5.36602800e-06,1.80000967e+00
5.36612800e-06,1.79998989e+00
5.36622800e-06,1.80000969e+00
5.36632800e-06,1.79998987e+00
5.36642800e-06,1.80000971e+00
5.36652800e-06,1.79998985e+00
5.36662800e-06,1.80000973e+00
5.36672800e-06,1.79998983e+00
5.36682800e-06,1.80000975e+00
5.36692800e-06,1.79998981e+00
5.36702800e-06,1.80000976e+00
5.36712800e-06,1.79998979e+00
5.36722800e-06,1.80000978e+00
5.36732800e-06,1.79998977e+00
5.36742800e-06,1.80000980e+00
5.36752800e-06,1.79998976e+00
5.36762800e-06,1.80000981e+00
5.36772800e-06,1.79998974e+00
5.36782800e-06,1.80000983e+00
5.36792800e-06,1.79998972e+00
5.36802800e-06,1.80000985e+00
5.36812800e-06,1.79998971e+00
5.36822800e-06,1.80000986e+00
5.36832800e-06,1.79998969e+00
5.36842800e-06,1.80000988e+00
5.36852800e-06,1.79998968e+00
5.36862800e-06,1.80000989e+00
5.36872800e-06,1.79998966e+00
5.36882800e-06,1.80000990e+00
5.36892800e-06,1.79998965e+00
5.36902800e-06,1.80000992e+00
5.36912800e-06,1.79998964e+00
5.36922800e-06,1.80000993e+00
5.36932800e-06,1.79998962e+00
5.36942800e-06,1.80000994e+00
5.36952800e-06,1.79998961e+00
5.36962800e-06,1.80000996e+00
5.36972800e-06,1.79998960e+00
5.36982800e-06,1.80000997e+00
5.36992800e-06,1.79998959e+00
5.37002800e-06,1.80000998e+00
5.37012800e-06,1.79998957e+00
5.37022800e-06,1.80000999e+00
5.37032800e-06,1.79998956e+00
5.37042800e-06,1.80001000e+00
5.37052800e-06,1.79998955e+00
5.37062800e-06,1.80001001e+00
5.37072800e-06,1.79998954e+00
5.37082800e-06,1.80001002e+00
5.37092800e-06,1.79998953e+00
5.37102800e-06,1.80001003e+00
5.37112800e-06,1.79998952e+00
5.37122800e-06,1.80001004e+00
5.37132800e-06,1.79998951e+00
5.37142800e-06,1.80001005e+00
5.37152800e-06,1.79998950e+00
5.37162800e-06,1.80001006e+00
5.37172800e-06,1.79998949e+00
5.37182800e-06,1.80001007e+00
5.37192800e-06,1.79998949e+00
5.37202800e-06,1.80001008e+00
5.37212800e-06,1.79998948e+00
5.37222800e-06,1.80001008e+00
5.37232800e-06,1.79998947e+00
5.37242800e-06,1.80001009e+00
5.37252800e-06,1.79998946e+00
5.37262800e-06,1.80001010e+00
5.37272800e-06,1.79998946e+00
5.37282800e-06,1.80001011e+00
5.37292800e-06,1.79998945e+00
5.37302800e-06,1.80001011e+00
5.37312800e-06,1.79998944e+00
5.37322800e-06,1.80001012e+00
5.37332800e-06,1.79998944e+00
5.37342800e-06,1.80001012e+00
5.37352800e-06,1.79998943e+00
5.37362800e-06,1.80001013e+00
5.37372800e-06,1.79998943e+00
5.37382800e-06,1.80001013e+00
5.37392800e-06,1.79998942e+00
5.37402800e-06,1.80001014e+00
5.37412800e-06,1.79998942e+00
5.37422800e-06,1.80001014e+00
5.37432800e-06,1.79998941e+00
5.37442800e-06,1.80001015e+00
5.37452800e-06,1.79998941e+00
5.37462800e-06,1.80001015e+00
5.37472800e-06,1.79998940e+00
5.37482800e-06,1.80001016e+00
5.37492800e-06,1.79998940e+00
5.37502800e-06,1.80001016e+00
5.37512800e-06,1.79998940e+00
5.37522800e-06,1.80001016e+00
5.37532800e-06,1.79998939e+00
5.37542800e-06,1.80001017e+00
5.37552800e-06,1.79998939e+00
5.37562800e-06,1.80001017e+00
5.37572800e-06,1.79998939e+00
5.37582800e-06,1.80001017e+00
5.37592800e-06,1.79998939e+00
5.37602800e-06,1.80001017e+00
5.37612800e-06,1.79998939e+00
5.37622800e-06,1.80001017e+00
5.37632800e-06,1.79998938e+00
5.37642800e-06,1.80001018e+00
5.37652800e-06,1.79998938e+00
5.37662800e-06,1.80001018e+00
5.37672800e-06,1.79998938e+00
5.37682800e-06,1.80001018e+00
5.37692800e-06,1.79998938e+00
5.37702800e-06,1.80001018e+00
5.37712800e-06,1.79998938e+00
5.37722800e-06,1.80001018e+00
5.37732800e-06,1.79998938e+00
5.37742800e-06,1.80001018e+00
5.37752800e-06,1.79998938e+00
5.37762800e-06,1.80001018e+00
5.37772800e-06,1.79998938e+00
5.37782800e-06,1.80001018e+00
5.37792800e-06,1.79998938e+00
5.37802800e-06,1.80001018e+00
5.37812800e-06,1.79998938e+00
5.37822800e-06,1.80001018e+00
5.37832800e-06,1.79998938e+00
5.37842800e-06,1.80001018e+00
5.37852800e-06,1.79998938e+00
5.37862800e-06,1.80001018e+00
5.37872800e-06,1.79998939e+00
5.37882800e-06,1.80001018e+00
5.37892800e-06,1.79998939e+00
5.37902800e-06,1.80001017e+00
5.37912800e-06,1.79998939e+00
5.37922800e-06,1.80001017e+00
5.37932800e-06,1.79998939e+00
5.37942800e-06,1.80001017e+00
5.37952800e-06,1.79998939e+00
5.37962800e-06,1.80001017e+00
5.37972800e-06,1.79998940e+00
5.37982800e-06,1.80001017e+00
5.37992800e-06,1.79998940e+00
5.38002800e-06,1.80001016e+00
5.38012800e-06,1.79998940e+00
5.38022800e-06,1.80001016e+00
5.38032800e-06,1.79998941e+00
5.38042800e-06,1.80001016e+00
5.38052800e-06,1.79998941e+00
5.38062800e-06,1.80001015e+00
5.38072800e-06,1.79998941e+00
5.38082800e-06,1.80001015e+00
5.38092800e-06,1.79998942e+00
5.38102800e-06,1.80001015e+00
5.38112800e-06,1.79998942e+00
5.38122800e-06,1.80001014e+00
5.38132800e-06,1.79998943e+00
5.38142800e-06,1.80001014e+00
5.38152800e-06,1.79998943e+00
5.38162800e-06,1.80001013e+00
5.38172800e-06,1.79998943e+00
5.38182800e-06,1.80001013e+00
5.38192800e-06,1.79998944e+00
5.38202800e-06,1.80001012e+00
5.38212800e-06,1.79998944e+00
5.38222800e-06,1.80001012e+00
5.38232800e-06,1.79998945e+00
5.38242800e-06,1.80001011e+00
5.38252800e-06,1.79998946e+00
5.38262800e-06,1.80001011e+00
5.38272800e-06,1.79998946e+00
5.38282800e-06,1.80001010e+00
5.38292800e-06,1.79998947e+00
5.38302800e-06,1.80001010e+00
5.38312800e-06,1.79998947e+00
5.38322800e-06,1.80001009e+00
5.38332800e-06,1.79998948e+00
5.38342800e-06,1.80001009e+00
5.38352800e-06,1.79998949e+00
5.38362800e-06,1.80001008e+00
5.38372800e-06,1.79998949e+00
5.38382800e-06,1.80001007e+00
5.38392800e-06,1.79998950e+00
5.38402800e-06,1.80001007e+00
5.38412800e-06,1.79998951e+00
5.38422800e-06,1.80001006e+00
5.38432800e-06,1.79998951e+00
5.38442800e-06,1.80001006e+00
5.38452800e-06,1.79998952e+00
5.38462800e-06,1.80001005e+00
5.38472800e-06,1.79998953e+00
5.38482800e-06,1.80001004e+00
5.38492800e-06,1.79998953e+00
5.38502800e-06,1.80001003e+00
5.38512800e-06,1.79998954e+00
5.38522800e-06,1.80001003e+00
5.38532800e-06,1.79998955e+00
5.38542800e-06,1.80001002e+00
5.38552800e-06,1.79998956e+00
5.38562800e-06,1.80001001e+00
5.38572800e-06,1.79998957e+00
5.38582800e-06,1.80001000e+00
5.38592800e-06,1.79998957e+00
5.38602800e-06,1.80001000e+00
5.38612800e-06,1.79998958e+00
5.38622800e-06,1.80000999e+00
5.38632800e-06,1.79998959e+00
5.38642800e-06,1.80000998e+00
5.38652800e-06,1.79998960e+00
5.38662800e-06,1.80000997e+00
5.38672800e-06,1.79998961e+00
5.38682800e-06,1.80000996e+00
5.38692800e-06,1.79998962e+00
5.38702800e-06,1.80000995e+00
5.38712800e-06,1.79998963e+00
5.38722800e-06,1.80000995e+00
5.38732800e-06,1.79998964e+00
5.38742800e-06,1.80000994e+00
5.38752800e-06,1.79998965e+00
5.38762800e-06,1.80000993e+00
5.38772800e-06,1.79998966e+00
5.38782800e-06,1.80000992e+00
5.38792800e-06,1.79998967e+00
5.38802800e-06,1.80000991e+00
5.38812800e-06,1.79998968e+00
5.38822800e-06,1.80000990e+00
5.38832800e-06,1.79998968e+00
5.38842800e-06,1.80000989e+00
5.38852800e-06,1.79998970e+00
5.38862800e-06,1.80000988e+00
5.38872800e-06,1.79998971e+00
5.38882800e-06,1.80000987e+00
5.38892800e-06,1.79998972e+00
5.38902800e-06,1.80000986e+00
5.38912800e-06,1.79998973e+00
5.38922800e-06,1.80000985e+00
5.38932800e-06,1.79998974e+00
5.38942800e-06,1.80000984e+00
5.38952800e-06,1.79998975e+00
5.38962800e-06,1.80000983e+00
5.38972800e-06,1.79998976e+00
5.38982800e-06,1.80000982e+00
5.38992800e-06,1.79998977e+00
5.39002800e-06,1.80000981e+00
5.39012800e-06,1.79998978e+00
5.39022800e-06,1.80000980e+00
5.39032800e-06,1.79998979e+00
5.39042800e-06,1.80000979e+00
5.39052800e-06,1.79998980e+00
5.39062800e-06,1.80000978e+00
5.39072800e-06,1.79998981e+00
5.39082800e-06,1.80000977e+00
5.39092800e-06,1.79998982e+00
5.39102800e-06,1.80000976e+00
5.39112800e-06,1.79998984e+00
5.39122800e-06,1.80000975e+00
5.39132800e-06,1.79998985e+00
5.39142800e-06,1.80000974e+00
5.39152800e-06,1.79998986e+00
5.39162800e-06,1.80000972e+00
5.39172800e-06,1.79998987e+00
5.39182800e-06,1.80000971e+00
5.39192800e-06,1.79998988e+00
5.39202800e-06,1.80000970e+00
5.39212800e-06,1.79998990e+00
5.39222800e-06,1.80000969e+00
5.39232800e-06,1.79998991e+00
5.39242800e-06,1.80000968e+00
5.39252800e-06,1.79998992e+00
5.39262800e-06,1.80000967e+00
5.39272800e-06,1.79998993e+00
5.39282800e-06,1.80000965e+00
5.39292800e-06,1.79998994e+00
5.39302800e-06,1.80000964e+00
5.39312800e-06,1.79998996e+00
5.39322800e-06,1.80000963e+00
5.39332800e-06,1.79998997e+00
5.39342800e-06,1.80000962e+00
5.39352800e-06,1.79998998e+00
5.39362800e-06,1.80000961e+00
5.39372800e-06,1.79998999e+00
5.39382800e-06,1.80000959e+00
5.39392800e-06,1.79999001e+00
5.39402800e-06,1.80000958e+00
5.39412800e-06,1.79999002e+00
5.39422800e-06,1.80000957e+00
5.39432800e-06,1.79999003e+00
5.39442800e-06,1.80000956e+00
5.39452800e-06,1.79999005e+00
5.39462800e-06,1.80000955e+00
5.39472800e-06,1.79999006e+00
5.39482800e-06,1.80000953e+00
5.39492800e-06,1.79999007e+00
5.39502800e-06,1.80000952e+00
5.39512800e-06,1.79999009e+00
5.39522800e-06,1.80000951e+00
5.39532800e-06,1.79999010e+00
5.39542800e-06,1.80000949e+00
5.39552800e-06,1.79999011e+00
5.39562800e-06,1.80000948e+00
5.39572800e-06,1.79999013e+00
5.39582800e-06,1.80000947e+00
5.39592800e-06,1.79999014e+00
5.39602800e-06,1.80000946e+00
5.39612800e-06,1.79999015e+00
5.39622800e-06,1.80000944e+00
5.39632800e-06,1.79999017e+00
5.39642800e-06,1.80000943e+00
5.39652800e-06,1.79999018e+00
5.39662800e-06,1.80000942e+00
5.39672800e-06,1.79999020e+00
5.39682800e-06,1.80000940e+00
5.39692800e-06,1.79999021e+00
5.39702800e-06,1.80000939e+00
5.39712800e-06,1.79999022e+00
5.39722800e-06,1.80000938e+00
5.39732800e-06,1.79999024e+00
5.39742800e-06,1.80000936e+00
5.39752800e-06,1.79999025e+00
5.39762800e-06,1.80000935e+00
5.39772800e-06,1.79999027e+00
5.39782800e-06,1.80000934e+00
5.39792800e-06,1.79999028e+00
5.39802800e-06,1.80000932e+00
5.39812800e-06,1.79999029e+00
5.39822800e-06,1.80000931e+00
5.39832800e-06,1.79999031e+00
5.39842800e-06,1.80000929e+00
5.39852800e-06,1.79999032e+00
5.39862800e-06,1.80000928e+00
5.39872800e-06,1.79999034e+00
5.39882800e-06,1.80000927e+00
5.39892800e-06,1.79999035e+00
5.39902800e-06,1.80000925e+00
5.39912800e-06,1.79999037e+00
5.39922800e-06,1.80000924e+00
5.39932800e-06,1.79999038e+00
5.39942800e-06,1.80000923e+00
5.39952800e-06,1.79999040e+00
5.39962800e-06,1.80000921e+00
5.39972800e-06,1.79999041e+00
5.39982800e-06,1.80000920e+00
5.39992800e-06,1.79999043e+00
5.40002800e-06,1.80000918e+00
5.40012800e-06,1.79999044e+00
5.40022800e-06,1.80000917e+00
5.40032800e-06,1.79999045e+00
5.40042800e-06,1.80000915e+00
5.40052800e-06,1.79999047e+00
5.40062800e-06,1.80000914e+00
5.40072800e-06,1.79999048e+00
5.40082800e-06,1.80000913e+00
5.40092800e-06,1.79999050e+00
5.40102800e-06,1.80000911e+00
5.40112800e-06,1.79999051e+00
5.40122800e-06,1.80000910e+00
5.40132800e-06,1.79999053e+00
5.40142800e-06,1.80000908e+00
5.40152800e-06,1.79999055e+00
5.40162800e-06,1.80000907e+00
5.40172800e-06,1.79999056e+00
5.40182800e-06,1.80000905e+00
5.40192800e-06,1.79999058e+00
5.40202800e-06,1.80000904e+00
5.40212800e-06,1.79999059e+00
5.40222800e-06,1.80000902e+00
5.40232800e-06,1.79999061e+00
5.40242800e-06,1.80000901e+00
5.40252800e-06,1.79999062e+00
5.40262800e-06,1.80000900e+00
5.40272800e-06,1.79999064e+00
5.40282800e-06,1.80000898e+00
5.40292800e-06,1.79999065e+00
5.40302800e-06,1.80000897e+00
5.40312800e-06,1.79999067e+00
5.40322800e-06,1.80000895e+00
5.40332800e-06,1.79999068e+00
5.40342800e-06,1.80000894e+00
5.40352800e-06,1.79999070e+00
5.40362800e-06,1.80000892e+00
5.40372800e-06,1.79999071e+00
5.40382800e-06,1.80000891e+00
5.40392800e-06,1.79999073e+00
5.40402800e-06,1.80000889e+00
5.40412800e-06,1.79999075e+00
5.40422800e-06,1.80000888e+00
5.40432800e-06,1.79999076e+00
5.40442800e-06,1.80000886e+00
5.40452800e-06,1.79999078e+00
5.40462800e-06,1.80000885e+00
5.40472800e-06,1.79999079e+00
5.40482800e-06,1.80000883e+00
5.40492800e-06,1.79999081e+00
5.40502800e-06,1.80000882e+00
5.40512800e-06,1.79999082e+00
5.40522800e-06,1.80000880e+00
5.40532800e-06,1.79999084e+00
5.40542800e-06,1.80000879e+00
5.40552800e-06,1.79999086e+00
5.40562800e-06,1.80000877e+00
5.40572800e-06,1.79999087e+00
5.40582800e-06,1.80000876e+00
5.40592800e-06,1.79999089e+00
5.40602800e-06,1.80000874e+00
5.40612800e-06,1.79999090e+00
5.40622800e-06,1.80000873e+00
5.40632800e-06,1.79999092e+00
5.40642800e-06,1.80000871e+00
5.40652800e-06,1.79999094e+00
5.40662800e-06,1.80000869e+00
5.40672800e-06,1.79999095e+00
5.40682800e-06,1.80000868e+00
5.40692800e-06,1.79999097e+00
5.40702800e-06,1.80000866e+00
5.40712800e-06,1.79999098e+00
5.40722800e-06,1.80000865e+00
5.40732800e-06,1.79999100e+00
5.40742800e-06,1.80000863e+00
5.40752800e-06,1.79999102e+00
5.40762800e-06,1.80000862e+00
5.40772800e-06,1.79999103e+00
5.40782800e-06,1.80000860e+00
5.40792800e-06,1.79999105e+00
5.40802800e-06,1.80000859e+00
5.40812800e-06,1.79999106e+00
5.40822800e-06,1.80000857e+00
5.40832800e-06,1.79999108e+00
5.40842800e-06,1.80000856e+00
5.40852800e-06,1.79999110e+00
5.40862800e-06,1.80000854e+00
5.40872800e-06,1.79999111e+00
5.40882800e-06,1.80000853e+00
5.40892800e-06,1.79999113e+00
5.40902800e-06,1.80000851e+00
5.40912800e-06,1.79999114e+00
5.40922800e-06,1.80000849e+00
5.40932800e-06,1.79999116e+00
5.40942800e-06,1.80000848e+00
5.40952800e-06,1.79999118e+00
5.40962800e-06,1.80000846e+00
5.40972800e-06,1.79999119e+00
5.40982800e-06,1.80000845e+00
5.40992800e-06,1.79999121e+00
5.41002800e-06,1.80000843e+00
5.41012800e-06,1.79999123e+00
5.41022800e-06,1.80000842e+00
5.41032800e-06,1.79999124e+00
5.41042800e-06,1.80000840e+00
5.41052800e-06,1.79999126e+00
5.41062800e-06,1.80000839e+00
5.41072800e-06,1.79999127e+00
5.41082800e-06,1.80000837e+00
5.41092800e-06,1.79999129e+00
5.41102800e-06,1.80000835e+00
5.41112800e-06,1.79999131e+00
5.41122800e-06,1.80000834e+00
5.41132800e-06,1.79999132e+00
5.41142800e-06,1.80000832e+00
5.41152800e-06,1.79999134e+00
5.41162800e-06,1.80000831e+00
5.41172800e-06,1.79999136e+00
5.41182800e-06,1.80000829e+00
5.41192800e-06,1.79999137e+00
5.41202800e-06,1.80000828e+00
5.41212800e-06,1.79999139e+00
5.41222800e-06,1.80000826e+00
5.41232800e-06,1.79999141e+00
5.41242800e-06,1.80000825e+00
5.41252800e-06,1.79999142e+00
5.41262800e-06,1.80000823e+00
5.41272800e-06,1.79999144e+00
5.41282800e-06,1.80000821e+00
5.41292800e-06,1.79999145e+00
5.41302800e-06,1.80000820e+00
5.41312800e-06,1.79999147e+00
5.41322800e-06,1.80000818e+00
5.41332800e-06,1.79999149e+00
5.41342800e-06,1.80000817e+00
5.41352800e-06,1.79999150e+00
5.41362800e-06,1.80000815e+00
5.41372800e-06,1.79999152e+00
5.41382800e-06,1.80000814e+00
5.41392800e-06,1.79999154e+00
5.41402800e-06,1.80000812e+00
5.41412800e-06,1.79999155e+00
5.41422800e-06,1.80000810e+00
5.41432800e-06,1.79999157e+00
5.41442800e-06,1.80000809e+00
5.41452800e-06,1.79999159e+00
5.41462800e-06,1.80000807e+00
5.41472800e-06,1.79999160e+00
5.41482800e-06,1.80000806e+00
5.41492800e-06,1.79999162e+00
5.41502800e-06,1.80000804e+00
5.41512800e-06,1.79999164e+00
5.41522800e-06,1.80000803e+00
5.41532800e-06,1.79999165e+00
5.41542800e-06,1.80000801e+00
5.41552800e-06,1.79999167e+00
5.41562800e-06,1.80000799e+00
5.41572800e-06,1.79999168e+00
5.41582800e-06,1.80000798e+00
5.41592800e-06,1.79999170e+00
5.41602800e-06,1.80000796e+00
5.41612800e-06,1.79999172e+00
5.41622800e-06,1.80000795e+00
5.41632800e-06,1.79999173e+00
5.41642800e-06,1.80000793e+00
5.41652800e-06,1.79999175e+00
5.41662800e-06,1.80000792e+00
5.41672800e-06,1.79999177e+00
5.41682800e-06,1.80000790e+00
5.41692800e-06,1.79999178e+00
5.41702800e-06,1.80000788e+00
5.41712800e-06,1.79999180e+00
5.41722800e-06,1.80000787e+00
5.41732800e-06,1.79999182e+00
5.41742800e-06,1.80000785e+00
5.41752800e-06,1.79999183e+00
5.41762800e-06,1.80000784e+00
5.41772800e-06,1.79999185e+00
5.41782800e-06,1.80000782e+00
5.41792800e-06,1.79999187e+00
5.41802800e-06,1.80000781e+00
5.41812800e-06,1.79999188e+00
5.41822800e-06,1.80000779e+00
5.41832800e-06,1.79999190e+00
5.41842800e-06,1.80000777e+00
5.41852800e-06,1.79999191e+00
5.41862800e-06,1.80000776e+00
5.41872800e-06,1.79999193e+00
5.41882800e-06,1.80000774e+00
5.41892800e-06,1.79999195e+00
5.41902800e-06,1.80000773e+00
5.41912800e-06,1.79999196e+00
5.41922800e-06,1.80000771e+00
5.41932800e-06,1.79999198e+00
5.41942800e-06,1.80000770e+00
5.41952800e-06,1.79999200e+00
5.41962800e-06,1.80000768e+00
5.41972800e-06,1.79999201e+00
5.41982800e-06,1.80000766e+00
5.41992800e-06,1.79999203e+00
5.42002800e-06,1.80000765e+00
5.42012800e-06,1.79999205e+00
5.42022800e-06,1.80000763e+00
5.42032800e-06,1.79999206e+00
5.42042800e-06,1.80000762e+00
5.42052800e-06,1.79999208e+00
5.42062800e-06,1.80000760e+00
5.42072800e-06,1.79999209e+00
5.42082800e-06,1.80000759e+00
5.42092800e-06,1.79999211e+00
5.42102800e-06,1.80000757e+00
5.42112800e-06,1.79999213e+00
5.42122800e-06,1.80000756e+00
5.42132800e-06,1.79999214e+00
5.42142800e-06,1.80000754e+00
5.42152800e-06,1.79999216e+00
5.42162800e-06,1.80000752e+00
5.42172800e-06,1.79999218e+00
5.42182800e-06,1.80000751e+00
5.42192800e-06,1.79999219e+00
5.42202800e-06,1.80000749e+00
5.42212800e-06,1.79999221e+00
5.42222800e-06,1.80000748e+00
5.42232800e-06,1.79999222e+00
5.42242800e-06,1.80000746e+00
5.42252800e-06,1.79999224e+00
5.42262800e-06,1.80000745e+00
5.42272800e-06,1.79999226e+00
5.42282800e-06,1.80000743e+00
5.42292800e-06,1.79999227e+00
5.42302800e-06,1.80000742e+00
5.42312800e-06,1.79999229e+00
5.42322800e-06,1.80000740e+00
5.42332800e-06,1.79999231e+00
5.42342800e-06,1.80000738e+00
5.42352800e-06,1.79999232e+00
5.42362800e-06,1.80000737e+00
5.42372800e-06,1.79999234e+00
5.42382800e-06,1.80000735e+00
5.42392800e-06,1.79999235e+00
5.42402800e-06,1.80000734e+00
5.42412800e-06,1.79999237e+00
5.42422800e-06,1.80000732e+00
5.42432800e-06,1.79999239e+00
5.42442800e-06,1.80000731e+00
5.42452800e-06,1.79999240e+00
5.42462800e-06,1.80000729e+00
5.42472800e-06,1.79999242e+00
5.42482800e-06,1.80000728e+00
5.42492800e-06,1.79999244e+00
5.42502800e-06,1.80000726e+00
5.42512800e-06,1.79999245e+00
5.42522800e-06,1.80000725e+00
5.42532800e-06,1.79999247e+00
5.42542800e-06,1.80000723e+00
5.42552800e-06,1.79999248e+00
5.42562800e-06,1.80000722e+00
5.42572800e-06,1.79999250e+00
5.42582800e-06,1.80000720e+00
5.42592800e-06,1.79999252e+00
5.42602800e-06,1.80000719e+00
5.42612800e-06,1.79999253e+00
5.42622800e-06,1.80000717e+00
5.42632800e-06,1.79999255e+00
5.42642800e-06,1.80000715e+00
5.42652800e-06,1.79999256e+00
5.42662800e-06,1.80000714e+00
5.42672800e-06,1.79999258e+00
5.42682800e-06,1.80000712e+00
5.42692800e-06,1.79999260e+00
5.42702800e-06,1.80000711e+00
5.42712800e-06,1.79999261e+00
5.42722800e-06,1.80000709e+00
5.42732800e-06,1.79999263e+00
5.42742800e-06,1.80000708e+00
5.42752800e-06,1.79999264e+00
5.42762800e-06,1.80000706e+00
5.42772800e-06,1.79999266e+00
5.42782800e-06,1.80000705e+00
5.42792800e-06,1.79999267e+00
5.42802800e-06,1.80000703e+00
5.42812800e-06,1.79999269e+00
5.42822800e-06,1.80000702e+00
5.42832800e-06,1.79999271e+00
5.42842800e-06,1.80000700e+00
5.42852800e-06,1.79999272e+00
5.42862800e-06,1.80000699e+00
5.42872800e-06,1.79999274e+00
5.42882800e-06,1.80000697e+00
5.42892800e-06,1.79999275e+00
5.42902800e-06,1.80000696e+00
5.42912800e-06,1.79999277e+00
5.42922800e-06,1.80000694e+00
5.42932800e-06,1.79999279e+00
5.42942800e-06,1.80000693e+00
5.42952800e-06,1.79999280e+00
5.42962800e-06,1.80000691e+00
5.42972800e-06,1.79999282e+00
5.42982800e-06,1.80000690e+00
5.42992800e-06,1.79999283e+00
5.43002800e-06,1.80000688e+00
5.43012800e-06,1.79999285e+00
5.43022800e-06,1.80000687e+00
5.43032800e-06,1.79999286e+00
5.43042800e-06,1.80000685e+00
5.43052800e-06,1.79999288e+00
5.43062800e-06,1.80000684e+00
5.43072800e-06,1.79999290e+00
5.43082800e-06,1.80000682e+00
5.43092800e-06,1.79999291e+00
5.43102800e-06,1.80000681e+00
5.43112800e-06,1.79999293e+00
5.43122800e-06,1.80000679e+00
5.43132800e-06,1.79999294e+00
5.43142800e-06,1.80000678e+00
5.43152800e-06,1.79999296e+00
5.43162800e-06,1.80000676e+00
5.43172800e-06,1.79999297e+00
5.43182800e-06,1.80000675e+00
5.43192800e-06,1.79999299e+00
5.43202800e-06,1.80000673e+00
5.43212800e-06,1.79999300e+00
5.43222800e-06,1.80000672e+00
5.43232800e-06,1.79999302e+00
5.43242800e-06,1.80000671e+00
5.43252800e-06,1.79999304e+00
5.43262800e-06,1.80000669e+00
5.43272800e-06,1.79999305e+00
5.43282800e-06,1.80000668e+00
5.43292800e-06,1.79999307e+00
5.43302800e-06,1.80000666e+00
5.43312800e-06,1.79999308e+00
5.43322800e-06,1.80000665e+00
5.43332800e-06,1.79999310e+00
5.43342800e-06,1.80000663e+00
5.43352800e-06,1.79999311e+00
5.43362800e-06,1.80000662e+00
5.43372800e-06,1.79999313e+00
5.43382800e-06,1.80000660e+00
5.43392800e-06,1.79999314e+00
5.43402800e-06,1.80000659e+00
5.43412800e-06,1.79999316e+00
5.43422800e-06,1.80000657e+00
5.43432800e-06,1.79999317e+00
5.43442800e-06,1.80000656e+00
5.43452800e-06,1.79999319e+00
5.43462800e-06,1.80000654e+00
5.43472800e-06,1.79999320e+00
5.43482800e-06,1.80000653e+00
5.43492800e-06,1.79999322e+00
5.43502800e-06,1.80000652e+00
5.43512800e-06,1.79999324e+00
5.43522800e-06,1.80000650e+00
5.43532800e-06,1.79999325e+00
5.43542800e-06,1.80000649e+00
5.43552800e-06,1.79999327e+00
5.43562800e-06,1.80000647e+00
5.43572800e-06,1.79999328e+00
5.43582800e-06,1.80000646e+00
5.43592800e-06,1.79999330e+00
5.43602800e-06,1.80000644e+00
5.43612800e-06,1.79999331e+00
5.43622800e-06,1.80000643e+00
5.43632800e-06,1.79999333e+00
5.43642800e-06,1.80000641e+00
5.43652800e-06,1.79999334e+00
5.43662800e-06,1.80000640e+00
5.43672800e-06,1.79999336e+00
5.43682800e-06,1.80000639e+00
5.43692800e-06,1.79999337e+00
5.43702800e-06,1.80000637e+00
5.43712800e-06,1.79999339e+00
5.43722800e-06,1.80000636e+00
5.43732800e-06,1.79999340e+00
5.43742800e-06,1.80000634e+00
5.43752800e-06,1.79999342e+00
5.43762800e-06,1.80000633e+00
5.43772800e-06,1.79999343e+00
5.43782800e-06,1.80000632e+00
5.43792800e-06,1.79999345e+00
5.43802800e-06,1.80000630e+00
5.43812800e-06,1.79999346e+00
5.43822800e-06,1.80000629e+00
5.43832800e-06,1.79999348e+00
5.43842800e-06,1.80000627e+00
5.43852800e-06,1.79999349e+00
5.43862800e-06,1.80000626e+00
5.43872800e-06,1.79999351e+00
5.43882800e-06,1.80000625e+00
5.43892800e-06,1.79999352e+00
5.43902800e-06,1.80000623e+00
5.43912800e-06,1.79999354e+00
5.43922800e-06,1.80000622e+00
5.43932800e-06,1.79999355e+00
5.43942800e-06,1.80000620e+00
5.43952800e-06,1.79999356e+00
5.43962800e-06,1.80000619e+00
5.43972800e-06,1.79999358e+00
5.43982800e-06,1.80000618e+00
5.43992800e-06,1.79999359e+00
5.44002800e-06,1.80000616e+00
5.44012800e-06,1.79999361e+00
5.44022800e-06,1.80000615e+00
5.44032800e-06,1.79999362e+00
5.44042800e-06,1.80000613e+00
5.44052800e-06,1.79999364e+00
5.44062800e-06,1.80000612e+00
5.44072800e-06,1.79999365e+00
5.44082800e-06,1.80000611e+00
5.44092800e-06,1.79999367e+00
5.44102800e-06,1.80000609e+00
5.44112800e-06,1.79999368e+00
5.44122800e-06,1.80000608e+00
5.44132800e-06,1.79999370e+00
5.44142800e-06,1.80000606e+00
5.44152800e-06,1.79999371e+00
5.44162800e-06,1.80000605e+00
5.44172800e-06,1.79999373e+00
5.44182800e-06,1.80000604e+00
5.44192800e-06,1.79999374e+00
5.44202800e-06,1.80000602e+00
5.44212800e-06,1.79999375e+00
5.44222800e-06,1.80000601e+00
5.44232800e-06,1.79999377e+00
5.44242800e-06,1.80000600e+00
5.44252800e-06,1.79999378e+00
5.44262800e-06,1.80000598e+00
5.44272800e-06,1.79999380e+00
5.44282800e-06,1.80000597e+00
5.44292800e-06,1.79999381e+00
5.44302800e-06,1.80000596e+00
5.44312800e-06,1.79999383e+00
5.44322800e-06,1.80000594e+00
5.44332800e-06,1.79999384e+00
5.44342800e-06,1.80000593e+00
5.44352800e-06,1.79999385e+00
5.44362800e-06,1.80000592e+00
5.44372800e-06,1.79999387e+00
5.44382800e-06,1.80000590e+00
5.44392800e-06,1.79999388e+00
5.44402800e-06,1.80000589e+00
5.44412800e-06,1.79999390e+00
5.44422800e-06,1.80000587e+00
5.44432800e-06,1.79999391e+00
5.44442800e-06,1.80000586e+00
5.44452800e-06,1.79999393e+00
5.44462800e-06,1.80000585e+00
5.44472800e-06,1.79999394e+00
5.44482800e-06,1.80000583e+00
5.44492800e-06,1.79999395e+00
5.44502800e-06,1.80000582e+00
5.44512800e-06,1.79999397e+00
5.44522800e-06,1.80000581e+00
5.44532800e-06,1.79999398e+00
5.44542800e-06,1.80000580e+00
5.44552800e-06,1.79999400e+00
5.44562800e-06,1.80000578e+00
5.44572800e-06,1.79999401e+00
5.44582800e-06,1.80000577e+00
5.44592800e-06,1.79999402e+00
5.44602800e-06,1.80000576e+00
5.44612800e-06,1.79999404e+00
5.44622800e-06,1.80000574e+00
5.44632800e-06,1.79999405e+00
5.44642800e-06,1.80000573e+00
5.44652800e-06,1.79999407e+00
5.44662800e-06,1.80000572e+00
5.44672800e-06,1.79999408e+00
5.44682800e-06,1.80000570e+00
5.44692800e-06,1.79999409e+00
5.44702800e-06,1.80000569e+00
5.44712800e-06,1.79999411e+00
5.44722800e-06,1.80000568e+00
5.44732800e-06,1.79999412e+00
5.44742800e-06,1.80000566e+00
5.44752800e-06,1.79999414e+00
5.44762800e-06,1.80000565e+00
5.44772800e-06,1.79999415e+00
5.44782800e-06,1.80000564e+00
5.44792800e-06,1.79999416e+00
5.44802800e-06,1.80000563e+00
5.44812800e-06,1.79999418e+00
5.44822800e-06,1.80000561e+00
5.44832800e-06,1.79999419e+00
5.44842800e-06,1.80000560e+00
5.44852800e-06,1.79999421e+00
5.44862800e-06,1.80000559e+00
5.44872800e-06,1.79999422e+00
5.44882800e-06,1.80000557e+00
5.44892800e-06,1.79999423e+00
5.44902800e-06,1.80000556e+00
5.44912800e-06,1.79999425e+00
5.44922800e-06,1.80000555e+00
5.44932800e-06,1.79999426e+00
5.44942800e-06,1.80000554e+00
5.44952800e-06,1.79999427e+00
5.44962800e-06,1.80000552e+00
5.44972800e-06,1.79999429e+00
5.44982800e-06,1.80000551e+00
5.44992800e-06,1.79999430e+00
5.45002800e-06,1.80000550e+00
5.45012800e-06,1.79999431e+00
5.45022800e-06,1.80000548e+00
5.45032800e-06,1.79999433e+00
5.45042800e-06,1.80000547e+00
5.45052800e-06,1.79999434e+00
5.45062800e-06,1.80000546e+00
5.45072800e-06,1.79999435e+00
5.45082800e-06,1.80000545e+00
5.45092800e-06,1.79999437e+00
5.45102800e-06,1.80000543e+00
5.45112800e-06,1.79999438e+00
5.45122800e-06,1.80000542e+00
5.45132800e-06,1.79999439e+00
5.45142800e-06,1.80000541e+00
5.45152800e-06,1.79999441e+00
5.45162800e-06,1.80000540e+00
5.45172800e-06,1.79999442e+00
5.45182800e-06,1.80000538e+00
5.45192800e-06,1.79999444e+00
5.45202800e-06,1.80000537e+00
5.45212800e-06,1.79999445e+00
5.45222800e-06,1.80000536e+00
5.45232800e-06,1.79999446e+00
5.45242800e-06,1.80000535e+00
5.45252800e-06,1.79999447e+00
5.45262800e-06,1.80000533e+00
5.45272800e-06,1.79999449e+00
5.45282800e-06,1.80000532e+00
5.45292800e-06,1.79999450e+00
5.45302800e-06,1.80000531e+00
5.45312800e-06,1.79999451e+00
5.45322800e-06,1.80000530e+00
5.45332800e-06,1.79999453e+00
5.45342800e-06,1.80000529e+00
5.45352800e-06,1.79999454e+00
5.45362800e-06,1.80000527e+00
5.45372800e-06,1.79999455e+00
5.45382800e-06,1.80000526e+00
5.45392800e-06,1.79999457e+00
5.45402800e-06,1.80000525e+00
5.45412800e-06,1.79999458e+00
5.45422800e-06,1.80000524e+00
5.45432800e-06,1.79999459e+00
5.45442800e-06,1.80000522e+00
5.45452800e-06,1.79999461e+00
5.45462800e-06,1.80000521e+00
5.45472800e-06,1.79999462e+00
5.45482800e-06,1.80000520e+00
5.45492800e-06,1.79999463e+00
5.45502800e-06,1.80000519e+00
5.45512800e-06,1.79999465e+00
5.45522800e-06,1.80000518e+00
5.45532800e-06,1.79999466e+00
5.45542800e-06,1.80000516e+00
5.45552800e-06,1.79999467e+00
5.45562800e-06,1.80000515e+00
5.45572800e-06,1.79999468e+00
5.45582800e-06,1.80000514e+00
5.45592800e-06,1.79999470e+00
5.45602800e-06,1.80000513e+00
5.45612800e-06,1.79999471e+00
5.45622800e-06,1.80000512e+00
5.45632800e-06,1.79999472e+00
5.45642800e-06,1.80000511e+00
5.45652800e-06,1.79999474e+00
5.45662800e-06,1.80000509e+00
5.45672800e-06,1.79999475e+00
5.45682800e-06,1.80000508e+00
5.45692800e-06,1.79999476e+00
5.45702800e-06,1.80000507e+00
5.45712800e-06,1.79999477e+00
5.45722800e-06,1.80000506e+00
5.45732800e-06,1.79999479e+00
5.45742800e-06,1.80000505e+00
5.45752800e-06,1.79999480e+00
5.45762800e-06,1.80000503e+00
5.45772800e-06,1.79999481e+00
5.45782800e-06,1.80000502e+00
5.45792800e-06,1.79999482e+00
5.45802800e-06,1.80000501e+00
5.45812800e-06,1.79999484e+00
5.45822800e-06,1.80000500e+00
5.45832800e-06,1.79999485e+00
5.45842800e-06,1.80000499e+00
5.45852800e-06,1.79999486e+00
5.45862800e-06,1.80000498e+00
5.45872800e-06,1.79999487e+00
5.45882800e-06,1.80000496e+00
5.45892800e-06,1.79999489e+00
5.45902800e-06,1.80000495e+00
5.45912800e-06,1.79999490e+00
5.45922800e-06,1.80000494e+00
5.45932800e-06,1.79999491e+00
5.45942800e-06,1.80000493e+00
5.45952800e-06,1.79999492e+00
5.45962800e-06,1.80000492e+00
5.45972800e-06,1.79999494e+00
5.45982800e-06,1.80000491e+00
5.45992800e-06,1.79999495e+00
5.46002800e-06,1.80000490e+00
5.46012800e-06,1.79999496e+00
5.46022800e-06,1.80000488e+00
5.46032800e-06,1.79999497e+00
5.46042800e-06,1.80000487e+00
5.46052800e-06,1.79999499e+00
5.46062800e-06,1.80000486e+00
5.46072800e-06,1.79999500e+00
5.46082800e-06,1.80000485e+00
5.46092800e-06,1.79999501e+00
5.46102800e-06,1.80000484e+00
5.46112800e-06,1.79999502e+00
5.46122800e-06,1.80000483e+00
5.46132800e-06,1.79999504e+00
5.46142800e-06,1.80000482e+00
5.46152800e-06,1.79999505e+00
5.46162800e-06,1.80000481e+00
5.46172800e-06,1.79999506e+00
5.46182800e-06,1.80000479e+00
5.46192800e-06,1.79999507e+00
5.46202800e-06,1.80000478e+00
5.46212800e-06,1.79999509e+00
5.46222800e-06,1.80000477e+00
5.46232800e-06,1.79999510e+00
5.46242800e-06,1.80000476e+00
5.46252800e-06,1.79999511e+00
5.46262800e-06,1.80000475e+00
5.46272800e-06,1.79999512e+00
5.46282800e-06,1.80000474e+00
5.46292800e-06,1.79999513e+00
5.46302800e-06,1.80000473e+00
5.46312800e-06,1.79999515e+00
5.46322800e-06,1.80000472e+00
5.46332800e-06,1.79999516e+00
5.46342800e-06,1.80000471e+00
5.46352800e-06,1.79999517e+00
5.46362800e-06,1.80000470e+00
5.46372800e-06,1.79999518e+00
5.46382800e-06,1.80000468e+00
5.46392800e-06,1.79999519e+00
5.46402800e-06,1.80000467e+00
5.46412800e-06,1.79999521e+00
5.46422800e-06,1.80000466e+00
5.46432800e-06,1.79999522e+00
5.46442800e-06,1.80000465e+00
5.46452800e-06,1.79999523e+00
5.46462800e-06,1.80000464e+00
5.46472800e-06,1.79999524e+00
5.46482800e-06,1.80000463e+00
5.46492800e-06,1.79999525e+00
5.46502800e-06,1.80000462e+00
5.46512800e-06,1.79999527e+00
5.46522800e-06,1.80000461e+00
5.46532800e-06,1.79999528e+00
5.46542800e-06,1.80000460e+00
5.46552800e-06,1.79999529e+00
5.46562800e-06,1.80000459e+00
5.46572800e-06,1.79999530e+00
5.46582800e-06,1.80000458e+00
5.46592800e-06,1.79999531e+00
5.46602800e-06,1.80000457e+00
5.46612800e-06,1.79999532e+00
5.46622800e-06,1.80000456e+00
5.46632800e-06,1.79999534e+00
5.46642800e-06,1.80000455e+00
5.46652800e-06,1.79999535e+00
5.46662800e-06,1.80000453e+00
5.46672800e-06,1.79999536e+00
5.46682800e-06,1.80000452e+00
5.46692800e-06,1.79999537e+00
5.46702800e-06,1.80000451e+00
5.46712800e-06,1.79999538e+00
5.46722800e-06,1.80000450e+00
5.46732800e-06,1.79999539e+00
5.46742800e-06,1.80000449e+00
5.46752800e-06,1.79999541e+00
5.46762800e-06,1.80000448e+00
5.46772800e-06,1.79999542e+00
5.46782800e-06,1.80000447e+00
5.46792800e-06,1.79999543e+00
5.46802800e-06,1.80000446e+00
5.46812800e-06,1.79999544e+00
5.46822800e-06,1.80000445e+00
5.46832800e-06,1.79999545e+00
5.46842800e-06,1.80000444e+00
5.46852800e-06,1.79999546e+00
5.46862800e-06,1.80000443e+00
5.46872800e-06,1.79999548e+00
5.46882800e-06,1.80000442e+00
5.46892800e-06,1.79999549e+00
5.46902800e-06,1.80000441e+00
5.46912800e-06,1.79999550e+00
5.46922800e-06,1.80000440e+00
5.46932800e-06,1.79999551e+00
5.46942800e-06,1.80000439e+00
5.46952800e-06,1.79999552e+00
5.46962800e-06,1.80000438e+00
5.46972800e-06,1.79999553e+00
5.46982800e-06,1.80000437e+00
5.46992800e-06,1.79999554e+00
5.47002800e-06,1.80000436e+00
5.47012800e-06,1.79999556e+00
5.47022800e-06,1.80000435e+00
5.47032800e-06,1.79999557e+00
5.47042800e-06,1.80000434e+00
5.47052800e-06,1.79999558e+00
5.47062800e-06,1.80000433e+00
5.47072800e-06,1.79999559e+00
5.47082800e-06,1.80000432e+00
5.47092800e-06,1.79999560e+00
5.47102800e-06,1.80000431e+00
5.47112800e-06,1.79999561e+00
5.47122800e-06,1.80000430e+00
5.47132800e-06,1.79999562e+00
5.47142800e-06,1.80000429e+00
5.47152800e-06,1.79999563e+00
5.47162800e-06,1.80000428e+00
5.47172800e-06,1.79999565e+00
5.47182800e-06,1.80000427e+00
5.47192800e-06,1.79999566e+00
5.47202800e-06,1.80000426e+00
5.47212800e-06,1.79999567e+00
5.47222800e-06,1.80000425e+00
5.47232800e-06,1.79999568e+00
5.47242800e-06,1.80000424e+00
5.47252800e-06,1.79999569e+00
5.47262800e-06,1.80000423e+00
5.47272800e-06,1.79999570e+00
5.47282800e-06,1.80000422e+00
5.47292800e-06,1.79999571e+00
5.47302800e-06,1.80000421e+00
5.47312800e-06,1.79999572e+00
5.47322800e-06,1.80000420e+00
5.47332800e-06,1.79999573e+00
5.47342800e-06,1.80000419e+00
5.47352800e-06,1.79999575e+00
5.47362800e-06,1.80000418e+00
5.47372800e-06,1.79999576e+00
5.47382800e-06,1.80000417e+00
5.47392800e-06,1.79999577e+00
5.47402800e-06,1.80000416e+00
5.47412800e-06,1.79999578e+00
5.47422800e-06,1.80000415e+00
5.47432800e-06,1.79999579e+00
5.47442800e-06,1.80000414e+00
5.47452800e-06,1.79999580e+00
5.47462800e-06,1.80000413e+00
5.47472800e-06,1.79999581e+00
5.47482800e-06,1.80000412e+00
5.47492800e-06,1.79999582e+00
5.47502800e-06,1.80000412e+00
5.47512800e-06,1.79999583e+00
5.47522800e-06,1.80000411e+00
5.47532800e-06,1.79999584e+00
5.47542800e-06,1.80000410e+00
5.47552800e-06,1.79999585e+00
5.47562800e-06,1.80000409e+00
5.47572800e-06,1.79999587e+00
5.47582800e-06,1.80000408e+00
5.47592800e-06,1.79999588e+00
5.47602800e-06,1.80000407e+00
5.47612800e-06,1.79999589e+00
5.47622800e-06,1.80000406e+00
5.47632800e-06,1.79999590e+00
5.47642800e-06,1.80000405e+00
5.47652800e-06,1.79999591e+00
5.47662800e-06,1.80000404e+00
5.47672800e-06,1.79999592e+00
5.47682800e-06,1.80000403e+00
5.47692800e-06,1.79999593e+00
5.47702800e-06,1.80000402e+00
5.47712800e-06,1.79999594e+00
5.47722800e-06,1.80000401e+00
5.47732800e-06,1.79999595e+00
5.47742800e-06,1.80000400e+00
5.47752800e-06,1.79999596e+00
5.47762800e-06,1.80000399e+00
5.47772800e-06,1.79999597e+00
5.47782800e-06,1.80000399e+00
5.47792800e-06,1.79999598e+00
5.47802800e-06,1.80000398e+00
5.47812800e-06,1.79999599e+00
5.47822800e-06,1.80000397e+00
5.47832800e-06,1.79999600e+00
5.47842800e-06,1.80000396e+00
5.47852800e-06,1.79999602e+00
5.47862800e-06,1.80000395e+00
5.47872800e-06,1.79999603e+00
5.47882800e-06,1.80000394e+00
5.47892800e-06,1.79999604e+00
5.47902800e-06,1.80000393e+00
5.47912800e-06,1.79999605e+00
5.47922800e-06,1.80000392e+00
5.47932800e-06,1.79999606e+00
5.47942800e-06,1.80000391e+00
5.47952800e-06,1.79999607e+00
5.47962800e-06,1.80000390e+00
5.47972800e-06,1.79999608e+00
5.47982800e-06,1.80000390e+00
5.47992800e-06,1.79999609e+00
5.48002800e-06,1.80000389e+00
5.48012800e-06,1.79999610e+00
5.48022800e-06,1.80000388e+00
5.48032800e-06,1.79999611e+00
5.48042800e-06,1.80000387e+00
5.48052800e-06,1.79999612e+00
5.48062800e-06,1.80000386e+00
5.48072800e-06,1.79999613e+00
5.48082800e-06,1.80000385e+00
5.48092800e-06,1.79999614e+00
5.48102800e-06,1.80000384e+00
5.48112800e-06,1.79999615e+00
5.48122800e-06,1.80000383e+00
5.48132800e-06,1.79999616e+00
5.48142800e-06,1.80000383e+00
5.48152800e-06,1.79999617e+00
5.48162800e-06,1.80000382e+00
5.48172800e-06,1.79999618e+00
5.48182800e-06,1.80000381e+00
5.48192800e-06,1.79999619e+00
5.48202800e-06,1.80000380e+00
5.48212800e-06,1.79999620e+00
5.48222800e-06,1.80000379e+00
5.48232800e-06,1.79999621e+00
5.48242800e-06,1.80000378e+00
5.48252800e-06,1.79999622e+00
5.48262800e-06,1.80000377e+00
5.48272800e-06,1.79999623e+00
5.48282800e-06,1.80000377e+00
5.48292800e-06,1.79999624e+00
5.48302800e-06,1.80000376e+00
5.48312800e-06,1.79999625e+00
5.48322800e-06,1.80000375e+00
5.48332800e-06,1.79999626e+00
5.48342800e-06,1.80000374e+00
5.48352800e-06,1.79999627e+00
5.48362800e-06,1.80000373e+00
5.48372800e-06,1.79999628e+00
5.48382800e-06,1.80000372e+00
5.48392800e-06,1.79999629e+00
5.48402800e-06,1.80000372e+00
5.48412800e-06,1.79999630e+00
5.48422800e-06,1.80000371e+00
5.48432800e-06,1.79999631e+00
5.48442800e-06,1.80000370e+00
5.48452800e-06,1.79999633e+00
5.48462800e-06,1.80000369e+00
5.48472800e-06,1.79999634e+00
5.48482800e-06,1.80000368e+00
5.48492800e-06,1.79999635e+00
5.48502800e-06,1.80000367e+00
5.48512800e-06,1.79999636e+00
5.48522800e-06,1.80000367e+00
5.48532800e-06,1.79999637e+00
5.48542800e-06,1.80000366e+00
5.48552800e-06,1.79999638e+00
5.48562800e-06,1.80000365e+00
5.48572800e-06,1.79999639e+00
5.48582800e-06,1.80000364e+00
5.48592800e-06,1.79999640e+00
5.48602800e-06,1.80000363e+00
5.48612800e-06,1.79999641e+00
5.48622800e-06,1.80000363e+00
5.48632800e-06,1.79999642e+00
5.48642800e-06,1.80000362e+00
5.48652800e-06,1.79999643e+00
5.48662800e-06,1.80000361e+00
5.48672800e-06,1.79999644e+00
5.48682800e-06,1.80000360e+00
5.48692800e-06,1.79999645e+00
5.48702800e-06,1.80000359e+00
5.48712800e-06,1.79999645e+00
5.48722800e-06,1.80000359e+00
5.48732800e-06,1.79999646e+00
5.48742800e-06,1.80000358e+00
5.48752800e-06,1.79999647e+00
5.48762800e-06,1.80000357e+00
5.48772800e-06,1.79999648e+00
5.48782800e-06,1.80000356e+00
5.48792800e-06,1.79999649e+00
5.48802800e-06,1.80000355e+00
5.48812800e-06,1.79999650e+00
5.48822800e-06,1.80000355e+00
5.48832800e-06,1.79999651e+00
5.48842800e-06,1.80000354e+00
5.48852800e-06,1.79999652e+00
5.48862800e-06,1.80000353e+00
5.48872800e-06,1.79999653e+00
5.48882800e-06,1.80000352e+00
5.48892800e-06,1.79999654e+00
5.48902800e-06,1.80000352e+00
5.48912800e-06,1.79999655e+00
5.48922800e-06,1.80000351e+00
5.48932800e-06,1.79999656e+00
5.48942800e-06,1.80000350e+00
5.48952800e-06,1.79999657e+00
5.48962800e-06,1.80000349e+00
5.48972800e-06,1.79999658e+00
5.48982800e-06,1.80000348e+00
5.48992800e-06,1.79999659e+00
5.49002800e-06,1.80000348e+00
5.49012800e-06,1.79999660e+00
5.49022800e-06,1.80000347e+00
5.49032800e-06,1.79999661e+00
5.49042800e-06,1.80000346e+00
5.49052800e-06,1.79999662e+00
5.49062800e-06,1.80000345e+00
5.49072800e-06,1.79999663e+00
5.49082800e-06,1.80000345e+00
5.49092800e-06,1.79999664e+00
5.49102800e-06,1.80000344e+00
5.49112800e-06,1.79999665e+00
5.49122800e-06,1.80000343e+00
5.49132800e-06,1.79999666e+00
5.49142800e-06,1.80000342e+00
5.49152800e-06,1.79999667e+00
5.49162800e-06,1.80000342e+00
5.49172800e-06,1.79999668e+00
5.49182800e-06,1.80000341e+00
5.49192800e-06,1.79999669e+00
5.49202800e-06,1.80000340e+00
5.49212800e-06,1.79999670e+00
5.49222800e-06,1.80000340e+00
5.49232800e-06,1.79999671e+00
5.49242800e-06,1.80000339e+00
5.49252800e-06,1.79999672e+00
5.49262800e-06,1.80000338e+00
5.49272800e-06,1.79999673e+00
5.49282800e-06,1.80000337e+00
5.49292800e-06,1.79999674e+00
5.49302800e-06,1.80000337e+00
5.49312800e-06,1.79999675e+00
5.49322800e-06,1.80000336e+00
5.49332800e-06,1.79999676e+00
5.49342800e-06,1.80000335e+00
5.49352800e-06,1.79999676e+00
5.49362800e-06,1.80000335e+00
5.49372800e-06,1.79999677e+00
5.49382800e-06,1.80000334e+00
5.49392800e-06,1.79999678e+00
5.49402800e-06,1.80000333e+00
5.49412800e-06,1.79999679e+00
5.49422800e-06,1.80000332e+00
5.49432800e-06,1.79999680e+00
5.49442800e-06,1.80000332e+00
5.49452800e-06,1.79999681e+00
5.49462800e-06,1.80000331e+00
5.49472800e-06,1.79999682e+00
5.49482800e-06,1.80000330e+00
5.49492800e-06,1.79999683e+00
5.49502800e-06,1.80000330e+00
5.49512800e-06,1.79999684e+00
5.49522800e-06,1.80000329e+00
5.49532800e-06,1.79999685e+00
5.49542800e-06,1.80000328e+00
5.49552800e-06,1.79999686e+00
5.49562800e-06,1.80000328e+00
5.49572800e-06,1.79999687e+00
5.49582800e-06,1.80000327e+00
5.49592800e-06,1.79999688e+00
5.49602800e-06,1.80000326e+00
5.49612800e-06,1.79999689e+00
5.49622800e-06,1.80000325e+00
5.49632800e-06,1.79999690e+00
5.49642800e-06,1.80000325e+00
5.49652800e-06,1.79999691e+00
5.49662800e-06,1.80000324e+00
5.49672800e-06,1.79999691e+00
5.49682800e-06,1.80000323e+00
5.49692800e-06,1.79999692e+00
5.49702800e-06,1.80000323e+00
5.49712800e-06,1.79999693e+00
5.49722800e-06,1.80000322e+00
5.49732800e-06,1.79999694e+00
5.49742800e-06,1.80000321e+00
5.49752800e-06,1.79999695e+00
5.49762800e-06,1.80000321e+00
5.49772800e-06,1.79999696e+00
5.49782800e-06,1.80000320e+00
5.49792800e-06,1.79999697e+00
5.49802800e-06,1.80000319e+00
5.49812800e-06,1.79999698e+00
5.49822800e-06,1.80000319e+00
5.49832800e-06,1.79999699e+00
5.49842800e-06,1.80000318e+00
5.49852800e-06,1.79999700e+00
5.49862800e-06,1.80000318e+00
5.49872800e-06,1.79999701e+00
5.49882800e-06,1.80000317e+00
5.49892800e-06,1.79999702e+00
5.49902800e-06,1.80000316e+00
5.49912800e-06,1.79999703e+00
5.49922800e-06,1.80000316e+00
5.49932800e-06,1.79999703e+00
5.49942800e-06,1.80000315e+00
5.49952800e-06,1.79999704e+00
5.49962800e-06,1.80000314e+00
5.49972800e-06,1.79999705e+00
5.49982800e-06,1.80000314e+00
5.49992800e-06,1.79999706e+00
5.50002800e-06,1.80000313e+00
5.50012800e-06,1.79999707e+00
5.50022800e-06,1.80000312e+00
5.50032800e-06,1.79999708e+00
5.50042800e-06,1.80000312e+00
5.50052800e-06,1.79999709e+00
5.50062800e-06,1.80000311e+00
5.50072800e-06,1.79999710e+00
5.50082800e-06,1.80000311e+00
5.50092800e-06,1.79999711e+00
5.50102800e-06,1.80000310e+00
5.50112800e-06,1.79999712e+00
5.50122800e-06,1.80000309e+00
5.50132800e-06,1.79999713e+00
5.50142800e-06,1.80000309e+00
5.50152800e-06,1.79999713e+00
5.50162800e-06,1.80000308e+00
5.50172800e-06,1.79999714e+00
5.50182800e-06,1.80000307e+00
5.50192800e-06,1.79999715e+00
5.50202800e-06,1.80000307e+00
5.50212800e-06,1.79999716e+00
5.50222800e-06,1.80000306e+00
5.50232800e-06,1.79999717e+00
5.50242800e-06,1.80000306e+00
5.50252800e-06,1.79999718e+00
5.50262800e-06,1.80000305e+00
5.50272800e-06,1.79999719e+00
5.50282800e-06,1.80000304e+00
5.50292800e-06,1.79999720e+00
5.50302800e-06,1.80000304e+00
5.50312800e-06,1.79999721e+00
5.50322800e-06,1.80000303e+00
5.50332800e-06,1.79999722e+00
5.50342800e-06,1.80000303e+00
5.50352800e-06,1.79999722e+00
5.50362800e-06,1.80000302e+00
5.50372800e-06,1.79999723e+00
5.50382800e-06,1.80000302e+00
5.50392800e-06,1.79999724e+00
5.50402800e-06,1.80000301e+00
5.50412800e-06,1.79999725e+00
5.50422800e-06,1.80000300e+00
5.50432800e-06,1.79999726e+00
5.50442800e-06,1.80000300e+00
5.50452800e-06,1.79999727e+00
5.50462800e-06,1.80000299e+00
5.50472800e-06,1.79999728e+00
5.50482800e-06,1.80000299e+00
5.50492800e-06,1.79999729e+00
5.50502800e-06,1.80000298e+00
5.50512800e-06,1.79999730e+00
5.50522800e-06,1.80000298e+00
5.50532800e-06,1.79999731e+00
5.50542800e-06,1.80000297e+00
5.50552800e-06,1.79999731e+00
5.50562800e-06,1.80000296e+00
5.50572800e-06,1.79999732e+00
5.50582800e-06,1.80000296e+00
5.50592800e-06,1.79999733e+00
5.50602800e-06,1.80000295e+00
5.50612800e-06,1.79999734e+00
5.50622800e-06,1.80000295e+00
5.50632800e-06,1.79999735e+00
5.50642800e-06,1.80000294e+00
5.50652800e-06,1.79999736e+00
5.50662800e-06,1.80000294e+00
5.50672800e-06,1.79999737e+00
5.50682800e-06,1.80000293e+00
5.50692800e-06,1.79999738e+00
5.50702800e-06,1.80000293e+00
5.50712800e-06,1.79999738e+00
5.50722800e-06,1.80000292e+00
5.50732800e-06,1.79999739e+00
5.50742800e-06,1.80000291e+00
5.50752800e-06,1.79999740e+00
5.50762800e-06,1.80000291e+00
5.50772800e-06,1.79999741e+00
5.50782800e-06,1.80000290e+00
5.50792800e-06,1.79999742e+00
5.50802800e-06,1.80000290e+00
5.50812800e-06,1.79999743e+00
5.50822800e-06,1.80000289e+00
5.50832800e-06,1.79999744e+00
5.50842800e-06,1.80000289e+00
5.50852800e-06,1.79999745e+00
5.50862800e-06,1.80000288e+00
5.50872800e-06,1.79999746e+00
5.50882800e-06,1.80000288e+00
5.50892800e-06,1.79999746e+00
5.50902800e-06,1.80000287e+00
5.50912800e-06,1.79999747e+00
5.50922800e-06,1.80000287e+00
5.50932800e-06,1.79999748e+00
5.50942800e-06,1.80000286e+00
5.50952800e-06,1.79999749e+00
5.50962800e-06,1.80000286e+00
5.50972800e-06,1.79999750e+00
5.50982800e-06,1.80000285e+00
5.50992800e-06,1.79999751e+00
5.51002800e-06,1.80000285e+00
5.51012800e-06,1.79999752e+00
5.51022800e-06,1.80000284e+00
5.51032800e-06,1.79999752e+00
5.51042800e-06,1.80000284e+00
5.51052800e-06,1.79999753e+00
5.51062800e-06,1.80000283e+00
5.51072800e-06,1.79999754e+00
5.51082800e-06,1.80000283e+00
5.51092800e-06,1.79999755e+00
5.51102800e-06,1.80000282e+00
5.51112800e-06,1.79999756e+00
5.51122800e-06,1.80000282e+00
5.51132800e-06,1.79999757e+00
5.51142800e-06,1.80000281e+00
5.51152800e-06,1.79999758e+00
5.51162800e-06,1.80000281e+00
5.51172800e-06,1.79999759e+00
5.51182800e-06,1.80000280e+00
5.51192800e-06,1.79999759e+00
5.51202800e-06,1.80000280e+00
5.51212800e-06,1.79999760e+00
5.51222800e-06,1.80000279e+00
5.51232800e-06,1.79999761e+00
5.51242800e-06,1.80000279e+00
5.51252800e-06,1.79999762e+00
5.51262800e-06,1.80000278e+00
5.51272800e-06,1.79999763e+00
5.51282800e-06,1.80000278e+00
5.51292800e-06,1.79999764e+00
5.51302800e-06,1.80000277e+00
5.51312800e-06,1.79999765e+00
5.51322800e-06,1.80000277e+00
5.51332800e-06,1.79999765e+00
5.51342800e-06,1.80000276e+00
5.51352800e-06,1.79999766e+00
5.51362800e-06,1.80000276e+00
5.51372800e-06,1.79999767e+00
5.51382800e-06,1.80000276e+00
5.51392800e-06,1.79999768e+00
5.51402800e-06,1.80000275e+00
5.51412800e-06,1.79999769e+00
5.51422800e-06,1.80000275e+00
5.51432800e-06,1.79999770e+00
5.51442800e-06,1.80000274e+00
5.51452800e-06,1.79999771e+00
5.51462800e-06,1.80000274e+00
5.51472800e-06,1.79999772e+00
5.51482800e-06,1.80000273e+00
5.51492800e-06,1.79999772e+00
5.51502800e-06,1.80000273e+00
5.51512800e-06,1.79999773e+00
5.51522800e-06,1.80000272e+00
5.51532800e-06,1.79999774e+00
5.51542800e-06,1.80000272e+00
5.51552800e-06,1.79999775e+00
5.51562800e-06,1.80000272e+00
5.51572800e-06,1.79999776e+00
5.51582800e-06,1.80000271e+00
5.51592800e-06,1.79999777e+00
5.51602800e-06,1.80000271e+00
5.51612800e-06,1.79999778e+00
5.51622800e-06,1.80000270e+00
5.51632800e-06,1.79999778e+00
5.51642800e-06,1.80000270e+00
5.51652800e-06,1.79999779e+00
5.51662800e-06,1.80000269e+00
5.51672800e-06,1.79999780e+00
5.51682800e-06,1.80000269e+00
5.51692800e-06,1.79999781e+00
5.51702800e-06,1.80000269e+00
5.51712800e-06,1.79999782e+00
5.51722800e-06,1.80000268e+00
5.51732800e-06,1.79999783e+00
5.51742800e-06,1.80000268e+00
5.51752800e-06,1.79999783e+00
5.51762800e-06,1.80000267e+00
5.51772800e-06,1.79999784e+00
5.51782800e-06,1.80000267e+00
5.51792800e-06,1.79999785e+00
5.51802800e-06,1.80000266e+00
5.51812800e-06,1.79999786e+00
5.51822800e-06,1.80000266e+00
5.51832800e-06,1.79999787e+00
5.51842800e-06,1.80000266e+00
5.51852800e-06,1.79999788e+00
5.51862800e-06,1.80000265e+00
5.51872800e-06,1.79999789e+00
5.51882800e-06,1.80000265e+00
5.51892800e-06,1.79999789e+00
5.51902800e-06,1.80000264e+00
5.51912800e-06,1.79999790e+00
5.51922800e-06,1.80000264e+00
5.51932800e-06,1.79999791e+00
5.51942800e-06,1.80000264e+00
5.51952800e-06,1.79999792e+00
5.51962800e-06,1.80000263e+00
5.51972800e-06,1.79999793e+00
5.51982800e-06,1.80000263e+00
5.51992800e-06,1.79999794e+00
5.52002800e-06,1.80000263e+00
5.52012800e-06,1.79999795e+00
5.52022800e-06,1.80000262e+00
5.52032800e-06,1.79999795e+00
5.52042800e-06,1.80000262e+00
5.52052800e-06,1.79999796e+00
5.52062800e-06,1.80000261e+00
5.52072800e-06,1.79999797e+00
5.52082800e-06,1.80000261e+00
5.52092800e-06,1.79999798e+00
5.52102800e-06,1.80000261e+00
5.52112800e-06,1.79999799e+00
5.52122800e-06,1.80000260e+00
5.52132800e-06,1.79999800e+00
5.52142800e-06,1.80000260e+00
5.52152800e-06,1.79999800e+00
5.52162800e-06,1.80000260e+00
5.52172800e-06,1.79999801e+00
5.52182800e-06,1.80000259e+00
5.52192800e-06,1.79999802e+00
5.52202800e-06,1.80000259e+00
5.52212800e-06,1.79999803e+00
5.52222800e-06,1.80000258e+00
5.52232800e-06,1.79999804e+00
5.52242800e-06,1.80000258e+00
5.52252800e-06,1.79999805e+00
5.52262800e-06,1.80000258e+00
5.52272800e-06,1.79999806e+00
5.52282800e-06,1.80000257e+00
5.52292800e-06,1.79999806e+00
5.52302800e-06,1.80000257e+00
5.52312800e-06,1.79999807e+00
5.52322800e-06,1.80000257e+00
5.52332800e-06,1.79999808e+00
5.52342800e-06,1.80000256e+00
5.52352800e-06,1.79999809e+00
5.52362800e-06,1.80000256e+00
5.52372800e-06,1.79999810e+00
5.52382800e-06,1.80000256e+00
5.52392800e-06,1.79999811e+00
5.52402800e-06,1.80000255e+00
5.52412800e-06,1.79999811e+00
5.52422800e-06,1.80000255e+00
5.52432800e-06,1.79999812e+00
5.52442800e-06,1.80000255e+00
5.52452800e-06,1.79999813e+00
5.52462800e-06,1.80000254e+00
5.52472800e-06,1.79999814e+00
5.52482800e-06,1.80000254e+00
5.52492800e-06,1.79999815e+00
5.52502800e-06,1.80000254e+00
5.52512800e-06,1.79999816e+00
5.52522800e-06,1.80000253e+00
5.52532800e-06,1.79999816e+00
5.52542800e-06,1.80000253e+00
5.52552800e-06,1.79999817e+00
5.52562800e-06,1.80000253e+00
5.52572800e-06,1.79999818e+00
5.52582800e-06,1.80000253e+00
5.52592800e-06,1.79999819e+00
5.52602800e-06,1.80000252e+00
5.52612800e-06,1.79999820e+00
5.52622800e-06,1.80000252e+00
5.52632800e-06,1.79999821e+00
5.52642800e-06,1.80000252e+00
5.52652800e-06,1.79999822e+00
5.52662800e-06,1.80000251e+00
5.52672800e-06,1.79999822e+00
5.52682800e-06,1.80000251e+00
5.52692800e-06,1.79999823e+00
5.52702800e-06,1.80000251e+00
5.52712800e-06,1.79999824e+00
5.52722800e-06,1.80000250e+00
5.52732800e-06,1.79999825e+00
5.52742800e-06,1.80000250e+00
5.52752800e-06,1.79999826e+00
5.52762800e-06,1.80000250e+00
5.52772800e-06,1.79999827e+00
5.52782800e-06,1.80000250e+00
5.52792800e-06,1.79999827e+00
5.52802800e-06,1.80000249e+00
5.52812800e-06,1.79999828e+00
5.52822800e-06,1.80000249e+00
5.52832800e-06,1.79999829e+00
5.52842800e-06,1.80000249e+00
5.52852800e-06,1.79999830e+00
5.52862800e-06,1.80000248e+00
5.52872800e-06,1.79999831e+00
5.52882800e-06,1.80000248e+00
5.52892800e-06,1.79999832e+00
5.52902800e-06,1.80000248e+00
5.52912800e-06,1.79999832e+00
5.52922800e-06,1.80000248e+00
5.52932800e-06,1.79999833e+00
5.52942800e-06,1.80000247e+00
5.52952800e-06,1.79999834e+00
5.52962800e-06,1.80000247e+00
5.52972800e-06,1.79999835e+00
5.52982800e-06,1.80000247e+00
5.52992800e-06,1.79999836e+00
5.53002800e-06,1.80000247e+00
5.53012800e-06,1.79999837e+00
5.53022800e-06,1.80000246e+00
5.53032800e-06,1.79999838e+00
5.53042800e-06,1.80000246e+00
5.53052800e-06,1.79999838e+00
5.53062800e-06,1.80000246e+00
5.53072800e-06,1.79999839e+00
5.53082800e-06,1.80000246e+00
5.53092800e-06,1.79999840e+00
5.53102800e-06,1.80000245e+00
5.53112800e-06,1.79999841e+00
5.53122800e-06,1.80000245e+00
5.53132800e-06,1.79999842e+00
5.53142800e-06,1.80000245e+00
5.53152800e-06,1.79999843e+00
5.53162800e-06,1.80000245e+00
5.53172800e-06,1.79999843e+00
5.53182800e-06,1.80000244e+00
5.53192800e-06,1.79999844e+00
5.53202800e-06,1.80000244e+00
5.53212800e-06,1.79999845e+00
5.53222800e-06,1.80000244e+00
5.53232800e-06,1.79999846e+00
5.53242800e-06,1.80000244e+00
5.53252800e-06,1.79999847e+00
5.53262800e-06,1.80000244e+00
5.53272800e-06,1.79999848e+00
5.53282800e-06,1.80000243e+00
5.53292800e-06,1.79999848e+00
5.53302800e-06,1.80000243e+00
5.53312800e-06,1.79999849e+00
5.53322800e-06,1.80000243e+00
5.53332800e-06,1.79999850e+00
5.53342800e-06,1.80000243e+00
5.53352800e-06,1.79999851e+00
5.53362800e-06,1.80000242e+00
5.53372800e-06,1.79999852e+00
5.53382800e-06,1.80000242e+00
5.53392800e-06,1.79999853e+00
5.53402800e-06,1.80000242e+00
5.53412800e-06,1.79999853e+00
5.53422800e-06,1.80000242e+00
5.53432800e-06,1.79999854e+00
5.53442800e-06,1.80000242e+00
5.53452800e-06,1.79999855e+00
5.53462800e-06,1.80000241e+00
5.53472800e-06,1.79999856e+00
5.53482800e-06,1.80000241e+00
5.53492800e-06,1.79999857e+00
5.53502800e-06,1.80000241e+00
5.53512800e-06,1.79999858e+00
5.53522800e-06,1.80000241e+00
5.53532800e-06,1.79999859e+00
5.53542800e-06,1.80000241e+00
5.53552800e-06,1.79999859e+00
5.53562800e-06,1.80000241e+00
5.53572800e-06,1.79999860e+00
5.53582800e-06,1.80000240e+00
5.53592800e-06,1.79999861e+00
5.53602800e-06,1.80000240e+00
5.53612800e-06,1.79999862e+00
5.53622800e-06,1.80000240e+00
5.53632800e-06,1.79999863e+00
5.53642800e-06,1.80000240e+00
5.53652800e-06,1.79999864e+00
5.53662800e-06,1.80000240e+00
5.53672800e-06,1.79999864e+00
5.53682800e-06,1.80000239e+00
5.53692800e-06,1.79999865e+00
5.53702800e-06,1.80000239e+00
5.53712800e-06,1.79999866e+00
5.53722800e-06,1.80000239e+00
5.53732800e-06,1.79999867e+00
5.53742800e-06,1.80000239e+00
5.53752800e-06,1.79999868e+00
5.53762800e-06,1.80000239e+00
5.53772800e-06,1.79999869e+00
5.53782800e-06,1.80000239e+00
5.53792800e-06,1.79999870e+00
5.53802800e-06,1.80000239e+00
5.53812800e-06,1.79999870e+00
5.53822800e-06,1.80000238e+00
5.53832800e-06,1.79999871e+00
5.53842800e-06,1.80000238e+00
5.53852800e-06,1.79999872e+00
5.53862800e-06,1.80000238e+00
5.53872800e-06,1.79999873e+00
5.53882800e-06,1.80000238e+00
5.53892800e-06,1.79999874e+00
5.53902800e-06,1.80000238e+00
5.53912800e-06,1.79999875e+00
5.53922800e-06,1.80000238e+00
5.53932800e-06,1.79999875e+00
5.53942800e-06,1.80000238e+00
5.53952800e-06,1.79999876e+00
5.53962800e-06,1.80000237e+00
5.53972800e-06,1.79999877e+00
5.53982800e-06,1.80000237e+00
5.53992800e-06,1.79999878e+00
5.54002800e-06,1.80000237e+00
5.54012800e-06,1.79999879e+00
5.54022800e-06,1.80000237e+00
5.54032800e-06,1.79999880e+00
5.54042800e-06,1.80000237e+00
5.54052800e-06,1.79999881e+00
5.54062800e-06,1.80000237e+00
5.54072800e-06,1.79999881e+00
5.54082800e-06,1.80000237e+00
5.54092800e-06,1.79999882e+00
5.54102800e-06,1.80000237e+00
5.54112800e-06,1.79999883e+00
5.54122800e-06,1.80000236e+00
5.54132800e-06,1.79999884e+00
5.54142800e-06,1.80000236e+00
5.54152800e-06,1.79999885e+00
5.54162800e-06,1.80000236e+00
5.54172800e-06,1.79999886e+00
5.54182800e-06,1.80000236e+00
5.54192800e-06,1.79999887e+00
5.54202800e-06,1.80000236e+00
5.54212800e-06,1.79999887e+00
5.54222800e-06,1.80000236e+00
5.54232800e-06,1.79999888e+00
5.54242800e-06,1.80000236e+00
5.54252800e-06,1.79999889e+00
5.54262800e-06,1.80000236e+00
5.54272800e-06,1.79999890e+00
5.54282800e-06,1.80000236e+00
5.54292800e-06,1.79999891e+00
5.54302800e-06,1.80000236e+00
5.54312800e-06,1.79999892e+00
5.54322800e-06,1.80000236e+00
5.54332800e-06,1.79999892e+00
5.54342800e-06,1.80000235e+00
5.54352800e-06,1.79999893e+00
5.54362800e-06,1.80000235e+00
5.54372800e-06,1.79999894e+00
5.54382800e-06,1.80000235e+00
5.54392800e-06,1.79999895e+00
5.54402800e-06,1.80000235e+00
5.54412800e-06,1.79999896e+00
5.54422800e-06,1.80000235e+00
5.54432800e-06,1.79999897e+00
5.54442800e-06,1.80000235e+00
5.54452800e-06,1.79999898e+00
5.54462800e-06,1.80000235e+00
5.54472800e-06,1.79999899e+00
5.54482800e-06,1.80000235e+00
5.54492800e-06,1.79999899e+00
5.54502800e-06,1.80000235e+00
5.54512800e-06,1.79999900e+00
5.54522800e-06,1.80000235e+00
5.54532800e-06,1.79999901e+00
5.54542800e-06,1.80000235e+00
5.54552800e-06,1.79999902e+00
5.54562800e-06,1.80000235e+00
5.54572800e-06,1.79999903e+00
5.54582800e-06,1.80000235e+00
5.54592800e-06,1.79999904e+00
5.54602800e-06,1.80000235e+00
5.54612800e-06,1.79999905e+00
5.54622800e-06,1.80000235e+00
5.54632800e-06,1.79999905e+00
5.54642800e-06,1.80000235e+00
5.54652800e-06,1.79999906e+00
5.54662800e-06,1.80000235e+00
5.54672800e-06,1.79999907e+00
5.54682800e-06,1.80000235e+00
5.54692800e-06,1.79999908e+00
5.54702800e-06,1.80000235e+00
5.54712800e-06,1.79999909e+00
5.54722800e-06,1.80000235e+00
5.54732800e-06,1.79999910e+00
5.54742800e-06,1.80000235e+00
5.54752800e-06,1.79999911e+00
5.54762800e-06,1.80000234e+00
5.54772800e-06,1.79999912e+00
5.54782800e-06,1.80000234e+00
5.54792800e-06,1.79999912e+00
5.54802800e-06,1.80000234e+00
5.54812800e-06,1.79999913e+00
5.54822800e-06,1.80000234e+00
5.54832800e-06,1.79999914e+00
5.54842800e-06,1.80000234e+00
5.54852800e-06,1.79999915e+00
5.54862800e-06,1.80000234e+00
5.54872800e-06,1.79999916e+00
5.54882800e-06,1.80000234e+00
5.54892800e-06,1.79999917e+00
5.54902800e-06,1.80000234e+00
5.54912800e-06,1.79999918e+00
5.54922800e-06,1.80000234e+00
5.54932800e-06,1.79999919e+00
5.54942800e-06,1.80000234e+00
5.54952800e-06,1.79999919e+00
5.54962800e-06,1.80000234e+00
5.54972800e-06,1.79999920e+00
5.54982800e-06,1.80000234e+00
5.54992800e-06,1.79999921e+00
5.55002800e-06,1.80000235e+00
5.55012800e-06,1.79999922e+00
5.55022800e-06,1.80000235e+00
5.55032800e-06,1.79999923e+00
5.55042800e-06,1.80000235e+00
5.55052800e-06,1.79999924e+00
5.55062800e-06,1.80000235e+00
5.55072800e-06,1.79999925e+00
5.55082800e-06,1.80000235e+00
5.55092800e-06,1.79999926e+00
5.55102800e-06,1.80000235e+00
5.55112800e-06,1.79999926e+00
5.55122800e-06,1.80000235e+00
5.55132800e-06,1.79999927e+00
5.55142800e-06,1.80000235e+00
5.55152800e-06,1.79999928e+00
5.55162800e-06,1.80000235e+00
5.55172800e-06,1.79999929e+00
5.55182800e-06,1.80000235e+00
5.55192800e-06,1.79999930e+00
5.55202800e-06,1.80000235e+00
5.55212800e-06,1.79999931e+00
5.55222800e-06,1.80000235e+00
5.55232800e-06,1.79999932e+00
5.55242800e-06,1.80000235e+00
5.55252800e-06,1.79999933e+00
5.55262800e-06,1.80000235e+00
5.55272800e-06,1.79999934e+00
5.55282800e-06,1.80000235e+00
5.55292800e-06,1.79999934e+00
5.55302800e-06,1.80000235e+00
5.55312800e-06,1.79999935e+00
5.55322800e-06,1.80000235e+00
5.55332800e-06,1.79999936e+00
5.55342800e-06,1.80000235e+00
5.55352800e-06,1.79999937e+00
5.55362800e-06,1.80000235e+00
5.55372800e-06,1.79999938e+00
5.55382800e-06,1.80000235e+00
5.55392800e-06,1.79999939e+00
5.55402800e-06,1.80000236e+00
5.55412800e-06,1.79999940e+00
5.55422800e-06,1.80000236e+00
5.55432800e-06,1.79999941e+00
5.55442800e-06,1.80000236e+00
5.55452800e-06,1.79999942e+00
5.55462800e-06,1.80000236e+00
5.55472800e-06,1.79999943e+00
5.55482800e-06,1.80000236e+00
5.55492800e-06,1.79999944e+00
5.55502800e-06,1.80000236e+00
5.55512800e-06,1.79999944e+00
5.55522800e-06,1.80000236e+00
5.55532800e-06,1.79999945e+00
5.55542800e-06,1.80000236e+00
5.55552800e-06,1.79999946e+00
5.55562800e-06,1.80000236e+00
5.55572800e-06,1.79999947e+00
5.55582800e-06,1.80000236e+00
5.55592800e-06,1.79999948e+00
5.55602800e-06,1.80000237e+00
5.55612800e-06,1.79999949e+00
5.55622800e-06,1.80000237e+00
5.55632800e-06,1.79999950e+00
5.55642800e-06,1.80000237e+00
5.55652800e-06,1.79999951e+00
5.55662800e-06,1.80000237e+00
5.55672800e-06,1.79999952e+00
5.55682800e-06,1.80000237e+00
5.55692800e-06,1.79999953e+00
5.55702800e-06,1.80000237e+00
5.55712800e-06,1.79999954e+00
5.55722800e-06,1.80000237e+00
5.55732800e-06,1.79999955e+00
5.55742800e-06,1.80000237e+00
5.55752800e-06,1.79999955e+00
5.55762800e-06,1.80000238e+00
5.55772800e-06,1.79999956e+00
5.55782800e-06,1.80000238e+00
5.55792800e-06,1.79999957e+00
5.55802800e-06,1.80000238e+00
5.55812800e-06,1.79999958e+00
5.55822800e-06,1.80000238e+00
5.55832800e-06,1.79999959e+00
5.55842800e-06,1.80000238e+00
5.55852800e-06,1.79999960e+00
5.55862800e-06,1.80000238e+00
5.55872800e-06,1.79999961e+00
5.55882800e-06,1.80000239e+00
5.55892800e-06,1.79999962e+00
5.55902800e-06,1.80000239e+00
5.55912800e-06,1.79999963e+00
5.55922800e-06,1.80000239e+00
5.55932800e-06,1.79999964e+00
5.55942800e-06,1.80000239e+00
5.55952800e-06,1.79999965e+00
5.55962800e-06,1.80000239e+00
5.55972800e-06,1.79999966e+00
5.55982800e-06,1.80000239e+00
5.55992800e-06,1.79999967e+00
5.56002800e-06,1.80000240e+00
5.56012800e-06,1.79999968e+00
5.56022800e-06,1.80000240e+00
5.56032800e-06,1.79999969e+00
5.56042800e-06,1.80000240e+00
5.56052800e-06,1.79999970e+00
5.56062800e-06,1.80000240e+00
5.56072800e-06,1.79999971e+00
5.56082800e-06,1.80000240e+00
5.56092800e-06,1.79999971e+00
5.56102800e-06,1.80000241e+00
5.56112800e-06,1.79999972e+00
5.56122800e-06,1.80000241e+00
5.56132800e-06,1.79999973e+00
5.56142800e-06,1.80000241e+00
5.56152800e-06,1.79999974e+00
5.56162800e-06,1.80000241e+00
5.56172800e-06,1.79999975e+00
5.56182800e-06,1.80000241e+00
5.56192800e-06,1.79999976e+00
5.56202800e-06,1.80000242e+00
5.56212800e-06,1.79999977e+00
5.56222800e-06,1.80000242e+00
5.56232800e-06,1.79999978e+00
5.56242800e-06,1.80000242e+00
5.56252800e-06,1.79999979e+00
5.56262800e-06,1.80000242e+00
5.56272800e-06,1.79999980e+00
5.56282800e-06,1.80000243e+00
5.56292800e-06,1.79999981e+00
5.56302800e-06,1.80000243e+00
5.56312800e-06,1.79999982e+00
5.56322800e-06,1.80000243e+00
5.56332800e-06,1.79999983e+00
5.56342800e-06,1.80000243e+00
5.56352800e-06,1.79999984e+00
5.56362800e-06,1.80000244e+00
5.56372800e-06,1.79999985e+00
5.56382800e-06,1.80000244e+00
5.56392800e-06,1.79999986e+00
5.56402800e-06,1.80000244e+00
5.56412800e-06,1.79999987e+00
5.56422800e-06,1.80000244e+00
5.56432800e-06,1.79999988e+00
5.56442800e-06,1.80000245e+00
5.56452800e-06,1.79999989e+00
5.56462800e-06,1.80000245e+00
5.56472800e-06,1.79999990e+00
5.56482800e-06,1.80000245e+00
5.56492800e-06,1.79999991e+00
5.56502800e-06,1.80000246e+00
5.56512800e-06,1.79999992e+00
5.56522800e-06,1.80000246e+00
5.56532800e-06,1.79999993e+00
5.56542800e-06,1.80000246e+00
5.56552800e-06,1.79999994e+00
5.56562800e-06,1.80000246e+00
5.56572800e-06,1.79999995e+00
5.56582800e-06,1.80000247e+00
5.56592800e-06,1.79999996e+00
5.56602800e-06,1.80000247e+00
5.56612800e-06,1.79999997e+00
5.56622800e-06,1.80000247e+00
5.56632800e-06,1.79999998e+00
5.56642800e-06,1.80000248e+00
5.56652800e-06,1.79999999e+00
5.56662800e-06,1.80000248e+00
5.56672800e-06,1.80000000e+00
5.56682800e-06,1.80000248e+00
5.56692800e-06,1.80000001e+00
5.56702800e-06,1.80000249e+00
5.56712800e-06,1.80000002e+00
5.56722800e-06,1.80000249e+00
5.56732800e-06,1.80000003e+00
5.56742800e-06,1.80000249e+00
5.56752800e-06,1.80000004e+00
5.56762800e-06,1.80000250e+00
5.56772800e-06,1.80000005e+00
5.56782800e-06,1.80000250e+00
5.56792800e-06,1.80000006e+00
5.56802800e-06,1.80000250e+00
5.56812800e-06,1.80000007e+00
5.56822800e-06,1.80000251e+00
5.56832800e-06,1.80000008e+00
5.56842800e-06,1.80000251e+00
5.56852800e-06,1.80000009e+00
5.56862800e-06,1.80000252e+00
5.56872800e-06,1.80000010e+00
5.56882800e-06,1.80000252e+00
5.56892800e-06,1.80000011e+00
5.56902800e-06,1.80000252e+00
5.56912800e-06,1.80000013e+00
5.56922800e-06,1.80000253e+00
5.56932800e-06,1.80000014e+00
5.56942800e-06,1.80000253e+00
5.56952800e-06,1.80000015e+00
5.56962800e-06,1.80000254e+00
5.56972800e-06,1.80000016e+00
5.56982800e-06,1.80000254e+00
5.56992800e-06,1.80000017e+00
5.57002800e-06,1.80000254e+00
5.57012800e-06,1.80000018e+00
5.57022800e-06,1.80000255e+00
5.57032800e-06,1.80000019e+00
5.57042800e-06,1.80000255e+00
5.57052800e-06,1.80000020e+00
5.57062800e-06,1.80000256e+00
5.57072800e-06,1.80000021e+00
5.57082800e-06,1.80000256e+00
5.57092800e-06,1.80000022e+00
5.57102800e-06,1.80000256e+00
5.57112800e-06,1.80000023e+00
5.57122800e-06,1.80000257e+00
5.57132800e-06,1.80000024e+00
5.57142800e-06,1.80000257e+00
5.57152800e-06,1.80000025e+00
5.57162800e-06,1.80000258e+00
5.57172800e-06,1.80000026e+00
5.57182800e-06,1.80000258e+00
5.57192800e-06,1.80000028e+00
5.57202800e-06,1.80000259e+00
5.57212800e-06,1.80000029e+00
5.57222800e-06,1.80000259e+00
5.57232800e-06,1.80000030e+00
5.57242800e-06,1.80000260e+00
5.57252800e-06,1.80000031e+00
5.57262800e-06,1.80000260e+00
5.57272800e-06,1.80000032e+00
5.57282800e-06,1.80000261e+00
5.57292800e-06,1.80000033e+00
5.57302800e-06,1.80000261e+00
5.57312800e-06,1.80000034e+00
5.57322800e-06,1.80000262e+00
5.57332800e-06,1.80000035e+00
5.57342800e-06,1.80000262e+00
5.57352800e-06,1.80000036e+00
5.57362800e-06,1.80000263e+00
5.57372800e-06,1.80000038e+00
5.57382800e-06,1.80000263e+00
5.57392800e-06,1.80000039e+00
5.57402800e-06,1.80000264e+00
5.57412800e-06,1.80000040e+00
5.57422800e-06,1.80000264e+00
5.57432800e-06,1.80000041e+00
5.57442800e-06,1.80000265e+00
5.57452800e-06,1.80000042e+00
5.57462800e-06,1.80000265e+00
5.57472800e-06,1.80000043e+00
5.57482800e-06,1.80000266e+00
5.57492800e-06,1.80000045e+00
5.57502800e-06,1.80000266e+00
5.57512800e-06,1.80000046e+00
5.57522800e-06,1.80000267e+00
5.57532800e-06,1.80000047e+00
5.57542800e-06,1.80000267e+00
5.57552800e-06,1.80000048e+00
5.57562800e-06,1.80000268e+00
5.57572800e-06,1.80000049e+00
5.57582800e-06,1.80000269e+00
5.57592800e-06,1.80000050e+00
5.57602800e-06,1.80000269e+00
5.57612800e-06,1.80000052e+00
5.57622800e-06,1.80000270e+00
5.57632800e-06,1.80000053e+00
5.57642800e-06,1.80000270e+00
5.57652800e-06,1.80000054e+00
5.57662800e-06,1.80000271e+00
5.57672800e-06,1.80000055e+00
5.57682800e-06,1.80000272e+00
5.57692800e-06,1.80000056e+00
5.57702800e-06,1.80000272e+00
5.57712800e-06,1.80000058e+00
5.57722800e-06,1.80000273e+00
5.57732800e-06,1.80000059e+00
5.57742800e-06,1.80000273e+00
5.57752800e-06,1.80000060e+00
5.57762800e-06,1.80000274e+00
5.57772800e-06,1.80000061e+00
5.57782800e-06,1.80000274e+00
5.57792800e-06,1.80000063e+00
5.57802800e-06,1.80000275e+00
5.57812800e-06,1.80000064e+00
5.57822800e-06,1.80000275e+00
5.57832800e-06,1.80000065e+00
5.57842800e-06,1.80000276e+00
5.57852800e-06,1.80000067e+00
5.57862800e-06,1.80000276e+00
5.57872800e-06,1.80000068e+00
5.57882800e-06,1.80000277e+00
5.57892800e-06,1.80000070e+00
5.57902800e-06,1.80000277e+00
5.57912800e-06,1.80000071e+00
5.57922800e-06,1.80000278e+00
5.57932800e-06,1.80000072e+00
5.57942800e-06,1.80000279e+00
5.57952800e-06,1.80000074e+00
5.57962800e-06,1.80000279e+00
5.57972800e-06,1.80000075e+00
5.57982800e-06,1.80000280e+00
5.57992800e-06,1.80000076e+00
5.58002800e-06,1.80000280e+00
5.58012800e-06,1.80000078e+00
5.58022800e-06,1.80000281e+00
5.58032800e-06,1.80000079e+00
5.58042800e-06,1.80000282e+00
5.58052800e-06,1.80000081e+00
5.58062800e-06,1.80000282e+00
5.58072800e-06,1.80000082e+00
5.58082800e-06,1.80000283e+00
5.58092800e-06,1.80000083e+00
5.58102800e-06,1.80000283e+00
5.58112800e-06,1.80000085e+00
5.58122800e-06,1.80000284e+00
5.58132800e-06,1.80000086e+00
5.58142800e-06,1.80000285e+00
5.58152800e-06,1.80000088e+00
5.58162800e-06,1.80000285e+00
5.58172800e-06,1.80000089e+00
5.58182800e-06,1.80000286e+00
5.58192800e-06,1.80000091e+00
5.58202800e-06,1.80000287e+00
5.58212800e-06,1.80000092e+00
5.58222800e-06,1.80000287e+00
5.58232800e-06,1.80000094e+00
5.58242800e-06,1.80000288e+00
5.58252800e-06,1.80000095e+00
5.58262800e-06,1.80000289e+00
5.58272800e-06,1.80000097e+00
5.58282800e-06,1.80000289e+00
5.58292800e-06,1.80000098e+00
5.58302800e-06,1.80000290e+00
5.58312800e-06,1.80000100e+00
5.58322800e-06,1.80000291e+00
5.58332800e-06,1.80000101e+00
5.58342800e-06,1.80000292e+00
5.58352800e-06,1.80000103e+00
5.58362800e-06,1.80000292e+00
5.58372800e-06,1.80000104e+00
5.58382800e-06,1.80000293e+00
5.58392800e-06,1.80000106e+00
5.58402800e-06,1.80000294e+00
5.58412800e-06,1.80000107e+00
5.58422800e-06,1.80000295e+00
5.58432800e-06,1.80000109e+00
5.58442800e-06,1.80000296e+00
5.58452800e-06,1.80000110e+00
5.58462800e-06,1.80000296e+00
5.58472800e-06,1.80000112e+00
5.58482800e-06,1.80000297e+00
5.58492800e-06,1.80000113e+00
5.58502800e-06,1.80000298e+00
5.58512800e-06,1.80000115e+00
5.58522800e-06,1.80000299e+00
5.58532800e-06,1.80000116e+00
5.58542800e-06,1.80000300e+00
5.58552800e-06,1.80000118e+00
5.58562800e-06,1.80000300e+00
5.58572800e-06,1.80000120e+00
5.58582800e-06,1.80000301e+00
5.58592800e-06,1.80000121e+00
5.58602800e-06,1.80000302e+00
5.58612800e-06,1.80000123e+00
5.58622800e-06,1.80000303e+00
5.58632800e-06,1.80000124e+00
5.58642800e-06,1.80000304e+00
5.58652800e-06,1.80000126e+00
5.58662800e-06,1.80000305e+00
5.58672800e-06,1.80000128e+00
5.58682800e-06,1.80000306e+00
5.58692800e-06,1.80000129e+00
5.58702800e-06,1.80000307e+00
5.58712800e-06,1.80000131e+00
5.58722800e-06,1.80000308e+00
5.58732800e-06,1.80000133e+00
5.58742800e-06,1.80000308e+00
5.58752800e-06,1.80000134e+00
5.58762800e-06,1.80000309e+00
5.58772800e-06,1.80000136e+00
5.58782800e-06,1.80000310e+00
5.58792800e-06,1.80000138e+00
5.58802800e-06,1.80000311e+00
5.58812800e-06,1.80000139e+00
5.58822800e-06,1.80000312e+00
5.58832800e-06,1.80000141e+00
5.58842800e-06,1.80000313e+00
5.58852800e-06,1.80000143e+00
5.58862800e-06,1.80000314e+00
5.58872800e-06,1.80000144e+00
5.58882800e-06,1.80000315e+00
5.58892800e-06,1.80000146e+00
5.58902800e-06,1.80000316e+00
5.58912800e-06,1.80000148e+00
5.58922800e-06,1.80000317e+00
5.58932800e-06,1.80000150e+00
5.58942800e-06,1.80000319e+00
5.58952800e-06,1.80000152e+00
5.58962800e-06,1.80000320e+00
5.58972800e-06,1.80000153e+00
5.58982800e-06,1.80000321e+00
5.58992800e-06,1.80000155e+00
5.59002800e-06,1.80000322e+00
5.59012800e-06,1.80000157e+00
5.59022800e-06,1.80000323e+00
5.59032800e-06,1.80000159e+00
5.59042800e-06,1.80000324e+00
5.59052800e-06,1.80000161e+00
5.59062800e-06,1.80000325e+00
5.59072800e-06,1.80000162e+00
5.59082800e-06,1.80000326e+00
5.59092800e-06,1.80000164e+00
5.59102800e-06,1.80000327e+00
5.59112800e-06,1.80000166e+00
5.59122800e-06,1.80000329e+00
5.59132800e-06,1.80000168e+00
5.59142800e-06,1.80000330e+00
5.59152800e-06,1.80000170e+00
5.59162800e-06,1.80000331e+00
5.59172800e-06,1.80000172e+00
5.59182800e-06,1.80000332e+00
5.59192800e-06,1.80000174e+00
5.59202800e-06,1.80000334e+00
5.59212800e-06,1.80000176e+00
5.59222800e-06,1.80000335e+00
5.59232800e-06,1.80000178e+00
5.59242800e-06,1.80000336e+00
5.59252800e-06,1.80000179e+00
5.59262800e-06,1.80000337e+00
5.59272800e-06,1.80000181e+00
5.59282800e-06,1.80000339e+00
5.59292800e-06,1.80000183e+00
5.59302800e-06,1.80000340e+00
5.59312800e-06,1.80000185e+00
5.59322800e-06,1.80000341e+00
5.59332800e-06,1.80000187e+00
5.59342800e-06,1.80000343e+00
5.59352800e-06,1.80000189e+00
5.59362800e-06,1.80000344e+00
5.59372800e-06,1.80000192e+00
5.59382800e-06,1.80000345e+00
5.59392800e-06,1.80000194e+00
5.59402800e-06,1.80000347e+00
5.59412800e-06,1.80000196e+00
5.59422800e-06,1.80000348e+00
5.59432800e-06,1.80000198e+00
5.59442800e-06,1.80000350e+00
5.59452800e-06,1.80000200e+00
5.59462800e-06,1.80000351e+00
5.59472800e-06,1.80000202e+00
5.59482800e-06,1.80000353e+00
5.59492800e-06,1.80000204e+00
5.59502800e-06,1.80000354e+00
5.59512800e-06,1.80000206e+00
5.59522800e-06,1.80000356e+00
5.59532800e-06,1.80000208e+00
5.59542800e-06,1.80000357e+00
5.59552800e-06,1.80000211e+00
5.59562800e-06,1.80000359e+00
5.59572800e-06,1.80000213e+00
5.59582800e-06,1.80000360e+00
5.59592800e-06,1.80000215e+00
5.59602800e-06,1.80000362e+00
5.59612800e-06,1.80000217e+00
5.59622800e-06,1.80000363e+00
5.59632800e-06,1.80000220e+00
5.59642800e-06,1.80000365e+00
5.59652800e-06,1.80000222e+00
5.59662800e-06,1.80000367e+00
5.59672800e-06,1.80000224e+00
5.59682800e-06,1.80000368e+00
5.59692800e-06,1.80000226e+00
5.59702800e-06,1.80000370e+00
5.59712800e-06,1.80000229e+00
5.59722800e-06,1.80000372e+00
5.59732800e-06,1.80000231e+00
5.59742800e-06,1.80000373e+00
5.59752800e-06,1.80000233e+00
5.59762800e-06,1.80000375e+00
5.59772800e-06,1.80000236e+00
5.59782800e-06,1.80000377e+00
5.59792800e-06,1.80000238e+00
5.59802800e-06,1.80000379e+00
5.59812800e-06,1.80000241e+00
5.59822800e-06,1.80000380e+00
5.59832800e-06,1.80000243e+00
5.59842800e-06,1.80000382e+00
5.59852800e-06,1.80000246e+00
5.59862800e-06,1.80000384e+00
5.59872800e-06,1.80000248e+00
5.59882800e-06,1.80000386e+00
5.59892800e-06,1.80000251e+00
5.59902800e-06,1.80000388e+00
5.59912800e-06,1.80000253e+00
5.59922800e-06,1.80000390e+00
5.59932800e-06,1.80000256e+00
5.59942800e-06,1.80000392e+00
5.59952800e-06,1.80000258e+00
5.59962800e-06,1.80000394e+00
5.59972800e-06,1.80000261e+00
5.59982800e-06,1.80000396e+00
5.59992800e-06,1.80000264e+00
5.60002800e-06,1.80000398e+00
5.60012800e-06,1.80000266e+00
5.60022800e-06,1.80000400e+00
5.60032800e-06,1.80000269e+00
5.60042800e-06,1.80000402e+00
5.60052800e-06,1.80000272e+00
5.60062800e-06,1.80000404e+00
5.60072800e-06,1.80000275e+00
5.60082800e-06,1.80000406e+00
5.60092800e-06,1.80000277e+00
5.60102800e-06,1.80000408e+00
5.60112800e-06,1.80000280e+00
5.60122800e-06,1.80000411e+00
5.60132800e-06,1.80000283e+00
5.60142800e-06,1.80000413e+00
5.60152800e-06,1.80000286e+00
5.60162800e-06,1.80000415e+00
5.60172800e-06,1.80000289e+00
5.60182800e-06,1.80000417e+00
5.60192800e-06,1.80000292e+00
5.60202800e-06,1.80000429e+00
5.60212800e-06,1.80000296e+00
5.60222800e-06,1.80000430e+00
5.60232800e-06,1.80000300e+00
5.60242800e-06,1.80000431e+00
5.60252800e-06,1.80000304e+00
5.60262800e-06,1.80000433e+00
5.60272800e-06,1.80000308e+00
5.60282800e-06,1.80000435e+00
5.60292800e-06,1.80000311e+00
5.60302800e-06,1.80000437e+00
5.60312800e-06,1.80000314e+00
5.60322800e-06,1.80000440e+00
5.60332800e-06,1.80000318e+00
5.60342800e-06,1.80000442e+00
5.60352800e-06,1.80000321e+00
5.60362800e-06,1.80000445e+00
5.60372800e-06,1.80000324e+00
5.60382800e-06,1.80000447e+00
5.60392800e-06,1.80000328e+00
5.60402800e-06,1.80000450e+00
5.60412800e-06,1.80000331e+00
5.60422800e-06,1.80000453e+00
5.60432800e-06,1.80000334e+00
5.60442800e-06,1.80000456e+00
5.60452800e-06,1.80000338e+00
5.60462800e-06,1.80000458e+00
5.60472800e-06,1.80000341e+00
5.60482800e-06,1.80000461e+00
5.60492800e-06,1.80000345e+00
5.60502800e-06,1.80000464e+00
5.60512800e-06,1.80000348e+00
5.60522800e-06,1.80000467e+00
5.60532800e-06,1.80000352e+00
5.60542800e-06,1.80000470e+00
5.60552800e-06,1.80000355e+00
5.60562800e-06,1.80000473e+00
5.60572800e-06,1.80000359e+00
5.60582800e-06,1.80000476e+00
5.60592800e-06,1.80000363e+00
5.60602800e-06,1.80000479e+00
5.60612800e-06,1.80000366e+00
5.60622800e-06,1.80000482e+00
5.60632800e-06,1.80000370e+00
5.60642800e-06,1.80000486e+00
5.60652800e-06,1.80000374e+00
5.60662800e-06,1.80000489e+00
5.60672800e-06,1.80000378e+00
5.60682800e-06,1.80000492e+00
5.60692800e-06,1.80000382e+00
5.60702800e-06,1.80000496e+00
5.60712800e-06,1.80000386e+00
5.60722800e-06,1.80000499e+00
5.60732800e-06,1.80000390e+00
5.60742800e-06,1.80000502e+00
5.60752800e-06,1.80000394e+00
5.60762800e-06,1.80000506e+00
5.60772800e-06,1.80000398e+00
5.60782800e-06,1.80000510e+00
5.60792800e-06,1.80000402e+00
5.60802800e-06,1.80000513e+00
5.60812800e-06,1.80000406e+00
5.60822800e-06,1.80000517e+00
5.60832800e-06,1.80000411e+00
5.60842800e-06,1.80000521e+00
5.60852800e-06,1.80000415e+00
5.60862800e-06,1.80000524e+00
5.60872800e-06,1.80000420e+00
5.60882800e-06,1.80000528e+00
5.60892800e-06,1.80000424e+00
5.60902800e-06,1.80000532e+00
5.60912800e-06,1.80000429e+00
5.60922800e-06,1.80000536e+00
5.60932800e-06,1.80000433e+00
5.60942800e-06,1.80000540e+00
5.60952800e-06,1.80000438e+00
5.60962800e-06,1.80000545e+00
5.60972800e-06,1.80000443e+00
5.60982800e-06,1.80000549e+00
5.60992800e-06,1.80000447e+00
5.61002800e-06,1.80000553e+00
5.61012800e-06,1.80000452e+00
5.61022800e-06,1.80000557e+00
5.61032800e-06,1.80000457e+00
5.61042800e-06,1.80000562e+00
5.61052800e-06,1.80000462e+00
5.61062800e-06,1.80000566e+00
5.61072800e-06,1.80000467e+00
5.61082800e-06,1.80000571e+00
5.61092800e-06,1.80000473e+00
5.61102800e-06,1.80000576e+00
5.61112800e-06,1.80000478e+00
5.61122800e-06,1.80000580e+00
5.61132800e-06,1.80000483e+00
5.61142800e-06,1.80000585e+00
5.61152800e-06,1.80000489e+00
5.61162800e-06,1.80000590e+00
5.61172800e-06,1.80000494e+00
5.61182800e-06,1.80000595e+00
5.61192800e-06,1.80000500e+00
5.61202800e-06,1.80000600e+00
5.61212800e-06,1.80000506e+00
5.61222800e-06,1.80000606e+00
5.61232800e-06,1.80000511e+00
5.61242800e-06,1.80000611e+00
5.61252800e-06,1.80000517e+00
5.61262800e-06,1.80000616e+00
5.61272800e-06,1.80000523e+00
5.61282800e-06,1.80000622e+00
5.61292800e-06,1.80000529e+00
5.61302800e-06,1.80000627e+00
5.61312800e-06,1.80000536e+00
5.61322800e-06,1.80000633e+00
5.61332800e-06,1.80000542e+00
5.61342800e-06,1.80000639e+00
5.61352800e-06,1.80000548e+00
5.61362800e-06,1.80000645e+00
5.61372800e-06,1.80000555e+00
5.61382800e-06,1.80000651e+00
5.61392800e-06,1.80000562e+00
5.61402800e-06,1.80000657e+00
5.61412800e-06,1.80000569e+00
5.61422800e-06,1.80000663e+00
5.61432800e-06,1.80000575e+00
5.61442800e-06,1.80000670e+00
5.61452800e-06,1.80000582e+00
5.61462800e-06,1.80000676e+00
5.61472800e-06,1.80000590e+00
5.61482800e-06,1.80000683e+00
5.61492800e-06,1.80000597e+00
5.61502800e-06,1.80000690e+00
5.61512800e-06,1.80000604e+00
5.61522800e-06,1.80000697e+00
5.61532800e-06,1.80000612e+00
5.61542800e-06,1.80000704e+00
5.61552800e-06,1.80000620e+00
5.61562800e-06,1.80000711e+00
5.61572800e-06,1.80000628e+00
5.61582800e-06,1.80000719e+00
5.61592800e-06,1.80000636e+00
5.61602800e-06,1.80000726e+00
5.61612800e-06,1.80000644e+00
5.61622800e-06,1.80000734e+00
5.61632800e-06,1.80000652e+00
5.61642800e-06,1.80000742e+00
5.61652800e-06,1.80000661e+00
5.61662800e-06,1.80000750e+00
5.61672800e-06,1.80000670e+00
5.61682800e-06,1.80000759e+00
5.61692800e-06,1.80000679e+00
5.61702800e-06,1.80000767e+00
5.61712800e-06,1.80000688e+00
5.61722800e-06,1.80000776e+00
5.61732800e-06,1.80000697e+00
5.61742800e-06,1.80000785e+00
5.61752800e-06,1.80000707e+00
5.61762800e-06,1.80000794e+00
5.61772800e-06,1.80000716e+00
5.61782800e-06,1.80000803e+00
5.61792800e-06,1.80000726e+00
5.61802800e-06,1.80000813e+00
5.61812800e-06,1.80000737e+00
5.61822800e-06,1.80000822e+00
5.61832800e-06,1.80000747e+00
5.61842800e-06,1.80000832e+00
5.61852800e-06,1.80000758e+00
5.61862800e-06,1.80000843e+00
5.61872800e-06,1.80000769e+00
5.61882800e-06,1.80000853e+00
5.61892800e-06,1.80000780e+00
5.61902800e-06,1.80000864e+00
5.61912800e-06,1.80000791e+00
5.61922800e-06,1.80000875e+00
5.61932800e-06,1.80000803e+00
5.61942800e-06,1.80000887e+00
5.61952800e-06,1.80000815e+00
5.61962800e-06,1.80000898e+00
5.61972800e-06,1.80000828e+00
5.61982800e-06,1.80000910e+00
5.61992800e-06,1.80000840e+00
5.62002800e-06,1.80000922e+00
5.62012800e-06,1.80000853e+00
5.62022800e-06,1.80000935e+00
5.62032800e-06,1.80000866e+00
5.62042800e-06,1.80000948e+00
5.62052800e-06,1.80000880e+00
5.62062800e-06,1.80000961e+00
5.62072800e-06,1.80000894e+00
5.62082800e-06,1.80000975e+00
5.62092800e-06,1.80000909e+00
5.62102800e-06,1.80000989e+00
5.62112800e-06,1.80000923e+00
5.62122800e-06,1.80001003e+00
5.62132800e-06,1.80000938e+00
5.62142800e-06,1.80001018e+00
5.62152800e-06,1.80000954e+00
5.62162800e-06,1.80001034e+00
5.62172800e-06,1.80000970e+00
5.62182800e-06,1.80001049e+00
5.62192800e-06,1.80000987e+00
5.62202800e-06,1.80001066e+00
5.62212800e-06,1.80001004e+00
5.62222800e-06,1.80001082e+00
5.62232800e-06,1.80001021e+00
5.62242800e-06,1.80001099e+00
5.62252800e-06,1.80001039e+00
5.62262800e-06,1.80001117e+00
5.62272800e-06,1.80001057e+00
5.62282800e-06,1.80001135e+00
5.62292800e-06,1.80001077e+00
5.62302800e-06,1.80001154e+00
5.62312800e-06,1.80001096e+00
5.62322800e-06,1.80001174e+00
5.62332800e-06,1.80001116e+00
5.62342800e-06,1.80001194e+00
5.62352800e-06,1.80001137e+00
5.62362800e-06,1.80001214e+00
5.62372800e-06,1.80001159e+00
5.62382800e-06,1.80001235e+00
5.62392800e-06,1.80001181e+00
5.62402800e-06,1.80001257e+00
5.62412800e-06,1.80001204e+00
5.62422800e-06,1.80001280e+00
5.62432800e-06,1.80001227e+00
5.62442800e-06,1.80001303e+00
5.62452800e-06,1.80001251e+00
5.62462800e-06,1.80001328e+00
5.62472800e-06,1.80001276e+00
5.62482800e-06,1.80001352e+00
5.62492800e-06,1.80001302e+00
5.62502800e-06,1.80001378e+00
5.62512800e-06,1.80001329e+00
5.62522800e-06,1.80001405e+00
5.62532800e-06,1.80001356e+00
5.62542800e-06,1.80001432e+00
5.62552800e-06,1.80001385e+00
5.62562800e-06,1.80001460e+00
5.62572800e-06,1.80001414e+00
5.62582800e-06,1.80001490e+00
5.62592800e-06,1.80001444e+00
5.62602800e-06,1.80001520e+00
5.62612800e-06,1.80001476e+00
5.62622800e-06,1.80001551e+00
5.62632800e-06,1.80001508e+00
5.62642800e-06,1.80001583e+00
5.62652800e-06,1.80001541e+00
5.62662800e-06,1.80001617e+00
5.62672800e-06,1.80001575e+00
5.62682800e-06,1.80001651e+00
5.62692800e-06,1.80001611e+00
5.62702800e-06,1.80001687e+00
5.62712800e-06,1.80001648e+00
5.62722800e-06,1.80001723e+00
5.62732800e-06,1.80001685e+00
5.62742800e-06,1.80001761e+00
5.62752800e-06,1.80001724e+00
5.62762800e-06,1.80001800e+00
5.62772800e-06,1.80001764e+00
5.62782800e-06,1.80001840e+00
5.62792800e-06,1.80001806e+00
5.62802800e-06,1.80001882e+00
5.62812800e-06,1.80001848e+00
5.62822800e-06,1.80001924e+00
5.62832800e-06,1.80001892e+00
5.62842800e-06,1.80001968e+00
5.62852800e-06,1.80001937e+00
5.62862800e-06,1.80002013e+00
5.62872800e-06,1.80001983e+00
5.62882800e-06,1.80002060e+00
5.62892800e-06,1.80002031e+00
5.62902800e-06,1.80002108e+00
5.62912800e-06,1.80002080e+00
5.62922800e-06,1.80002157e+00
5.62932800e-06,1.80002130e+00
5.62942800e-06,1.80002207e+00
5.62952800e-06,1.80002181e+00
5.62962800e-06,1.80002259e+00
5.62972800e-06,1.80002234e+00
5.62982800e-06,1.80002312e+00
5.62992800e-06,1.80002288e+00
5.63002800e-06,1.80002366e+00
5.63012800e-06,1.80002343e+00
5.63022800e-06,1.80002421e+00
5.63032800e-06,1.80002400e+00
5.63042800e-06,1.80002478e+00
5.63052800e-06,1.80002457e+00
5.63062800e-06,1.80002535e+00
5.63072800e-06,1.80002516e+00
5.63082800e-06,1.80002594e+00
5.63092800e-06,1.80002576e+00
5.63102800e-06,1.80002654e+00
5.63112800e-06,1.80002637e+00
5.63122800e-06,1.80002715e+00
5.63132800e-06,1.80002699e+00
5.63142800e-06,1.80002777e+00
5.63152800e-06,1.80002762e+00
5.63162800e-06,1.80002840e+00
5.63172800e-06,1.80002826e+00
5.63182800e-06,1.80002904e+00
5.63192800e-06,1.80002891e+00
5.63202800e-06,1.80002969e+00
5.63212800e-06,1.80002957e+00
5.63222800e-06,1.80003035e+00
5.63232800e-06,1.80003024e+00
5.63242800e-06,1.80003102e+00
5.63252800e-06,1.80003091e+00
5.63262800e-06,1.80003169e+00
5.63272800e-06,1.80003159e+00
5.63282800e-06,1.80003237e+00
5.63292800e-06,1.80003228e+00
5.63302800e-06,1.80003305e+00
5.63312800e-06,1.80003297e+00
5.63322800e-06,1.80003375e+00
5.63332800e-06,1.80003367e+00
5.63342800e-06,1.80003444e+00
5.63352800e-06,1.80003438e+00
5.63362800e-06,1.80003515e+00
5.63372800e-06,1.80003509e+00
5.63382800e-06,1.80003586e+00
5.63392800e-06,1.80003580e+00
5.63402800e-06,1.80003657e+00
5.63412800e-06,1.80003652e+00
5.63422800e-06,1.80003728e+00
5.63432800e-06,1.80003725e+00
5.63442800e-06,1.80003800e+00
5.63452800e-06,1.80003797e+00
5.63462800e-06,1.80003873e+00
5.63472800e-06,1.80003870e+00
5.63482800e-06,1.80003945e+00
5.63492800e-06,1.80003943e+00
5.63502800e-06,1.80004018e+00
5.63512800e-06,1.80004017e+00
5.63522800e-06,1.80004091e+00
5.63532800e-06,1.80004090e+00
5.63542800e-06,1.80004164e+00
5.63552800e-06,1.80004164e+00
5.63562800e-06,1.80004238e+00
5.63572800e-06,1.80004238e+00
5.63582800e-06,1.80004312e+00
5.63592800e-06,1.80004313e+00
5.63602800e-06,1.80004386e+00
5.63612800e-06,1.80004387e+00
5.63622800e-06,1.80004460e+00
5.63632800e-06,1.80004462e+00
5.63642800e-06,1.80004534e+00
5.63652800e-06,1.80004537e+00
5.63662800e-06,1.80004609e+00
5.63672800e-06,1.80004611e+00
5.63682800e-06,1.80004683e+00
5.63692800e-06,1.80004687e+00
5.63702800e-06,1.80004758e+00
5.63712800e-06,1.80004762e+00
5.63722800e-06,1.80004833e+00
5.63732800e-06,1.80004837e+00
5.63742800e-06,1.80004908e+00
5.63752800e-06,1.80004913e+00
5.63762800e-06,1.80004983e+00
5.63772800e-06,1.80004989e+00
5.63782800e-06,1.80005058e+00
5.63792800e-06,1.80005064e+00
5.63802800e-06,1.80005134e+00
5.63812800e-06,1.80005141e+00
5.63822800e-06,1.80005210e+00
5.63832800e-06,1.80005217e+00
5.63842800e-06,1.80005285e+00
5.63852800e-06,1.80005293e+00
5.63862800e-06,1.80005361e+00
5.63872800e-06,1.80005370e+00
5.63882800e-06,1.80005438e+00
5.63892800e-06,1.80005446e+00
5.63902800e-06,1.80005514e+00
5.63912800e-06,1.80005523e+00
5.63922800e-06,1.80005590e+00
5.63932800e-06,1.80005600e+00
5.63942800e-06,1.80005667e+00
5.63952800e-06,1.80005677e+00
5.63962800e-06,1.80005744e+00
5.63972800e-06,1.80005754e+00
5.63982800e-06,1.80005820e+00
5.63992800e-06,1.80005832e+00
5.64002800e-06,1.80005897e+00
5.64012800e-06,1.80005909e+00
5.64022800e-06,1.80005974e+00
5.64032800e-06,1.80005986e+00
5.64042800e-06,1.80006051e+00
5.64052800e-06,1.80006064e+00
5.64062800e-06,1.80006128e+00
5.64072800e-06,1.80006141e+00
5.64082800e-06,1.80006204e+00
5.64092800e-06,1.80006218e+00
5.64102800e-06,1.80006281e+00
5.64112800e-06,1.80006295e+00
5.64122800e-06,1.80006357e+00
5.64132800e-06,1.80006371e+00
5.64142800e-06,1.80006433e+00
5.64152800e-06,1.80006447e+00
5.64162800e-06,1.80006508e+00
5.64172800e-06,1.80006522e+00
5.64182800e-06,1.80006582e+00
5.64192800e-06,1.80006597e+00
5.64202800e-06,1.80006705e+00
5.64212800e-06,1.80006693e+00
5.64222800e-06,1.80006767e+00
5.64232800e-06,1.80006765e+00
5.64242800e-06,1.80006830e+00
5.64252800e-06,1.80006835e+00
5.64262800e-06,1.80006894e+00
5.64272800e-06,1.80006901e+00
5.64282800e-06,1.80006956e+00
5.64292800e-06,1.80006964e+00
5.64302800e-06,1.80007016e+00
5.64312800e-06,1.80007025e+00
5.64322800e-06,1.80007073e+00
5.64332800e-06,1.80007082e+00
5.64342800e-06,1.80007127e+00
5.64352800e-06,1.80007134e+00
5.64362800e-06,1.80007177e+00
5.64372800e-06,1.80007182e+00
5.64382800e-06,1.80007222e+00
5.64392800e-06,1.80007225e+00
5.64402800e-06,1.80007260e+00
5.64412800e-06,1.80007260e+00
5.64422800e-06,1.80007291e+00
5.64432800e-06,1.80007287e+00
5.64442800e-06,1.80007314e+00
5.64452800e-06,1.80007305e+00
5.64462800e-06,1.80007326e+00
5.64472800e-06,1.80007312e+00
5.64482800e-06,1.80007326e+00
5.64492800e-06,1.80007306e+00
5.64502800e-06,1.80007312e+00
5.64512800e-06,1.80007285e+00
5.64522800e-06,1.80007281e+00
5.64532800e-06,1.80007245e+00
5.64542800e-06,1.80007231e+00
5.64552800e-06,1.80007185e+00
5.64562800e-06,1.80007159e+00
5.64572800e-06,1.80007100e+00
5.64582800e-06,1.80007060e+00
5.64592800e-06,1.80006987e+00
5.64602800e-06,1.80006930e+00
5.64612800e-06,1.80006841e+00
5.64622800e-06,1.80006764e+00
5.64632800e-06,1.80006655e+00
5.64642800e-06,1.80006557e+00
5.64652800e-06,1.80006425e+00
5.64662800e-06,1.80006300e+00
5.64672800e-06,1.80006141e+00
5.64682800e-06,1.80005987e+00
5.64692800e-06,1.80005797e+00
5.64702800e-06,1.80005607e+00
5.64712800e-06,1.80005381e+00
5.64722800e-06,1.80005151e+00
5.64732800e-06,1.80004882e+00
5.64742800e-06,1.80004606e+00
5.64752800e-06,1.80004287e+00
5.64762800e-06,1.80003956e+00
5.64772800e-06,1.80003580e+00
5.64782800e-06,1.80003186e+00
5.64792800e-06,1.80002744e+00
5.64802800e-06,1.80002276e+00
5.64812800e-06,1.80001756e+00
5.64822800e-06,1.80001204e+00
5.64832800e-06,1.80000593e+00
5.64842800e-06,1.79999942e+00
5.64852800e-06,1.79999251e+00
5.64862800e-06,1.79998466e+00
5.64872800e-06,1.79997651e+00
5.64882800e-06,1.79996736e+00
5.64892800e-06,1.79995778e+00
5.64902800e-06,1.79994711e+00
5.64912800e-06,1.79993590e+00
5.64922800e-06,1.79992346e+00
5.64932800e-06,1.79991036e+00
5.64942800e-06,1.79989587e+00
5.64952800e-06,1.79988058e+00
5.64962800e-06,1.79986372e+00
5.64972800e-06,1.79984589e+00
5.64982800e-06,1.79982630e+00
5.64992800e-06,1.79980552e+00
5.65002800e-06,1.79978277e+00
5.65012800e-06,1.79975860e+00
5.65022800e-06,1.79973218e+00
5.65032800e-06,1.79970409e+00
5.65042800e-06,1.79967345e+00
5.65052800e-06,1.79964082e+00
5.65062800e-06,1.79960531e+00
5.65072800e-06,1.79956746e+00
5.65082800e-06,1.79952633e+00
5.65092800e-06,1.79948244e+00
5.65102800e-06,1.79943483e+00
5.65112800e-06,1.79938400e+00
5.65122800e-06,1.79932893e+00
5.65132800e-06,1.79927009e+00
5.65142800e-06,1.79920643e+00
5.65152800e-06,1.79913839e+00
5.65162800e-06,1.79906484e+00
5.65172800e-06,1.79898621e+00
5.65182800e-06,1.79890131e+00
5.65192800e-06,1.79881051e+00
5.65202800e-06,1.79871257e+00
5.65212800e-06,1.79860779e+00
5.65222800e-06,1.79849486e+00
5.65232800e-06,1.79837403e+00
5.65242800e-06,1.79824392e+00
5.65252800e-06,1.79810467e+00
5.65262800e-06,1.79795483e+00
5.65272800e-06,1.79779447e+00
5.65282800e-06,1.79762200e+00
5.65292800e-06,1.79743741e+00
5.65302800e-06,1.79723900e+00
5.65312800e-06,1.79702662e+00
5.65322800e-06,1.79679845e+00
5.65332800e-06,1.79655420e+00
5.65342800e-06,1.79629190e+00
5.65352800e-06,1.79601109e+00
5.65362800e-06,1.79570961e+00
5.65372800e-06,1.79538680e+00
5.65382800e-06,1.79504033e+00
5.65392800e-06,1.79466927e+00
5.65402800e-06,1.79427106e+00
5.65412800e-06,1.79384448e+00
5.65422800e-06,1.79338670e+00
5.65432800e-06,1.79289615e+00
5.65442800e-06,1.79236965e+00
5.65452800e-06,1.79180523e+00
5.65462800e-06,1.79119930e+00
5.65472800e-06,1.79054937e+00
5.65482800e-06,1.78985135e+00
5.65492800e-06,1.78910214e+00
5.65502800e-06,1.78829702e+00
5.65512800e-06,1.78743212e+00
5.65522800e-06,1.78650193e+00
5.65532800e-06,1.78550163e+00
5.65542800e-06,1.78442470e+00
5.65552800e-06,1.78326510e+00
5.65562800e-06,1.78201502e+00
5.65572800e-06,1.78066682e+00
5.65582800e-06,1.77921103e+00
5.65592800e-06,1.77763792e+00
5.65602800e-06,1.77593575e+00
5.65612800e-06,1.77409200e+00
5.65622800e-06,1.77209185e+00
5.65632800e-06,1.76991893e+00
5.65642800e-06,1.76755407e+00
5.65652800e-06,1.76497547e+00
5.65662800e-06,1.76215765e+00
5.65672800e-06,1.75907084e+00
5.65682800e-06,1.75568001e+00
5.65692800e-06,1.75194310e+00
5.65702800e-06,1.74780994e+00
5.65712800e-06,1.74321843e+00
5.65722800e-06,1.73809261e+00
5.65732800e-06,1.73233514e+00
5.65742800e-06,1.72582220e+00
5.65752800e-06,1.71838756e+00
5.65762800e-06,1.70980739e+00
5.65772800e-06,1.69976124e+00
5.65782800e-06,1.68778123e+00
5.65792800e-06,1.67313842e+00
5.65802800e-06,1.65466827e+00
5.65812800e-06,1.63048432e+00
5.65822800e-06,1.59796420e+00
5.65832800e-06,1.55496591e+00
5.65842800e-06,1.50177415e+00
5.65852800e-06,1.44058082e+00
5.65862800e-06,1.37346522e+00
5.65872800e-06,1.30173448e+00
5.65882800e-06,1.22637836e+00
5.65892800e-06,1.14861615e+00
5.65902800e-06,1.07064029e+00
5.65912800e-06,9.96481482e-01
5.65922800e-06,9.32253297e-01
5.65932800e-06,8.83145783e-01
5.65942800e-06,8.47197065e-01
5.65952800e-06,8.17007409e-01
5.65962800e-06,7.88465657e-01
5.65972800e-06,7.61046051e-01
5.65982800e-06,7.34462884e-01
5.65992800e-06,7.08764541e-01
5.66002800e-06,6.84300796e-01
5.66012800e-06,6.61510304e-01
5.66022800e-06,6.40720424e-01
5.66032800e-06,6.22242114e-01
5.66042800e-06,6.07008876e-01
5.66052800e-06,5.97679874e-01
5.66062800e-06,5.95865846e-01
5.66072800e-06,5.98761446e-01
5.66082800e-06,6.02425949e-01
5.66092800e-06,6.05365910e-01
5.66102800e-06,6.07546793e-01
5.66112800e-06,6.08991746e-01
5.66122800e-06,6.09756634e-01
5.66132800e-06,6.09875587e-01
5.66142800e-06,6.09406696e-01
5.66152800e-06,6.08399910e-01
5.66162800e-06,6.06937311e-01
5.66172800e-06,6.05088450e-01
5.66182800e-06,6.02941412e-01
5.66192800e-06,6.00561138e-01
5.66202800e-06,5.98023045e-01
5.66212800e-06,5.95371348e-01
5.66222800e-06,5.92661041e-01
5.66232800e-06,5.89919017e-01
5.66242800e-06,5.87183677e-01
5.66252800e-06,5.84467712e-01
5.66262800e-06,5.81797577e-01
5.66272800e-06,5.79176203e-01
5.66282800e-06,5.76622099e-01
5.66292800e-06,5.74131875e-01
5.66302800e-06,5.71718994e-01
5.66312800e-06,5.69376135e-01
5.66322800e-06,5.67113669e-01
5.66332800e-06,5.64921915e-01
5.66342800e-06,5.62809426e-01
5.66352800e-06,5.60765171e-01
5.66362800e-06,5.58796698e-01
5.66372800e-06,5.56892264e-01
5.66382800e-06,5.55058921e-01
5.66392800e-06,5.53284609e-01
5.66402800e-06,5.51576204e-01
5.66412800e-06,5.49921568e-01
5.66422800e-06,5.48327589e-01
5.66432800e-06,5.46782191e-01
5.66442800e-06,5.45292386e-01
5.66452800e-06,5.43846239e-01
5.66462800e-06,5.42450942e-01
5.66472800e-06,5.41094738e-01
5.66482800e-06,5.39785028e-01
5.66492800e-06,5.38510244e-01
5.66502800e-06,5.37278001e-01
5.66512800e-06,5.36076922e-01
5.66522800e-06,5.34914831e-01
5.66532800e-06,5.33780527e-01
5.66542800e-06,5.32682033e-01
5.66552800e-06,5.31608310e-01
5.66562800e-06,5.30567568e-01
5.66572800e-06,5.29548910e-01
5.66582800e-06,5.28560716e-01
5.66592800e-06,5.27592217e-01
5.66602800e-06,5.26651945e-01
5.66612800e-06,5.25729244e-01
5.66622800e-06,5.24832783e-01
5.66632800e-06,5.23952001e-01
5.66642800e-06,5.23095693e-01
5.66652800e-06,5.22253380e-01
5.66662800e-06,5.21433967e-01
5.66672800e-06,5.20627047e-01
5.66682800e-06,5.19841625e-01
5.66692800e-06,5.19067351e-01
5.66702800e-06,5.18313321e-01
5.66712800e-06,5.17569236e-01
5.66722800e-06,5.16844273e-01
5.66732800e-06,5.16128172e-01
5.66742800e-06,5.15430186e-01
5.66752800e-06,5.14740090e-01
5.66762800e-06,5.14067201e-01
5.66772800e-06,5.13401322e-01
5.66782800e-06,5.12751833e-01
5.66792800e-06,5.12108559e-01
5.66802800e-06,5.11480934e-01
5.66812800e-06,5.10858803e-01
5.66822800e-06,5.10251650e-01
5.66832800e-06,5.09649333e-01
5.66842800e-06,5.09061387e-01
5.66852800e-06,5.08477676e-01
5.66862800e-06,5.07907780e-01
5.66872800e-06,5.07341573e-01
5.66882800e-06,5.06788673e-01
5.66892800e-06,5.06238959e-01
5.66902800e-06,5.05702089e-01
5.66912800e-06,5.05167943e-01
5.66922800e-06,5.04646215e-01
5.66932800e-06,5.04126787e-01
5.66942800e-06,5.03619385e-01
5.66952800e-06,5.03113890e-01
5.66962800e-06,5.02620062e-01
5.66972800e-06,5.02127778e-01
5.66982800e-06,5.01646828e-01
5.66992800e-06,5.01167086e-01
5.67002800e-06,5.00698370e-01
5.67012800e-06,5.00230550e-01
5.67022800e-06,4.99773472e-01
5.67032800e-06,4.99317000e-01
5.67042800e-06,4.98871004e-01
5.67052800e-06,4.98425345e-01
5.67062800e-06,4.97989916e-01
5.67072800e-06,4.97554571e-01
5.67082800e-06,4.97129228e-01
5.67092800e-06,4.96703732e-01
5.67102800e-06,4.96288026e-01
5.67112800e-06,4.95871946e-01
5.67122800e-06,4.95465457e-01
5.67132800e-06,4.95058387e-01
5.67142800e-06,4.94660720e-01
5.67152800e-06,4.94262279e-01
5.67162800e-06,4.93873067e-01
5.67172800e-06,4.93482898e-01
5.67182800e-06,4.93101795e-01
5.67192800e-06,4.92719562e-01
5.67202800e-06,4.92346242e-01
5.67212800e-06,4.91971630e-01
5.67222800e-06,4.91605786e-01
5.67232800e-06,4.91238498e-01
5.67242800e-06,4.90879842e-01
5.67252800e-06,4.90519597e-01
5.67262800e-06,4.90167858e-01
5.67272800e-06,4.89814391e-01
5.67282800e-06,4.89469310e-01
5.67292800e-06,4.89122372e-01
5.67302800e-06,4.88783706e-01
5.67312800e-06,4.88443061e-01
5.67322800e-06,4.88110580e-01
5.67332800e-06,4.87776003e-01
5.67342800e-06,4.87449490e-01
5.67352800e-06,4.87120769e-01
5.67362800e-06,4.86800016e-01
5.67372800e-06,4.86476950e-01
5.67382800e-06,4.86161761e-01
5.67392800e-06,4.85844159e-01
5.67402800e-06,4.85534348e-01
5.67412800e-06,4.85222029e-01
5.67422800e-06,4.84917418e-01
5.67432800e-06,4.84610208e-01
5.67442800e-06,4.84310629e-01
5.67452800e-06,4.84008364e-01
5.67462800e-06,4.83713656e-01
5.67472800e-06,4.83416180e-01
5.67482800e-06,4.83126191e-01
5.67492800e-06,4.82833353e-01
5.67502800e-06,4.82547936e-01
5.67512800e-06,4.82259596e-01
5.67522800e-06,4.81978612e-01
5.67532800e-06,4.81694632e-01
5.67542800e-06,4.81417948e-01
5.67552800e-06,4.81138198e-01
5.67562800e-06,4.80865687e-01
5.67572800e-06,4.80590044e-01
5.67582800e-06,4.80321584e-01
5.67592800e-06,4.80049929e-01
5.67602800e-06,4.79785404e-01
5.67612800e-06,4.79517622e-01
5.67622800e-06,4.79256920e-01
5.67632800e-06,4.78992903e-01
5.67642800e-06,4.78735918e-01
5.67652800e-06,4.78475561e-01
5.67662800e-06,4.78222191e-01
5.67672800e-06,4.77965393e-01
5.67682800e-06,4.77715539e-01
5.67692800e-06,4.77462206e-01
5.67702800e-06,4.77215773e-01
5.67712800e-06,4.76965812e-01
5.67722800e-06,4.76722711e-01
5.67732800e-06,4.76476032e-01
5.67742800e-06,4.76236175e-01
5.67752800e-06,4.75992694e-01
5.67762800e-06,4.75755997e-01
5.67772800e-06,4.75515632e-01
5.67782800e-06,4.75282016e-01
5.67792800e-06,4.75044688e-01
5.67802800e-06,4.74814075e-01
5.67812800e-06,4.74579707e-01
5.67822800e-06,4.74352022e-01
5.67832800e-06,4.74120543e-01
5.67842800e-06,4.73895715e-01
5.67852800e-06,4.73667053e-01
5.67862800e-06,4.73445012e-01
5.67872800e-06,4.73219100e-01
5.67882800e-06,4.72999780e-01
5.67892800e-06,4.72776552e-01
5.67902800e-06,4.72559888e-01
5.67912800e-06,4.72339281e-01
5.67922800e-06,4.72125211e-01
5.67932800e-06,4.71907165e-01
5.67942800e-06,4.71695629e-01
5.67952800e-06,4.71480084e-01
5.67962800e-06,4.71271025e-01
5.67972800e-06,4.71057925e-01
5.67982800e-06,4.70851287e-01
5.67992800e-06,4.70640576e-01
5.68002800e-06,4.70436304e-01
5.68012800e-06,4.70227930e-01
5.68022800e-06,4.70025972e-01
5.68032800e-06,4.69819883e-01
5.68042800e-06,4.69620189e-01
5.68052800e-06,4.69416336e-01
5.68062800e-06,4.69218857e-01
5.68072800e-06,4.69017192e-01
5.68082800e-06,4.68821880e-01
5.68092800e-06,4.68622355e-01
5.68102800e-06,4.68429166e-01
5.68112800e-06,4.68231737e-01
5.68122800e-06,4.68040624e-01
5.68132800e-06,4.67845249e-01
5.68142800e-06,4.67656170e-01
5.68152800e-06,4.67462804e-01
5.68162800e-06,4.67275719e-01
5.68172800e-06,4.67084322e-01
5.68182800e-06,4.66899189e-01
5.68192800e-06,4.66709722e-01
5.68202800e-06,4.66526501e-01
5.68212800e-06,4.66338925e-01
5.68222800e-06,4.66157579e-01
5.68232800e-06,4.65971857e-01
5.68242800e-06,4.65792349e-01
5.68252800e-06,4.65608444e-01
5.68262800e-06,4.65430739e-01
5.68272800e-06,4.65248615e-01
5.68282800e-06,4.65072678e-01
5.68292800e-06,4.64892302e-01
5.68302800e-06,4.64718098e-01
5.68312800e-06,4.64539437e-01
5.68322800e-06,4.64366934e-01
5.68332800e-06,4.64189955e-01
5.68342800e-06,4.64019121e-01
5.68352800e-06,4.63843793e-01
5.68362800e-06,4.63674597e-01
5.68372800e-06,4.63500889e-01
5.68382800e-06,4.63333301e-01
5.68392800e-06,4.63161184e-01
5.68402800e-06,4.62995175e-01
5.68412800e-06,4.62824620e-01
5.68422800e-06,4.62660160e-01
5.68432800e-06,4.62491139e-01
5.68442800e-06,4.62328202e-01
5.68452800e-06,4.62160686e-01
5.68462800e-06,4.61999245e-01
5.68472800e-06,4.61833209e-01
5.68482800e-06,4.61673237e-01
5.68492800e-06,4.61508655e-01
5.68502800e-06,4.61350126e-01
5.68512800e-06,4.61186973e-01
5.68522800e-06,4.61029863e-01
5.68532800e-06,4.60868114e-01
5.68542800e-06,4.60712398e-01
5.68552800e-06,4.60552029e-01
5.68562800e-06,4.60397683e-01
5.68572800e-06,4.60238671e-01
5.68582800e-06,4.60085673e-01
5.68592800e-06,4.59927995e-01
5.68602800e-06,4.59776322e-01
5.68612800e-06,4.59619955e-01
5.68622800e-06,4.59469585e-01
5.68632800e-06,4.59314510e-01
5.68642800e-06,4.59165421e-01
5.68652800e-06,4.59011615e-01
5.68662800e-06,4.58863787e-01
5.68672800e-06,4.58711229e-01
5.68682800e-06,4.58564642e-01
5.68692800e-06,4.58413312e-01
5.68702800e-06,4.58267946e-01
5.68712800e-06,4.58117826e-01
5.68722800e-06,4.57973660e-01
5.68732800e-06,4.57824730e-01
5.68742800e-06,4.57681747e-01
5.68752800e-06,4.57533988e-01
5.68762800e-06,4.57392169e-01
5.68772800e-06,4.57245562e-01
5.68782800e-06,4.57104889e-01
5.68792800e-06,4.56959417e-01
5.68802800e-06,4.56819872e-01
5.68812800e-06,4.56675519e-01
5.68822800e-06,4.56537085e-01
5.68832800e-06,4.56393832e-01
5.68842800e-06,4.56256492e-01
5.68852800e-06,4.56114323e-01
5.68862800e-06,4.55978061e-01
5.68872800e-06,4.55836960e-01
5.68882800e-06,4.55701759e-01
5.68892800e-06,4.55561711e-01
5.68902800e-06,4.55427556e-01
5.68912800e-06,4.55288544e-01
5.68922800e-06,4.55155419e-01
5.68932800e-06,4.55017429e-01
5.68942800e-06,4.54885320e-01
5.68952800e-06,4.54748335e-01
5.68962800e-06,4.54617227e-01
5.68972800e-06,4.54481235e-01
5.68982800e-06,4.54351113e-01
5.68992800e-06,4.54216099e-01
5.69002800e-06,4.54086950e-01
5.69012800e-06,4.53952899e-01
5.69022800e-06,4.53824708e-01
5.69032800e-06,4.53691608e-01
5.69042800e-06,4.53564362e-01
5.69052800e-06,4.53432199e-01
5.69062800e-06,4.53305885e-01
5.69072800e-06,4.53174647e-01
5.69082800e-06,4.53049251e-01
5.69092800e-06,4.52918924e-01
5.69102800e-06,4.52794435e-01
5.69112800e-06,4.52665006e-01
5.69122800e-06,4.52541411e-01
5.69132800e-06,4.52412869e-01
5.69142800e-06,4.52290156e-01
5.69152800e-06,4.52162488e-01
5.69162800e-06,4.52040644e-01
5.69172800e-06,4.51913839e-01
5.69182800e-06,4.51792854e-01
5.69192800e-06,4.51666901e-01
5.69202800e-06,4.51546762e-01
5.69212800e-06,4.51421649e-01
5.69222800e-06,4.51302346e-01
5.69232800e-06,4.51178061e-01
5.69242800e-06,4.51059584e-01
5.69252800e-06,4.50936117e-01
5.69262800e-06,4.50818453e-01
5.69272800e-06,4.50695794e-01
5.69282800e-06,4.50578933e-01
5.69292800e-06,4.50457071e-01
5.69302800e-06,4.50341004e-01
5.69312800e-06,4.50219929e-01
5.69322800e-06,4.50104644e-01
5.69332800e-06,4.49984346e-01
5.69342800e-06,4.49869834e-01
5.69352800e-06,4.49750303e-01
5.69362800e-06,4.49636554e-01
5.69372800e-06,4.49517781e-01
5.69382800e-06,4.49404786e-01
5.69392800e-06,4.49286760e-01
5.69402800e-06,4.49174510e-01
5.69412800e-06,4.49057223e-01
5.69422800e-06,4.48945707e-01
5.69432800e-06,4.48829150e-01
5.69442800e-06,4.48718361e-01
5.69452800e-06,4.48602524e-01
5.69462800e-06,4.48492452e-01
5.69472800e-06,4.48377327e-01
5.69482800e-06,4.48267963e-01
5.69492800e-06,4.48153542e-01
5.69502800e-06,4.48044878e-01
5.69512800e-06,4.47931151e-01
5.69522800e-06,4.47823179e-01
5.69532800e-06,4.47710139e-01
5.69542800e-06,4.47602849e-01
5.69552800e-06,4.47490488e-01
5.69562800e-06,4.47383874e-01
5.69572800e-06,4.47272183e-01
5.69582800e-06,4.47166236e-01
5.69592800e-06,4.47055207e-01
5.69602800e-06,4.46949920e-01
5.69612800e-06,4.46839546e-01
5.69622800e-06,4.46734910e-01
5.69632800e-06,4.46625184e-01
5.69642800e-06,4.46521192e-01
5.69652800e-06,4.46412106e-01
5.69662800e-06,4.46308751e-01
5.69672800e-06,4.46200296e-01
5.69682800e-06,4.46097571e-01
5.69692800e-06,4.45989742e-01
5.69702800e-06,4.45887639e-01
5.69712800e-06,4.45780428e-01
5.69722800e-06,4.45678941e-01
5.69732800e-06,4.45572341e-01
5.69742800e-06,4.45471462e-01
5.69752800e-06,4.45365467e-01
5.69762800e-06,4.45265189e-01
5.69772800e-06,4.45159792e-01
5.69782800e-06,4.45060109e-01
5.69792800e-06,4.44955303e-01
5.69802800e-06,4.44856208e-01
5.69812800e-06,4.44751987e-01
5.69822800e-06,4.44653474e-01
5.69832800e-06,4.44549831e-01
5.69842800e-06,4.44451894e-01
5.69852800e-06,4.44348822e-01
5.69862800e-06,4.44251454e-01
5.69872800e-06,4.44148948e-01
5.69882800e-06,4.44052144e-01
5.69892800e-06,4.43950198e-01
5.69902800e-06,4.43853950e-01
5.69912800e-06,4.43752558e-01
5.69922800e-06,4.43656862e-01
5.69932800e-06,4.43556017e-01
5.69942800e-06,4.43460866e-01
5.69952800e-06,4.43360563e-01
5.69962800e-06,4.43265951e-01
5.69972800e-06,4.43166185e-01
5.69982800e-06,4.43072107e-01
5.69992800e-06,4.42972871e-01
5.70002800e-06,4.42879322e-01
5.70012800e-06,4.42780611e-01
5.70022800e-06,4.42687585e-01
5.70032800e-06,4.42589394e-01
5.70042800e-06,4.42496885e-01
5.70052800e-06,4.42399208e-01
5.70062800e-06,4.42307211e-01
5.70072800e-06,4.42210044e-01
5.70082800e-06,4.42118554e-01
5.70092800e-06,4.42021890e-01
5.70102800e-06,4.41930901e-01
5.70112800e-06,4.41834737e-01
5.70122800e-06,4.41744245e-01
5.70132800e-06,4.41648574e-01
5.70142800e-06,4.41558573e-01
5.70152800e-06,4.41463391e-01
5.70162800e-06,4.41373878e-01
5.70172800e-06,4.41279179e-01
5.70182800e-06,4.41190148e-01
5.70192800e-06,4.41095929e-01
5.70202800e-06,4.41007374e-01
5.70212800e-06,4.40913629e-01
5.70222800e-06,4.40825547e-01
5.70232800e-06,4.40732272e-01
5.70242800e-06,4.40644657e-01
5.70252800e-06,4.40551848e-01
5.70262800e-06,4.40464696e-01
5.70272800e-06,4.40372347e-01
5.70282800e-06,4.40285654e-01
5.70292800e-06,4.40193761e-01
5.70302800e-06,4.40107522e-01
5.70312800e-06,4.40016081e-01
5.70322800e-06,4.39930292e-01
5.70332800e-06,4.39839299e-01
5.70342800e-06,4.39753955e-01
5.70352800e-06,4.39663405e-01
5.70362800e-06,4.39578503e-01
5.70372800e-06,4.39488392e-01
5.70382800e-06,4.39403927e-01
5.70392800e-06,4.39314250e-01
5.70402800e-06,4.39230218e-01
5.70412800e-06,4.39140972e-01
5.70422800e-06,4.39057369e-01
5.70432800e-06,4.38968550e-01
5.70442800e-06,4.38885372e-01
5.70452800e-06,4.38796976e-01
5.70462800e-06,4.38714218e-01
5.70472800e-06,4.38626241e-01
5.70482800e-06,4.38543901e-01
5.70492800e-06,4.38456339e-01
5.70502800e-06,4.38374411e-01
5.70512800e-06,4.38287261e-01
5.70522800e-06,4.38205743e-01
5.70532800e-06,4.38118999e-01
5.70542800e-06,4.38037887e-01
5.70552800e-06,4.37951547e-01
5.70562800e-06,4.37870837e-01
5.70572800e-06,4.37784897e-01
5.70582800e-06,4.37704585e-01
5.70592800e-06,4.37619042e-01
5.70602800e-06,4.37539125e-01
5.70612800e-06,4.37453975e-01
5.70622800e-06,4.37374449e-01
5.70632800e-06,4.37289689e-01
5.70642800e-06,4.37210550e-01
5.70652800e-06,4.37126176e-01
5.70662800e-06,4.37047422e-01
5.70672800e-06,4.36963430e-01
5.70682800e-06,4.36885056e-01
5.70692800e-06,4.36801444e-01
5.70702800e-06,4.36723448e-01
5.70712800e-06,4.36640211e-01
5.70722800e-06,4.36562590e-01
5.70732800e-06,4.36479726e-01
5.70742800e-06,4.36402475e-01
5.70752800e-06,4.36319981e-01
5.70762800e-06,4.36243098e-01
5.70772800e-06,4.36160969e-01
5.70782800e-06,4.36084451e-01
5.70792800e-06,4.36002686e-01
5.70802800e-06,4.35926529e-01
5.70812800e-06,4.35845123e-01
5.70822800e-06,4.35769325e-01
5.70832800e-06,4.35688276e-01
5.70842800e-06,4.35612833e-01
5.70852800e-06,4.35532139e-01
5.70862800e-06,4.35457047e-01
5.70872800e-06,4.35376704e-01
5.70882800e-06,4.35301962e-01
5.70892800e-06,4.35221966e-01
5.70902800e-06,4.35147571e-01
5.70912800e-06,4.35067920e-01
5.70922800e-06,4.34993868e-01
5.70932800e-06,4.34914559e-01
5.70942800e-06,4.34840847e-01
5.70952800e-06,4.34761878e-01
5.70962800e-06,4.34688504e-01
5.70972800e-06,4.34609871e-01
5.70982800e-06,4.34536832e-01
5.70992800e-06,4.34458533e-01
5.71002800e-06,4.34385827e-01
5.71012800e-06,4.34307859e-01
5.71022800e-06,4.34235481e-01
5.71032800e-06,4.34157841e-01
5.71042800e-06,4.34085791e-01
5.71052800e-06,4.34008477e-01
5.71062800e-06,4.33936750e-01
5.71072800e-06,4.33859759e-01
5.71082800e-06,4.33788354e-01
5.71092800e-06,4.33711683e-01
5.71102800e-06,4.33640596e-01
5.71112800e-06,4.33564243e-01
5.71122800e-06,4.33493473e-01
5.71132800e-06,4.33417436e-01
5.71142800e-06,4.33346980e-01
5.71152800e-06,4.33271255e-01
5.71162800e-06,4.33201110e-01
5.71172800e-06,4.33125695e-01
5.71182800e-06,4.33055859e-01
5.71192800e-06,4.32980752e-01
5.71202800e-06,4.32911222e-01
5.71212800e-06,4.32836421e-01
5.71222800e-06,4.32767195e-01
5.71232800e-06,4.32692696e-01
5.71242800e-06,4.32623772e-01
5.71252800e-06,4.32549574e-01
5.71262800e-06,4.32480949e-01
5.71272800e-06,4.32407049e-01
5.71282800e-06,4.32338721e-01
5.71292800e-06,4.32265117e-01
5.71302800e-06,4.32197083e-01
5.71312800e-06,4.32123774e-01
5.71322800e-06,4.32056032e-01
5.71332800e-06,4.31983014e-01
5.71342800e-06,4.31915562e-01
5.71352800e-06,4.31842833e-01
5.71362800e-06,4.31775669e-01
5.71372800e-06,4.31703228e-01
5.71382800e-06,4.31636349e-01
5.71392800e-06,4.31564192e-01
5.71402800e-06,4.31497597e-01
5.71412800e-06,4.31425723e-01
5.71422800e-06,4.31359410e-01
5.71432800e-06,4.31287816e-01
5.71442800e-06,4.31221781e-01
5.71452800e-06,4.31150466e-01
5.71462800e-06,4.31084709e-01
5.71472800e-06,4.31013670e-01
5.71482800e-06,4.30948187e-01
5.71492800e-06,4.30877423e-01
5.71502800e-06,4.30812213e-01
5.71512800e-06,4.30741721e-01
5.71522800e-06,4.30676783e-01
5.71532800e-06,4.30606561e-01
5.71542800e-06,4.30541891e-01
5.71552800e-06,4.30471938e-01
5.71562800e-06,4.30407535e-01
5.71572800e-06,4.30337847e-01
5.71582800e-06,4.30273710e-01
5.71592800e-06,4.30204287e-01
5.71602800e-06,4.30140412e-01
5.71612800e-06,4.30071251e-01
5.71622800e-06,4.30007638e-01
5.71632800e-06,4.29938738e-01
5.71642800e-06,4.29875383e-01
5.71652800e-06,4.29806742e-01
5.71662800e-06,4.29743645e-01
5.71672800e-06,4.29675260e-01
5.71682800e-06,4.29612418e-01
5.71692800e-06,4.29544289e-01
5.71702800e-06,4.29481701e-01
5.71712800e-06,4.29413825e-01
5.71722800e-06,4.29351488e-01
5.71732800e-06,4.29283863e-01
5.71742800e-06,4.29221777e-01
5.71752800e-06,4.29154402e-01
5.71762800e-06,4.29092563e-01
5.71772800e-06,4.29025436e-01
5.71782800e-06,4.28963844e-01
5.71792800e-06,4.28896963e-01
5.71802800e-06,4.28835616e-01
5.71812800e-06,4.28768979e-01
5.71822800e-06,4.28707875e-01
5.71832800e-06,4.28641480e-01
5.71842800e-06,4.28580617e-01
5.71852800e-06,4.28514464e-01
5.71862800e-06,4.28453841e-01
5.71872800e-06,4.28387927e-01
5.71882800e-06,4.28327541e-01
5.71892800e-06,4.28261865e-01
5.71902800e-06,4.28201716e-01
5.71912800e-06,4.28136275e-01
5.71922800e-06,4.28076361e-01
5.71932800e-06,4.28011155e-01
5.71942800e-06,4.27951473e-01
5.71952800e-06,4.27886500e-01
5.71962800e-06,4.27827050e-01
5.71972800e-06,4.27762308e-01
5.71982800e-06,4.27703088e-01
5.71992800e-06,4.27638575e-01
5.72002800e-06,4.27579583e-01
5.72012800e-06,4.27515299e-01
5.72022800e-06,4.27456533e-01
5.72032800e-06,4.27392475e-01
5.72042800e-06,4.27333935e-01
5.72052800e-06,4.27270102e-01
5.72062800e-06,4.27211786e-01
5.72072800e-06,4.27148176e-01
5.72082800e-06,4.27090082e-01
5.72092800e-06,4.27026695e-01
5.72102800e-06,4.26968821e-01
5.72112800e-06,4.26905654e-01
5.72122800e-06,4.26848000e-01
5.72132800e-06,4.26785052e-01
5.72142800e-06,4.26727615e-01
5.72152800e-06,4.26664885e-01
5.72162800e-06,4.26607664e-01
5.72172800e-06,4.26545150e-01
5.72182800e-06,4.26488144e-01
5.72192800e-06,4.26425845e-01
5.72202800e-06,4.26369053e-01
5.72212800e-06,4.26306967e-01
5.72222800e-06,4.26250387e-01
5.72232800e-06,4.26188513e-01
5.72242800e-06,4.26132143e-01
5.72252800e-06,4.26070479e-01
5.72262800e-06,4.26014319e-01
5.72272800e-06,4.25952865e-01
5.72282800e-06,4.25896912e-01
5.72292800e-06,4.25835666e-01
5.72302800e-06,4.25779920e-01
5.72312800e-06,4.25718880e-01
5.72322800e-06,4.25663340e-01
5.72332800e-06,4.25602505e-01
5.72342800e-06,4.25547168e-01
5.72352800e-06,4.25486537e-01
5.72362800e-06,4.25431403e-01
5.72372800e-06,4.25370975e-01
5.72382800e-06,4.25316042e-01
5.72392800e-06,4.25255815e-01
5.72402800e-06,4.25201082e-01
5.72412800e-06,4.25141055e-01
5.72422800e-06,4.25086521e-01
5.72432800e-06,4.25026692e-01
5.72442800e-06,4.24972356e-01
5.72452800e-06,4.24912725e-01
5.72462800e-06,4.24858584e-01
5.72472800e-06,4.24799150e-01
5.72482800e-06,4.24745204e-01
5.72492800e-06,4.24685965e-01
5.72502800e-06,4.24632213e-01
5.72512800e-06,4.24573167e-01
5.72522800e-06,4.24519608e-01
5.72532800e-06,4.24460755e-01
5.72542800e-06,4.24407387e-01
5.72552800e-06,4.24348726e-01
5.72562800e-06,4.24295547e-01
5.72572800e-06,4.24237076e-01
5.72582800e-06,4.24184087e-01
5.72592800e-06,4.24125805e-01
5.72602800e-06,4.24073004e-01
5.72612800e-06,4.24014910e-01
5.72622800e-06,4.23962295e-01
5.72632800e-06,4.23904388e-01
5.72642800e-06,4.23851958e-01
5.72652800e-06,4.23794236e-01
5.72662800e-06,4.23741992e-01
5.72672800e-06,4.23684454e-01
5.72682800e-06,4.23632393e-01
5.72692800e-06,4.23575039e-01
5.72702800e-06,4.23523159e-01
5.72712800e-06,4.23465987e-01
5.72722800e-06,4.23414289e-01
5.72732800e-06,4.23357298e-01
5.72742800e-06,4.23305779e-01
5.72752800e-06,4.23248969e-01
5.72762800e-06,4.23197629e-01
5.72772800e-06,4.23140997e-01
5.72782800e-06,4.23089835e-01
5.72792800e-06,4.23033382e-01
5.72802800e-06,4.22982396e-01
5.72812800e-06,4.22926119e-01
5.72822800e-06,4.22875309e-01
5.72832800e-06,4.22819209e-01
5.72842800e-06,4.22768573e-01
5.72852800e-06,4.22712647e-01
5.72862800e-06,4.22662185e-01
5.72872800e-06,4.22606433e-01
5.72882800e-06,4.22556143e-01
5.72892800e-06,4.22500564e-01
5.72902800e-06,4.22450445e-01
5.72912800e-06,4.22395038e-01
5.72922800e-06,4.22345090e-01
5.72932800e-06,4.22289853e-01
5.72942800e-06,4.22240074e-01
5.72952800e-06,4.22185007e-01
5.72962800e-06,4.22135397e-01
5.72972800e-06,4.22080498e-01
5.72982800e-06,4.22031056e-01
5.72992800e-06,4.21976325e-01
5.73002800e-06,4.21927049e-01
5.73012800e-06,4.21872485e-01
5.73022800e-06,4.21823374e-01
5.73032800e-06,4.21768976e-01
5.73042800e-06,4.21720030e-01
5.73052800e-06,4.21665797e-01
5.73062800e-06,4.21617014e-01
5.73072800e-06,4.21562945e-01
5.73082800e-06,4.21514325e-01
5.73092800e-06,4.21460419e-01
5.73102800e-06,4.21411961e-01
5.73112800e-06,4.21358216e-01
5.73122800e-06,4.21309919e-01
5.73132800e-06,4.21256336e-01
5.73142800e-06,4.21208198e-01
5.73152800e-06,4.21154775e-01
5.73162800e-06,4.21106797e-01
5.73172800e-06,4.21053533e-01
5.73182800e-06,4.21005712e-01
5.73192800e-06,4.20952607e-01
5.73202800e-06,4.20904944e-01
5.73212800e-06,4.20851996e-01
5.73222800e-06,4.20804489e-01
5.73232800e-06,4.20751698e-01
5.73242800e-06,4.20704346e-01
5.73252800e-06,4.20651711e-01
5.73262800e-06,4.20604513e-01
5.73272800e-06,4.20552033e-01
5.73282800e-06,4.20504989e-01
5.73292800e-06,4.20452663e-01
5.73302800e-06,4.20405772e-01
5.73312800e-06,4.20353599e-01
5.73322800e-06,4.20306860e-01
5.73332800e-06,4.20254839e-01
5.73342800e-06,4.20208251e-01
5.73352800e-06,4.20156382e-01
5.73362800e-06,4.20109944e-01
5.73372800e-06,4.20058225e-01
5.73382800e-06,4.20011937e-01
5.73392800e-06,4.19960368e-01
5.73402800e-06,4.19914228e-01
5.73412800e-06,4.19862808e-01
5.73422800e-06,4.19816816e-01
5.73432800e-06,4.19765545e-01
5.73442800e-06,4.19719700e-01
5.73452800e-06,4.19668575e-01
5.73462800e-06,4.19622876e-01
5.73472800e-06,4.19571899e-01
5.73482800e-06,4.19526345e-01
5.73492800e-06,4.19475513e-01
5.73502800e-06,4.19430104e-01
5.73512800e-06,4.19379418e-01
5.73522800e-06,4.19334152e-01
5.73532800e-06,4.19283610e-01
5.73542800e-06,4.19238487e-01
5.73552800e-06,4.19188088e-01
5.73562800e-06,4.19143108e-01
5.73572800e-06,4.19092852e-01
5.73582800e-06,4.19048013e-01
5.73592800e-06,4.18997899e-01
5.73602800e-06,4.18953201e-01
5.73612800e-06,4.18903227e-01
5.73622800e-06,4.18858669e-01
5.73632800e-06,4.18808837e-01
5.73642800e-06,4.18764417e-01
5.73652800e-06,4.18714724e-01
5.73662800e-06,4.18670444e-01
5.73672800e-06,4.18620890e-01
5.73682800e-06,4.18576747e-01
5.73692800e-06,4.18527331e-01
5.73702800e-06,4.18483325e-01
5.73712800e-06,4.18434047e-01
5.73722800e-06,4.18390177e-01
5.73732800e-06,4.18341035e-01
5.73742800e-06,4.18297301e-01
5.73752800e-06,4.18248296e-01
5.73762800e-06,4.18204696e-01
5.73772800e-06,4.18155826e-01
5.73782800e-06,4.18112361e-01
5.73792800e-06,4.18063625e-01
5.73802800e-06,4.18020293e-01
5.73812800e-06,4.17971692e-01
5.73822800e-06,4.17928492e-01
5.73832800e-06,4.17880024e-01
5.73842800e-06,4.17836957e-01
5.73852800e-06,4.17788621e-01
5.73862800e-06,4.17745685e-01
5.73872800e-06,4.17697481e-01
5.73882800e-06,4.17654676e-01
5.73892800e-06,4.17606603e-01
5.73902800e-06,4.17563927e-01
5.73912800e-06,4.17515986e-01
5.73922800e-06,4.17473439e-01
5.73932800e-06,4.17425627e-01
5.73942800e-06,4.17383209e-01
5.73952800e-06,4.17335527e-01
5.73962800e-06,4.17293237e-01
5.73972800e-06,4.17245683e-01
5.73982800e-06,4.17203520e-01
5.73992800e-06,4.17156094e-01
5.74002800e-06,4.17114058e-01
5.74012800e-06,4.17066759e-01
5.74022800e-06,4.17024849e-01
5.74032800e-06,4.16977676e-01
5.74042800e-06,4.16935892e-01
5.74052800e-06,4.16888845e-01
5.74062800e-06,4.16847185e-01
5.74072800e-06,4.16800264e-01
5.74082800e-06,4.16758728e-01
5.74092800e-06,4.16711932e-01
5.74102800e-06,4.16670519e-01
5.74112800e-06,4.16623847e-01
5.74122800e-06,4.16582558e-01
5.74132800e-06,4.16536009e-01
5.74142800e-06,4.16494841e-01
5.74152800e-06,4.16448416e-01
5.74162800e-06,4.16407370e-01
5.74172800e-06,4.16361066e-01
5.74182800e-06,4.16320141e-01
5.74192800e-06,4.16273959e-01
5.74202800e-06,4.16233155e-01
5.74212800e-06,4.16187094e-01
5.74222800e-06,4.16146409e-01
5.74232800e-06,4.16100469e-01
5.74242800e-06,4.16059903e-01
5.74252800e-06,4.16014083e-01
5.74262800e-06,4.15973635e-01
5.74272800e-06,4.15927934e-01
5.74282800e-06,4.15887605e-01
5.74292800e-06,4.15842023e-01
5.74302800e-06,4.15801811e-01
5.74312800e-06,4.15756347e-01
5.74322800e-06,4.15716252e-01
5.74332800e-06,4.15670905e-01
5.74342800e-06,4.15630926e-01
5.74352800e-06,4.15585697e-01
5.74362800e-06,4.15545833e-01
5.74372800e-06,4.15500720e-01
5.74382800e-06,4.15460972e-01
5.74392800e-06,4.15415975e-01
5.74402800e-06,4.15376341e-01
5.74412800e-06,4.15331459e-01
5.74422800e-06,4.15291940e-01
5.74432800e-06,4.15247172e-01
5.74442800e-06,4.15207766e-01
5.74452800e-06,4.15163113e-01
5.74462800e-06,4.15123820e-01
5.74472800e-06,4.15079281e-01
5.74482800e-06,4.15040100e-01
5.74492800e-06,4.14995673e-01
5.74502800e-06,4.14956604e-01
5.74512800e-06,4.14912291e-01
5.74522800e-06,4.14873333e-01
5.74532800e-06,4.14829131e-01
5.74542800e-06,4.14790284e-01
5.74552800e-06,4.14746194e-01
5.74562800e-06,4.14707457e-01
5.74572800e-06,4.14663478e-01
5.74582800e-06,4.14624850e-01
5.74592800e-06,4.14580981e-01
5.74602800e-06,4.14542464e-01
5.74612800e-06,4.14498705e-01
5.74622800e-06,4.14460295e-01
5.74632800e-06,4.14416646e-01
5.74642800e-06,4.14378344e-01
5.74652800e-06,4.14334804e-01
5.74662800e-06,4.14296610e-01
5.74672800e-06,4.14253178e-01
5.74682800e-06,4.14215091e-01
5.74692800e-06,4.14171767e-01
5.74702800e-06,4.14133787e-01
5.74712800e-06,4.14090570e-01
5.74722800e-06,4.14052696e-01
5.74732800e-06,4.14009585e-01
5.74742800e-06,4.13971817e-01
5.74752800e-06,4.13928813e-01
5.74762800e-06,4.13891150e-01
5.74772800e-06,4.13848252e-01
5.74782800e-06,4.13810694e-01
5.74792800e-06,4.13767901e-01
5.74802800e-06,4.13730446e-01
5.74812800e-06,4.13687759e-01
5.74822800e-06,4.13650408e-01
5.74832800e-06,4.13607825e-01
5.74842800e-06,4.13570577e-01
5.74852800e-06,4.13528098e-01
5.74862800e-06,4.13490953e-01
5.74872800e-06,4.13448577e-01
5.74882800e-06,4.13411534e-01
5.74892800e-06,4.13369261e-01
5.74902800e-06,4.13332320e-01
5.74912800e-06,4.13290150e-01
5.74922800e-06,4.13253310e-01
5.74932800e-06,4.13211242e-01
5.74942800e-06,4.13174503e-01
5.74952800e-06,4.13132536e-01
5.74962800e-06,4.13095897e-01
5.74972800e-06,4.13054032e-01
5.74982800e-06,4.13017493e-01
5.74992800e-06,4.12975728e-01
5.75002800e-06,4.12939289e-01
5.75012800e-06,4.12897624e-01
5.75022800e-06,4.12861283e-01
5.75032800e-06,4.12819719e-01
5.75042800e-06,4.12783477e-01
5.75052800e-06,4.12742011e-01
5.75062800e-06,4.12705867e-01
5.75072800e-06,4.12664501e-01
5.75082800e-06,4.12628454e-01
5.75092800e-06,4.12587187e-01
5.75102800e-06,4.12551237e-01
5.75112800e-06,4.12510067e-01
5.75122800e-06,4.12474214e-01
5.75132800e-06,4.12433142e-01
5.75142800e-06,4.12397386e-01
5.75152800e-06,4.12356411e-01
5.75162800e-06,4.12320750e-01
5.75172800e-06,4.12279872e-01
5.75182800e-06,4.12244306e-01
5.75192800e-06,4.12203524e-01
5.75202800e-06,4.12168054e-01
5.75212800e-06,4.12127368e-01
5.75222800e-06,4.12091992e-01
5.75232800e-06,4.12051402e-01
5.75242800e-06,4.12016120e-01
5.75252800e-06,4.11975624e-01
5.75262800e-06,4.11940436e-01
5.75272800e-06,4.11900035e-01
5.75282800e-06,4.11864941e-01
5.75292800e-06,4.11824634e-01
5.75302800e-06,4.11789632e-01
5.75312800e-06,4.11749419e-01
5.75322800e-06,4.11714510e-01
5.75332800e-06,4.11674391e-01
5.75342800e-06,4.11639573e-01
5.75352800e-06,4.11599547e-01
5.75362800e-06,4.11564821e-01
5.75372800e-06,4.11524887e-01
5.75382800e-06,4.11490253e-01
5.75392800e-06,4.11450411e-01
5.75402800e-06,4.11415868e-01
5.75412800e-06,4.11376118e-01
5.75422800e-06,4.11341665e-01
5.75432800e-06,4.11302006e-01
5.75442800e-06,4.11267643e-01
5.75452800e-06,4.11228076e-01
5.75462800e-06,4.11193802e-01
5.75472800e-06,4.11154325e-01
5.75482800e-06,4.11120141e-01
5.75492800e-06,4.11080755e-01
5.75502800e-06,4.11046659e-01
5.75512800e-06,4.11007363e-01
5.75522800e-06,4.10973356e-01
5.75532800e-06,4.10934148e-01
5.75542800e-06,4.10900230e-01
5.75552800e-06,4.10861111e-01
5.75562800e-06,4.10827281e-01
5.75572800e-06,4.10788251e-01
5.75582800e-06,4.10754508e-01
5.75592800e-06,4.10715566e-01
5.75602800e-06,4.10681910e-01
5.75612800e-06,4.10643056e-01
5.75622800e-06,4.10609487e-01
5.75632800e-06,4.10570721e-01
5.75642800e-06,4.10537237e-01
5.75652800e-06,4.10498558e-01
5.75662800e-06,4.10465161e-01
5.75672800e-06,4.10426569e-01
5.75682800e-06,4.10393257e-01
5.75692800e-06,4.10354751e-01
5.75702800e-06,4.10321524e-01
5.75712800e-06,4.10283105e-01
5.75722800e-06,4.10249963e-01
5.75732800e-06,4.10211629e-01
5.75742800e-06,4.10178571e-01
5.75752800e-06,4.10140323e-01
5.75762800e-06,4.10107349e-01
5.75772800e-06,4.10069186e-01
5.75782800e-06,4.10036296e-01
5.75792800e-06,4.09998218e-01
5.75802800e-06,4.09965411e-01
5.75812800e-06,4.09927417e-01
5.75822800e-06,4.09894693e-01
5.75832800e-06,4.09856783e-01
5.75842800e-06,4.09824142e-01
5.75852800e-06,4.09786316e-01
5.75862800e-06,4.09753757e-01
5.75872800e-06,4.09716014e-01
5.75882800e-06,4.09683537e-01
5.75892800e-06,4.09645877e-01
5.75902800e-06,4.09613481e-01
5.75912800e-06,4.09575904e-01
5.75922800e-06,4.09543590e-01
5.75932800e-06,4.09506094e-01
5.75942800e-06,4.09473862e-01
5.75952800e-06,4.09436448e-01
5.75962800e-06,4.09404296e-01
5.75972800e-06,4.09366964e-01
5.75982800e-06,4.09334892e-01
5.75992800e-06,4.09297641e-01
5.76002800e-06,4.09265649e-01
5.76012800e-06,4.09228479e-01
5.76022800e-06,4.09196567e-01
5.76032800e-06,4.09159478e-01
5.76042800e-06,4.09127645e-01
5.76052800e-06,4.09090636e-01
5.76062800e-06,4.09058882e-01
5.76072800e-06,4.09021953e-01
5.76082800e-06,4.08990277e-01
5.76092800e-06,4.08953428e-01
5.76102800e-06,4.08921831e-01
5.76112800e-06,4.08885061e-01
5.76122800e-06,4.08853541e-01
5.76132800e-06,4.08816850e-01
5.76142800e-06,4.08785409e-01
5.76152800e-06,4.08748797e-01
5.76162800e-06,4.08717432e-01
5.76172800e-06,4.08680898e-01
5.76182800e-06,4.08649611e-01
5.76192800e-06,4.08613155e-01
5.76202800e-06,4.08581944e-01
5.76212800e-06,4.08545566e-01
5.76222800e-06,4.08514432e-01
5.76232800e-06,4.08478132e-01
5.76242800e-06,4.08447073e-01
5.76252800e-06,4.08410850e-01
5.76262800e-06,4.08379868e-01
5.76272800e-06,4.08343721e-01
5.76282800e-06,4.08312814e-01
5.76292800e-06,4.08276744e-01
5.76302800e-06,4.08245912e-01
5.76312800e-06,4.08209918e-01
5.76322800e-06,4.08179161e-01
5.76332800e-06,4.08143243e-01
5.76342800e-06,4.08112561e-01
5.76352800e-06,4.08076719e-01
5.76362800e-06,4.08046111e-01
5.76372800e-06,4.08010344e-01
5.76382800e-06,4.07979810e-01
5.76392800e-06,4.07944118e-01
5.76402800e-06,4.07913657e-01
5.76412800e-06,4.07878040e-01
5.76422800e-06,4.07847653e-01
5.76432800e-06,4.07812110e-01
5.76442800e-06,4.07781796e-01
5.76452800e-06,4.07746328e-01
5.76462800e-06,4.07716086e-01
5.76472800e-06,4.07680692e-01
5.76482800e-06,4.07650523e-01
5.76492800e-06,4.07615202e-01
5.76502800e-06,4.07585105e-01
5.76512800e-06,4.07549857e-01
5.76522800e-06,4.07519833e-01
5.76532800e-06,4.07484658e-01
5.76542800e-06,4.07454705e-01
5.76552800e-06,4.07419603e-01
5.76562800e-06,4.07389721e-01
5.76572800e-06,4.07354692e-01
5.76582800e-06,4.07324881e-01
5.76592800e-06,4.07289924e-01
5.76602800e-06,4.07260184e-01
5.76612800e-06,4.07225299e-01
5.76622800e-06,4.07195629e-01
5.76632800e-06,4.07160815e-01
5.76642800e-06,4.07131217e-01
5.76652800e-06,4.07096474e-01
5.76662800e-06,4.07066945e-01
5.76672800e-06,4.07032273e-01
5.76682800e-06,4.07002814e-01
5.76692800e-06,4.06968213e-01
5.76702800e-06,4.06938824e-01
5.76712800e-06,4.06904293e-01
5.76722800e-06,4.06874973e-01
5.76732800e-06,4.06840513e-01
5.76742800e-06,4.06811261e-01
5.76752800e-06,4.06776871e-01
5.76762800e-06,4.06747688e-01
5.76772800e-06,4.06713368e-01
5.76782800e-06,4.06684253e-01
5.76792800e-06,4.06650003e-01
5.76802800e-06,4.06620956e-01
5.76812800e-06,4.06586774e-01
5.76822800e-06,4.06557796e-01
5.76832800e-06,4.06523683e-01
5.76842800e-06,4.06494772e-01
5.76852800e-06,4.06460728e-01
5.76862800e-06,4.06431884e-01
5.76872800e-06,4.06397908e-01
5.76882800e-06,4.06369132e-01
5.76892800e-06,4.06335224e-01
5.76902800e-06,4.06306514e-01
5.76912800e-06,4.06272675e-01
5.76922800e-06,4.06244032e-01
5.76932800e-06,4.06210260e-01
5.76942800e-06,4.06181683e-01
5.76952800e-06,4.06147978e-01
5.76962800e-06,4.06119467e-01
5.76972800e-06,4.06085830e-01
5.76982800e-06,4.06057385e-01
5.76992800e-06,4.06023814e-01
5.77002800e-06,4.05995435e-01
5.77012800e-06,4.05961931e-01
5.77022800e-06,4.05933617e-01
5.77032800e-06,4.05900179e-01
5.77042800e-06,4.05871930e-01
5.77052800e-06,4.05838559e-01
5.77062800e-06,4.05810374e-01
5.77072800e-06,4.05777069e-01
5.77082800e-06,4.05748949e-01
5.77092800e-06,4.05715710e-01
5.77102800e-06,4.05687654e-01
5.77112800e-06,4.05654480e-01
5.77122800e-06,4.05626488e-01
5.77132800e-06,4.05593379e-01
5.77142800e-06,4.05565452e-01
5.77152800e-06,4.05532408e-01
5.77162800e-06,4.05504544e-01
5.77172800e-06,4.05471564e-01
5.77182800e-06,4.05443764e-01
5.77192800e-06,4.05410849e-01
5.77202800e-06,4.05383111e-01
5.77212800e-06,4.05350261e-01
5.77222800e-06,4.05322586e-01
5.77232800e-06,4.05289799e-01
5.77242800e-06,4.05262187e-01
5.77252800e-06,4.05229465e-01
5.77262800e-06,4.05201915e-01
5.77272800e-06,4.05169256e-01
5.77282800e-06,4.05141768e-01
5.77292800e-06,4.05109173e-01
5.77302800e-06,4.05081747e-01
5.77312800e-06,4.05049214e-01
5.77322800e-06,4.05021851e-01
5.77332800e-06,4.04989381e-01
5.77342800e-06,4.04962079e-01
5.77352800e-06,4.04929671e-01
5.77362800e-06,4.04902430e-01
5.77372800e-06,4.04870086e-01
5.77382800e-06,4.04842906e-01
5.77392800e-06,4.04810623e-01
5.77402800e-06,4.04783504e-01
5.77412800e-06,4.04751283e-01
5.77422800e-06,4.04724225e-01
5.77432800e-06,4.04692066e-01
5.77442800e-06,4.04665068e-01
5.77452800e-06,4.04632970e-01
5.77462800e-06,4.04606032e-01
5.77472800e-06,4.04573996e-01
5.77482800e-06,4.04547118e-01
5.77492800e-06,4.04515143e-01
5.77502800e-06,4.04488325e-01
5.77512800e-06,4.04456411e-01
5.77522800e-06,4.04429652e-01
5.77532800e-06,4.04397799e-01
5.77542800e-06,4.04371099e-01
5.77552800e-06,4.04339306e-01
5.77562800e-06,4.04312666e-01
5.77572800e-06,4.04280933e-01
5.77582800e-06,4.04254352e-01
5.77592800e-06,4.04222679e-01
5.77602800e-06,4.04196156e-01
5.77612800e-06,4.04164543e-01
5.77622800e-06,4.04138079e-01
5.77632800e-06,4.04106526e-01
5.77642800e-06,4.04080119e-01
5.77652800e-06,4.04048625e-01
5.77662800e-06,4.04022277e-01
5.77672800e-06,4.03990843e-01
5.77682800e-06,4.03964552e-01
5.77692800e-06,4.03933176e-01
5.77702800e-06,4.03906944e-01
5.77712800e-06,4.03875627e-01
5.77722800e-06,4.03849451e-01
5.77732800e-06,4.03818193e-01
5.77742800e-06,4.03792075e-01
5.77752800e-06,4.03760875e-01
5.77762800e-06,4.03734813e-01
5.77772800e-06,4.03703672e-01
5.77782800e-06,4.03677667e-01
5.77792800e-06,4.03646583e-01
5.77802800e-06,4.03620635e-01
5.77812800e-06,4.03589609e-01
5.77822800e-06,4.03563718e-01
5.77832800e-06,4.03532749e-01
5.77842800e-06,4.03506914e-01
5.77852800e-06,4.03476003e-01
5.77862800e-06,4.03450223e-01
5.77872800e-06,4.03419369e-01
5.77882800e-06,4.03393646e-01
5.77892800e-06,4.03362849e-01
5.77902800e-06,4.03337181e-01
5.77912800e-06,4.03306440e-01
5.77922800e-06,4.03280828e-01
5.77932800e-06,4.03250144e-01
5.77942800e-06,4.03224587e-01
5.77952800e-06,4.03193959e-01
5.77962800e-06,4.03168457e-01
5.77972800e-06,4.03137886e-01
5.77982800e-06,4.03112438e-01
5.77992800e-06,4.03081923e-01
5.78002800e-06,4.03056530e-01
5.78012800e-06,4.03026071e-01
5.78022800e-06,4.03000732e-01
5.78032800e-06,4.02970328e-01
5.78042800e-06,4.02945044e-01
5.78052800e-06,4.02914696e-01
5.78062800e-06,4.02889466e-01
5.78072800e-06,4.02859173e-01
5.78082800e-06,4.02833996e-01
5.78092800e-06,4.02803758e-01
5.78102800e-06,4.02778636e-01
5.78112800e-06,4.02748453e-01
5.78122800e-06,4.02723383e-01
5.78132800e-06,4.02693255e-01
5.78142800e-06,4.02668239e-01
5.78152800e-06,4.02638165e-01
5.78162800e-06,4.02613202e-01
5.78172800e-06,4.02583183e-01
5.78182800e-06,4.02558273e-01
5.78192800e-06,4.02528307e-01
5.78202800e-06,4.02503450e-01
5.78212800e-06,4.02473539e-01
5.78222800e-06,4.02448734e-01
5.78232800e-06,4.02418876e-01
5.78242800e-06,4.02394124e-01
5.78252800e-06,4.02364320e-01
5.78262800e-06,4.02339620e-01
5.78272800e-06,4.02309869e-01
5.78282800e-06,4.02285221e-01
5.78292800e-06,4.02255524e-01
5.78302800e-06,4.02230928e-01
5.78312800e-06,4.02201284e-01
5.78322800e-06,4.02176739e-01
5.78332800e-06,4.02147148e-01
5.78342800e-06,4.02122655e-01
5.78352800e-06,4.02093116e-01
5.78362800e-06,4.02068674e-01
5.78372800e-06,4.02039188e-01
5.78382800e-06,4.02014798e-01
5.78392800e-06,4.01985364e-01
5.78402800e-06,4.01961024e-01
5.78412800e-06,4.01931643e-01
5.78422800e-06,4.01907354e-01
5.78432800e-06,4.01878024e-01
5.78442800e-06,4.01853786e-01
5.78452800e-06,4.01824509e-01
5.78462800e-06,4.01800321e-01
5.78472800e-06,4.01771095e-01
5.78482800e-06,4.01746957e-01
5.78492800e-06,4.01717783e-01
5.78502800e-06,4.01693696e-01
5.78512800e-06,4.01664573e-01
5.78522800e-06,4.01640535e-01
5.78532800e-06,4.01611463e-01
5.78542800e-06,4.01587476e-01
5.78552800e-06,4.01558455e-01
5.78562800e-06,4.01534517e-01
5.78572800e-06,4.01505547e-01
5.78582800e-06,4.01481658e-01
5.78592800e-06,4.01452739e-01
5.78602800e-06,4.01428900e-01
5.78612800e-06,4.01400031e-01
5.78622800e-06,4.01376241e-01
5.78632800e-06,4.01347422e-01
5.78642800e-06,4.01323681e-01
5.78652800e-06,4.01294913e-01
5.78662800e-06,4.01271220e-01
5.78672800e-06,4.01242502e-01
5.78682800e-06,4.01218858e-01
5.78692800e-06,4.01190374e-01
5.78702800e-06,4.01166963e-01
5.78712800e-06,4.01138528e-01
5.78722800e-06,4.01115165e-01
5.78732800e-06,4.01086778e-01
5.78742800e-06,4.01063463e-01
5.78752800e-06,4.01035125e-01
5.78762800e-06,4.01011857e-01
5.78772800e-06,4.00983568e-01
5.78782800e-06,4.00960347e-01
5.78792800e-06,4.00932106e-01
5.78802800e-06,4.00908932e-01
5.78812800e-06,4.00880740e-01
5.78822800e-06,4.00857613e-01
5.78832800e-06,4.00829469e-01
5.78842800e-06,4.00806389e-01
5.78852800e-06,4.00778293e-01
5.78862800e-06,4.00755259e-01
5.78872800e-06,4.00727212e-01
5.78882800e-06,4.00704224e-01
5.78892800e-06,4.00676224e-01
5.78902800e-06,4.00653283e-01
5.78912800e-06,4.00625331e-01
5.78922800e-06,4.00602436e-01
5.78932800e-06,4.00574531e-01
5.78942800e-06,4.00551682e-01
5.78952800e-06,4.00523825e-01
5.78962800e-06,4.00501022e-01
5.78972800e-06,4.00473212e-01
5.78982800e-06,4.00450454e-01
5.78992800e-06,4.00422691e-01
5.79002800e-06,4.00399979e-01
5.79012800e-06,4.00372263e-01
5.79022800e-06,4.00349597e-01
5.79032800e-06,4.00321927e-01
5.79042800e-06,4.00299306e-01
5.79052800e-06,4.00271683e-01
5.79062800e-06,4.00249107e-01
5.79072800e-06,4.00221530e-01
5.79082800e-06,4.00198999e-01
5.79092800e-06,4.00171469e-01
5.79102800e-06,4.00148983e-01
5.79112800e-06,4.00121499e-01
5.79122800e-06,4.00099058e-01
5.79132800e-06,4.00071620e-01
5.79142800e-06,4.00049223e-01
5.79152800e-06,4.00021831e-01
5.79162800e-06,3.99999478e-01
5.79172800e-06,3.99972132e-01
5.79182800e-06,3.99949824e-01
5.79192800e-06,3.99922523e-01
5.79202800e-06,3.99900259e-01
5.79212800e-06,3.99873003e-01
5.79222800e-06,3.99850783e-01
5.79232800e-06,3.99823573e-01
5.79242800e-06,3.99801397e-01
5.79252800e-06,3.99774232e-01
5.79262800e-06,3.99752100e-01
5.79272800e-06,3.99724980e-01
5.79282800e-06,3.99702891e-01
5.79292800e-06,3.99675816e-01
5.79302800e-06,3.99653771e-01
5.79312800e-06,3.99626741e-01
5.79322800e-06,3.99604739e-01
5.79332800e-06,3.99577753e-01
5.79342800e-06,3.99555794e-01
5.79352800e-06,3.99528853e-01
5.79362800e-06,3.99506938e-01
5.79372800e-06,3.99480041e-01
5.79382800e-06,3.99458168e-01
5.79392800e-06,3.99431315e-01
5.79402800e-06,3.99409485e-01
5.79412800e-06,3.99382677e-01
5.79422800e-06,3.99360889e-01
5.79432800e-06,3.99334125e-01
5.79442800e-06,3.99312380e-01
5.79452800e-06,3.99285659e-01
5.79462800e-06,3.99263956e-01
5.79472800e-06,3.99237280e-01
5.79482800e-06,3.99215619e-01
5.79492800e-06,3.99188986e-01
5.79502800e-06,3.99167367e-01
5.79512800e-06,3.99140778e-01
5.79522800e-06,3.99119201e-01
5.79532800e-06,3.99092655e-01
5.79542800e-06,3.99071120e-01
5.79552800e-06,3.99044617e-01
5.79562800e-06,3.99023124e-01
5.79572800e-06,3.98996663e-01
5.79582800e-06,3.98975212e-01
5.79592800e-06,3.98948795e-01
5.79602800e-06,3.98927385e-01
5.79612800e-06,3.98901010e-01
5.79622800e-06,3.98879642e-01
5.79632800e-06,3.98853310e-01
5.79642800e-06,3.98831983e-01
5.79652800e-06,3.98805694e-01
5.79662800e-06,3.98784407e-01
5.79672800e-06,3.98758160e-01
5.79682800e-06,3.98736915e-01
5.79692800e-06,3.98710711e-01
5.79702800e-06,3.98689506e-01
5.79712800e-06,3.98663344e-01
5.79722800e-06,3.98642180e-01
5.79732800e-06,3.98616060e-01
5.79742800e-06,3.98594936e-01
5.79752800e-06,3.98568858e-01
5.79762800e-06,3.98547775e-01
5.79772800e-06,3.98521739e-01
5.79782800e-06,3.98500696e-01
5.79792800e-06,3.98474701e-01
5.79802800e-06,3.98453699e-01
5.79812800e-06,3.98427746e-01
5.79822800e-06,3.98406783e-01
5.79832800e-06,3.98380872e-01
5.79842800e-06,3.98359949e-01
5.79852800e-06,3.98334079e-01
5.79862800e-06,3.98313197e-01
5.79872800e-06,3.98287368e-01
5.79882800e-06,3.98266525e-01
5.79892800e-06,3.98240737e-01
5.79902800e-06,3.98219933e-01
5.79912800e-06,3.98194187e-01
5.79922800e-06,3.98173423e-01
5.79932800e-06,3.98147717e-01
5.79942800e-06,3.98126992e-01
5.79952800e-06,3.98101327e-01
5.79962800e-06,3.98080642e-01
5.79972800e-06,3.98054925e-01
5.79982800e-06,3.98034132e-01
5.79992800e-06,3.98008439e-01
5.80002800e-06,3.97987753e-01
5.80012800e-06,3.97962150e-01
5.80022800e-06,3.97941541e-01
5.80032800e-06,3.97916005e-01
5.80042800e-06,3.97895454e-01
5.80052800e-06,3.97869973e-01
5.80062800e-06,3.97849472e-01
5.80072800e-06,3.97824039e-01
5.80082800e-06,3.97803582e-01
5.80092800e-06,3.97778193e-01
5.80102800e-06,3.97757778e-01
5.80112800e-06,3.97732430e-01
5.80122800e-06,3.97712055e-01
5.80132800e-06,3.97686748e-01
5.80142800e-06,3.97666412e-01
5.80152800e-06,3.97641146e-01
5.80162800e-06,3.97620848e-01
5.80172800e-06,3.97595621e-01
5.80182800e-06,3.97575361e-01
5.80192800e-06,3.97550173e-01
5.80202800e-06,3.97529952e-01
5.80212800e-06,3.97504803e-01
5.80222800e-06,3.97484619e-01
5.80232800e-06,3.97459509e-01
5.80242800e-06,3.97439363e-01
5.80252800e-06,3.97414292e-01
5.80262800e-06,3.97394183e-01
5.80272800e-06,3.97369150e-01
5.80282800e-06,3.97349079e-01
5.80292800e-06,3.97324085e-01
5.80302800e-06,3.97304051e-01
5.80312800e-06,3.97279095e-01
5.80322800e-06,3.97259098e-01
5.80332800e-06,3.97234180e-01
5.80342800e-06,3.97214221e-01
5.80352800e-06,3.97189341e-01
5.80362800e-06,3.97169418e-01
5.80372800e-06,3.97144577e-01
5.80382800e-06,3.97124691e-01
5.80392800e-06,3.97099888e-01
5.80402800e-06,3.97080038e-01
5.80412800e-06,3.97055273e-01
5.80422800e-06,3.97035460e-01
5.80432800e-06,3.97010732e-01
5.80442800e-06,3.96990956e-01
5.80452800e-06,3.96966266e-01
5.80462800e-06,3.96946526e-01
5.80472800e-06,3.96921874e-01
5.80482800e-06,3.96902170e-01
5.80492800e-06,3.96877555e-01
5.80502800e-06,3.96857888e-01
5.80512800e-06,3.96833310e-01
5.80522800e-06,3.96813679e-01
5.80532800e-06,3.96789138e-01
5.80542800e-06,3.96769543e-01
5.80552800e-06,3.96745040e-01
5.80562800e-06,3.96725480e-01
5.80572800e-06,3.96701014e-01
5.80582800e-06,3.96681490e-01
5.80592800e-06,3.96657061e-01
5.80602800e-06,3.96637573e-01
5.80612800e-06,3.96613181e-01
5.80622800e-06,3.96593728e-01
5.80632800e-06,3.96569373e-01
5.80642800e-06,3.96549956e-01
5.80652800e-06,3.96525637e-01
5.80662800e-06,3.96506255e-01
5.80672800e-06,3.96481972e-01
5.80682800e-06,3.96462626e-01
5.80692800e-06,3.96438380e-01
5.80702800e-06,3.96419069e-01
5.80712800e-06,3.96394859e-01
5.80722800e-06,3.96375583e-01
5.80732800e-06,3.96351409e-01
5.80742800e-06,3.96332168e-01
5.80752800e-06,3.96308031e-01
5.80762800e-06,3.96288824e-01
5.80772800e-06,3.96264723e-01
5.80782800e-06,3.96245552e-01
5.80792800e-06,3.96221486e-01
5.80802800e-06,3.96202349e-01
5.80812800e-06,3.96178320e-01
5.80822800e-06,3.96159217e-01
5.80832800e-06,3.96135224e-01
5.80842800e-06,3.96116156e-01
5.80852800e-06,3.96092198e-01
5.80862800e-06,3.96073164e-01
5.80872800e-06,3.96049242e-01
5.80882800e-06,3.96030243e-01
5.80892800e-06,3.96006356e-01
5.80902800e-06,3.95987390e-01
5.80912800e-06,3.95963539e-01
5.80922800e-06,3.95944608e-01
5.80932800e-06,3.95920792e-01
5.80942800e-06,3.95901894e-01
5.80952800e-06,3.95878113e-01
5.80962800e-06,3.95859250e-01
5.80972800e-06,3.95835504e-01
5.80982800e-06,3.95816675e-01
5.80992800e-06,3.95792964e-01
5.81002800e-06,3.95774168e-01
5.81012800e-06,3.95750492e-01
5.81022800e-06,3.95731730e-01
5.81032800e-06,3.95708088e-01
5.81042800e-06,3.95689360e-01
5.81052800e-06,3.95665753e-01
5.81062800e-06,3.95647058e-01
5.81072800e-06,3.95623486e-01
5.81082800e-06,3.95604824e-01
5.81092800e-06,3.95581287e-01
5.81102800e-06,3.95562658e-01
5.81112800e-06,3.95539155e-01
5.81122800e-06,3.95520559e-01
5.81132800e-06,3.95497091e-01
5.81142800e-06,3.95478528e-01
5.81152800e-06,3.95455094e-01
5.81162800e-06,3.95436564e-01
5.81172800e-06,3.95413164e-01
5.81182800e-06,3.95394667e-01
5.81192800e-06,3.95371301e-01
5.81202800e-06,3.95352837e-01
5.81212800e-06,3.95329505e-01
5.81222800e-06,3.95311074e-01
5.81232800e-06,3.95287775e-01
5.81242800e-06,3.95269377e-01
5.81252800e-06,3.95246112e-01
5.81262800e-06,3.95227746e-01
5.81272800e-06,3.95204515e-01
5.81282800e-06,3.95186181e-01
5.81292800e-06,3.95162984e-01
5.81302800e-06,3.95144683e-01
5.81312800e-06,3.95121519e-01
5.81322800e-06,3.95103250e-01
5.81332800e-06,3.95080120e-01
5.81342800e-06,3.95061883e-01
5.81352800e-06,3.95038786e-01
5.81362800e-06,3.95020581e-01
5.81372800e-06,3.94997517e-01
5.81382800e-06,3.94979344e-01
5.81392800e-06,3.94956314e-01
5.81402800e-06,3.94938173e-01
5.81412800e-06,3.94915175e-01
5.81422800e-06,3.94897066e-01
5.81432800e-06,3.94874101e-01
5.81442800e-06,3.94856024e-01
5.81452800e-06,3.94833092e-01
5.81462800e-06,3.94815047e-01
5.81472800e-06,3.94792148e-01
5.81482800e-06,3.94774133e-01
5.81492800e-06,3.94751267e-01
5.81502800e-06,3.94733285e-01
5.81512800e-06,3.94710451e-01
5.81522800e-06,3.94692500e-01
5.81532800e-06,3.94669699e-01
5.81542800e-06,3.94651779e-01
5.81552800e-06,3.94629010e-01
5.81562800e-06,3.94611121e-01
5.81572800e-06,3.94588386e-01
5.81582800e-06,3.94570528e-01
5.81592800e-06,3.94547824e-01
5.81602800e-06,3.94529997e-01
5.81612800e-06,3.94507326e-01
5.81622800e-06,3.94489530e-01
5.81632800e-06,3.94466891e-01
5.81642800e-06,3.94449125e-01
5.81652800e-06,3.94426518e-01
5.81662800e-06,3.94408784e-01
5.81672800e-06,3.94386209e-01
5.81682800e-06,3.94368505e-01
5.81692800e-06,3.94345962e-01
5.81702800e-06,3.94328289e-01
5.81712800e-06,3.94305778e-01
5.81722800e-06,3.94288135e-01
5.81732800e-06,3.94265656e-01
5.81742800e-06,3.94248043e-01
5.81752800e-06,3.94225596e-01
5.81762800e-06,3.94208014e-01
5.81772800e-06,3.94185597e-01
5.81782800e-06,3.94168046e-01
5.81792800e-06,3.94145661e-01
5.81802800e-06,3.94128140e-01
5.81812800e-06,3.94105786e-01
5.81822800e-06,3.94088295e-01
5.81832800e-06,3.94065973e-01
5.81842800e-06,3.94048512e-01
5.81852800e-06,3.94026221e-01
5.81862800e-06,3.94008790e-01
5.81872800e-06,3.93986530e-01
5.81882800e-06,3.93969129e-01
5.81892800e-06,3.93946901e-01
5.81902800e-06,3.93929529e-01
5.81912800e-06,3.93907332e-01
5.81922800e-06,3.93889990e-01
5.81932800e-06,3.93867823e-01
5.81942800e-06,3.93850511e-01
5.81952800e-06,3.93828376e-01
5.81962800e-06,3.93811093e-01
5.81972800e-06,3.93788988e-01
5.81982800e-06,3.93771735e-01
5.81992800e-06,3.93749661e-01
5.82002800e-06,3.93732437e-01
5.82012800e-06,3.93710394e-01
5.82022800e-06,3.93693199e-01
5.82032800e-06,3.93671186e-01
5.82042800e-06,3.93654021e-01
5.82052800e-06,3.93632039e-01
5.82062800e-06,3.93614903e-01
5.82072800e-06,3.93592951e-01
5.82082800e-06,3.93575844e-01
5.82092800e-06,3.93553922e-01
5.82102800e-06,3.93536844e-01
5.82112800e-06,3.93514953e-01
5.82122800e-06,3.93497904e-01
5.82132800e-06,3.93476043e-01
5.82142800e-06,3.93459023e-01
5.82152800e-06,3.93437191e-01
5.82162800e-06,3.93420200e-01
5.82172800e-06,3.93398399e-01
5.82182800e-06,3.93381437e-01
5.82192800e-06,3.93359665e-01
5.82202800e-06,3.93342732e-01
5.82212800e-06,3.93320990e-01
5.82222800e-06,3.93304085e-01
5.82232800e-06,3.93282373e-01
5.82242800e-06,3.93265497e-01
5.82252800e-06,3.93243815e-01
5.82262800e-06,3.93226966e-01
5.82272800e-06,3.93205314e-01
5.82282800e-06,3.93188494e-01
5.82292800e-06,3.93166871e-01
5.82302800e-06,3.93150080e-01
5.82312800e-06,3.93128487e-01
5.82322800e-06,3.93111723e-01
5.82332800e-06,3.93090159e-01
5.82342800e-06,3.93073424e-01
5.82352800e-06,3.93051890e-01
5.82362800e-06,3.93035182e-01
5.82372800e-06,3.93013677e-01
5.82382800e-06,3.92996998e-01
5.82392800e-06,3.92975522e-01
5.82402800e-06,3.92958871e-01
5.82412800e-06,3.92937424e-01
5.82422800e-06,3.92920801e-01
5.82432800e-06,3.92899383e-01
5.82442800e-06,3.92882787e-01
5.82452800e-06,3.92861398e-01
5.82462800e-06,3.92844831e-01
5.82472800e-06,3.92823471e-01
5.82482800e-06,3.92806930e-01
5.82492800e-06,3.92785599e-01
5.82502800e-06,3.92769087e-01
5.82512800e-06,3.92747785e-01
5.82522800e-06,3.92731299e-01
5.82532800e-06,3.92710026e-01
5.82542800e-06,3.92693568e-01
5.82552800e-06,3.92672323e-01
5.82562800e-06,3.92655893e-01
5.82572800e-06,3.92634676e-01
5.82582800e-06,3.92618273e-01
5.82592800e-06,3.92597085e-01
5.82602800e-06,3.92580710e-01
5.82612800e-06,3.92559550e-01
5.82622800e-06,3.92543201e-01
5.82632800e-06,3.92522070e-01
5.82642800e-06,3.92505749e-01
5.82652800e-06,3.92484646e-01
5.82662800e-06,3.92468351e-01
5.82672800e-06,3.92447277e-01
5.82682800e-06,3.92431009e-01
5.82692800e-06,3.92409963e-01
5.82702800e-06,3.92393722e-01
5.82712800e-06,3.92372704e-01
5.82722800e-06,3.92356489e-01
5.82732800e-06,3.92335499e-01
5.82742800e-06,3.92319312e-01
5.82752800e-06,3.92298350e-01
5.82762800e-06,3.92282189e-01
5.82772800e-06,3.92261255e-01
5.82782800e-06,3.92245121e-01
5.82792800e-06,3.92224214e-01
5.82802800e-06,3.92208107e-01
5.82812800e-06,3.92187228e-01
5.82822800e-06,3.92171147e-01
5.82832800e-06,3.92150296e-01
5.82842800e-06,3.92134241e-01
5.82852800e-06,3.92113418e-01
5.82862800e-06,3.92097389e-01
5.82872800e-06,3.92076593e-01
5.82882800e-06,3.92060591e-01
5.82892800e-06,3.92039823e-01
5.82902800e-06,3.92023847e-01
5.82912800e-06,3.92003106e-01
5.82922800e-06,3.91987156e-01
5.82932800e-06,3.91966443e-01
5.82942800e-06,3.91950519e-01
5.82952800e-06,3.91929833e-01
5.82962800e-06,3.91913935e-01
5.82972800e-06,3.91893276e-01
5.82982800e-06,3.91877405e-01
5.82992800e-06,3.91856773e-01
5.83002800e-06,3.91840927e-01
5.83012800e-06,3.91820322e-01
5.83022800e-06,3.91804502e-01
5.83032800e-06,3.91783925e-01
5.83042800e-06,3.91768130e-01
5.83052800e-06,3.91747580e-01
5.83062800e-06,3.91731811e-01
5.83072800e-06,3.91711287e-01
5.83082800e-06,3.91695544e-01
5.83092800e-06,3.91675047e-01
5.83102800e-06,3.91659330e-01
5.83112800e-06,3.91638860e-01
5.83122800e-06,3.91623168e-01
5.83132800e-06,3.91602725e-01
5.83142800e-06,3.91587058e-01
5.83152800e-06,3.91566641e-01
5.83162800e-06,3.91551000e-01
5.83172800e-06,3.91530610e-01
5.83182800e-06,3.91514995e-01
5.83192800e-06,3.91494631e-01
5.83202800e-06,3.91479041e-01
5.83212800e-06,3.91458703e-01
5.83222800e-06,3.91443138e-01
5.83232800e-06,3.91422827e-01
5.83242800e-06,3.91407287e-01
5.83252800e-06,3.91387003e-01
5.83262800e-06,3.91371488e-01
5.83272800e-06,3.91351230e-01
5.83282800e-06,3.91335740e-01
5.83292800e-06,3.91315508e-01
5.83302800e-06,3.91300043e-01
5.83312800e-06,3.91279837e-01
5.83322800e-06,3.91264397e-01
5.83332800e-06,3.91244217e-01
5.83342800e-06,3.91228802e-01
5.83352800e-06,3.91208649e-01
5.83362800e-06,3.91193258e-01
5.83372800e-06,3.91173130e-01
5.83382800e-06,3.91157765e-01
5.83392800e-06,3.91137663e-01
5.83402800e-06,3.91122322e-01
5.83412800e-06,3.91102246e-01
5.83422800e-06,3.91086929e-01
5.83432800e-06,3.91066880e-01
5.83442800e-06,3.91051588e-01
5.83452800e-06,3.91031563e-01
5.83462800e-06,3.91016296e-01
5.83472800e-06,3.90996297e-01
5.83482800e-06,3.90981054e-01
5.83492800e-06,3.90961081e-01
5.83502800e-06,3.90945862e-01
5.83512800e-06,3.90925915e-01
5.83522800e-06,3.90910721e-01
5.83532800e-06,3.90890799e-01
5.83542800e-06,3.90875629e-01
5.83552800e-06,3.90855732e-01
5.83562800e-06,3.90840586e-01
5.83572800e-06,3.90820715e-01
5.83582800e-06,3.90805594e-01
5.83592800e-06,3.90785748e-01
5.83602800e-06,3.90770650e-01
5.83612800e-06,3.90750830e-01
5.83622800e-06,3.90735756e-01
5.83632800e-06,3.90715961e-01
5.83642800e-06,3.90700911e-01
5.83652800e-06,3.90681141e-01
5.83662800e-06,3.90666115e-01
5.83672800e-06,3.90646370e-01
5.83682800e-06,3.90631368e-01
5.83692800e-06,3.90611648e-01
5.83702800e-06,3.90596670e-01
5.83712800e-06,3.90576975e-01
5.83722800e-06,3.90562021e-01
5.83732800e-06,3.90542351e-01
5.83742800e-06,3.90527420e-01
5.83752800e-06,3.90507775e-01
5.83762800e-06,3.90492868e-01
5.83772800e-06,3.90473248e-01
5.83782800e-06,3.90458364e-01
5.83792800e-06,3.90438769e-01
5.83802800e-06,3.90423908e-01
5.83812800e-06,3.90404338e-01
5.83822800e-06,3.90389501e-01
5.83832800e-06,3.90369955e-01
5.83842800e-06,3.90355142e-01
5.83852800e-06,3.90335621e-01
5.83862800e-06,3.90320830e-01
5.83872800e-06,3.90301334e-01
5.83882800e-06,3.90286567e-01
5.83892800e-06,3.90267095e-01
5.83902800e-06,3.90252351e-01
5.83912800e-06,3.90232904e-01
5.83922800e-06,3.90218183e-01
5.83932800e-06,3.90198760e-01
5.83942800e-06,3.90184063e-01
5.83952800e-06,3.90164664e-01
5.83962800e-06,3.90149989e-01
5.83972800e-06,3.90130615e-01
5.83982800e-06,3.90115964e-01
5.83992800e-06,3.90096613e-01
5.84002800e-06,3.90081985e-01
5.84012800e-06,3.90062659e-01
5.84022800e-06,3.90048053e-01
5.84032800e-06,3.90028751e-01
5.84042800e-06,3.90014169e-01
5.84052800e-06,3.89994891e-01
5.84062800e-06,3.89980331e-01
5.84072800e-06,3.89961077e-01
5.84082800e-06,3.89946540e-01
5.84092800e-06,3.89927310e-01
5.84102800e-06,3.89912796e-01
5.84112800e-06,3.89893590e-01
5.84122800e-06,3.89879098e-01
5.84132800e-06,3.89859916e-01
5.84142800e-06,3.89845447e-01
5.84152800e-06,3.89826289e-01
5.84162800e-06,3.89811842e-01
5.84172800e-06,3.89792708e-01
5.84182800e-06,3.89778284e-01
5.84192800e-06,3.89759173e-01
5.84202800e-06,3.89744771e-01
5.84212800e-06,3.89725684e-01
5.84222800e-06,3.89711305e-01
5.84232800e-06,3.89692241e-01
5.84242800e-06,3.89677884e-01
5.84252800e-06,3.89658844e-01
5.84262800e-06,3.89644510e-01
5.84272800e-06,3.89625493e-01
5.84282800e-06,3.89611181e-01
5.84292800e-06,3.89592188e-01
5.84302800e-06,3.89577898e-01
5.84312800e-06,3.89558928e-01
5.84322800e-06,3.89544660e-01
5.84332800e-06,3.89525714e-01
5.84342800e-06,3.89511468e-01
5.84352800e-06,3.89492545e-01
5.84362800e-06,3.89478321e-01
5.84372800e-06,3.89459421e-01
5.84382800e-06,3.89445219e-01
5.84392800e-06,3.89426343e-01
5.84402800e-06,3.89412163e-01
5.84412800e-06,3.89393309e-01
5.84422800e-06,3.89379151e-01
5.84432800e-06,3.89360321e-01
5.84442800e-06,3.89346185e-01
5.84452800e-06,3.89327377e-01
5.84462800e-06,3.89313263e-01
5.84472800e-06,3.89294479e-01
5.84482800e-06,3.89280386e-01
5.84492800e-06,3.89261625e-01
5.84502800e-06,3.89247554e-01
5.84512800e-06,3.89228815e-01
5.84522800e-06,3.89214766e-01
5.84532800e-06,3.89196051e-01
5.84542800e-06,3.89182023e-01
5.84552800e-06,3.89163330e-01
5.84562800e-06,3.89149324e-01
5.84572800e-06,3.89130654e-01
5.84582800e-06,3.89116670e-01
5.84592800e-06,3.89098022e-01
5.84602800e-06,3.89084059e-01
5.84612800e-06,3.89065435e-01
5.84622800e-06,3.89051493e-01
5.84632800e-06,3.89032891e-01
5.84642800e-06,3.89018971e-01
5.84652800e-06,3.89000391e-01
5.84662800e-06,3.88986492e-01
5.84672800e-06,3.88967935e-01
5.84682800e-06,3.88954058e-01
5.84692800e-06,3.88935523e-01
5.84702800e-06,3.88921667e-01
5.84712800e-06,3.88903154e-01
5.84722800e-06,3.88889319e-01
5.84732800e-06,3.88870829e-01
5.84742800e-06,3.88857015e-01
5.84752800e-06,3.88838548e-01
5.84762800e-06,3.88824755e-01
5.84772800e-06,3.88806309e-01
5.84782800e-06,3.88792538e-01
5.84792800e-06,3.88774115e-01
5.84802800e-06,3.88760364e-01
5.84812800e-06,3.88741963e-01
5.84822800e-06,3.88728233e-01
5.84832800e-06,3.88709854e-01
5.84842800e-06,3.88696145e-01
5.84852800e-06,3.88677789e-01
5.84862800e-06,3.88664100e-01
5.84872800e-06,3.88645766e-01
5.84882800e-06,3.88632099e-01
5.84892800e-06,3.88613786e-01
5.84902800e-06,3.88600139e-01
5.84912800e-06,3.88581849e-01
5.84922800e-06,3.88568223e-01
5.84932800e-06,3.88549954e-01
5.84942800e-06,3.88536349e-01
5.84952800e-06,3.88518102e-01
5.84962800e-06,3.88504518e-01
5.84972800e-06,3.88486293e-01
5.84982800e-06,3.88472729e-01
5.84992800e-06,3.88454526e-01
5.85002800e-06,3.88440982e-01
5.85012800e-06,3.88422801e-01
5.85022800e-06,3.88409278e-01
5.85032800e-06,3.88391118e-01
5.85042800e-06,3.88377615e-01
5.85052800e-06,3.88359477e-01
5.85062800e-06,3.88345995e-01
5.85072800e-06,3.88327879e-01
5.85082800e-06,3.88314417e-01
5.85092800e-06,3.88296322e-01
5.85102800e-06,3.88282881e-01
5.85112800e-06,3.88264807e-01
5.85122800e-06,3.88251386e-01
5.85132800e-06,3.88233334e-01
5.85142800e-06,3.88219933e-01
5.85152800e-06,3.88201903e-01
5.85162800e-06,3.88188522e-01
5.85172800e-06,3.88170513e-01
5.85182800e-06,3.88157153e-01
5.85192800e-06,3.88139165e-01
5.85202800e-06,3.88125824e-01
5.85212800e-06,3.88107858e-01
5.85222800e-06,3.88094537e-01
5.85232800e-06,3.88076592e-01
5.85242800e-06,3.88063292e-01
5.85252800e-06,3.88045368e-01
5.85262800e-06,3.88032087e-01
5.85272800e-06,3.88014185e-01
5.85282800e-06,3.88000924e-01
5.85292800e-06,3.87983042e-01
5.85302800e-06,3.87969802e-01
5.85312800e-06,3.87951941e-01
5.85322800e-06,3.87938720e-01
5.85332800e-06,3.87920881e-01
5.85342800e-06,3.87907680e-01
5.85352800e-06,3.87889861e-01
5.85362800e-06,3.87876680e-01
5.85372800e-06,3.87858883e-01
5.85382800e-06,3.87845721e-01
5.85392800e-06,3.87827945e-01
5.85402800e-06,3.87814803e-01
5.85412800e-06,3.87797047e-01
5.85422800e-06,3.87783925e-01
5.85432800e-06,3.87766190e-01
5.85442800e-06,3.87753087e-01
5.85452800e-06,3.87735373e-01
5.85462800e-06,3.87722290e-01
5.85472800e-06,3.87704597e-01
5.85482800e-06,3.87691533e-01
5.85492800e-06,3.87673861e-01
5.85502800e-06,3.87660817e-01
5.85512800e-06,3.87643165e-01
5.85522800e-06,3.87630140e-01
5.85532800e-06,3.87612509e-01
5.85542800e-06,3.87599504e-01
5.85552800e-06,3.87581893e-01
5.85562800e-06,3.87568907e-01
5.85572800e-06,3.87551317e-01
5.85582800e-06,3.87538350e-01
5.85592800e-06,3.87520780e-01
5.85602800e-06,3.87507833e-01
5.85612800e-06,3.87490284e-01
5.85622800e-06,3.87477356e-01
5.85632800e-06,3.87459827e-01
5.85642800e-06,3.87446918e-01
5.85652800e-06,3.87429410e-01
5.85662800e-06,3.87416520e-01
5.85672800e-06,3.87399032e-01
5.85682800e-06,3.87386162e-01
5.85692800e-06,3.87368694e-01
5.85702800e-06,3.87355843e-01
5.85712800e-06,3.87338395e-01
5.85722800e-06,3.87325563e-01
5.85732800e-06,3.87308135e-01
5.85742800e-06,3.87295322e-01
5.85752800e-06,3.87277915e-01
5.85762800e-06,3.87265121e-01
5.85772800e-06,3.87247734e-01
5.85782800e-06,3.87234958e-01
5.85792800e-06,3.87217591e-01
5.85802800e-06,3.87204835e-01
5.85812800e-06,3.87187488e-01
5.85822800e-06,3.87174750e-01
5.85832800e-06,3.87157423e-01
5.85842800e-06,3.87144705e-01
5.85852800e-06,3.87127398e-01
5.85862800e-06,3.87114698e-01
5.85872800e-06,3.87097411e-01
5.85882800e-06,3.87084729e-01
5.85892800e-06,3.87067463e-01
5.85902800e-06,3.87054800e-01
5.85912800e-06,3.87037553e-01
5.85922800e-06,3.87024909e-01
5.85932800e-06,3.87007682e-01
5.85942800e-06,3.86995056e-01
5.85952800e-06,3.86977849e-01
5.85962800e-06,3.86965242e-01
5.85972800e-06,3.86948054e-01
5.85982800e-06,3.86935466e-01
5.85992800e-06,3.86918298e-01
5.86002800e-06,3.86905729e-01
5.86012800e-06,3.86888580e-01
5.86022800e-06,3.86876029e-01
5.86032800e-06,3.86858900e-01
5.86042800e-06,3.86846368e-01
5.86052800e-06,3.86829259e-01
5.86062800e-06,3.86816744e-01
5.86072800e-06,3.86799655e-01
5.86082800e-06,3.86787159e-01
5.86092800e-06,3.86770089e-01
5.86102800e-06,3.86757611e-01
5.86112800e-06,3.86740561e-01
5.86122800e-06,3.86728101e-01
5.86132800e-06,3.86711071e-01
5.86142800e-06,3.86698629e-01
5.86152800e-06,3.86681618e-01
5.86162800e-06,3.86669195e-01
5.86172800e-06,3.86652203e-01
5.86182800e-06,3.86639798e-01
5.86192800e-06,3.86622825e-01
5.86202800e-06,3.86610439e-01
5.86212800e-06,3.86593485e-01
5.86222800e-06,3.86581117e-01
5.86232800e-06,3.86564183e-01
5.86242800e-06,3.86551832e-01
5.86252800e-06,3.86534917e-01
5.86262800e-06,3.86522585e-01
5.86272800e-06,3.86505689e-01
5.86282800e-06,3.86493375e-01
5.86292800e-06,3.86476499e-01
5.86302800e-06,3.86464202e-01
5.86312800e-06,3.86447345e-01
5.86322800e-06,3.86435066e-01
5.86332800e-06,3.86418228e-01
5.86342800e-06,3.86405968e-01
5.86352800e-06,3.86389148e-01
5.86362800e-06,3.86376906e-01
5.86372800e-06,3.86360106e-01
5.86382800e-06,3.86347881e-01
5.86392800e-06,3.86331100e-01
5.86402800e-06,3.86318892e-01
5.86412800e-06,3.86302130e-01
5.86422800e-06,3.86289941e-01
5.86432800e-06,3.86273198e-01
5.86442800e-06,3.86261026e-01
5.86452800e-06,3.86244302e-01
5.86462800e-06,3.86232148e-01
5.86472800e-06,3.86215442e-01
5.86482800e-06,3.86203306e-01
5.86492800e-06,3.86186620e-01
5.86502800e-06,3.86174501e-01
5.86512800e-06,3.86157833e-01
5.86522800e-06,3.86145732e-01
5.86532800e-06,3.86129083e-01
5.86542800e-06,3.86116999e-01
5.86552800e-06,3.86100369e-01
5.86562800e-06,3.86088303e-01
5.86572800e-06,3.86071691e-01
5.86582800e-06,3.86059643e-01
5.86592800e-06,3.86043050e-01
5.86602800e-06,3.86031019e-01
5.86612800e-06,3.86014444e-01
5.86622800e-06,3.86002431e-01
5.86632800e-06,3.85985875e-01
5.86642800e-06,3.85973879e-01
5.86652800e-06,3.85957341e-01
5.86662800e-06,3.85945362e-01
5.86672800e-06,3.85928844e-01
5.86682800e-06,3.85916882e-01
5.86692800e-06,3.85900382e-01
5.86702800e-06,3.85888438e-01
5.86712800e-06,3.85871956e-01
5.86722800e-06,3.85860029e-01
5.86732800e-06,3.85843566e-01
5.86742800e-06,3.85831656e-01
5.86752800e-06,3.85815211e-01
5.86762800e-06,3.85803318e-01
5.86772800e-06,3.85786891e-01
5.86782800e-06,3.85775016e-01
5.86792800e-06,3.85758608e-01
5.86802800e-06,3.85746749e-01
5.86812800e-06,3.85730359e-01
5.86822800e-06,3.85718518e-01
5.86832800e-06,3.85702146e-01
5.86842800e-06,3.85690322e-01
5.86852800e-06,3.85673969e-01
5.86862800e-06,3.85662161e-01
5.86872800e-06,3.85645826e-01
5.86882800e-06,3.85634036e-01
5.86892800e-06,3.85617719e-01
5.86902800e-06,3.85605946e-01
5.86912800e-06,3.85589647e-01
5.86922800e-06,3.85577890e-01
5.86932800e-06,3.85561609e-01
5.86942800e-06,3.85549870e-01
5.86952800e-06,3.85533607e-01
5.86962800e-06,3.85521885e-01
5.86972800e-06,3.85505640e-01
5.86982800e-06,3.85493934e-01
5.86992800e-06,3.85477707e-01
5.87002800e-06,3.85466019e-01
5.87012800e-06,3.85449810e-01
5.87022800e-06,3.85438138e-01
5.87032800e-06,3.85421947e-01
5.87042800e-06,3.85410291e-01
5.87052800e-06,3.85394118e-01
5.87062800e-06,3.85382480e-01
5.87072800e-06,3.85366325e-01
5.87082800e-06,3.85354703e-01
5.87092800e-06,3.85338565e-01
5.87102800e-06,3.85326960e-01
5.87112800e-06,3.85310841e-01
5.87122800e-06,3.85299252e-01
5.87132800e-06,3.85283150e-01
5.87142800e-06,3.85271578e-01
5.87152800e-06,3.85255494e-01
5.87162800e-06,3.85243939e-01
5.87172800e-06,3.85227873e-01
5.87182800e-06,3.85216334e-01
5.87192800e-06,3.85200285e-01
5.87202800e-06,3.85188763e-01
5.87212800e-06,3.85172732e-01
5.87222800e-06,3.85161226e-01
5.87232800e-06,3.85145212e-01
5.87242800e-06,3.85133723e-01
5.87252800e-06,3.85117727e-01
5.87262800e-06,3.85106254e-01
5.87272800e-06,3.85090276e-01
5.87282800e-06,3.85078819e-01
5.87292800e-06,3.85062859e-01
5.87302800e-06,3.85051418e-01
5.87312800e-06,3.85035475e-01
5.87322800e-06,3.85024051e-01
5.87332800e-06,3.85008126e-01
5.87342800e-06,3.84996718e-01
5.87352800e-06,3.84980810e-01
5.87362800e-06,3.84969418e-01
5.87372800e-06,3.84953527e-01
5.87382800e-06,3.84942152e-01
5.87392800e-06,3.84926279e-01
5.87402800e-06,3.84914920e-01
5.87412800e-06,3.84899064e-01
5.87422800e-06,3.84887721e-01
5.87432800e-06,3.84871882e-01
5.87442800e-06,3.84860555e-01
5.87452800e-06,3.84844734e-01
5.87462800e-06,3.84833424e-01
5.87472800e-06,3.84817619e-01
5.87482800e-06,3.84806325e-01
5.87492800e-06,3.84790538e-01
5.87502800e-06,3.84779260e-01
5.87512800e-06,3.84763490e-01
5.87522800e-06,3.84752228e-01
5.87532800e-06,3.84736475e-01
5.87542800e-06,3.84725229e-01
5.87552800e-06,3.84709494e-01
5.87562800e-06,3.84698263e-01
5.87572800e-06,3.84682545e-01
5.87582800e-06,3.84671330e-01
5.87592800e-06,3.84655629e-01
5.87602800e-06,3.84644431e-01
5.87612800e-06,3.84628747e-01
5.87622800e-06,3.84617564e-01
5.87632800e-06,3.84601897e-01
5.87642800e-06,3.84590731e-01
5.87652800e-06,3.84575081e-01
5.87662800e-06,3.84563930e-01
5.87672800e-06,3.84548297e-01
5.87682800e-06,3.84537162e-01
5.87692800e-06,3.84521546e-01
5.87702800e-06,3.84510426e-01
5.87712800e-06,3.84494827e-01
5.87722800e-06,3.84483724e-01
5.87732800e-06,3.84468141e-01
5.87742800e-06,3.84457054e-01
5.87752800e-06,3.84441488e-01
5.87762800e-06,3.84430416e-01
5.87772800e-06,3.84414868e-01
5.87782800e-06,3.84403811e-01
5.87792800e-06,3.84388280e-01
5.87802800e-06,3.84377239e-01
5.87812800e-06,3.84361724e-01
5.87822800e-06,3.84350699e-01
5.87832800e-06,3.84335201e-01
5.87842800e-06,3.84324191e-01
5.87852800e-06,3.84308710e-01
5.87862800e-06,3.84297716e-01
5.87872800e-06,3.84282251e-01
5.87882800e-06,3.84271272e-01
5.87892800e-06,3.84255824e-01
5.87902800e-06,3.84244861e-01
5.87912800e-06,3.84229430e-01
5.87922800e-06,3.84218483e-01
5.87932800e-06,3.84203068e-01
5.87942800e-06,3.84192136e-01
5.87952800e-06,3.84176738e-01
5.87962800e-06,3.84165821e-01
5.87972800e-06,3.84150440e-01
5.87982800e-06,3.84139538e-01
5.87992800e-06,3.84124173e-01
5.88002800e-06,3.84113288e-01
5.88012800e-06,3.84097939e-01
5.88022800e-06,3.84087069e-01
5.88032800e-06,3.84071737e-01
5.88042800e-06,3.84060882e-01
5.88052800e-06,3.84045566e-01
5.88062800e-06,3.84034726e-01
5.88072800e-06,3.84019427e-01
5.88082800e-06,3.84008603e-01
5.88092800e-06,3.83993320e-01
5.88102800e-06,3.83982511e-01
5.88112800e-06,3.83967245e-01
5.88122800e-06,3.83956450e-01
5.88132800e-06,3.83941201e-01
5.88142800e-06,3.83930422e-01
5.88152800e-06,3.83915188e-01
5.88162800e-06,3.83904425e-01
5.88172800e-06,3.83889207e-01
5.88182800e-06,3.83878459e-01
5.88192800e-06,3.83863258e-01
5.88202800e-06,3.83852524e-01
5.88212800e-06,3.83837340e-01
5.88222800e-06,3.83826621e-01
5.88232800e-06,3.83811453e-01
5.88242800e-06,3.83800750e-01
5.88252800e-06,3.83785598e-01
5.88262800e-06,3.83774909e-01
5.88272800e-06,3.83759773e-01
5.88282800e-06,3.83749100e-01
5.88292800e-06,3.83733980e-01
5.88302800e-06,3.83723322e-01
5.88312800e-06,3.83708218e-01
5.88322800e-06,3.83697575e-01
5.88332800e-06,3.83682487e-01
5.88342800e-06,3.83671859e-01
5.88352800e-06,3.83656788e-01
5.88362800e-06,3.83646174e-01
5.88372800e-06,3.83631119e-01
5.88382800e-06,3.83620520e-01
5.88392800e-06,3.83605481e-01
5.88402800e-06,3.83594897e-01
5.88412800e-06,3.83579874e-01
5.88422800e-06,3.83569305e-01
5.88432800e-06,3.83554298e-01
5.88442800e-06,3.83543744e-01
5.88452800e-06,3.83528752e-01
5.88462800e-06,3.83518213e-01
5.88472800e-06,3.83503238e-01
5.88482800e-06,3.83492714e-01
5.88492800e-06,3.83477754e-01
5.88502800e-06,3.83467244e-01
5.88512800e-06,3.83452300e-01
5.88522800e-06,3.83441806e-01
5.88532800e-06,3.83426878e-01
5.88542800e-06,3.83416398e-01
5.88552800e-06,3.83401485e-01
5.88562800e-06,3.83391020e-01
5.88572800e-06,3.83376124e-01
5.88582800e-06,3.83365673e-01
5.88592800e-06,3.83350793e-01
5.88602800e-06,3.83340357e-01
5.88612800e-06,3.83325492e-01
5.88622800e-06,3.83315070e-01
5.88632800e-06,3.83300221e-01
5.88642800e-06,3.83289815e-01
5.88652800e-06,3.83274981e-01
5.88662800e-06,3.83264589e-01
5.88672800e-06,3.83249771e-01
5.88682800e-06,3.83239394e-01
5.88692800e-06,3.83224592e-01
5.88702800e-06,3.83214228e-01
5.88712800e-06,3.83199442e-01
5.88722800e-06,3.83189093e-01
5.88732800e-06,3.83174323e-01
5.88742800e-06,3.83163989e-01
5.88752800e-06,3.83149233e-01
5.88762800e-06,3.83138914e-01
5.88772800e-06,3.83124174e-01
5.88782800e-06,3.83113869e-01
5.88792800e-06,3.83099145e-01
5.88802800e-06,3.83088854e-01
5.88812800e-06,3.83074146e-01
5.88822800e-06,3.83063869e-01
5.88832800e-06,3.83049176e-01
5.88842800e-06,3.83038914e-01
5.88852800e-06,3.83024236e-01
5.88862800e-06,3.83013989e-01
5.88872800e-06,3.82999327e-01
5.88882800e-06,3.82989093e-01
5.88892800e-06,3.82974447e-01
5.88902800e-06,3.82964228e-01
5.88912800e-06,3.82949596e-01
5.88922800e-06,3.82939392e-01
5.88932800e-06,3.82924776e-01
5.88942800e-06,3.82914585e-01
5.88952800e-06,3.82899985e-01
5.88962800e-06,3.82889808e-01
5.88972800e-06,3.82875223e-01
5.88982800e-06,3.82865061e-01
5.88992800e-06,3.82850491e-01
5.89002800e-06,3.82840344e-01
5.89012800e-06,3.82825789e-01
5.89022800e-06,3.82815655e-01
5.89032800e-06,3.82801116e-01
5.89042800e-06,3.82790997e-01
5.89052800e-06,3.82776473e-01
5.89062800e-06,3.82766367e-01
5.89072800e-06,3.82751858e-01
5.89082800e-06,3.82741767e-01
5.89092800e-06,3.82727274e-01
5.89102800e-06,3.82717196e-01
5.89112800e-06,3.82702718e-01
5.89122800e-06,3.82692655e-01
5.89132800e-06,3.82678192e-01
5.89142800e-06,3.82668142e-01
5.89152800e-06,3.82653694e-01
5.89162800e-06,3.82643659e-01
5.89172800e-06,3.82629226e-01
5.89182800e-06,3.82619205e-01
5.89192800e-06,3.82604787e-01
5.89202800e-06,3.82594780e-01
5.89212800e-06,3.82580378e-01
5.89222800e-06,3.82570384e-01
5.89232800e-06,3.82555997e-01
5.89242800e-06,3.82546018e-01
5.89252800e-06,3.82531645e-01
5.89262800e-06,3.82521680e-01
5.89272800e-06,3.82507322e-01
5.89282800e-06,3.82497370e-01
5.89292800e-06,3.82483028e-01
5.89302800e-06,3.82473090e-01
5.89312800e-06,3.82458763e-01
5.89322800e-06,3.82448839e-01
5.89332800e-06,3.82434526e-01
5.89342800e-06,3.82424616e-01
5.89352800e-06,3.82410319e-01
5.89362800e-06,3.82400423e-01
5.89372800e-06,3.82386140e-01
5.89382800e-06,3.82376258e-01
5.89392800e-06,3.82361990e-01
5.89402800e-06,3.82352121e-01
5.89412800e-06,3.82337868e-01
5.89422800e-06,3.82328013e-01
5.89432800e-06,3.82313775e-01
5.89442800e-06,3.82303934e-01
5.89452800e-06,3.82289711e-01
5.89462800e-06,3.82279883e-01
5.89472800e-06,3.82265675e-01
5.89482800e-06,3.82255861e-01
5.89492800e-06,3.82241667e-01
5.89502800e-06,3.82231868e-01
5.89512800e-06,3.82217689e-01
5.89522800e-06,3.82207902e-01
5.89532800e-06,3.82193738e-01
5.89542800e-06,3.82183965e-01
5.89552800e-06,3.82169816e-01
5.89562800e-06,3.82160057e-01
5.89572800e-06,3.82145922e-01
5.89582800e-06,3.82136177e-01
5.89592800e-06,3.82122056e-01
5.89602800e-06,3.82112325e-01
5.89612800e-06,3.82098219e-01
5.89622800e-06,3.82088501e-01
5.89632800e-06,3.82074410e-01
5.89642800e-06,3.82064705e-01
5.89652800e-06,3.82050629e-01
5.89662800e-06,3.82040938e-01
5.89672800e-06,3.82026876e-01
5.89682800e-06,3.82017198e-01
5.89692800e-06,3.82003151e-01
5.89702800e-06,3.81993487e-01
5.89712800e-06,3.81979455e-01
5.89722800e-06,3.81969804e-01
5.89732800e-06,3.81955786e-01
5.89742800e-06,3.81946149e-01
5.89752800e-06,3.81932145e-01
5.89762800e-06,3.81922521e-01
5.89772800e-06,3.81908533e-01
5.89782800e-06,3.81898922e-01
5.89792800e-06,3.81884948e-01
5.89802800e-06,3.81875351e-01
5.89812800e-06,3.81861391e-01
5.89822800e-06,3.81851807e-01
5.89832800e-06,3.81837862e-01
5.89842800e-06,3.81828291e-01
5.89852800e-06,3.81814360e-01
5.89862800e-06,3.81804803e-01
5.89872800e-06,3.81790886e-01
5.89882800e-06,3.81781343e-01
5.89892800e-06,3.81767441e-01
5.89902800e-06,3.81757910e-01
5.89912800e-06,3.81744022e-01
5.89922800e-06,3.81734505e-01
5.89932800e-06,3.81720632e-01
5.89942800e-06,3.81711128e-01
5.89952800e-06,3.81697269e-01
5.89962800e-06,3.81687778e-01
5.89972800e-06,3.81673933e-01
5.89982800e-06,3.81664456e-01
5.89992800e-06,3.81650625e-01
5.90002800e-06,3.81641161e-01
5.90012800e-06,3.81627345e-01
5.90022800e-06,3.81617893e-01
5.90032800e-06,3.81604091e-01
5.90042800e-06,3.81594653e-01
5.90052800e-06,3.81580866e-01
5.90062800e-06,3.81571441e-01
5.90072800e-06,3.81557668e-01
5.90082800e-06,3.81548256e-01
5.90092800e-06,3.81534497e-01
5.90102800e-06,3.81525098e-01
5.90112800e-06,3.81511353e-01
5.90122800e-06,3.81501967e-01
5.90132800e-06,3.81488237e-01
5.90142800e-06,3.81478864e-01
5.90152800e-06,3.81465147e-01
5.90162800e-06,3.81455788e-01
5.90172800e-06,3.81442086e-01
5.90182800e-06,3.81432739e-01
5.90192800e-06,3.81419051e-01
5.90202800e-06,3.81409718e-01
5.90212800e-06,3.81396043e-01
5.90222800e-06,3.81386723e-01
5.90232800e-06,3.81373063e-01
5.90242800e-06,3.81363755e-01
5.90252800e-06,3.81350109e-01
5.90262800e-06,3.81340815e-01
5.90272800e-06,3.81327183e-01
5.90282800e-06,3.81317901e-01
5.90292800e-06,3.81304283e-01
5.90302800e-06,3.81295015e-01
5.90312800e-06,3.81281411e-01
5.90322800e-06,3.81272155e-01
5.90332800e-06,3.81258565e-01
5.90342800e-06,3.81249323e-01
5.90352800e-06,3.81235747e-01
5.90362800e-06,3.81226517e-01
5.90372800e-06,3.81212955e-01
5.90382800e-06,3.81203738e-01
5.90392800e-06,3.81190190e-01
5.90402800e-06,3.81180986e-01
5.90412800e-06,3.81167451e-01
5.90422800e-06,3.81158260e-01
5.90432800e-06,3.81144740e-01
5.90442800e-06,3.81135562e-01
5.90452800e-06,3.81122055e-01
5.90462800e-06,3.81112890e-01
5.90472800e-06,3.81099397e-01
5.90482800e-06,3.81090244e-01
5.90492800e-06,3.81076766e-01
5.90502800e-06,3.81067626e-01
5.90512800e-06,3.81054161e-01
5.90522800e-06,3.81045034e-01
5.90532800e-06,3.81031583e-01
5.90542800e-06,3.81022468e-01
5.90552800e-06,3.81009031e-01
5.90562800e-06,3.80999929e-01
5.90572800e-06,3.80986506e-01
5.90582800e-06,3.80977417e-01
5.90592800e-06,3.80964007e-01
5.90602800e-06,3.80954931e-01
5.90612800e-06,3.80941535e-01
5.90622800e-06,3.80932471e-01
5.90632800e-06,3.80919089e-01
5.90642800e-06,3.80910038e-01
5.90652800e-06,3.80896670e-01
5.90662800e-06,3.80887632e-01
5.90672800e-06,3.80874277e-01
5.90682800e-06,3.80865251e-01
5.90692800e-06,3.80851910e-01
5.90702800e-06,3.80842897e-01
5.90712800e-06,3.80829570e-01
5.90722800e-06,3.80820569e-01
5.90732800e-06,3.80807255e-01
5.90742800e-06,3.80798268e-01
5.90752800e-06,3.80784967e-01
5.90762800e-06,3.80775992e-01
5.90772800e-06,3.80762706e-01
5.90782800e-06,3.80753743e-01
5.90792800e-06,3.80740470e-01
5.90802800e-06,3.80731520e-01
5.90812800e-06,3.80718261e-01
5.90822800e-06,3.80709323e-01
5.90832800e-06,3.80696077e-01
5.90842800e-06,3.80687152e-01
5.90852800e-06,3.80673920e-01
5.90862800e-06,3.80665008e-01
5.90872800e-06,3.80651789e-01
5.90882800e-06,3.80642889e-01
5.90892800e-06,3.80629684e-01
5.90902800e-06,3.80620796e-01
5.90912800e-06,3.80607605e-01
5.90922800e-06,3.80598729e-01
5.90932800e-06,3.80585551e-01
5.90942800e-06,3.80576689e-01
5.90952800e-06,3.80563524e-01
5.90962800e-06,3.80554674e-01
5.90972800e-06,3.80541523e-01
5.90982800e-06,3.80532685e-01
5.90992800e-06,3.80519547e-01
5.91002800e-06,3.80510721e-01
5.91012800e-06,3.80497597e-01
5.91022800e-06,3.80488784e-01
5.91032800e-06,3.80475673e-01
5.91042800e-06,3.80466872e-01
5.91052800e-06,3.80453775e-01
5.91062800e-06,3.80444987e-01
5.91072800e-06,3.80431903e-01
5.91082800e-06,3.80423127e-01
5.91092800e-06,3.80410056e-01
5.91102800e-06,3.80401292e-01
5.91112800e-06,3.80388235e-01
5.91122800e-06,3.80379483e-01
5.91132800e-06,3.80366440e-01
5.91142800e-06,3.80357700e-01
5.91152800e-06,3.80344670e-01
5.91162800e-06,3.80335943e-01
5.91172800e-06,3.80322926e-01
5.91182800e-06,3.80314211e-01
5.91192800e-06,3.80301207e-01
5.91202800e-06,3.80292505e-01
5.91212800e-06,3.80279514e-01
5.91222800e-06,3.80270824e-01
5.91232800e-06,3.80257847e-01
5.91242800e-06,3.80249169e-01
5.91252800e-06,3.80236205e-01
5.91262800e-06,3.80227539e-01
5.91272800e-06,3.80214588e-01
5.91282800e-06,3.80205935e-01
5.91292800e-06,3.80192997e-01
5.91302800e-06,3.80184356e-01
5.91312800e-06,3.80171432e-01
5.91322800e-06,3.80162802e-01
5.91332800e-06,3.80149891e-01
5.91342800e-06,3.80141274e-01
5.91352800e-06,3.80128376e-01
5.91362800e-06,3.80119771e-01
5.91372800e-06,3.80106887e-01
5.91382800e-06,3.80098294e-01
5.91392800e-06,3.80085422e-01
5.91402800e-06,3.80076841e-01
5.91412800e-06,3.80063983e-01
5.91422800e-06,3.80055414e-01
5.91432800e-06,3.80042569e-01
5.91442800e-06,3.80034013e-01
5.91452800e-06,3.80021181e-01
5.91462800e-06,3.80012636e-01
5.91472800e-06,3.79999817e-01
5.91482800e-06,3.79991285e-01
5.91492800e-06,3.79978479e-01
5.91502800e-06,3.79969958e-01
5.91512800e-06,3.79957166e-01
5.91522800e-06,3.79948657e-01
5.91532800e-06,3.79935877e-01
5.91542800e-06,3.79927381e-01
5.91552800e-06,3.79914614e-01
5.91562800e-06,3.79906130e-01
5.91572800e-06,3.79893376e-01
5.91582800e-06,3.79884904e-01
5.91592800e-06,3.79872163e-01
5.91602800e-06,3.79863703e-01
5.91612800e-06,3.79850976e-01
5.91622800e-06,3.79842527e-01
5.91632800e-06,3.79829812e-01
5.91642800e-06,3.79821376e-01
5.91652800e-06,3.79808674e-01
5.91662800e-06,3.79800250e-01
5.91672800e-06,3.79787561e-01
5.91682800e-06,3.79779149e-01
5.91692800e-06,3.79766473e-01
5.91702800e-06,3.79758072e-01
5.91712800e-06,3.79745410e-01
5.91722800e-06,3.79737021e-01
5.91732800e-06,3.79724371e-01
5.91742800e-06,3.79715994e-01
5.91752800e-06,3.79703358e-01
5.91762800e-06,3.79694993e-01
5.91772800e-06,3.79682369e-01
5.91782800e-06,3.79674015e-01
5.91792800e-06,3.79661405e-01
5.91802800e-06,3.79653063e-01
5.91812800e-06,3.79640465e-01
5.91822800e-06,3.79632136e-01
5.91832800e-06,3.79619550e-01
5.91842800e-06,3.79611233e-01
5.91852800e-06,3.79598660e-01
5.91862800e-06,3.79590355e-01
5.91872800e-06,3.79577795e-01
5.91882800e-06,3.79569501e-01
5.91892800e-06,3.79556955e-01
5.91902800e-06,3.79548672e-01
5.91912800e-06,3.79536138e-01
5.91922800e-06,3.79527868e-01
5.91932800e-06,3.79515347e-01
5.91942800e-06,3.79507088e-01
5.91952800e-06,3.79494580e-01
5.91962800e-06,3.79486333e-01
5.91972800e-06,3.79473838e-01
5.91982800e-06,3.79465603e-01
5.91992800e-06,3.79453120e-01
5.92002800e-06,3.79444897e-01
5.92012800e-06,3.79432427e-01
5.92022800e-06,3.79424215e-01
5.92032800e-06,3.79411758e-01
5.92042800e-06,3.79403558e-01
5.92052800e-06,3.79391113e-01
5.92062800e-06,3.79382925e-01
5.92072800e-06,3.79370494e-01
5.92082800e-06,3.79362317e-01
5.92092800e-06,3.79349898e-01
5.92102800e-06,3.79341733e-01
5.92112800e-06,3.79329327e-01
5.92122800e-06,3.79321174e-01
5.92132800e-06,3.79308780e-01
5.92142800e-06,3.79300639e-01
5.92152800e-06,3.79288258e-01
5.92162800e-06,3.79280128e-01
5.92172800e-06,3.79267760e-01
5.92182800e-06,3.79259641e-01
5.92192800e-06,3.79247286e-01
5.92202800e-06,3.79239179e-01
5.92212800e-06,3.79226836e-01
5.92222800e-06,3.79218741e-01
5.92232800e-06,3.79206411e-01
5.92242800e-06,3.79198327e-01
5.92252800e-06,3.79186010e-01
5.92262800e-06,3.79177938e-01
5.92272800e-06,3.79165633e-01
5.92282800e-06,3.79157573e-01
5.92292800e-06,3.79145280e-01
5.92302800e-06,3.79137231e-01
5.92312800e-06,3.79124951e-01
5.92322800e-06,3.79116914e-01
5.92332800e-06,3.79104647e-01
5.92342800e-06,3.79096621e-01
5.92352800e-06,3.79084367e-01
5.92362800e-06,3.79076353e-01
5.92372800e-06,3.79064110e-01
5.92382800e-06,3.79056108e-01
5.92392800e-06,3.79043878e-01
5.92402800e-06,3.79035887e-01
5.92412800e-06,3.79023670e-01
5.92422800e-06,3.79015691e-01
5.92432800e-06,3.79003486e-01
5.92442800e-06,3.78995518e-01
5.92452800e-06,3.78983326e-01
5.92462800e-06,3.78975370e-01
5.92472800e-06,3.78963190e-01
5.92482800e-06,3.78955245e-01
5.92492800e-06,3.78943078e-01
5.92502800e-06,3.78935144e-01
5.92512800e-06,3.78922990e-01
5.92522800e-06,3.78915068e-01
5.92532800e-06,3.78902925e-01
5.92542800e-06,3.78895015e-01
5.92552800e-06,3.78882885e-01
5.92562800e-06,3.78874986e-01
5.92572800e-06,3.78862869e-01
5.92582800e-06,3.78854981e-01
5.92592800e-06,3.78842876e-01
5.92602800e-06,3.78835000e-01
5.92612800e-06,3.78822907e-01
5.92622800e-06,3.78815042e-01
5.92632800e-06,3.78802962e-01
5.92642800e-06,3.78795109e-01
5.92652800e-06,3.78783041e-01
5.92662800e-06,3.78775199e-01
5.92672800e-06,3.78763144e-01
5.92682800e-06,3.78755313e-01
5.92692800e-06,3.78743270e-01
5.92702800e-06,3.78735451e-01
5.92712800e-06,3.78723420e-01
5.92722800e-06,3.78715612e-01
5.92732800e-06,3.78703594e-01
5.92742800e-06,3.78695798e-01
5.92752800e-06,3.78683792e-01
5.92762800e-06,3.78676006e-01
5.92772800e-06,3.78664013e-01
5.92782800e-06,3.78656239e-01
5.92792800e-06,3.78644258e-01
5.92802800e-06,3.78636495e-01
5.92812800e-06,3.78624527e-01
5.92822800e-06,3.78616775e-01
5.92832800e-06,3.78604819e-01
5.92842800e-06,3.78597079e-01
5.92852800e-06,3.78585135e-01
5.92862800e-06,3.78577406e-01
5.92872800e-06,3.78565474e-01
5.92882800e-06,3.78557757e-01
5.92892800e-06,3.78545837e-01
5.92902800e-06,3.78538131e-01
5.92912800e-06,3.78526224e-01
5.92922800e-06,3.78518529e-01
5.92932800e-06,3.78506634e-01
5.92942800e-06,3.78498950e-01
5.92952800e-06,3.78487067e-01
5.92962800e-06,3.78479395e-01
5.92972800e-06,3.78467524e-01
5.92982800e-06,3.78459863e-01
5.92992800e-06,3.78448005e-01
5.93002800e-06,3.78440355e-01
5.93012800e-06,3.78428509e-01
5.93022800e-06,3.78420870e-01
5.93032800e-06,3.78409037e-01
5.93042800e-06,3.78401409e-01
5.93052800e-06,3.78389587e-01
5.93062800e-06,3.78381971e-01
5.93072800e-06,3.78370162e-01
5.93082800e-06,3.78362557e-01
5.93092800e-06,3.78350759e-01
5.93102800e-06,3.78343165e-01
5.93112800e-06,3.78331381e-01
5.93122800e-06,3.78323798e-01
5.93132800e-06,3.78312025e-01
5.93142800e-06,3.78304453e-01
5.93152800e-06,3.78292693e-01
5.93162800e-06,3.78285132e-01
5.93172800e-06,3.78273384e-01
5.93182800e-06,3.78265834e-01
5.93192800e-06,3.78254098e-01
5.93202800e-06,3.78246560e-01
5.93212800e-06,3.78234836e-01
5.93222800e-06,3.78227309e-01
5.93232800e-06,3.78215597e-01
5.93242800e-06,3.78208081e-01
5.93252800e-06,3.78196381e-01
5.93262800e-06,3.78188876e-01
5.93272800e-06,3.78177188e-01
5.93282800e-06,3.78169695e-01
5.93292800e-06,3.78158019e-01
5.93302800e-06,3.78150536e-01
5.93312800e-06,3.78138873e-01
5.93322800e-06,3.78131401e-01
5.93332800e-06,3.78119750e-01
5.93342800e-06,3.78112290e-01
5.93352800e-06,3.78100650e-01
5.93362800e-06,3.78093201e-01
5.93372800e-06,3.78081573e-01
5.93382800e-06,3.78074135e-01
5.93392800e-06,3.78062520e-01
5.93402800e-06,3.78055093e-01
5.93412800e-06,3.78043490e-01
5.93422800e-06,3.78036073e-01
5.93432800e-06,3.78024482e-01
5.93442800e-06,3.78017077e-01
5.93452800e-06,3.78005498e-01
5.93462800e-06,3.77998104e-01
5.93472800e-06,3.77986537e-01
5.93482800e-06,3.77979154e-01
5.93492800e-06,3.77967599e-01
5.93502800e-06,3.77960227e-01
5.93512800e-06,3.77948684e-01
5.93522800e-06,3.77941323e-01
5.93532800e-06,3.77929792e-01
5.93542800e-06,3.77922442e-01
5.93552800e-06,3.77910923e-01
5.93562800e-06,3.77903584e-01
5.93572800e-06,3.77892077e-01
5.93582800e-06,3.77884749e-01
5.93592800e-06,3.77873254e-01
5.93602800e-06,3.77865937e-01
5.93612800e-06,3.77854454e-01
5.93622800e-06,3.77847148e-01
5.93632800e-06,3.77835677e-01
5.93642800e-06,3.77828382e-01
5.93652800e-06,3.77816923e-01
5.93662800e-06,3.77809639e-01
5.93672800e-06,3.77798192e-01
5.93682800e-06,3.77790919e-01
5.93692800e-06,3.77779484e-01
5.93702800e-06,3.77772222e-01
5.93712800e-06,3.77760798e-01
5.93722800e-06,3.77753547e-01
5.93732800e-06,3.77742136e-01
5.93742800e-06,3.77734896e-01
5.93752800e-06,3.77723496e-01
5.93762800e-06,3.77716267e-01
5.93772800e-06,3.77704880e-01
5.93782800e-06,3.77697662e-01
5.93792800e-06,3.77686286e-01
5.93802800e-06,3.77679079e-01
5.93812800e-06,3.77667715e-01
5.93822800e-06,3.77660518e-01
5.93832800e-06,3.77649167e-01
5.93842800e-06,3.77641981e-01
5.93852800e-06,3.77630641e-01
5.93862800e-06,3.77623467e-01
5.93872800e-06,3.77612138e-01
5.93882800e-06,3.77604975e-01
5.93892800e-06,3.77593659e-01
5.93902800e-06,3.77586506e-01
5.93912800e-06,3.77575202e-01
5.93922800e-06,3.77568060e-01
5.93932800e-06,3.77556767e-01
5.93942800e-06,3.77549636e-01
5.93952800e-06,3.77538356e-01
5.93962800e-06,3.77531235e-01
5.93972800e-06,3.77519967e-01
5.93982800e-06,3.77512857e-01
5.93992800e-06,3.77501601e-01
5.94002800e-06,3.77494502e-01
5.94012800e-06,3.77483257e-01
5.94022800e-06,3.77476170e-01
5.94032800e-06,3.77464936e-01
5.94042800e-06,3.77457860e-01
5.94052800e-06,3.77446638e-01
5.94062800e-06,3.77439572e-01
5.94072800e-06,3.77428363e-01
5.94082800e-06,3.77421308e-01
5.94092800e-06,3.77410110e-01
5.94102800e-06,3.77403066e-01
5.94112800e-06,3.77391880e-01
5.94122800e-06,3.77384846e-01
5.94132800e-06,3.77373672e-01
5.94142800e-06,3.77366650e-01
5.94152800e-06,3.77355487e-01
5.94162800e-06,3.77348476e-01
5.94172800e-06,3.77337325e-01
5.94182800e-06,3.77330324e-01
5.94192800e-06,3.77319185e-01
5.94202800e-06,3.77312195e-01
5.94212800e-06,3.77301068e-01
5.94222800e-06,3.77294089e-01
5.94232800e-06,3.77282974e-01
5.94242800e-06,3.77276005e-01
5.94252800e-06,3.77264902e-01
5.94262800e-06,3.77257944e-01
5.94272800e-06,3.77246852e-01
5.94282800e-06,3.77239905e-01
5.94292800e-06,3.77228825e-01
5.94302800e-06,3.77221889e-01
5.94312800e-06,3.77210821e-01
5.94322800e-06,3.77203895e-01
5.94332800e-06,3.77192839e-01
5.94342800e-06,3.77185924e-01
5.94352800e-06,3.77174879e-01
5.94362800e-06,3.77167976e-01
5.94372800e-06,3.77156943e-01
5.94382800e-06,3.77150049e-01
5.94392800e-06,3.77139028e-01
5.94402800e-06,3.77132146e-01
5.94412800e-06,3.77121136e-01
5.94422800e-06,3.77114265e-01
5.94432800e-06,3.77103267e-01
5.94442800e-06,3.77096406e-01
5.94452800e-06,3.77085420e-01
5.94462800e-06,3.77078570e-01
5.94472800e-06,3.77067595e-01
5.94482800e-06,3.77060756e-01
5.94492800e-06,3.77049793e-01
5.94502800e-06,3.77042964e-01
5.94512800e-06,3.77032013e-01
5.94522800e-06,3.77025195e-01
5.94532800e-06,3.77014256e-01
5.94542800e-06,3.77007449e-01
5.94552800e-06,3.76996521e-01
5.94562800e-06,3.76989724e-01
5.94572800e-06,3.76978808e-01
5.94582800e-06,3.76972023e-01
5.94592800e-06,3.76961118e-01
5.94602800e-06,3.76954343e-01
5.94612800e-06,3.76943450e-01
5.94622800e-06,3.76936686e-01
5.94632800e-06,3.76925805e-01
5.94642800e-06,3.76919051e-01
5.94652800e-06,3.76908182e-01
5.94662800e-06,3.76901439e-01
5.94672800e-06,3.76890581e-01
5.94682800e-06,3.76883849e-01
5.94692800e-06,3.76873003e-01
5.94702800e-06,3.76866281e-01
5.94712800e-06,3.76855447e-01
5.94722800e-06,3.76848736e-01
5.94732800e-06,3.76837913e-01
5.94742800e-06,3.76831213e-01
5.94752800e-06,3.76820402e-01
5.94762800e-06,3.76813712e-01
5.94772800e-06,3.76802913e-01
5.94782800e-06,3.76796234e-01
5.94792800e-06,3.76785446e-01
5.94802800e-06,3.76778778e-01
5.94812800e-06,3.76768001e-01
5.94822800e-06,3.76761344e-01
5.94832800e-06,3.76750579e-01
5.94842800e-06,3.76743932e-01
5.94852800e-06,3.76733179e-01
5.94862800e-06,3.76726543e-01
5.94872800e-06,3.76715801e-01
5.94882800e-06,3.76709176e-01
5.94892800e-06,3.76698446e-01
5.94902800e-06,3.76691831e-01
5.94912800e-06,3.76681113e-01
5.94922800e-06,3.76674508e-01
5.94932800e-06,3.76663802e-01
5.94942800e-06,3.76657208e-01
5.94952800e-06,3.76646513e-01
5.94962800e-06,3.76639930e-01
5.94972800e-06,3.76629246e-01
5.94982800e-06,3.76622674e-01
5.94992800e-06,3.76612002e-01
5.95002800e-06,3.76605440e-01
5.95012800e-06,3.76594780e-01
5.95022800e-06,3.76588229e-01
5.95032800e-06,3.76577580e-01
5.95042800e-06,3.76571040e-01
5.95052800e-06,3.76560402e-01
5.95062800e-06,3.76553873e-01
5.95072800e-06,3.76543247e-01
5.95082800e-06,3.76536728e-01
5.95092800e-06,3.76526114e-01
5.95102800e-06,3.76519605e-01
5.95112800e-06,3.76509002e-01
5.95122800e-06,3.76502504e-01
5.95132800e-06,3.76491913e-01
5.95142800e-06,3.76485426e-01
5.95152800e-06,3.76474847e-01
5.95162800e-06,3.76468370e-01
5.95172800e-06,3.76457802e-01
5.95182800e-06,3.76451336e-01
5.95192800e-06,3.76440779e-01
5.95202800e-06,3.76434324e-01
5.95212800e-06,3.76423779e-01
5.95222800e-06,3.76417334e-01
5.95232800e-06,3.76406801e-01
5.95242800e-06,3.76400367e-01
5.95252800e-06,3.76389845e-01
5.95262800e-06,3.76383421e-01
5.95272800e-06,3.76372911e-01
5.95282800e-06,3.76366498e-01
5.95292800e-06,3.76355999e-01
5.95302800e-06,3.76349596e-01
5.95312800e-06,3.76339109e-01
5.95322800e-06,3.76332717e-01
5.95332800e-06,3.76322242e-01
5.95342800e-06,3.76315860e-01
5.95352800e-06,3.76305396e-01
5.95362800e-06,3.76299025e-01
5.95372800e-06,3.76288573e-01
5.95382800e-06,3.76282212e-01
5.95392800e-06,3.76271771e-01
5.95402800e-06,3.76265422e-01
5.95412800e-06,3.76254992e-01
5.95422800e-06,3.76248653e-01
5.95432800e-06,3.76238235e-01
5.95442800e-06,3.76231906e-01
5.95452800e-06,3.76221500e-01
5.95462800e-06,3.76215182e-01
5.95472800e-06,3.76204787e-01
5.95482800e-06,3.76198479e-01
5.95492800e-06,3.76188096e-01
5.95502800e-06,3.76181799e-01
5.95512800e-06,3.76171427e-01
5.95522800e-06,3.76165141e-01
5.95532800e-06,3.76154780e-01
5.95542800e-06,3.76148505e-01
5.95552800e-06,3.76138155e-01
5.95562800e-06,3.76131890e-01
5.95572800e-06,3.76121553e-01
5.95582800e-06,3.76115298e-01
5.95592800e-06,3.76104972e-01
5.95602800e-06,3.76098728e-01
5.95612800e-06,3.76088413e-01
5.95622800e-06,3.76082180e-01
5.95632800e-06,3.76071877e-01
5.95642800e-06,3.76065654e-01
5.95652800e-06,3.76055362e-01
5.95662800e-06,3.76049150e-01
5.95672800e-06,3.76038870e-01
5.95682800e-06,3.76032668e-01
5.95692800e-06,3.76022400e-01
5.95702800e-06,3.76016208e-01
5.95712800e-06,3.76005951e-01
5.95722800e-06,3.75999771e-01
5.95732800e-06,3.75989525e-01
5.95742800e-06,3.75983355e-01
5.95752800e-06,3.75973120e-01
5.95762800e-06,3.75966961e-01
5.95772800e-06,3.75956738e-01
5.95782800e-06,3.75950589e-01
5.95792800e-06,3.75940378e-01
5.95802800e-06,3.75934239e-01
5.95812800e-06,3.75924039e-01
5.95822800e-06,3.75917912e-01
5.95832800e-06,3.75907723e-01
5.95842800e-06,3.75901606e-01
5.95852800e-06,3.75891429e-01
5.95862800e-06,3.75885322e-01
5.95872800e-06,3.75875157e-01
5.95882800e-06,3.75869060e-01
5.95892800e-06,3.75858906e-01
5.95902800e-06,3.75852821e-01
5.95912800e-06,3.75842678e-01
5.95922800e-06,3.75836603e-01
5.95932800e-06,3.75826472e-01
5.95942800e-06,3.75820407e-01
5.95952800e-06,3.75810288e-01
5.95962800e-06,3.75804233e-01
5.95972800e-06,3.75794125e-01
5.95982800e-06,3.75788082e-01
5.95992800e-06,3.75777985e-01
5.96002800e-06,3.75771952e-01
5.96012800e-06,3.75761867e-01
5.96022800e-06,3.75755844e-01
5.96032800e-06,3.75745770e-01
5.96042800e-06,3.75739758e-01
5.96052800e-06,3.75729696e-01
5.96062800e-06,3.75723695e-01
5.96072800e-06,3.75713644e-01
5.96082800e-06,3.75707653e-01
5.96092800e-06,3.75697613e-01
5.96102800e-06,3.75691633e-01
5.96112800e-06,3.75681605e-01
5.96122800e-06,3.75675635e-01
5.96132800e-06,3.75665618e-01
5.96142800e-06,3.75659659e-01
5.96152800e-06,3.75649654e-01
5.96162800e-06,3.75643705e-01
5.96172800e-06,3.75633712e-01
5.96182800e-06,3.75627773e-01
5.96192800e-06,3.75617791e-01
5.96202800e-06,3.75611864e-01
5.96212800e-06,3.75601893e-01
5.96222800e-06,3.75595976e-01
5.96232800e-06,3.75586016e-01
5.96242800e-06,3.75580110e-01
5.96252800e-06,3.75570162e-01
5.96262800e-06,3.75564266e-01
5.96272800e-06,3.75554329e-01
5.96282800e-06,3.75548444e-01
5.96292800e-06,3.75538519e-01
5.96302800e-06,3.75532644e-01
5.96312800e-06,3.75522730e-01
5.96322800e-06,3.75516866e-01
5.96332800e-06,3.75506964e-01
5.96342800e-06,3.75501110e-01
5.96352800e-06,3.75491219e-01
5.96362800e-06,3.75485376e-01
5.96372800e-06,3.75475496e-01
5.96382800e-06,3.75469664e-01
5.96392800e-06,3.75459796e-01
5.96402800e-06,3.75453973e-01
5.96412800e-06,3.75444117e-01
5.96422800e-06,3.75438305e-01
5.96432800e-06,3.75428460e-01
5.96442800e-06,3.75422659e-01
5.96452800e-06,3.75412826e-01
5.96462800e-06,3.75407035e-01
5.96472800e-06,3.75397213e-01
5.96482800e-06,3.75391433e-01
5.96492800e-06,3.75381622e-01
5.96502800e-06,3.75375853e-01
5.96512800e-06,3.75366054e-01
5.96522800e-06,3.75360295e-01
5.96532800e-06,3.75350507e-01
5.96542800e-06,3.75344758e-01
5.96552800e-06,3.75334982e-01
5.96562800e-06,3.75329244e-01
5.96572800e-06,3.75319479e-01
5.96582800e-06,3.75313752e-01
5.96592800e-06,3.75303999e-01
5.96602800e-06,3.75298282e-01
5.96612800e-06,3.75288540e-01
5.96622800e-06,3.75282834e-01
5.96632800e-06,3.75273103e-01
5.96642800e-06,3.75267407e-01
5.96652800e-06,3.75257689e-01
5.96662800e-06,3.75252003e-01
5.96672800e-06,3.75242296e-01
5.96682800e-06,3.75236621e-01
5.96692800e-06,3.75226925e-01
5.96702800e-06,3.75221261e-01
5.96712800e-06,3.75211576e-01
5.96722800e-06,3.75205923e-01
5.96732800e-06,3.75196250e-01
5.96742800e-06,3.75190606e-01
5.96752800e-06,3.75180945e-01
5.96762800e-06,3.75175312e-01
5.96772800e-06,3.75165662e-01
5.96782800e-06,3.75160040e-01
5.96792800e-06,3.75150401e-01
5.96802800e-06,3.75144790e-01
5.96812800e-06,3.75135163e-01
5.96822800e-06,3.75129562e-01
5.96832800e-06,3.75119946e-01
5.96842800e-06,3.75114356e-01
5.96852800e-06,3.75104751e-01
5.96862800e-06,3.75099172e-01
5.96872800e-06,3.75089579e-01
5.96882800e-06,3.75084010e-01
5.96892800e-06,3.75074428e-01
5.96902800e-06,3.75068870e-01
5.96912800e-06,3.75059300e-01
5.96922800e-06,3.75053752e-01
5.96932800e-06,3.75044193e-01
5.96942800e-06,3.75038656e-01
5.96952800e-06,3.75029109e-01
5.96962800e-06,3.75023582e-01
5.96972800e-06,3.75014046e-01
5.96982800e-06,3.75008530e-01
5.96992800e-06,3.74999006e-01
5.97002800e-06,3.74993500e-01
5.97012800e-06,3.74983988e-01
5.97022800e-06,3.74978493e-01
5.97032800e-06,3.74968992e-01
5.97042800e-06,3.74963507e-01
5.97052800e-06,3.74954017e-01
5.97062800e-06,3.74948544e-01
5.97072800e-06,3.74939065e-01
5.97082800e-06,3.74933602e-01
5.97092800e-06,3.74924135e-01
5.97102800e-06,3.74918683e-01
5.97112800e-06,3.74909227e-01
5.97122800e-06,3.74903785e-01
5.97132800e-06,3.74894342e-01
5.97142800e-06,3.74888910e-01
5.97152800e-06,3.74879478e-01
5.97162800e-06,3.74874057e-01
5.97172800e-06,3.74864636e-01
5.97182800e-06,3.74859226e-01
5.97192800e-06,3.74849816e-01
5.97202800e-06,3.74844417e-01
5.97212800e-06,3.74835019e-01
5.97222800e-06,3.74829630e-01
5.97232800e-06,3.74820244e-01
5.97242800e-06,3.74814865e-01
5.97252800e-06,3.74805490e-01
5.97262800e-06,3.74800122e-01
5.97272800e-06,3.74790759e-01
5.97282800e-06,3.74785402e-01
5.97292800e-06,3.74776050e-01
5.97302800e-06,3.74770704e-01
5.97312800e-06,3.74761363e-01
5.97322800e-06,3.74756027e-01
5.97332800e-06,3.74746699e-01
5.97342800e-06,3.74741373e-01
5.97352800e-06,3.74732056e-01
5.97362800e-06,3.74726741e-01
5.97372800e-06,3.74717435e-01
5.97382800e-06,3.74712131e-01
5.97392800e-06,3.74702837e-01
5.97402800e-06,3.74697544e-01
5.97412800e-06,3.74688261e-01
5.97422800e-06,3.74682978e-01
5.97432800e-06,3.74673707e-01
5.97442800e-06,3.74668435e-01
5.97452800e-06,3.74659175e-01
5.97462800e-06,3.74653914e-01
5.97472800e-06,3.74644666e-01
5.97482800e-06,3.74639415e-01
5.97492800e-06,3.74630178e-01
5.97502800e-06,3.74624938e-01
5.97512800e-06,3.74615713e-01
5.97522800e-06,3.74610483e-01
5.97532800e-06,3.74601270e-01
5.97542800e-06,3.74596051e-01
5.97552800e-06,3.74586849e-01
5.97562800e-06,3.74581641e-01
5.97572800e-06,3.74572451e-01
5.97582800e-06,3.74567253e-01
5.97592800e-06,3.74558074e-01
5.97602800e-06,3.74552887e-01
5.97612800e-06,3.74543720e-01
5.97622800e-06,3.74538544e-01
5.97632800e-06,3.74529388e-01
5.97642800e-06,3.74524223e-01
5.97652800e-06,3.74515079e-01
5.97662800e-06,3.74509924e-01
5.97672800e-06,3.74500791e-01
5.97682800e-06,3.74495647e-01
5.97692800e-06,3.74486526e-01
5.97702800e-06,3.74481393e-01
5.97712800e-06,3.74472283e-01
5.97722800e-06,3.74467161e-01
5.97732800e-06,3.74458063e-01
5.97742800e-06,3.74452951e-01
5.97752800e-06,3.74443865e-01
5.97762800e-06,3.74438763e-01
5.97772800e-06,3.74429689e-01
5.97782800e-06,3.74424598e-01
5.97792800e-06,3.74415535e-01
5.97802800e-06,3.74410455e-01
5.97812800e-06,3.74401404e-01
5.97822800e-06,3.74396335e-01
5.97832800e-06,3.74387295e-01
5.97842800e-06,3.74382236e-01
5.97852800e-06,3.74373208e-01
5.97862800e-06,3.74368161e-01
5.97872800e-06,3.74359144e-01
5.97882800e-06,3.74354107e-01
5.97892800e-06,3.74345102e-01
5.97902800e-06,3.74340076e-01
5.97912800e-06,3.74331082e-01
5.97922800e-06,3.74326067e-01
5.97932800e-06,3.74317085e-01
5.97942800e-06,3.74312081e-01
5.97952800e-06,3.74303110e-01
5.97962800e-06,3.74298117e-01
5.97972800e-06,3.74289158e-01
5.97982800e-06,3.74284175e-01
5.97992800e-06,3.74275228e-01
5.98002800e-06,3.74270256e-01
5.98012800e-06,3.74261320e-01
5.98022800e-06,3.74256359e-01
5.98032800e-06,3.74247435e-01
5.98042800e-06,3.74242485e-01
5.98052800e-06,3.74233573e-01
5.98062800e-06,3.74228633e-01
5.98072800e-06,3.74219732e-01
5.98082800e-06,3.74214803e-01
5.98092800e-06,3.74205914e-01
5.98102800e-06,3.74200996e-01
5.98112800e-06,3.74192119e-01
5.98122800e-06,3.74187212e-01
5.98132800e-06,3.74178346e-01
5.98142800e-06,3.74173450e-01
5.98152800e-06,3.74164596e-01
5.98162800e-06,3.74159710e-01
5.98172800e-06,3.74150868e-01
5.98182800e-06,3.74145993e-01
5.98192800e-06,3.74137163e-01
5.98202800e-06,3.74132299e-01
5.98212800e-06,3.74123480e-01
5.98222800e-06,3.74118627e-01
5.98232800e-06,3.74109820e-01
5.98242800e-06,3.74104977e-01
5.98252800e-06,3.74096182e-01
5.98262800e-06,3.74091350e-01
5.98272800e-06,3.74082567e-01
5.98282800e-06,3.74077746e-01
5.98292800e-06,3.74068974e-01
5.98302800e-06,3.74064164e-01
5.98312800e-06,3.74055404e-01
5.98322800e-06,3.74050605e-01
5.98332800e-06,3.74041857e-01
5.98342800e-06,3.74037069e-01
5.98352800e-06,3.74028332e-01
5.98362800e-06,3.74023555e-01
5.98372800e-06,3.74014830e-01
5.98382800e-06,3.74010064e-01
5.98392800e-06,3.74001351e-01
5.98402800e-06,3.73996595e-01
5.98412800e-06,3.73987894e-01
5.98422800e-06,3.73983149e-01
5.98432800e-06,3.73974460e-01
5.98442800e-06,3.73969726e-01
5.98452800e-06,3.73961048e-01
5.98462800e-06,3.73956325e-01
5.98472800e-06,3.73947659e-01
5.98482800e-06,3.73942947e-01
5.98492800e-06,3.73934293e-01
5.98502800e-06,3.73929592e-01
5.98512800e-06,3.73920950e-01
5.98522800e-06,3.73916260e-01
5.98532800e-06,3.73907629e-01
5.98542800e-06,3.73902950e-01
5.98552800e-06,3.73894331e-01
5.98562800e-06,3.73889663e-01
5.98572800e-06,3.73881056e-01
5.98582800e-06,3.73876399e-01
5.98592800e-06,3.73867804e-01
5.98602800e-06,3.73863157e-01
5.98612800e-06,3.73854574e-01
5.98622800e-06,3.73849939e-01
5.98632800e-06,3.73841367e-01
5.98642800e-06,3.73836743e-01
5.98652800e-06,3.73828183e-01
5.98662800e-06,3.73823570e-01
5.98672800e-06,3.73815022e-01
5.98682800e-06,3.73810420e-01
5.98692800e-06,3.73801884e-01
5.98702800e-06,3.73797293e-01
5.98712800e-06,3.73788768e-01
5.98722800e-06,3.73784188e-01
5.98732800e-06,3.73775676e-01
5.98742800e-06,3.73771107e-01
5.98752800e-06,3.73762606e-01
5.98762800e-06,3.73758048e-01
5.98772800e-06,3.73749559e-01
5.98782800e-06,3.73745012e-01
5.98792800e-06,3.73736536e-01
5.98802800e-06,3.73731999e-01
5.98812800e-06,3.73723535e-01
5.98822800e-06,3.73719010e-01
5.98832800e-06,3.73710557e-01
5.98842800e-06,3.73706043e-01
5.98852800e-06,3.73697602e-01
5.98862800e-06,3.73693099e-01
5.98872800e-06,3.73684670e-01
5.98882800e-06,3.73680178e-01
5.98892800e-06,3.73671761e-01
5.98902800e-06,3.73667280e-01
5.98912800e-06,3.73658875e-01
5.98922800e-06,3.73654405e-01
5.98932800e-06,3.73646012e-01
5.98942800e-06,3.73641553e-01
5.98952800e-06,3.73633172e-01
5.98962800e-06,3.73628725e-01
5.98972800e-06,3.73620355e-01
5.98982800e-06,3.73615919e-01
5.98992800e-06,3.73607562e-01
5.99002800e-06,3.73603137e-01
5.99012800e-06,3.73594791e-01
5.99022800e-06,3.73590377e-01
5.99032800e-06,3.73582044e-01
5.99042800e-06,3.73577641e-01
5.99052800e-06,3.73569319e-01
5.99062800e-06,3.73564928e-01
5.99072800e-06,3.73556618e-01
5.99082800e-06,3.73552238e-01
5.99092800e-06,3.73543940e-01
5.99102800e-06,3.73539571e-01
5.99112800e-06,3.73531286e-01
5.99122800e-06,3.73526927e-01
5.99132800e-06,3.73518654e-01
5.99142800e-06,3.73514307e-01
5.99152800e-06,3.73506046e-01
5.99162800e-06,3.73501710e-01
5.99172800e-06,3.73493461e-01
5.99182800e-06,3.73489136e-01
5.99192800e-06,3.73480899e-01
5.99202800e-06,3.73476585e-01
5.99212800e-06,3.73468360e-01
5.99222800e-06,3.73464058e-01
5.99232800e-06,3.73455845e-01
5.99242800e-06,3.73451554e-01
5.99252800e-06,3.73443353e-01
5.99262800e-06,3.73439073e-01
5.99272800e-06,3.73430884e-01
5.99282800e-06,3.73426616e-01
5.99292800e-06,3.73418439e-01
5.99302800e-06,3.73414182e-01
5.99312800e-06,3.73406017e-01
5.99322800e-06,3.73401772e-01
5.99332800e-06,3.73393619e-01
5.99342800e-06,3.73389385e-01
5.99352800e-06,3.73381244e-01
5.99362800e-06,3.73377021e-01
5.99372800e-06,3.73368893e-01
5.99382800e-06,3.73364681e-01
5.99392800e-06,3.73356564e-01
5.99402800e-06,3.73352364e-01
5.99412800e-06,3.73344260e-01
5.99422800e-06,3.73340071e-01
5.99432800e-06,3.73331979e-01
5.99442800e-06,3.73327801e-01
5.99452800e-06,3.73319721e-01
5.99462800e-06,3.73315555e-01
5.99472800e-06,3.73307487e-01
5.99482800e-06,3.73303332e-01
5.99492800e-06,3.73295277e-01
5.99502800e-06,3.73291133e-01
5.99512800e-06,3.73283090e-01
5.99522800e-06,3.73278957e-01
5.99532800e-06,3.73270926e-01
5.99542800e-06,3.73266805e-01
5.99552800e-06,3.73258787e-01
5.99562800e-06,3.73254677e-01
5.99572800e-06,3.73246671e-01
5.99582800e-06,3.73242572e-01
5.99592800e-06,3.73234578e-01
5.99602800e-06,3.73230492e-01
5.99612800e-06,3.73222510e-01
5.99622800e-06,3.73218434e-01
5.99632800e-06,3.73210465e-01
5.99642800e-06,3.73206401e-01
5.99652800e-06,3.73198443e-01
5.99662800e-06,3.73194391e-01
5.99672800e-06,3.73186446e-01
5.99682800e-06,3.73182405e-01
5.99692800e-06,3.73174472e-01
5.99702800e-06,3.73170443e-01
5.99712800e-06,3.73162522e-01
5.99722800e-06,3.73158504e-01
5.99732800e-06,3.73150596e-01
5.99742800e-06,3.73146590e-01
5.99752800e-06,3.73138694e-01
5.99762800e-06,3.73134699e-01
5.99772800e-06,3.73126816e-01
5.99782800e-06,3.73122832e-01
5.99792800e-06,3.73114961e-01
5.99802800e-06,3.73110989e-01
5.99812800e-06,3.73103130e-01
5.99822800e-06,3.73099170e-01
5.99832800e-06,3.73091324e-01
5.99842800e-06,3.73087375e-01
5.99852800e-06,3.73079541e-01
5.99862800e-06,3.73075604e-01
5.99872800e-06,3.73067782e-01
5.99882800e-06,3.73063857e-01
5.99892800e-06,3.73056048e-01
5.99902800e-06,3.73052134e-01
5.99912800e-06,3.73044337e-01
5.99922800e-06,3.73040435e-01
5.99932800e-06,3.73032650e-01
5.99942800e-06,3.73028760e-01
5.99952800e-06,3.73020988e-01
5.99962800e-06,3.73017109e-01
5.99972800e-06,3.73009350e-01
5.99982800e-06,3.73005482e-01
5.99992800e-06,3.72997735e-01
6.00002800e-06,3.72993880e-01
6.00012800e-06,3.72986145e-01
6.00022800e-06,3.72982301e-01
6.00032800e-06,3.72974579e-01
6.00042800e-06,3.72970747e-01
6.00052800e-06,3.72963037e-01
6.00062800e-06,3.72959217e-01
6.00072800e-06,3.72951520e-01
6.00082800e-06,3.72947711e-01
6.00092800e-06,3.72940027e-01
6.00102800e-06,3.72936230e-01
6.00112800e-06,3.72928558e-01
6.00122800e-06,3.72924772e-01
6.00132800e-06,3.72917113e-01
6.00142800e-06,3.72913339e-01
6.00152800e-06,3.72905693e-01
6.00162800e-06,3.72901931e-01
6.00172800e-06,3.72894297e-01
6.00182800e-06,3.72890547e-01
6.00192800e-06,3.72882925e-01
6.00202800e-06,3.72879187e-01
6.00212800e-06,3.72871578e-01
6.00222800e-06,3.72867852e-01
6.00232800e-06,3.72860255e-01
6.00242800e-06,3.72856541e-01
6.00252800e-06,3.72848957e-01
6.00262800e-06,3.72845254e-01
6.00272800e-06,3.72837683e-01
6.00282800e-06,3.72833992e-01
6.00292800e-06,3.72826434e-01
6.00302800e-06,3.72822755e-01
6.00312800e-06,3.72815209e-01
6.00322800e-06,3.72811542e-01
6.00332800e-06,3.72804009e-01
6.00342800e-06,3.72800354e-01
6.00352800e-06,3.72792834e-01
6.00362800e-06,3.72789190e-01
6.00372800e-06,3.72781683e-01
6.00382800e-06,3.72778051e-01
6.00392800e-06,3.72770557e-01
6.00402800e-06,3.72766937e-01
6.00412800e-06,3.72759455e-01
6.00422800e-06,3.72755848e-01
6.00432800e-06,3.72748378e-01
6.00442800e-06,3.72744783e-01
6.00452800e-06,3.72737326e-01
6.00462800e-06,3.72733743e-01
6.00472800e-06,3.72726299e-01
6.00482800e-06,3.72722727e-01
6.00492800e-06,3.72715296e-01
6.00502800e-06,3.72711737e-01
6.00512800e-06,3.72704319e-01
6.00522800e-06,3.72700771e-01
6.00532800e-06,3.72693366e-01
6.00542800e-06,3.72689830e-01
6.00552800e-06,3.72682438e-01
6.00562800e-06,3.72678915e-01
6.00572800e-06,3.72671535e-01
6.00582800e-06,3.72668024e-01
6.00592800e-06,3.72660657e-01
6.00602800e-06,3.72657158e-01
6.00612800e-06,3.72649804e-01
6.00622800e-06,3.72646317e-01
6.00632800e-06,3.72638976e-01
6.00642800e-06,3.72635501e-01
6.00652800e-06,3.72628173e-01
6.00662800e-06,3.72624710e-01
6.00672800e-06,3.72617395e-01
6.00682800e-06,3.72613944e-01
6.00692800e-06,3.72606642e-01
6.00702800e-06,3.72603203e-01
6.00712800e-06,3.72595914e-01
6.00722800e-06,3.72592488e-01
6.00732800e-06,3.72585212e-01
6.00742800e-06,3.72581797e-01
6.00752800e-06,3.72574534e-01
6.00762800e-06,3.72571132e-01
6.00772800e-06,3.72563882e-01
6.00782800e-06,3.72560492e-01
6.00792800e-06,3.72553255e-01
6.00802800e-06,3.72549878e-01
6.00812800e-06,3.72542654e-01
6.00822800e-06,3.72539288e-01
6.00832800e-06,3.72532077e-01
6.00842800e-06,3.72528724e-01
6.00852800e-06,3.72521527e-01
6.00862800e-06,3.72518186e-01
6.00872800e-06,3.72511001e-01
6.00882800e-06,3.72507672e-01
6.00892800e-06,3.72500501e-01
6.00902800e-06,3.72497185e-01
6.00912800e-06,3.72490026e-01
6.00922800e-06,3.72486722e-01
6.00932800e-06,3.72479577e-01
6.00942800e-06,3.72476285e-01
6.00952800e-06,3.72469153e-01
6.00962800e-06,3.72465874e-01
6.00972800e-06,3.72458755e-01
6.00982800e-06,3.72455488e-01
6.00992800e-06,3.72448383e-01
6.01002800e-06,3.72445128e-01
6.01012800e-06,3.72438036e-01
6.01022800e-06,3.72434794e-01
6.01032800e-06,3.72427714e-01
6.01042800e-06,3.72424485e-01
6.01052800e-06,3.72417419e-01
6.01062800e-06,3.72414202e-01
6.01072800e-06,3.72407149e-01
6.01082800e-06,3.72403944e-01
6.01092800e-06,3.72396905e-01
6.01102800e-06,3.72393713e-01
6.01112800e-06,3.72386686e-01
6.01122800e-06,3.72383507e-01
6.01132800e-06,3.72376494e-01
6.01142800e-06,3.72373327e-01
6.01152800e-06,3.72366327e-01
6.01162800e-06,3.72363173e-01
6.01172800e-06,3.72356186e-01
6.01182800e-06,3.72353044e-01
6.01192800e-06,3.72346072e-01
6.01202800e-06,3.72342942e-01
6.01212800e-06,3.72335983e-01
6.01222800e-06,3.72332866e-01
6.01232800e-06,3.72325920e-01
6.01242800e-06,3.72322816e-01
6.01252800e-06,3.72315883e-01
6.01262800e-06,3.72312791e-01
6.01272800e-06,3.72305872e-01
6.01282800e-06,3.72302793e-01
6.01292800e-06,3.72295887e-01
6.01302800e-06,3.72292821e-01
6.01312800e-06,3.72285929e-01
6.01322800e-06,3.72282875e-01
6.01332800e-06,3.72275996e-01
6.01342800e-06,3.72272955e-01
6.01352800e-06,3.72266090e-01
6.01362800e-06,3.72263062e-01
6.01372800e-06,3.72256210e-01
6.01382800e-06,3.72253195e-01
6.01392800e-06,3.72246356e-01
6.01402800e-06,3.72243354e-01
6.01412800e-06,3.72236529e-01
6.01422800e-06,3.72233539e-01
6.01432800e-06,3.72226728e-01
6.01442800e-06,3.72223751e-01
6.01452800e-06,3.72216954e-01
6.01462800e-06,3.72213989e-01
6.01472800e-06,3.72207205e-01
6.01482800e-06,3.72204254e-01
6.01492800e-06,3.72197484e-01
6.01502800e-06,3.72194545e-01
6.01512800e-06,3.72187789e-01
6.01522800e-06,3.72184863e-01
6.01532800e-06,3.72178120e-01
6.01542800e-06,3.72175208e-01
6.01552800e-06,3.72168478e-01
6.01562800e-06,3.72165578e-01
6.01572800e-06,3.72158863e-01
6.01582800e-06,3.72155976e-01
6.01592800e-06,3.72149274e-01
6.01602800e-06,3.72146400e-01
6.01612800e-06,3.72139712e-01
6.01622800e-06,3.72136851e-01
6.01632800e-06,3.72130177e-01
6.01642800e-06,3.72127329e-01
6.01652800e-06,3.72120669e-01
6.01662800e-06,3.72117834e-01
6.01672800e-06,3.72111187e-01
6.01682800e-06,3.72108365e-01
6.01692800e-06,3.72101732e-01
6.01702800e-06,3.72098924e-01
6.01712800e-06,3.72092304e-01
6.01722800e-06,3.72089509e-01
6.01732800e-06,3.72082904e-01
6.01742800e-06,3.72080121e-01
6.01752800e-06,3.72073530e-01
6.01762800e-06,3.72070760e-01
6.01772800e-06,3.72064183e-01
6.01782800e-06,3.72061427e-01
6.01792800e-06,3.72054863e-01
6.01802800e-06,3.72052120e-01
6.01812800e-06,3.72045570e-01
6.01822800e-06,3.72042841e-01
6.01832800e-06,3.72036305e-01
6.01842800e-06,3.72033588e-01
6.01852800e-06,3.72027067e-01
6.01862800e-06,3.72024363e-01
6.01872800e-06,3.72017856e-01
6.01882800e-06,3.72015165e-01
6.01892800e-06,3.72008672e-01
6.01902800e-06,3.72005995e-01
6.01912800e-06,3.71999515e-01
6.01922800e-06,3.71996852e-01
6.01932800e-06,3.71990386e-01
6.01942800e-06,3.71987736e-01
6.01952800e-06,3.71981285e-01
6.01962800e-06,3.71978648e-01
6.01972800e-06,3.71972210e-01
6.01982800e-06,3.71969587e-01
6.01992800e-06,3.71963164e-01
6.02002800e-06,3.71960554e-01
6.02012800e-06,3.71954145e-01
6.02022800e-06,3.71951548e-01
6.02032800e-06,3.71945153e-01
6.02042800e-06,3.71942570e-01
6.02052800e-06,3.71936189e-01
6.02062800e-06,3.71933619e-01
6.02072800e-06,3.71927253e-01
6.02082800e-06,3.71924696e-01
6.02092800e-06,3.71918344e-01
6.02102800e-06,3.71915801e-01
6.02112800e-06,3.71909464e-01
6.02122800e-06,3.71906934e-01
6.02132800e-06,3.71900611e-01
6.02142800e-06,3.71898095e-01
6.02152800e-06,3.71891785e-01
6.02162800e-06,3.71889283e-01
6.02172800e-06,3.71882988e-01
6.02182800e-06,3.71880500e-01
6.02192800e-06,3.71874219e-01
6.02202800e-06,3.71871744e-01
6.02212800e-06,3.71865478e-01
6.02222800e-06,3.71863016e-01
6.02232800e-06,3.71856764e-01
6.02242800e-06,3.71854317e-01
6.02252800e-06,3.71848079e-01
6.02262800e-06,3.71845645e-01
6.02272800e-06,3.71839422e-01
6.02282800e-06,3.71837002e-01
6.02292800e-06,3.71830793e-01
6.02302800e-06,3.71828387e-01
6.02312800e-06,3.71822193e-01
6.02322800e-06,3.71819800e-01
6.02332800e-06,3.71813620e-01
6.02342800e-06,3.71811241e-01
6.02352800e-06,3.71805076e-01
6.02362800e-06,3.71802711e-01
6.02372800e-06,3.71796561e-01
6.02382800e-06,3.71794209e-01
6.02392800e-06,3.71788073e-01
6.02402800e-06,3.71785736e-01
6.02412800e-06,3.71779614e-01
6.02422800e-06,3.71777291e-01
6.02432800e-06,3.71771184e-01
6.02442800e-06,3.71768874e-01
6.02452800e-06,3.71762782e-01
6.02462800e-06,3.71760486e-01
6.02472800e-06,3.71754409e-01
6.02482800e-06,3.71752127e-01
6.02492800e-06,3.71746065e-01
6.02502800e-06,3.71743797e-01
6.02512800e-06,3.71737749e-01
6.02522800e-06,3.71735495e-01
6.02532800e-06,3.71729462e-01
6.02542800e-06,3.71727222e-01
6.02552800e-06,3.71721204e-01
6.02562800e-06,3.71718978e-01
6.02572800e-06,3.71712974e-01
6.02582800e-06,3.71710762e-01
6.02592800e-06,3.71704774e-01
6.02602800e-06,3.71702576e-01
6.02612800e-06,3.71696602e-01
6.02622800e-06,3.71694419e-01
6.02632800e-06,3.71688460e-01
6.02642800e-06,3.71686290e-01
6.02652800e-06,3.71680346e-01
6.02662800e-06,3.71678191e-01
6.02672800e-06,3.71672262e-01
6.02682800e-06,3.71670121e-01
6.02692800e-06,3.71664207e-01
6.02702800e-06,3.71662080e-01
6.02712800e-06,3.71656181e-01
6.02722800e-06,3.71654068e-01
6.02732800e-06,3.71648184e-01
6.02742800e-06,3.71646086e-01
6.02752800e-06,3.71640217e-01
6.02762800e-06,3.71638132e-01
6.02772800e-06,3.71632279e-01
6.02782800e-06,3.71630209e-01
6.02792800e-06,3.71624370e-01
6.02802800e-06,3.71622314e-01
6.02812800e-06,3.71616491e-01
6.02822800e-06,3.71614450e-01
6.02832800e-06,3.71608641e-01
6.02842800e-06,3.71606614e-01
6.02852800e-06,3.71600821e-01
6.02862800e-06,3.71598809e-01
6.02872800e-06,3.71593031e-01
6.02882800e-06,3.71591033e-01
6.02892800e-06,3.71585270e-01
6.02902800e-06,3.71583287e-01
6.02912800e-06,3.71577539e-01
6.02922800e-06,3.71575570e-01
6.02932800e-06,3.71569838e-01
6.02942800e-06,3.71567883e-01
6.02952800e-06,3.71562166e-01
6.02962800e-06,3.71560227e-01
6.02972800e-06,3.71554525e-01
6.02982800e-06,3.71552600e-01
6.02992800e-06,3.71546913e-01
6.03002800e-06,3.71545003e-01
6.03012800e-06,3.71539332e-01
6.03022800e-06,3.71537436e-01
6.03032800e-06,3.71531780e-01
6.03042800e-06,3.71529899e-01
6.03052800e-06,3.71524259e-01
6.03062800e-06,3.71522392e-01
6.03072800e-06,3.71516768e-01
6.03082800e-06,3.71514916e-01
6.03092800e-06,3.71509307e-01
6.03102800e-06,3.71507470e-01
6.03112800e-06,3.71501876e-01
6.03122800e-06,3.71500054e-01
6.03132800e-06,3.71494476e-01
6.03142800e-06,3.71492668e-01
6.03152800e-06,3.71487106e-01
6.03162800e-06,3.71485313e-01
6.03172800e-06,3.71479766e-01
6.03182800e-06,3.71477989e-01
6.03192800e-06,3.71472457e-01
6.03202800e-06,3.71470695e-01
6.03212800e-06,3.71465179e-01
6.03222800e-06,3.71463431e-01
6.03232800e-06,3.71457931e-01
6.03242800e-06,3.71456199e-01
6.03252800e-06,3.71450714e-01
6.03262800e-06,3.71448997e-01
6.03272800e-06,3.71443528e-01
6.03282800e-06,3.71441825e-01
6.03292800e-06,3.71436373e-01
6.03302800e-06,3.71434685e-01
6.03312800e-06,3.71429248e-01
6.03322800e-06,3.71427576e-01
6.03332800e-06,3.71422154e-01
6.03342800e-06,3.71420497e-01
6.03352800e-06,3.71415092e-01
6.03362800e-06,3.71413449e-01
6.03372800e-06,3.71408060e-01
6.03382800e-06,3.71406433e-01
6.03392800e-06,3.71401060e-01
6.03402800e-06,3.71399448e-01
6.03412800e-06,3.71394090e-01
6.03422800e-06,3.71392493e-01
6.03432800e-06,3.71387152e-01
6.03442800e-06,3.71385571e-01
6.03452800e-06,3.71380245e-01
6.03462800e-06,3.71378679e-01
6.03472800e-06,3.71373370e-01
6.03482800e-06,3.71371819e-01
6.03492800e-06,3.71366526e-01
6.03502800e-06,3.71364990e-01
6.03512800e-06,3.71359713e-01
6.03522800e-06,3.71358193e-01
6.03532800e-06,3.71352932e-01
6.03542800e-06,3.71351427e-01
6.03552800e-06,3.71346183e-01
6.03562800e-06,3.71344693e-01
6.03572800e-06,3.71339465e-01
6.03582800e-06,3.71337991e-01
6.03592800e-06,3.71332779e-01
6.03602800e-06,3.71331320e-01
6.03612800e-06,3.71326124e-01
6.03622800e-06,3.71324682e-01
6.03632800e-06,3.71319502e-01
6.03642800e-06,3.71318075e-01
6.03652800e-06,3.71312911e-01
6.03662800e-06,3.71311500e-01
6.03672800e-06,3.71306353e-01
6.03682800e-06,3.71304957e-01
6.03692800e-06,3.71299826e-01
6.03702800e-06,3.71298446e-01
6.03712800e-06,3.71293332e-01
6.03722800e-06,3.71291967e-01
6.03732800e-06,3.71286869e-01
6.03742800e-06,3.71285521e-01
6.03752800e-06,3.71280440e-01
6.03762800e-06,3.71279107e-01
6.03772800e-06,3.71274042e-01
6.03782800e-06,3.71272725e-01
6.03792800e-06,3.71267676e-01
6.03802800e-06,3.71266375e-01
6.03812800e-06,3.71261344e-01
6.03822800e-06,3.71260058e-01
6.03832800e-06,3.71255043e-01
6.03842800e-06,3.71253774e-01
6.03852800e-06,3.71248775e-01
6.03862800e-06,3.71247522e-01
6.03872800e-06,3.71242540e-01
6.03882800e-06,3.71241303e-01
6.03892800e-06,3.71236337e-01
6.03902800e-06,3.71235116e-01
6.03912800e-06,3.71230168e-01
6.03922800e-06,3.71228962e-01
6.03932800e-06,3.71224031e-01
6.03942800e-06,3.71222841e-01
6.03952800e-06,3.71217927e-01
6.03962800e-06,3.71216753e-01
6.03972800e-06,3.71211856e-01
6.03982800e-06,3.71210699e-01
6.03992800e-06,3.71205818e-01
6.04002800e-06,3.71204677e-01
6.04012800e-06,3.71199813e-01
6.04022800e-06,3.71198688e-01
6.04032800e-06,3.71193841e-01
6.04042800e-06,3.71192732e-01
6.04052800e-06,3.71187902e-01
6.04062800e-06,3.71186810e-01
6.04072800e-06,3.71181997e-01
6.04082800e-06,3.71180921e-01
6.04092800e-06,3.71176125e-01
6.04102800e-06,3.71175066e-01
6.04112800e-06,3.71170287e-01
6.04122800e-06,3.71169244e-01
6.04132800e-06,3.71164482e-01
6.04142800e-06,3.71163456e-01
6.04152800e-06,3.71158711e-01
6.04162800e-06,3.71157701e-01
6.04172800e-06,3.71152973e-01
6.04182800e-06,3.71151980e-01
6.04192800e-06,3.71147269e-01
6.04202800e-06,3.71146292e-01
6.04212800e-06,3.71141599e-01
6.04222800e-06,3.71140639e-01
6.04232800e-06,3.71135963e-01
6.04242800e-06,3.71135019e-01
6.04252800e-06,3.71130361e-01
6.04262800e-06,3.71129434e-01
6.04272800e-06,3.71124793e-01
6.04282800e-06,3.71123882e-01
6.04292800e-06,3.71119259e-01
6.04302800e-06,3.71118365e-01
6.04312800e-06,3.71113759e-01
6.04322800e-06,3.71112882e-01
6.04332800e-06,3.71108293e-01
6.04342800e-06,3.71107433e-01
6.04352800e-06,3.71102862e-01
6.04362800e-06,3.71102018e-01
6.04372800e-06,3.71097465e-01
6.04382800e-06,3.71096638e-01
6.04392800e-06,3.71092102e-01
6.04402800e-06,3.71091293e-01
6.04412800e-06,3.71086775e-01
6.04422800e-06,3.71085982e-01
6.04432800e-06,3.71081481e-01
6.04442800e-06,3.71080705e-01
6.04452800e-06,3.71076223e-01
6.04462800e-06,3.71075464e-01
6.04472800e-06,3.71070999e-01
6.04482800e-06,3.71070257e-01
6.04492800e-06,3.71065810e-01
6.04502800e-06,3.71065085e-01
6.04512800e-06,3.71060655e-01
6.04522800e-06,3.71059948e-01
6.04532800e-06,3.71055536e-01
6.04542800e-06,3.71054846e-01
6.04552800e-06,3.71050452e-01
6.04562800e-06,3.71049779e-01
6.04572800e-06,3.71045403e-01
6.04582800e-06,3.71044747e-01
6.04592800e-06,3.71040390e-01
6.04602800e-06,3.71039751e-01
6.04612800e-06,3.71035411e-01
6.04622800e-06,3.71034790e-01
6.04632800e-06,3.71030468e-01
6.04642800e-06,3.71029864e-01
6.04652800e-06,3.71025561e-01
6.04662800e-06,3.71024974e-01
6.04672800e-06,3.71020689e-01
6.04682800e-06,3.71020119e-01
6.04692800e-06,3.71015852e-01
6.04702800e-06,3.71015301e-01
6.04712800e-06,3.71011051e-01
6.04722800e-06,3.71010517e-01
6.04732800e-06,3.71006286e-01
6.04742800e-06,3.71005770e-01
6.04752800e-06,3.71001557e-01
6.04762800e-06,3.71001059e-01
6.04772800e-06,3.70996864e-01
6.04782800e-06,3.70996383e-01
6.04792800e-06,3.70992207e-01
6.04802800e-06,3.70991744e-01
6.04812800e-06,3.70987586e-01
6.04822800e-06,3.70987140e-01
6.04832800e-06,3.70983001e-01
6.04842800e-06,3.70982573e-01
6.04852800e-06,3.70978453e-01
6.04862800e-06,3.70978042e-01
6.04872800e-06,3.70973940e-01
6.04882800e-06,3.70973548e-01
6.04892800e-06,3.70969465e-01
6.04902800e-06,3.70969090e-01
6.04912800e-06,3.70965025e-01
6.04922800e-06,3.70964669e-01
6.04932800e-06,3.70960623e-01
6.04942800e-06,3.70960284e-01
6.04952800e-06,3.70956257e-01
6.04962800e-06,3.70955936e-01
6.04972800e-06,3.70951927e-01
6.04982800e-06,3.70951625e-01
6.04992800e-06,3.70947635e-01
6.05002800e-06,3.70947350e-01
6.05012800e-06,3.70943379e-01
6.05022800e-06,3.70943113e-01
6.05032800e-06,3.70939161e-01
6.05042800e-06,3.70938913e-01
6.05052800e-06,3.70934979e-01
6.05062800e-06,3.70934749e-01
6.05072800e-06,3.70930835e-01
6.05082800e-06,3.70930624e-01
6.05092800e-06,3.70926728e-01
6.05102800e-06,3.70926535e-01
6.05112800e-06,3.70922658e-01
6.05122800e-06,3.70922484e-01
6.05132800e-06,3.70918626e-01
6.05142800e-06,3.70918470e-01
6.05152800e-06,3.70914632e-01
6.05162800e-06,3.70914494e-01
6.05172800e-06,3.70910675e-01
6.05182800e-06,3.70910555e-01
6.05192800e-06,3.70906755e-01
6.05202800e-06,3.70906654e-01
6.05212800e-06,3.70902874e-01
6.05222800e-06,3.70902791e-01
6.05232800e-06,3.70899030e-01
6.05242800e-06,3.70898966e-01
6.05252800e-06,3.70895224e-01
6.05262800e-06,3.70895179e-01
6.05272800e-06,3.70891456e-01
6.05282800e-06,3.70891430e-01
6.05292800e-06,3.70887727e-01
6.05302800e-06,3.70887719e-01
6.05312800e-06,3.70884036e-01
6.05322800e-06,3.70884047e-01
6.05332800e-06,3.70880383e-01
6.05342800e-06,3.70880413e-01
6.05352800e-06,3.70876768e-01
6.05362800e-06,3.70876817e-01
6.05372800e-06,3.70873192e-01
6.05382800e-06,3.70873260e-01
6.05392800e-06,3.70869654e-01
6.05402800e-06,3.70869741e-01
6.05412800e-06,3.70866156e-01
6.05422800e-06,3.70866261e-01
6.05432800e-06,3.70862696e-01
6.05442800e-06,3.70862821e-01
6.05452800e-06,3.70859274e-01
6.05462800e-06,3.70859418e-01
6.05472800e-06,3.70855892e-01
6.05482800e-06,3.70856055e-01
6.05492800e-06,3.70852549e-01
6.05502800e-06,3.70852731e-01
6.05512800e-06,3.70849245e-01
6.05522800e-06,3.70849447e-01
6.05532800e-06,3.70845980e-01
6.05542800e-06,3.70846201e-01
6.05552800e-06,3.70842755e-01
6.05562800e-06,3.70842995e-01
6.05572800e-06,3.70839569e-01
6.05582800e-06,3.70839828e-01
6.05592800e-06,3.70836422e-01
6.05602800e-06,3.70836701e-01
6.05612800e-06,3.70833315e-01
6.05622800e-06,3.70833614e-01
6.05632800e-06,3.70830248e-01
6.05642800e-06,3.70830566e-01
6.05652800e-06,3.70827220e-01
6.05662800e-06,3.70827558e-01
6.05672800e-06,3.70824233e-01
6.05682800e-06,3.70824590e-01
6.05692800e-06,3.70821285e-01
6.05702800e-06,3.70821663e-01
6.05712800e-06,3.70818378e-01
6.05722800e-06,3.70818775e-01
6.05732800e-06,3.70815511e-01
6.05742800e-06,3.70815927e-01
6.05752800e-06,3.70812684e-01
6.05762800e-06,3.70813120e-01
6.05772800e-06,3.70809897e-01
6.05782800e-06,3.70810354e-01
6.05792800e-06,3.70807151e-01
6.05802800e-06,3.70807627e-01
6.05812800e-06,3.70804446e-01
6.05822800e-06,3.70804942e-01
6.05832800e-06,3.70801781e-01
6.05842800e-06,3.70802297e-01
6.05852800e-06,3.70799157e-01
6.05862800e-06,3.70799693e-01
6.05872800e-06,3.70796574e-01
6.05882800e-06,3.70797130e-01
6.05892800e-06,3.70794031e-01
6.05902800e-06,3.70794608e-01
6.05912800e-06,3.70791530e-01
6.05922800e-06,3.70792127e-01
6.05932800e-06,3.70789070e-01
6.05942800e-06,3.70789688e-01
6.05952800e-06,3.70786652e-01
6.05962800e-06,3.70787289e-01
6.05972800e-06,3.70784274e-01
6.05982800e-06,3.70784932e-01
6.05992800e-06,3.70781938e-01
6.06002800e-06,3.70782617e-01
6.06012800e-06,3.70779644e-01
6.06022800e-06,3.70780343e-01
6.06032800e-06,3.70777392e-01
6.06042800e-06,3.70778111e-01
6.06052800e-06,3.70775181e-01
6.06062800e-06,3.70775921e-01
6.06072800e-06,3.70773012e-01
6.06082800e-06,3.70773773e-01
6.06092800e-06,3.70770885e-01
6.06102800e-06,3.70771667e-01
6.06112800e-06,3.70768800e-01
6.06122800e-06,3.70769603e-01
6.06132800e-06,3.70766758e-01
6.06142800e-06,3.70767581e-01
6.06152800e-06,3.70764758e-01
6.06162800e-06,3.70765601e-01
6.06172800e-06,3.70762800e-01
6.06182800e-06,3.70763665e-01
6.06192800e-06,3.70760884e-01
6.06202800e-06,3.70761770e-01
6.06212800e-06,3.70759012e-01
6.06222800e-06,3.70759918e-01
6.06232800e-06,3.70757182e-01
6.06242800e-06,3.70758110e-01
6.06252800e-06,3.70755395e-01
6.06262800e-06,3.70756344e-01
6.06272800e-06,3.70753650e-01
6.06282800e-06,3.70754621e-01
6.06292800e-06,3.70751949e-01
6.06302800e-06,3.70752941e-01
6.06312800e-06,3.70750291e-01
6.06322800e-06,3.70751304e-01
6.06332800e-06,3.70748677e-01
6.06342800e-06,3.70749711e-01
6.06352800e-06,3.70747105e-01
6.06362800e-06,3.70748161e-01
6.06372800e-06,3.70745577e-01
6.06382800e-06,3.70746654e-01
6.06392800e-06,3.70744093e-01
6.06402800e-06,3.70745191e-01
6.06412800e-06,3.70742653e-01
6.06422800e-06,3.70743773e-01
6.06432800e-06,3.70741256e-01
6.06442800e-06,3.70742397e-01
6.06452800e-06,3.70739903e-01
6.06462800e-06,3.70741066e-01
6.06472800e-06,3.70738594e-01
6.06482800e-06,3.70739779e-01
6.06492800e-06,3.70737330e-01
6.06502800e-06,3.70738536e-01
6.06512800e-06,3.70736109e-01
6.06522800e-06,3.70737338e-01
6.06532800e-06,3.70734933e-01
6.06542800e-06,3.70736184e-01
6.06552800e-06,3.70733802e-01
6.06562800e-06,3.70735074e-01
6.06572800e-06,3.70732715e-01
6.06582800e-06,3.70734009e-01
6.06592800e-06,3.70731673e-01
6.06602800e-06,3.70732989e-01
6.06612800e-06,3.70730676e-01
6.06622800e-06,3.70732014e-01
6.06632800e-06,3.70729723e-01
6.06642800e-06,3.70731084e-01
6.06652800e-06,3.70728816e-01
6.06662800e-06,3.70730199e-01
6.06672800e-06,3.70727954e-01
6.06682800e-06,3.70729359e-01
6.06692800e-06,3.70727137e-01
6.06702800e-06,3.70728564e-01
6.06712800e-06,3.70726365e-01
6.06722800e-06,3.70727815e-01
6.06732800e-06,3.70725639e-01
6.06742800e-06,3.70727112e-01
6.06752800e-06,3.70724959e-01
6.06762800e-06,3.70726454e-01
6.06772800e-06,3.70724325e-01
6.06782800e-06,3.70725842e-01
6.06792800e-06,3.70723736e-01
6.06802800e-06,3.70725276e-01
6.06812800e-06,3.70723193e-01
6.06822800e-06,3.70724756e-01
6.06832800e-06,3.70722697e-01
6.06842800e-06,3.70724282e-01
6.06852800e-06,3.70722246e-01
6.06862800e-06,3.70723855e-01
6.06872800e-06,3.70721842e-01
6.06882800e-06,3.70723474e-01
6.06892800e-06,3.70721485e-01
6.06902800e-06,3.70723139e-01
6.06912800e-06,3.70721174e-01
6.06922800e-06,3.70722851e-01
6.06932800e-06,3.70720910e-01
6.06942800e-06,3.70722610e-01
6.06952800e-06,3.70720692e-01
6.06962800e-06,3.70722416e-01
6.06972800e-06,3.70720522e-01
6.06982800e-06,3.70722269e-01
6.06992800e-06,3.70720399e-01
6.07002800e-06,3.70722169e-01
6.07012800e-06,3.70720323e-01
6.07022800e-06,3.70722116e-01
6.07032800e-06,3.70720294e-01
6.07042800e-06,3.70722111e-01
6.07052800e-06,3.70720312e-01
6.07062800e-06,3.70722153e-01
6.07072800e-06,3.70720379e-01
6.07082800e-06,3.70722242e-01
6.07092800e-06,3.70720492e-01
6.07102800e-06,3.70722380e-01
6.07112800e-06,3.70720654e-01
6.07122800e-06,3.70722565e-01
6.07132800e-06,3.70720864e-01
6.07142800e-06,3.70722798e-01
6.07152800e-06,3.70721121e-01
6.07162800e-06,3.70723080e-01
6.07172800e-06,3.70721427e-01
6.07182800e-06,3.70723410e-01
6.07192800e-06,3.70721782e-01
6.07202800e-06,3.70723788e-01
6.07212800e-06,3.70722184e-01
6.07222800e-06,3.70724214e-01
6.07232800e-06,3.70722636e-01
6.07242800e-06,3.70724690e-01
6.07252800e-06,3.70723136e-01
6.07262800e-06,3.70725214e-01
6.07272800e-06,3.70723684e-01
6.07282800e-06,3.70725787e-01
6.07292800e-06,3.70724282e-01
6.07302800e-06,3.70726409e-01
6.07312800e-06,3.70724929e-01
6.07322800e-06,3.70727080e-01
6.07332800e-06,3.70725625e-01
6.07342800e-06,3.70727800e-01
6.07352800e-06,3.70726371e-01
6.07362800e-06,3.70728570e-01
6.07372800e-06,3.70727165e-01
6.07382800e-06,3.70729389e-01
6.07392800e-06,3.70728010e-01
6.07402800e-06,3.70730259e-01
6.07412800e-06,3.70728904e-01
6.07422800e-06,3.70731177e-01
6.07432800e-06,3.70729848e-01
6.07442800e-06,3.70732146e-01
6.07452800e-06,3.70730843e-01
6.07462800e-06,3.70733165e-01
6.07472800e-06,3.70731887e-01
6.07482800e-06,3.70734234e-01
6.07492800e-06,3.70732982e-01
6.07502800e-06,3.70735354e-01
6.07512800e-06,3.70734127e-01
6.07522800e-06,3.70736524e-01
6.07532800e-06,3.70735322e-01
6.07542800e-06,3.70737744e-01
6.07552800e-06,3.70736568e-01
6.07562800e-06,3.70739015e-01
6.07572800e-06,3.70737865e-01
6.07582800e-06,3.70740338e-01
6.07592800e-06,3.70739213e-01
6.07602800e-06,3.70741711e-01
6.07612800e-06,3.70740612e-01
6.07622800e-06,3.70743135e-01
6.07632800e-06,3.70742063e-01
6.07642800e-06,3.70744611e-01
6.07652800e-06,3.70743564e-01
6.07662800e-06,3.70746138e-01
6.07672800e-06,3.70745117e-01
6.07682800e-06,3.70747716e-01
6.07692800e-06,3.70746722e-01
6.07702800e-06,3.70749347e-01
6.07712800e-06,3.70748379e-01
6.07722800e-06,3.70751029e-01
6.07732800e-06,3.70750087e-01
6.07742800e-06,3.70752763e-01
6.07752800e-06,3.70751848e-01
6.07762800e-06,3.70754549e-01
6.07772800e-06,3.70753660e-01
6.07782800e-06,3.70756388e-01
6.07792800e-06,3.70755525e-01
6.07802800e-06,3.70758279e-01
6.07812800e-06,3.70757443e-01
6.07822800e-06,3.70760222e-01
6.07832800e-06,3.70759413e-01
6.07842800e-06,3.70762218e-01
6.07852800e-06,3.70761436e-01
6.07862800e-06,3.70764267e-01
6.07872800e-06,3.70763511e-01
6.07882800e-06,3.70766369e-01
6.07892800e-06,3.70765640e-01
6.07902800e-06,3.70768524e-01
6.07912800e-06,3.70767822e-01
6.07922800e-06,3.70770732e-01
6.07932800e-06,3.70770058e-01
6.07942800e-06,3.70772994e-01
6.07952800e-06,3.70772347e-01
6.07962800e-06,3.70775310e-01
6.07972800e-06,3.70774690e-01
6.07982800e-06,3.70777679e-01
6.07992800e-06,3.70777086e-01
6.08002800e-06,3.70780103e-01
6.08012800e-06,3.70779537e-01
6.08022800e-06,3.70782580e-01
6.08032800e-06,3.70782043e-01
6.08042800e-06,3.70785112e-01
6.08052800e-06,3.70784602e-01
6.08062800e-06,3.70787699e-01
6.08072800e-06,3.70787216e-01
6.08082800e-06,3.70790340e-01
6.08092800e-06,3.70789885e-01
6.08102800e-06,3.70793036e-01
6.08112800e-06,3.70792609e-01
6.08122800e-06,3.70795786e-01
6.08132800e-06,3.70795388e-01
6.08142800e-06,3.70798592e-01
6.08152800e-06,3.70798221e-01
6.08162800e-06,3.70801453e-01
6.08172800e-06,3.70801110e-01
6.08182800e-06,3.70804369e-01
6.08192800e-06,3.70804055e-01
6.08202800e-06,3.70807341e-01
6.08212800e-06,3.70807055e-01
6.08222800e-06,3.70810369e-01
6.08232800e-06,3.70810111e-01
6.08242800e-06,3.70813452e-01
6.08252800e-06,3.70813223e-01
6.08262800e-06,3.70816592e-01
6.08272800e-06,3.70816390e-01
6.08282800e-06,3.70819787e-01
6.08292800e-06,3.70819614e-01
6.08302800e-06,3.70823039e-01
6.08312800e-06,3.70822895e-01
6.08322800e-06,3.70826347e-01
6.08332800e-06,3.70826232e-01
6.08342800e-06,3.70829712e-01
6.08352800e-06,3.70829625e-01
6.08362800e-06,3.70833133e-01
6.08372800e-06,3.70833075e-01
6.08382800e-06,3.70836611e-01
6.08392800e-06,3.70836583e-01
6.08402800e-06,3.70840147e-01
6.08412800e-06,3.70840147e-01
6.08422800e-06,3.70843739e-01
6.08432800e-06,3.70843769e-01
6.08442800e-06,3.70847389e-01
6.08452800e-06,3.70847448e-01
6.08462800e-06,3.70851097e-01
6.08472800e-06,3.70851184e-01
6.08482800e-06,3.70854862e-01
6.08492800e-06,3.70854979e-01
6.08502800e-06,3.70858685e-01
6.08512800e-06,3.70858831e-01
6.08522800e-06,3.70862566e-01
6.08532800e-06,3.70862741e-01
6.08542800e-06,3.70866505e-01
6.08552800e-06,3.70866710e-01
6.08562800e-06,3.70870502e-01
6.08572800e-06,3.70870737e-01
6.08582800e-06,3.70874558e-01
6.08592800e-06,3.70874823e-01
6.08602800e-06,3.70878672e-01
6.08612800e-06,3.70878967e-01
6.08622800e-06,3.70882845e-01
6.08632800e-06,3.70883170e-01
6.08642800e-06,3.70887078e-01
6.08652800e-06,3.70887432e-01
6.08662800e-06,3.70891369e-01
6.08672800e-06,3.70891753e-01
6.08682800e-06,3.70895719e-01
6.08692800e-06,3.70896134e-01
6.08702800e-06,3.70900129e-01
6.08712800e-06,3.70900574e-01
6.08722800e-06,3.70904599e-01
6.08732800e-06,3.70905074e-01
6.08742800e-06,3.70909128e-01
6.08752800e-06,3.70909634e-01
6.08762800e-06,3.70913717e-01
6.08772800e-06,3.70914253e-01
6.08782800e-06,3.70918367e-01
6.08792800e-06,3.70918933e-01
6.08802800e-06,3.70923076e-01
6.08812800e-06,3.70923673e-01
6.08822800e-06,3.70927846e-01
6.08832800e-06,3.70928474e-01
6.08842800e-06,3.70932677e-01
6.08852800e-06,3.70933335e-01
6.08862800e-06,3.70937568e-01
6.08872800e-06,3.70938257e-01
6.08882800e-06,3.70942520e-01
6.08892800e-06,3.70943241e-01
6.08902800e-06,3.70947534e-01
6.08912800e-06,3.70948285e-01
6.08922800e-06,3.70952608e-01
6.08932800e-06,3.70953391e-01
6.08942800e-06,3.70957744e-01
6.08952800e-06,3.70958558e-01
6.08962800e-06,3.70962942e-01
6.08972800e-06,3.70963787e-01
6.08982800e-06,3.70968201e-01
6.08992800e-06,3.70969078e-01
6.09002800e-06,3.70973523e-01
6.09012800e-06,3.70974430e-01
6.09022800e-06,3.70978906e-01
6.09032800e-06,3.70979845e-01
6.09042800e-06,3.70984352e-01
6.09052800e-06,3.70985323e-01
6.09062800e-06,3.70989860e-01
6.09072800e-06,3.70990862e-01
6.09082800e-06,3.70995431e-01
6.09092800e-06,3.70996465e-01
6.09102800e-06,3.71001064e-01
6.09112800e-06,3.71002130e-01
6.09122800e-06,3.71006761e-01
6.09132800e-06,3.71007859e-01
6.09142800e-06,3.71012520e-01
6.09152800e-06,3.71013651e-01
6.09162800e-06,3.71018343e-01
6.09172800e-06,3.71019506e-01
6.09182800e-06,3.71024230e-01
6.09192800e-06,3.71025424e-01
6.09202800e-06,3.71030180e-01
6.09212800e-06,3.71031407e-01
6.09222800e-06,3.71036194e-01
6.09232800e-06,3.71037453e-01
6.09242800e-06,3.71042272e-01
6.09252800e-06,3.71043564e-01
6.09262800e-06,3.71048414e-01
6.09272800e-06,3.71049739e-01
6.09282800e-06,3.71054621e-01
6.09292800e-06,3.71055978e-01
6.09302800e-06,3.71060892e-01
6.09312800e-06,3.71062282e-01
6.09322800e-06,3.71067228e-01
6.09332800e-06,3.71068651e-01
6.09342800e-06,3.71073628e-01
6.09352800e-06,3.71075084e-01
6.09362800e-06,3.71080094e-01
6.09372800e-06,3.71081583e-01
6.09382800e-06,3.71086625e-01
6.09392800e-06,3.71088147e-01
6.09402800e-06,3.71093222e-01
6.09412800e-06,3.71094777e-01
6.09422800e-06,3.71099884e-01
6.09432800e-06,3.71101473e-01
6.09442800e-06,3.71106612e-01
6.09452800e-06,3.71108234e-01
6.09462800e-06,3.71113406e-01
6.09472800e-06,3.71115062e-01
6.09482800e-06,3.71120267e-01
6.09492800e-06,3.71121956e-01
6.09502800e-06,3.71127193e-01
6.09512800e-06,3.71128916e-01
6.09522800e-06,3.71134186e-01
6.09532800e-06,3.71135943e-01
6.09542800e-06,3.71141246e-01
6.09552800e-06,3.71143036e-01
6.09562800e-06,3.71148373e-01
6.09572800e-06,3.71150197e-01
6.09582800e-06,3.71155567e-01
6.09592800e-06,3.71157425e-01
6.09602800e-06,3.71162828e-01
6.09612800e-06,3.71164720e-01
6.09622800e-06,3.71170156e-01
6.09632800e-06,3.71172083e-01
6.09642800e-06,3.71177553e-01
6.09652800e-06,3.71179514e-01
6.09662800e-06,3.71185017e-01
6.09672800e-06,3.71187012e-01
6.09682800e-06,3.71192549e-01
6.09692800e-06,3.71194579e-01
6.09702800e-06,3.71200150e-01
6.09712800e-06,3.71202214e-01
6.09722800e-06,3.71207818e-01
6.09732800e-06,3.71209918e-01
6.09742800e-06,3.71215556e-01
6.09752800e-06,3.71217690e-01
6.09762800e-06,3.71223362e-01
6.09772800e-06,3.71225531e-01
6.09782800e-06,3.71231237e-01
6.09792800e-06,3.71233441e-01
6.09802800e-06,3.71239182e-01
6.09812800e-06,3.71241421e-01
6.09822800e-06,3.71247195e-01
6.09832800e-06,3.71249470e-01
6.09842800e-06,3.71255279e-01
6.09852800e-06,3.71257588e-01
6.09862800e-06,3.71263432e-01
6.09872800e-06,3.71265777e-01
6.09882800e-06,3.71271655e-01
6.09892800e-06,3.71274035e-01
6.09902800e-06,3.71279948e-01
6.09912800e-06,3.71282364e-01
6.09922800e-06,3.71288312e-01
6.09932800e-06,3.71290763e-01
6.09942800e-06,3.71296746e-01
6.09952800e-06,3.71299233e-01
6.09962800e-06,3.71305251e-01
6.09972800e-06,3.71307774e-01
6.09982800e-06,3.71313826e-01
6.09992800e-06,3.71316386e-01
6.10002800e-06,3.71322473e-01
6.10012800e-06,3.71325069e-01
6.10022800e-06,3.71331191e-01
6.10032800e-06,3.71333823e-01
6.10042800e-06,3.71339981e-01
6.10052800e-06,3.71342649e-01
6.10062800e-06,3.71348842e-01
6.10072800e-06,3.71351547e-01
6.10082800e-06,3.71357776e-01
6.10092800e-06,3.71360516e-01
6.10102800e-06,3.71366781e-01
6.10112800e-06,3.71369558e-01
6.10122800e-06,3.71375859e-01
6.10132800e-06,3.71378673e-01
6.10142800e-06,3.71385009e-01
6.10152800e-06,3.71387860e-01
6.10162800e-06,3.71394232e-01
6.10172800e-06,3.71397120e-01
6.10182800e-06,3.71403528e-01
6.10192800e-06,3.71406453e-01
6.10202800e-06,3.71412897e-01
6.10212800e-06,3.71415859e-01
6.10222800e-06,3.71422339e-01
6.10232800e-06,3.71425338e-01
6.10242800e-06,3.71431855e-01
6.10252800e-06,3.71434891e-01
6.10262800e-06,3.71441445e-01
6.10272800e-06,3.71444518e-01
6.10282800e-06,3.71451108e-01
6.10292800e-06,3.71454219e-01
6.10302800e-06,3.71460846e-01
6.10312800e-06,3.71463995e-01
6.10322800e-06,3.71470658e-01
6.10332800e-06,3.71473844e-01
6.10342800e-06,3.71480545e-01
6.10352800e-06,3.71483769e-01
6.10362800e-06,3.71490506e-01
6.10372800e-06,3.71493768e-01
6.10382800e-06,3.71500542e-01
6.10392800e-06,3.71503842e-01
6.10402800e-06,3.71510654e-01
6.10412800e-06,3.71513992e-01
6.10422800e-06,3.71520842e-01
6.10432800e-06,3.71524218e-01
6.10442800e-06,3.71531106e-01
6.10452800e-06,3.71534520e-01
6.10462800e-06,3.71541445e-01
6.10472800e-06,3.71544898e-01
6.10482800e-06,3.71551862e-01
6.10492800e-06,3.71555353e-01
6.10502800e-06,3.71562354e-01
6.10512800e-06,3.71565885e-01
6.10522800e-06,3.71572924e-01
6.10532800e-06,3.71576493e-01
6.10542800e-06,3.71583571e-01
6.10552800e-06,3.71587179e-01
6.10562800e-06,3.71594295e-01
6.10572800e-06,3.71597941e-01
6.10582800e-06,3.71605096e-01
6.10592800e-06,3.71608782e-01
6.10602800e-06,3.71615975e-01
6.10612800e-06,3.71619700e-01
6.10622800e-06,3.71626932e-01
6.10632800e-06,3.71630696e-01
6.10642800e-06,3.71637967e-01
6.10652800e-06,3.71641770e-01
6.10662800e-06,3.71649080e-01
6.10672800e-06,3.71652923e-01
6.10682800e-06,3.71660272e-01
6.10692800e-06,3.71664154e-01
6.10702800e-06,3.71671542e-01
6.10712800e-06,3.71675465e-01
6.10722800e-06,3.71682891e-01
6.10732800e-06,3.71686854e-01
6.10742800e-06,3.71694320e-01
6.10752800e-06,3.71698322e-01
6.10762800e-06,3.71705828e-01
6.10772800e-06,3.71709870e-01
6.10782800e-06,3.71717415e-01
6.10792800e-06,3.71721498e-01
6.10802800e-06,3.71729083e-01
6.10812800e-06,3.71733205e-01
6.10822800e-06,3.71740830e-01
6.10832800e-06,3.71744993e-01
6.10842800e-06,3.71752658e-01
6.10852800e-06,3.71756861e-01
6.10862800e-06,3.71764566e-01
6.10872800e-06,3.71768810e-01
6.10882800e-06,3.71776554e-01
6.10892800e-06,3.71780839e-01
6.10902800e-06,3.71788624e-01
6.10912800e-06,3.71792949e-01
6.10922800e-06,3.71800775e-01
6.10932800e-06,3.71805141e-01
6.10942800e-06,3.71813007e-01
6.10952800e-06,3.71817414e-01
6.10962800e-06,3.71825320e-01
6.10972800e-06,3.71829769e-01
6.10982800e-06,3.71837716e-01
6.10992800e-06,3.71842206e-01
6.11002800e-06,3.71850193e-01
6.11012800e-06,3.71854725e-01
6.11022800e-06,3.71862753e-01
6.11032800e-06,3.71867326e-01
6.11042800e-06,3.71875395e-01
6.11052800e-06,3.71880010e-01
6.11062800e-06,3.71888120e-01
6.11072800e-06,3.71892776e-01
6.11082800e-06,3.71900928e-01
6.11092800e-06,3.71905626e-01
6.11102800e-06,3.71913819e-01
6.11112800e-06,3.71918559e-01
6.11122800e-06,3.71926793e-01
6.11132800e-06,3.71931575e-01
6.11142800e-06,3.71939851e-01
6.11152800e-06,3.71944675e-01
6.11162800e-06,3.71952993e-01
6.11172800e-06,3.71957859e-01
6.11182800e-06,3.71966219e-01
6.11192800e-06,3.71971127e-01
6.11202800e-06,3.71979529e-01
6.11212800e-06,3.71984480e-01
6.11222800e-06,3.71992923e-01
6.11232800e-06,3.71997917e-01
6.11242800e-06,3.72006402e-01
6.11252800e-06,3.72011439e-01
6.11262800e-06,3.72019967e-01
6.11272800e-06,3.72025046e-01
6.11282800e-06,3.72033616e-01
6.11292800e-06,3.72038738e-01
6.11302800e-06,3.72047351e-01
6.11312800e-06,3.72052516e-01
6.11322800e-06,3.72061172e-01
6.11332800e-06,3.72066380e-01
6.11342800e-06,3.72075078e-01
6.11352800e-06,3.72080330e-01
6.11362800e-06,3.72089070e-01
6.11372800e-06,3.72094365e-01
6.11382800e-06,3.72103149e-01
6.11392800e-06,3.72108488e-01
6.11402800e-06,3.72117315e-01
6.11412800e-06,3.72122697e-01
6.11422800e-06,3.72131567e-01
6.11432800e-06,3.72136993e-01
6.11442800e-06,3.72145906e-01
6.11452800e-06,3.72151376e-01
6.11462800e-06,3.72160333e-01
6.11472800e-06,3.72165847e-01
6.11482800e-06,3.72174847e-01
6.11492800e-06,3.72180405e-01
6.11502800e-06,3.72189449e-01
6.11512800e-06,3.72195051e-01
6.11522800e-06,3.72204139e-01
6.11532800e-06,3.72209785e-01
6.11542800e-06,3.72218917e-01
6.11552800e-06,3.72224608e-01
6.11562800e-06,3.72233783e-01
6.11572800e-06,3.72239519e-01
6.11582800e-06,3.72248739e-01
6.11592800e-06,3.72254519e-01
6.11602800e-06,3.72263783e-01
6.11612800e-06,3.72269608e-01
6.11622800e-06,3.72278916e-01
6.11632800e-06,3.72284786e-01
6.11642800e-06,3.72294139e-01
6.11652800e-06,3.72300054e-01
6.11662800e-06,3.72309425e-01
6.11672800e-06,3.72315359e-01
6.11682800e-06,3.72324775e-01
6.11692800e-06,3.72330754e-01
6.11702800e-06,3.72340215e-01
6.11712800e-06,3.72346239e-01
6.11722800e-06,3.72355745e-01
6.11732800e-06,3.72361814e-01
6.11742800e-06,3.72371365e-01
6.11752800e-06,3.72377480e-01
6.11762800e-06,3.72387076e-01
6.11772800e-06,3.72393236e-01
6.11782800e-06,3.72402877e-01
6.11792800e-06,3.72409084e-01
6.11802800e-06,3.72418770e-01
6.11812800e-06,3.72425022e-01
6.11822800e-06,3.72434754e-01
6.11832800e-06,3.72441052e-01
6.11842800e-06,3.72450829e-01
6.11852800e-06,3.72457174e-01
6.11862800e-06,3.72466996e-01
6.11872800e-06,3.72473387e-01
6.11882800e-06,3.72483256e-01
6.11892800e-06,3.72489693e-01
6.11902800e-06,3.72499607e-01
6.11912800e-06,3.72506091e-01
6.11922800e-06,3.72516051e-01
6.11932800e-06,3.72522582e-01
6.11942800e-06,3.72532588e-01
6.11952800e-06,3.72539165e-01
6.11962800e-06,3.72549218e-01
6.11972800e-06,3.72555842e-01
6.11982800e-06,3.72565941e-01
6.11992800e-06,3.72572612e-01
6.12002800e-06,3.72582758e-01
6.12012800e-06,3.72589476e-01
6.12022800e-06,3.72599668e-01
6.12032800e-06,3.72606433e-01
6.12042800e-06,3.72616672e-01
6.12052800e-06,3.72623485e-01
6.12062800e-06,3.72633771e-01
6.12072800e-06,3.72640631e-01
6.12082800e-06,3.72650964e-01
6.12092800e-06,3.72657872e-01
6.12102800e-06,3.72668252e-01
6.12112800e-06,3.72675207e-01
6.12122800e-06,3.72685635e-01
6.12132800e-06,3.72692638e-01
6.12142800e-06,3.72703113e-01
6.12152800e-06,3.72710164e-01
6.12162800e-06,3.72720686e-01
6.12172800e-06,3.72727785e-01
6.12182800e-06,3.72738355e-01
6.12192800e-06,3.72745503e-01
6.12202800e-06,3.72756121e-01
6.12212800e-06,3.72763316e-01
6.12222800e-06,3.72773982e-01
6.12232800e-06,3.72781226e-01
6.12242800e-06,3.72791940e-01
6.12252800e-06,3.72799233e-01
6.12262800e-06,3.72809995e-01
6.12272800e-06,3.72817336e-01
6.12282800e-06,3.72828146e-01
6.12292800e-06,3.72835537e-01
6.12302800e-06,3.72846395e-01
6.12312800e-06,3.72853835e-01
6.12322800e-06,3.72864742e-01
6.12332800e-06,3.72872230e-01
6.12342800e-06,3.72883186e-01
6.12352800e-06,3.72890724e-01
6.12362800e-06,3.72901728e-01
6.12372800e-06,3.72909315e-01
6.12382800e-06,3.72920369e-01
6.12392800e-06,3.72928005e-01
6.12402800e-06,3.72939108e-01
6.12412800e-06,3.72946794e-01
6.12422800e-06,3.72957945e-01
6.12432800e-06,3.72965681e-01
6.12442800e-06,3.72976882e-01
6.12452800e-06,3.72984668e-01
6.12462800e-06,3.72995918e-01
6.12472800e-06,3.73003754e-01
6.12482800e-06,3.73015054e-01
6.12492800e-06,3.73022940e-01
6.12502800e-06,3.73034289e-01
6.12512800e-06,3.73042225e-01
6.12522800e-06,3.73053624e-01
6.12532800e-06,3.73061611e-01
6.12542800e-06,3.73073060e-01
6.12552800e-06,3.73081097e-01
6.12562800e-06,3.73092597e-01
6.12572800e-06,3.73100684e-01
6.12582800e-06,3.73112234e-01
6.12592800e-06,3.73120372e-01
6.12602800e-06,3.73131972e-01
6.12612800e-06,3.73140161e-01
6.12622800e-06,3.73151811e-01
6.12632800e-06,3.73160052e-01
6.12642800e-06,3.73171753e-01
6.12652800e-06,3.73180044e-01
6.12662800e-06,3.73191796e-01
6.12672800e-06,3.73200138e-01
6.12682800e-06,3.73211941e-01
6.12692800e-06,3.73220335e-01
6.12702800e-06,3.73232188e-01
6.12712800e-06,3.73240634e-01
6.12722800e-06,3.73252538e-01
6.12732800e-06,3.73261036e-01
6.12742800e-06,3.73272992e-01
6.12752800e-06,3.73281541e-01
6.12762800e-06,3.73293548e-01
6.12772800e-06,3.73302149e-01
6.12782800e-06,3.73314207e-01
6.12792800e-06,3.73322860e-01
6.12802800e-06,3.73334971e-01
6.12812800e-06,3.73343676e-01
6.12822800e-06,3.73355838e-01
6.12832800e-06,3.73364596e-01
6.12842800e-06,3.73376810e-01
6.12852800e-06,3.73385620e-01
6.12862800e-06,3.73397886e-01
6.12872800e-06,3.73406748e-01
6.12882800e-06,3.73419066e-01
6.12892800e-06,3.73427982e-01
6.12902800e-06,3.73440352e-01
6.12912800e-06,3.73449320e-01
6.12922800e-06,3.73461743e-01
6.12932800e-06,3.73470764e-01
6.12942800e-06,3.73483239e-01
6.12952800e-06,3.73492314e-01
6.12962800e-06,3.73504842e-01
6.12972800e-06,3.73513969e-01
6.12982800e-06,3.73526550e-01
6.12992800e-06,3.73535731e-01
6.13002800e-06,3.73548365e-01
6.13012800e-06,3.73557599e-01
6.13022800e-06,3.73570286e-01
6.13032800e-06,3.73579574e-01
6.13042800e-06,3.73592314e-01
6.13052800e-06,3.73601656e-01
6.13062800e-06,3.73614449e-01
6.13072800e-06,3.73623845e-01
6.13082800e-06,3.73636692e-01
6.13092800e-06,3.73646141e-01
6.13102800e-06,3.73659042e-01
6.13112800e-06,3.73668546e-01
6.13122800e-06,3.73681500e-01
6.13132800e-06,3.73691058e-01
6.13142800e-06,3.73704067e-01
6.13152800e-06,3.73713679e-01
6.13162800e-06,3.73726741e-01
6.13172800e-06,3.73736408e-01
6.13182800e-06,3.73749525e-01
6.13192800e-06,3.73759247e-01
6.13202800e-06,3.73772417e-01
6.13212800e-06,3.73782194e-01
6.13222800e-06,3.73795419e-01
6.13232800e-06,3.73805251e-01
6.13242800e-06,3.73818530e-01
6.13252800e-06,3.73828417e-01
6.13262800e-06,3.73841751e-01
6.13272800e-06,3.73851693e-01
6.13282800e-06,3.73865082e-01
6.13292800e-06,3.73875080e-01
6.13302800e-06,3.73888524e-01
6.13312800e-06,3.73898577e-01
6.13322800e-06,3.73912076e-01
6.13332800e-06,3.73922184e-01
6.13342800e-06,3.73935739e-01
6.13352800e-06,3.73945903e-01
6.13362800e-06,3.73959513e-01
6.13372800e-06,3.73969733e-01
6.13382800e-06,3.73983398e-01
6.13392800e-06,3.73993674e-01
6.13402800e-06,3.74007395e-01
6.13412800e-06,3.74017727e-01
6.13422800e-06,3.74031504e-01
6.13432800e-06,3.74041893e-01
6.13442800e-06,3.74055725e-01
6.13452800e-06,3.74066170e-01
6.13462800e-06,3.74080059e-01
6.13472800e-06,3.74090561e-01
6.13482800e-06,3.74104505e-01
6.13492800e-06,3.74115064e-01
6.13502800e-06,3.74129065e-01
6.13512800e-06,3.74139680e-01
6.13522800e-06,3.74153738e-01
6.13532800e-06,3.74164410e-01
6.13542800e-06,3.74178524e-01
6.13552800e-06,3.74189254e-01
6.13562800e-06,3.74203424e-01
6.13572800e-06,3.74214211e-01
6.13582800e-06,3.74228439e-01
6.13592800e-06,3.74239283e-01
6.13602800e-06,3.74253567e-01
6.13612800e-06,3.74264469e-01
6.13622800e-06,3.74278810e-01
6.13632800e-06,3.74289770e-01
6.13642800e-06,3.74304169e-01
6.13652800e-06,3.74315186e-01
6.13662800e-06,3.74329642e-01
6.13672800e-06,3.74340717e-01
6.13682800e-06,3.74355231e-01
6.13692800e-06,3.74366364e-01
6.13702800e-06,3.74380936e-01
6.13712800e-06,3.74392127e-01
6.13722800e-06,3.74406756e-01
6.13732800e-06,3.74418006e-01
6.13742800e-06,3.74432693e-01
6.13752800e-06,3.74444001e-01
6.13762800e-06,3.74458747e-01
6.13772800e-06,3.74470113e-01
6.13782800e-06,3.74484917e-01
6.13792800e-06,3.74496342e-01
6.13802800e-06,3.74511204e-01
6.13812800e-06,3.74522689e-01
6.13822800e-06,3.74537609e-01
6.13832800e-06,3.74549152e-01
6.13842800e-06,3.74564132e-01
6.13852800e-06,3.74575734e-01
6.13862800e-06,3.74590772e-01
6.13872800e-06,3.74602434e-01
6.13882800e-06,3.74617530e-01
6.13892800e-06,3.74629252e-01
6.13902800e-06,3.74644407e-01
6.13912800e-06,3.74656188e-01
6.13922800e-06,3.74671403e-01
6.13932800e-06,3.74683244e-01
6.13942800e-06,3.74698518e-01
6.13952800e-06,3.74710418e-01
6.13962800e-06,3.74725752e-01
6.13972800e-06,3.74737712e-01
6.13982800e-06,3.74753105e-01
6.13992800e-06,3.74765126e-01
6.14002800e-06,3.74780579e-01
6.14012800e-06,3.74792660e-01
6.14022800e-06,3.74808172e-01
6.14032800e-06,3.74820313e-01
6.14042800e-06,3.74835886e-01
6.14052800e-06,3.74848088e-01
6.14062800e-06,3.74863721e-01
6.14072800e-06,3.74875983e-01
6.14082800e-06,3.74891676e-01
6.14092800e-06,3.74903999e-01
6.14102800e-06,3.74919753e-01
6.14112800e-06,3.74932137e-01
6.14122800e-06,3.74947951e-01
6.14132800e-06,3.74960396e-01
6.14142800e-06,3.74976271e-01
6.14152800e-06,3.74988778e-01
6.14162800e-06,3.75004713e-01
6.14172800e-06,3.75017281e-01
6.14182800e-06,3.75033277e-01
6.14192800e-06,3.75045907e-01
6.14202800e-06,3.75061964e-01
6.14212800e-06,3.75074655e-01
6.14222800e-06,3.75090774e-01
6.14232800e-06,3.75103527e-01
6.14242800e-06,3.75119707e-01
6.14252800e-06,3.75132521e-01
6.14262800e-06,3.75148763e-01
6.14272800e-06,3.75161640e-01
6.14282800e-06,3.75177943e-01
6.14292800e-06,3.75190882e-01
6.14302800e-06,3.75207247e-01
6.14312800e-06,3.75220248e-01
6.14322800e-06,3.75236675e-01
6.14332800e-06,3.75249738e-01
6.14342800e-06,3.75266227e-01
6.14352800e-06,3.75279353e-01
6.14362800e-06,3.75295905e-01
6.14372800e-06,3.75309093e-01
6.14382800e-06,3.75325707e-01
6.14392800e-06,3.75338959e-01
6.14402800e-06,3.75355635e-01
6.14412800e-06,3.75368949e-01
6.14422800e-06,3.75385688e-01
6.14432800e-06,3.75399066e-01
6.14442800e-06,3.75415867e-01
6.14452800e-06,3.75429308e-01
6.14462800e-06,3.75446172e-01
6.14472800e-06,3.75459677e-01
6.14482800e-06,3.75476604e-01
6.14492800e-06,3.75490172e-01
6.14502800e-06,3.75507162e-01
6.14512800e-06,3.75520794e-01
6.14522800e-06,3.75537848e-01
6.14532800e-06,3.75551543e-01
6.14542800e-06,3.75568660e-01
6.14552800e-06,3.75582419e-01
6.14562800e-06,3.75599600e-01
6.14572800e-06,3.75613423e-01
6.14582800e-06,3.75630668e-01
6.14592800e-06,3.75644555e-01
6.14602800e-06,3.75661864e-01
6.14612800e-06,3.75675816e-01
6.14622800e-06,3.75693188e-01
6.14632800e-06,3.75707204e-01
6.14642800e-06,3.75724641e-01
6.14652800e-06,3.75738722e-01
6.14662800e-06,3.75756222e-01
6.14672800e-06,3.75770368e-01
6.14682800e-06,3.75787933e-01
6.14692800e-06,3.75802144e-01
6.14702800e-06,3.75819773e-01
6.14712800e-06,3.75834049e-01
6.14722800e-06,3.75851743e-01
6.14732800e-06,3.75866084e-01
6.14742800e-06,3.75883843e-01
6.14752800e-06,3.75898249e-01
6.14762800e-06,3.75916073e-01
6.14772800e-06,3.75930544e-01
6.14782800e-06,3.75948433e-01
6.14792800e-06,3.75962970e-01
6.14802800e-06,3.75980925e-01
6.14812800e-06,3.75995527e-01
6.14822800e-06,3.76013547e-01
6.14832800e-06,3.76028216e-01
6.14842800e-06,3.76046300e-01
6.14852800e-06,3.76061035e-01
6.14862800e-06,3.76079186e-01
6.14872800e-06,3.76093986e-01
6.14882800e-06,3.76112203e-01
6.14892800e-06,3.76127070e-01
6.14902800e-06,3.76145352e-01
6.14912800e-06,3.76160285e-01
6.14922800e-06,3.76178633e-01
6.14932800e-06,3.76193633e-01
6.14942800e-06,3.76212048e-01
6.14952800e-06,3.76227114e-01
6.14962800e-06,3.76245595e-01
6.14972800e-06,3.76260728e-01
6.14982800e-06,3.76279275e-01
6.14992800e-06,3.76294475e-01
6.15002800e-06,3.76313089e-01
6.15012800e-06,3.76328356e-01
6.15022800e-06,3.76347036e-01
6.15032800e-06,3.76362371e-01
6.15042800e-06,3.76381118e-01
6.15052800e-06,3.76396520e-01
6.15062800e-06,3.76415333e-01
6.15072800e-06,3.76430803e-01
6.15082800e-06,3.76449684e-01
6.15092800e-06,3.76465221e-01
6.15102800e-06,3.76484169e-01
6.15112800e-06,3.76499774e-01
6.15122800e-06,3.76518789e-01
6.15132800e-06,3.76534462e-01
6.15142800e-06,3.76553545e-01
6.15152800e-06,3.76569285e-01
6.15162800e-06,3.76588436e-01
6.15172800e-06,3.76604244e-01
6.15182800e-06,3.76623463e-01
6.15192800e-06,3.76639340e-01
6.15202800e-06,3.76658626e-01
6.15212800e-06,3.76674571e-01
6.15222800e-06,3.76693926e-01
6.15232800e-06,3.76709939e-01
6.15242800e-06,3.76729362e-01
6.15252800e-06,3.76745444e-01
6.15262800e-06,3.76764935e-01
6.15272800e-06,3.76781086e-01
6.15282800e-06,3.76800645e-01
6.15292800e-06,3.76816865e-01
6.15302800e-06,3.76836493e-01
6.15312800e-06,3.76852782e-01
6.15322800e-06,3.76872479e-01
6.15332800e-06,3.76888837e-01
6.15342800e-06,3.76908602e-01
6.15352800e-06,3.76925030e-01
6.15362800e-06,3.76944864e-01
6.15372800e-06,3.76961361e-01
6.15382800e-06,3.76981264e-01
6.15392800e-06,3.76997831e-01
6.15402800e-06,3.77017803e-01
6.15412800e-06,3.77034440e-01
6.15422800e-06,3.77054481e-01
6.15432800e-06,3.77071187e-01
6.15442800e-06,3.77091299e-01
6.15452800e-06,3.77108075e-01
6.15462800e-06,3.77128255e-01
6.15472800e-06,3.77145102e-01
6.15482800e-06,3.77165352e-01
6.15492800e-06,3.77182269e-01
6.15502800e-06,3.77202589e-01
6.15512800e-06,3.77219576e-01
6.15522800e-06,3.77239966e-01
6.15532800e-06,3.77257024e-01
6.15542800e-06,3.77277484e-01
6.15552800e-06,3.77294612e-01
6.15562800e-06,3.77315142e-01
6.15572800e-06,3.77332341e-01
6.15582800e-06,3.77352942e-01
6.15592800e-06,3.77370212e-01
6.15602800e-06,3.77390883e-01
6.15612800e-06,3.77408224e-01
6.15622800e-06,3.77428966e-01
6.15632800e-06,3.77446378e-01
6.15642800e-06,3.77467190e-01
6.15652800e-06,3.77484674e-01
6.15662800e-06,3.77505557e-01
6.15672800e-06,3.77523112e-01
6.15682800e-06,3.77544066e-01
6.15692800e-06,3.77561692e-01
6.15702800e-06,3.77582718e-01
6.15712800e-06,3.77600416e-01
6.15722800e-06,3.77621513e-01
6.15732800e-06,3.77639282e-01
6.15742800e-06,3.77660451e-01
6.15752800e-06,3.77678292e-01
6.15762800e-06,3.77699532e-01
6.15772800e-06,3.77717445e-01
6.15782800e-06,3.77738757e-01
6.15792800e-06,3.77756742e-01
6.15802800e-06,3.77778125e-01
6.15812800e-06,3.77796183e-01
6.15822800e-06,3.77817638e-01
6.15832800e-06,3.77835768e-01
6.15842800e-06,3.77857296e-01
6.15852800e-06,3.77875498e-01
6.15862800e-06,3.77897098e-01
6.15872800e-06,3.77915373e-01
6.15882800e-06,3.77937045e-01
6.15892800e-06,3.77955393e-01
6.15902800e-06,3.77977137e-01
6.15912800e-06,3.77995558e-01
6.15922800e-06,3.78017374e-01
6.15932800e-06,3.78035868e-01
6.15942800e-06,3.78057757e-01
6.15952800e-06,3.78076324e-01
6.15962800e-06,3.78098286e-01
6.15972800e-06,3.78116927e-01
6.15982800e-06,3.78138962e-01
6.15992800e-06,3.78157675e-01
6.16002800e-06,3.78179783e-01
6.16012800e-06,3.78198570e-01
6.16022800e-06,3.78220751e-01
6.16032800e-06,3.78239612e-01
6.16042800e-06,3.78261866e-01
6.16052800e-06,3.78280801e-01
6.16062800e-06,3.78303129e-01
6.16072800e-06,3.78322137e-01
6.16082800e-06,3.78344538e-01
6.16092800e-06,3.78363621e-01
6.16102800e-06,3.78386096e-01
6.16112800e-06,3.78405252e-01
6.16122800e-06,3.78427801e-01
6.16132800e-06,3.78447031e-01
6.16142800e-06,3.78469654e-01
6.16152800e-06,3.78488959e-01
6.16162800e-06,3.78511655e-01
6.16172800e-06,3.78531035e-01
6.16182800e-06,3.78553805e-01
6.16192800e-06,3.78573260e-01
6.16202800e-06,3.78596104e-01
6.16212800e-06,3.78615633e-01
6.16222800e-06,3.78638552e-01
6.16232800e-06,3.78658156e-01
6.16242800e-06,3.78681149e-01
6.16252800e-06,3.78700828e-01
6.16262800e-06,3.78723896e-01
6.16272800e-06,3.78743650e-01
6.16282800e-06,3.78766793e-01
6.16292800e-06,3.78786621e-01
6.16302800e-06,3.78809839e-01
6.16312800e-06,3.78829743e-01
6.16322800e-06,3.78853036e-01
6.16332800e-06,3.78873015e-01
6.16342800e-06,3.78896383e-01
6.16352800e-06,3.78916438e-01
6.16362800e-06,3.78939881e-01
6.16372800e-06,3.78960011e-01
6.16382800e-06,3.78983529e-01
6.16392800e-06,3.79003736e-01
6.16402800e-06,3.79027329e-01
6.16412800e-06,3.79047612e-01
6.16422800e-06,3.79071281e-01
6.16432800e-06,3.79091639e-01
6.16442800e-06,3.79115384e-01
6.16452800e-06,3.79135818e-01
6.16462800e-06,3.79159638e-01
6.16472800e-06,3.79180149e-01
6.16482800e-06,3.79204045e-01
6.16492800e-06,3.79224632e-01
6.16502800e-06,3.79248604e-01
6.16512800e-06,3.79269268e-01
6.16522800e-06,3.79293316e-01
6.16532800e-06,3.79314056e-01
6.16542800e-06,3.79338180e-01
6.16552800e-06,3.79358997e-01
6.16562800e-06,3.79383197e-01
6.16572800e-06,3.79404091e-01
6.16582800e-06,3.79428368e-01
6.16592800e-06,3.79449338e-01
6.16602800e-06,3.79473692e-01
6.16612800e-06,3.79494739e-01
6.16622800e-06,3.79519169e-01
6.16632800e-06,3.79540294e-01
6.16642800e-06,3.79564801e-01
6.16652800e-06,3.79586002e-01
6.16662800e-06,3.79610586e-01
6.16672800e-06,3.79631865e-01
6.16682800e-06,3.79656526e-01
6.16692800e-06,3.79677882e-01
6.16702800e-06,3.79702620e-01
6.16712800e-06,3.79724054e-01
6.16722800e-06,3.79748869e-01
6.16732800e-06,3.79770380e-01
6.16742800e-06,3.79795273e-01
6.16752800e-06,3.79816862e-01
6.16762800e-06,3.79841832e-01
6.16772800e-06,3.79863499e-01
6.16782800e-06,3.79888546e-01
6.16792800e-06,3.79910291e-01
6.16802800e-06,3.79935416e-01
6.16812800e-06,3.79957239e-01
6.16822800e-06,3.79982441e-01
6.16832800e-06,3.80004343e-01
6.16842800e-06,3.80029623e-01
6.16852800e-06,3.80051603e-01
6.16862800e-06,3.80076961e-01
6.16872800e-06,3.80099019e-01
6.16882800e-06,3.80124455e-01
6.16892800e-06,3.80146591e-01
6.16902800e-06,3.80172106e-01
6.16912800e-06,3.80194321e-01
6.16922800e-06,3.80219913e-01
6.16932800e-06,3.80242207e-01
6.16942800e-06,3.80267878e-01
6.16952800e-06,3.80290251e-01
6.16962800e-06,3.80316000e-01
6.16972800e-06,3.80338451e-01
6.16982800e-06,3.80364279e-01
6.16992800e-06,3.80386809e-01
6.17002800e-06,3.80412716e-01
6.17012800e-06,3.80435325e-01
6.17022800e-06,3.80461311e-01
6.17032800e-06,3.80483999e-01
6.17042800e-06,3.80510063e-01
6.17052800e-06,3.80532831e-01
6.17062800e-06,3.80558974e-01
6.17072800e-06,3.80581821e-01
6.17082800e-06,3.80608043e-01
6.17092800e-06,3.80630970e-01
6.17102800e-06,3.80657271e-01
6.17112800e-06,3.80680278e-01
6.17122800e-06,3.80706658e-01
6.17132800e-06,3.80729744e-01
6.17142800e-06,3.80756204e-01
6.17152800e-06,3.80779369e-01
6.17162800e-06,3.80805908e-01
6.17172800e-06,3.80829154e-01
6.17182800e-06,3.80855773e-01
6.17192800e-06,3.80879098e-01
6.17202800e-06,3.80905796e-01
6.17212800e-06,3.80929202e-01
6.17222800e-06,3.80955980e-01
6.17232800e-06,3.80979466e-01
6.17242800e-06,3.81006323e-01
6.17252800e-06,3.81029889e-01
6.17262800e-06,3.81056827e-01
6.17272800e-06,3.81080473e-01
6.17282800e-06,3.81107491e-01
6.17292800e-06,3.81131217e-01
6.17302800e-06,3.81158315e-01
6.17312800e-06,3.81182122e-01
6.17322800e-06,3.81209300e-01
6.17332800e-06,3.81233188e-01
6.17342800e-06,3.81260446e-01
6.17352800e-06,3.81284414e-01
6.17362800e-06,3.81311752e-01
6.17372800e-06,3.81335802e-01
6.17382800e-06,3.81363220e-01
6.17392800e-06,3.81387351e-01
6.17402800e-06,3.81414850e-01
6.17412800e-06,3.81439061e-01
6.17422800e-06,3.81466641e-01
6.17432800e-06,3.81490933e-01
6.17442800e-06,3.81518593e-01
6.17452800e-06,3.81542967e-01
6.17462800e-06,3.81570708e-01
6.17472800e-06,3.81595163e-01
6.17482800e-06,3.81622984e-01
6.17492800e-06,3.81647520e-01
6.17502800e-06,3.81675423e-01
6.17512800e-06,3.81700041e-01
6.17522800e-06,3.81728024e-01
6.17532800e-06,3.81752723e-01
6.17542800e-06,3.81780788e-01
6.17552800e-06,3.81805569e-01
6.17562800e-06,3.81833715e-01
6.17572800e-06,3.81858577e-01
6.17582800e-06,3.81886804e-01
6.17592800e-06,3.81911748e-01
6.17602800e-06,3.81940057e-01
6.17612800e-06,3.81965082e-01
6.17622800e-06,3.81993472e-01
6.17632800e-06,3.82018580e-01
6.17642800e-06,3.82047051e-01
6.17652800e-06,3.82072241e-01
6.17662800e-06,3.82100794e-01
6.17672800e-06,3.82126065e-01
6.17682800e-06,3.82154700e-01
6.17692800e-06,3.82180054e-01
6.17702800e-06,3.82208770e-01
6.17712800e-06,3.82234206e-01
6.17722800e-06,3.82263004e-01
6.17732800e-06,3.82288522e-01
6.17742800e-06,3.82317403e-01
6.17752800e-06,3.82343003e-01
6.17762800e-06,3.82371965e-01
6.17772800e-06,3.82397648e-01
6.17782800e-06,3.82426692e-01
6.17792800e-06,3.82452457e-01
6.17802800e-06,3.82481584e-01
6.17812800e-06,3.82507431e-01
6.17822800e-06,3.82536640e-01
6.17832800e-06,3.82562570e-01
6.17842800e-06,3.82591861e-01
6.17852800e-06,3.82617874e-01
6.17862800e-06,3.82647247e-01
6.17872800e-06,3.82673343e-01
6.17882800e-06,3.82702799e-01
6.17892800e-06,3.82728977e-01
6.17902800e-06,3.82758516e-01
6.17912800e-06,3.82784777e-01
6.17922800e-06,3.82814398e-01
6.17932800e-06,3.82840742e-01
6.17942800e-06,3.82870446e-01
6.17952800e-06,3.82896873e-01
6.17962800e-06,3.82926659e-01
6.17972800e-06,3.82953169e-01
6.17982800e-06,3.82983038e-01
6.17992800e-06,3.83009632e-01
6.18002800e-06,3.83039584e-01
6.18012800e-06,3.83066261e-01
6.18022800e-06,3.83096295e-01
6.18032800e-06,3.83123055e-01
6.18042800e-06,3.83153173e-01
6.18052800e-06,3.83180016e-01
6.18062800e-06,3.83210217e-01
6.18072800e-06,3.83237144e-01
6.18082800e-06,3.83267427e-01
6.18092800e-06,3.83294438e-01
6.18102800e-06,3.83324804e-01
6.18112800e-06,3.83351899e-01
6.18122800e-06,3.83382348e-01
6.18132800e-06,3.83409526e-01
6.18142800e-06,3.83440059e-01
6.18152800e-06,3.83467321e-01
6.18162800e-06,3.83497937e-01
6.18172800e-06,3.83525282e-01
6.18182800e-06,3.83555982e-01
6.18192800e-06,3.83583411e-01
6.18202800e-06,3.83614194e-01
6.18212800e-06,3.83641707e-01
6.18222800e-06,3.83672573e-01
6.18232800e-06,3.83700170e-01
6.18242800e-06,3.83731120e-01
6.18252800e-06,3.83758801e-01
6.18262800e-06,3.83789835e-01
6.18272800e-06,3.83817599e-01
6.18282800e-06,3.83848717e-01
6.18292800e-06,3.83876566e-01
6.18302800e-06,3.83907767e-01
6.18312800e-06,3.83935700e-01
6.18322800e-06,3.83966985e-01
6.18332800e-06,3.83995002e-01
6.18342800e-06,3.84026370e-01
6.18352800e-06,3.84054472e-01
6.18362800e-06,3.84085924e-01
6.18372800e-06,3.84114110e-01
6.18382800e-06,3.84145646e-01
6.18392800e-06,3.84173916e-01
6.18402800e-06,3.84205536e-01
6.18412800e-06,3.84233891e-01
6.18422800e-06,3.84265595e-01
6.18432800e-06,3.84294034e-01
6.18442800e-06,3.84325822e-01
6.18452800e-06,3.84354345e-01
6.18462800e-06,3.84386218e-01
6.18472800e-06,3.84414825e-01
6.18482800e-06,3.84446782e-01
6.18492800e-06,3.84475474e-01
6.18502800e-06,3.84507515e-01
6.18512800e-06,3.84536292e-01
6.18522800e-06,3.84568417e-01
6.18532800e-06,3.84597279e-01
6.18542800e-06,3.84629488e-01
6.18552800e-06,3.84658434e-01
6.18562800e-06,3.84690728e-01
6.18572800e-06,3.84719759e-01
6.18582800e-06,3.84752137e-01
6.18592800e-06,3.84781253e-01
6.18602800e-06,3.84813715e-01
6.18612800e-06,3.84842916e-01
6.18622800e-06,3.84875463e-01
6.18632800e-06,3.84904748e-01
6.18642800e-06,3.84937379e-01
6.18652800e-06,3.84966750e-01
6.18662800e-06,3.84999466e-01
6.18672800e-06,3.85028921e-01
6.18682800e-06,3.85061721e-01
6.18692800e-06,3.85091261e-01
6.18702800e-06,3.85124146e-01
6.18712800e-06,3.85153771e-01
6.18722800e-06,3.85186741e-01
6.18732800e-06,3.85216451e-01
6.18742800e-06,3.85249506e-01
6.18752800e-06,3.85279301e-01
6.18762800e-06,3.85312440e-01
6.18772800e-06,3.85342320e-01
6.18782800e-06,3.85375544e-01
6.18792800e-06,3.85405509e-01
6.18802800e-06,3.85438818e-01
6.18812800e-06,3.85468868e-01
6.18822800e-06,3.85502262e-01
6.18832800e-06,3.85532397e-01
6.18842800e-06,3.85565876e-01
6.18852800e-06,3.85596097e-01
6.18862800e-06,3.85629660e-01
6.18872800e-06,3.85659966e-01
6.18882800e-06,3.85693614e-01
6.18892800e-06,3.85724005e-01
6.18902800e-06,3.85757738e-01
6.18912800e-06,3.85788214e-01
6.18922800e-06,3.85822032e-01
6.18932800e-06,3.85852594e-01
6.18942800e-06,3.85886497e-01
6.18952800e-06,3.85917144e-01
6.18962800e-06,3.85951132e-01
6.18972800e-06,3.85981864e-01
6.18982800e-06,3.86015937e-01
6.18992800e-06,3.86046755e-01
6.19002800e-06,3.86080913e-01
6.19012800e-06,3.86111816e-01
6.19022800e-06,3.86146059e-01
6.19032800e-06,3.86177048e-01
6.19042800e-06,3.86211375e-01
6.19052800e-06,3.86242450e-01
6.19062800e-06,3.86276863e-01
6.19072800e-06,3.86308022e-01
6.19082800e-06,3.86342520e-01
6.19092800e-06,3.86373765e-01
6.19102800e-06,3.86408348e-01
6.19112800e-06,3.86439679e-01
6.19122800e-06,3.86474347e-01
6.19132800e-06,3.86505764e-01
6.19142800e-06,3.86540517e-01
6.19152800e-06,3.86572019e-01
6.19162800e-06,3.86606857e-01
6.19172800e-06,3.86638444e-01
6.19182800e-06,3.86673368e-01
6.19192800e-06,3.86705041e-01
6.19202800e-06,3.86740049e-01
6.19212800e-06,3.86771808e-01
6.19222800e-06,3.86806902e-01
6.19232800e-06,3.86838745e-01
6.19242800e-06,3.86873925e-01
6.19252800e-06,3.86905854e-01
6.19262800e-06,3.86941118e-01
6.19272800e-06,3.86973133e-01
6.19282800e-06,3.87008483e-01
6.19292800e-06,3.87040584e-01
6.19302800e-06,3.87076018e-01
6.19312800e-06,3.87108204e-01
6.19322800e-06,3.87143724e-01
6.19332800e-06,3.87175996e-01
6.19342800e-06,3.87211601e-01
6.19352800e-06,3.87243959e-01
6.19362800e-06,3.87279649e-01
6.19372800e-06,3.87312092e-01
6.19382800e-06,3.87347868e-01
6.19392800e-06,3.87380396e-01
6.19402800e-06,3.87416257e-01
6.19412800e-06,3.87448871e-01
6.19422800e-06,3.87484817e-01
6.19432800e-06,3.87517517e-01
6.19442800e-06,3.87553548e-01
6.19452800e-06,3.87586334e-01
6.19462800e-06,3.87622450e-01
6.19472800e-06,3.87655321e-01
6.19482800e-06,3.87691523e-01
6.19492800e-06,3.87724480e-01
6.19502800e-06,3.87760767e-01
6.19512800e-06,3.87793809e-01
6.19522800e-06,3.87830181e-01
6.19532800e-06,3.87863309e-01
6.19542800e-06,3.87899766e-01
6.19552800e-06,3.87932979e-01
6.19562800e-06,3.87969522e-01
6.19572800e-06,3.88002821e-01
6.19582800e-06,3.88039448e-01
6.19592800e-06,3.88072833e-01
6.19602800e-06,3.88109546e-01
6.19612800e-06,3.88143016e-01
6.19622800e-06,3.88179814e-01
6.19632800e-06,3.88213369e-01
6.19642800e-06,3.88250252e-01
6.19652800e-06,3.88283893e-01
6.19662800e-06,3.88320862e-01
6.19672800e-06,3.88354588e-01
6.19682800e-06,3.88391642e-01
6.19692800e-06,3.88425454e-01
6.19702800e-06,3.88462592e-01
6.19712800e-06,3.88496490e-01
6.19722800e-06,3.88533713e-01
6.19732800e-06,3.88567696e-01
6.19742800e-06,3.88605005e-01
6.19752800e-06,3.88639074e-01
6.19762800e-06,3.88676467e-01
6.19772800e-06,3.88710621e-01
6.19782800e-06,3.88748100e-01
6.19792800e-06,3.88782339e-01
6.19802800e-06,3.88819903e-01
6.19812800e-06,3.88854228e-01
6.19822800e-06,3.88891877e-01
6.19832800e-06,3.88926287e-01
6.19842800e-06,3.88964020e-01
6.19852800e-06,3.88998516e-01
6.19862800e-06,3.89036334e-01
6.19872800e-06,3.89070915e-01
6.19882800e-06,3.89108819e-01
6.19892800e-06,3.89143485e-01
6.19902800e-06,3.89181473e-01
6.19912800e-06,3.89216224e-01
6.19922800e-06,3.89254298e-01
6.19932800e-06,3.89289134e-01
6.19942800e-06,3.89327293e-01
6.19952800e-06,3.89362214e-01
6.19962800e-06,3.89400457e-01
6.19972800e-06,3.89435464e-01
6.19982800e-06,3.89473792e-01
6.19992800e-06,3.89508884e-01
6.20002800e-06,3.89547297e-01
6.20012800e-06,3.89582474e-01
6.20022800e-06,3.89620971e-01
6.20032800e-06,3.89656233e-01
6.20042800e-06,3.89694815e-01
6.20052800e-06,3.89730162e-01
6.20062800e-06,3.89768829e-01
6.20072800e-06,3.89804261e-01
6.20082800e-06,3.89843012e-01
6.20092800e-06,3.89878530e-01
6.20102800e-06,3.89917366e-01
6.20112800e-06,3.89952967e-01
6.20122800e-06,3.89991888e-01
6.20132800e-06,3.90027575e-01
6.20142800e-06,3.90066580e-01
6.20152800e-06,3.90102352e-01
6.20162800e-06,3.90141441e-01
6.20172800e-06,3.90177298e-01
6.20182800e-06,3.90216472e-01
6.20192800e-06,3.90252413e-01
6.20202800e-06,3.90291671e-01
6.20212800e-06,3.90327697e-01
6.20222800e-06,3.90367040e-01
6.20232800e-06,3.90403150e-01
6.20242800e-06,3.90442577e-01
6.20252800e-06,3.90478773e-01
6.20262800e-06,3.90518284e-01
6.20272800e-06,3.90554564e-01
6.20282800e-06,3.90594159e-01
6.20292800e-06,3.90630524e-01
6.20302800e-06,3.90670203e-01
6.20312800e-06,3.90706652e-01
6.20322800e-06,3.90746416e-01
6.20332800e-06,3.90782949e-01
6.20342800e-06,3.90822797e-01
6.20352800e-06,3.90859414e-01
6.20362800e-06,3.90899346e-01
6.20372800e-06,3.90936048e-01
6.20382800e-06,3.90976064e-01
6.20392800e-06,3.91012850e-01
6.20402800e-06,3.91052950e-01
6.20412800e-06,3.91089820e-01
6.20422800e-06,3.91130004e-01
6.20432800e-06,3.91166959e-01
6.20442800e-06,3.91207226e-01
6.20452800e-06,3.91244265e-01
6.20462800e-06,3.91284616e-01
6.20472800e-06,3.91321738e-01
6.20482800e-06,3.91362173e-01
6.20492800e-06,3.91399380e-01
6.20502800e-06,3.91439898e-01
6.20512800e-06,3.91477189e-01
6.20522800e-06,3.91517791e-01
6.20532800e-06,3.91555165e-01
6.20542800e-06,3.91595851e-01
6.20552800e-06,3.91633309e-01
6.20562800e-06,3.91674078e-01
6.20572800e-06,3.91711620e-01
6.20582800e-06,3.91752472e-01
6.20592800e-06,3.91790098e-01
6.20602800e-06,3.91831033e-01
6.20612800e-06,3.91868743e-01
6.20622800e-06,3.91909762e-01
6.20632800e-06,3.91947555e-01
6.20642800e-06,3.91988656e-01
6.20652800e-06,3.92026533e-01
6.20662800e-06,3.92067718e-01
6.20672800e-06,3.92105678e-01
6.20682800e-06,3.92146946e-01
6.20692800e-06,3.92184989e-01
6.20702800e-06,3.92226340e-01
6.20712800e-06,3.92264467e-01
6.20722800e-06,3.92305900e-01
6.20732800e-06,3.92344110e-01
6.20742800e-06,3.92385626e-01
6.20752800e-06,3.92423919e-01
6.20762800e-06,3.92465519e-01
6.20772800e-06,3.92503895e-01
6.20782800e-06,3.92545577e-01
6.20792800e-06,3.92584036e-01
6.20802800e-06,3.92625800e-01
6.20812800e-06,3.92664342e-01
6.20822800e-06,3.92706189e-01
6.20832800e-06,3.92744814e-01
6.20842800e-06,3.92786743e-01
6.20852800e-06,3.92825451e-01
6.20862800e-06,3.92867462e-01
6.20872800e-06,3.92906252e-01
6.20882800e-06,3.92948346e-01
6.20892800e-06,3.92987219e-01
6.20902800e-06,3.93029395e-01
6.20912800e-06,3.93068351e-01
6.20922800e-06,3.93110609e-01
6.20932800e-06,3.93149646e-01
6.20942800e-06,3.93191987e-01
6.20952800e-06,3.93231107e-01
6.20962800e-06,3.93273529e-01
6.20972800e-06,3.93312731e-01
6.20982800e-06,3.93355235e-01
6.20992800e-06,3.93394520e-01
6.21002800e-06,3.93437105e-01
6.21012800e-06,3.93476472e-01
6.21022800e-06,3.93519139e-01
6.21032800e-06,3.93558588e-01
6.21042800e-06,3.93601337e-01
6.21052800e-06,3.93640867e-01
6.21062800e-06,3.93683698e-01
6.21072800e-06,3.93723310e-01
6.21082800e-06,3.93766222e-01
6.21092800e-06,3.93805915e-01
6.21102800e-06,3.93848909e-01
6.21112800e-06,3.93888684e-01
6.21122800e-06,3.93931759e-01
6.21132800e-06,3.93971615e-01
6.21142800e-06,3.94014771e-01
6.21152800e-06,3.94054709e-01
6.21162800e-06,3.94097946e-01
6.21172800e-06,3.94137966e-01
6.21182800e-06,3.94181283e-01
6.21192800e-06,3.94221384e-01
6.21202800e-06,3.94264782e-01
6.21212800e-06,3.94304964e-01
6.21222800e-06,3.94348444e-01
6.21232800e-06,3.94388706e-01
6.21242800e-06,3.94432266e-01
6.21252800e-06,3.94472610e-01
6.21262800e-06,3.94516250e-01
6.21272800e-06,3.94556675e-01
6.21282800e-06,3.94600396e-01
6.21292800e-06,3.94640901e-01
6.21302800e-06,3.94684702e-01
6.21312800e-06,3.94725288e-01
6.21322800e-06,3.94769169e-01
6.21332800e-06,3.94809836e-01
6.21342800e-06,3.94853797e-01
6.21352800e-06,3.94894544e-01
6.21362800e-06,3.94938585e-01
6.21372800e-06,3.94979412e-01
6.21382800e-06,3.95023534e-01
6.21392800e-06,3.95064441e-01
6.21402800e-06,3.95108642e-01
6.21412800e-06,3.95149629e-01
6.21422800e-06,3.95193910e-01
6.21432800e-06,3.95234977e-01
6.21442800e-06,3.95279338e-01
6.21452800e-06,3.95320485e-01
6.21462800e-06,3.95364924e-01
6.21472800e-06,3.95406151e-01
6.21482800e-06,3.95450670e-01
6.21492800e-06,3.95491977e-01
6.21502800e-06,3.95536575e-01
6.21512800e-06,3.95577961e-01
6.21522800e-06,3.95622638e-01
6.21532800e-06,3.95664103e-01
6.21542800e-06,3.95708860e-01
6.21552800e-06,3.95750404e-01
6.21562800e-06,3.95795239e-01
6.21572800e-06,3.95836863e-01
6.21582800e-06,3.95881777e-01
6.21592800e-06,3.95923480e-01
6.21602800e-06,3.95968472e-01
6.21612800e-06,3.96010254e-01
6.21622800e-06,3.96055325e-01
6.21632800e-06,3.96097185e-01
6.21642800e-06,3.96142335e-01
6.21652800e-06,3.96184274e-01
6.21662800e-06,3.96229501e-01
6.21672800e-06,3.96271519e-01
6.21682800e-06,3.96316824e-01
6.21692800e-06,3.96358920e-01
6.21702800e-06,3.96404304e-01
6.21712800e-06,3.96446478e-01
6.21722800e-06,3.96491940e-01
6.21732800e-06,3.96534192e-01
6.21742800e-06,3.96579732e-01
6.21752800e-06,3.96622062e-01
6.21762800e-06,3.96667679e-01
6.21772800e-06,3.96710087e-01
6.21782800e-06,3.96755782e-01
6.21792800e-06,3.96798268e-01
6.21802800e-06,3.96844039e-01
6.21812800e-06,3.96886603e-01
6.21822800e-06,3.96932452e-01
6.21832800e-06,3.96975093e-01
6.21842800e-06,3.97021019e-01
6.21852800e-06,3.97063738e-01
6.21862800e-06,3.97109741e-01
6.21872800e-06,3.97152536e-01
6.21882800e-06,3.97198616e-01
6.21892800e-06,3.97241489e-01
6.21902800e-06,3.97287645e-01
6.21912800e-06,3.97330595e-01
6.21922800e-06,3.97376828e-01
6.21932800e-06,3.97419854e-01
6.21942800e-06,3.97466164e-01
6.21952800e-06,3.97509267e-01
6.21962800e-06,3.97555653e-01
6.21972800e-06,3.97598832e-01
6.21982800e-06,3.97645294e-01
6.21992800e-06,3.97688550e-01
6.22002800e-06,3.97735088e-01
6.22012800e-06,3.97778420e-01
6.22022800e-06,3.97825034e-01
6.22032800e-06,3.97868442e-01
6.22042800e-06,3.97915132e-01
6.22052800e-06,3.97958616e-01
6.22062800e-06,3.98005381e-01
6.22072800e-06,3.98048941e-01
6.22082800e-06,3.98095781e-01
6.22092800e-06,3.98139417e-01
6.22102800e-06,3.98186333e-01
6.22112800e-06,3.98230044e-01
6.22122800e-06,3.98277035e-01
6.22132800e-06,3.98320821e-01
6.22142800e-06,3.98367887e-01
6.22152800e-06,3.98411749e-01
6.22162800e-06,3.98458889e-01
6.22172800e-06,3.98502826e-01
6.22182800e-06,3.98550041e-01
6.22192800e-06,3.98594053e-01
6.22202800e-06,3.98641342e-01
6.22212800e-06,3.98685429e-01
6.22222800e-06,3.98732793e-01
6.22232800e-06,3.98776954e-01
6.22242800e-06,3.98824392e-01
6.22252800e-06,3.98868627e-01
6.22262800e-06,3.98916140e-01
6.22272800e-06,3.98960449e-01
6.22282800e-06,3.99008035e-01
6.22292800e-06,3.99052419e-01
6.22302800e-06,3.99100079e-01
6.22312800e-06,3.99144537e-01
6.22322800e-06,3.99192270e-01
6.22332800e-06,3.99236802e-01
6.22342800e-06,3.99284609e-01
6.22352800e-06,3.99329214e-01
6.22362800e-06,3.99377094e-01
6.22372800e-06,3.99421773e-01
6.22382800e-06,3.99469726e-01
6.22392800e-06,3.99514478e-01
6.22402800e-06,3.99562504e-01
6.22412800e-06,3.99607330e-01
6.22422800e-06,3.99655428e-01
6.22432800e-06,3.99700327e-01
6.22442800e-06,3.99748498e-01
6.22452800e-06,3.99793469e-01
6.22462800e-06,3.99841713e-01
6.22472800e-06,3.99886757e-01
6.22482800e-06,3.99935073e-01
6.22492800e-06,3.99980190e-01
6.22502800e-06,4.00028578e-01
6.22512800e-06,4.00073766e-01
6.22522800e-06,4.00122226e-01
6.22532800e-06,4.00167487e-01
6.22542800e-06,4.00216019e-01
6.22552800e-06,4.00261352e-01
6.22562800e-06,4.00309955e-01
6.22572800e-06,4.00355360e-01
6.22582800e-06,4.00404035e-01
6.22592800e-06,4.00449511e-01
6.22602800e-06,4.00498257e-01
6.22612800e-06,4.00543805e-01
6.22622800e-06,4.00592622e-01
6.22632800e-06,4.00638242e-01
6.22642800e-06,4.00687130e-01
6.22652800e-06,4.00732820e-01
6.22662800e-06,4.00781779e-01
6.22672800e-06,4.00827540e-01
6.22682800e-06,4.00876569e-01
6.22692800e-06,4.00922401e-01
6.22702800e-06,4.00971501e-01
6.22712800e-06,4.01017404e-01
6.22722800e-06,4.01066574e-01
6.22732800e-06,4.01112547e-01
6.22742800e-06,4.01161787e-01
6.22752800e-06,4.01207830e-01
6.22762800e-06,4.01257140e-01
6.22772800e-06,4.01303253e-01
6.22782800e-06,4.01352633e-01
6.22792800e-06,4.01398816e-01
6.22802800e-06,4.01448265e-01
6.22812800e-06,4.01494518e-01
6.22822800e-06,4.01544036e-01
6.22832800e-06,4.01590359e-01
6.22842800e-06,4.01639946e-01
6.22852800e-06,4.01686338e-01
6.22862800e-06,4.01735994e-01
6.22872800e-06,4.01782455e-01
6.22882800e-06,4.01832180e-01
6.22892800e-06,4.01878710e-01
6.22902800e-06,4.01928504e-01
6.22912800e-06,4.01975102e-01
6.22922800e-06,4.02024964e-01
6.22932800e-06,4.02071632e-01
6.22942800e-06,4.02121562e-01
6.22952800e-06,4.02168298e-01
6.22962800e-06,4.02218296e-01
6.22972800e-06,4.02265100e-01
6.22982800e-06,4.02315166e-01
6.22992800e-06,4.02362038e-01
6.23002800e-06,4.02412172e-01
6.23012800e-06,4.02459112e-01
6.23022800e-06,4.02509313e-01
6.23032800e-06,4.02556320e-01
6.23042800e-06,4.02606588e-01
6.23052800e-06,4.02653663e-01
6.23062800e-06,4.02703999e-01
6.23072800e-06,4.02751141e-01
6.23082800e-06,4.02801543e-01
6.23092800e-06,4.02848753e-01
6.23102800e-06,4.02899221e-01
6.23112800e-06,4.02946498e-01
6.23122800e-06,4.02997033e-01
6.23132800e-06,4.03044376e-01
6.23142800e-06,4.03094977e-01
6.23152800e-06,4.03142387e-01
6.23162800e-06,4.03193055e-01
6.23172800e-06,4.03240530e-01
6.23182800e-06,4.03291264e-01
6.23192800e-06,4.03338806e-01
6.23202800e-06,4.03389605e-01
6.23212800e-06,4.03437213e-01
6.23222800e-06,4.03488077e-01
6.23232800e-06,4.03535751e-01
6.23242800e-06,4.03586681e-01
6.23252800e-06,4.03634420e-01
6.23262800e-06,4.03685415e-01
6.23272800e-06,4.03733219e-01
6.23282800e-06,4.03784279e-01
6.23292800e-06,4.03832148e-01
6.23302800e-06,4.03883273e-01
6.23312800e-06,4.03931207e-01
6.23322800e-06,4.03982396e-01
6.23332800e-06,4.04030395e-01
6.23342800e-06,4.04081649e-01
6.23352800e-06,4.04129712e-01
6.23362800e-06,4.04181029e-01
6.23372800e-06,4.04229157e-01
6.23382800e-06,4.04280539e-01
6.23392800e-06,4.04328730e-01
6.23402800e-06,4.04380175e-01
6.23412800e-06,4.04428431e-01
6.23422800e-06,4.04479939e-01
6.23432800e-06,4.04528259e-01
6.23442800e-06,4.04579830e-01
6.23452800e-06,4.04628213e-01
6.23462800e-06,4.04679848e-01
6.23472800e-06,4.04728294e-01
6.23482800e-06,4.04779991e-01
6.23492800e-06,4.04828500e-01
6.23502800e-06,4.04880261e-01
6.23512800e-06,4.04928833e-01
6.23522800e-06,4.04980655e-01
6.23532800e-06,4.05029290e-01
6.23542800e-06,4.05081175e-01
6.23552800e-06,4.05129871e-01
6.23562800e-06,4.05181818e-01
6.23572800e-06,4.05230577e-01
6.23582800e-06,4.05282586e-01
6.23592800e-06,4.05331407e-01
6.23602800e-06,4.05383477e-01
6.23612800e-06,4.05432360e-01
6.23622800e-06,4.05484492e-01
6.23632800e-06,4.05533436e-01
6.23642800e-06,4.05585629e-01
6.23652800e-06,4.05634634e-01
6.23662800e-06,4.05686888e-01
6.23672800e-06,4.05735955e-01
6.23682800e-06,4.05788269e-01
6.23692800e-06,4.05837397e-01
6.23702800e-06,4.05889772e-01
6.23712800e-06,4.05938960e-01
6.23722800e-06,4.05991396e-01
6.23732800e-06,4.06040644e-01
6.23742800e-06,4.06093140e-01
6.23752800e-06,4.06142449e-01
6.23762800e-06,4.06195004e-01
6.23772800e-06,4.06244373e-01
6.23782800e-06,4.06296988e-01
6.23792800e-06,4.06346417e-01
6.23802800e-06,4.06399091e-01
6.23812800e-06,4.06448580e-01
6.23822800e-06,4.06501313e-01
6.23832800e-06,4.06550861e-01
6.23842800e-06,4.06603653e-01
6.23852800e-06,4.06653260e-01
6.23862800e-06,4.06706111e-01
6.23872800e-06,4.06755777e-01
6.23882800e-06,4.06808687e-01
6.23892800e-06,4.06858412e-01
6.23902800e-06,4.06911380e-01
6.23912800e-06,4.06961163e-01
6.23922800e-06,4.07014189e-01
6.23932800e-06,4.07064030e-01
6.23942800e-06,4.07117114e-01
6.23952800e-06,4.07167014e-01
6.23962800e-06,4.07220155e-01
6.23972800e-06,4.07270113e-01
6.23982800e-06,4.07323311e-01
6.23992800e-06,4.07373326e-01
6.24002800e-06,4.07426583e-01
6.24012800e-06,4.07476655e-01
6.24022800e-06,4.07529968e-01
6.24032800e-06,4.07580097e-01
6.24042800e-06,4.07633467e-01
6.24052800e-06,4.07683653e-01
6.24062800e-06,4.07737080e-01
6.24072800e-06,4.07787323e-01
6.24082800e-06,4.07840805e-01
6.24092800e-06,4.07891105e-01
6.24102800e-06,4.07944643e-01
6.24112800e-06,4.07994999e-01
6.24122800e-06,4.08048594e-01
6.24132800e-06,4.08099005e-01
6.24142800e-06,4.08152655e-01
6.24152800e-06,4.08203123e-01
6.24162800e-06,4.08256828e-01
6.24172800e-06,4.08307351e-01
6.24182800e-06,4.08361112e-01
6.24192800e-06,4.08411690e-01
6.24202800e-06,4.08465506e-01
6.24212800e-06,4.08516139e-01
6.24222800e-06,4.08570009e-01
6.24232800e-06,4.08620697e-01
6.24242800e-06,4.08674622e-01
6.24252800e-06,4.08725365e-01
6.24262800e-06,4.08779343e-01
6.24272800e-06,4.08830141e-01
6.24282800e-06,4.08884173e-01
6.24292800e-06,4.08935025e-01
6.24302800e-06,4.08989111e-01
6.24312800e-06,4.09040017e-01
6.24322800e-06,4.09094157e-01
6.24332800e-06,4.09145116e-01
6.24342800e-06,4.09199309e-01
6.24352800e-06,4.09250321e-01
6.24362800e-06,4.09304567e-01
6.24372800e-06,4.09355633e-01
6.24382800e-06,4.09409932e-01
6.24392800e-06,4.09461051e-01
6.24402800e-06,4.09515402e-01
6.24412800e-06,4.09566574e-01
6.24422800e-06,4.09620978e-01
6.24432800e-06,4.09672202e-01
6.24442800e-06,4.09726658e-01
6.24452800e-06,4.09777934e-01
6.24462800e-06,4.09832442e-01
6.24472800e-06,4.09883770e-01
6.24482800e-06,4.09938329e-01
6.24492800e-06,4.09989709e-01
6.24502800e-06,4.10044320e-01
6.24512800e-06,4.10095752e-01
6.24522800e-06,4.10150414e-01
6.24532800e-06,4.10201897e-01
6.24542800e-06,4.10256610e-01
6.24552800e-06,4.10308144e-01
6.24562800e-06,4.10362907e-01
6.24572800e-06,4.10414492e-01
6.24582800e-06,4.10469306e-01
6.24592800e-06,4.10520941e-01
6.24602800e-06,4.10575806e-01
6.24612800e-06,4.10627491e-01
6.24622800e-06,4.10682405e-01
6.24632800e-06,4.10734141e-01
6.24642800e-06,4.10789105e-01
6.24652800e-06,4.10840891e-01
6.24662800e-06,4.10895904e-01
6.24672800e-06,4.10947739e-01
6.24682800e-06,4.11002802e-01
6.24692800e-06,4.11054687e-01
6.24702800e-06,4.11109798e-01
6.24712800e-06,4.11161732e-01
6.24722800e-06,4.11216893e-01
6.24732800e-06,4.11268875e-01
6.24742800e-06,4.11324084e-01
6.24752800e-06,4.11376116e-01
6.24762800e-06,4.11431373e-01
6.24772800e-06,4.11483453e-01
6.24782800e-06,4.11538758e-01
6.24792800e-06,4.11590886e-01
6.24802800e-06,4.11646238e-01
6.24812800e-06,4.11698415e-01
6.24822800e-06,4.11753815e-01
6.24832800e-06,4.11806039e-01
6.24842800e-06,4.11861486e-01
6.24852800e-06,4.11913757e-01
6.24862800e-06,4.11969252e-01
6.24872800e-06,4.12021570e-01
6.24882800e-06,4.12077112e-01
6.24892800e-06,4.12129477e-01
6.24902800e-06,4.12185065e-01
6.24912800e-06,4.12237477e-01
6.24922800e-06,4.12293112e-01
6.24932800e-06,4.12345570e-01
6.24942800e-06,4.12401251e-01
6.24952800e-06,4.12453755e-01
6.24962800e-06,4.12509482e-01
6.24972800e-06,4.12562032e-01
6.24982800e-06,4.12617804e-01
6.24992800e-06,4.12670400e-01
6.25002800e-06,4.12726218e-01
6.25012800e-06,4.12778860e-01
6.25022800e-06,4.12834722e-01
6.25032800e-06,4.12887409e-01
6.25042800e-06,4.12943316e-01
6.25052800e-06,4.12996048e-01
6.25062800e-06,4.13052000e-01
6.25072800e-06,4.13104777e-01
6.25082800e-06,4.13160773e-01
6.25092800e-06,4.13213594e-01
6.25102800e-06,4.13269634e-01
6.25112800e-06,4.13322500e-01
6.25122800e-06,4.13378584e-01
6.25132800e-06,4.13431493e-01
6.25142800e-06,4.13487621e-01
6.25152800e-06,4.13540574e-01
6.25162800e-06,4.13596745e-01
6.25172800e-06,4.13649742e-01
6.25182800e-06,4.13705956e-01
6.25192800e-06,4.13758996e-01
6.25202800e-06,4.13815253e-01
6.25212800e-06,4.13868336e-01
6.25222800e-06,4.13924635e-01
6.25232800e-06,4.13977761e-01
6.25242800e-06,4.14034103e-01
6.25252800e-06,4.14087272e-01
6.25262800e-06,4.14143656e-01
6.25272800e-06,4.14196866e-01
6.25282800e-06,4.14253292e-01
6.25292800e-06,4.14306545e-01
6.25302800e-06,4.14363012e-01
6.25312800e-06,4.14416307e-01
6.25322800e-06,4.14472815e-01
6.25332800e-06,4.14526151e-01
6.25342800e-06,4.14582701e-01
6.25352800e-06,4.14636079e-01
6.25362800e-06,4.14692669e-01
6.25372800e-06,4.14746088e-01
6.25382800e-06,4.14802719e-01
6.25392800e-06,4.14856178e-01
6.25402800e-06,4.14912850e-01
6.25412800e-06,4.14966349e-01
6.25422800e-06,4.15023061e-01
6.25432800e-06,4.15076601e-01
6.25442800e-06,4.15133353e-01
6.25452800e-06,4.15186933e-01
6.25462800e-06,4.15243724e-01
6.25472800e-06,4.15297344e-01
6.25482800e-06,4.15354174e-01
6.25492800e-06,4.15407834e-01
6.25502800e-06,4.15464703e-01
6.25512800e-06,4.15518402e-01
6.25522800e-06,4.15575311e-01
6.25532800e-06,4.15629048e-01
6.25542800e-06,4.15685995e-01
6.25552800e-06,4.15739772e-01
6.25562800e-06,4.15796757e-01
6.25572800e-06,4.15850572e-01
6.25582800e-06,4.15907596e-01
6.25592800e-06,4.15961449e-01
6.25602800e-06,4.16018511e-01
6.25612800e-06,4.16072402e-01
6.25622800e-06,4.16129501e-01
6.25632800e-06,4.16183430e-01
6.25642800e-06,4.16240567e-01
6.25652800e-06,4.16294533e-01
6.25662800e-06,4.16351707e-01
6.25672800e-06,4.16405710e-01
6.25682800e-06,4.16462921e-01
6.25692800e-06,4.16516962e-01
6.25702800e-06,4.16574209e-01
6.25712800e-06,4.16628286e-01
6.25722800e-06,4.16685570e-01
6.25732800e-06,4.16739684e-01
6.25742800e-06,4.16797004e-01
6.25752800e-06,4.16851154e-01
6.25762800e-06,4.16908510e-01
6.25772800e-06,4.16962696e-01
6.25782800e-06,4.17020087e-01
6.25792800e-06,4.17074309e-01
6.25802800e-06,4.17131736e-01
6.25812800e-06,4.17185993e-01
6.25822800e-06,4.17243455e-01
6.25832800e-06,4.17297748e-01
6.25842800e-06,4.17355244e-01
6.25852800e-06,4.17409572e-01
6.25862800e-06,4.17467103e-01
6.25872800e-06,4.17521466e-01
6.25882800e-06,4.17579032e-01
6.25892800e-06,4.17633429e-01
6.25902800e-06,4.17691028e-01
6.25912800e-06,4.17745460e-01
6.25922800e-06,4.17803093e-01
6.25932800e-06,4.17857559e-01
6.25942800e-06,4.17915226e-01
6.25952800e-06,4.17969725e-01
6.25962800e-06,4.18027426e-01
6.25972800e-06,4.18081958e-01
6.25982800e-06,4.18139692e-01
6.25992800e-06,4.18194258e-01
6.26002800e-06,4.18252025e-01
6.26012800e-06,4.18306624e-01
6.26022800e-06,4.18364423e-01
6.26032800e-06,4.18419055e-01
6.26042800e-06,4.18476886e-01
6.26052800e-06,4.18531551e-01
6.26062800e-06,4.18589414e-01
6.26072800e-06,4.18644111e-01
6.26082800e-06,4.18702006e-01
6.26092800e-06,4.18756735e-01
6.26102800e-06,4.18814662e-01
6.26112800e-06,4.18869423e-01
6.26122800e-06,4.18927381e-01
6.26132800e-06,4.18982173e-01
6.26142800e-06,4.19040163e-01
6.26152800e-06,4.19094986e-01
6.26162800e-06,4.19153007e-01
6.26172800e-06,4.19207861e-01
6.26182800e-06,4.19265912e-01
6.26192800e-06,4.19320797e-01
6.26202800e-06,4.19378879e-01
6.26212800e-06,4.19433794e-01
6.26222800e-06,4.19491906e-01
6.26232800e-06,4.19546852e-01
6.26242800e-06,4.19604994e-01
6.26252800e-06,4.19659969e-01
6.26262800e-06,4.19718141e-01
6.26272800e-06,4.19773146e-01
6.26282800e-06,4.19831347e-01
6.26292800e-06,4.19886382e-01
6.26302800e-06,4.19944613e-01
6.26312800e-06,4.19999677e-01
6.26322800e-06,4.20057936e-01
6.26332800e-06,4.20113029e-01
6.26342800e-06,4.20171317e-01
6.26352800e-06,4.20226439e-01
6.26362800e-06,4.20284755e-01
6.26372800e-06,4.20339906e-01
6.26382800e-06,4.20398250e-01
6.26392800e-06,4.20453429e-01
6.26402800e-06,4.20511802e-01
6.26412800e-06,4.20567009e-01
6.26422800e-06,4.20625409e-01
6.26432800e-06,4.20680644e-01
6.26442800e-06,4.20739071e-01
6.26452800e-06,4.20794333e-01
6.26462800e-06,4.20852788e-01
6.26472800e-06,4.20908078e-01
6.26482800e-06,4.20966559e-01
6.26492800e-06,4.21021876e-01
6.26502800e-06,4.21080384e-01
6.26512800e-06,4.21135728e-01
6.26522800e-06,4.21194263e-01
6.26532800e-06,4.21249633e-01
6.26542800e-06,4.21308194e-01
6.26552800e-06,4.21363591e-01
6.26562800e-06,4.21422178e-01
6.26572800e-06,4.21477600e-01
6.26582800e-06,4.21536213e-01
6.26592800e-06,4.21591662e-01
6.26602800e-06,4.21650300e-01
6.26612800e-06,4.21705774e-01
6.26622800e-06,4.21764438e-01
6.26632800e-06,4.21819937e-01
6.26642800e-06,4.21878626e-01
6.26652800e-06,4.21934151e-01
6.26662800e-06,4.21992864e-01
6.26672800e-06,4.22048413e-01
6.26682800e-06,4.22107151e-01
6.26692800e-06,4.22162725e-01
6.26702800e-06,4.22221487e-01
6.26712800e-06,4.22277086e-01
6.26722800e-06,4.22335872e-01
6.26732800e-06,4.22391495e-01
6.26742800e-06,4.22450305e-01
6.26752800e-06,4.22505952e-01
6.26762800e-06,4.22564785e-01
6.26772800e-06,4.22620456e-01
6.26782800e-06,4.22679313e-01
6.26792800e-06,4.22735007e-01
6.26802800e-06,4.22793887e-01
6.26812800e-06,4.22849604e-01
6.26822800e-06,4.22908507e-01
6.26832800e-06,4.22964247e-01
6.26842800e-06,4.23023172e-01
6.26852800e-06,4.23078935e-01
6.26862800e-06,4.23137883e-01
6.26872800e-06,4.23193668e-01
6.26882800e-06,4.23252638e-01
6.26892800e-06,4.23308446e-01
6.26902800e-06,4.23367438e-01
6.26912800e-06,4.23423267e-01
6.26922800e-06,4.23482281e-01
6.26932800e-06,4.23538132e-01
6.26942800e-06,4.23597167e-01
6.26952800e-06,4.23653040e-01
6.26962800e-06,4.23712096e-01
6.26972800e-06,4.23767991e-01
6.26982800e-06,4.23827068e-01
6.26992800e-06,4.23882983e-01
6.27002800e-06,4.23942081e-01
6.27012800e-06,4.23998018e-01
6.27022800e-06,4.24057136e-01
6.27032800e-06,4.24113093e-01
6.27042800e-06,4.24172231e-01
6.27052800e-06,4.24228209e-01
6.27062800e-06,4.24287367e-01
6.27072800e-06,4.24343365e-01
6.27082800e-06,4.24402543e-01
6.27092800e-06,4.24458561e-01
6.27102800e-06,4.24517758e-01
6.27112800e-06,4.24573796e-01
6.27122800e-06,4.24633013e-01
6.27132800e-06,4.24689069e-01
6.27142800e-06,4.24748305e-01
6.27152800e-06,4.24804382e-01
6.27162800e-06,4.24863636e-01
6.27172800e-06,4.24919731e-01
6.27182800e-06,4.24979005e-01
6.27192800e-06,4.25035119e-01
6.27202800e-06,4.25094411e-01
6.27212800e-06,4.25150543e-01
6.27222800e-06,4.25209853e-01
6.27232800e-06,4.25266004e-01
6.27242800e-06,4.25325332e-01
6.27252800e-06,4.25381501e-01
6.27262800e-06,4.25440847e-01
6.27272800e-06,4.25497033e-01
6.27282800e-06,4.25556397e-01
6.27292800e-06,4.25612601e-01
6.27302800e-06,4.25671981e-01
6.27312800e-06,4.25728203e-01
6.27322800e-06,4.25787601e-01
6.27332800e-06,4.25843839e-01
6.27342800e-06,4.25903254e-01
6.27352800e-06,4.25959510e-01
6.27362800e-06,4.26018941e-01
6.27372800e-06,4.26075213e-01
6.27382800e-06,4.26134661e-01
6.27392800e-06,4.26190949e-01
6.27402800e-06,4.26250413e-01
6.27412800e-06,4.26306718e-01
6.27422800e-06,4.26366198e-01
6.27432800e-06,4.26422519e-01
6.27442800e-06,4.26482014e-01
6.27452800e-06,4.26538351e-01
6.27462800e-06,4.26597862e-01
6.27472800e-06,4.26654215e-01
6.27482800e-06,4.26713740e-01
6.27492800e-06,4.26770108e-01
6.27502800e-06,4.26829649e-01
6.27512800e-06,4.26886033e-01
6.27522800e-06,4.26945588e-01
6.27532800e-06,4.27001986e-01
6.27542800e-06,4.27061557e-01
6.27552800e-06,4.27117970e-01
6.27562800e-06,4.27177554e-01
6.27572800e-06,4.27233982e-01
6.27582800e-06,4.27293581e-01
6.27592800e-06,4.27350022e-01
6.27602800e-06,4.27409635e-01
6.27612800e-06,4.27466091e-01
6.27622800e-06,4.27525717e-01
6.27632800e-06,4.27582187e-01
6.27642800e-06,4.27641827e-01
6.27652800e-06,4.27698310e-01
6.27662800e-06,4.27757963e-01
6.27672800e-06,4.27814460e-01
6.27682800e-06,4.27874126e-01
6.27692800e-06,4.27930636e-01
6.27702800e-06,4.27990316e-01
6.27712800e-06,4.28046838e-01
6.27722800e-06,4.28106530e-01
6.27732800e-06,4.28163066e-01
6.27742800e-06,4.28222770e-01
6.27752800e-06,4.28279318e-01
6.27762800e-06,4.28339035e-01
6.27772800e-06,4.28395595e-01
6.27782800e-06,4.28455324e-01
6.27792800e-06,4.28511897e-01
6.27802800e-06,4.28571637e-01
6.27812800e-06,4.28628222e-01
6.27822800e-06,4.28687973e-01
6.27832800e-06,4.28744570e-01
6.27842800e-06,4.28804333e-01
6.27852800e-06,4.28860941e-01
6.27862800e-06,4.28920715e-01
6.27872800e-06,4.28977335e-01
6.27882800e-06,4.29037120e-01
6.27892800e-06,4.29093750e-01
6.27902800e-06,4.29153546e-01
6.27912800e-06,4.29210187e-01
6.27922800e-06,4.29269994e-01
6.27932800e-06,4.29326646e-01
6.27942800e-06,4.29386463e-01
6.27952800e-06,4.29443125e-01
6.27962800e-06,4.29502952e-01
6.27972800e-06,4.29559625e-01
6.27982800e-06,4.29619462e-01
6.27992800e-06,4.29676145e-01
6.28002800e-06,4.29735992e-01
6.28012800e-06,4.29792684e-01
6.28022800e-06,4.29852540e-01
6.28032800e-06,4.29909242e-01
6.28042800e-06,4.29969108e-01
6.28052800e-06,4.30025820e-01
6.28062800e-06,4.30085695e-01
6.28072800e-06,4.30142415e-01
6.28082800e-06,4.30202299e-01
6.28092800e-06,4.30259029e-01
6.28102800e-06,4.30318922e-01
6.28112800e-06,4.30375660e-01
6.28122800e-06,4.30435561e-01
6.28132800e-06,4.30492309e-01
6.28142800e-06,4.30552218e-01
6.28152800e-06,4.30608974e-01
6.28162800e-06,4.30668891e-01
6.28172800e-06,4.30725655e-01
6.28182800e-06,4.30785581e-01
6.28192800e-06,4.30842353e-01
6.28202800e-06,4.30902286e-01
6.28212800e-06,4.30959066e-01
6.28222800e-06,4.31019007e-01
6.28232800e-06,4.31075795e-01
6.28242800e-06,4.31135743e-01
6.28252800e-06,4.31192538e-01
6.28262800e-06,4.31252493e-01
6.28272800e-06,4.31309296e-01
6.28282800e-06,4.31369258e-01
6.28292800e-06,4.31426067e-01
6.28302800e-06,4.31486036e-01
6.28312800e-06,4.31542853e-01
6.28322800e-06,4.31602828e-01
6.28332800e-06,4.31659652e-01
6.28342800e-06,4.31719634e-01
6.28352800e-06,4.31776463e-01
6.28362800e-06,4.31836451e-01
6.28372800e-06,4.31893288e-01
6.28382800e-06,4.31953282e-01
6.28392800e-06,4.32010124e-01
6.28402800e-06,4.32070124e-01
6.28412800e-06,4.32126972e-01
6.28422800e-06,4.32186978e-01
6.28432800e-06,4.32243832e-01
6.28442800e-06,4.32303843e-01
6.28452800e-06,4.32360702e-01
6.28462800e-06,4.32420719e-01
6.28472800e-06,4.32477584e-01
6.28482800e-06,4.32537605e-01
6.28492800e-06,4.32594475e-01
6.28502800e-06,4.32654502e-01
6.28512800e-06,4.32711377e-01
6.28522800e-06,4.32771408e-01
6.28532800e-06,4.32828288e-01
6.28542800e-06,4.32888324e-01
6.28552800e-06,4.32945208e-01
6.28562800e-06,4.33005248e-01
6.28572800e-06,4.33062138e-01
6.28582800e-06,4.33122182e-01
6.28592800e-06,4.33179076e-01
6.28602800e-06,4.33239124e-01
6.28612800e-06,4.33296022e-01
6.28622800e-06,4.33356073e-01
6.28632800e-06,4.33412975e-01
6.28642800e-06,4.33473031e-01
6.28652800e-06,4.33529936e-01
6.28662800e-06,4.33589996e-01
6.28672800e-06,4.33646905e-01
6.28682800e-06,4.33706967e-01
6.28692800e-06,4.33763880e-01
6.28702800e-06,4.33823945e-01
6.28712800e-06,4.33880861e-01
6.28722800e-06,4.33940930e-01
6.28732800e-06,4.33997849e-01
6.28742800e-06,4.34057920e-01
6.28752800e-06,4.34114842e-01
6.28762800e-06,4.34174916e-01
6.28772800e-06,4.34231840e-01
6.28782800e-06,4.34291917e-01
6.28792800e-06,4.34348844e-01
6.28802800e-06,4.34408923e-01
6.28812800e-06,4.34465852e-01
6.28822800e-06,4.34525933e-01
6.28832800e-06,4.34582865e-01
6.28842800e-06,4.34642947e-01
6.28852800e-06,4.34699881e-01
6.28862800e-06,4.34759966e-01
6.28872800e-06,4.34816902e-01
6.28882800e-06,4.34876988e-01
6.28892800e-06,4.34933925e-01
6.28902800e-06,4.34994013e-01
6.28912800e-06,4.35050952e-01
6.28922800e-06,4.35111041e-01
6.28932800e-06,4.35167982e-01
6.28942800e-06,4.35228072e-01
6.28952800e-06,4.35285013e-01
6.28962800e-06,4.35345104e-01
6.28972800e-06,4.35402047e-01
6.28982800e-06,4.35462139e-01
6.28992800e-06,4.35519083e-01
6.29002800e-06,4.35579175e-01
6.29012800e-06,4.35636120e-01
6.29022800e-06,4.35696213e-01
6.29032800e-06,4.35753158e-01
6.29042800e-06,4.35813251e-01
6.29052800e-06,4.35870197e-01
6.29062800e-06,4.35930290e-01
6.29072800e-06,4.35987236e-01
6.29082800e-06,4.36047330e-01
6.29092800e-06,4.36104276e-01
6.29102800e-06,4.36164369e-01
6.29112800e-06,4.36221315e-01
6.29122800e-06,4.36281408e-01
6.29132800e-06,4.36338354e-01
6.29142800e-06,4.36398447e-01
6.29152800e-06,4.36455392e-01
6.29162800e-06,4.36515484e-01
6.29172800e-06,4.36572430e-01
6.29182800e-06,4.36632521e-01
6.29192800e-06,4.36689465e-01
6.29202800e-06,4.36749556e-01
6.29212800e-06,4.36806500e-01
6.29222800e-06,4.36866589e-01
6.29232800e-06,4.36923532e-01
6.29242800e-06,4.36983620e-01
6.29252800e-06,4.37040562e-01
6.29262800e-06,4.37100648e-01
6.29272800e-06,4.37157589e-01
6.29282800e-06,4.37217674e-01
6.29292800e-06,4.37274614e-01
6.29302800e-06,4.37334697e-01
6.29312800e-06,4.37391635e-01
6.29322800e-06,4.37451717e-01
6.29332800e-06,4.37508653e-01
6.29342800e-06,4.37568733e-01
6.29352800e-06,4.37625667e-01
6.29362800e-06,4.37685745e-01
6.29372800e-06,4.37742678e-01
6.29382800e-06,4.37802753e-01
6.29392800e-06,4.37859684e-01
6.29402800e-06,4.37919757e-01
6.29412800e-06,4.37976685e-01
6.29422800e-06,4.38036756e-01
6.29432800e-06,4.38093682e-01
6.29442800e-06,4.38153750e-01
6.29452800e-06,4.38210674e-01
6.29462800e-06,4.38270739e-01
6.29472800e-06,4.38327660e-01
6.29482800e-06,4.38387722e-01
6.29492800e-06,4.38444641e-01
6.29502800e-06,4.38504700e-01
6.29512800e-06,4.38561616e-01
6.29522800e-06,4.38621672e-01
6.29532800e-06,4.38678584e-01
6.29542800e-06,4.38738637e-01
6.29552800e-06,4.38795546e-01
6.29562800e-06,4.38855596e-01
6.29572800e-06,4.38912502e-01
6.29582800e-06,4.38972548e-01
6.29592800e-06,4.39029450e-01
6.29602800e-06,4.39089493e-01
6.29612800e-06,4.39146392e-01
6.29622800e-06,4.39206430e-01
6.29632800e-06,4.39263326e-01
6.29642800e-06,4.39323360e-01
6.29652800e-06,4.39380252e-01
6.29662800e-06,4.39440282e-01
6.29672800e-06,4.39497170e-01
6.29682800e-06,4.39557196e-01
6.29692800e-06,4.39614080e-01
6.29702800e-06,4.39674102e-01
6.29712800e-06,4.39730981e-01
6.29722800e-06,4.39790999e-01
6.29732800e-06,4.39847874e-01
6.29742800e-06,4.39907887e-01
6.29752800e-06,4.39964758e-01
6.29762800e-06,4.40024766e-01
6.29772800e-06,4.40081633e-01
6.29782800e-06,4.40141636e-01
6.29792800e-06,4.40198498e-01
6.29802800e-06,4.40258497e-01
6.29812800e-06,4.40315353e-01
6.29822800e-06,4.40375347e-01
6.29832800e-06,4.40432199e-01
6.29842800e-06,4.40492188e-01
6.29852800e-06,4.40549035e-01
6.29862800e-06,4.40609018e-01
6.29872800e-06,4.40665860e-01
6.29882800e-06,4.40725838e-01
6.29892800e-06,4.40782674e-01
6.29902800e-06,4.40842647e-01
6.29912800e-06,4.40899478e-01
6.29922800e-06,4.40959445e-01
6.29932800e-06,4.41016271e-01
6.29942800e-06,4.41076232e-01
6.29952800e-06,4.41133052e-01
6.29962800e-06,4.41193007e-01
6.29972800e-06,4.41249822e-01
6.29982800e-06,4.41309771e-01
6.29992800e-06,4.41366580e-01
6.30002800e-06,4.41426523e-01
6.30012800e-06,4.41483326e-01
6.30022800e-06,4.41543263e-01
6.30032800e-06,4.41600060e-01
6.30042800e-06,4.41659991e-01
6.30052800e-06,4.41716782e-01
6.30062800e-06,4.41776707e-01
6.30072800e-06,4.41833491e-01
6.30082800e-06,4.41893409e-01
6.30092800e-06,4.41950188e-01
6.30102800e-06,4.42010099e-01
6.30112800e-06,4.42066871e-01
6.30122800e-06,4.42126776e-01
6.30132800e-06,4.42183541e-01
6.30142800e-06,4.42243439e-01
6.30152800e-06,4.42300198e-01
6.30162800e-06,4.42360089e-01
6.30172800e-06,4.42416841e-01
6.30182800e-06,4.42476726e-01
6.30192800e-06,4.42533471e-01
6.30202800e-06,4.42593348e-01
6.30212800e-06,4.42650086e-01
6.30222800e-06,4.42709956e-01
6.30232800e-06,4.42766688e-01
6.30242800e-06,4.42826550e-01
6.30252800e-06,4.42883275e-01
6.30262800e-06,4.42943130e-01
6.30272800e-06,4.42999847e-01
6.30282800e-06,4.43059695e-01
6.30292800e-06,4.43116405e-01
6.30302800e-06,4.43176245e-01
6.30312800e-06,4.43232948e-01
6.30322800e-06,4.43292780e-01
6.30332800e-06,4.43349475e-01
6.30342800e-06,4.43409300e-01
6.30352800e-06,4.43465988e-01
6.30362800e-06,4.43525805e-01
6.30372800e-06,4.43582485e-01
6.30382800e-06,4.43642294e-01
6.30392800e-06,4.43698966e-01
6.30402800e-06,4.43758767e-01
6.30412800e-06,4.43815431e-01
6.30422800e-06,4.43875224e-01
6.30432800e-06,4.43931881e-01
6.30442800e-06,4.43991666e-01
6.30452800e-06,4.44048314e-01
6.30462800e-06,4.44108091e-01
6.30472800e-06,4.44164731e-01
6.30482800e-06,4.44224499e-01
6.30492800e-06,4.44281131e-01
6.30502800e-06,4.44340891e-01
6.30512800e-06,4.44397515e-01
6.30522800e-06,4.44457267e-01
6.30532800e-06,4.44513882e-01
6.30542800e-06,4.44573625e-01
6.30552800e-06,4.44630232e-01
6.30562800e-06,4.44689967e-01
6.30572800e-06,4.44746565e-01
6.30582800e-06,4.44806291e-01
6.30592800e-06,4.44862881e-01
6.30602800e-06,4.44922597e-01
6.30612800e-06,4.44979179e-01
6.30622800e-06,4.45038887e-01
6.30632800e-06,4.45095459e-01
6.30642800e-06,4.45155158e-01
6.30652800e-06,4.45211722e-01
6.30662800e-06,4.45271412e-01
6.30672800e-06,4.45327967e-01
6.30682800e-06,4.45387648e-01
6.30692800e-06,4.45444194e-01
6.30702800e-06,4.45503865e-01
6.30712800e-06,4.45560402e-01
6.30722800e-06,4.45620065e-01
6.30732800e-06,4.45676592e-01
6.30742800e-06,4.45736246e-01
6.30752800e-06,4.45792764e-01
6.30762800e-06,4.45852408e-01
6.30772800e-06,4.45908917e-01
6.30782800e-06,4.45968552e-01
6.30792800e-06,4.46025052e-01
6.30802800e-06,4.46084677e-01
6.30812800e-06,4.46141167e-01
6.30822800e-06,4.46200782e-01
6.30832800e-06,4.46257264e-01
6.30842800e-06,4.46316869e-01
6.30852800e-06,4.46373341e-01
6.30862800e-06,4.46432937e-01
6.30872800e-06,4.46489399e-01
6.30882800e-06,4.46548985e-01
6.30892800e-06,4.46605438e-01
6.30902800e-06,4.46665014e-01
6.30912800e-06,4.46721457e-01
6.30922800e-06,4.46781023e-01
6.30932800e-06,4.46837457e-01
6.30942800e-06,4.46897013e-01
6.30952800e-06,4.46953436e-01
6.30962800e-06,4.47012983e-01
6.30972800e-06,4.47069396e-01
6.30982800e-06,4.47128932e-01
6.30992800e-06,4.47185336e-01
6.31002800e-06,4.47244862e-01
6.31012800e-06,4.47301256e-01
6.31022800e-06,4.47360772e-01
6.31032800e-06,4.47417155e-01
6.31042800e-06,4.47476661e-01
6.31052800e-06,4.47533035e-01
6.31062800e-06,4.47592530e-01
6.31072800e-06,4.47648893e-01
6.31082800e-06,4.47708378e-01
6.31092800e-06,4.47764731e-01
6.31102800e-06,4.47824206e-01
6.31112800e-06,4.47880549e-01
6.31122800e-06,4.47940013e-01
6.31132800e-06,4.47996346e-01
6.31142800e-06,4.48055799e-01
6.31152800e-06,4.48112121e-01
6.31162800e-06,4.48171564e-01
6.31172800e-06,4.48227876e-01
6.31182800e-06,4.48287308e-01
6.31192800e-06,4.48343610e-01
6.31202800e-06,4.48403032e-01
6.31212800e-06,4.48459323e-01
6.31222800e-06,4.48518733e-01
6.31232800e-06,4.48575014e-01
6.31242800e-06,4.48634414e-01
6.31252800e-06,4.48690684e-01
6.31262800e-06,4.48750073e-01
6.31272800e-06,4.48806332e-01
6.31282800e-06,4.48865711e-01
6.31292800e-06,4.48921959e-01
6.31302800e-06,4.48981327e-01
6.31312800e-06,4.49037565e-01
6.31322800e-06,4.49096921e-01
6.31332800e-06,4.49153149e-01
6.31342800e-06,4.49212494e-01
6.31352800e-06,4.49268710e-01
6.31362800e-06,4.49328045e-01
6.31372800e-06,4.49384251e-01
6.31382800e-06,4.49443574e-01
6.31392800e-06,4.49499769e-01
6.31402800e-06,4.49559081e-01
6.31412800e-06,4.49615265e-01
6.31422800e-06,4.49674566e-01
6.31432800e-06,4.49730739e-01
6.31442800e-06,4.49790029e-01
6.31452800e-06,4.49846190e-01
6.31462800e-06,4.49905469e-01
6.31472800e-06,4.49961620e-01
6.31482800e-06,4.50020888e-01
6.31492800e-06,4.50077027e-01
6.31502800e-06,4.50136284e-01
6.31512800e-06,4.50192412e-01
6.31522800e-06,4.50251657e-01
6.31532800e-06,4.50307774e-01
6.31542800e-06,4.50367008e-01
6.31552800e-06,4.50423114e-01
6.31562800e-06,4.50482337e-01
6.31572800e-06,4.50538432e-01
6.31582800e-06,4.50597643e-01
6.31592800e-06,4.50653726e-01
6.31602800e-06,4.50712926e-01
6.31612800e-06,4.50768998e-01
6.31622800e-06,4.50828186e-01
6.31632800e-06,4.50884247e-01
6.31642800e-06,4.50943424e-01
6.31652800e-06,4.50999474e-01
6.31662800e-06,4.51058639e-01
6.31672800e-06,4.51114677e-01
6.31682800e-06,4.51173831e-01
6.31692800e-06,4.51229858e-01
6.31702800e-06,4.51289000e-01
6.31712800e-06,4.51345015e-01
6.31722800e-06,4.51404145e-01
6.31732800e-06,4.51460150e-01
6.31742800e-06,4.51519268e-01
6.31752800e-06,4.51575261e-01
6.31762800e-06,4.51634368e-01
6.31772800e-06,4.51690349e-01
6.31782800e-06,4.51749445e-01
6.31792800e-06,4.51805414e-01
6.31802800e-06,4.51864498e-01
6.31812800e-06,4.51920456e-01
6.31822800e-06,4.51979528e-01
6.31832800e-06,4.52035475e-01
6.31842800e-06,4.52094535e-01
6.31852800e-06,4.52150470e-01
6.31862800e-06,4.52209519e-01
6.31872800e-06,4.52265442e-01
6.31882800e-06,4.52324479e-01
6.31892800e-06,4.52380391e-01
6.31902800e-06,4.52439416e-01
6.31912800e-06,4.52495316e-01
6.31922800e-06,4.52554329e-01
6.31932800e-06,4.52610218e-01
6.31942800e-06,4.52669219e-01
6.31952800e-06,4.52725096e-01
6.31962800e-06,4.52784085e-01
6.31972800e-06,4.52839950e-01
6.31982800e-06,4.52898928e-01
6.31992800e-06,4.52954782e-01
6.32002800e-06,4.53013747e-01
6.32012800e-06,4.53069589e-01
6.32022800e-06,4.53128543e-01
6.32032800e-06,4.53184373e-01
6.32042800e-06,4.53243315e-01
6.32052800e-06,4.53299133e-01
6.32062800e-06,4.53358063e-01
6.32072800e-06,4.53413870e-01
6.32082800e-06,4.53472788e-01
6.32092800e-06,4.53528583e-01
6.32102800e-06,4.53587489e-01
6.32112800e-06,4.53643272e-01
6.32122800e-06,4.53702166e-01
6.32132800e-06,4.53757938e-01
6.32142800e-06,4.53816820e-01
6.32152800e-06,4.53872579e-01
6.32162800e-06,4.53931450e-01
6.32172800e-06,4.53987197e-01
6.32182800e-06,4.54046056e-01
6.32192800e-06,4.54101792e-01
6.32202800e-06,4.54160638e-01
6.32212800e-06,4.54216362e-01
6.32222800e-06,4.54275196e-01
6.32232800e-06,4.54330909e-01
6.32242800e-06,4.54389731e-01
6.32252800e-06,4.54445432e-01
6.32262800e-06,4.54504242e-01
6.32272800e-06,4.54559931e-01
6.32282800e-06,4.54618729e-01
6.32292800e-06,4.54674406e-01
6.32302800e-06,4.54733192e-01
6.32312800e-06,4.54788857e-01
6.32322800e-06,4.54847631e-01
6.32332800e-06,4.54903285e-01
6.32342800e-06,4.54962047e-01
6.32352800e-06,4.55017688e-01
6.32362800e-06,4.55076439e-01
6.32372800e-06,4.55132068e-01
6.32382800e-06,4.55190806e-01
6.32392800e-06,4.55246424e-01
6.32402800e-06,4.55305150e-01
6.32412800e-06,4.55360756e-01
6.32422800e-06,4.55419470e-01
6.32432800e-06,4.55475064e-01
6.32442800e-06,4.55533766e-01
6.32452800e-06,4.55589349e-01
6.32462800e-06,4.55648039e-01
6.32472800e-06,4.55703609e-01
6.32482800e-06,4.55762287e-01
6.32492800e-06,4.55817846e-01
6.32502800e-06,4.55876512e-01
6.32512800e-06,4.55932059e-01
6.32522800e-06,4.55990713e-01
6.32532800e-06,4.56046248e-01
6.32542800e-06,4.56104890e-01
6.32552800e-06,4.56160413e-01
6.32562800e-06,4.56219043e-01
6.32572800e-06,4.56274554e-01
6.32582800e-06,4.56333172e-01
6.32592800e-06,4.56388671e-01
6.32602800e-06,4.56447278e-01
6.32612800e-06,4.56502765e-01
6.32622800e-06,4.56561359e-01
6.32632800e-06,4.56616835e-01
6.32642800e-06,4.56675417e-01
6.32652800e-06,4.56730881e-01
6.32662800e-06,4.56789451e-01
6.32672800e-06,4.56844903e-01
6.32682800e-06,4.56903461e-01
6.32692800e-06,4.56958902e-01
6.32702800e-06,4.57017448e-01
6.32712800e-06,4.57072877e-01
6.32722800e-06,4.57131411e-01
6.32732800e-06,4.57186828e-01
6.32742800e-06,4.57245350e-01
6.32752800e-06,4.57300755e-01
6.32762800e-06,4.57359266e-01
6.32772800e-06,4.57414659e-01
6.32782800e-06,4.57473157e-01
6.32792800e-06,4.57528539e-01
6.32802800e-06,4.57587026e-01
6.32812800e-06,4.57642395e-01
6.32822800e-06,4.57700870e-01
6.32832800e-06,4.57756228e-01
6.32842800e-06,4.57814691e-01
6.32852800e-06,4.57870038e-01
6.32862800e-06,4.57928488e-01
6.32872800e-06,4.57983823e-01
6.32882800e-06,4.58042262e-01
6.32892800e-06,4.58097585e-01
6.32902800e-06,4.58156013e-01
6.32912800e-06,4.58211324e-01
6.32922800e-06,4.58269739e-01
6.32932800e-06,4.58325039e-01
6.32942800e-06,4.58383443e-01
6.32952800e-06,4.58438731e-01
6.32962800e-06,4.58497122e-01
6.32972800e-06,4.58552399e-01
6.32982800e-06,4.58610779e-01
6.32992800e-06,4.58666044e-01
6.33002800e-06,4.58724412e-01
6.33012800e-06,4.58779665e-01
6.33022800e-06,4.58838022e-01
6.33032800e-06,4.58893263e-01
6.33042800e-06,4.58951608e-01
6.33052800e-06,4.59006838e-01
6.33062800e-06,4.59065171e-01
6.33072800e-06,4.59120390e-01
6.33082800e-06,4.59178711e-01
6.33092800e-06,4.59233918e-01
6.33102800e-06,4.59292228e-01
6.33112800e-06,4.59347423e-01
6.33122800e-06,4.59405721e-01
6.33132800e-06,4.59460905e-01
6.33142800e-06,4.59519192e-01
6.33152800e-06,4.59574364e-01
6.33162800e-06,4.59632639e-01
6.33172800e-06,4.59687800e-01
6.33182800e-06,4.59746063e-01
6.33192800e-06,4.59801213e-01
6.33202800e-06,4.59859464e-01
6.33212800e-06,4.59914603e-01
6.33222800e-06,4.59972842e-01
6.33232800e-06,4.60027969e-01
6.33242800e-06,4.60086198e-01
6.33252800e-06,4.60141313e-01
6.33262800e-06,4.60199530e-01
6.33272800e-06,4.60254634e-01
6.33282800e-06,4.60312840e-01
6.33292800e-06,4.60367932e-01
6.33302800e-06,4.60426126e-01
6.33312800e-06,4.60481208e-01
6.33322800e-06,4.60539390e-01
6.33332800e-06,4.60594460e-01
6.33342800e-06,4.60652631e-01
6.33352800e-06,4.60707690e-01
6.33362800e-06,4.60765850e-01
6.33372800e-06,4.60820898e-01
6.33382800e-06,4.60879046e-01
6.33392800e-06,4.60934082e-01
6.33402800e-06,4.60992219e-01
6.33412800e-06,4.61047245e-01
6.33422800e-06,4.61105370e-01
6.33432800e-06,4.61160384e-01
6.33442800e-06,4.61218498e-01
6.33452800e-06,4.61273501e-01
6.33462800e-06,4.61331604e-01
6.33472800e-06,4.61386596e-01
6.33482800e-06,4.61444688e-01
6.33492800e-06,4.61499668e-01
6.33502800e-06,4.61557749e-01
6.33512800e-06,4.61612718e-01
6.33522800e-06,4.61670788e-01
6.33532800e-06,4.61725746e-01
6.33542800e-06,4.61783804e-01
6.33552800e-06,4.61838752e-01
6.33562800e-06,4.61896799e-01
6.33572800e-06,4.61951735e-01
6.33582800e-06,4.62009771e-01
6.33592800e-06,4.62064697e-01
6.33602800e-06,4.62122721e-01
6.33612800e-06,4.62177636e-01
6.33622800e-06,4.62235650e-01
6.33632800e-06,4.62290553e-01
6.33642800e-06,4.62348556e-01
6.33652800e-06,4.62403449e-01
6.33662800e-06,4.62461440e-01
6.33672800e-06,4.62516322e-01
6.33682800e-06,4.62574303e-01
6.33692800e-06,4.62629174e-01
6.33702800e-06,4.62687143e-01
6.33712800e-06,4.62742004e-01
6.33722800e-06,4.62799962e-01
6.33732800e-06,4.62854812e-01
6.33742800e-06,4.62912760e-01
6.33752800e-06,4.62967599e-01
6.33762800e-06,4.63025535e-01
6.33772800e-06,4.63080364e-01
6.33782800e-06,4.63138290e-01
6.33792800e-06,4.63193107e-01
6.33802800e-06,4.63251022e-01
6.33812800e-06,4.63305829e-01
6.33822800e-06,4.63363733e-01
6.33832800e-06,4.63418530e-01
6.33842800e-06,4.63476423e-01
6.33852800e-06,4.63531209e-01
6.33862800e-06,4.63589092e-01
6.33872800e-06,4.63643867e-01
6.33882800e-06,4.63701739e-01
6.33892800e-06,4.63756504e-01
6.33902800e-06,4.63814365e-01
6.33912800e-06,4.63869119e-01
6.33922800e-06,4.63926970e-01
6.33932800e-06,4.63981714e-01
6.33942800e-06,4.64039554e-01
6.33952800e-06,4.64094287e-01
6.33962800e-06,4.64152117e-01
6.33972800e-06,4.64206840e-01
6.33982800e-06,4.64264659e-01
6.33992800e-06,4.64319371e-01
6.34002800e-06,4.64377179e-01
6.34012800e-06,4.64431882e-01
6.34022800e-06,4.64489680e-01
6.34032800e-06,4.64544372e-01
6.34042800e-06,4.64602159e-01
6.34052800e-06,4.64656841e-01
6.34062800e-06,4.64714618e-01
6.34072800e-06,4.64769289e-01
6.34082800e-06,4.64827056e-01
6.34092800e-06,4.64881717e-01
6.34102800e-06,4.64939473e-01
6.34112800e-06,4.64994124e-01
6.34122800e-06,4.65051870e-01
6.34132800e-06,4.65106511e-01
6.34142800e-06,4.65164247e-01
6.34152800e-06,4.65218878e-01
6.34162800e-06,4.65276603e-01
6.34172800e-06,4.65331224e-01
6.34182800e-06,4.65388939e-01
6.34192800e-06,4.65443550e-01
6.34202800e-06,4.65501255e-01
6.34212800e-06,4.65555856e-01
6.34222800e-06,4.65613551e-01
6.34232800e-06,4.65668141e-01
6.34242800e-06,4.65725826e-01
6.34252800e-06,4.65780407e-01
6.34262800e-06,4.65838081e-01
6.34272800e-06,4.65892652e-01
6.34282800e-06,4.65950317e-01
6.34292800e-06,4.66004878e-01
6.34302800e-06,4.66062533e-01
6.34312800e-06,4.66117084e-01
6.34322800e-06,4.66174728e-01
6.34332800e-06,4.66229270e-01
6.34342800e-06,4.66286904e-01
6.34352800e-06,4.66341436e-01
6.34362800e-06,4.66399061e-01
6.34372800e-06,4.66453583e-01
6.34382800e-06,4.66511198e-01
6.34392800e-06,4.66565710e-01
6.34402800e-06,4.66623315e-01
6.34412800e-06,4.66677817e-01
6.34422800e-06,4.66735412e-01
6.34432800e-06,4.66789905e-01
6.34442800e-06,4.66847491e-01
6.34452800e-06,4.66901974e-01
6.34462800e-06,4.66959550e-01
6.34472800e-06,4.67014023e-01
6.34482800e-06,4.67071590e-01
6.34492800e-06,4.67126054e-01
6.34502800e-06,4.67183610e-01
6.34512800e-06,4.67238065e-01
6.34522800e-06,4.67295612e-01
6.34532800e-06,4.67350057e-01
6.34542800e-06,4.67407594e-01
6.34552800e-06,4.67462030e-01
6.34562800e-06,4.67519557e-01
6.34572800e-06,4.67573984e-01
6.34582800e-06,4.67631502e-01
6.34592800e-06,4.67685919e-01
6.34602800e-06,4.67743427e-01
6.34612800e-06,4.67797835e-01
6.34622800e-06,4.67855334e-01
6.34632800e-06,4.67909733e-01
6.34642800e-06,4.67967222e-01
6.34652800e-06,4.68021612e-01
6.34662800e-06,4.68079092e-01
6.34672800e-06,4.68133472e-01
6.34682800e-06,4.68190943e-01
6.34692800e-06,4.68245314e-01
6.34702800e-06,4.68302776e-01
6.34712800e-06,4.68357137e-01
6.34722800e-06,4.68414590e-01
6.34732800e-06,4.68468942e-01
6.34742800e-06,4.68526385e-01
6.34752800e-06,4.68580729e-01
6.34762800e-06,4.68638163e-01
6.34772800e-06,4.68692497e-01
6.34782800e-06,4.68749922e-01
6.34792800e-06,4.68804248e-01
6.34802800e-06,4.68861664e-01
6.34812800e-06,4.68915980e-01
6.34822800e-06,4.68973387e-01
6.34832800e-06,4.69027694e-01
6.34842800e-06,4.69085092e-01
6.34852800e-06,4.69139391e-01
6.34862800e-06,4.69196779e-01
6.34872800e-06,4.69251069e-01
6.34882800e-06,4.69308449e-01
6.34892800e-06,4.69362730e-01
6.34902800e-06,4.69420101e-01
6.34912800e-06,4.69474373e-01
6.34922800e-06,4.69531735e-01
6.34932800e-06,4.69585998e-01
6.34942800e-06,4.69643351e-01
6.34952800e-06,4.69697606e-01
6.34962800e-06,4.69754950e-01
6.34972800e-06,4.69809196e-01
6.34982800e-06,4.69866531e-01
6.34992800e-06,4.69920769e-01
6.35002800e-06,4.69978095e-01
6.35012800e-06,4.70032324e-01
6.35022800e-06,4.70089642e-01
6.35032800e-06,4.70143863e-01
6.35042800e-06,4.70201172e-01
6.35052800e-06,4.70255384e-01
6.35062800e-06,4.70312684e-01
6.35072800e-06,4.70366887e-01
6.35082800e-06,4.70424179e-01
6.35092800e-06,4.70478374e-01
6.35102800e-06,4.70535657e-01
6.35112800e-06,4.70589844e-01
6.35122800e-06,4.70647119e-01
6.35132800e-06,4.70701297e-01
6.35142800e-06,4.70758563e-01
6.35152800e-06,4.70812733e-01
6.35162800e-06,4.70869991e-01
6.35172800e-06,4.70924152e-01
6.35182800e-06,4.70981401e-01
6.35192800e-06,4.71035555e-01
6.35202800e-06,4.71092795e-01
6.35212800e-06,4.71146940e-01
6.35222800e-06,4.71204173e-01
6.35232800e-06,4.71258310e-01
6.35242800e-06,4.71315534e-01
6.35252800e-06,4.71369663e-01
6.35262800e-06,4.71426879e-01
6.35272800e-06,4.71480999e-01
6.35282800e-06,4.71538207e-01
6.35292800e-06,4.71592319e-01
6.35302800e-06,4.71649519e-01
6.35312800e-06,4.71703623e-01
6.35322800e-06,4.71760814e-01
6.35332800e-06,4.71814910e-01
6.35342800e-06,4.71872094e-01
6.35352800e-06,4.71926182e-01
6.35362800e-06,4.71983357e-01
6.35372800e-06,4.72037437e-01
6.35382800e-06,4.72094604e-01
6.35392800e-06,4.72148677e-01
6.35402800e-06,4.72205836e-01
6.35412800e-06,4.72259900e-01
6.35422800e-06,4.72317051e-01
6.35432800e-06,4.72371108e-01
6.35442800e-06,4.72428251e-01
6.35452800e-06,4.72482300e-01
6.35462800e-06,4.72539435e-01
6.35472800e-06,4.72593476e-01
6.35482800e-06,4.72650603e-01
6.35492800e-06,4.72704637e-01
6.35502800e-06,4.72761756e-01
6.35512800e-06,4.72815782e-01
6.35522800e-06,4.72872893e-01
6.35532800e-06,4.72926912e-01
6.35542800e-06,4.72984015e-01
6.35552800e-06,4.73038026e-01
6.35562800e-06,4.73095122e-01
6.35572800e-06,4.73149125e-01
6.35582800e-06,4.73206213e-01
6.35592800e-06,4.73260208e-01
6.35602800e-06,4.73317289e-01
6.35612800e-06,4.73371277e-01
6.35622800e-06,4.73428349e-01
6.35632800e-06,4.73482330e-01
6.35642800e-06,4.73539395e-01
6.35652800e-06,4.73593368e-01
6.35662800e-06,4.73650426e-01
6.35672800e-06,4.73704391e-01
6.35682800e-06,4.73761441e-01
6.35692800e-06,4.73815399e-01
6.35702800e-06,4.73872442e-01
6.35712800e-06,4.73926393e-01
6.35722800e-06,4.73983428e-01
6.35732800e-06,4.74037371e-01
6.35742800e-06,4.74094399e-01
6.35752800e-06,4.74148335e-01
6.35762800e-06,4.74205356e-01
6.35772800e-06,4.74259285e-01
6.35782800e-06,4.74316298e-01
6.35792800e-06,4.74370219e-01
6.35802800e-06,4.74427225e-01
6.35812800e-06,4.74481139e-01
6.35822800e-06,4.74538138e-01
6.35832800e-06,4.74592045e-01
6.35842800e-06,4.74649036e-01
6.35852800e-06,4.74702937e-01
6.35862800e-06,4.74759920e-01
6.35872800e-06,4.74813814e-01
6.35882800e-06,4.74870790e-01
6.35892800e-06,4.74924676e-01
6.35902800e-06,4.74981646e-01
6.35912800e-06,4.75035525e-01
6.35922800e-06,4.75092487e-01
6.35932800e-06,4.75146360e-01
6.35942800e-06,4.75203315e-01
6.35952800e-06,4.75257180e-01
6.35962800e-06,4.75314128e-01
6.35972800e-06,4.75367987e-01
6.35982800e-06,4.75424928e-01
6.35992800e-06,4.75478779e-01
6.36002800e-06,4.75535714e-01
6.36012800e-06,4.75589558e-01
6.36022800e-06,4.75646486e-01
6.36032800e-06,4.75700323e-01
6.36042800e-06,4.75757244e-01
6.36052800e-06,4.75811075e-01
6.36062800e-06,4.75867988e-01
6.36072800e-06,4.75921813e-01
6.36082800e-06,4.75978719e-01
6.36092800e-06,4.76032537e-01
6.36102800e-06,4.76089437e-01
6.36112800e-06,4.76143248e-01
6.36122800e-06,4.76200141e-01
6.36132800e-06,4.76253945e-01
6.36142800e-06,4.76310831e-01
6.36152800e-06,4.76364629e-01
6.36162800e-06,4.76421508e-01
6.36172800e-06,4.76475299e-01
6.36182800e-06,4.76532172e-01
6.36192800e-06,4.76585957e-01
6.36202800e-06,4.76642823e-01
6.36212800e-06,4.76696601e-01
6.36222800e-06,4.76753460e-01
6.36232800e-06,4.76807232e-01
6.36242800e-06,4.76864085e-01
6.36252800e-06,4.76917850e-01
6.36262800e-06,4.76974696e-01
6.36272800e-06,4.77028455e-01
6.36282800e-06,4.77085295e-01
6.36292800e-06,4.77139047e-01
6.36302800e-06,4.77195881e-01
6.36312800e-06,4.77249627e-01
6.36322800e-06,4.77306453e-01
6.36332800e-06,4.77360193e-01
6.36342800e-06,4.77417013e-01
6.36352800e-06,4.77470747e-01
6.36362800e-06,4.77527561e-01
6.36372800e-06,4.77581288e-01
6.36382800e-06,4.77638096e-01
6.36392800e-06,4.77691816e-01
6.36402800e-06,4.77748618e-01
6.36412800e-06,4.77802332e-01
6.36422800e-06,4.77859127e-01
6.36432800e-06,4.77912836e-01
6.36442800e-06,4.77969625e-01
6.36452800e-06,4.78023327e-01
6.36462800e-06,4.78080110e-01
6.36472800e-06,4.78133806e-01
6.36482800e-06,4.78190582e-01
6.36492800e-06,4.78244272e-01
6.36502800e-06,4.78301042e-01
6.36512800e-06,4.78354726e-01
6.36522800e-06,4.78411490e-01
6.36532800e-06,4.78465168e-01
6.36542800e-06,4.78521926e-01
6.36552800e-06,4.78575598e-01
6.36562800e-06,4.78632350e-01
6.36572800e-06,4.78686016e-01
6.36582800e-06,4.78742762e-01
6.36592800e-06,4.78796422e-01
6.36602800e-06,4.78853162e-01
6.36612800e-06,4.78906816e-01
6.36622800e-06,4.78963550e-01
6.36632800e-06,4.79017198e-01
6.36642800e-06,4.79073926e-01
6.36652800e-06,4.79127569e-01
6.36662800e-06,4.79184290e-01
6.36672800e-06,4.79237927e-01
6.36682800e-06,4.79294643e-01
6.36692800e-06,4.79348274e-01
6.36702800e-06,4.79404984e-01
6.36712800e-06,4.79458609e-01
6.36722800e-06,4.79515313e-01
6.36732800e-06,4.79568933e-01
6.36742800e-06,4.79625631e-01
6.36752800e-06,4.79679245e-01
6.36762800e-06,4.79735937e-01
6.36772800e-06,4.79789546e-01
6.36782800e-06,4.79846232e-01
6.36792800e-06,4.79899835e-01
6.36802800e-06,4.79956516e-01
6.36812800e-06,4.80010113e-01
6.36822800e-06,4.80066788e-01
6.36832800e-06,4.80120380e-01
6.36842800e-06,4.80177049e-01
6.36852800e-06,4.80230635e-01
6.36862800e-06,4.80287299e-01
6.36872800e-06,4.80340879e-01
6.36882800e-06,4.80397538e-01
6.36892800e-06,4.80451113e-01
6.36902800e-06,4.80507765e-01
6.36912800e-06,4.80561335e-01
6.36922800e-06,4.80617982e-01
6.36932800e-06,4.80671546e-01
6.36942800e-06,4.80728187e-01
6.36952800e-06,4.80781746e-01
6.36962800e-06,4.80838382e-01
6.36972800e-06,4.80891935e-01
6.36982800e-06,4.80948566e-01
6.36992800e-06,4.81002114e-01
6.37002800e-06,4.81058739e-01
6.37012800e-06,4.81112281e-01
6.37022800e-06,4.81168901e-01
6.37032800e-06,4.81222438e-01
6.37042800e-06,4.81279052e-01
6.37052800e-06,4.81332584e-01
6.37062800e-06,4.81389193e-01
6.37072800e-06,4.81442720e-01
6.37082800e-06,4.81499323e-01
6.37092800e-06,4.81552845e-01
6.37102800e-06,4.81609443e-01
6.37112800e-06,4.81662960e-01
6.37122800e-06,4.81719552e-01
6.37132800e-06,4.81773064e-01
6.37142800e-06,4.81829651e-01
6.37152800e-06,4.81883157e-01
6.37162800e-06,4.81939740e-01
6.37172800e-06,4.81993241e-01
6.37182800e-06,4.82049818e-01
6.37192800e-06,4.82103314e-01
6.37202800e-06,4.82159886e-01
6.37212800e-06,4.82213377e-01
6.37222800e-06,4.82269943e-01
6.37232800e-06,4.82323429e-01
6.37242800e-06,4.82379991e-01
6.37252800e-06,4.82433472e-01
6.37262800e-06,4.82490028e-01
6.37272800e-06,4.82543504e-01
6.37282800e-06,4.82600055e-01
6.37292800e-06,4.82653526e-01
6.37302800e-06,4.82710073e-01
6.37312800e-06,4.82763539e-01
6.37322800e-06,4.82820080e-01
6.37332800e-06,4.82873541e-01
6.37342800e-06,4.82930077e-01
6.37352800e-06,4.82983534e-01
6.37362800e-06,4.83040065e-01
6.37372800e-06,4.83093516e-01
6.37382800e-06,4.83150043e-01
6.37392800e-06,4.83203489e-01
6.37402800e-06,4.83260010e-01
6.37412800e-06,4.83313452e-01
6.37422800e-06,4.83369969e-01
6.37432800e-06,4.83423406e-01
6.37442800e-06,4.83479917e-01
6.37452800e-06,4.83533349e-01
6.37462800e-06,4.83589856e-01
6.37472800e-06,4.83643284e-01
6.37482800e-06,4.83699786e-01
6.37492800e-06,4.83753208e-01
6.37502800e-06,4.83809705e-01
6.37512800e-06,4.83863123e-01
6.37522800e-06,4.83919616e-01
6.37532800e-06,4.83973029e-01
6.37542800e-06,4.84029517e-01
6.37552800e-06,4.84082926e-01
6.37562800e-06,4.84139408e-01
6.37572800e-06,4.84192812e-01
6.37582800e-06,4.84249291e-01
6.37592800e-06,4.84302690e-01
6.37602800e-06,4.84359164e-01
6.37612800e-06,4.84412559e-01
6.37622800e-06,4.84469027e-01
6.37632800e-06,4.84522418e-01
6.37642800e-06,4.84578882e-01
6.37652800e-06,4.84632268e-01
6.37662800e-06,4.84688727e-01
6.37672800e-06,4.84742109e-01
6.37682800e-06,4.84798564e-01
6.37692800e-06,4.84851941e-01
6.37702800e-06,4.84908391e-01
6.37712800e-06,4.84961763e-01
6.37722800e-06,4.85018209e-01
6.37732800e-06,4.85071577e-01
6.37742800e-06,4.85128018e-01
6.37752800e-06,4.85181382e-01
6.37762800e-06,4.85237819e-01
6.37772800e-06,4.85291178e-01
6.37782800e-06,4.85347610e-01
6.37792800e-06,4.85400965e-01
6.37802800e-06,4.85457393e-01
6.37812800e-06,4.85510744e-01
6.37822800e-06,4.85567167e-01
6.37832800e-06,4.85620513e-01
6.37842800e-06,4.85676932e-01
6.37852800e-06,4.85730274e-01
6.37862800e-06,4.85786689e-01
6.37872800e-06,4.85840026e-01
6.37882800e-06,4.85896437e-01
6.37892800e-06,4.85949770e-01
6.37902800e-06,4.86006176e-01
6.37912800e-06,4.86059505e-01
6.37922800e-06,4.86115907e-01
6.37932800e-06,4.86169232e-01
6.37942800e-06,4.86225629e-01
6.37952800e-06,4.86278950e-01
6.37962800e-06,4.86335342e-01
6.37972800e-06,4.86388659e-01
6.37982800e-06,4.86445048e-01
6.37992800e-06,4.86498360e-01
6.38002800e-06,4.86554745e-01
6.38012800e-06,4.86608053e-01
6.38022800e-06,4.86664433e-01
6.38032800e-06,4.86717737e-01
6.38042800e-06,4.86774113e-01
6.38052800e-06,4.86827414e-01
6.38062800e-06,4.86883785e-01
6.38072800e-06,4.86937082e-01
6.38082800e-06,4.86993449e-01
6.38092800e-06,4.87046741e-01
6.38102800e-06,4.87103105e-01
6.38112800e-06,4.87156393e-01
6.38122800e-06,4.87212752e-01
6.38132800e-06,4.87266036e-01
6.38142800e-06,4.87322392e-01
6.38152800e-06,4.87375672e-01
6.38162800e-06,4.87432023e-01
6.38172800e-06,4.87485299e-01
6.38182800e-06,4.87541646e-01
6.38192800e-06,4.87594918e-01
6.38202800e-06,4.87651261e-01
6.38212800e-06,4.87704530e-01
6.38222800e-06,4.87760869e-01
6.38232800e-06,4.87814133e-01
6.38242800e-06,4.87870468e-01
6.38252800e-06,4.87923729e-01
6.38262800e-06,4.87980060e-01
6.38272800e-06,4.88033317e-01
6.38282800e-06,4.88089644e-01
6.38292800e-06,4.88142896e-01
6.38302800e-06,4.88199220e-01
6.38312800e-06,4.88252469e-01
6.38322800e-06,4.88308788e-01
6.38332800e-06,4.88362033e-01
6.38342800e-06,4.88418348e-01
6.38352800e-06,4.88471590e-01
6.38362800e-06,4.88527901e-01
6.38372800e-06,4.88581139e-01
6.38382800e-06,4.88637446e-01
6.38392800e-06,4.88690680e-01
6.38402800e-06,4.88746984e-01
6.38412800e-06,4.88800214e-01
6.38422800e-06,4.88856514e-01
6.38432800e-06,4.88909741e-01
6.38442800e-06,4.88966037e-01
6.38452800e-06,4.89019259e-01
6.38462800e-06,4.89075552e-01
6.38472800e-06,4.89128771e-01
6.38482800e-06,4.89185059e-01
6.38492800e-06,4.89238275e-01
6.38502800e-06,4.89294560e-01
6.38512800e-06,4.89347772e-01
6.38522800e-06,4.89404052e-01
6.38532800e-06,4.89457261e-01
6.38542800e-06,4.89513538e-01
6.38552800e-06,4.89566743e-01
6.38562800e-06,4.89623016e-01
6.38572800e-06,4.89676217e-01
6.38582800e-06,4.89732487e-01
6.38592800e-06,4.89785685e-01
6.38602800e-06,4.89841951e-01
6.38612800e-06,4.89895145e-01
6.38622800e-06,4.89951408e-01
6.38632800e-06,4.90004598e-01
6.38642800e-06,4.90060857e-01
6.38652800e-06,4.90114044e-01
6.38662800e-06,4.90170299e-01
6.38672800e-06,4.90223483e-01
6.38682800e-06,4.90279734e-01
6.38692800e-06,4.90332914e-01
6.38702800e-06,4.90389163e-01
6.38712800e-06,4.90442339e-01
6.38722800e-06,4.90498584e-01
6.38732800e-06,4.90551757e-01
6.38742800e-06,4.90607998e-01
6.38752800e-06,4.90661167e-01
6.38762800e-06,4.90717405e-01
6.38772800e-06,4.90770571e-01
6.38782800e-06,4.90826805e-01
6.38792800e-06,4.90879968e-01
6.38802800e-06,4.90936198e-01
6.38812800e-06,4.90989358e-01
6.38822800e-06,4.91045585e-01
6.38832800e-06,4.91098741e-01
6.38842800e-06,4.91154964e-01
6.38852800e-06,4.91208117e-01
6.38862800e-06,4.91264337e-01
6.38872800e-06,4.91317486e-01
6.38882800e-06,4.91373703e-01
6.38892800e-06,4.91426849e-01
6.38902800e-06,4.91483063e-01
6.38912800e-06,4.91536205e-01
6.38922800e-06,4.91592415e-01
6.38932800e-06,4.91645555e-01
6.38942800e-06,4.91701761e-01
6.38952800e-06,4.91754898e-01
6.38962800e-06,4.91811101e-01
6.38972800e-06,4.91864234e-01
6.38982800e-06,4.91920433e-01
6.38992800e-06,4.91973563e-01
6.39002800e-06,4.92029760e-01
6.39012800e-06,4.92082886e-01
6.39022800e-06,4.92139079e-01
6.39032800e-06,4.92192203e-01
6.39042800e-06,4.92248393e-01
6.39052800e-06,4.92301513e-01
6.39062800e-06,4.92357699e-01
6.39072800e-06,4.92410816e-01
6.39082800e-06,4.92466999e-01
6.39092800e-06,4.92520113e-01
6.39102800e-06,4.92576293e-01
6.39112800e-06,4.92629404e-01
6.39122800e-06,4.92685581e-01
6.39132800e-06,4.92738688e-01
6.39142800e-06,4.92794862e-01
6.39152800e-06,4.92847966e-01
6.39162800e-06,4.92904137e-01
6.39172800e-06,4.92957238e-01
6.39182800e-06,4.93013405e-01
6.39192800e-06,4.93066503e-01
6.39202800e-06,4.93122667e-01
6.39212800e-06,4.93175762e-01
6.39222800e-06,4.93231923e-01
6.39232800e-06,4.93285015e-01
6.39242800e-06,4.93341173e-01
6.39252800e-06,4.93394262e-01
6.39262800e-06,4.93450417e-01
6.39272800e-06,4.93503503e-01
6.39282800e-06,4.93559654e-01
6.39292800e-06,4.93612737e-01
6.39302800e-06,4.93668885e-01
6.39312800e-06,4.93721965e-01
6.39322800e-06,4.93778111e-01
6.39332800e-06,4.93831188e-01
6.39342800e-06,4.93887330e-01
6.39352800e-06,4.93940404e-01
6.39362800e-06,4.93996543e-01
6.39372800e-06,4.94049614e-01
6.39382800e-06,4.94105750e-01
6.39392800e-06,4.94158818e-01
6.39402800e-06,4.94214951e-01
6.39412800e-06,4.94268016e-01
6.39422800e-06,4.94324146e-01
6.39432800e-06,4.94377208e-01
6.39442800e-06,4.94433335e-01
6.39452800e-06,4.94486394e-01
6.39462800e-06,4.94542518e-01
6.39472800e-06,4.94595575e-01
6.39482800e-06,4.94651696e-01
6.39492800e-06,4.94704749e-01
6.39502800e-06,4.94760867e-01
6.39512800e-06,4.94813918e-01
6.39522800e-06,4.94870033e-01
6.39532800e-06,4.94923081e-01
6.39542800e-06,4.94979193e-01
6.39552800e-06,4.95032238e-01
6.39562800e-06,4.95088347e-01
6.39572800e-06,4.95141389e-01
6.39582800e-06,4.95197495e-01
6.39592800e-06,4.95250534e-01
6.39602800e-06,4.95306638e-01
6.39612800e-06,4.95359674e-01
6.39622800e-06,4.95415775e-01
6.39632800e-06,4.95468808e-01
6.39642800e-06,4.95524906e-01
6.39652800e-06,4.95577937e-01
6.39662800e-06,4.95634031e-01
6.39672800e-06,4.95687060e-01
6.39682800e-06,4.95743151e-01
6.39692800e-06,4.95796177e-01
6.39702800e-06,4.95852266e-01
6.39712800e-06,4.95905288e-01
6.39722800e-06,4.95961374e-01
6.39732800e-06,4.96014394e-01
6.39742800e-06,4.96070478e-01
6.39752800e-06,4.96123495e-01
6.39762800e-06,4.96179575e-01
6.39772800e-06,4.96232590e-01
6.39782800e-06,4.96288667e-01
6.39792800e-06,4.96341679e-01
6.39802800e-06,4.96397754e-01
6.39812800e-06,4.96450763e-01
6.39822800e-06,4.96506835e-01
6.39832800e-06,4.96559842e-01
6.39842800e-06,4.96615911e-01
6.39852800e-06,4.96668915e-01
6.39862800e-06,4.96724981e-01
6.39872800e-06,4.96777983e-01
6.39882800e-06,4.96834046e-01
6.39892800e-06,4.96887045e-01
6.39902800e-06,4.96943106e-01
6.39912800e-06,4.96996102e-01
6.39922800e-06,4.97052160e-01
6.39932800e-06,4.97105153e-01
6.39942800e-06,4.97161209e-01
6.39952800e-06,4.97214200e-01
6.39962800e-06,4.97270253e-01
6.39972800e-06,4.97323241e-01
6.39982800e-06,4.97379291e-01
6.39992800e-06,4.97432276e-01
6.40002800e-06,4.97488324e-01
6.40012800e-06,4.97541307e-01
6.40022800e-06,4.97597352e-01
6.40032800e-06,4.97650332e-01
6.40042800e-06,4.97706374e-01
6.40052800e-06,4.97759352e-01
6.40062800e-06,4.97815392e-01
6.40072800e-06,4.97868367e-01
6.40082800e-06,4.97924404e-01
6.40092800e-06,4.97977377e-01
6.40102800e-06,4.98033411e-01
6.40112800e-06,4.98086381e-01
6.40122800e-06,4.98142413e-01
6.40132800e-06,4.98195380e-01
6.40142800e-06,4.98251410e-01
6.40152800e-06,4.98304375e-01
6.40162800e-06,4.98360401e-01
6.40172800e-06,4.98413364e-01
6.40182800e-06,4.98469388e-01
6.40192800e-06,4.98522348e-01
6.40202800e-06,4.98578369e-01
6.40212800e-06,4.98631327e-01
6.40222800e-06,4.98687346e-01
6.40232800e-06,4.98740301e-01
6.40242800e-06,4.98796317e-01
6.40252800e-06,4.98849270e-01
6.40262800e-06,4.98905284e-01
6.40272800e-06,4.98958234e-01
6.40282800e-06,4.99014245e-01
6.40292800e-06,4.99067193e-01
6.40302800e-06,4.99123202e-01
6.40312800e-06,4.99176147e-01
6.40322800e-06,4.99232154e-01
6.40332800e-06,4.99285097e-01
6.40342800e-06,4.99341100e-01
6.40352800e-06,4.99394041e-01
6.40362800e-06,4.99450042e-01
6.40372800e-06,4.99502980e-01
6.40382800e-06,4.99558979e-01
6.40392800e-06,4.99611915e-01
6.40402800e-06,4.99667911e-01
6.40412800e-06,4.99720844e-01
6.40422800e-06,4.99776838e-01
6.40432800e-06,4.99829769e-01
6.40442800e-06,4.99885760e-01
6.40452800e-06,4.99938689e-01
6.40462800e-06,4.99994678e-01
6.40472800e-06,5.00047604e-01
6.40482800e-06,5.00103591e-01
6.40492800e-06,5.00156515e-01
6.40502800e-06,5.00212499e-01
6.40512800e-06,5.00265420e-01
6.40522800e-06,5.00321402e-01
6.40532800e-06,5.00374321e-01
6.40542800e-06,5.00430300e-01
6.40552800e-06,5.00483217e-01
6.40562800e-06,5.00539194e-01
6.40572800e-06,5.00592109e-01
6.40582800e-06,5.00648083e-01
6.40592800e-06,5.00700996e-01
6.40602800e-06,5.00756967e-01
6.40612800e-06,5.00809878e-01
6.40622800e-06,5.00865847e-01
6.40632800e-06,5.00918755e-01
6.40642800e-06,5.00974722e-01
6.40652800e-06,5.01027628e-01
6.40662800e-06,5.01083592e-01
6.40672800e-06,5.01136496e-01
6.40682800e-06,5.01192458e-01
6.40692800e-06,5.01245359e-01
6.40702800e-06,5.01301319e-01
6.40712800e-06,5.01354218e-01
6.40722800e-06,5.01410176e-01
6.40732800e-06,5.01463072e-01
6.40742800e-06,5.01519027e-01
6.40752800e-06,5.01571922e-01
6.40762800e-06,5.01627875e-01
6.40772800e-06,5.01680767e-01
6.40782800e-06,5.01736717e-01
6.40792800e-06,5.01789607e-01
6.40802800e-06,5.01845556e-01
6.40812800e-06,5.01898443e-01
6.40822800e-06,5.01954389e-01
6.40832800e-06,5.02007275e-01
6.40842800e-06,5.02063219e-01
6.40852800e-06,5.02116102e-01
6.40862800e-06,5.02172043e-01
6.40872800e-06,5.02224924e-01
6.40882800e-06,5.02280864e-01
6.40892800e-06,5.02333742e-01
6.40902800e-06,5.02389679e-01
6.40912800e-06,5.02442556e-01
6.40922800e-06,5.02498491e-01
6.40932800e-06,5.02551365e-01
6.40942800e-06,5.02607297e-01
6.40952800e-06,5.02660170e-01
6.40962800e-06,5.02716100e-01
6.40972800e-06,5.02768970e-01
6.40982800e-06,5.02824898e-01
6.40992800e-06,5.02877766e-01
6.41002800e-06,5.02933691e-01
6.41012800e-06,5.02986557e-01
6.41022800e-06,5.03042481e-01
6.41032800e-06,5.03095344e-01
6.41042800e-06,5.03151265e-01
6.41052800e-06,5.03204127e-01
6.41062800e-06,5.03260046e-01
6.41072800e-06,5.03312905e-01
6.41082800e-06,5.03368822e-01
6.41092800e-06,5.03421679e-01
6.41102800e-06,5.03477594e-01
6.41112800e-06,5.03530449e-01
6.41122800e-06,5.03586361e-01
6.41132800e-06,5.03639214e-01
6.41142800e-06,5.03695125e-01
6.41152800e-06,5.03747975e-01
6.41162800e-06,5.03803883e-01
6.41172800e-06,5.03856732e-01
6.41182800e-06,5.03912638e-01
6.41192800e-06,5.03965485e-01
6.41202800e-06,5.04021388e-01
6.41212800e-06,5.04074233e-01
6.41222800e-06,5.04130134e-01
6.41232800e-06,5.04182977e-01
6.41242800e-06,5.04238876e-01
6.41252800e-06,5.04291717e-01
6.41262800e-06,5.04347614e-01
6.41272800e-06,5.04400452e-01
6.41282800e-06,5.04456347e-01
6.41292800e-06,5.04509183e-01
6.41302800e-06,5.04565076e-01
6.41312800e-06,5.04617910e-01
6.41322800e-06,5.04673801e-01
6.41332800e-06,5.04726633e-01
6.41342800e-06,5.04782522e-01
6.41352800e-06,5.04835352e-01
6.41362800e-06,5.04891238e-01
6.41372800e-06,5.04944067e-01
6.41382800e-06,5.04999951e-01
6.41392800e-06,5.05052777e-01
6.41402800e-06,5.05108659e-01
6.41412800e-06,5.05161483e-01
6.41422800e-06,5.05217363e-01
6.41432800e-06,5.05270185e-01
6.41442800e-06,5.05326063e-01
6.41452800e-06,5.05378883e-01
6.41462800e-06,5.05434759e-01
6.41472800e-06,5.05487577e-01
6.41482800e-06,5.05543450e-01
6.41492800e-06,5.05596266e-01
6.41502800e-06,5.05652138e-01
6.41512800e-06,5.05704952e-01
6.41522800e-06,5.05760821e-01
6.41532800e-06,5.05813633e-01
6.41542800e-06,5.05869501e-01
6.41552800e-06,5.05922310e-01
6.41562800e-06,5.05978176e-01
6.41572800e-06,5.06030984e-01
6.41582800e-06,5.06086847e-01
6.41592800e-06,5.06139653e-01
6.41602800e-06,5.06195514e-01
6.41612800e-06,5.06248318e-01
6.41622800e-06,5.06304177e-01
6.41632800e-06,5.06356979e-01
6.41642800e-06,5.06412836e-01
6.41652800e-06,5.06465636e-01
6.41662800e-06,5.06521491e-01
6.41672800e-06,5.06574289e-01
6.41682800e-06,5.06630142e-01
6.41692800e-06,5.06682938e-01
6.41702800e-06,5.06738788e-01
6.41712800e-06,5.06791582e-01
6.41722800e-06,5.06847431e-01
6.41732800e-06,5.06900223e-01
6.41742800e-06,5.06956070e-01
6.41752800e-06,5.07008860e-01
6.41762800e-06,5.07064705e-01
6.41772800e-06,5.07117493e-01
6.41782800e-06,5.07173336e-01
6.41792800e-06,5.07226122e-01
6.41802800e-06,5.07281963e-01
6.41812800e-06,5.07334747e-01
6.41822800e-06,5.07390585e-01
6.41832800e-06,5.07443368e-01
6.41842800e-06,5.07499204e-01
6.41852800e-06,5.07551984e-01
6.41862800e-06,5.07607819e-01
6.41872800e-06,5.07660597e-01
6.41882800e-06,5.07716430e-01
6.41892800e-06,5.07769206e-01
6.41902800e-06,5.07825037e-01
6.41912800e-06,5.07877811e-01
6.41922800e-06,5.07933640e-01
6.41932800e-06,5.07986412e-01
6.41942800e-06,5.08042239e-01
6.41952800e-06,5.08095010e-01
6.41962800e-06,5.08150834e-01
6.41972800e-06,5.08203603e-01
6.41982800e-06,5.08259425e-01
6.41992800e-06,5.08312192e-01
6.42002800e-06,5.08368012e-01
6.42012800e-06,5.08420777e-01
6.42022800e-06,5.08476596e-01
6.42032800e-06,5.08529359e-01
6.42042800e-06,5.08585175e-01
6.42052800e-06,5.08637936e-01
6.42062800e-06,5.08693751e-01
6.42072800e-06,5.08746510e-01
6.42082800e-06,5.08802322e-01
6.42092800e-06,5.08855079e-01
6.42102800e-06,5.08910890e-01
6.42112800e-06,5.08963645e-01
6.42122800e-06,5.09019454e-01
6.42132800e-06,5.09072207e-01
6.42142800e-06,5.09128013e-01
6.42152800e-06,5.09180765e-01
6.42162800e-06,5.09236569e-01
6.42172800e-06,5.09289319e-01
6.42182800e-06,5.09345122e-01
6.42192800e-06,5.09397869e-01
6.42202800e-06,5.09453670e-01
6.42212800e-06,5.09506415e-01
6.42222800e-06,5.09562214e-01
6.42232800e-06,5.09614958e-01
6.42242800e-06,5.09670755e-01
6.42252800e-06,5.09723496e-01
6.42262800e-06,5.09779291e-01
6.42272800e-06,5.09832031e-01
6.42282800e-06,5.09887824e-01
6.42292800e-06,5.09940562e-01
6.42302800e-06,5.09996353e-01
6.42312800e-06,5.10049089e-01
6.42322800e-06,5.10104878e-01
6.42332800e-06,5.10157612e-01
6.42342800e-06,5.10213399e-01
6.42352800e-06,5.10266131e-01
6.42362800e-06,5.10321916e-01
6.42372800e-06,5.10374647e-01
6.42382800e-06,5.10430430e-01
6.42392800e-06,5.10483158e-01
6.42402800e-06,5.10538939e-01
6.42412800e-06,5.10591666e-01
6.42422800e-06,5.10647445e-01
6.42432800e-06,5.10700170e-01
6.42442800e-06,5.10755947e-01
6.42452800e-06,5.10808670e-01
6.42462800e-06,5.10864445e-01
6.42472800e-06,5.10917166e-01
6.42482800e-06,5.10972939e-01
6.42492800e-06,5.11025658e-01
6.42502800e-06,5.11081429e-01
6.42512800e-06,5.11134147e-01
6.42522800e-06,5.11189916e-01
6.42532800e-06,5.11242631e-01
6.42542800e-06,5.11298399e-01
6.42552800e-06,5.11351112e-01
6.42562800e-06,5.11406878e-01
6.42572800e-06,5.11459589e-01
6.42582800e-06,5.11515353e-01
6.42592800e-06,5.11568063e-01
6.42602800e-06,5.11623824e-01
6.42612800e-06,5.11676532e-01
6.42622800e-06,5.11732291e-01
6.42632800e-06,5.11784997e-01
6.42642800e-06,5.11840755e-01
6.42652800e-06,5.11893459e-01
6.42662800e-06,5.11949215e-01
6.42672800e-06,5.12001917e-01
6.42682800e-06,5.12057671e-01
6.42692800e-06,5.12110371e-01
6.42702800e-06,5.12166123e-01
6.42712800e-06,5.12218821e-01
6.42722800e-06,5.12274571e-01
6.42732800e-06,5.12327268e-01
6.42742800e-06,5.12383015e-01
6.42752800e-06,5.12435710e-01
6.42762800e-06,5.12491456e-01
6.42772800e-06,5.12544149e-01
6.42782800e-06,5.12599893e-01
6.42792800e-06,5.12652584e-01
6.42802800e-06,5.12708326e-01
6.42812800e-06,5.12761015e-01
6.42822800e-06,5.12816755e-01
6.42832800e-06,5.12869442e-01
6.42842800e-06,5.12925180e-01
6.42852800e-06,5.12977866e-01
6.42862800e-06,5.13033602e-01
6.42872800e-06,5.13086285e-01
6.42882800e-06,5.13142019e-01
6.42892800e-06,5.13194701e-01
6.42902800e-06,5.13250433e-01
6.42912800e-06,5.13303113e-01
6.42922800e-06,5.13358843e-01
6.42932800e-06,5.13411521e-01
6.42942800e-06,5.13467249e-01
6.42952800e-06,5.13519925e-01
6.42962800e-06,5.13575651e-01
6.42972800e-06,5.13628326e-01
6.42982800e-06,5.13684050e-01
6.42992800e-06,5.13736722e-01
6.43002800e-06,5.13792445e-01
6.43012800e-06,5.13845115e-01
6.43022800e-06,5.13900835e-01
6.43032800e-06,5.13953504e-01
6.43042800e-06,5.14009222e-01
6.43052800e-06,5.14061889e-01
6.43062800e-06,5.14117605e-01
6.43072800e-06,5.14170270e-01
6.43082800e-06,5.14225985e-01
6.43092800e-06,5.14278647e-01
6.43102800e-06,5.14334360e-01
6.43112800e-06,5.14387021e-01
6.43122800e-06,5.14442732e-01
6.43132800e-06,5.14495391e-01
6.43142800e-06,5.14551099e-01
6.43152800e-06,5.14603756e-01
6.43162800e-06,5.14659463e-01
6.43172800e-06,5.14712118e-01
6.43182800e-06,5.14767823e-01
6.43192800e-06,5.14820476e-01
6.43202800e-06,5.14876179e-01
6.43212800e-06,5.14928831e-01
6.43222800e-06,5.14984531e-01
6.43232800e-06,5.15037181e-01
6.43242800e-06,5.15092880e-01
6.43252800e-06,5.15145527e-01
6.43262800e-06,5.15201224e-01
6.43272800e-06,5.15253870e-01
6.43282800e-06,5.15309564e-01
6.43292800e-06,5.15362208e-01
6.43302800e-06,5.15417901e-01
6.43312800e-06,5.15470543e-01
6.43322800e-06,5.15526234e-01
6.43332800e-06,5.15578874e-01
6.43342800e-06,5.15634563e-01
6.43352800e-06,5.15687201e-01
6.43362800e-06,5.15742888e-01
6.43372800e-06,5.15795524e-01
6.43382800e-06,5.15851209e-01
6.43392800e-06,5.15903843e-01
6.43402800e-06,5.15959526e-01
6.43412800e-06,5.16012158e-01
6.43422800e-06,5.16067839e-01
6.43432800e-06,5.16120469e-01
6.43442800e-06,5.16176148e-01
6.43452800e-06,5.16228777e-01
6.43462800e-06,5.16284454e-01
6.43472800e-06,5.16337080e-01
6.43482800e-06,5.16392755e-01
6.43492800e-06,5.16445380e-01
6.43502800e-06,5.16501053e-01
6.43512800e-06,5.16553675e-01
6.43522800e-06,5.16609346e-01
6.43532800e-06,5.16661967e-01
6.43542800e-06,5.16717636e-01
6.43552800e-06,5.16770254e-01
6.43562800e-06,5.16825921e-01
6.43572800e-06,5.16878538e-01
6.43582800e-06,5.16934203e-01
6.43592800e-06,5.16986818e-01
6.43602800e-06,5.17042481e-01
6.43612800e-06,5.17095093e-01
6.43622800e-06,5.17150754e-01
6.43632800e-06,5.17203365e-01
6.43642800e-06,5.17259024e-01
6.43652800e-06,5.17311633e-01
6.43662800e-06,5.17367290e-01
6.43672800e-06,5.17419897e-01
6.43682800e-06,5.17475551e-01
6.43692800e-06,5.17528156e-01
6.43702800e-06,5.17583809e-01
6.43712800e-06,5.17636412e-01
6.43722800e-06,5.17692063e-01
6.43732800e-06,5.17744664e-01
6.43742800e-06,5.17800312e-01
6.43752800e-06,5.17852911e-01
6.43762800e-06,5.17908558e-01
6.43772800e-06,5.17961155e-01
6.43782800e-06,5.18016799e-01
6.43792800e-06,5.18069394e-01
6.43802800e-06,5.18125037e-01
6.43812800e-06,5.18177630e-01
6.43822800e-06,5.18233270e-01
6.43832800e-06,5.18285861e-01
6.43842800e-06,5.18341499e-01
6.43852800e-06,5.18394088e-01
6.43862800e-06,5.18449725e-01
6.43872800e-06,5.18502312e-01
6.43882800e-06,5.18557946e-01
6.43892800e-06,5.18610531e-01
6.43902800e-06,5.18666163e-01
6.43912800e-06,5.18718746e-01
6.43922800e-06,5.18774376e-01
6.43932800e-06,5.18826957e-01
6.43942800e-06,5.18882585e-01
6.43952800e-06,5.18935164e-01
6.43962800e-06,5.18990789e-01
6.43972800e-06,5.19043366e-01
6.43982800e-06,5.19098990e-01
6.43992800e-06,5.19151565e-01
6.44002800e-06,5.19207186e-01
6.44012800e-06,5.19259759e-01
6.44022800e-06,5.19315379e-01
6.44032800e-06,5.19367949e-01
6.44042800e-06,5.19423567e-01
6.44052800e-06,5.19476135e-01
6.44062800e-06,5.19531751e-01
6.44072800e-06,5.19584317e-01
6.44082800e-06,5.19639930e-01
6.44092800e-06,5.19692495e-01
6.44102800e-06,5.19748106e-01
6.44112800e-06,5.19800668e-01
6.44122800e-06,5.19856277e-01
6.44132800e-06,5.19908838e-01
6.44142800e-06,5.19964444e-01
6.44152800e-06,5.20017002e-01
6.44162800e-06,5.20072607e-01
6.44172800e-06,5.20125163e-01
6.44182800e-06,5.20180765e-01
6.44192800e-06,5.20233320e-01
6.44202800e-06,5.20288920e-01
6.44212800e-06,5.20341472e-01
6.44222800e-06,5.20397070e-01
6.44232800e-06,5.20449620e-01
6.44242800e-06,5.20505215e-01
6.44252800e-06,5.20557763e-01
6.44262800e-06,5.20613357e-01
6.44272800e-06,5.20665903e-01
6.44282800e-06,5.20721494e-01
6.44292800e-06,5.20774037e-01
6.44302800e-06,5.20829627e-01
6.44312800e-06,5.20882168e-01
6.44322800e-06,5.20937755e-01
6.44332800e-06,5.20990294e-01
6.44342800e-06,5.21045879e-01
6.44352800e-06,5.21098416e-01
6.44362800e-06,5.21153999e-01
6.44372800e-06,5.21206534e-01
6.44382800e-06,5.21262114e-01
6.44392800e-06,5.21314647e-01
6.44402800e-06,5.21370225e-01
6.44412800e-06,5.21422756e-01
6.44422800e-06,5.21478332e-01
6.44432800e-06,5.21530860e-01
6.44442800e-06,5.21586434e-01
6.44452800e-06,5.21638960e-01
6.44462800e-06,5.21694532e-01
6.44472800e-06,5.21747055e-01
6.44482800e-06,5.21802625e-01
6.44492800e-06,5.21855146e-01
6.44502800e-06,5.21910713e-01
6.44512800e-06,5.21963233e-01
6.44522800e-06,5.22018798e-01
6.44532800e-06,5.22071315e-01
6.44542800e-06,5.22126877e-01
6.44552800e-06,5.22179393e-01
6.44562800e-06,5.22234953e-01
6.44572800e-06,5.22287466e-01
6.44582800e-06,5.22343023e-01
6.44592800e-06,5.22395534e-01
6.44602800e-06,5.22451089e-01
6.44612800e-06,5.22503598e-01
6.44622800e-06,5.22559151e-01
6.44632800e-06,5.22611657e-01
6.44642800e-06,5.22667208e-01
6.44652800e-06,5.22719712e-01
6.44662800e-06,5.22775260e-01
6.44672800e-06,5.22827762e-01
6.44682800e-06,5.22883308e-01
6.44692800e-06,5.22935807e-01
6.44702800e-06,5.22991351e-01
6.44712800e-06,5.23043848e-01
6.44722800e-06,5.23099390e-01
6.44732800e-06,5.23151884e-01
6.44742800e-06,5.23207424e-01
6.44752800e-06,5.23259916e-01
6.44762800e-06,5.23315453e-01
6.44772800e-06,5.23367943e-01
6.44782800e-06,5.23423477e-01
6.44792800e-06,5.23475965e-01
6.44802800e-06,5.23531497e-01
6.44812800e-06,5.23583982e-01
6.44822800e-06,5.23639512e-01
6.44832800e-06,5.23691995e-01
6.44842800e-06,5.23747522e-01
6.44852800e-06,5.23800003e-01
6.44862800e-06,5.23855527e-01
6.44872800e-06,5.23908006e-01
6.44882800e-06,5.23963528e-01
6.44892800e-06,5.24016004e-01
6.44902800e-06,5.24071524e-01
6.44912800e-06,5.24123997e-01
6.44922800e-06,5.24179515e-01
6.44932800e-06,5.24231986e-01
6.44942800e-06,5.24287501e-01
6.44952800e-06,5.24339970e-01
6.44962800e-06,5.24395482e-01
6.44972800e-06,5.24447949e-01
6.44982800e-06,5.24503459e-01
6.44992800e-06,5.24555922e-01
6.45002800e-06,5.24611430e-01
6.45012800e-06,5.24663891e-01
6.45022800e-06,5.24719397e-01
6.45032800e-06,5.24771856e-01
6.45042800e-06,5.24827358e-01
6.45052800e-06,5.24879815e-01
6.45062800e-06,5.24935315e-01
6.45072800e-06,5.24987769e-01
6.45082800e-06,5.25043266e-01
6.45092800e-06,5.25095718e-01
6.45102800e-06,5.25151213e-01
6.45112800e-06,5.25203662e-01
6.45122800e-06,5.25259154e-01
6.45132800e-06,5.25311601e-01
6.45142800e-06,5.25367091e-01
6.45152800e-06,5.25419535e-01
6.45162800e-06,5.25475022e-01
6.45172800e-06,5.25527464e-01
6.45182800e-06,5.25582948e-01
6.45192800e-06,5.25635387e-01
6.45202800e-06,5.25690869e-01
6.45212800e-06,5.25743306e-01
6.45222800e-06,5.25798785e-01
6.45232800e-06,5.25851219e-01
6.45242800e-06,5.25906696e-01
6.45252800e-06,5.25959128e-01
6.45262800e-06,5.26014602e-01
6.45272800e-06,5.26067031e-01
6.45282800e-06,5.26122502e-01
6.45292800e-06,5.26174928e-01
6.45302800e-06,5.26230397e-01
6.45312800e-06,5.26282821e-01
6.45322800e-06,5.26338287e-01
6.45332800e-06,5.26390708e-01
6.45342800e-06,5.26446172e-01
6.45352800e-06,5.26498590e-01
6.45362800e-06,5.26554051e-01
6.45372800e-06,5.26606467e-01
6.45382800e-06,5.26661925e-01
6.45392800e-06,5.26714338e-01
6.45402800e-06,5.26769793e-01
6.45412800e-06,5.26822204e-01
6.45422800e-06,5.26877657e-01
6.45432800e-06,5.26930064e-01
6.45442800e-06,5.26985514e-01
6.45452800e-06,5.27037919e-01
6.45462800e-06,5.27093367e-01
6.45472800e-06,5.27145769e-01
6.45482800e-06,5.27201213e-01
6.45492800e-06,5.27253613e-01
6.45502800e-06,5.27309055e-01
6.45512800e-06,5.27361451e-01
6.45522800e-06,5.27416890e-01
6.45532800e-06,5.27469284e-01
6.45542800e-06,5.27524721e-01
6.45552800e-06,5.27577112e-01
6.45562800e-06,5.27632545e-01
6.45572800e-06,5.27684934e-01
6.45582800e-06,5.27740364e-01
6.45592800e-06,5.27792750e-01
6.45602800e-06,5.27848178e-01
6.45612800e-06,5.27900561e-01
6.45622800e-06,5.27955985e-01
6.45632800e-06,5.28008366e-01
6.45642800e-06,5.28063787e-01
6.45652800e-06,5.28116165e-01
6.45662800e-06,5.28171584e-01
6.45672800e-06,5.28223958e-01
6.45682800e-06,5.28279374e-01
6.45692800e-06,5.28331746e-01
6.45702800e-06,5.28387159e-01
6.45712800e-06,5.28439528e-01
6.45722800e-06,5.28494938e-01
6.45732800e-06,5.28547304e-01
6.45742800e-06,5.28602711e-01
6.45752800e-06,5.28655074e-01
6.45762800e-06,5.28710479e-01
6.45772800e-06,5.28762839e-01
6.45782800e-06,5.28818240e-01
6.45792800e-06,5.28870597e-01
6.45802800e-06,5.28925996e-01
6.45812800e-06,5.28978350e-01
6.45822800e-06,5.29033745e-01
6.45832800e-06,5.29086096e-01
6.45842800e-06,5.29141489e-01
6.45852800e-06,5.29193837e-01
6.45862800e-06,5.29249226e-01
6.45872800e-06,5.29301572e-01
6.45882800e-06,5.29356958e-01
6.45892800e-06,5.29409300e-01
6.45902800e-06,5.29464683e-01
6.45912800e-06,5.29517022e-01
6.45922800e-06,5.29572402e-01
6.45932800e-06,5.29624739e-01
6.45942800e-06,5.29680116e-01
6.45952800e-06,5.29732449e-01
6.45962800e-06,5.29787823e-01
6.45972800e-06,5.29840153e-01
6.45982800e-06,5.29895523e-01
6.45992800e-06,5.29947851e-01
6.46002800e-06,5.30003218e-01
6.46012800e-06,5.30055542e-01
6.46022800e-06,5.30110906e-01
6.46032800e-06,5.30163227e-01
6.46042800e-06,5.30218588e-01
6.46052800e-06,5.30270906e-01
6.46062800e-06,5.30326264e-01
6.46072800e-06,5.30378578e-01
6.46082800e-06,5.30433933e-01
6.46092800e-06,5.30486244e-01
6.46102800e-06,5.30541596e-01
6.46112800e-06,5.30593904e-01
6.46122800e-06,5.30649252e-01
6.46132800e-06,5.30701557e-01
6.46142800e-06,5.30756902e-01
6.46152800e-06,5.30809204e-01
6.46162800e-06,5.30864546e-01
6.46172800e-06,5.30916844e-01
6.46182800e-06,5.30972183e-01
6.46192800e-06,5.31024478e-01
6.46202800e-06,5.31079813e-01
6.46212800e-06,5.31132105e-01
6.46222800e-06,5.31187437e-01
6.46232800e-06,5.31239725e-01
6.46242800e-06,5.31295054e-01
6.46252800e-06,5.31347339e-01
6.46262800e-06,5.31402664e-01
6.46272800e-06,5.31454946e-01
6.46282800e-06,5.31510267e-01
6.46292800e-06,5.31562546e-01
6.46302800e-06,5.31617864e-01
6.46312800e-06,5.31670140e-01
6.46322800e-06,5.31725454e-01
6.46332800e-06,5.31777726e-01
6.46342800e-06,5.31833037e-01
6.46352800e-06,5.31885306e-01
6.46362800e-06,5.31940614e-01
6.46372800e-06,5.31992879e-01
6.46382800e-06,5.32048183e-01
6.46392800e-06,5.32100445e-01
6.46402800e-06,5.32155745e-01
6.46412800e-06,5.32208003e-01
6.46422800e-06,5.32263301e-01
6.46432800e-06,5.32315555e-01
6.46442800e-06,5.32370849e-01
6.46452800e-06,5.32423100e-01
6.46462800e-06,5.32478390e-01
6.46472800e-06,5.32530638e-01
6.46482800e-06,5.32585924e-01
6.46492800e-06,5.32638168e-01
6.46502800e-06,5.32693451e-01
6.46512800e-06,5.32745692e-01
6.46522800e-06,5.32800971e-01
6.46532800e-06,5.32853208e-01
6.46542800e-06,5.32908483e-01
6.46552800e-06,5.32960717e-01
6.46562800e-06,5.33015989e-01
6.46572800e-06,5.33068218e-01
6.46582800e-06,5.33123487e-01
6.46592800e-06,5.33175712e-01
6.46602800e-06,5.33230977e-01
6.46612800e-06,5.33283199e-01
6.46622800e-06,5.33338460e-01
6.46632800e-06,5.33390679e-01
6.46642800e-06,5.33445936e-01
6.46652800e-06,5.33498151e-01
6.46662800e-06,5.33553404e-01
6.46672800e-06,5.33605615e-01
6.46682800e-06,5.33660864e-01
6.46692800e-06,5.33713072e-01
6.46702800e-06,5.33768317e-01
6.46712800e-06,5.33820521e-01
6.46722800e-06,5.33875763e-01
6.46732800e-06,5.33927962e-01
6.46742800e-06,5.33983200e-01
6.46752800e-06,5.34035396e-01
6.46762800e-06,5.34090630e-01
6.46772800e-06,5.34142822e-01
6.46782800e-06,5.34198052e-01
6.46792800e-06,5.34250240e-01
6.46802800e-06,5.34305466e-01
6.46812800e-06,5.34357651e-01
6.46822800e-06,5.34412873e-01
6.46832800e-06,5.34465053e-01
6.46842800e-06,5.34520271e-01
6.46852800e-06,5.34572448e-01
6.46862800e-06,5.34627662e-01
6.46872800e-06,5.34679834e-01
6.46882800e-06,5.34735044e-01
6.46892800e-06,5.34787213e-01
6.46902800e-06,5.34842419e-01
6.46912800e-06,5.34894583e-01
6.46922800e-06,5.34949785e-01
6.46932800e-06,5.35001945e-01
6.46942800e-06,5.35057143e-01
6.46952800e-06,5.35109299e-01
6.46962800e-06,5.35164493e-01
6.46972800e-06,5.35216645e-01
6.46982800e-06,5.35271835e-01
6.46992800e-06,5.35323983e-01
6.47002800e-06,5.35379168e-01
6.47012800e-06,5.35431312e-01
6.47022800e-06,5.35486493e-01
6.47032800e-06,5.35538633e-01
6.47042800e-06,5.35593810e-01
6.47052800e-06,5.35645945e-01
6.47062800e-06,5.35701118e-01
6.47072800e-06,5.35753249e-01
6.47082800e-06,5.35808418e-01
6.47092800e-06,5.35860545e-01
6.47102800e-06,5.35915709e-01
6.47112800e-06,5.35967831e-01
6.47122800e-06,5.36022991e-01
6.47132800e-06,5.36075109e-01
6.47142800e-06,5.36130265e-01
6.47152800e-06,5.36182379e-01
6.47162800e-06,5.36237530e-01
6.47172800e-06,5.36289640e-01
6.47182800e-06,5.36344786e-01
6.47192800e-06,5.36396891e-01
6.47202800e-06,5.36452033e-01
6.47212800e-06,5.36504134e-01
6.47222800e-06,5.36559272e-01
6.47232800e-06,5.36611368e-01
6.47242800e-06,5.36666501e-01
6.47252800e-06,5.36718593e-01
6.47262800e-06,5.36773722e-01
6.47272800e-06,5.36825809e-01
6.47282800e-06,5.36880933e-01
6.47292800e-06,5.36933016e-01
6.47302800e-06,5.36988136e-01
6.47312800e-06,5.37040214e-01
6.47322800e-06,5.37095329e-01
6.47332800e-06,5.37147403e-01
6.47342800e-06,5.37202513e-01
6.47352800e-06,5.37254582e-01
6.47362800e-06,5.37309688e-01
6.47372800e-06,5.37361752e-01
6.47382800e-06,5.37416853e-01
6.47392800e-06,5.37468913e-01
6.47402800e-06,5.37524009e-01
6.47412800e-06,5.37576064e-01
6.47422800e-06,5.37631155e-01
6.47432800e-06,5.37683206e-01
6.47442800e-06,5.37738292e-01
6.47452800e-06,5.37790338e-01
6.47462800e-06,5.37845419e-01
6.47472800e-06,5.37897460e-01
6.47482800e-06,5.37952537e-01
6.47492800e-06,5.38004573e-01
6.47502800e-06,5.38059645e-01
6.47512800e-06,5.38111676e-01
6.47522800e-06,5.38166743e-01
6.47532800e-06,5.38218769e-01
6.47542800e-06,5.38273831e-01
6.47552800e-06,5.38325853e-01
6.47562800e-06,5.38380909e-01
6.47572800e-06,5.38432926e-01
6.47582800e-06,5.38487978e-01
6.47592800e-06,5.38539989e-01
6.47602800e-06,5.38595036e-01
6.47612800e-06,5.38647043e-01
6.47622800e-06,5.38702084e-01
6.47632800e-06,5.38754086e-01
6.47642800e-06,5.38809122e-01
6.47652800e-06,5.38861119e-01
6.47662800e-06,5.38916150e-01
6.47672800e-06,5.38968142e-01
6.47682800e-06,5.39023168e-01
6.47692800e-06,5.39075154e-01
6.47702800e-06,5.39130175e-01
6.47712800e-06,5.39182156e-01
6.47722800e-06,5.39237172e-01
6.47732800e-06,5.39289147e-01
6.47742800e-06,5.39344158e-01
6.47752800e-06,5.39396128e-01
6.47762800e-06,5.39451134e-01
6.47772800e-06,5.39503099e-01
6.47782800e-06,5.39558099e-01
6.47792800e-06,5.39610058e-01
6.47802800e-06,5.39665053e-01
6.47812800e-06,5.39717007e-01
6.47822800e-06,5.39771996e-01
6.47832800e-06,5.39823945e-01
6.47842800e-06,5.39878929e-01
6.47852800e-06,5.39930872e-01
6.47862800e-06,5.39985851e-01
6.47872800e-06,5.40037789e-01
6.47882800e-06,5.40092761e-01
6.47892800e-06,5.40144694e-01
6.47902800e-06,5.40199661e-01
6.47912800e-06,5.40251588e-01
6.47922800e-06,5.40306549e-01
6.47932800e-06,5.40358471e-01
6.47942800e-06,5.40413427e-01
6.47952800e-06,5.40465343e-01
6.47962800e-06,5.40520293e-01
6.47972800e-06,5.40572203e-01
6.47982800e-06,5.40627147e-01
6.47992800e-06,5.40679052e-01
6.48002800e-06,5.40733990e-01
6.48012800e-06,5.40785889e-01
6.48022800e-06,5.40840822e-01
6.48032800e-06,5.40892715e-01
6.48042800e-06,5.40947642e-01
6.48052800e-06,5.40999529e-01
6.48062800e-06,5.41054450e-01
6.48072800e-06,5.41106332e-01
6.48082800e-06,5.41161247e-01
6.48092800e-06,5.41213123e-01
6.48102800e-06,5.41268032e-01
6.48112800e-06,5.41319901e-01
6.48122800e-06,5.41374805e-01
6.48132800e-06,5.41426668e-01
6.48142800e-06,5.41481565e-01
6.48152800e-06,5.41533423e-01
6.48162800e-06,5.41588314e-01
6.48172800e-06,5.41640166e-01
6.48182800e-06,5.41695051e-01
6.48192800e-06,5.41746896e-01
6.48202800e-06,5.41801775e-01
6.48212800e-06,5.41853614e-01
6.48222800e-06,5.41908487e-01
6.48232800e-06,5.41960320e-01
6.48242800e-06,5.42015187e-01
6.48252800e-06,5.42067014e-01
6.48262800e-06,5.42121874e-01
6.48272800e-06,5.42173694e-01
6.48282800e-06,5.42228548e-01
6.48292800e-06,5.42280363e-01
6.48302800e-06,5.42335210e-01
6.48312800e-06,5.42387018e-01
6.48322800e-06,5.42441859e-01
6.48332800e-06,5.42493661e-01
6.48342800e-06,5.42548495e-01
6.48352800e-06,5.42600291e-01
6.48362800e-06,5.42655119e-01
6.48372800e-06,5.42706907e-01
6.48382800e-06,5.42761729e-01
6.48392800e-06,5.42813511e-01
6.48402800e-06,5.42868326e-01
6.48412800e-06,5.42920102e-01
6.48422800e-06,5.42974910e-01
6.48432800e-06,5.43026679e-01
6.48442800e-06,5.43081481e-01
6.48452800e-06,5.43133243e-01
6.48462800e-06,5.43188038e-01
6.48472800e-06,5.43239794e-01
6.48482800e-06,5.43294582e-01
6.48492800e-06,5.43346331e-01
6.48502800e-06,5.43401112e-01
6.48512800e-06,5.43452854e-01
6.48522800e-06,5.43507629e-01
6.48532800e-06,5.43559364e-01
6.48542800e-06,5.43614131e-01
6.48552800e-06,5.43665860e-01
6.48562800e-06,5.43720620e-01
6.48572800e-06,5.43772342e-01
6.48582800e-06,5.43827095e-01
6.48592800e-06,5.43878810e-01
6.48602800e-06,5.43933556e-01
6.48612800e-06,5.43985264e-01
6.48622800e-06,5.44040003e-01
6.48632800e-06,5.44091703e-01
6.48642800e-06,5.44146435e-01
6.48652800e-06,5.44198129e-01
6.48662800e-06,5.44252854e-01
6.48672800e-06,5.44304540e-01
6.48682800e-06,5.44359257e-01
6.48692800e-06,5.44410936e-01
6.48702800e-06,5.44465647e-01
6.48712800e-06,5.44517318e-01
6.48722800e-06,5.44572021e-01
6.48732800e-06,5.44623685e-01
6.48742800e-06,5.44678381e-01
6.48752800e-06,5.44730038e-01
6.48762800e-06,5.44784726e-01
6.48772800e-06,5.44836375e-01
6.48782800e-06,5.44891056e-01
6.48792800e-06,5.44942698e-01
6.48802800e-06,5.44997371e-01
6.48812800e-06,5.45049005e-01
6.48822800e-06,5.45103670e-01
6.48832800e-06,5.45155297e-01
6.48842800e-06,5.45209955e-01
6.48852800e-06,5.45261574e-01
6.48862800e-06,5.45316224e-01
6.48872800e-06,5.45367835e-01
6.48882800e-06,5.45422477e-01
6.48892800e-06,5.45474081e-01
6.48902800e-06,5.45528715e-01
6.48912800e-06,5.45580311e-01
6.48922800e-06,5.45634937e-01
6.48932800e-06,5.45686526e-01
6.48942800e-06,5.45741144e-01
6.48952800e-06,5.45792724e-01
6.48962800e-06,5.45847334e-01
6.48972800e-06,5.45898906e-01
6.48982800e-06,5.45953509e-01
6.48992800e-06,5.46005073e-01
6.49002800e-06,5.46059667e-01
6.49012800e-06,5.46111223e-01
6.49022800e-06,5.46165808e-01
6.49032800e-06,5.46217356e-01
6.49042800e-06,5.46271934e-01
6.49052800e-06,5.46323473e-01
6.49062800e-06,5.46378043e-01
6.49072800e-06,5.46429574e-01
6.49082800e-06,5.46484135e-01
6.49092800e-06,5.46535658e-01
6.49102800e-06,5.46590210e-01
6.49112800e-06,5.46641725e-01
6.49122800e-06,5.46696269e-01
6.49132800e-06,5.46747775e-01
6.49142800e-06,5.46802310e-01
6.49152800e-06,5.46853808e-01
6.49162800e-06,5.46908335e-01
6.49172800e-06,5.46959824e-01
6.49182800e-06,5.47014342e-01
6.49192800e-06,5.47065822e-01
6.49202800e-06,5.47120332e-01
6.49212800e-06,5.47171803e-01
6.49222800e-06,5.47226304e-01
6.49232800e-06,5.47277767e-01
6.49242800e-06,5.47332259e-01
6.49252800e-06,5.47383713e-01
6.49262800e-06,5.47438195e-01
6.49272800e-06,5.47489641e-01
6.49282800e-06,5.47544114e-01
6.49292800e-06,5.47595550e-01
6.49302800e-06,5.47650015e-01
6.49312800e-06,5.47701442e-01
6.49322800e-06,5.47755898e-01
6.49332800e-06,5.47807316e-01
6.49342800e-06,5.47861762e-01
6.49352800e-06,5.47913171e-01
6.49362800e-06,5.47967608e-01
6.49372800e-06,5.48019008e-01
6.49382800e-06,5.48073436e-01
6.49392800e-06,5.48124826e-01
6.49402800e-06,5.48179245e-01
6.49412800e-06,5.48230626e-01
6.49422800e-06,5.48285035e-01
6.49432800e-06,5.48336406e-01
6.49442800e-06,5.48390806e-01
6.49452800e-06,5.48442168e-01
6.49462800e-06,5.48496557e-01
6.49472800e-06,5.48547910e-01
6.49482800e-06,5.48602290e-01
6.49492800e-06,5.48653633e-01
6.49502800e-06,5.48708003e-01
6.49512800e-06,5.48759336e-01
6.49522800e-06,5.48813697e-01
6.49532800e-06,5.48865020e-01
6.49542800e-06,5.48919371e-01
6.49552800e-06,5.48970684e-01
6.49562800e-06,5.49025025e-01
6.49572800e-06,5.49076328e-01
6.49582800e-06,5.49130659e-01
6.49592800e-06,5.49181952e-01
6.49602800e-06,5.49236273e-01
6.49612800e-06,5.49287556e-01
6.49622800e-06,5.49341867e-01
6.49632800e-06,5.49393140e-01
6.49642800e-06,5.49447440e-01
6.49652800e-06,5.49498703e-01
6.49662800e-06,5.49552993e-01
6.49672800e-06,5.49604246e-01
6.49682800e-06,5.49658525e-01
6.49692800e-06,5.49709767e-01
6.49702800e-06,5.49764036e-01
6.49712800e-06,5.49815268e-01
6.49722800e-06,5.49869526e-01
6.49732800e-06,5.49920747e-01
6.49742800e-06,5.49974995e-01
6.49752800e-06,5.50026206e-01
6.49762800e-06,5.50080443e-01
6.49772800e-06,5.50131643e-01
6.49782800e-06,5.50185869e-01
6.49792800e-06,5.50237058e-01
6.49802800e-06,5.50291273e-01
6.49812800e-06,5.50342451e-01
6.49822800e-06,5.50396656e-01
6.49832800e-06,5.50447823e-01
6.49842800e-06,5.50502016e-01
6.49852800e-06,5.50553173e-01
6.49862800e-06,5.50607355e-01
6.49872800e-06,5.50658500e-01
6.49882800e-06,5.50712671e-01
6.49892800e-06,5.50763805e-01
6.49902800e-06,5.50817964e-01
6.49912800e-06,5.50869087e-01
6.49922800e-06,5.50923235e-01
6.49932800e-06,5.50974347e-01
6.49942800e-06,5.51028483e-01
6.49952800e-06,5.51079583e-01
6.49962800e-06,5.51133709e-01
6.49972800e-06,5.51184797e-01
6.49982800e-06,5.51238911e-01
6.49992800e-06,5.51289987e-01
6.50002800e-06,5.51344089e-01
6.50012800e-06,5.51395154e-01
6.50022800e-06,5.51449244e-01
6.50032800e-06,5.51500297e-01
6.50042800e-06,5.51554376e-01
6.50052800e-06,5.51605417e-01
6.50062800e-06,5.51659483e-01
6.50072800e-06,5.51710513e-01
6.50082800e-06,5.51764567e-01
6.50092800e-06,5.51815584e-01
6.50102800e-06,5.51869626e-01
6.50112800e-06,5.51920631e-01
6.50122800e-06,5.51974661e-01
6.50132800e-06,5.52025654e-01
6.50142800e-06,5.52079671e-01
6.50152800e-06,5.52130652e-01
6.50162800e-06,5.52184657e-01
6.50172800e-06,5.52235625e-01
6.50182800e-06,5.52289617e-01
6.50192800e-06,5.52340573e-01
6.50202800e-06,5.52394552e-01
6.50212800e-06,5.52445496e-01
6.50222800e-06,5.52499463e-01
6.50232800e-06,5.52550393e-01
6.50242800e-06,5.52604347e-01
6.50252800e-06,5.52655265e-01
6.50262800e-06,5.52709206e-01
6.50272800e-06,5.52760111e-01
6.50282800e-06,5.52814039e-01
6.50292800e-06,5.52864930e-01
6.50302800e-06,5.52918845e-01
6.50312800e-06,5.52969724e-01
6.50322800e-06,5.53023626e-01
6.50332800e-06,5.53074491e-01
6.50342800e-06,5.53128380e-01
6.50352800e-06,5.53179232e-01
6.50362800e-06,5.53233107e-01
6.50372800e-06,5.53283946e-01
6.50382800e-06,5.53337807e-01
6.50392800e-06,5.53388633e-01
6.50402800e-06,5.53442481e-01
6.50412800e-06,5.53493292e-01
6.50422800e-06,5.53547127e-01
6.50432800e-06,5.53597925e-01
6.50442800e-06,5.53651745e-01
6.50452800e-06,5.53702529e-01
6.50462800e-06,5.53756336e-01
6.50472800e-06,5.53807106e-01
6.50482800e-06,5.53860898e-01
6.50492800e-06,5.53911655e-01
6.50502800e-06,5.53965433e-01
6.50512800e-06,5.54016175e-01
6.50522800e-06,5.54069939e-01
6.50532800e-06,5.54120667e-01
6.50542800e-06,5.54174417e-01
6.50552800e-06,5.54225131e-01
6.50562800e-06,5.54278866e-01
6.50572800e-06,5.54329565e-01
6.50582800e-06,5.54383286e-01
6.50592800e-06,5.54433971e-01
6.50602800e-06,5.54487677e-01
6.50612800e-06,5.54538347e-01
6.50622800e-06,5.54592038e-01
6.50632800e-06,5.54642693e-01
6.50642800e-06,5.54696370e-01
6.50652800e-06,5.54747010e-01
6.50662800e-06,5.54800672e-01
6.50672800e-06,5.54851297e-01
6.50682800e-06,5.54904943e-01
6.50692800e-06,5.54955554e-01
6.50702800e-06,5.55009185e-01
6.50712800e-06,5.55059780e-01
6.50722800e-06,5.55113396e-01
6.50732800e-06,5.55163976e-01
6.50742800e-06,5.55217576e-01
6.50752800e-06,5.55268140e-01
6.50762800e-06,5.55321725e-01
6.50772800e-06,5.55372274e-01
6.50782800e-06,5.55425843e-01
6.50792800e-06,5.55476376e-01
6.50802800e-06,5.55529929e-01
6.50812800e-06,5.55580447e-01
6.50822800e-06,5.55633984e-01
6.50832800e-06,5.55684486e-01
6.50842800e-06,5.55738007e-01
6.50852800e-06,5.55788493e-01
6.50862800e-06,5.55841998e-01
6.50872800e-06,5.55892467e-01
6.50882800e-06,5.55945956e-01
6.50892800e-06,5.55996410e-01
6.50902800e-06,5.56049882e-01
6.50912800e-06,5.56100319e-01
6.50922800e-06,5.56153775e-01
6.50932800e-06,5.56204195e-01
6.50942800e-06,5.56257635e-01
6.50952800e-06,5.56308039e-01
6.50962800e-06,5.56361461e-01
6.50972800e-06,5.56411848e-01
6.50982800e-06,5.56465254e-01
6.50992800e-06,5.56515624e-01
6.51002800e-06,5.56569013e-01
6.51012800e-06,5.56619366e-01
6.51022800e-06,5.56672738e-01
6.51032800e-06,5.56723074e-01
6.51042800e-06,5.56776429e-01
6.51052800e-06,5.56826748e-01
6.51062800e-06,5.56880085e-01
6.51072800e-06,5.56930387e-01
6.51082800e-06,5.56983706e-01
6.51092800e-06,5.57033990e-01
6.51102800e-06,5.57087292e-01
6.51112800e-06,5.57137559e-01
6.51122800e-06,5.57190843e-01
6.51132800e-06,5.57241092e-01
6.51142800e-06,5.57294358e-01
6.51152800e-06,5.57344590e-01
6.51162800e-06,5.57397838e-01
6.51172800e-06,5.57448051e-01
6.51182800e-06,5.57501281e-01
6.51192800e-06,5.57551477e-01
6.51202800e-06,5.57604689e-01
6.51212800e-06,5.57654866e-01
6.51222800e-06,5.57708059e-01
6.51232800e-06,5.57758218e-01
6.51242800e-06,5.57811393e-01
6.51252800e-06,5.57861533e-01
6.51262800e-06,5.57914690e-01
6.51272800e-06,5.57964811e-01
6.51282800e-06,5.58017949e-01
6.51292800e-06,5.58068052e-01
6.51302800e-06,5.58121171e-01
6.51312800e-06,5.58171255e-01
6.51322800e-06,5.58224354e-01
6.51332800e-06,5.58274419e-01
6.51342800e-06,5.58327500e-01
6.51352800e-06,5.58377546e-01
6.51362800e-06,5.58430607e-01
6.51372800e-06,5.58480634e-01
6.51382800e-06,5.58533676e-01
6.51392800e-06,5.58583683e-01
6.51402800e-06,5.58636706e-01
6.51412800e-06,5.58686693e-01
6.51422800e-06,5.58739696e-01
6.51432800e-06,5.58789664e-01
6.51442800e-06,5.58842647e-01
6.51452800e-06,5.58892596e-01
6.51462800e-06,5.58945558e-01
6.51472800e-06,5.58995487e-01
6.51482800e-06,5.59048430e-01
6.51492800e-06,5.59098338e-01
6.51502800e-06,5.59151261e-01
6.51512800e-06,5.59201149e-01
6.51522800e-06,5.59254051e-01
6.51532800e-06,5.59303919e-01
6.51542800e-06,5.59356801e-01
6.51552800e-06,5.59406649e-01
6.51562800e-06,5.59459510e-01
6.51572800e-06,5.59509337e-01
6.51582800e-06,5.59562177e-01
6.51592800e-06,5.59611984e-01
6.51602800e-06,5.59664803e-01
6.51612800e-06,5.59714589e-01
6.51622800e-06,5.59767387e-01
6.51632800e-06,5.59817152e-01
6.51642800e-06,5.59869929e-01
6.51652800e-06,5.59919672e-01
6.51662800e-06,5.59972429e-01
6.51672800e-06,5.60022151e-01
6.51682800e-06,5.60074885e-01
6.51692800e-06,5.60124586e-01
6.51702800e-06,5.60177299e-01
6.51712800e-06,5.60226979e-01
6.51722800e-06,5.60279670e-01
6.51732800e-06,5.60329328e-01
6.51742800e-06,5.60381997e-01
6.51752800e-06,5.60431633e-01
6.51762800e-06,5.60484281e-01
6.51772800e-06,5.60533895e-01
6.51782800e-06,5.60586520e-01
6.51792800e-06,5.60636112e-01
6.51802800e-06,5.60688716e-01
6.51812800e-06,5.60738285e-01
6.51822800e-06,5.60790866e-01
6.51832800e-06,5.60840414e-01
6.51842800e-06,5.60892972e-01
6.51852800e-06,5.60942497e-01
6.51862800e-06,5.60995033e-01
6.51872800e-06,5.61044536e-01
6.51882800e-06,5.61097049e-01
6.51892800e-06,5.61146529e-01
6.51902800e-06,5.61199019e-01
6.51912800e-06,5.61248476e-01
6.51922800e-06,5.61300943e-01
6.51932800e-06,5.61350377e-01
6.51942800e-06,5.61402821e-01
6.51952800e-06,5.61452232e-01
6.51962800e-06,5.61504652e-01
6.51972800e-06,5.61554040e-01
6.51982800e-06,5.61606437e-01
6.51992800e-06,5.61655802e-01
6.52002800e-06,5.61708176e-01
6.52012800e-06,5.61757516e-01
6.52022800e-06,5.61809866e-01
6.52032800e-06,5.61859184e-01
6.52042800e-06,5.61911510e-01
6.52052800e-06,5.61960804e-01
6.52062800e-06,5.62013106e-01
6.52072800e-06,5.62062375e-01
6.52082800e-06,5.62114654e-01
6.52092800e-06,5.62163899e-01
6.52102800e-06,5.62216153e-01
6.52112800e-06,5.62265375e-01
6.52122800e-06,5.62317605e-01
6.52132800e-06,5.62366802e-01
6.52142800e-06,5.62419007e-01
6.52152800e-06,5.62468180e-01
6.52162800e-06,5.62520361e-01
6.52172800e-06,5.62569509e-01
6.52182800e-06,5.62621665e-01
6.52192800e-06,5.62670789e-01
6.52202800e-06,5.62722920e-01
6.52212800e-06,5.62772019e-01
6.52222800e-06,5.62824125e-01
6.52232800e-06,5.62873199e-01
6.52242800e-06,5.62925280e-01
6.52252800e-06,5.62974330e-01
6.52262800e-06,5.63026385e-01
6.52272800e-06,5.63075410e-01
6.52282800e-06,5.63127440e-01
6.52292800e-06,5.63176439e-01
6.52302800e-06,5.63228444e-01
6.52312800e-06,5.63277418e-01
6.52322800e-06,5.63329397e-01
6.52332800e-06,5.63378345e-01
6.52342800e-06,5.63430299e-01
6.52352800e-06,5.63479222e-01
6.52362800e-06,5.63531150e-01
6.52372800e-06,5.63580046e-01
6.52382800e-06,5.63631948e-01
6.52392800e-06,5.63680819e-01
6.52402800e-06,5.63732695e-01
6.52412800e-06,5.63781540e-01
6.52422800e-06,5.63833390e-01
6.52432800e-06,5.63882209e-01
6.52442800e-06,5.63934033e-01
6.52452800e-06,5.63982826e-01
6.52462800e-06,5.64034623e-01
6.52472800e-06,5.64083390e-01
6.52482800e-06,5.64135160e-01
6.52492800e-06,5.64183901e-01
6.52502800e-06,5.64235645e-01
6.52512800e-06,5.64284358e-01
6.52522800e-06,5.64336076e-01
6.52532800e-06,5.64384763e-01
6.52542800e-06,5.64436454e-01
6.52552800e-06,5.64485114e-01
6.52562800e-06,5.64536778e-01
6.52572800e-06,5.64585411e-01
6.52582800e-06,5.64637048e-01
6.52592800e-06,5.64685654e-01
6.52602800e-06,5.64737264e-01
6.52612800e-06,5.64785844e-01
6.52622800e-06,5.64837426e-01
6.52632800e-06,5.64885978e-01
6.52642800e-06,5.64937533e-01
6.52652800e-06,5.64986058e-01
6.52662800e-06,5.65037586e-01
6.52672800e-06,5.65086084e-01
6.52682800e-06,5.65137584e-01
6.52692800e-06,5.65186054e-01
6.52702800e-06,5.65237526e-01
6.52712800e-06,5.65285969e-01
6.52722800e-06,5.65337414e-01
6.52732800e-06,5.65385829e-01
6.52742800e-06,5.65437245e-01
6.52752800e-06,5.65485633e-01
6.52762800e-06,5.65537021e-01
6.52772800e-06,5.65585381e-01
6.52782800e-06,5.65636742e-01
6.52792800e-06,5.65685074e-01
6.52802800e-06,5.65736406e-01
6.52812800e-06,5.65784710e-01
6.52822800e-06,5.65836014e-01
6.52832800e-06,5.65884289e-01
6.52842800e-06,5.65935565e-01
6.52852800e-06,5.65983813e-01
6.52862800e-06,5.66035060e-01
6.52872800e-06,5.66083279e-01
6.52882800e-06,5.66134498e-01
6.52892800e-06,5.66182689e-01
6.52902800e-06,5.66233879e-01
6.52912800e-06,5.66282041e-01
6.52922800e-06,5.66333203e-01
6.52932800e-06,5.66381336e-01
6.52942800e-06,5.66432469e-01
6.52952800e-06,5.66480574e-01
6.52962800e-06,5.66531678e-01
6.52972800e-06,5.66579754e-01
6.52982800e-06,5.66630829e-01
6.52992800e-06,5.66678876e-01
6.53002800e-06,5.66729922e-01
6.53012800e-06,5.66777941e-01
6.53022800e-06,5.66828957e-01
6.53032800e-06,5.66876947e-01
6.53042800e-06,5.66927934e-01
6.53052800e-06,5.66975894e-01
6.53062800e-06,5.67026852e-01
6.53072800e-06,5.67074784e-01
6.53082800e-06,5.67125712e-01
6.53092800e-06,5.67173614e-01
6.53102800e-06,5.67224513e-01
6.53112800e-06,5.67272386e-01
6.53122800e-06,5.67323256e-01
6.53132800e-06,5.67371099e-01
6.53142800e-06,5.67421939e-01
6.53152800e-06,5.67469753e-01
6.53162800e-06,5.67520563e-01
6.53172800e-06,5.67568347e-01
6.53182800e-06,5.67619127e-01
6.53192800e-06,5.67666882e-01
6.53202800e-06,5.67717632e-01
6.53212800e-06,5.67765357e-01
6.53222800e-06,5.67816077e-01
6.53232800e-06,5.67863773e-01
6.53242800e-06,5.67914463e-01
6.53252800e-06,5.67962128e-01
6.53262800e-06,5.68012788e-01
6.53272800e-06,5.68060424e-01
6.53282800e-06,5.68111053e-01
6.53292800e-06,5.68158659e-01
6.53302800e-06,5.68209258e-01
6.53312800e-06,5.68256834e-01
6.53322800e-06,5.68307403e-01
6.53332800e-06,5.68354948e-01
6.53342800e-06,5.68405487e-01
6.53352800e-06,5.68453001e-01
6.53362800e-06,5.68503510e-01
6.53372800e-06,5.68550994e-01
6.53382800e-06,5.68601472e-01
6.53392800e-06,5.68648926e-01
6.53402800e-06,5.68699373e-01
6.53412800e-06,5.68746796e-01
6.53422800e-06,5.68797212e-01
6.53432800e-06,5.68844606e-01
6.53442800e-06,5.68894991e-01
6.53452800e-06,5.68942353e-01
6.53462800e-06,5.68992708e-01
6.53472800e-06,5.69040040e-01
6.53482800e-06,5.69090363e-01
6.53492800e-06,5.69137664e-01
6.53502800e-06,5.69187956e-01
6.53512800e-06,5.69235227e-01
6.53522800e-06,5.69285488e-01
6.53532800e-06,5.69332727e-01
6.53542800e-06,5.69382957e-01
6.53552800e-06,5.69430166e-01
6.53562800e-06,5.69480364e-01
6.53572800e-06,5.69527542e-01
6.53582800e-06,5.69577709e-01
6.53592800e-06,5.69624855e-01
6.53602800e-06,5.69674991e-01
6.53612800e-06,5.69722106e-01
6.53622800e-06,5.69772211e-01
6.53632800e-06,5.69819295e-01
6.53642800e-06,5.69869368e-01
6.53652800e-06,5.69916420e-01
6.53662800e-06,5.69966461e-01
6.53672800e-06,5.70013483e-01
6.53682800e-06,5.70063492e-01
6.53692800e-06,5.70110482e-01
6.53702800e-06,5.70160460e-01
6.53712800e-06,5.70207418e-01
6.53722800e-06,5.70257364e-01
6.53732800e-06,5.70304290e-01
6.53742800e-06,5.70354204e-01
6.53752800e-06,5.70401099e-01
6.53762800e-06,5.70450981e-01
6.53772800e-06,5.70497844e-01
6.53782800e-06,5.70547694e-01
6.53792800e-06,5.70594526e-01
6.53802800e-06,5.70644344e-01
6.53812800e-06,5.70691143e-01
6.53822800e-06,5.70740929e-01
6.53832800e-06,5.70787696e-01
6.53842800e-06,5.70837450e-01
6.53852800e-06,5.70884185e-01
6.53862800e-06,5.70933906e-01
6.53872800e-06,5.70980610e-01
6.53882800e-06,5.71030298e-01
6.53892800e-06,5.71076969e-01
6.53902800e-06,5.71126625e-01
6.53912800e-06,5.71173265e-01
6.53922800e-06,5.71222888e-01
6.53932800e-06,5.71269495e-01
6.53942800e-06,5.71319086e-01
6.53952800e-06,5.71365660e-01
6.53962800e-06,5.71415218e-01
6.53972800e-06,5.71461761e-01
6.53982800e-06,5.71511286e-01
6.53992800e-06,5.71557796e-01
6.54002800e-06,5.71607288e-01
6.54012800e-06,5.71653765e-01
6.54022800e-06,5.71703225e-01
6.54032800e-06,5.71749669e-01
6.54042800e-06,5.71799096e-01
6.54052800e-06,5.71845507e-01
6.54062800e-06,5.71894901e-01
6.54072800e-06,5.71941280e-01
6.54082800e-06,5.71990640e-01
6.54092800e-06,5.72036987e-01
6.54102800e-06,5.72086314e-01
6.54112800e-06,5.72132627e-01
6.54122800e-06,5.72181921e-01
6.54132800e-06,5.72228201e-01
6.54142800e-06,5.72277462e-01
6.54152800e-06,5.72323709e-01
6.54162800e-06,5.72372937e-01
6.54172800e-06,5.72419151e-01
6.54182800e-06,5.72468345e-01
6.54192800e-06,5.72514526e-01
6.54202800e-06,5.72563686e-01
6.54212800e-06,5.72609834e-01
6.54222800e-06,5.72658960e-01
6.54232800e-06,5.72705075e-01
6.54242800e-06,5.72754168e-01
6.54252800e-06,5.72800249e-01
6.54262800e-06,5.72849308e-01
6.54272800e-06,5.72895356e-01
6.54282800e-06,5.72944381e-01
6.54292800e-06,5.72990396e-01
6.54302800e-06,5.73039387e-01
6.54312800e-06,5.73085368e-01
6.54322800e-06,5.73134325e-01
6.54332800e-06,5.73180272e-01
6.54342800e-06,5.73229196e-01
6.54352800e-06,5.73275109e-01
6.54362800e-06,5.73323999e-01
6.54372800e-06,5.73369878e-01
6.54382800e-06,5.73418734e-01
6.54392800e-06,5.73464580e-01
6.54402800e-06,5.73513400e-01
6.54412800e-06,5.73559213e-01
6.54422800e-06,5.73607999e-01
6.54432800e-06,5.73653778e-01
6.54442800e-06,5.73702530e-01
6.54452800e-06,5.73748274e-01
6.54462800e-06,5.73796992e-01
6.54472800e-06,5.73842702e-01
6.54482800e-06,5.73891385e-01
6.54492800e-06,5.73937061e-01
6.54502800e-06,5.73985710e-01
6.54512800e-06,5.74031352e-01
6.54522800e-06,5.74079966e-01
6.54532800e-06,5.74125574e-01
6.54542800e-06,5.74174153e-01
6.54552800e-06,5.74219727e-01
6.54562800e-06,5.74268272e-01
6.54572800e-06,5.74313811e-01
6.54582800e-06,5.74362321e-01
6.54592800e-06,5.74407825e-01
6.54602800e-06,5.74456300e-01
6.54612800e-06,5.74501771e-01
6.54622800e-06,5.74550211e-01
6.54632800e-06,5.74595647e-01
6.54642800e-06,5.74644052e-01
6.54652800e-06,5.74689453e-01
6.54662800e-06,5.74737823e-01
6.54672800e-06,5.74783190e-01
6.54682800e-06,5.74831524e-01
6.54692800e-06,5.74876856e-01
6.54702800e-06,5.74925156e-01
6.54712800e-06,5.74970453e-01
6.54722800e-06,5.75018718e-01
6.54732800e-06,5.75063980e-01
6.54742800e-06,5.75112210e-01
6.54752800e-06,5.75157437e-01
6.54762800e-06,5.75205631e-01
6.54772800e-06,5.75250824e-01
6.54782800e-06,5.75298982e-01
6.54792800e-06,5.75344140e-01
6.54802800e-06,5.75392263e-01
6.54812800e-06,5.75437386e-01
6.54822800e-06,5.75485474e-01
6.54832800e-06,5.75530562e-01
6.54842800e-06,5.75578614e-01
6.54852800e-06,5.75623667e-01
6.54862800e-06,5.75671683e-01
6.54872800e-06,5.75716701e-01
6.54882800e-06,5.75764682e-01
6.54892800e-06,5.75809664e-01
6.54902800e-06,5.75857609e-01
6.54912800e-06,5.75902557e-01
6.54922800e-06,5.75950466e-01
6.54932800e-06,5.75995378e-01
6.54942800e-06,5.76043252e-01
6.54952800e-06,5.76088129e-01
6.54962800e-06,5.76135967e-01
6.54972800e-06,5.76180808e-01
6.54982800e-06,5.76228610e-01
6.54992800e-06,5.76273417e-01
6.55002800e-06,5.76321183e-01
6.55012800e-06,5.76365954e-01
6.55022800e-06,5.76413684e-01
6.55032800e-06,5.76458419e-01
6.55042800e-06,5.76506114e-01
6.55052800e-06,5.76550814e-01
6.55062800e-06,5.76598472e-01
6.55072800e-06,5.76643136e-01
6.55082800e-06,5.76690758e-01
6.55092800e-06,5.76735388e-01
6.55102800e-06,5.76782974e-01
6.55112800e-06,5.76827567e-01
6.55122800e-06,5.76875117e-01
6.55132800e-06,5.76919675e-01
6.55142800e-06,5.76967189e-01
6.55152800e-06,5.77011712e-01
6.55162800e-06,5.77059189e-01
6.55172800e-06,5.77103676e-01
6.55182800e-06,5.77151118e-01
6.55192800e-06,5.77195569e-01
6.55202800e-06,5.77242975e-01
6.55212800e-06,5.77287390e-01
6.55222800e-06,5.77334759e-01
6.55232800e-06,5.77379140e-01
6.55242800e-06,5.77426472e-01
6.55252800e-06,5.77470817e-01
6.55262800e-06,5.77518114e-01
6.55272800e-06,5.77562422e-01
6.55282800e-06,5.77609683e-01
6.55292800e-06,5.77653956e-01
6.55302800e-06,5.77701180e-01
6.55312800e-06,5.77745418e-01
6.55322800e-06,5.77792605e-01
6.55332800e-06,5.77836807e-01
6.55342800e-06,5.77883959e-01
6.55352800e-06,5.77928125e-01
6.55362800e-06,5.77975240e-01
6.55372800e-06,5.78019371e-01
6.55382800e-06,5.78066450e-01
6.55392800e-06,5.78110545e-01
6.55402800e-06,5.78157587e-01
6.55412800e-06,5.78201647e-01
6.55422800e-06,5.78248653e-01
6.55432800e-06,5.78292677e-01
6.55442800e-06,5.78339647e-01
6.55452800e-06,5.78383635e-01
6.55462800e-06,5.78430569e-01
6.55472800e-06,5.78474521e-01
6.55482800e-06,5.78521419e-01
6.55492800e-06,5.78565336e-01
6.55502800e-06,5.78612197e-01
6.55512800e-06,5.78656079e-01
6.55522800e-06,5.78702904e-01
6.55532800e-06,5.78746750e-01
6.55542800e-06,5.78793539e-01
6.55552800e-06,5.78837349e-01
6.55562800e-06,5.78884102e-01
6.55572800e-06,5.78927877e-01
6.55582800e-06,5.78974594e-01
6.55592800e-06,5.79018333e-01
6.55602800e-06,5.79065014e-01
6.55612800e-06,5.79108718e-01
6.55622800e-06,5.79155363e-01
6.55632800e-06,5.79199032e-01
6.55642800e-06,5.79245640e-01
6.55652800e-06,5.79289274e-01
6.55662800e-06,5.79335846e-01
6.55672800e-06,5.79379445e-01
6.55682800e-06,5.79425981e-01
6.55692800e-06,5.79469545e-01
6.55702800e-06,5.79516045e-01
6.55712800e-06,5.79559574e-01
6.55722800e-06,5.79606039e-01
6.55732800e-06,5.79649532e-01
6.55742800e-06,5.79695961e-01
6.55752800e-06,5.79739420e-01
6.55762800e-06,5.79785813e-01
6.55772800e-06,5.79829237e-01
6.55782800e-06,5.79875594e-01
6.55792800e-06,5.79918983e-01
6.55802800e-06,5.79965305e-01
6.55812800e-06,5.80008660e-01
6.55822800e-06,5.80054946e-01
6.55832800e-06,5.80098266e-01
6.55842800e-06,5.80144517e-01
6.55852800e-06,5.80187802e-01
6.55862800e-06,5.80234018e-01
6.55872800e-06,5.80277269e-01
6.55882800e-06,5.80323450e-01
6.55892800e-06,5.80366666e-01
6.55902800e-06,5.80412812e-01
6.55912800e-06,5.80455994e-01
6.55922800e-06,5.80502105e-01
6.55932800e-06,5.80545253e-01
6.55942800e-06,5.80591329e-01
6.55952800e-06,5.80634443e-01
6.55962800e-06,5.80680484e-01
6.55972800e-06,5.80723565e-01
6.55982800e-06,5.80769571e-01
6.55992800e-06,5.80812618e-01
6.56002800e-06,5.80858590e-01
6.56012800e-06,5.80901603e-01
6.56022800e-06,5.80947540e-01
6.56032800e-06,5.80990521e-01
6.56042800e-06,5.81036424e-01
6.56052800e-06,5.81079371e-01
6.56062800e-06,5.81125240e-01
6.56072800e-06,5.81168153e-01
6.56082800e-06,5.81213989e-01
6.56092800e-06,5.81256870e-01
6.56102800e-06,5.81302671e-01
6.56112800e-06,5.81345519e-01
6.56122800e-06,5.81391287e-01
6.56132800e-06,5.81434103e-01
6.56142800e-06,5.81479837e-01
6.56152800e-06,5.81522620e-01
6.56162800e-06,5.81568321e-01
6.56172800e-06,5.81611073e-01
6.56182800e-06,5.81656741e-01
6.56192800e-06,5.81699460e-01
6.56202800e-06,5.81745095e-01
6.56212800e-06,5.81787783e-01
6.56222800e-06,5.81833385e-01
6.56232800e-06,5.81876042e-01
6.56242800e-06,5.81921612e-01
6.56252800e-06,5.81964237e-01
6.56262800e-06,5.82009775e-01
6.56272800e-06,5.82052368e-01
6.56282800e-06,5.82097874e-01
6.56292800e-06,5.82140437e-01
6.56302800e-06,5.82185912e-01
6.56312800e-06,5.82228444e-01
6.56322800e-06,5.82273887e-01
6.56332800e-06,5.82316389e-01
6.56342800e-06,5.82361801e-01
6.56352800e-06,5.82404273e-01
6.56362800e-06,5.82449654e-01
6.56372800e-06,5.82492096e-01
6.56382800e-06,5.82537446e-01
6.56392800e-06,5.82579860e-01
6.56402800e-06,5.82625179e-01
6.56412800e-06,5.82667563e-01
6.56422800e-06,5.82712853e-01
6.56432800e-06,5.82755208e-01
6.56442800e-06,5.82800468e-01
6.56452800e-06,5.82842795e-01
6.56462800e-06,5.82888026e-01
6.56472800e-06,5.82930325e-01
6.56482800e-06,5.82975526e-01
6.56492800e-06,5.83017797e-01
6.56502800e-06,5.83062970e-01
6.56512800e-06,5.83105213e-01
6.56522800e-06,5.83150357e-01
6.56532800e-06,5.83192574e-01
6.56542800e-06,5.83237690e-01
6.56552800e-06,5.83279881e-01
6.56562800e-06,5.83324969e-01
6.56572800e-06,5.83367133e-01
6.56582800e-06,5.83412194e-01
6.56592800e-06,5.83454332e-01
6.56602800e-06,5.83499367e-01
6.56612800e-06,5.83541480e-01
6.56622800e-06,5.83586488e-01
6.56632800e-06,5.83628576e-01
6.56642800e-06,5.83673558e-01
6.56652800e-06,5.83715621e-01
6.56662800e-06,5.83760578e-01
6.56672800e-06,5.83802617e-01
6.56682800e-06,5.83847549e-01
6.56692800e-06,5.83889564e-01
6.56702800e-06,5.83934471e-01
6.56712800e-06,5.83976464e-01
6.56722800e-06,5.84021347e-01
6.56732800e-06,5.84063318e-01
6.56742800e-06,5.84108177e-01
6.56752800e-06,5.84150125e-01
6.56762800e-06,5.84194961e-01
6.56772800e-06,5.84236889e-01
6.56782800e-06,5.84281702e-01
6.56792800e-06,5.84323609e-01
6.56802800e-06,5.84368400e-01
6.56812800e-06,5.84410286e-01
6.56822800e-06,5.84455057e-01
6.56832800e-06,5.84496923e-01
6.56842800e-06,5.84541673e-01
6.56852800e-06,5.84583520e-01
6.56862800e-06,5.84628249e-01
6.56872800e-06,5.84670078e-01
6.56882800e-06,5.84714788e-01
6.56892800e-06,5.84756600e-01
6.56902800e-06,5.84801291e-01
6.56912800e-06,5.84843085e-01
6.56922800e-06,5.84887758e-01
6.56932800e-06,5.84929536e-01
6.56942800e-06,5.84974191e-01
6.56952800e-06,5.85015953e-01
6.56962800e-06,5.85060592e-01
6.56972800e-06,5.85102340e-01
6.56982800e-06,5.85146962e-01
6.56992800e-06,5.85188695e-01
6.57002800e-06,5.85233303e-01
6.57012800e-06,5.85275023e-01
6.57022800e-06,5.85319615e-01
6.57032800e-06,5.85361323e-01
6.57042800e-06,5.85405902e-01
6.57052800e-06,5.85447598e-01
6.57062800e-06,5.85492164e-01
6.57072800e-06,5.85533850e-01
6.57082800e-06,5.85578404e-01
6.57092800e-06,5.85620079e-01
6.57102800e-06,5.85664622e-01
6.57112800e-06,5.85706288e-01
6.57122800e-06,5.85750821e-01
6.57132800e-06,5.85792479e-01
6.57142800e-06,5.85837003e-01
6.57152800e-06,5.85878654e-01
6.57162800e-06,5.85923169e-01
6.57172800e-06,5.85964814e-01
6.57182800e-06,5.86009322e-01
6.57192800e-06,5.86050962e-01
6.57202800e-06,5.86095464e-01
6.57212800e-06,5.86137100e-01
6.57222800e-06,5.86181596e-01
6.57232800e-06,5.86223230e-01
6.57242800e-06,5.86267722e-01
6.57252800e-06,5.86309353e-01
6.57262800e-06,5.86353842e-01
6.57272800e-06,5.86395473e-01
6.57282800e-06,5.86439960e-01
6.57292800e-06,5.86481592e-01
6.57302800e-06,5.86526078e-01
6.57312800e-06,5.86567711e-01
6.57322800e-06,5.86612198e-01
6.57332800e-06,5.86653834e-01
6.57342800e-06,5.86698323e-01
6.57352800e-06,5.86739964e-01
6.57362800e-06,5.86784455e-01
6.57372800e-06,5.86826101e-01
6.57382800e-06,5.86870598e-01
6.57392800e-06,5.86912251e-01
6.57402800e-06,5.86956753e-01
6.57412800e-06,5.86998414e-01
6.57422800e-06,5.87042923e-01
6.57432800e-06,5.87084594e-01
6.57442800e-06,5.87129112e-01
6.57452800e-06,5.87170795e-01
6.57462800e-06,5.87215322e-01
6.57472800e-06,5.87257018e-01
6.57482800e-06,5.87301557e-01
6.57492800e-06,5.87343267e-01
6.57502800e-06,5.87387820e-01
6.57512800e-06,5.87429546e-01
6.57522800e-06,5.87474113e-01
6.57532800e-06,5.87515857e-01
6.57542800e-06,5.87560441e-01
6.57552800e-06,5.87602204e-01
6.57562800e-06,5.87646806e-01
6.57572800e-06,5.87688591e-01
6.57582800e-06,5.87733213e-01
6.57592800e-06,5.87775020e-01
6.57602800e-06,5.87819664e-01
6.57612800e-06,5.87861496e-01
6.57622800e-06,5.87906164e-01
6.57632800e-06,5.87948023e-01
6.57642800e-06,5.87992716e-01
6.57652800e-06,5.88034604e-01
6.57662800e-06,5.88079325e-01
6.57672800e-06,5.88121244e-01
6.57682800e-06,5.88165994e-01
6.57692800e-06,5.88207946e-01
6.57702800e-06,5.88252728e-01
6.57712800e-06,5.88294715e-01
6.57722800e-06,5.88339531e-01
6.57732800e-06,5.88381555e-01
6.57742800e-06,5.88426407e-01
6.57752800e-06,5.88468538e-01
6.57762800e-06,5.88513483e-01
6.57772800e-06,5.88555575e-01
6.57782800e-06,5.88600407e-01
6.57792800e-06,5.88642553e-01
6.57802800e-06,5.88687449e-01
6.57812800e-06,5.88729657e-01
6.57822800e-06,5.88774611e-01
6.57832800e-06,5.88816877e-01
6.57842800e-06,5.88861888e-01
6.57852800e-06,5.88904211e-01
6.57862800e-06,5.88949278e-01
6.57872800e-06,5.88991659e-01
6.57882800e-06,5.89036783e-01
6.57892800e-06,5.89079224e-01
6.57902800e-06,5.89124406e-01
6.57912800e-06,5.89166909e-01
6.57922800e-06,5.89212151e-01
6.57932800e-06,5.89254718e-01
6.57942800e-06,5.89300022e-01
6.57952800e-06,5.89342656e-01
6.57962800e-06,5.89388027e-01
6.57972800e-06,5.89430731e-01
6.57982800e-06,5.89476169e-01
6.57992800e-06,5.89518946e-01
6.58002800e-06,5.89564456e-01
6.58012800e-06,5.89607309e-01
6.58022800e-06,5.89652894e-01
6.58032800e-06,5.89695827e-01
6.58042800e-06,5.89741490e-01
6.58052800e-06,5.89784505e-01
6.58062800e-06,5.89830251e-01
6.58072800e-06,5.89873352e-01
6.58082800e-06,5.89919183e-01
6.58092800e-06,5.89962375e-01
6.58102800e-06,5.90008295e-01
6.58112800e-06,5.90051581e-01
6.58122800e-06,5.90097594e-01
6.58132800e-06,5.90140977e-01
6.58142800e-06,5.90187087e-01
6.58152800e-06,5.90230573e-01
6.58162800e-06,5.90276784e-01
6.58172800e-06,5.90320376e-01
6.58182800e-06,5.90366693e-01
6.58192800e-06,5.90410395e-01
6.58202800e-06,5.90456821e-01
6.58212800e-06,5.90500639e-01
6.58222800e-06,5.90547179e-01
6.58232800e-06,5.90591117e-01
6.58242800e-06,5.90637775e-01
6.58252800e-06,5.90681837e-01
6.58262800e-06,5.90728619e-01
6.58272800e-06,5.90772810e-01
6.58282800e-06,5.90819721e-01
6.58292800e-06,5.90864046e-01
6.58302800e-06,5.90911091e-01
6.58312800e-06,5.90955555e-01
6.58322800e-06,5.91002738e-01
6.58332800e-06,5.91047348e-01
6.58342800e-06,5.91094675e-01
6.58352800e-06,5.91139435e-01
6.58362800e-06,5.91186911e-01
6.58372800e-06,5.91231827e-01
6.58382800e-06,5.91279459e-01
6.58392800e-06,5.91324537e-01
6.58402800e-06,5.91372330e-01
6.58412800e-06,5.91417576e-01
6.58422800e-06,5.91465536e-01
6.58432800e-06,5.91510956e-01
6.58442800e-06,5.91559091e-01
6.58452800e-06,5.91604691e-01
6.58462800e-06,5.91653005e-01
6.58472800e-06,5.91698793e-01
6.58482800e-06,5.91747294e-01
6.58492800e-06,5.91793276e-01
6.58502800e-06,5.91841971e-01
6.58512800e-06,5.91888154e-01
6.58522800e-06,5.91937050e-01
6.58532800e-06,5.91983442e-01
6.58542800e-06,5.92032546e-01
6.58552800e-06,5.92079153e-01
6.58562800e-06,5.92128474e-01
6.58572800e-06,5.92175305e-01
6.58582800e-06,5.92224850e-01
6.58592800e-06,5.92271913e-01
6.58602800e-06,5.92321689e-01
6.58612800e-06,5.92368992e-01
6.58622800e-06,5.92419010e-01
6.58632800e-06,5.92466561e-01
6.58642800e-06,5.92516828e-01
6.58652800e-06,5.92564637e-01
6.58662800e-06,5.92615162e-01
6.58672800e-06,5.92663238e-01
6.58682800e-06,5.92714030e-01
6.58692800e-06,5.92762383e-01
6.58702800e-06,5.92813452e-01
6.58712800e-06,5.92862091e-01
6.58722800e-06,5.92913447e-01
6.58732800e-06,5.92962382e-01
6.58742800e-06,5.93014036e-01
6.58752800e-06,5.93063278e-01
6.58762800e-06,5.93115240e-01
6.58772800e-06,5.93164800e-01
6.58782800e-06,5.93217081e-01
6.58792800e-06,5.93266970e-01
6.58802800e-06,5.93319581e-01
6.58812800e-06,5.93369811e-01
6.58822800e-06,5.93422764e-01
6.58832800e-06,5.93473348e-01
6.58842800e-06,5.93526656e-01
6.58852800e-06,5.93577604e-01
6.58862800e-06,5.93631279e-01
6.58872800e-06,5.93682606e-01
6.58882800e-06,5.93736662e-01
6.58892800e-06,5.93788381e-01
6.58902800e-06,5.93842831e-01
6.58912800e-06,5.93894956e-01
6.58922800e-06,5.93949814e-01
6.58932800e-06,5.94002360e-01
6.58942800e-06,5.94057641e-01
6.58952800e-06,5.94110622e-01
6.58962800e-06,5.94166341e-01
6.58972800e-06,5.94219773e-01
6.58982800e-06,5.94275947e-01
6.58992800e-06,5.94329846e-01
6.59002800e-06,5.94386490e-01
6.59012800e-06,5.94440873e-01
6.59022800e-06,5.94498005e-01
6.59032800e-06,5.94552890e-01
6.59042800e-06,5.94610527e-01
6.59052800e-06,5.94665931e-01
6.59062800e-06,5.94724093e-01
6.59072800e-06,5.94780035e-01
6.59082800e-06,5.94838740e-01
6.59092800e-06,5.94895240e-01
6.59102800e-06,5.94954508e-01
6.59112800e-06,5.95011587e-01
6.59122800e-06,5.95071438e-01
6.59132800e-06,5.95129117e-01
6.59142800e-06,5.95189574e-01
6.59152800e-06,5.95247875e-01
6.59162800e-06,5.95308959e-01
6.59172800e-06,5.95367905e-01
6.59182800e-06,5.95429641e-01
6.59192800e-06,5.95489255e-01
6.59202800e-06,5.95551667e-01
6.59212800e-06,5.95611975e-01
6.59222800e-06,5.95675087e-01
6.59232800e-06,5.95736116e-01
6.59242800e-06,5.95799956e-01
6.59252800e-06,5.95861731e-01
6.59262800e-06,5.95926326e-01
6.59272800e-06,5.95988877e-01
6.59282800e-06,5.96054256e-01
6.59292800e-06,5.96117612e-01
6.59302800e-06,5.96183806e-01
6.59312800e-06,5.96247997e-01
6.59322800e-06,5.96315036e-01
6.59332800e-06,5.96380095e-01
6.59342800e-06,5.96448013e-01
6.59352800e-06,5.96513974e-01
6.59362800e-06,5.96582805e-01
6.59372800e-06,5.96649703e-01
6.59382800e-06,5.96719483e-01
6.59392800e-06,5.96787354e-01
6.59402800e-06,5.96858121e-01
6.59412800e-06,5.96927005e-01
6.59422800e-06,5.96998797e-01
6.59432800e-06,5.97068733e-01
6.59442800e-06,5.97141593e-01
6.59452800e-06,5.97212624e-01
6.59462800e-06,5.97286594e-01
6.59472800e-06,5.97358764e-01
6.59482800e-06,5.97433890e-01
6.59492800e-06,5.97507245e-01
6.59502800e-06,5.97583574e-01
6.59512800e-06,5.97658164e-01
6.59522800e-06,5.97735745e-01
6.59532800e-06,5.97811620e-01
6.59542800e-06,5.97890507e-01
6.59552800e-06,5.97967721e-01
6.59562800e-06,5.98047968e-01
6.59572800e-06,5.98126577e-01
6.59582800e-06,5.98208242e-01
6.59592800e-06,5.98288306e-01
6.59602800e-06,5.98371449e-01
6.59612800e-06,5.98453030e-01
6.59622800e-06,5.98537715e-01
6.59632800e-06,5.98620878e-01
6.59642800e-06,5.98707173e-01
6.59652800e-06,5.98791988e-01
6.59662800e-06,5.98879963e-01
6.59672800e-06,5.98966502e-01
6.59682800e-06,5.99056232e-01
6.59692800e-06,5.99144571e-01
6.59702800e-06,5.99236135e-01
6.59712800e-06,5.99326356e-01
6.59722800e-06,5.99419837e-01
6.59732800e-06,5.99512025e-01
6.59742800e-06,5.99607509e-01
6.59752800e-06,5.99701754e-01
6.59762800e-06,5.99799336e-01
6.59772800e-06,5.99895733e-01
6.59782800e-06,5.99995509e-01
6.59792800e-06,6.00094160e-01
6.59802800e-06,6.00196234e-01
6.59812800e-06,6.00297244e-01
6.59822800e-06,6.00401727e-01
6.59832800e-06,6.00505210e-01
6.59842800e-06,6.00612216e-01
6.59852800e-06,6.00718291e-01
6.59862800e-06,6.00827945e-01
6.59872800e-06,6.00936739e-01
6.59882800e-06,6.01049171e-01
6.59892800e-06,6.01160820e-01
6.59902800e-06,6.01276168e-01
6.59912800e-06,6.01390814e-01
6.59922800e-06,6.01509227e-01
6.59932800e-06,6.01627023e-01
6.59942800e-06,6.01748657e-01
6.59952800e-06,6.01869764e-01
6.59962800e-06,6.01994788e-01
6.59972800e-06,6.02119379e-01
6.59982800e-06,6.02247969e-01
6.59992800e-06,6.02376230e-01
6.60002800e-06,6.02508577e-01
6.60012800e-06,6.02640702e-01
6.60022800e-06,6.02777010e-01
6.60032800e-06,6.02913211e-01
6.60042800e-06,6.03053695e-01
6.60052800e-06,6.03194196e-01
6.60062800e-06,6.03339091e-01
6.60072800e-06,6.03484133e-01
6.60082800e-06,6.03633687e-01
6.60092800e-06,6.03783527e-01
6.60102800e-06,6.03938008e-01
6.60112800e-06,6.04092925e-01
6.60122800e-06,6.04252619e-01
6.60132800e-06,6.04412910e-01
6.60142800e-06,6.04578128e-01
6.60152800e-06,6.04744114e-01
6.60162800e-06,6.04915188e-01
6.60172800e-06,6.05087216e-01
6.60182800e-06,6.05264506e-01
6.60192800e-06,6.05442949e-01
6.60202800e-06,6.05626844e-01
6.60212800e-06,6.05812107e-01
6.60222800e-06,6.06003028e-01
6.60232800e-06,6.06195550e-01
6.60242800e-06,6.06393953e-01
6.60252800e-06,6.06594209e-01
6.60262800e-06,6.06800592e-01
6.60272800e-06,6.07009101e-01
6.60282800e-06,6.07224005e-01
6.60292800e-06,6.07441332e-01
6.60302800e-06,6.07665346e-01
6.60312800e-06,6.07892109e-01
6.60322800e-06,6.08125880e-01
6.60332800e-06,6.08362755e-01
6.60342800e-06,6.08606992e-01
6.60352800e-06,6.08854723e-01
6.60362800e-06,6.09110206e-01
6.60372800e-06,6.09369611e-01
6.60382800e-06,6.09637199e-01
6.60392800e-06,6.09909182e-01
6.60402800e-06,6.10189826e-01
6.60412800e-06,6.10475389e-01
6.60422800e-06,6.10770145e-01
6.60432800e-06,6.11070401e-01
6.60442800e-06,6.11380444e-01
6.60452800e-06,6.11696633e-01
6.60462800e-06,6.12023275e-01
6.60472800e-06,6.12356787e-01
6.60482800e-06,6.12701499e-01
6.60492800e-06,6.13053894e-01
6.60502800e-06,6.13418333e-01
6.60512800e-06,6.13791369e-01
6.60522800e-06,6.14177405e-01
6.60532800e-06,6.14573075e-01
6.60542800e-06,6.14982830e-01
6.60552800e-06,6.15403398e-01
6.60562800e-06,6.15839290e-01
6.60572800e-06,6.16287340e-01
6.60582800e-06,6.16752135e-01
6.60592800e-06,6.17230630e-01
6.60602800e-06,6.17727505e-01
6.60612800e-06,6.18239860e-01
6.60622800e-06,6.18772486e-01
6.60632800e-06,6.19322638e-01
6.60642800e-06,6.19895247e-01
6.60652800e-06,6.20487761e-01
6.60662800e-06,6.21105277e-01
6.60672800e-06,6.21745464e-01
6.60682800e-06,6.22413619e-01
6.60692800e-06,6.23107667e-01
6.60702800e-06,6.23833142e-01
6.60712800e-06,6.24588263e-01
6.60722800e-06,6.25378845e-01
6.60732800e-06,6.26203443e-01
6.60742800e-06,6.27068192e-01
6.60752800e-06,6.27972029e-01
6.60762800e-06,6.28921451e-01
6.60772800e-06,6.29915820e-01
6.60782800e-06,6.30962035e-01
6.60792800e-06,6.32059923e-01
6.60802800e-06,6.33216827e-01
6.60812800e-06,6.34433085e-01
6.60822800e-06,6.35716536e-01
6.60832800e-06,6.37068093e-01
6.60842800e-06,6.38496179e-01
6.60852800e-06,6.40002402e-01
6.60862800e-06,6.41595928e-01
6.60872800e-06,6.43279282e-01
6.60882800e-06,6.45062664e-01
6.60892800e-06,6.46949902e-01
6.60902800e-06,6.48952715e-01
6.60912800e-06,6.51076852e-01
6.60922800e-06,6.53336316e-01
6.60932800e-06,6.55739721e-01
6.60942800e-06,6.58304506e-01
6.60952800e-06,6.61043582e-01
6.60962800e-06,6.63979591e-01
6.60972800e-06,6.67131970e-01
6.60982800e-06,6.70531398e-01
6.60992800e-06,6.74207516e-01
6.61002800e-06,6.78203878e-01
6.61012800e-06,6.82566851e-01
6.61022800e-06,6.87361802e-01
6.61032800e-06,6.92664394e-01
6.61042800e-06,6.98579893e-01
6.61052800e-06,7.05240089e-01
6.61062800e-06,7.12831264e-01
6.61072800e-06,7.21606962e-01
6.61082800e-06,7.31944307e-01
6.61092800e-06,7.44413776e-01
6.61102800e-06,7.59957383e-01
6.61112800e-06,7.80271357e-01
6.61122800e-06,8.08835435e-01
6.61132800e-06,8.54418040e-01
6.61142800e-06,9.48503000e-01
6.61152800e-06,1.22771039e+00
6.61162800e-06,1.70245591e+00
6.61172800e-06,1.80978560e+00
6.61182800e-06,1.78622339e+00
6.61192800e-06,1.80165712e+00
6.61202800e-06,1.79405915e+00
6.61212800e-06,1.80121447e+00
6.61222800e-06,1.79722639e+00
6.61232800e-06,1.80114840e+00
6.61242800e-06,1.79854020e+00
6.61252800e-06,1.80088319e+00
6.61262800e-06,1.79914133e+00
6.61272800e-06,1.80061645e+00
6.61282800e-06,1.79945519e+00
6.61292800e-06,1.80040765e+00
6.61302800e-06,1.79964792e+00
6.61312800e-06,1.80027007e+00
6.61322800e-06,1.79976969e+00
6.61332800e-06,1.80017851e+00
6.61342800e-06,1.79984814e+00
6.61352800e-06,1.80011830e+00
6.61362800e-06,1.79989919e+00
6.61372800e-06,1.80007879e+00
6.61382800e-06,1.79993262e+00
6.61392800e-06,1.80005282e+00
6.61402800e-06,1.79995463e+00
6.61412800e-06,1.80003567e+00
6.61422800e-06,1.79996920e+00
6.61432800e-06,1.80002428e+00
6.61442800e-06,1.79997892e+00
6.61452800e-06,1.80001666e+00
6.61462800e-06,1.79998546e+00
6.61472800e-06,1.80001150e+00
6.61482800e-06,1.79998991e+00
6.61492800e-06,1.80000796e+00
6.61502800e-06,1.79999299e+00
6.61512800e-06,1.80000549e+00
6.61522800e-06,1.79999517e+00
6.61532800e-06,1.80000373e+00
6.61542800e-06,1.79999673e+00
6.61552800e-06,1.80000245e+00
6.61562800e-06,1.79999788e+00
6.61572800e-06,1.80000149e+00
6.61582800e-06,1.79999876e+00
6.61592800e-06,1.80000075e+00
6.61602800e-06,1.79999945e+00
6.61612800e-06,1.80000016e+00
6.61622800e-06,1.79999998e+00
6.61632800e-06,1.79999965e+00
6.61642800e-06,1.80000041e+00
6.61652800e-06,1.79999924e+00
6.61662800e-06,1.80000078e+00
6.61672800e-06,1.79999889e+00
6.61682800e-06,1.80000109e+00
6.61692800e-06,1.79999858e+00
6.61702800e-06,1.80000137e+00
6.61712800e-06,1.79999831e+00
6.61722800e-06,1.80000162e+00
6.61732800e-06,1.79999806e+00
6.61742800e-06,1.80000185e+00
6.61752800e-06,1.79999784e+00
6.61762800e-06,1.80000205e+00
6.61772800e-06,1.79999764e+00
6.61782800e-06,1.80000224e+00
6.61792800e-06,1.79999745e+00
6.61802800e-06,1.80000241e+00
6.61812800e-06,1.79999728e+00
6.61822800e-06,1.80000257e+00
6.61832800e-06,1.79999712e+00
6.61842800e-06,1.80000272e+00
6.61852800e-06,1.79999697e+00
6.61862800e-06,1.80000286e+00
6.61872800e-06,1.79999683e+00
6.61882800e-06,1.80000299e+00
6.61892800e-06,1.79999670e+00
6.61902800e-06,1.80000312e+00
6.61912800e-06,1.79999657e+00
6.61922800e-06,1.80000323e+00
6.61932800e-06,1.79999646e+00
6.61942800e-06,1.80000335e+00
6.61952800e-06,1.79999634e+00
6.61962800e-06,1.80000345e+00
6.61972800e-06,1.79999624e+00
6.61982800e-06,1.80000355e+00
6.61992800e-06,1.79999614e+00
6.62002800e-06,1.80000365e+00
6.62012800e-06,1.79999604e+00
6.62022800e-06,1.80000374e+00
6.62032800e-06,1.79999594e+00
6.62042800e-06,1.80000383e+00
6.62052800e-06,1.79999585e+00
6.62062800e-06,1.80000392e+00
6.62072800e-06,1.79999577e+00
6.62082800e-06,1.80000400e+00
6.62092800e-06,1.79999568e+00
6.62102800e-06,1.80000408e+00
6.62112800e-06,1.79999560e+00
6.62122800e-06,1.80000416e+00
6.62132800e-06,1.79999552e+00
6.62142800e-06,1.80000423e+00
6.62152800e-06,1.79999545e+00
6.62162800e-06,1.80000430e+00
6.62172800e-06,1.79999537e+00
6.62182800e-06,1.80000438e+00
6.62192800e-06,1.79999530e+00
6.62202800e-06,1.80000444e+00
6.62212800e-06,1.79999523e+00
6.62222800e-06,1.80000451e+00
6.62232800e-06,1.79999516e+00
6.62242800e-06,1.80000458e+00
6.62252800e-06,1.79999510e+00
6.62262800e-06,1.80000464e+00
6.62272800e-06,1.79999503e+00
6.62282800e-06,1.80000470e+00
6.62292800e-06,1.79999497e+00
6.62302800e-06,1.80000476e+00
6.62312800e-06,1.79999491e+00
6.62322800e-06,1.80000482e+00
6.62332800e-06,1.79999485e+00
6.62342800e-06,1.80000488e+00
6.62352800e-06,1.79999479e+00
6.62362800e-06,1.80000494e+00
6.62372800e-06,1.79999473e+00
6.62382800e-06,1.80000500e+00
6.62392800e-06,1.79999467e+00
6.62402800e-06,1.80000505e+00
6.62412800e-06,1.79999462e+00
6.62422800e-06,1.80000511e+00
6.62432800e-06,1.79999456e+00
6.62442800e-06,1.80000516e+00
6.62452800e-06,1.79999451e+00
6.62462800e-06,1.80000521e+00
6.62472800e-06,1.79999445e+00
6.62482800e-06,1.80000526e+00
6.62492800e-06,1.79999440e+00
6.62502800e-06,1.80000531e+00
6.62512800e-06,1.79999435e+00
6.62522800e-06,1.80000536e+00
6.62532800e-06,1.79999430e+00
6.62542800e-06,1.80000541e+00
6.62552800e-06,1.79999425e+00
6.62562800e-06,1.80000546e+00
6.62572800e-06,1.79999420e+00
6.62582800e-06,1.80000550e+00
6.62592800e-06,1.79999416e+00
6.62602800e-06,1.80000555e+00
6.62612800e-06,1.79999411e+00
6.62622800e-06,1.80000560e+00
6.62632800e-06,1.79999406e+00
6.62642800e-06,1.80000564e+00
6.62652800e-06,1.79999402e+00
6.62662800e-06,1.80000568e+00
6.62672800e-06,1.79999397e+00
6.62682800e-06,1.80000573e+00
6.62692800e-06,1.79999393e+00
6.62702800e-06,1.80000577e+00
6.62712800e-06,1.79999389e+00
6.62722800e-06,1.80000581e+00
6.62732800e-06,1.79999384e+00
6.62742800e-06,1.80000585e+00
6.62752800e-06,1.79999380e+00
6.62762800e-06,1.80000589e+00
6.62772800e-06,1.79999376e+00
6.62782800e-06,1.80000593e+00
6.62792800e-06,1.79999372e+00
6.62802800e-06,1.80000597e+00
6.62812800e-06,1.79999368e+00
6.62822800e-06,1.80000601e+00
6.62832800e-06,1.79999364e+00
6.62842800e-06,1.80000605e+00
6.62852800e-06,1.79999361e+00
6.62862800e-06,1.80000608e+00
6.62872800e-06,1.79999357e+00
6.62882800e-06,1.80000612e+00
6.62892800e-06,1.79999353e+00
6.62902800e-06,1.80000615e+00
6.62912800e-06,1.79999350e+00
6.62922800e-06,1.80000619e+00
6.62932800e-06,1.79999346e+00
6.62942800e-06,1.80000622e+00
6.62952800e-06,1.79999343e+00
6.62962800e-06,1.80000626e+00
6.62972800e-06,1.79999339e+00
6.62982800e-06,1.80000629e+00
6.62992800e-06,1.79999336e+00
6.63002800e-06,1.80000632e+00
6.63012800e-06,1.79999332e+00
6.63022800e-06,1.80000635e+00
6.63032800e-06,1.79999329e+00
6.63042800e-06,1.80000639e+00
6.63052800e-06,1.79999326e+00
6.63062800e-06,1.80000642e+00
6.63072800e-06,1.79999323e+00
6.63082800e-06,1.80000645e+00
6.63092800e-06,1.79999320e+00
6.63102800e-06,1.80000648e+00
6.63112800e-06,1.79999317e+00
6.63122800e-06,1.80000651e+00
6.63132800e-06,1.79999314e+00
6.63142800e-06,1.80000653e+00
6.63152800e-06,1.79999311e+00
6.63162800e-06,1.80000656e+00
6.63172800e-06,1.79999308e+00
6.63182800e-06,1.80000659e+00
6.63192800e-06,1.79999305e+00
6.63202800e-06,1.80000662e+00
6.63212800e-06,1.79999303e+00
6.63222800e-06,1.80000664e+00
6.63232800e-06,1.79999300e+00
6.63242800e-06,1.80000667e+00
6.63252800e-06,1.79999297e+00
6.63262800e-06,1.80000669e+00
6.63272800e-06,1.79999295e+00
6.63282800e-06,1.80000672e+00
6.63292800e-06,1.79999292e+00
6.63302800e-06,1.80000674e+00
6.63312800e-06,1.79999290e+00
6.63322800e-06,1.80000677e+00
6.63332800e-06,1.79999287e+00
6.63342800e-06,1.80000679e+00
6.63352800e-06,1.79999285e+00
6.63362800e-06,1.80000681e+00
6.63372800e-06,1.79999283e+00
6.63382800e-06,1.80000684e+00
6.63392800e-06,1.79999280e+00
6.63402800e-06,1.80000686e+00
6.63412800e-06,1.79999278e+00
6.63422800e-06,1.80000688e+00
6.63432800e-06,1.79999276e+00
6.63442800e-06,1.80000690e+00
6.63452800e-06,1.79999274e+00
6.63462800e-06,1.80000692e+00
6.63472800e-06,1.79999272e+00
6.63482800e-06,1.80000694e+00
6.63492800e-06,1.79999270e+00
6.63502800e-06,1.80000696e+00
6.63512800e-06,1.79999268e+00
6.63522800e-06,1.80000698e+00
6.63532800e-06,1.79999266e+00
6.63542800e-06,1.80000700e+00
6.63552800e-06,1.79999264e+00
6.63562800e-06,1.80000702e+00
6.63572800e-06,1.79999262e+00
6.63582800e-06,1.80000704e+00
6.63592800e-06,1.79999260e+00
6.63602800e-06,1.80000705e+00
6.63612800e-06,1.79999259e+00
6.63622800e-06,1.80000707e+00
6.63632800e-06,1.79999257e+00
6.63642800e-06,1.80000709e+00
6.63652800e-06,1.79999255e+00
6.63662800e-06,1.80000710e+00
6.63672800e-06,1.79999254e+00
6.63682800e-06,1.80000712e+00
6.63692800e-06,1.79999252e+00
6.63702800e-06,1.80000714e+00
6.63712800e-06,1.79999250e+00
6.63722800e-06,1.80000715e+00
6.63732800e-06,1.79999249e+00
6.63742800e-06,1.80000717e+00
6.63752800e-06,1.79999247e+00
6.63762800e-06,1.80000718e+00
6.63772800e-06,1.79999246e+00
6.63782800e-06,1.80000719e+00
6.63792800e-06,1.79999245e+00
6.63802800e-06,1.80000721e+00
6.63812800e-06,1.79999243e+00
6.63822800e-06,1.80000722e+00
6.63832800e-06,1.79999242e+00
6.63842800e-06,1.80000723e+00
6.63852800e-06,1.79999241e+00
6.63862800e-06,1.80000725e+00
6.63872800e-06,1.79999239e+00
6.63882800e-06,1.80000726e+00
6.63892800e-06,1.79999238e+00
6.63902800e-06,1.80000727e+00
6.63912800e-06,1.79999237e+00
6.63922800e-06,1.80000728e+00
6.63932800e-06,1.79999236e+00
6.63942800e-06,1.80000729e+00
6.63952800e-06,1.79999235e+00
6.63962800e-06,1.80000730e+00
6.63972800e-06,1.79999234e+00
6.63982800e-06,1.80000731e+00
6.63992800e-06,1.79999233e+00
6.64002800e-06,1.80000732e+00
6.64012800e-06,1.79999232e+00
6.64022800e-06,1.80000733e+00
6.64032800e-06,1.79999231e+00
6.64042800e-06,1.80000734e+00
6.64052800e-06,1.79999230e+00
6.64062800e-06,1.80000735e+00
6.64072800e-06,1.79999229e+00
6.64082800e-06,1.80000736e+00
6.64092800e-06,1.79999228e+00
6.64102800e-06,1.80000737e+00
6.64112800e-06,1.79999227e+00
6.64122800e-06,1.80000738e+00
6.64132800e-06,1.79999226e+00
6.64142800e-06,1.80000739e+00
6.64152800e-06,1.79999226e+00
6.64162800e-06,1.80000739e+00
6.64172800e-06,1.79999225e+00
6.64182800e-06,1.80000740e+00
6.64192800e-06,1.79999224e+00
6.64202800e-06,1.80000741e+00
6.64212800e-06,1.79999224e+00
6.64222800e-06,1.80000741e+00
6.64232800e-06,1.79999223e+00
6.64242800e-06,1.80000742e+00
6.64252800e-06,1.79999222e+00
6.64262800e-06,1.80000743e+00
6.64272800e-06,1.79999222e+00
6.64282800e-06,1.80000743e+00
6.64292800e-06,1.79999221e+00
6.64302800e-06,1.80000744e+00
6.64312800e-06,1.79999221e+00
6.64322800e-06,1.80000744e+00
6.64332800e-06,1.79999220e+00
6.64342800e-06,1.80000745e+00
6.64352800e-06,1.79999220e+00
6.64362800e-06,1.80000745e+00
6.64372800e-06,1.79999219e+00
6.64382800e-06,1.80000746e+00
6.64392800e-06,1.79999219e+00
6.64402800e-06,1.80000746e+00
6.64412800e-06,1.79999218e+00
6.64422800e-06,1.80000746e+00
6.64432800e-06,1.79999218e+00
6.64442800e-06,1.80000747e+00
6.64452800e-06,1.79999218e+00
6.64462800e-06,1.80000747e+00
6.64472800e-06,1.79999217e+00
6.64482800e-06,1.80000747e+00
6.64492800e-06,1.79999217e+00
6.64502800e-06,1.80000748e+00
6.64512800e-06,1.79999217e+00
6.64522800e-06,1.80000748e+00
6.64532800e-06,1.79999217e+00
6.64542800e-06,1.80000748e+00
6.64552800e-06,1.79999217e+00
6.64562800e-06,1.80000748e+00
6.64572800e-06,1.79999216e+00
6.64582800e-06,1.80000749e+00
6.64592800e-06,1.79999216e+00
6.64602800e-06,1.80000749e+00
6.64612800e-06,1.79999216e+00
6.64622800e-06,1.80000749e+00
6.64632800e-06,1.79999216e+00
6.64642800e-06,1.80000749e+00
6.64652800e-06,1.79999216e+00
6.64662800e-06,1.80000749e+00
6.64672800e-06,1.79999216e+00
6.64682800e-06,1.80000749e+00
6.64692800e-06,1.79999216e+00
6.64702800e-06,1.80000749e+00
6.64712800e-06,1.79999216e+00
6.64722800e-06,1.80000749e+00
6.64732800e-06,1.79999216e+00
6.64742800e-06,1.80000749e+00
6.64752800e-06,1.79999216e+00
6.64762800e-06,1.80000749e+00
6.64772800e-06,1.79999216e+00
6.64782800e-06,1.80000749e+00
6.64792800e-06,1.79999216e+00
6.64802800e-06,1.80000749e+00
6.64812800e-06,1.79999216e+00
6.64822800e-06,1.80000749e+00
6.64832800e-06,1.79999216e+00
6.64842800e-06,1.80000749e+00
6.64852800e-06,1.79999216e+00
6.64862800e-06,1.80000749e+00
6.64872800e-06,1.79999216e+00
6.64882800e-06,1.80000749e+00
6.64892800e-06,1.79999217e+00
6.64902800e-06,1.80000749e+00
6.64912800e-06,1.79999217e+00
6.64922800e-06,1.80000748e+00
6.64932800e-06,1.79999217e+00
6.64942800e-06,1.80000748e+00
6.64952800e-06,1.79999217e+00
6.64962800e-06,1.80000748e+00
6.64972800e-06,1.79999218e+00
6.64982800e-06,1.80000748e+00
6.64992800e-06,1.79999218e+00
6.65002800e-06,1.80000747e+00
6.65012800e-06,1.79999218e+00
6.65022800e-06,1.80000747e+00
6.65032800e-06,1.79999219e+00
6.65042800e-06,1.80000747e+00
6.65052800e-06,1.79999219e+00
6.65062800e-06,1.80000747e+00
6.65072800e-06,1.79999219e+00
6.65082800e-06,1.80000746e+00
6.65092800e-06,1.79999220e+00
6.65102800e-06,1.80000746e+00
6.65112800e-06,1.79999220e+00
6.65122800e-06,1.80000746e+00
6.65132800e-06,1.79999220e+00
6.65142800e-06,1.80000745e+00
6.65152800e-06,1.79999221e+00
6.65162800e-06,1.80000745e+00
6.65172800e-06,1.79999221e+00
6.65182800e-06,1.80000744e+00
6.65192800e-06,1.79999222e+00
6.65202800e-06,1.80000744e+00
6.65212800e-06,1.79999222e+00
6.65222800e-06,1.80000744e+00
6.65232800e-06,1.79999223e+00
6.65242800e-06,1.80000743e+00
6.65252800e-06,1.79999223e+00
6.65262800e-06,1.80000743e+00
6.65272800e-06,1.79999224e+00
6.65282800e-06,1.80000742e+00
6.65292800e-06,1.79999224e+00
6.65302800e-06,1.80000742e+00
6.65312800e-06,1.79999225e+00
6.65322800e-06,1.80000741e+00
6.65332800e-06,1.79999225e+00
6.65342800e-06,1.80000741e+00
6.65352800e-06,1.79999226e+00
6.65362800e-06,1.80000740e+00
6.65372800e-06,1.79999227e+00
6.65382800e-06,1.80000739e+00
6.65392800e-06,1.79999227e+00
6.65402800e-06,1.80000739e+00
6.65412800e-06,1.79999228e+00
6.65422800e-06,1.80000738e+00
6.65432800e-06,1.79999228e+00
6.65442800e-06,1.80000738e+00
6.65452800e-06,1.79999229e+00
6.65462800e-06,1.80000737e+00
6.65472800e-06,1.79999230e+00
6.65482800e-06,1.80000736e+00
6.65492800e-06,1.79999230e+00
6.65502800e-06,1.80000736e+00
6.65512800e-06,1.79999231e+00
6.65522800e-06,1.80000735e+00
6.65532800e-06,1.79999232e+00
6.65542800e-06,1.80000734e+00
6.65552800e-06,1.79999233e+00
6.65562800e-06,1.80000734e+00
6.65572800e-06,1.79999233e+00
6.65582800e-06,1.80000733e+00
6.65592800e-06,1.79999234e+00
6.65602800e-06,1.80000732e+00
6.65612800e-06,1.79999235e+00
6.65622800e-06,1.80000732e+00
6.65632800e-06,1.79999236e+00
6.65642800e-06,1.80000731e+00
6.65652800e-06,1.79999236e+00
6.65662800e-06,1.80000730e+00
6.65672800e-06,1.79999237e+00
6.65682800e-06,1.80000729e+00
6.65692800e-06,1.79999238e+00
6.65702800e-06,1.80000729e+00
6.65712800e-06,1.79999239e+00
6.65722800e-06,1.80000728e+00
6.65732800e-06,1.79999240e+00
6.65742800e-06,1.80000727e+00
6.65752800e-06,1.79999241e+00
6.65762800e-06,1.80000726e+00
6.65772800e-06,1.79999241e+00
6.65782800e-06,1.80000725e+00
6.65792800e-06,1.79999242e+00
6.65802800e-06,1.80000725e+00
6.65812800e-06,1.79999243e+00
6.65822800e-06,1.80000724e+00
6.65832800e-06,1.79999244e+00
6.65842800e-06,1.80000723e+00
6.65852800e-06,1.79999245e+00
6.65862800e-06,1.80000722e+00
6.65872800e-06,1.79999246e+00
6.65882800e-06,1.80000721e+00
6.65892800e-06,1.79999247e+00
6.65902800e-06,1.80000720e+00
6.65912800e-06,1.79999248e+00
6.65922800e-06,1.80000719e+00
6.65932800e-06,1.79999249e+00
6.65942800e-06,1.80000718e+00
6.65952800e-06,1.79999250e+00
6.65962800e-06,1.80000718e+00
6.65972800e-06,1.79999251e+00
6.65982800e-06,1.80000717e+00
6.65992800e-06,1.79999252e+00
6.66002800e-06,1.80000716e+00
6.66012800e-06,1.79999253e+00
6.66022800e-06,1.80000715e+00
6.66032800e-06,1.79999254e+00
6.66042800e-06,1.80000714e+00
6.66052800e-06,1.79999255e+00
6.66062800e-06,1.80000713e+00
6.66072800e-06,1.79999256e+00
6.66082800e-06,1.80000712e+00
6.66092800e-06,1.79999257e+00
6.66102800e-06,1.80000711e+00
6.66112800e-06,1.79999258e+00
6.66122800e-06,1.80000710e+00
6.66132800e-06,1.79999259e+00
6.66142800e-06,1.80000709e+00
6.66152800e-06,1.79999260e+00
6.66162800e-06,1.80000708e+00
6.66172800e-06,1.79999261e+00
6.66182800e-06,1.80000707e+00
6.66192800e-06,1.79999262e+00
6.66202800e-06,1.80000706e+00
6.66212800e-06,1.79999263e+00
6.66222800e-06,1.80000705e+00
6.66232800e-06,1.79999264e+00
6.66242800e-06,1.80000704e+00
6.66252800e-06,1.79999265e+00
6.66262800e-06,1.80000703e+00
6.66272800e-06,1.79999266e+00
6.66282800e-06,1.80000702e+00
6.66292800e-06,1.79999267e+00
6.66302800e-06,1.80000701e+00
6.66312800e-06,1.79999268e+00
6.66322800e-06,1.80000700e+00
6.66332800e-06,1.79999270e+00
6.66342800e-06,1.80000699e+00
6.66352800e-06,1.79999271e+00
6.66362800e-06,1.80000698e+00
6.66372800e-06,1.79999272e+00
6.66382800e-06,1.80000697e+00
6.66392800e-06,1.79999273e+00
6.66402800e-06,1.80000695e+00
6.66412800e-06,1.79999274e+00
6.66422800e-06,1.80000694e+00
6.66432800e-06,1.79999275e+00
6.66442800e-06,1.80000693e+00
6.66452800e-06,1.79999276e+00
6.66462800e-06,1.80000692e+00
6.66472800e-06,1.79999278e+00
6.66482800e-06,1.80000691e+00
6.66492800e-06,1.79999279e+00
6.66502800e-06,1.80000690e+00
6.66512800e-06,1.79999280e+00
6.66522800e-06,1.80000689e+00
6.66532800e-06,1.79999281e+00
6.66542800e-06,1.80000688e+00
6.66552800e-06,1.79999282e+00
6.66562800e-06,1.80000687e+00
6.66572800e-06,1.79999284e+00
6.66582800e-06,1.80000685e+00
6.66592800e-06,1.79999285e+00
6.66602800e-06,1.80000684e+00
6.66612800e-06,1.79999286e+00
6.66622800e-06,1.80000683e+00
6.66632800e-06,1.79999287e+00
6.66642800e-06,1.80000682e+00
6.66652800e-06,1.79999288e+00
6.66662800e-06,1.80000681e+00
6.66672800e-06,1.79999290e+00
6.66682800e-06,1.80000680e+00
6.66692800e-06,1.79999291e+00
6.66702800e-06,1.80000678e+00
6.66712800e-06,1.79999292e+00
6.66722800e-06,1.80000677e+00
6.66732800e-06,1.79999293e+00
6.66742800e-06,1.80000676e+00
6.66752800e-06,1.79999295e+00
6.66762800e-06,1.80000675e+00
6.66772800e-06,1.79999296e+00
6.66782800e-06,1.80000674e+00
6.66792800e-06,1.79999297e+00
6.66802800e-06,1.80000672e+00
6.66812800e-06,1.79999298e+00
6.66822800e-06,1.80000671e+00
6.66832800e-06,1.79999300e+00
6.66842800e-06,1.80000670e+00
6.66852800e-06,1.79999301e+00
6.66862800e-06,1.80000669e+00
6.66872800e-06,1.79999302e+00
6.66882800e-06,1.80000668e+00
6.66892800e-06,1.79999303e+00
6.66902800e-06,1.80000666e+00
6.66912800e-06,1.79999305e+00
6.66922800e-06,1.80000665e+00
6.66932800e-06,1.79999306e+00
6.66942800e-06,1.80000664e+00
6.66952800e-06,1.79999307e+00
6.66962800e-06,1.80000663e+00
6.66972800e-06,1.79999309e+00
6.66982800e-06,1.80000661e+00
6.66992800e-06,1.79999310e+00
6.67002800e-06,1.80000660e+00
6.67012800e-06,1.79999311e+00
6.67022800e-06,1.80000659e+00
6.67032800e-06,1.79999313e+00
6.67042800e-06,1.80000658e+00
6.67052800e-06,1.79999314e+00
6.67062800e-06,1.80000656e+00
6.67072800e-06,1.79999315e+00
6.67082800e-06,1.80000655e+00
6.67092800e-06,1.79999316e+00
6.67102800e-06,1.80000654e+00
6.67112800e-06,1.79999318e+00
6.67122800e-06,1.80000653e+00
6.67132800e-06,1.79999319e+00
6.67142800e-06,1.80000651e+00
6.67152800e-06,1.79999320e+00
6.67162800e-06,1.80000650e+00
6.67172800e-06,1.79999322e+00
6.67182800e-06,1.80000649e+00
6.67192800e-06,1.79999323e+00
6.67202800e-06,1.80000648e+00
6.67212800e-06,1.79999324e+00
6.67222800e-06,1.80000646e+00
6.67232800e-06,1.79999326e+00
6.67242800e-06,1.80000645e+00
6.67252800e-06,1.79999327e+00
6.67262800e-06,1.80000644e+00
6.67272800e-06,1.79999329e+00
6.67282800e-06,1.80000642e+00
6.67292800e-06,1.79999330e+00
6.67302800e-06,1.80000641e+00
6.67312800e-06,1.79999331e+00
6.67322800e-06,1.80000640e+00
6.67332800e-06,1.79999333e+00
6.67342800e-06,1.80000639e+00
6.67352800e-06,1.79999334e+00
6.67362800e-06,1.80000637e+00
6.67372800e-06,1.79999335e+00
6.67382800e-06,1.80000636e+00
6.67392800e-06,1.79999337e+00
6.67402800e-06,1.80000635e+00
6.67412800e-06,1.79999338e+00
6.67422800e-06,1.80000633e+00
6.67432800e-06,1.79999339e+00
6.67442800e-06,1.80000632e+00
6.67452800e-06,1.79999341e+00
6.67462800e-06,1.80000631e+00
6.67472800e-06,1.79999342e+00
6.67482800e-06,1.80000629e+00
6.67492800e-06,1.79999344e+00
6.67502800e-06,1.80000628e+00
6.67512800e-06,1.79999345e+00
6.67522800e-06,1.80000627e+00
6.67532800e-06,1.79999346e+00
6.67542800e-06,1.80000625e+00
6.67552800e-06,1.79999348e+00
6.67562800e-06,1.80000624e+00
6.67572800e-06,1.79999349e+00
6.67582800e-06,1.80000623e+00
6.67592800e-06,1.79999351e+00
6.67602800e-06,1.80000621e+00
6.67612800e-06,1.79999352e+00
6.67622800e-06,1.80000620e+00
6.67632800e-06,1.79999353e+00
6.67642800e-06,1.80000619e+00
6.67652800e-06,1.79999355e+00
6.67662800e-06,1.80000617e+00
6.67672800e-06,1.79999356e+00
6.67682800e-06,1.80000616e+00
6.67692800e-06,1.79999357e+00
6.67702800e-06,1.80000615e+00
6.67712800e-06,1.79999359e+00
6.67722800e-06,1.80000613e+00
6.67732800e-06,1.79999360e+00
6.67742800e-06,1.80000612e+00
6.67752800e-06,1.79999362e+00
6.67762800e-06,1.80000611e+00
6.67772800e-06,1.79999363e+00
6.67782800e-06,1.80000609e+00
6.67792800e-06,1.79999365e+00
6.67802800e-06,1.80000608e+00
6.67812800e-06,1.79999366e+00
6.67822800e-06,1.80000607e+00
6.67832800e-06,1.79999367e+00
6.67842800e-06,1.80000605e+00
6.67852800e-06,1.79999369e+00
6.67862800e-06,1.80000604e+00
6.67872800e-06,1.79999370e+00
6.67882800e-06,1.80000603e+00
6.67892800e-06,1.79999372e+00
6.67902800e-06,1.80000601e+00
6.67912800e-06,1.79999373e+00
6.67922800e-06,1.80000600e+00
6.67932800e-06,1.79999374e+00
6.67942800e-06,1.80000599e+00
6.67952800e-06,1.79999376e+00
6.67962800e-06,1.80000597e+00
6.67972800e-06,1.79999377e+00
6.67982800e-06,1.80000596e+00
6.67992800e-06,1.79999379e+00
6.68002800e-06,1.80000595e+00
6.68012800e-06,1.79999380e+00
6.68022800e-06,1.80000593e+00
6.68032800e-06,1.79999381e+00
6.68042800e-06,1.80000592e+00
6.68052800e-06,1.79999383e+00
6.68062800e-06,1.80000591e+00
6.68072800e-06,1.79999384e+00
6.68082800e-06,1.80000589e+00
6.68092800e-06,1.79999386e+00
6.68102800e-06,1.80000588e+00
6.68112800e-06,1.79999387e+00
6.68122800e-06,1.80000586e+00
6.68132800e-06,1.79999389e+00
6.68142800e-06,1.80000585e+00
6.68152800e-06,1.79999390e+00
6.68162800e-06,1.80000584e+00
6.68172800e-06,1.79999391e+00
6.68182800e-06,1.80000582e+00
6.68192800e-06,1.79999393e+00
6.68202800e-06,1.80000581e+00
6.68212800e-06,1.79999394e+00
6.68222800e-06,1.80000580e+00
6.68232800e-06,1.79999396e+00
6.68242800e-06,1.80000578e+00
6.68252800e-06,1.79999397e+00
6.68262800e-06,1.80000577e+00
6.68272800e-06,1.79999399e+00
6.68282800e-06,1.80000576e+00
6.68292800e-06,1.79999400e+00
6.68302800e-06,1.80000574e+00
6.68312800e-06,1.79999401e+00
6.68322800e-06,1.80000573e+00
6.68332800e-06,1.79999403e+00
6.68342800e-06,1.80000572e+00
6.68352800e-06,1.79999404e+00
6.68362800e-06,1.80000570e+00
6.68372800e-06,1.79999406e+00
6.68382800e-06,1.80000569e+00
6.68392800e-06,1.79999407e+00
6.68402800e-06,1.80000567e+00
6.68412800e-06,1.79999409e+00
6.68422800e-06,1.80000566e+00
6.68432800e-06,1.79999410e+00
6.68442800e-06,1.80000565e+00
6.68452800e-06,1.79999411e+00
6.68462800e-06,1.80000563e+00
6.68472800e-06,1.79999413e+00
6.68482800e-06,1.80000562e+00
6.68492800e-06,1.79999414e+00
6.68502800e-06,1.80000561e+00
6.68512800e-06,1.79999416e+00
6.68522800e-06,1.80000559e+00
6.68532800e-06,1.79999417e+00
6.68542800e-06,1.80000558e+00
6.68552800e-06,1.79999418e+00
6.68562800e-06,1.80000557e+00
6.68572800e-06,1.79999420e+00
6.68582800e-06,1.80000555e+00
6.68592800e-06,1.79999421e+00
6.68602800e-06,1.80000554e+00
6.68612800e-06,1.79999423e+00
6.68622800e-06,1.80000552e+00
6.68632800e-06,1.79999424e+00
6.68642800e-06,1.80000551e+00
6.68652800e-06,1.79999426e+00
6.68662800e-06,1.80000550e+00
6.68672800e-06,1.79999427e+00
6.68682800e-06,1.80000548e+00
6.68692800e-06,1.79999428e+00
6.68702800e-06,1.80000547e+00
6.68712800e-06,1.79999430e+00
6.68722800e-06,1.80000546e+00
6.68732800e-06,1.79999431e+00
6.68742800e-06,1.80000544e+00
6.68752800e-06,1.79999433e+00
6.68762800e-06,1.80000543e+00
6.68772800e-06,1.79999434e+00
6.68782800e-06,1.80000542e+00
6.68792800e-06,1.79999436e+00
6.68802800e-06,1.80000540e+00
6.68812800e-06,1.79999437e+00
6.68822800e-06,1.80000539e+00
6.68832800e-06,1.79999438e+00
6.68842800e-06,1.80000538e+00
6.68852800e-06,1.79999440e+00
6.68862800e-06,1.80000536e+00
6.68872800e-06,1.79999441e+00
6.68882800e-06,1.80000535e+00
6.68892800e-06,1.79999443e+00
6.68902800e-06,1.80000533e+00
6.68912800e-06,1.79999444e+00
6.68922800e-06,1.80000532e+00
6.68932800e-06,1.79999445e+00
6.68942800e-06,1.80000531e+00
6.68952800e-06,1.79999447e+00
6.68962800e-06,1.80000529e+00
6.68972800e-06,1.79999448e+00
6.68982800e-06,1.80000528e+00
6.68992800e-06,1.79999450e+00
6.69002800e-06,1.80000527e+00
6.69012800e-06,1.79999451e+00
6.69022800e-06,1.80000525e+00
6.69032800e-06,1.79999453e+00
6.69042800e-06,1.80000524e+00
6.69052800e-06,1.79999454e+00
6.69062800e-06,1.80000523e+00
6.69072800e-06,1.79999455e+00
6.69082800e-06,1.80000521e+00
6.69092800e-06,1.79999457e+00
6.69102800e-06,1.80000520e+00
6.69112800e-06,1.79999458e+00
6.69122800e-06,1.80000519e+00
6.69132800e-06,1.79999460e+00
6.69142800e-06,1.80000517e+00
6.69152800e-06,1.79999461e+00
6.69162800e-06,1.80000516e+00
6.69172800e-06,1.79999462e+00
6.69182800e-06,1.80000515e+00
6.69192800e-06,1.79999464e+00
6.69202800e-06,1.80000513e+00
6.69212800e-06,1.79999465e+00
6.69222800e-06,1.80000512e+00
6.69232800e-06,1.79999467e+00
6.69242800e-06,1.80000511e+00
6.69252800e-06,1.79999468e+00
6.69262800e-06,1.80000509e+00
6.69272800e-06,1.79999469e+00
6.69282800e-06,1.80000508e+00
6.69292800e-06,1.79999471e+00
6.69302800e-06,1.80000507e+00
6.69312800e-06,1.79999472e+00
6.69322800e-06,1.80000505e+00
6.69332800e-06,1.79999474e+00
6.69342800e-06,1.80000504e+00
6.69352800e-06,1.79999475e+00
6.69362800e-06,1.80000503e+00
6.69372800e-06,1.79999476e+00
6.69382800e-06,1.80000501e+00
6.69392800e-06,1.79999478e+00
6.69402800e-06,1.80000500e+00
6.69412800e-06,1.79999479e+00
6.69422800e-06,1.80000499e+00
6.69432800e-06,1.79999481e+00
6.69442800e-06,1.80000497e+00
6.69452800e-06,1.79999482e+00
6.69462800e-06,1.80000496e+00
6.69472800e-06,1.79999483e+00
6.69482800e-06,1.80000495e+00
6.69492800e-06,1.79999485e+00
6.69502800e-06,1.80000493e+00
6.69512800e-06,1.79999486e+00
6.69522800e-06,1.80000492e+00
6.69532800e-06,1.79999487e+00
6.69542800e-06,1.80000491e+00
6.69552800e-06,1.79999489e+00
6.69562800e-06,1.80000489e+00
6.69572800e-06,1.79999490e+00
6.69582800e-06,1.80000488e+00
6.69592800e-06,1.79999492e+00
6.69602800e-06,1.80000487e+00
6.69612800e-06,1.79999493e+00
6.69622800e-06,1.80000486e+00
6.69632800e-06,1.79999494e+00
6.69642800e-06,1.80000484e+00
6.69652800e-06,1.79999496e+00
6.69662800e-06,1.80000483e+00
6.69672800e-06,1.79999497e+00
6.69682800e-06,1.80000482e+00
6.69692800e-06,1.79999498e+00
6.69702800e-06,1.80000480e+00
6.69712800e-06,1.79999500e+00
6.69722800e-06,1.80000479e+00
6.69732800e-06,1.79999501e+00
6.69742800e-06,1.80000478e+00
6.69752800e-06,1.79999503e+00
6.69762800e-06,1.80000476e+00
6.69772800e-06,1.79999504e+00
6.69782800e-06,1.80000475e+00
6.69792800e-06,1.79999505e+00
6.69802800e-06,1.80000474e+00
6.69812800e-06,1.79999507e+00
6.69822800e-06,1.80000473e+00
6.69832800e-06,1.79999508e+00
6.69842800e-06,1.80000471e+00
6.69852800e-06,1.79999509e+00
6.69862800e-06,1.80000470e+00
6.69872800e-06,1.79999511e+00
6.69882800e-06,1.80000469e+00
6.69892800e-06,1.79999512e+00
6.69902800e-06,1.80000467e+00
6.69912800e-06,1.79999513e+00
6.69922800e-06,1.80000466e+00
6.69932800e-06,1.79999515e+00
6.69942800e-06,1.80000465e+00
6.69952800e-06,1.79999516e+00
6.69962800e-06,1.80000463e+00
6.69972800e-06,1.79999517e+00
6.69982800e-06,1.80000462e+00
6.69992800e-06,1.79999519e+00
6.70002800e-06,1.80000461e+00
6.70012800e-06,1.79999520e+00
6.70022800e-06,1.80000460e+00
6.70032800e-06,1.79999521e+00
6.70042800e-06,1.80000458e+00
6.70052800e-06,1.79999523e+00
6.70062800e-06,1.80000457e+00
6.70072800e-06,1.79999524e+00
6.70082800e-06,1.80000456e+00
6.70092800e-06,1.79999525e+00
6.70102800e-06,1.80000455e+00
6.70112800e-06,1.79999527e+00
6.70122800e-06,1.80000453e+00
6.70132800e-06,1.79999528e+00
6.70142800e-06,1.80000452e+00
6.70152800e-06,1.79999529e+00
6.70162800e-06,1.80000451e+00
6.70172800e-06,1.79999531e+00
6.70182800e-06,1.80000450e+00
6.70192800e-06,1.79999532e+00
6.70202800e-06,1.80000448e+00
6.70212800e-06,1.79999533e+00
6.70222800e-06,1.80000447e+00
6.70232800e-06,1.79999535e+00
6.70242800e-06,1.80000446e+00
6.70252800e-06,1.79999536e+00
6.70262800e-06,1.80000444e+00
6.70272800e-06,1.79999537e+00
6.70282800e-06,1.80000443e+00
6.70292800e-06,1.79999539e+00
6.70302800e-06,1.80000442e+00
6.70312800e-06,1.79999540e+00
6.70322800e-06,1.80000441e+00
6.70332800e-06,1.79999541e+00
6.70342800e-06,1.80000439e+00
6.70352800e-06,1.79999543e+00
6.70362800e-06,1.80000438e+00
6.70372800e-06,1.79999544e+00
6.70382800e-06,1.80000437e+00
6.70392800e-06,1.79999545e+00
6.70402800e-06,1.80000436e+00
6.70412800e-06,1.79999547e+00
6.70422800e-06,1.80000435e+00
6.70432800e-06,1.79999548e+00
6.70442800e-06,1.80000433e+00
6.70452800e-06,1.79999549e+00
6.70462800e-06,1.80000432e+00
6.70472800e-06,1.79999550e+00
6.70482800e-06,1.80000431e+00
6.70492800e-06,1.79999552e+00
6.70502800e-06,1.80000430e+00
6.70512800e-06,1.79999553e+00
6.70522800e-06,1.80000428e+00
6.70532800e-06,1.79999554e+00
6.70542800e-06,1.80000427e+00
6.70552800e-06,1.79999556e+00
6.70562800e-06,1.80000426e+00
6.70572800e-06,1.79999557e+00
6.70582800e-06,1.80000425e+00
6.70592800e-06,1.79999558e+00
6.70602800e-06,1.80000423e+00
6.70612800e-06,1.79999559e+00
6.70622800e-06,1.80000422e+00
6.70632800e-06,1.79999561e+00
6.70642800e-06,1.80000421e+00
6.70652800e-06,1.79999562e+00
6.70662800e-06,1.80000420e+00
6.70672800e-06,1.79999563e+00
6.70682800e-06,1.80000419e+00
6.70692800e-06,1.79999565e+00
6.70702800e-06,1.80000417e+00
6.70712800e-06,1.79999566e+00
6.70722800e-06,1.80000416e+00
6.70732800e-06,1.79999567e+00
6.70742800e-06,1.80000415e+00
6.70752800e-06,1.79999568e+00
6.70762800e-06,1.80000414e+00
6.70772800e-06,1.79999570e+00
6.70782800e-06,1.80000413e+00
6.70792800e-06,1.79999571e+00
6.70802800e-06,1.80000411e+00
6.70812800e-06,1.79999572e+00
6.70822800e-06,1.80000410e+00
6.70832800e-06,1.79999573e+00
6.70842800e-06,1.80000409e+00
6.70852800e-06,1.79999575e+00
6.70862800e-06,1.80000408e+00
6.70872800e-06,1.79999576e+00
6.70882800e-06,1.80000407e+00
6.70892800e-06,1.79999577e+00
6.70902800e-06,1.80000405e+00
6.70912800e-06,1.79999578e+00
6.70922800e-06,1.80000404e+00
6.70932800e-06,1.79999580e+00
6.70942800e-06,1.80000403e+00
6.70952800e-06,1.79999581e+00
6.70962800e-06,1.80000402e+00
6.70972800e-06,1.79999582e+00
6.70982800e-06,1.80000401e+00
6.70992800e-06,1.79999583e+00
6.71002800e-06,1.80000399e+00
6.71012800e-06,1.79999585e+00
6.71022800e-06,1.80000398e+00
6.71032800e-06,1.79999586e+00
6.71042800e-06,1.80000397e+00
6.71052800e-06,1.79999587e+00
6.71062800e-06,1.80000396e+00
6.71072800e-06,1.79999588e+00
6.71082800e-06,1.80000395e+00
6.71092800e-06,1.79999590e+00
6.71102800e-06,1.80000394e+00
6.71112800e-06,1.79999591e+00
6.71122800e-06,1.80000392e+00
6.71132800e-06,1.79999592e+00
6.71142800e-06,1.80000391e+00
6.71152800e-06,1.79999593e+00
6.71162800e-06,1.80000390e+00
6.71172800e-06,1.79999595e+00
6.71182800e-06,1.80000389e+00
6.71192800e-06,1.79999596e+00
6.71202800e-06,1.80000388e+00
6.71212800e-06,1.79999597e+00
6.71222800e-06,1.80000387e+00
6.71232800e-06,1.79999598e+00
6.71242800e-06,1.80000386e+00
6.71252800e-06,1.79999599e+00
6.71262800e-06,1.80000384e+00
6.71272800e-06,1.79999601e+00
6.71282800e-06,1.80000383e+00
6.71292800e-06,1.79999602e+00
6.71302800e-06,1.80000382e+00
6.71312800e-06,1.79999603e+00
6.71322800e-06,1.80000381e+00
6.71332800e-06,1.79999604e+00
6.71342800e-06,1.80000380e+00
6.71352800e-06,1.79999606e+00
6.71362800e-06,1.80000379e+00
6.71372800e-06,1.79999607e+00
6.71382800e-06,1.80000377e+00
6.71392800e-06,1.79999608e+00
6.71402800e-06,1.80000376e+00
6.71412800e-06,1.79999609e+00
6.71422800e-06,1.80000375e+00
6.71432800e-06,1.79999610e+00
6.71442800e-06,1.80000374e+00
6.71452800e-06,1.79999612e+00
6.71462800e-06,1.80000373e+00
6.71472800e-06,1.79999613e+00
6.71482800e-06,1.80000372e+00
6.71492800e-06,1.79999614e+00
6.71502800e-06,1.80000371e+00
6.71512800e-06,1.79999615e+00
6.71522800e-06,1.80000370e+00
6.71532800e-06,1.79999616e+00
6.71542800e-06,1.80000368e+00
6.71552800e-06,1.79999617e+00
6.71562800e-06,1.80000367e+00
6.71572800e-06,1.79999619e+00
6.71582800e-06,1.80000366e+00
6.71592800e-06,1.79999620e+00
6.71602800e-06,1.80000365e+00
6.71612800e-06,1.79999621e+00
6.71622800e-06,1.80000364e+00
6.71632800e-06,1.79999622e+00
6.71642800e-06,1.80000363e+00
6.71652800e-06,1.79999623e+00
6.71662800e-06,1.80000362e+00
6.71672800e-06,1.79999625e+00
6.71682800e-06,1.80000361e+00
6.71692800e-06,1.79999626e+00
6.71702800e-06,1.80000360e+00
6.71712800e-06,1.79999627e+00
6.71722800e-06,1.80000359e+00
6.71732800e-06,1.79999628e+00
6.71742800e-06,1.80000357e+00
6.71752800e-06,1.79999629e+00
6.71762800e-06,1.80000356e+00
6.71772800e-06,1.79999630e+00
6.71782800e-06,1.80000355e+00
6.71792800e-06,1.79999632e+00
6.71802800e-06,1.80000354e+00
6.71812800e-06,1.79999633e+00
6.71822800e-06,1.80000353e+00
6.71832800e-06,1.79999634e+00
6.71842800e-06,1.80000352e+00
6.71852800e-06,1.79999635e+00
6.71862800e-06,1.80000351e+00
6.71872800e-06,1.79999636e+00
6.71882800e-06,1.80000350e+00
6.71892800e-06,1.79999637e+00
6.71902800e-06,1.80000349e+00
6.71912800e-06,1.79999638e+00
6.71922800e-06,1.80000348e+00
6.71932800e-06,1.79999640e+00
6.71942800e-06,1.80000347e+00
6.71952800e-06,1.79999641e+00
6.71962800e-06,1.80000346e+00
6.71972800e-06,1.79999642e+00
6.71982800e-06,1.80000344e+00
6.71992800e-06,1.79999643e+00
6.72002800e-06,1.80000343e+00
6.72012800e-06,1.79999644e+00
6.72022800e-06,1.80000342e+00
6.72032800e-06,1.79999645e+00
6.72042800e-06,1.80000341e+00
6.72052800e-06,1.79999646e+00
6.72062800e-06,1.80000340e+00
6.72072800e-06,1.79999648e+00
6.72082800e-06,1.80000339e+00
6.72092800e-06,1.79999649e+00
6.72102800e-06,1.80000338e+00
6.72112800e-06,1.79999650e+00
6.72122800e-06,1.80000337e+00
6.72132800e-06,1.79999651e+00
6.72142800e-06,1.80000336e+00
6.72152800e-06,1.79999652e+00
6.72162800e-06,1.80000335e+00
6.72172800e-06,1.79999653e+00
6.72182800e-06,1.80000334e+00
6.72192800e-06,1.79999654e+00
6.72202800e-06,1.80000333e+00
6.72212800e-06,1.79999655e+00
6.72222800e-06,1.80000332e+00
6.72232800e-06,1.79999657e+00
6.72242800e-06,1.80000331e+00
6.72252800e-06,1.79999658e+00
6.72262800e-06,1.80000330e+00
6.72272800e-06,1.79999659e+00
6.72282800e-06,1.80000329e+00
6.72292800e-06,1.79999660e+00
6.72302800e-06,1.80000328e+00
6.72312800e-06,1.79999661e+00
6.72322800e-06,1.80000327e+00
6.72332800e-06,1.79999662e+00
6.72342800e-06,1.80000326e+00
6.72352800e-06,1.79999663e+00
6.72362800e-06,1.80000325e+00
6.72372800e-06,1.79999664e+00
6.72382800e-06,1.80000324e+00
6.72392800e-06,1.79999665e+00
6.72402800e-06,1.80000323e+00
6.72412800e-06,1.79999666e+00
6.72422800e-06,1.80000322e+00
6.72432800e-06,1.79999668e+00
6.72442800e-06,1.80000321e+00
6.72452800e-06,1.79999669e+00
6.72462800e-06,1.80000320e+00
6.72472800e-06,1.79999670e+00
6.72482800e-06,1.80000318e+00
6.72492800e-06,1.79999671e+00
6.72502800e-06,1.80000317e+00
6.72512800e-06,1.79999672e+00
6.72522800e-06,1.80000316e+00
6.72532800e-06,1.79999673e+00
6.72542800e-06,1.80000315e+00
6.72552800e-06,1.79999674e+00
6.72562800e-06,1.80000314e+00
6.72572800e-06,1.79999675e+00
6.72582800e-06,1.80000313e+00
6.72592800e-06,1.79999676e+00
6.72602800e-06,1.80000312e+00
6.72612800e-06,1.79999677e+00
6.72622800e-06,1.80000311e+00
6.72632800e-06,1.79999678e+00
6.72642800e-06,1.80000310e+00
6.72652800e-06,1.79999679e+00
6.72662800e-06,1.80000310e+00
6.72672800e-06,1.79999680e+00
6.72682800e-06,1.80000309e+00
6.72692800e-06,1.79999681e+00
6.72702800e-06,1.80000308e+00
6.72712800e-06,1.79999683e+00
6.72722800e-06,1.80000307e+00
6.72732800e-06,1.79999684e+00
6.72742800e-06,1.80000306e+00
6.72752800e-06,1.79999685e+00
6.72762800e-06,1.80000305e+00
6.72772800e-06,1.79999686e+00
6.72782800e-06,1.80000304e+00
6.72792800e-06,1.79999687e+00
6.72802800e-06,1.80000303e+00
6.72812800e-06,1.79999688e+00
6.72822800e-06,1.80000302e+00
6.72832800e-06,1.79999689e+00
6.72842800e-06,1.80000301e+00
6.72852800e-06,1.79999690e+00
6.72862800e-06,1.80000300e+00
6.72872800e-06,1.79999691e+00
6.72882800e-06,1.80000299e+00
6.72892800e-06,1.79999692e+00
6.72902800e-06,1.80000298e+00
6.72912800e-06,1.79999693e+00
6.72922800e-06,1.80000297e+00
6.72932800e-06,1.79999694e+00
6.72942800e-06,1.80000296e+00
6.72952800e-06,1.79999695e+00
6.72962800e-06,1.80000295e+00
6.72972800e-06,1.79999696e+00
6.72982800e-06,1.80000294e+00
6.72992800e-06,1.79999697e+00
6.73002800e-06,1.80000293e+00
6.73012800e-06,1.79999698e+00
6.73022800e-06,1.80000292e+00
6.73032800e-06,1.79999699e+00
6.73042800e-06,1.80000291e+00
6.73052800e-06,1.79999700e+00
6.73062800e-06,1.80000290e+00
6.73072800e-06,1.79999701e+00
6.73082800e-06,1.80000289e+00
6.73092800e-06,1.79999702e+00
6.73102800e-06,1.80000288e+00
6.73112800e-06,1.79999703e+00
6.73122800e-06,1.80000287e+00
6.73132800e-06,1.79999704e+00
6.73142800e-06,1.80000286e+00
6.73152800e-06,1.79999705e+00
6.73162800e-06,1.80000286e+00
6.73172800e-06,1.79999706e+00
6.73182800e-06,1.80000285e+00
6.73192800e-06,1.79999707e+00
6.73202800e-06,1.80000284e+00
6.73212800e-06,1.79999708e+00
6.73222800e-06,1.80000283e+00
6.73232800e-06,1.79999709e+00
6.73242800e-06,1.80000282e+00
6.73252800e-06,1.79999710e+00
6.73262800e-06,1.80000281e+00
6.73272800e-06,1.79999711e+00
6.73282800e-06,1.80000280e+00
6.73292800e-06,1.79999712e+00
6.73302800e-06,1.80000279e+00
6.73312800e-06,1.79999713e+00
6.73322800e-06,1.80000278e+00
6.73332800e-06,1.79999714e+00
6.73342800e-06,1.80000277e+00
6.73352800e-06,1.79999715e+00
6.73362800e-06,1.80000276e+00
6.73372800e-06,1.79999716e+00
6.73382800e-06,1.80000275e+00
6.73392800e-06,1.79999717e+00
6.73402800e-06,1.80000274e+00
6.73412800e-06,1.79999718e+00
6.73422800e-06,1.80000274e+00
6.73432800e-06,1.79999719e+00
6.73442800e-06,1.80000273e+00
6.73452800e-06,1.79999720e+00
6.73462800e-06,1.80000272e+00
6.73472800e-06,1.79999721e+00
6.73482800e-06,1.80000271e+00
6.73492800e-06,1.79999722e+00
6.73502800e-06,1.80000270e+00
6.73512800e-06,1.79999723e+00
6.73522800e-06,1.80000269e+00
6.73532800e-06,1.79999724e+00
6.73542800e-06,1.80000268e+00
6.73552800e-06,1.79999725e+00
6.73562800e-06,1.80000267e+00
6.73572800e-06,1.79999726e+00
6.73582800e-06,1.80000266e+00
6.73592800e-06,1.79999727e+00
6.73602800e-06,1.80000266e+00
6.73612800e-06,1.79999728e+00
6.73622800e-06,1.80000265e+00
6.73632800e-06,1.79999729e+00
6.73642800e-06,1.80000264e+00
6.73652800e-06,1.79999730e+00
6.73662800e-06,1.80000263e+00
6.73672800e-06,1.79999731e+00
6.73682800e-06,1.80000262e+00
6.73692800e-06,1.79999732e+00
6.73702800e-06,1.80000261e+00
6.73712800e-06,1.79999733e+00
6.73722800e-06,1.80000260e+00
6.73732800e-06,1.79999734e+00
6.73742800e-06,1.80000259e+00
6.73752800e-06,1.79999735e+00
6.73762800e-06,1.80000259e+00
6.73772800e-06,1.79999736e+00
6.73782800e-06,1.80000258e+00
6.73792800e-06,1.79999737e+00
6.73802800e-06,1.80000257e+00
6.73812800e-06,1.79999738e+00
6.73822800e-06,1.80000256e+00
6.73832800e-06,1.79999739e+00
6.73842800e-06,1.80000255e+00
6.73852800e-06,1.79999740e+00
6.73862800e-06,1.80000254e+00
6.73872800e-06,1.79999741e+00
6.73882800e-06,1.80000253e+00
6.73892800e-06,1.79999742e+00
6.73902800e-06,1.80000253e+00
6.73912800e-06,1.79999743e+00
6.73922800e-06,1.80000252e+00
6.73932800e-06,1.79999743e+00
6.73942800e-06,1.80000251e+00
6.73952800e-06,1.79999744e+00
6.73962800e-06,1.80000250e+00
6.73972800e-06,1.79999745e+00
6.73982800e-06,1.80000249e+00
6.73992800e-06,1.79999746e+00
6.74002800e-06,1.80000248e+00
6.74012800e-06,1.79999747e+00
6.74022800e-06,1.80000248e+00
6.74032800e-06,1.79999748e+00
6.74042800e-06,1.80000247e+00
6.74052800e-06,1.79999749e+00
6.74062800e-06,1.80000246e+00
6.74072800e-06,1.79999750e+00
6.74082800e-06,1.80000245e+00
6.74092800e-06,1.79999751e+00
6.74102800e-06,1.80000244e+00
6.74112800e-06,1.79999752e+00
6.74122800e-06,1.80000243e+00
6.74132800e-06,1.79999753e+00
6.74142800e-06,1.80000243e+00
6.74152800e-06,1.79999754e+00
6.74162800e-06,1.80000242e+00
6.74172800e-06,1.79999755e+00
6.74182800e-06,1.80000241e+00
6.74192800e-06,1.79999756e+00
6.74202800e-06,1.80000240e+00
6.74212800e-06,1.79999756e+00
6.74222800e-06,1.80000239e+00
6.74232800e-06,1.79999757e+00
6.74242800e-06,1.80000239e+00
6.74252800e-06,1.79999758e+00
6.74262800e-06,1.80000238e+00
6.74272800e-06,1.79999759e+00
6.74282800e-06,1.80000237e+00
6.74292800e-06,1.79999760e+00
6.74302800e-06,1.80000236e+00
6.74312800e-06,1.79999761e+00
6.74322800e-06,1.80000235e+00
6.74332800e-06,1.79999762e+00
6.74342800e-06,1.80000235e+00
6.74352800e-06,1.79999763e+00
6.74362800e-06,1.80000234e+00
6.74372800e-06,1.79999764e+00
6.74382800e-06,1.80000233e+00
6.74392800e-06,1.79999765e+00
6.74402800e-06,1.80000232e+00
6.74412800e-06,1.79999766e+00
6.74422800e-06,1.80000231e+00
6.74432800e-06,1.79999766e+00
6.74442800e-06,1.80000231e+00
6.74452800e-06,1.79999767e+00
6.74462800e-06,1.80000230e+00
6.74472800e-06,1.79999768e+00
6.74482800e-06,1.80000229e+00
6.74492800e-06,1.79999769e+00
6.74502800e-06,1.80000228e+00
6.74512800e-06,1.79999770e+00
6.74522800e-06,1.80000227e+00
6.74532800e-06,1.79999771e+00
6.74542800e-06,1.80000227e+00
6.74552800e-06,1.79999772e+00
6.74562800e-06,1.80000226e+00
6.74572800e-06,1.79999773e+00
6.74582800e-06,1.80000225e+00
6.74592800e-06,1.79999774e+00
6.74602800e-06,1.80000224e+00
6.74612800e-06,1.79999774e+00
6.74622800e-06,1.80000224e+00
6.74632800e-06,1.79999775e+00
6.74642800e-06,1.80000223e+00
6.74652800e-06,1.79999776e+00
6.74662800e-06,1.80000222e+00
6.74672800e-06,1.79999777e+00
6.74682800e-06,1.80000221e+00
6.74692800e-06,1.79999778e+00
6.74702800e-06,1.80000221e+00
6.74712800e-06,1.79999779e+00
6.74722800e-06,1.80000220e+00
6.74732800e-06,1.79999780e+00
6.74742800e-06,1.80000219e+00
6.74752800e-06,1.79999781e+00
6.74762800e-06,1.80000218e+00
6.74772800e-06,1.79999781e+00
6.74782800e-06,1.80000218e+00
6.74792800e-06,1.79999782e+00
6.74802800e-06,1.80000217e+00
6.74812800e-06,1.79999783e+00
6.74822800e-06,1.80000216e+00
6.74832800e-06,1.79999784e+00
6.74842800e-06,1.80000215e+00
6.74852800e-06,1.79999785e+00
6.74862800e-06,1.80000215e+00
6.74872800e-06,1.79999786e+00
6.74882800e-06,1.80000214e+00
6.74892800e-06,1.79999787e+00
6.74902800e-06,1.80000213e+00
6.74912800e-06,1.79999787e+00
6.74922800e-06,1.80000212e+00
6.74932800e-06,1.79999788e+00
6.74942800e-06,1.80000212e+00
6.74952800e-06,1.79999789e+00
6.74962800e-06,1.80000211e+00
6.74972800e-06,1.79999790e+00
6.74982800e-06,1.80000210e+00
6.74992800e-06,1.79999791e+00
6.75002800e-06,1.80000209e+00
6.75012800e-06,1.79999792e+00
6.75022800e-06,1.80000209e+00
6.75032800e-06,1.79999793e+00
6.75042800e-06,1.80000208e+00
6.75052800e-06,1.79999793e+00
6.75062800e-06,1.80000207e+00
6.75072800e-06,1.79999794e+00
6.75082800e-06,1.80000207e+00
6.75092800e-06,1.79999795e+00
6.75102800e-06,1.80000206e+00
6.75112800e-06,1.79999796e+00
6.75122800e-06,1.80000205e+00
6.75132800e-06,1.79999797e+00
6.75142800e-06,1.80000204e+00
6.75152800e-06,1.79999798e+00
6.75162800e-06,1.80000204e+00
6.75172800e-06,1.79999799e+00
6.75182800e-06,1.80000203e+00
6.75192800e-06,1.79999799e+00
6.75202800e-06,1.80000202e+00
6.75212800e-06,1.79999800e+00
6.75222800e-06,1.80000202e+00
6.75232800e-06,1.79999801e+00
6.75242800e-06,1.80000201e+00
6.75252800e-06,1.79999802e+00
6.75262800e-06,1.80000200e+00
6.75272800e-06,1.79999803e+00
6.75282800e-06,1.80000199e+00
6.75292800e-06,1.79999804e+00
6.75302800e-06,1.80000199e+00
6.75312800e-06,1.79999804e+00
6.75322800e-06,1.80000198e+00
6.75332800e-06,1.79999805e+00
6.75342800e-06,1.80000197e+00
6.75352800e-06,1.79999806e+00
6.75362800e-06,1.80000197e+00
6.75372800e-06,1.79999807e+00
6.75382800e-06,1.80000196e+00
6.75392800e-06,1.79999808e+00
6.75402800e-06,1.80000195e+00
6.75412800e-06,1.79999808e+00
6.75422800e-06,1.80000195e+00
6.75432800e-06,1.79999809e+00
6.75442800e-06,1.80000194e+00
6.75452800e-06,1.79999810e+00
6.75462800e-06,1.80000193e+00
6.75472800e-06,1.79999811e+00
6.75482800e-06,1.80000193e+00
6.75492800e-06,1.79999812e+00
6.75502800e-06,1.80000192e+00
6.75512800e-06,1.79999813e+00
6.75522800e-06,1.80000191e+00
6.75532800e-06,1.79999813e+00
6.75542800e-06,1.80000191e+00
6.75552800e-06,1.79999814e+00
6.75562800e-06,1.80000190e+00
6.75572800e-06,1.79999815e+00
6.75582800e-06,1.80000189e+00
6.75592800e-06,1.79999816e+00
6.75602800e-06,1.80000189e+00
6.75612800e-06,1.79999817e+00
6.75622800e-06,1.80000188e+00
6.75632800e-06,1.79999817e+00
6.75642800e-06,1.80000187e+00
6.75652800e-06,1.79999818e+00
6.75662800e-06,1.80000187e+00
6.75672800e-06,1.79999819e+00
6.75682800e-06,1.80000186e+00
6.75692800e-06,1.79999820e+00
6.75702800e-06,1.80000185e+00
6.75712800e-06,1.79999821e+00
6.75722800e-06,1.80000185e+00
6.75732800e-06,1.79999821e+00
6.75742800e-06,1.80000184e+00
6.75752800e-06,1.79999822e+00
6.75762800e-06,1.80000183e+00
6.75772800e-06,1.79999823e+00
6.75782800e-06,1.80000183e+00
6.75792800e-06,1.79999824e+00
6.75802800e-06,1.80000182e+00
6.75812800e-06,1.79999825e+00
6.75822800e-06,1.80000182e+00
6.75832800e-06,1.79999825e+00
6.75842800e-06,1.80000181e+00
6.75852800e-06,1.79999826e+00
6.75862800e-06,1.80000180e+00
6.75872800e-06,1.79999827e+00
6.75882800e-06,1.80000180e+00
6.75892800e-06,1.79999828e+00
6.75902800e-06,1.80000179e+00
6.75912800e-06,1.79999829e+00
6.75922800e-06,1.80000178e+00
6.75932800e-06,1.79999829e+00
6.75942800e-06,1.80000178e+00
6.75952800e-06,1.79999830e+00
6.75962800e-06,1.80000177e+00
6.75972800e-06,1.79999831e+00
6.75982800e-06,1.80000177e+00
6.75992800e-06,1.79999832e+00
6.76002800e-06,1.80000176e+00
6.76012800e-06,1.79999832e+00
6.76022800e-06,1.80000175e+00
6.76032800e-06,1.79999833e+00
6.76042800e-06,1.80000175e+00
6.76052800e-06,1.79999834e+00
6.76062800e-06,1.80000174e+00
6.76072800e-06,1.79999835e+00
6.76082800e-06,1.80000173e+00
6.76092800e-06,1.79999836e+00
6.76102800e-06,1.80000173e+00
6.76112800e-06,1.79999836e+00
6.76122800e-06,1.80000172e+00
6.76132800e-06,1.79999837e+00
6.76142800e-06,1.80000172e+00
6.76152800e-06,1.79999838e+00
6.76162800e-06,1.80000171e+00
6.76172800e-06,1.79999839e+00
6.76182800e-06,1.80000170e+00
6.76192800e-06,1.79999839e+00
6.76202800e-06,1.80000170e+00
6.76212800e-06,1.79999840e+00
6.76222800e-06,1.80000169e+00
6.76232800e-06,1.79999841e+00
6.76242800e-06,1.80000169e+00
6.76252800e-06,1.79999842e+00
6.76262800e-06,1.80000168e+00
6.76272800e-06,1.79999843e+00
6.76282800e-06,1.80000167e+00
6.76292800e-06,1.79999843e+00
6.76302800e-06,1.80000167e+00
6.76312800e-06,1.79999844e+00
6.76322800e-06,1.80000166e+00
6.76332800e-06,1.79999845e+00
6.76342800e-06,1.80000166e+00
6.76352800e-06,1.79999846e+00
6.76362800e-06,1.80000165e+00
6.76372800e-06,1.79999846e+00
6.76382800e-06,1.80000165e+00
6.76392800e-06,1.79999847e+00
6.76402800e-06,1.80000164e+00
6.76412800e-06,1.79999848e+00
6.76422800e-06,1.80000163e+00
6.76432800e-06,1.79999849e+00
6.76442800e-06,1.80000163e+00
6.76452800e-06,1.79999849e+00
6.76462800e-06,1.80000162e+00
6.76472800e-06,1.79999850e+00
6.76482800e-06,1.80000162e+00
6.76492800e-06,1.79999851e+00
6.76502800e-06,1.80000161e+00
6.76512800e-06,1.79999852e+00
6.76522800e-06,1.80000161e+00
6.76532800e-06,1.79999852e+00
6.76542800e-06,1.80000160e+00
6.76552800e-06,1.79999853e+00
6.76562800e-06,1.80000160e+00
6.76572800e-06,1.79999854e+00
6.76582800e-06,1.80000159e+00
6.76592800e-06,1.79999855e+00
6.76602800e-06,1.80000158e+00
6.76612800e-06,1.79999855e+00
6.76622800e-06,1.80000158e+00
6.76632800e-06,1.79999856e+00
6.76642800e-06,1.80000157e+00
6.76652800e-06,1.79999857e+00
6.76662800e-06,1.80000157e+00
6.76672800e-06,1.79999858e+00
6.76682800e-06,1.80000156e+00
6.76692800e-06,1.79999858e+00
6.76702800e-06,1.80000156e+00
6.76712800e-06,1.79999859e+00
6.76722800e-06,1.80000155e+00
6.76732800e-06,1.79999860e+00
6.76742800e-06,1.80000155e+00
6.76752800e-06,1.79999861e+00
6.76762800e-06,1.80000154e+00
6.76772800e-06,1.79999861e+00
6.76782800e-06,1.80000154e+00
6.76792800e-06,1.79999862e+00
6.76802800e-06,1.80000153e+00
6.76812800e-06,1.79999863e+00
6.76822800e-06,1.80000152e+00
6.76832800e-06,1.79999864e+00
6.76842800e-06,1.80000152e+00
6.76852800e-06,1.79999864e+00
6.76862800e-06,1.80000151e+00
6.76872800e-06,1.79999865e+00
6.76882800e-06,1.80000151e+00
6.76892800e-06,1.79999866e+00
6.76902800e-06,1.80000150e+00
6.76912800e-06,1.79999867e+00
6.76922800e-06,1.80000150e+00
6.76932800e-06,1.79999867e+00
6.76942800e-06,1.80000149e+00
6.76952800e-06,1.79999868e+00
6.76962800e-06,1.80000149e+00
6.76972800e-06,1.79999869e+00
6.76982800e-06,1.80000148e+00
6.76992800e-06,1.79999870e+00
6.77002800e-06,1.80000148e+00
6.77012800e-06,1.79999870e+00
6.77022800e-06,1.80000147e+00
6.77032800e-06,1.79999871e+00
6.77042800e-06,1.80000147e+00
6.77052800e-06,1.79999872e+00
6.77062800e-06,1.80000146e+00
6.77072800e-06,1.79999872e+00
6.77082800e-06,1.80000146e+00
6.77092800e-06,1.79999873e+00
6.77102800e-06,1.80000145e+00
6.77112800e-06,1.79999874e+00
6.77122800e-06,1.80000145e+00
6.77132800e-06,1.79999875e+00
6.77142800e-06,1.80000144e+00
6.77152800e-06,1.79999875e+00
6.77162800e-06,1.80000144e+00
6.77172800e-06,1.79999876e+00
6.77182800e-06,1.80000143e+00
6.77192800e-06,1.79999877e+00
6.77202800e-06,1.80000143e+00
6.77212800e-06,1.79999878e+00
6.77222800e-06,1.80000142e+00
6.77232800e-06,1.79999878e+00
6.77242800e-06,1.80000142e+00
6.77252800e-06,1.79999879e+00
6.77262800e-06,1.80000141e+00
6.77272800e-06,1.79999880e+00
6.77282800e-06,1.80000141e+00
6.77292800e-06,1.79999880e+00
6.77302800e-06,1.80000140e+00
6.77312800e-06,1.79999881e+00
6.77322800e-06,1.80000140e+00
6.77332800e-06,1.79999882e+00
6.77342800e-06,1.80000140e+00
6.77352800e-06,1.79999883e+00
6.77362800e-06,1.80000139e+00
6.77372800e-06,1.79999883e+00
6.77382800e-06,1.80000139e+00
6.77392800e-06,1.79999884e+00
6.77402800e-06,1.80000138e+00
6.77412800e-06,1.79999885e+00
6.77422800e-06,1.80000138e+00
6.77432800e-06,1.79999885e+00
6.77442800e-06,1.80000137e+00
6.77452800e-06,1.79999886e+00
6.77462800e-06,1.80000137e+00
6.77472800e-06,1.79999887e+00
6.77482800e-06,1.80000136e+00
6.77492800e-06,1.79999888e+00
6.77502800e-06,1.80000136e+00
6.77512800e-06,1.79999888e+00
6.77522800e-06,1.80000135e+00
6.77532800e-06,1.79999889e+00
6.77542800e-06,1.80000135e+00
6.77552800e-06,1.79999890e+00
6.77562800e-06,1.80000134e+00
6.77572800e-06,1.79999890e+00
6.77582800e-06,1.80000134e+00
6.77592800e-06,1.79999891e+00
6.77602800e-06,1.80000134e+00
6.77612800e-06,1.79999892e+00
6.77622800e-06,1.80000133e+00
6.77632800e-06,1.79999893e+00
6.77642800e-06,1.80000133e+00
6.77652800e-06,1.79999893e+00
6.77662800e-06,1.80000132e+00
6.77672800e-06,1.79999894e+00
6.77682800e-06,1.80000132e+00
6.77692800e-06,1.79999895e+00
6.77702800e-06,1.80000131e+00
6.77712800e-06,1.79999895e+00
6.77722800e-06,1.80000131e+00
6.77732800e-06,1.79999896e+00
6.77742800e-06,1.80000131e+00
6.77752800e-06,1.79999897e+00
6.77762800e-06,1.80000130e+00
6.77772800e-06,1.79999897e+00
6.77782800e-06,1.80000130e+00
6.77792800e-06,1.79999898e+00
6.77802800e-06,1.80000129e+00
6.77812800e-06,1.79999899e+00
6.77822800e-06,1.80000129e+00
6.77832800e-06,1.79999900e+00
6.77842800e-06,1.80000128e+00
6.77852800e-06,1.79999900e+00
6.77862800e-06,1.80000128e+00
6.77872800e-06,1.79999901e+00
6.77882800e-06,1.80000128e+00
6.77892800e-06,1.79999902e+00
6.77902800e-06,1.80000127e+00
6.77912800e-06,1.79999902e+00
6.77922800e-06,1.80000127e+00
6.77932800e-06,1.79999903e+00
6.77942800e-06,1.80000126e+00
6.77952800e-06,1.79999904e+00
6.77962800e-06,1.80000126e+00
6.77972800e-06,1.79999904e+00
6.77982800e-06,1.80000126e+00
6.77992800e-06,1.79999905e+00
6.78002800e-06,1.80000125e+00
6.78012800e-06,1.79999906e+00
6.78022800e-06,1.80000125e+00
6.78032800e-06,1.79999907e+00
6.78042800e-06,1.80000124e+00
6.78052800e-06,1.79999907e+00
6.78062800e-06,1.80000124e+00
6.78072800e-06,1.79999908e+00
6.78082800e-06,1.80000124e+00
6.78092800e-06,1.79999909e+00
6.78102800e-06,1.80000123e+00
6.78112800e-06,1.79999909e+00
6.78122800e-06,1.80000123e+00
6.78132800e-06,1.79999910e+00
6.78142800e-06,1.80000122e+00
6.78152800e-06,1.79999911e+00
6.78162800e-06,1.80000122e+00
6.78172800e-06,1.79999911e+00
6.78182800e-06,1.80000122e+00
6.78192800e-06,1.79999912e+00
6.78202800e-06,1.80000121e+00
6.78212800e-06,1.79999913e+00
6.78222800e-06,1.80000121e+00
6.78232800e-06,1.79999914e+00
6.78242800e-06,1.80000121e+00
6.78252800e-06,1.79999914e+00
6.78262800e-06,1.80000120e+00
6.78272800e-06,1.79999915e+00
6.78282800e-06,1.80000120e+00
6.78292800e-06,1.79999916e+00
6.78302800e-06,1.80000119e+00
6.78312800e-06,1.79999916e+00
6.78322800e-06,1.80000119e+00
6.78332800e-06,1.79999917e+00
6.78342800e-06,1.80000119e+00
6.78352800e-06,1.79999918e+00
6.78362800e-06,1.80000118e+00
6.78372800e-06,1.79999918e+00
6.78382800e-06,1.80000118e+00
6.78392800e-06,1.79999919e+00
6.78402800e-06,1.80000118e+00
6.78412800e-06,1.79999920e+00
6.78422800e-06,1.80000117e+00
6.78432800e-06,1.79999920e+00
6.78442800e-06,1.80000117e+00
6.78452800e-06,1.79999921e+00
6.78462800e-06,1.80000117e+00
6.78472800e-06,1.79999922e+00
6.78482800e-06,1.80000116e+00
6.78492800e-06,1.79999922e+00
6.78502800e-06,1.80000116e+00
6.78512800e-06,1.79999923e+00
6.78522800e-06,1.80000116e+00
6.78532800e-06,1.79999924e+00
6.78542800e-06,1.80000115e+00
6.78552800e-06,1.79999925e+00
6.78562800e-06,1.80000115e+00
6.78572800e-06,1.79999925e+00
6.78582800e-06,1.80000114e+00
6.78592800e-06,1.79999926e+00
6.78602800e-06,1.80000114e+00
6.78612800e-06,1.79999927e+00
6.78622800e-06,1.80000114e+00
6.78632800e-06,1.79999927e+00
6.78642800e-06,1.80000113e+00
6.78652800e-06,1.79999928e+00
6.78662800e-06,1.80000113e+00
6.78672800e-06,1.79999929e+00
6.78682800e-06,1.80000113e+00
6.78692800e-06,1.79999929e+00
6.78702800e-06,1.80000113e+00
6.78712800e-06,1.79999930e+00
6.78722800e-06,1.80000112e+00
6.78732800e-06,1.79999931e+00
6.78742800e-06,1.80000112e+00
6.78752800e-06,1.79999931e+00
6.78762800e-06,1.80000112e+00
6.78772800e-06,1.79999932e+00
6.78782800e-06,1.80000111e+00
6.78792800e-06,1.79999933e+00
6.78802800e-06,1.80000111e+00
6.78812800e-06,1.79999933e+00
6.78822800e-06,1.80000111e+00
6.78832800e-06,1.79999934e+00
6.78842800e-06,1.80000110e+00
6.78852800e-06,1.79999935e+00
6.78862800e-06,1.80000110e+00
6.78872800e-06,1.79999935e+00
6.78882800e-06,1.80000110e+00
6.78892800e-06,1.79999936e+00
6.78902800e-06,1.80000109e+00
6.78912800e-06,1.79999937e+00
6.78922800e-06,1.80000109e+00
6.78932800e-06,1.79999937e+00
6.78942800e-06,1.80000109e+00
6.78952800e-06,1.79999938e+00
6.78962800e-06,1.80000109e+00
6.78972800e-06,1.79999939e+00
6.78982800e-06,1.80000108e+00
6.78992800e-06,1.79999940e+00
6.79002800e-06,1.80000108e+00
6.79012800e-06,1.79999940e+00
6.79022800e-06,1.80000108e+00
6.79032800e-06,1.79999941e+00
6.79042800e-06,1.80000107e+00
6.79052800e-06,1.79999942e+00
6.79062800e-06,1.80000107e+00
6.79072800e-06,1.79999942e+00
6.79082800e-06,1.80000107e+00
6.79092800e-06,1.79999943e+00
6.79102800e-06,1.80000106e+00
6.79112800e-06,1.79999944e+00
6.79122800e-06,1.80000106e+00
6.79132800e-06,1.79999944e+00
6.79142800e-06,1.80000106e+00
6.79152800e-06,1.79999945e+00
6.79162800e-06,1.80000106e+00
6.79172800e-06,1.79999946e+00
6.79182800e-06,1.80000105e+00
6.79192800e-06,1.79999946e+00
6.79202800e-06,1.80000105e+00
6.79212800e-06,1.79999947e+00
6.79222800e-06,1.80000105e+00
6.79232800e-06,1.79999948e+00
6.79242800e-06,1.80000105e+00
6.79252800e-06,1.79999948e+00
6.79262800e-06,1.80000104e+00
6.79272800e-06,1.79999949e+00
6.79282800e-06,1.80000104e+00
6.79292800e-06,1.79999950e+00
6.79302800e-06,1.80000104e+00
6.79312800e-06,1.79999950e+00
6.79322800e-06,1.80000104e+00
6.79332800e-06,1.79999951e+00
6.79342800e-06,1.80000103e+00
6.79352800e-06,1.79999952e+00
6.79362800e-06,1.80000103e+00
6.79372800e-06,1.79999952e+00
6.79382800e-06,1.80000103e+00
6.79392800e-06,1.79999953e+00
6.79402800e-06,1.80000103e+00
6.79412800e-06,1.79999954e+00
6.79422800e-06,1.80000102e+00
6.79432800e-06,1.79999954e+00
6.79442800e-06,1.80000102e+00
6.79452800e-06,1.79999955e+00
6.79462800e-06,1.80000102e+00
6.79472800e-06,1.79999956e+00
6.79482800e-06,1.80000102e+00
6.79492800e-06,1.79999956e+00
6.79502800e-06,1.80000101e+00
6.79512800e-06,1.79999957e+00
6.79522800e-06,1.80000101e+00
6.79532800e-06,1.79999958e+00
6.79542800e-06,1.80000101e+00
6.79552800e-06,1.79999958e+00
6.79562800e-06,1.80000101e+00
6.79572800e-06,1.79999959e+00
6.79582800e-06,1.80000100e+00
6.79592800e-06,1.79999960e+00
6.79602800e-06,1.80000100e+00
6.79612800e-06,1.79999960e+00
6.79622800e-06,1.80000100e+00
6.79632800e-06,1.79999961e+00
6.79642800e-06,1.80000100e+00
6.79652800e-06,1.79999962e+00
6.79662800e-06,1.80000100e+00
6.79672800e-06,1.79999962e+00
6.79682800e-06,1.80000099e+00
6.79692800e-06,1.79999963e+00
6.79702800e-06,1.80000099e+00
6.79712800e-06,1.79999964e+00
6.79722800e-06,1.80000099e+00
6.79732800e-06,1.79999964e+00
6.79742800e-06,1.80000099e+00
6.79752800e-06,1.79999965e+00
6.79762800e-06,1.80000098e+00
6.79772800e-06,1.79999966e+00
6.79782800e-06,1.80000098e+00
6.79792800e-06,1.79999967e+00
6.79802800e-06,1.80000098e+00
6.79812800e-06,1.79999967e+00
6.79822800e-06,1.80000098e+00
6.79832800e-06,1.79999968e+00
6.79842800e-06,1.80000098e+00
6.79852800e-06,1.79999969e+00
6.79862800e-06,1.80000097e+00
6.79872800e-06,1.79999969e+00
6.79882800e-06,1.80000097e+00
6.79892800e-06,1.79999970e+00
6.79902800e-06,1.80000097e+00
6.79912800e-06,1.79999971e+00
6.79922800e-06,1.80000097e+00
6.79932800e-06,1.79999971e+00
6.79942800e-06,1.80000097e+00
6.79952800e-06,1.79999972e+00
6.79962800e-06,1.80000097e+00
6.79972800e-06,1.79999973e+00
6.79982800e-06,1.80000096e+00
6.79992800e-06,1.79999973e+00
6.80002800e-06,1.80000096e+00
6.80012800e-06,1.79999974e+00
6.80022800e-06,1.80000096e+00
6.80032800e-06,1.79999975e+00
6.80042800e-06,1.80000096e+00
6.80052800e-06,1.79999975e+00
6.80062800e-06,1.80000096e+00
6.80072800e-06,1.79999976e+00
6.80082800e-06,1.80000095e+00
6.80092800e-06,1.79999977e+00
6.80102800e-06,1.80000095e+00
6.80112800e-06,1.79999977e+00
6.80122800e-06,1.80000095e+00
6.80132800e-06,1.79999978e+00
6.80142800e-06,1.80000095e+00
6.80152800e-06,1.79999979e+00
6.80162800e-06,1.80000095e+00
6.80172800e-06,1.79999979e+00
6.80182800e-06,1.80000095e+00
6.80192800e-06,1.79999980e+00
6.80202800e-06,1.80000094e+00
6.80212800e-06,1.79999981e+00
6.80222800e-06,1.80000094e+00
6.80232800e-06,1.79999981e+00
6.80242800e-06,1.80000094e+00
6.80252800e-06,1.79999982e+00
6.80262800e-06,1.80000094e+00
6.80272800e-06,1.79999983e+00
6.80282800e-06,1.80000094e+00
6.80292800e-06,1.79999983e+00
6.80302800e-06,1.80000094e+00
6.80312800e-06,1.79999984e+00
6.80322800e-06,1.80000094e+00
6.80332800e-06,1.79999985e+00
6.80342800e-06,1.80000093e+00
6.80352800e-06,1.79999985e+00
6.80362800e-06,1.80000093e+00
6.80372800e-06,1.79999986e+00
6.80382800e-06,1.80000093e+00
6.80392800e-06,1.79999987e+00
6.80402800e-06,1.80000093e+00
6.80412800e-06,1.79999987e+00
6.80422800e-06,1.80000093e+00
6.80432800e-06,1.79999988e+00
6.80442800e-06,1.80000093e+00
6.80452800e-06,1.79999989e+00
6.80462800e-06,1.80000093e+00
6.80472800e-06,1.79999989e+00
6.80482800e-06,1.80000093e+00
6.80492800e-06,1.79999990e+00
6.80502800e-06,1.80000092e+00
6.80512800e-06,1.79999991e+00
6.80522800e-06,1.80000092e+00
6.80532800e-06,1.79999992e+00
6.80542800e-06,1.80000092e+00
6.80552800e-06,1.79999992e+00
6.80562800e-06,1.80000092e+00
6.80572800e-06,1.79999993e+00
6.80582800e-06,1.80000092e+00
6.80592800e-06,1.79999994e+00
6.80602800e-06,1.80000092e+00
6.80612800e-06,1.79999994e+00
6.80622800e-06,1.80000092e+00
6.80632800e-06,1.79999995e+00
6.80642800e-06,1.80000092e+00
6.80652800e-06,1.79999996e+00
6.80662800e-06,1.80000091e+00
6.80672800e-06,1.79999996e+00
6.80682800e-06,1.80000091e+00
6.80692800e-06,1.79999997e+00
6.80702800e-06,1.80000091e+00
6.80712800e-06,1.79999998e+00
6.80722800e-06,1.80000091e+00
6.80732800e-06,1.79999998e+00
6.80742800e-06,1.80000091e+00
6.80752800e-06,1.79999999e+00
6.80762800e-06,1.80000091e+00
6.80772800e-06,1.80000000e+00
6.80782800e-06,1.80000091e+00
6.80792800e-06,1.80000000e+00
6.80802800e-06,1.80000091e+00
6.80812800e-06,1.80000001e+00
6.80822800e-06,1.80000091e+00
6.80832800e-06,1.80000002e+00
6.80842800e-06,1.80000091e+00
6.80852800e-06,1.80000002e+00
6.80862800e-06,1.80000091e+00
6.80872800e-06,1.80000003e+00
6.80882800e-06,1.80000090e+00
6.80892800e-06,1.80000004e+00
6.80902800e-06,1.80000090e+00
6.80912800e-06,1.80000004e+00
6.80922800e-06,1.80000090e+00
6.80932800e-06,1.80000005e+00
6.80942800e-06,1.80000090e+00
6.80952800e-06,1.80000006e+00
6.80962800e-06,1.80000090e+00
6.80972800e-06,1.80000007e+00
6.80982800e-06,1.80000090e+00
6.80992800e-06,1.80000007e+00
6.81002800e-06,1.80000090e+00
6.81012800e-06,1.80000008e+00
6.81022800e-06,1.80000090e+00
6.81032800e-06,1.80000009e+00
6.81042800e-06,1.80000090e+00
6.81052800e-06,1.80000009e+00
6.81062800e-06,1.80000090e+00
6.81072800e-06,1.80000010e+00
6.81082800e-06,1.80000090e+00
6.81092800e-06,1.80000011e+00
6.81102800e-06,1.80000090e+00
6.81112800e-06,1.80000011e+00
6.81122800e-06,1.80000090e+00
6.81132800e-06,1.80000012e+00
6.81142800e-06,1.80000090e+00
6.81152800e-06,1.80000013e+00
6.81162800e-06,1.80000090e+00
6.81172800e-06,1.80000013e+00
6.81182800e-06,1.80000090e+00
6.81192800e-06,1.80000014e+00
6.81202800e-06,1.80000089e+00
6.81212800e-06,1.80000015e+00
6.81222800e-06,1.80000089e+00
6.81232800e-06,1.80000015e+00
6.81242800e-06,1.80000089e+00
6.81252800e-06,1.80000016e+00
6.81262800e-06,1.80000089e+00
6.81272800e-06,1.80000017e+00
6.81282800e-06,1.80000089e+00
6.81292800e-06,1.80000018e+00
6.81302800e-06,1.80000089e+00
6.81312800e-06,1.80000018e+00
6.81322800e-06,1.80000089e+00
6.81332800e-06,1.80000019e+00
6.81342800e-06,1.80000089e+00
6.81352800e-06,1.80000020e+00
6.81362800e-06,1.80000089e+00
6.81372800e-06,1.80000020e+00
6.81382800e-06,1.80000089e+00
6.81392800e-06,1.80000021e+00
6.81402800e-06,1.80000089e+00
6.81412800e-06,1.80000022e+00
6.81422800e-06,1.80000089e+00
6.81432800e-06,1.80000022e+00
6.81442800e-06,1.80000089e+00
6.81452800e-06,1.80000023e+00
6.81462800e-06,1.80000089e+00
6.81472800e-06,1.80000024e+00
6.81482800e-06,1.80000089e+00
6.81492800e-06,1.80000024e+00
6.81502800e-06,1.80000089e+00
6.81512800e-06,1.80000025e+00
6.81522800e-06,1.80000089e+00
6.81532800e-06,1.80000026e+00
6.81542800e-06,1.80000089e+00
6.81552800e-06,1.80000027e+00
6.81562800e-06,1.80000089e+00
6.81572800e-06,1.80000027e+00
6.81582800e-06,1.80000089e+00
6.81592800e-06,1.80000028e+00
6.81602800e-06,1.80000089e+00
6.81612800e-06,1.80000029e+00
6.81622800e-06,1.80000089e+00
6.81632800e-06,1.80000029e+00
6.81642800e-06,1.80000089e+00
6.81652800e-06,1.80000030e+00
6.81662800e-06,1.80000089e+00
6.81672800e-06,1.80000031e+00
6.81682800e-06,1.80000089e+00
6.81692800e-06,1.80000031e+00
6.81702800e-06,1.80000089e+00
6.81712800e-06,1.80000032e+00
6.81722800e-06,1.80000089e+00
6.81732800e-06,1.80000033e+00
6.81742800e-06,1.80000089e+00
6.81752800e-06,1.80000034e+00
6.81762800e-06,1.80000089e+00
6.81772800e-06,1.80000034e+00
6.81782800e-06,1.80000089e+00
6.81792800e-06,1.80000035e+00
6.81802800e-06,1.80000089e+00
6.81812800e-06,1.80000036e+00
6.81822800e-06,1.80000089e+00
6.81832800e-06,1.80000036e+00
6.81842800e-06,1.80000089e+00
6.81852800e-06,1.80000037e+00
6.81862800e-06,1.80000089e+00
6.81872800e-06,1.80000038e+00
6.81882800e-06,1.80000089e+00
6.81892800e-06,1.80000039e+00
6.81902800e-06,1.80000089e+00
6.81912800e-06,1.80000039e+00
6.81922800e-06,1.80000090e+00
6.81932800e-06,1.80000040e+00
6.81942800e-06,1.80000090e+00
6.81952800e-06,1.80000041e+00
6.81962800e-06,1.80000090e+00
6.81972800e-06,1.80000041e+00
6.81982800e-06,1.80000090e+00
6.81992800e-06,1.80000042e+00
6.82002800e-06,1.80000090e+00
6.82012800e-06,1.80000043e+00
6.82022800e-06,1.80000090e+00
6.82032800e-06,1.80000044e+00
6.82042800e-06,1.80000090e+00
6.82052800e-06,1.80000044e+00
6.82062800e-06,1.80000090e+00
6.82072800e-06,1.80000045e+00
6.82082800e-06,1.80000090e+00
6.82092800e-06,1.80000046e+00
6.82102800e-06,1.80000090e+00
6.82112800e-06,1.80000046e+00
6.82122800e-06,1.80000090e+00
6.82132800e-06,1.80000047e+00
6.82142800e-06,1.80000090e+00
6.82152800e-06,1.80000048e+00
6.82162800e-06,1.80000090e+00
6.82172800e-06,1.80000049e+00
6.82182800e-06,1.80000090e+00
6.82192800e-06,1.80000049e+00
6.82202800e-06,1.80000090e+00
6.82212800e-06,1.80000050e+00
6.82222800e-06,1.80000090e+00
6.82232800e-06,1.80000051e+00
6.82242800e-06,1.80000091e+00
6.82252800e-06,1.80000051e+00
6.82262800e-06,1.80000091e+00
6.82272800e-06,1.80000052e+00
6.82282800e-06,1.80000091e+00
6.82292800e-06,1.80000053e+00
6.82302800e-06,1.80000091e+00
6.82312800e-06,1.80000054e+00
6.82322800e-06,1.80000091e+00
6.82332800e-06,1.80000054e+00
6.82342800e-06,1.80000091e+00
6.82352800e-06,1.80000055e+00
6.82362800e-06,1.80000091e+00
6.82372800e-06,1.80000056e+00
6.82382800e-06,1.80000091e+00
6.82392800e-06,1.80000057e+00
6.82402800e-06,1.80000091e+00
6.82412800e-06,1.80000057e+00
6.82422800e-06,1.80000091e+00
6.82432800e-06,1.80000058e+00
6.82442800e-06,1.80000092e+00
6.82452800e-06,1.80000059e+00
6.82462800e-06,1.80000092e+00
6.82472800e-06,1.80000059e+00
6.82482800e-06,1.80000092e+00
6.82492800e-06,1.80000060e+00
6.82502800e-06,1.80000092e+00
6.82512800e-06,1.80000061e+00
6.82522800e-06,1.80000092e+00
6.82532800e-06,1.80000062e+00
6.82542800e-06,1.80000092e+00
6.82552800e-06,1.80000062e+00
6.82562800e-06,1.80000092e+00
6.82572800e-06,1.80000063e+00
6.82582800e-06,1.80000092e+00
6.82592800e-06,1.80000064e+00
6.82602800e-06,1.80000093e+00
6.82612800e-06,1.80000065e+00
6.82622800e-06,1.80000093e+00
6.82632800e-06,1.80000065e+00
6.82642800e-06,1.80000093e+00
6.82652800e-06,1.80000066e+00
6.82662800e-06,1.80000093e+00
6.82672800e-06,1.80000067e+00
6.82682800e-06,1.80000093e+00
6.82692800e-06,1.80000068e+00
6.82702800e-06,1.80000093e+00
6.82712800e-06,1.80000068e+00
6.82722800e-06,1.80000093e+00
6.82732800e-06,1.80000069e+00
6.82742800e-06,1.80000094e+00
6.82752800e-06,1.80000070e+00
6.82762800e-06,1.80000094e+00
6.82772800e-06,1.80000071e+00
6.82782800e-06,1.80000094e+00
6.82792800e-06,1.80000071e+00
6.82802800e-06,1.80000094e+00
6.82812800e-06,1.80000072e+00
6.82822800e-06,1.80000094e+00
6.82832800e-06,1.80000073e+00
6.82842800e-06,1.80000094e+00
6.82852800e-06,1.80000074e+00
6.82862800e-06,1.80000095e+00
6.82872800e-06,1.80000074e+00
6.82882800e-06,1.80000095e+00
6.82892800e-06,1.80000075e+00
6.82902800e-06,1.80000095e+00
6.82912800e-06,1.80000076e+00
6.82922800e-06,1.80000095e+00
6.82932800e-06,1.80000077e+00
6.82942800e-06,1.80000095e+00
6.82952800e-06,1.80000078e+00
6.82962800e-06,1.80000095e+00
6.82972800e-06,1.80000078e+00
6.82982800e-06,1.80000095e+00
6.82992800e-06,1.80000079e+00
6.83002800e-06,1.80000095e+00
6.83012800e-06,1.80000080e+00
6.83022800e-06,1.80000095e+00
6.83032800e-06,1.80000081e+00
6.83042800e-06,1.80000096e+00
6.83052800e-06,1.80000082e+00
6.83062800e-06,1.80000096e+00
6.83072800e-06,1.80000083e+00
6.83082800e-06,1.80000096e+00
6.83092800e-06,1.80000083e+00
6.83102800e-06,1.80000096e+00
6.83112800e-06,1.80000084e+00
6.83122800e-06,1.80000096e+00
6.83132800e-06,1.80000085e+00
6.83142800e-06,1.80000096e+00
6.83152800e-06,1.80000086e+00
6.83162800e-06,1.80000096e+00
6.83172800e-06,1.80000087e+00
6.83182800e-06,1.80000096e+00
6.83192800e-06,1.80000088e+00
6.83202800e-06,1.80000097e+00
6.83212800e-06,1.80000089e+00
6.83222800e-06,1.80000097e+00
6.83232800e-06,1.80000089e+00
6.83242800e-06,1.80000097e+00
6.83252800e-06,1.80000090e+00
6.83262800e-06,1.80000097e+00
6.83272800e-06,1.80000091e+00
6.83282800e-06,1.80000097e+00
6.83292800e-06,1.80000092e+00
6.83302800e-06,1.80000097e+00
6.83312800e-06,1.80000093e+00
6.83322800e-06,1.80000097e+00
6.83332800e-06,1.80000094e+00
6.83342800e-06,1.80000098e+00
6.83352800e-06,1.80000095e+00
6.83362800e-06,1.80000098e+00
6.83372800e-06,1.80000095e+00
6.83382800e-06,1.80000098e+00
6.83392800e-06,1.80000096e+00
6.83402800e-06,1.80000098e+00
6.83412800e-06,1.80000097e+00
6.83422800e-06,1.80000098e+00
6.83432800e-06,1.80000098e+00
6.83442800e-06,1.80000099e+00
6.83452800e-06,1.80000099e+00
6.83462800e-06,1.80000099e+00
6.83472800e-06,1.80000100e+00
6.83482800e-06,1.80000099e+00
6.83492800e-06,1.80000101e+00
6.83502800e-06,1.80000099e+00
6.83512800e-06,1.80000101e+00
6.83522800e-06,1.80000099e+00
6.83532800e-06,1.80000102e+00
6.83542800e-06,1.80000099e+00
6.83552800e-06,1.80000103e+00
6.83562800e-06,1.80000100e+00
6.83572800e-06,1.80000104e+00
6.83582800e-06,1.80000100e+00
6.83592800e-06,1.80000105e+00
6.83602800e-06,1.80000100e+00
6.83612800e-06,1.80000106e+00
6.83622800e-06,1.80000100e+00
6.83632800e-06,1.80000107e+00
6.83642800e-06,1.80000101e+00
6.83652800e-06,1.80000108e+00
6.83662800e-06,1.80000101e+00
6.83672800e-06,1.80000109e+00
6.83682800e-06,1.80000101e+00
6.83692800e-06,1.80000109e+00
6.83702800e-06,1.80000101e+00
6.83712800e-06,1.80000110e+00
6.83722800e-06,1.80000101e+00
6.83732800e-06,1.80000111e+00
6.83742800e-06,1.80000102e+00
6.83752800e-06,1.80000112e+00
6.83762800e-06,1.80000102e+00
6.83772800e-06,1.80000113e+00
6.83782800e-06,1.80000102e+00
6.83792800e-06,1.80000114e+00
6.83802800e-06,1.80000102e+00
6.83812800e-06,1.80000115e+00
6.83822800e-06,1.80000103e+00
6.83832800e-06,1.80000116e+00
6.83842800e-06,1.80000103e+00
6.83852800e-06,1.80000117e+00
6.83862800e-06,1.80000103e+00
6.83872800e-06,1.80000117e+00
6.83882800e-06,1.80000103e+00
6.83892800e-06,1.80000118e+00
6.83902800e-06,1.80000104e+00
6.83912800e-06,1.80000119e+00
6.83922800e-06,1.80000104e+00
6.83932800e-06,1.80000120e+00
6.83942800e-06,1.80000104e+00
6.83952800e-06,1.80000121e+00
6.83962800e-06,1.80000105e+00
6.83972800e-06,1.80000122e+00
6.83982800e-06,1.80000105e+00
6.83992800e-06,1.80000123e+00
6.84002800e-06,1.80000105e+00
6.84012800e-06,1.80000124e+00
6.84022800e-06,1.80000105e+00
6.84032800e-06,1.80000125e+00
6.84042800e-06,1.80000106e+00
6.84052800e-06,1.80000126e+00
6.84062800e-06,1.80000106e+00
6.84072800e-06,1.80000127e+00
6.84082800e-06,1.80000106e+00
6.84092800e-06,1.80000128e+00
6.84102800e-06,1.80000107e+00
6.84112800e-06,1.80000128e+00
6.84122800e-06,1.80000107e+00
6.84132800e-06,1.80000129e+00
6.84142800e-06,1.80000107e+00
6.84152800e-06,1.80000130e+00
6.84162800e-06,1.80000107e+00
6.84172800e-06,1.80000131e+00
6.84182800e-06,1.80000108e+00
6.84192800e-06,1.80000132e+00
6.84202800e-06,1.80000108e+00
6.84212800e-06,1.80000133e+00
6.84222800e-06,1.80000108e+00
6.84232800e-06,1.80000134e+00
6.84242800e-06,1.80000109e+00
6.84252800e-06,1.80000135e+00
6.84262800e-06,1.80000109e+00
6.84272800e-06,1.80000136e+00
6.84282800e-06,1.80000109e+00
6.84292800e-06,1.80000137e+00
6.84302800e-06,1.80000110e+00
6.84312800e-06,1.80000138e+00
6.84322800e-06,1.80000110e+00
6.84332800e-06,1.80000139e+00
6.84342800e-06,1.80000111e+00
6.84352800e-06,1.80000140e+00
6.84362800e-06,1.80000111e+00
6.84372800e-06,1.80000141e+00
6.84382800e-06,1.80000111e+00
6.84392800e-06,1.80000142e+00
6.84402800e-06,1.80000112e+00
6.84412800e-06,1.80000143e+00
6.84422800e-06,1.80000112e+00
6.84432800e-06,1.80000144e+00
6.84442800e-06,1.80000112e+00
6.84452800e-06,1.80000145e+00
6.84462800e-06,1.80000113e+00
6.84472800e-06,1.80000146e+00
6.84482800e-06,1.80000113e+00
6.84492800e-06,1.80000147e+00
6.84502800e-06,1.80000114e+00
6.84512800e-06,1.80000148e+00
6.84522800e-06,1.80000114e+00
6.84532800e-06,1.80000149e+00
6.84542800e-06,1.80000114e+00
6.84552800e-06,1.80000150e+00
6.84562800e-06,1.80000115e+00
6.84572800e-06,1.80000151e+00
6.84582800e-06,1.80000115e+00
6.84592800e-06,1.80000152e+00
6.84602800e-06,1.80000116e+00
6.84612800e-06,1.80000153e+00
6.84622800e-06,1.80000116e+00
6.84632800e-06,1.80000154e+00
6.84642800e-06,1.80000116e+00
6.84652800e-06,1.80000155e+00
6.84662800e-06,1.80000117e+00
6.84672800e-06,1.80000156e+00
6.84682800e-06,1.80000117e+00
6.84692800e-06,1.80000157e+00
6.84702800e-06,1.80000118e+00
6.84712800e-06,1.80000158e+00
6.84722800e-06,1.80000118e+00
6.84732800e-06,1.80000159e+00
6.84742800e-06,1.80000119e+00
6.84752800e-06,1.80000160e+00
6.84762800e-06,1.80000119e+00
6.84772800e-06,1.80000161e+00
6.84782800e-06,1.80000119e+00
6.84792800e-06,1.80000162e+00
6.84802800e-06,1.80000120e+00
6.84812800e-06,1.80000163e+00
6.84822800e-06,1.80000120e+00
6.84832800e-06,1.80000164e+00
6.84842800e-06,1.80000121e+00
6.84852800e-06,1.80000165e+00
6.84862800e-06,1.80000121e+00
6.84872800e-06,1.80000166e+00
6.84882800e-06,1.80000122e+00
6.84892800e-06,1.80000167e+00
6.84902800e-06,1.80000122e+00
6.84912800e-06,1.80000168e+00
6.84922800e-06,1.80000123e+00
6.84932800e-06,1.80000169e+00
6.84942800e-06,1.80000123e+00
6.84952800e-06,1.80000170e+00
6.84962800e-06,1.80000124e+00
6.84972800e-06,1.80000171e+00
6.84982800e-06,1.80000124e+00
6.84992800e-06,1.80000172e+00
6.85002800e-06,1.80000129e+00
6.85012800e-06,1.80000174e+00
6.85022800e-06,1.80000129e+00
6.85032800e-06,1.80000176e+00
6.85042800e-06,1.80000129e+00
6.85052800e-06,1.80000177e+00
6.85062800e-06,1.80000129e+00
6.85072800e-06,1.80000178e+00
6.85082800e-06,1.80000129e+00
6.85092800e-06,1.80000179e+00
6.85102800e-06,1.80000130e+00
6.85112800e-06,1.80000181e+00
6.85122800e-06,1.80000130e+00
6.85132800e-06,1.80000182e+00
6.85142800e-06,1.80000131e+00
6.85152800e-06,1.80000183e+00
6.85162800e-06,1.80000131e+00
6.85172800e-06,1.80000184e+00
6.85182800e-06,1.80000132e+00
6.85192800e-06,1.80000185e+00
6.85202800e-06,1.80000132e+00
6.85212800e-06,1.80000186e+00
6.85222800e-06,1.80000133e+00
6.85232800e-06,1.80000188e+00
6.85242800e-06,1.80000134e+00
6.85252800e-06,1.80000189e+00
6.85262800e-06,1.80000134e+00
6.85272800e-06,1.80000190e+00
6.85282800e-06,1.80000135e+00
6.85292800e-06,1.80000191e+00
6.85302800e-06,1.80000135e+00
6.85312800e-06,1.80000192e+00
6.85322800e-06,1.80000136e+00
6.85332800e-06,1.80000193e+00
6.85342800e-06,1.80000137e+00
6.85352800e-06,1.80000194e+00
6.85362800e-06,1.80000137e+00
6.85372800e-06,1.80000196e+00
6.85382800e-06,1.80000138e+00
6.85392800e-06,1.80000197e+00
6.85402800e-06,1.80000138e+00
6.85412800e-06,1.80000198e+00
6.85422800e-06,1.80000139e+00
6.85432800e-06,1.80000199e+00
6.85442800e-06,1.80000140e+00
6.85452800e-06,1.80000200e+00
6.85462800e-06,1.80000140e+00
6.85472800e-06,1.80000201e+00
6.85482800e-06,1.80000141e+00
6.85492800e-06,1.80000203e+00
6.85502800e-06,1.80000142e+00
6.85512800e-06,1.80000204e+00
6.85522800e-06,1.80000142e+00
6.85532800e-06,1.80000205e+00
6.85542800e-06,1.80000143e+00
6.85552800e-06,1.80000206e+00
6.85562800e-06,1.80000144e+00
6.85572800e-06,1.80000208e+00
6.85582800e-06,1.80000145e+00
6.85592800e-06,1.80000209e+00
6.85602800e-06,1.80000145e+00
6.85612800e-06,1.80000210e+00
6.85622800e-06,1.80000146e+00
6.85632800e-06,1.80000211e+00
6.85642800e-06,1.80000147e+00
6.85652800e-06,1.80000212e+00
6.85662800e-06,1.80000147e+00
6.85672800e-06,1.80000214e+00
6.85682800e-06,1.80000148e+00
6.85692800e-06,1.80000215e+00
6.85702800e-06,1.80000149e+00
6.85712800e-06,1.80000216e+00
6.85722800e-06,1.80000150e+00
6.85732800e-06,1.80000217e+00
6.85742800e-06,1.80000150e+00
6.85752800e-06,1.80000219e+00
6.85762800e-06,1.80000151e+00
6.85772800e-06,1.80000220e+00
6.85782800e-06,1.80000152e+00
6.85792800e-06,1.80000221e+00
6.85802800e-06,1.80000153e+00
6.85812800e-06,1.80000223e+00
6.85822800e-06,1.80000154e+00
6.85832800e-06,1.80000224e+00
6.85842800e-06,1.80000154e+00
6.85852800e-06,1.80000225e+00
6.85862800e-06,1.80000155e+00
6.85872800e-06,1.80000226e+00
6.85882800e-06,1.80000156e+00
6.85892800e-06,1.80000228e+00
6.85902800e-06,1.80000157e+00
6.85912800e-06,1.80000229e+00
6.85922800e-06,1.80000158e+00
6.85932800e-06,1.80000230e+00
6.85942800e-06,1.80000158e+00
6.85952800e-06,1.80000232e+00
6.85962800e-06,1.80000159e+00
6.85972800e-06,1.80000233e+00
6.85982800e-06,1.80000160e+00
6.85992800e-06,1.80000235e+00
6.86002800e-06,1.80000161e+00
6.86012800e-06,1.80000236e+00
6.86022800e-06,1.80000162e+00
6.86032800e-06,1.80000237e+00
6.86042800e-06,1.80000163e+00
6.86052800e-06,1.80000239e+00
6.86062800e-06,1.80000164e+00
6.86072800e-06,1.80000240e+00
6.86082800e-06,1.80000165e+00
6.86092800e-06,1.80000241e+00
6.86102800e-06,1.80000165e+00
6.86112800e-06,1.80000243e+00
6.86122800e-06,1.80000166e+00
6.86132800e-06,1.80000244e+00
6.86142800e-06,1.80000167e+00
6.86152800e-06,1.80000246e+00
6.86162800e-06,1.80000168e+00
6.86172800e-06,1.80000247e+00
6.86182800e-06,1.80000169e+00
6.86192800e-06,1.80000249e+00
6.86202800e-06,1.80000170e+00
6.86212800e-06,1.80000250e+00
6.86222800e-06,1.80000171e+00
6.86232800e-06,1.80000251e+00
6.86242800e-06,1.80000172e+00
6.86252800e-06,1.80000253e+00
6.86262800e-06,1.80000173e+00
6.86272800e-06,1.80000254e+00
6.86282800e-06,1.80000174e+00
6.86292800e-06,1.80000256e+00
6.86302800e-06,1.80000175e+00
6.86312800e-06,1.80000257e+00
6.86322800e-06,1.80000176e+00
6.86332800e-06,1.80000259e+00
6.86342800e-06,1.80000177e+00
6.86352800e-06,1.80000260e+00
6.86362800e-06,1.80000178e+00
6.86372800e-06,1.80000262e+00
6.86382800e-06,1.80000179e+00
6.86392800e-06,1.80000263e+00
6.86402800e-06,1.80000180e+00
6.86412800e-06,1.80000265e+00
6.86422800e-06,1.80000181e+00
6.86432800e-06,1.80000266e+00
6.86442800e-06,1.80000182e+00
6.86452800e-06,1.80000268e+00
6.86462800e-06,1.80000183e+00
6.86472800e-06,1.80000270e+00
6.86482800e-06,1.80000185e+00
6.86492800e-06,1.80000271e+00
6.86502800e-06,1.80000186e+00
6.86512800e-06,1.80000273e+00
6.86522800e-06,1.80000187e+00
6.86532800e-06,1.80000274e+00
6.86542800e-06,1.80000188e+00
6.86552800e-06,1.80000276e+00
6.86562800e-06,1.80000189e+00
6.86572800e-06,1.80000278e+00
6.86582800e-06,1.80000190e+00
6.86592800e-06,1.80000279e+00
6.86602800e-06,1.80000191e+00
6.86612800e-06,1.80000281e+00
6.86622800e-06,1.80000193e+00
6.86632800e-06,1.80000282e+00
6.86642800e-06,1.80000194e+00
6.86652800e-06,1.80000284e+00
6.86662800e-06,1.80000195e+00
6.86672800e-06,1.80000286e+00
6.86682800e-06,1.80000196e+00
6.86692800e-06,1.80000287e+00
6.86702800e-06,1.80000197e+00
6.86712800e-06,1.80000289e+00
6.86722800e-06,1.80000199e+00
6.86732800e-06,1.80000291e+00
6.86742800e-06,1.80000200e+00
6.86752800e-06,1.80000293e+00
6.86762800e-06,1.80000201e+00
6.86772800e-06,1.80000294e+00
6.86782800e-06,1.80000202e+00
6.86792800e-06,1.80000296e+00
6.86802800e-06,1.80000204e+00
6.86812800e-06,1.80000298e+00
6.86822800e-06,1.80000205e+00
6.86832800e-06,1.80000300e+00
6.86842800e-06,1.80000206e+00
6.86852800e-06,1.80000301e+00
6.86862800e-06,1.80000208e+00
6.86872800e-06,1.80000303e+00
6.86882800e-06,1.80000209e+00
6.86892800e-06,1.80000305e+00
6.86902800e-06,1.80000210e+00
6.86912800e-06,1.80000307e+00
6.86922800e-06,1.80000212e+00
6.86932800e-06,1.80000309e+00
6.86942800e-06,1.80000213e+00
6.86952800e-06,1.80000311e+00
6.86962800e-06,1.80000215e+00
6.86972800e-06,1.80000312e+00
6.86982800e-06,1.80000216e+00
6.86992800e-06,1.80000314e+00
6.87002800e-06,1.80000218e+00
6.87012800e-06,1.80000316e+00
6.87022800e-06,1.80000219e+00
6.87032800e-06,1.80000318e+00
6.87042800e-06,1.80000220e+00
6.87052800e-06,1.80000320e+00
6.87062800e-06,1.80000222e+00
6.87072800e-06,1.80000322e+00
6.87082800e-06,1.80000223e+00
6.87092800e-06,1.80000324e+00
6.87102800e-06,1.80000225e+00
6.87112800e-06,1.80000326e+00
6.87122800e-06,1.80000227e+00
6.87132800e-06,1.80000328e+00
6.87142800e-06,1.80000228e+00
6.87152800e-06,1.80000330e+00
6.87162800e-06,1.80000230e+00
6.87172800e-06,1.80000332e+00
6.87182800e-06,1.80000231e+00
6.87192800e-06,1.80000334e+00
6.87202800e-06,1.80000233e+00
6.87212800e-06,1.80000336e+00
6.87222800e-06,1.80000235e+00
6.87232800e-06,1.80000338e+00
6.87242800e-06,1.80000236e+00
6.87252800e-06,1.80000340e+00
6.87262800e-06,1.80000238e+00
6.87272800e-06,1.80000342e+00
6.87282800e-06,1.80000240e+00
6.87292800e-06,1.80000344e+00
6.87302800e-06,1.80000241e+00
6.87312800e-06,1.80000347e+00
6.87322800e-06,1.80000243e+00
6.87332800e-06,1.80000349e+00
6.87342800e-06,1.80000245e+00
6.87352800e-06,1.80000351e+00
6.87362800e-06,1.80000246e+00
6.87372800e-06,1.80000353e+00
6.87382800e-06,1.80000248e+00
6.87392800e-06,1.80000355e+00
6.87402800e-06,1.80000250e+00
6.87412800e-06,1.80000358e+00
6.87422800e-06,1.80000252e+00
6.87432800e-06,1.80000360e+00
6.87442800e-06,1.80000254e+00
6.87452800e-06,1.80000362e+00
6.87462800e-06,1.80000256e+00
6.87472800e-06,1.80000365e+00
6.87482800e-06,1.80000258e+00
6.87492800e-06,1.80000367e+00
6.87502800e-06,1.80000259e+00
6.87512800e-06,1.80000369e+00
6.87522800e-06,1.80000261e+00
6.87532800e-06,1.80000372e+00
6.87542800e-06,1.80000263e+00
6.87552800e-06,1.80000374e+00
6.87562800e-06,1.80000265e+00
6.87572800e-06,1.80000376e+00
6.87582800e-06,1.80000267e+00
6.87592800e-06,1.80000379e+00
6.87602800e-06,1.80000269e+00
6.87612800e-06,1.80000381e+00
6.87622800e-06,1.80000271e+00
6.87632800e-06,1.80000384e+00
6.87642800e-06,1.80000273e+00
6.87652800e-06,1.80000386e+00
6.87662800e-06,1.80000276e+00
6.87672800e-06,1.80000389e+00
6.87682800e-06,1.80000278e+00
6.87692800e-06,1.80000391e+00
6.87702800e-06,1.80000280e+00
6.87712800e-06,1.80000394e+00
6.87722800e-06,1.80000282e+00
6.87732800e-06,1.80000397e+00
6.87742800e-06,1.80000284e+00
6.87752800e-06,1.80000399e+00
6.87762800e-06,1.80000287e+00
6.87772800e-06,1.80000402e+00
6.87782800e-06,1.80000289e+00
6.87792800e-06,1.80000405e+00
6.87802800e-06,1.80000291e+00
6.87812800e-06,1.80000407e+00
6.87822800e-06,1.80000293e+00
6.87832800e-06,1.80000410e+00
6.87842800e-06,1.80000296e+00
6.87852800e-06,1.80000413e+00
6.87862800e-06,1.80000298e+00
6.87872800e-06,1.80000416e+00
6.87882800e-06,1.80000301e+00
6.87892800e-06,1.80000419e+00
6.87902800e-06,1.80000303e+00
6.87912800e-06,1.80000421e+00
6.87922800e-06,1.80000306e+00
6.87932800e-06,1.80000424e+00
6.87942800e-06,1.80000308e+00
6.87952800e-06,1.80000427e+00
6.87962800e-06,1.80000311e+00
6.87972800e-06,1.80000430e+00
6.87982800e-06,1.80000313e+00
6.87992800e-06,1.80000433e+00
6.88002800e-06,1.80000316e+00
6.88012800e-06,1.80000436e+00
6.88022800e-06,1.80000318e+00
6.88032800e-06,1.80000439e+00
6.88042800e-06,1.80000321e+00
6.88052800e-06,1.80000443e+00
6.88062800e-06,1.80000324e+00
6.88072800e-06,1.80000446e+00
6.88082800e-06,1.80000327e+00
6.88092800e-06,1.80000449e+00
6.88102800e-06,1.80000329e+00
6.88112800e-06,1.80000452e+00
6.88122800e-06,1.80000332e+00
6.88132800e-06,1.80000455e+00
6.88142800e-06,1.80000335e+00
6.88152800e-06,1.80000459e+00
6.88162800e-06,1.80000338e+00
6.88172800e-06,1.80000462e+00
6.88182800e-06,1.80000341e+00
6.88192800e-06,1.80000465e+00
6.88202800e-06,1.80000344e+00
6.88212800e-06,1.80000469e+00
6.88222800e-06,1.80000347e+00
6.88232800e-06,1.80000472e+00
6.88242800e-06,1.80000350e+00
6.88252800e-06,1.80000476e+00
6.88262800e-06,1.80000353e+00
6.88272800e-06,1.80000479e+00
6.88282800e-06,1.80000356e+00
6.88292800e-06,1.80000483e+00
6.88302800e-06,1.80000360e+00
6.88312800e-06,1.80000487e+00
6.88322800e-06,1.80000363e+00
6.88332800e-06,1.80000490e+00
6.88342800e-06,1.80000366e+00
6.88352800e-06,1.80000494e+00
6.88362800e-06,1.80000370e+00
6.88372800e-06,1.80000498e+00
6.88382800e-06,1.80000373e+00
6.88392800e-06,1.80000502e+00
6.88402800e-06,1.80000376e+00
6.88412800e-06,1.80000505e+00
6.88422800e-06,1.80000380e+00
6.88432800e-06,1.80000509e+00
6.88442800e-06,1.80000384e+00
6.88452800e-06,1.80000513e+00
6.88462800e-06,1.80000387e+00
6.88472800e-06,1.80000517e+00
6.88482800e-06,1.80000391e+00
6.88492800e-06,1.80000522e+00
6.88502800e-06,1.80000395e+00
6.88512800e-06,1.80000526e+00
6.88522800e-06,1.80000398e+00
6.88532800e-06,1.80000530e+00
6.88542800e-06,1.80000402e+00
6.88552800e-06,1.80000534e+00
6.88562800e-06,1.80000406e+00
6.88572800e-06,1.80000539e+00
6.88582800e-06,1.80000410e+00
6.88592800e-06,1.80000543e+00
6.88602800e-06,1.80000414e+00
6.88612800e-06,1.80000547e+00
6.88622800e-06,1.80000418e+00
6.88632800e-06,1.80000552e+00
6.88642800e-06,1.80000422e+00
6.88652800e-06,1.80000557e+00
6.88662800e-06,1.80000427e+00
6.88672800e-06,1.80000561e+00
6.88682800e-06,1.80000431e+00
6.88692800e-06,1.80000566e+00
6.88702800e-06,1.80000435e+00
6.88712800e-06,1.80000571e+00
6.88722800e-06,1.80000440e+00
6.88732800e-06,1.80000576e+00
6.88742800e-06,1.80000444e+00
6.88752800e-06,1.80000581e+00
6.88762800e-06,1.80000449e+00
6.88772800e-06,1.80000586e+00
6.88782800e-06,1.80000454e+00
6.88792800e-06,1.80000591e+00
6.88802800e-06,1.80000459e+00
6.88812800e-06,1.80000596e+00
6.88822800e-06,1.80000463e+00
6.88832800e-06,1.80000601e+00
6.88842800e-06,1.80000468e+00
6.88852800e-06,1.80000607e+00
6.88862800e-06,1.80000473e+00
6.88872800e-06,1.80000612e+00
6.88882800e-06,1.80000478e+00
6.88892800e-06,1.80000618e+00
6.88902800e-06,1.80000484e+00
6.88912800e-06,1.80000623e+00
6.88922800e-06,1.80000489e+00
6.88932800e-06,1.80000629e+00
6.88942800e-06,1.80000494e+00
6.88952800e-06,1.80000635e+00
6.88962800e-06,1.80000500e+00
6.88972800e-06,1.80000641e+00
6.88982800e-06,1.80000505e+00
6.88992800e-06,1.80000647e+00
6.89002800e-06,1.80000511e+00
6.89012800e-06,1.80000653e+00
6.89022800e-06,1.80000517e+00
6.89032800e-06,1.80000659e+00
6.89042800e-06,1.80000523e+00
6.89052800e-06,1.80000665e+00
6.89062800e-06,1.80000529e+00
6.89072800e-06,1.80000672e+00
6.89082800e-06,1.80000535e+00
6.89092800e-06,1.80000679e+00
6.89102800e-06,1.80000541e+00
6.89112800e-06,1.80000685e+00
6.89122800e-06,1.80000548e+00
6.89132800e-06,1.80000692e+00
6.89142800e-06,1.80000554e+00
6.89152800e-06,1.80000699e+00
6.89162800e-06,1.80000561e+00
6.89172800e-06,1.80000706e+00
6.89182800e-06,1.80000568e+00
6.89192800e-06,1.80000713e+00
6.89202800e-06,1.80000575e+00
6.89212800e-06,1.80000721e+00
6.89222800e-06,1.80000582e+00
6.89232800e-06,1.80000728e+00
6.89242800e-06,1.80000589e+00
6.89252800e-06,1.80000736e+00
6.89262800e-06,1.80000596e+00
6.89272800e-06,1.80000744e+00
6.89282800e-06,1.80000604e+00
6.89292800e-06,1.80000752e+00
6.89302800e-06,1.80000612e+00
6.89312800e-06,1.80000760e+00
6.89322800e-06,1.80000620e+00
6.89332800e-06,1.80000768e+00
6.89342800e-06,1.80000628e+00
6.89352800e-06,1.80000777e+00
6.89362800e-06,1.80000636e+00
6.89372800e-06,1.80000786e+00
6.89382800e-06,1.80000644e+00
6.89392800e-06,1.80000794e+00
6.89402800e-06,1.80000653e+00
6.89412800e-06,1.80000804e+00
6.89422800e-06,1.80000662e+00
6.89432800e-06,1.80000813e+00
6.89442800e-06,1.80000671e+00
6.89452800e-06,1.80000822e+00
6.89462800e-06,1.80000680e+00
6.89472800e-06,1.80000832e+00
6.89482800e-06,1.80000689e+00
6.89492800e-06,1.80000842e+00
6.89502800e-06,1.80000699e+00
6.89512800e-06,1.80000852e+00
6.89522800e-06,1.80000709e+00
6.89532800e-06,1.80000862e+00
6.89542800e-06,1.80000719e+00
6.89552800e-06,1.80000873e+00
6.89562800e-06,1.80000729e+00
6.89572800e-06,1.80000884e+00
6.89582800e-06,1.80000740e+00
6.89592800e-06,1.80000895e+00
6.89602800e-06,1.80000751e+00
6.89612800e-06,1.80000906e+00
6.89622800e-06,1.80000762e+00
6.89632800e-06,1.80000918e+00
6.89642800e-06,1.80000774e+00
6.89652800e-06,1.80000930e+00
6.89662800e-06,1.80000785e+00
6.89672800e-06,1.80000942e+00
6.89682800e-06,1.80000797e+00
6.89692800e-06,1.80000955e+00
6.89702800e-06,1.80000810e+00
6.89712800e-06,1.80000968e+00
6.89722800e-06,1.80000822e+00
6.89732800e-06,1.80000981e+00
6.89742800e-06,1.80000836e+00
6.89752800e-06,1.80000995e+00
6.89762800e-06,1.80000849e+00
6.89772800e-06,1.80001009e+00
6.89782800e-06,1.80000863e+00
6.89792800e-06,1.80001023e+00
6.89802800e-06,1.80000877e+00
6.89812800e-06,1.80001038e+00
6.89822800e-06,1.80000892e+00
6.89832800e-06,1.80001053e+00
6.89842800e-06,1.80000906e+00
6.89852800e-06,1.80001069e+00
6.89862800e-06,1.80000922e+00
6.89872800e-06,1.80001085e+00
6.89882800e-06,1.80000938e+00
6.89892800e-06,1.80001101e+00
6.89902800e-06,1.80000954e+00
6.89912800e-06,1.80001118e+00
6.89922800e-06,1.80000971e+00
6.89932800e-06,1.80001135e+00
6.89942800e-06,1.80000988e+00
6.89952800e-06,1.80001153e+00
6.89962800e-06,1.80001006e+00
6.89972800e-06,1.80001172e+00
6.89982800e-06,1.80001024e+00
6.89992800e-06,1.80001191e+00
6.90002800e-06,1.80001043e+00
6.90012800e-06,1.80001210e+00
6.90022800e-06,1.80001063e+00
6.90032800e-06,1.80001231e+00
6.90042800e-06,1.80001083e+00
6.90052800e-06,1.80001251e+00
6.90062800e-06,1.80001104e+00
6.90072800e-06,1.80001273e+00
6.90082800e-06,1.80001125e+00
6.90092800e-06,1.80001295e+00
6.90102800e-06,1.80001147e+00
6.90112800e-06,1.80001318e+00
6.90122800e-06,1.80001170e+00
6.90132800e-06,1.80001341e+00
6.90142800e-06,1.80001193e+00
6.90152800e-06,1.80001365e+00
6.90162800e-06,1.80001218e+00
6.90172800e-06,1.80001390e+00
6.90182800e-06,1.80001243e+00
6.90192800e-06,1.80001416e+00
6.90202800e-06,1.80001269e+00
6.90212800e-06,1.80001443e+00
6.90222800e-06,1.80001295e+00
6.90232800e-06,1.80001470e+00
6.90242800e-06,1.80001323e+00
6.90252800e-06,1.80001499e+00
6.90262800e-06,1.80001351e+00
6.90272800e-06,1.80001528e+00
6.90282800e-06,1.80001381e+00
6.90292800e-06,1.80001558e+00
6.90302800e-06,1.80001411e+00
6.90312800e-06,1.80001590e+00
6.90322800e-06,1.80001443e+00
6.90332800e-06,1.80001622e+00
6.90342800e-06,1.80001475e+00
6.90352800e-06,1.80001655e+00
6.90362800e-06,1.80001509e+00
6.90372800e-06,1.80001690e+00
6.90382800e-06,1.80001543e+00
6.90392800e-06,1.80001725e+00
6.90402800e-06,1.80001579e+00
6.90412800e-06,1.80001762e+00
6.90422800e-06,1.80001616e+00
6.90432800e-06,1.80001799e+00
6.90442800e-06,1.80001654e+00
6.90452800e-06,1.80001838e+00
6.90462800e-06,1.80001693e+00
6.90472800e-06,1.80001879e+00
6.90482800e-06,1.80001733e+00
6.90492800e-06,1.80001920e+00
6.90502800e-06,1.80001775e+00
6.90512800e-06,1.80001962e+00
6.90522800e-06,1.80001818e+00
6.90532800e-06,1.80002006e+00
6.90542800e-06,1.80001862e+00
6.90552800e-06,1.80002051e+00
6.90562800e-06,1.80001907e+00
6.90572800e-06,1.80002098e+00
6.90582800e-06,1.80001954e+00
6.90592800e-06,1.80002145e+00
6.90602800e-06,1.80002002e+00
6.90612800e-06,1.80002194e+00
6.90622800e-06,1.80002051e+00
6.90632800e-06,1.80002245e+00
6.90642800e-06,1.80002101e+00
6.90652800e-06,1.80002296e+00
6.90662800e-06,1.80002153e+00
6.90672800e-06,1.80002349e+00
6.90682800e-06,1.80002206e+00
6.90692800e-06,1.80002403e+00
6.90702800e-06,1.80002260e+00
6.90712800e-06,1.80002458e+00
6.90722800e-06,1.80002316e+00
6.90732800e-06,1.80002515e+00
6.90742800e-06,1.80002373e+00
6.90752800e-06,1.80002572e+00
6.90762800e-06,1.80002431e+00
6.90772800e-06,1.80002631e+00
6.90782800e-06,1.80002490e+00
6.90792800e-06,1.80002691e+00
6.90802800e-06,1.80002550e+00
6.90812800e-06,1.80002752e+00
6.90822800e-06,1.80002611e+00
6.90832800e-06,1.80002814e+00
6.90842800e-06,1.80002673e+00
6.90852800e-06,1.80002877e+00
6.90862800e-06,1.80002736e+00
6.90872800e-06,1.80002941e+00
6.90882800e-06,1.80002801e+00
6.90892800e-06,1.80003006e+00
6.90902800e-06,1.80002866e+00
6.90912800e-06,1.80003072e+00
6.90922800e-06,1.80002931e+00
6.90932800e-06,1.80003139e+00
6.90942800e-06,1.80002998e+00
6.90952800e-06,1.80003206e+00
6.90962800e-06,1.80003066e+00
6.90972800e-06,1.80003274e+00
6.90982800e-06,1.80003134e+00
6.90992800e-06,1.80003343e+00
6.91002800e-06,1.80003202e+00
6.91012800e-06,1.80003412e+00
6.91022800e-06,1.80003272e+00
6.91032800e-06,1.80003482e+00
6.91042800e-06,1.80003342e+00
6.91052800e-06,1.80003553e+00
6.91062800e-06,1.80003412e+00
6.91072800e-06,1.80003624e+00
6.91082800e-06,1.80003483e+00
6.91092800e-06,1.80003695e+00
6.91102800e-06,1.80003554e+00
6.91112800e-06,1.80003767e+00
6.91122800e-06,1.80003626e+00
6.91132800e-06,1.80003839e+00
6.91142800e-06,1.80003698e+00
6.91152800e-06,1.80003912e+00
6.91162800e-06,1.80003770e+00
6.91172800e-06,1.80003985e+00
6.91182800e-06,1.80003843e+00
6.91192800e-06,1.80004058e+00
6.91202800e-06,1.80003916e+00
6.91212800e-06,1.80004131e+00
6.91222800e-06,1.80003989e+00
6.91232800e-06,1.80004205e+00
6.91242800e-06,1.80004063e+00
6.91252800e-06,1.80004279e+00
6.91262800e-06,1.80004136e+00
6.91272800e-06,1.80004353e+00
6.91282800e-06,1.80004210e+00
6.91292800e-06,1.80004427e+00
6.91302800e-06,1.80004284e+00
6.91312800e-06,1.80004502e+00
6.91322800e-06,1.80004358e+00
6.91332800e-06,1.80004576e+00
6.91342800e-06,1.80004433e+00
6.91352800e-06,1.80004651e+00
6.91362800e-06,1.80004507e+00
6.91372800e-06,1.80004726e+00
6.91382800e-06,1.80004582e+00
6.91392800e-06,1.80004801e+00
6.91402800e-06,1.80004657e+00
6.91412800e-06,1.80004876e+00
6.91422800e-06,1.80004732e+00
6.91432800e-06,1.80004952e+00
6.91442800e-06,1.80004807e+00
6.91452800e-06,1.80005027e+00
6.91462800e-06,1.80004882e+00
6.91472800e-06,1.80005103e+00
6.91482800e-06,1.80004957e+00
6.91492800e-06,1.80005179e+00
6.91502800e-06,1.80005033e+00
6.91512800e-06,1.80005255e+00
6.91522800e-06,1.80005109e+00
6.91532800e-06,1.80005331e+00
6.91542800e-06,1.80005185e+00
6.91552800e-06,1.80005407e+00
6.91562800e-06,1.80005261e+00
6.91572800e-06,1.80005483e+00
6.91582800e-06,1.80005337e+00
6.91592800e-06,1.80005560e+00
6.91602800e-06,1.80005413e+00
6.91612800e-06,1.80005637e+00
6.91622800e-06,1.80005490e+00
6.91632800e-06,1.80005714e+00
6.91642800e-06,1.80005567e+00
6.91652800e-06,1.80005791e+00
6.91662800e-06,1.80005643e+00
6.91672800e-06,1.80005868e+00
6.91682800e-06,1.80005720e+00
6.91692800e-06,1.80005945e+00
6.91702800e-06,1.80005797e+00
6.91712800e-06,1.80006022e+00
6.91722800e-06,1.80005874e+00
6.91732800e-06,1.80006100e+00
6.91742800e-06,1.80005951e+00
6.91752800e-06,1.80006177e+00
6.91762800e-06,1.80006028e+00
6.91772800e-06,1.80006254e+00
6.91782800e-06,1.80006105e+00
6.91792800e-06,1.80006331e+00
6.91802800e-06,1.80006181e+00
6.91812800e-06,1.80006408e+00
6.91822800e-06,1.80006257e+00
6.91832800e-06,1.80006484e+00
6.91842800e-06,1.80006333e+00
6.91852800e-06,1.80006560e+00
6.91862800e-06,1.80006408e+00
6.91872800e-06,1.80006635e+00
6.91882800e-06,1.80006483e+00
6.91892800e-06,1.80006709e+00
6.91902800e-06,1.80006616e+00
6.91912800e-06,1.80006796e+00
6.91922800e-06,1.80006673e+00
6.91932800e-06,1.80006872e+00
6.91942800e-06,1.80006734e+00
6.91952800e-06,1.80006944e+00
6.91962800e-06,1.80006795e+00
6.91972800e-06,1.80007011e+00
6.91982800e-06,1.80006856e+00
6.91992800e-06,1.80007075e+00
6.92002800e-06,1.80006916e+00
6.92012800e-06,1.80007135e+00
6.92022800e-06,1.80006973e+00
6.92032800e-06,1.80007192e+00
6.92042800e-06,1.80007026e+00
6.92052800e-06,1.80007244e+00
6.92062800e-06,1.80007076e+00
6.92072800e-06,1.80007292e+00
6.92082800e-06,1.80007120e+00
6.92092800e-06,1.80007333e+00
6.92102800e-06,1.80007158e+00
6.92112800e-06,1.80007368e+00
6.92122800e-06,1.80007188e+00
6.92132800e-06,1.80007395e+00
6.92142800e-06,1.80007210e+00
6.92152800e-06,1.80007412e+00
6.92162800e-06,1.80007221e+00
6.92172800e-06,1.80007417e+00
6.92182800e-06,1.80007220e+00
6.92192800e-06,1.80007410e+00
6.92202800e-06,1.80007205e+00
6.92212800e-06,1.80007387e+00
6.92222800e-06,1.80007173e+00
6.92232800e-06,1.80007346e+00
6.92242800e-06,1.80007121e+00
6.92252800e-06,1.80007284e+00
6.92262800e-06,1.80007047e+00
6.92272800e-06,1.80007196e+00
6.92282800e-06,1.80006945e+00
6.92292800e-06,1.80007080e+00
6.92302800e-06,1.80006813e+00
6.92312800e-06,1.80006931e+00
6.92322800e-06,1.80006643e+00
6.92332800e-06,1.80006741e+00
6.92342800e-06,1.80006432e+00
6.92352800e-06,1.80006506e+00
6.92362800e-06,1.80006171e+00
6.92372800e-06,1.80006218e+00
6.92382800e-06,1.80005852e+00
6.92392800e-06,1.80005868e+00
6.92402800e-06,1.80005467e+00
6.92412800e-06,1.80005445e+00
6.92422800e-06,1.80005003e+00
6.92432800e-06,1.80004938e+00
6.92442800e-06,1.80004449e+00
6.92452800e-06,1.80004334e+00
6.92462800e-06,1.80003790e+00
6.92472800e-06,1.80003617e+00
6.92482800e-06,1.80003009e+00
6.92492800e-06,1.80002767e+00
6.92502800e-06,1.80002086e+00
6.92512800e-06,1.80001765e+00
6.92522800e-06,1.80000998e+00
6.92532800e-06,1.80000586e+00
6.92542800e-06,1.79999725e+00
6.92552800e-06,1.79999216e+00
6.92562800e-06,1.79998233e+00
6.92572800e-06,1.79997590e+00
6.92582800e-06,1.79996481e+00
6.92592800e-06,1.79995691e+00
6.92602800e-06,1.79994429e+00
6.92612800e-06,1.79993472e+00
6.92622800e-06,1.79992033e+00
6.92632800e-06,1.79990883e+00
6.92642800e-06,1.79989237e+00
6.92652800e-06,1.79987864e+00
6.92662800e-06,1.79985979e+00
6.92672800e-06,1.79984349e+00
6.92682800e-06,1.79982187e+00
6.92692800e-06,1.79980259e+00
6.92702800e-06,1.79977776e+00
6.92712800e-06,1.79975505e+00
6.92722800e-06,1.79972651e+00
6.92732800e-06,1.79969982e+00
6.92742800e-06,1.79966701e+00
6.92752800e-06,1.79963573e+00
6.92762800e-06,1.79959799e+00
6.92772800e-06,1.79956142e+00
6.92782800e-06,1.79951798e+00
6.92792800e-06,1.79947530e+00
6.92802800e-06,1.79942531e+00
6.92812800e-06,1.79937559e+00
6.92822800e-06,1.79931804e+00
6.92832800e-06,1.79926023e+00
6.92842800e-06,1.79919399e+00
6.92852800e-06,1.79912685e+00
6.92862800e-06,1.79905061e+00
6.92872800e-06,1.79897275e+00
6.92882800e-06,1.79888501e+00
6.92892800e-06,1.79879484e+00
6.92902800e-06,1.79869390e+00
6.92912800e-06,1.79858957e+00
6.92922800e-06,1.79847347e+00
6.92932800e-06,1.79835291e+00
6.92942800e-06,1.79821940e+00
6.92952800e-06,1.79808020e+00
6.92962800e-06,1.79792673e+00
6.92972800e-06,1.79776615e+00
6.92982800e-06,1.79758979e+00
6.92992800e-06,1.79740469e+00
6.93002800e-06,1.79720208e+00
6.93012800e-06,1.79698886e+00
6.93022800e-06,1.79675613e+00
6.93032800e-06,1.79651066e+00
6.93042800e-06,1.79624338e+00
6.93052800e-06,1.79596089e+00
6.93062800e-06,1.79565396e+00
6.93072800e-06,1.79532898e+00
6.93082800e-06,1.79497650e+00
6.93092800e-06,1.79460268e+00
6.93102800e-06,1.79419782e+00
6.93112800e-06,1.79376780e+00
6.93122800e-06,1.79330262e+00
6.93132800e-06,1.79280782e+00
6.93142800e-06,1.79227307e+00
6.93152800e-06,1.79170346e+00
6.93162800e-06,1.79108824e+00
6.93172800e-06,1.79043201e+00
6.93182800e-06,1.78972350e+00
6.93192800e-06,1.78896668e+00
6.93202800e-06,1.78814962e+00
6.93212800e-06,1.78727553e+00
6.93222800e-06,1.78633167e+00
6.93232800e-06,1.78532028e+00
6.93242800e-06,1.78422758e+00
6.93252800e-06,1.78305457e+00
6.93262800e-06,1.78178614e+00
6.93272800e-06,1.78042168e+00
6.93282800e-06,1.77894435e+00
6.93292800e-06,1.77735140e+00
6.93302800e-06,1.77562366e+00
6.93312800e-06,1.77375555e+00
6.93322800e-06,1.77172467e+00
6.93332800e-06,1.76952152e+00
6.93342800e-06,1.76711920e+00
6.93352800e-06,1.76450262e+00
6.93362800e-06,1.76163832e+00
6.93372800e-06,1.75850297e+00
6.93382800e-06,1.75505315e+00
6.93392800e-06,1.75125282e+00
6.93402800e-06,1.74704265e+00
6.93412800e-06,1.74236570e+00
6.93422800e-06,1.73713548e+00
6.93432800e-06,1.73125789e+00
6.93442800e-06,1.72459557e+00
6.93452800e-06,1.71698114e+00
6.93462800e-06,1.70816962e+00
6.93472800e-06,1.69782714e+00
6.93482800e-06,1.68544244e+00
6.93492800e-06,1.67023391e+00
6.93502800e-06,1.65092471e+00
6.93512800e-06,1.62548946e+00
6.93522800e-06,1.59124320e+00
6.93532800e-06,1.54636871e+00
6.93542800e-06,1.49160095e+00
6.93552800e-06,1.42924998e+00
6.93562800e-06,1.36124891e+00
6.93572800e-06,1.28881739e+00
6.93582800e-06,1.21293460e+00
6.93592800e-06,1.13494002e+00
6.93602800e-06,1.05727257e+00
6.93612800e-06,9.84371769e-01
6.93622800e-06,9.22516641e-01
6.93632800e-06,8.76105110e-01
6.93642800e-06,8.41703136e-01
6.93652800e-06,8.11888687e-01
6.93662800e-06,7.83583404e-01
6.93672800e-06,7.56373189e-01
6.93682800e-06,7.29893593e-01
6.93692800e-06,7.04376613e-01
6.93702800e-06,6.80176308e-01
6.93712800e-06,6.57718035e-01
6.93722800e-06,6.37313283e-01
6.93732800e-06,6.19301063e-01
6.93742800e-06,6.04858015e-01
6.93752800e-06,5.96843400e-01
6.93762800e-06,5.96121361e-01
6.93772800e-06,5.99393881e-01
6.93782800e-06,6.02974307e-01
6.93792800e-06,6.05781475e-01
6.93802800e-06,6.07834516e-01
6.93812800e-06,6.09160085e-01
6.93822800e-06,6.09810458e-01
6.93832800e-06,6.09825577e-01
6.93842800e-06,6.09258415e-01
6.93852800e-06,6.08168691e-01
6.93862800e-06,6.06632594e-01
6.93872800e-06,6.04728075e-01
6.93882800e-06,6.02535467e-01
6.93892800e-06,6.00125396e-01
6.93902800e-06,5.97562593e-01
6.93912800e-06,5.94898912e-01
6.93922800e-06,5.92179491e-01
6.93932800e-06,5.89438061e-01
6.93942800e-06,5.86703496e-01
6.93952800e-06,5.83995789e-01
6.93962800e-06,5.81332210e-01
6.93972800e-06,5.78723380e-01
6.93982800e-06,5.76178882e-01
6.93992800e-06,5.73703301e-01
6.94002800e-06,5.71301347e-01
6.94012800e-06,5.68973868e-01
6.94022800e-06,5.66722591e-01
6.94032800e-06,5.64546138e-01
6.94042800e-06,5.62444480e-01
6.94052800e-06,5.60414981e-01
6.94062800e-06,5.58456639e-01
6.94072800e-06,5.56566169e-01
6.94082800e-06,5.54742091e-01
6.94092800e-06,5.52980846e-01
6.94102800e-06,5.51280778e-01
6.94112800e-06,5.49638287e-01
6.94122800e-06,5.48051723e-01
6.94132800e-06,5.46517574e-01
6.94142800e-06,5.45034305e-01
6.94152800e-06,5.43598562e-01
6.94162800e-06,5.42208983e-01
6.94172800e-06,5.40862405e-01
6.94182800e-06,5.39557665e-01
6.94192800e-06,5.38291799e-01
6.94202800e-06,5.37063850e-01
6.94212800e-06,5.35871052e-01
6.94222800e-06,5.34712646e-01
6.94232800e-06,5.33586052e-01
6.94242800e-06,5.32490701e-01
6.94252800e-06,5.31424180e-01
6.94262800e-06,5.30386097e-01
6.94272800e-06,5.29374187e-01
6.94282800e-06,5.28388223e-01
6.94292800e-06,5.27426070e-01
6.94302800e-06,5.26487646e-01
6.94312800e-06,5.25570932e-01
6.94322800e-06,5.24675979e-01
6.94332800e-06,5.23800867e-01
6.94342800e-06,5.22945765e-01
6.94352800e-06,5.22108837e-01
6.94362800e-06,5.21290361e-01
6.94372800e-06,5.20488573e-01
6.94382800e-06,5.19703847e-01
6.94392800e-06,5.18934479e-01
6.94402800e-06,5.18180931e-01
6.94412800e-06,5.17441549e-01
6.94422800e-06,5.16716874e-01
6.94432800e-06,5.16005295e-01
6.94442800e-06,5.15307424e-01
6.94452800e-06,5.14621685e-01
6.94462800e-06,5.13948754e-01
6.94472800e-06,5.13287085e-01
6.94482800e-06,5.12637413e-01
6.94492800e-06,5.11998214e-01
6.94502800e-06,5.11370279e-01
6.94512800e-06,5.10752100e-01
6.94522800e-06,5.10144522e-01
6.94532800e-06,5.09546048e-01
6.94542800e-06,5.08957569e-01
6.94552800e-06,5.08377600e-01
6.94562800e-06,5.07807076e-01
6.94572800e-06,5.07244517e-01
6.94582800e-06,5.06690901e-01
6.94592800e-06,5.06144752e-01
6.94602800e-06,5.05607085e-01
6.94612800e-06,5.05076425e-01
6.94622800e-06,5.04553826e-01
6.94632800e-06,5.04037813e-01
6.94642800e-06,5.03529472e-01
6.94652800e-06,5.03027326e-01
6.94662800e-06,5.02532495e-01
6.94672800e-06,5.02043498e-01
6.94682800e-06,5.01561488e-01
6.94692800e-06,5.01084977e-01
6.94702800e-06,5.00615146e-01
6.94712800e-06,5.00150505e-01
6.94722800e-06,4.99692262e-01
6.94732800e-06,4.99238919e-01
6.94742800e-06,4.98791713e-01
6.94752800e-06,4.98349137e-01
6.94762800e-06,4.97912455e-01
6.94772800e-06,4.97480151e-01
6.94782800e-06,4.97053514e-01
6.94792800e-06,4.96631020e-01
6.94802800e-06,4.96213982e-01
6.94812800e-06,4.95800866e-01
6.94822800e-06,4.95393010e-01
6.94832800e-06,4.94988869e-01
6.94842800e-06,4.94589804e-01
6.94852800e-06,4.94194258e-01
6.94862800e-06,4.93803617e-01
6.94872800e-06,4.93416313e-01
6.94882800e-06,4.93033752e-01
6.94892800e-06,4.92654354e-01
6.94902800e-06,4.92279549e-01
6.94912800e-06,4.91907745e-01
6.94922800e-06,4.91540391e-01
6.94932800e-06,4.91175885e-01
6.94942800e-06,4.90815695e-01
6.94952800e-06,4.90458208e-01
6.94962800e-06,4.90104911e-01
6.94972800e-06,4.89754179e-01
6.94982800e-06,4.89407520e-01
6.94992800e-06,4.89063295e-01
6.95002800e-06,4.88723031e-01
6.95012800e-06,4.88385077e-01
6.95022800e-06,4.88050979e-01
6.95032800e-06,4.87719074e-01
6.95042800e-06,4.87390926e-01
6.95052800e-06,4.87064858e-01
6.95062800e-06,4.86742453e-01
6.95072800e-06,4.86422022e-01
6.95082800e-06,4.86105166e-01
6.95092800e-06,4.85790182e-01
6.95102800e-06,4.85478688e-01
6.95112800e-06,4.85168969e-01
6.95122800e-06,4.84862662e-01
6.95132800e-06,4.84558037e-01
6.95142800e-06,4.84256748e-01
6.95152800e-06,4.83957054e-01
6.95162800e-06,4.83660623e-01
6.95172800e-06,4.83365703e-01
6.95182800e-06,4.83073979e-01
6.95192800e-06,4.82783684e-01
6.95202800e-06,4.82496520e-01
6.95212800e-06,4.82210709e-01
6.95222800e-06,4.81927967e-01
6.95232800e-06,4.81646504e-01
6.95242800e-06,4.81368052e-01
6.95252800e-06,4.81090807e-01
6.95262800e-06,4.80816518e-01
6.95272800e-06,4.80543368e-01
6.95282800e-06,4.80273120e-01
6.95292800e-06,4.80003947e-01
6.95302800e-06,4.79737625e-01
6.95312800e-06,4.79472315e-01
6.95322800e-06,4.79209808e-01
6.95332800e-06,4.78948252e-01
6.95342800e-06,4.78689453e-01
6.95352800e-06,4.78431547e-01
6.95362800e-06,4.78176355e-01
6.95372800e-06,4.77922000e-01
6.95382800e-06,4.77670316e-01
6.95392800e-06,4.77419416e-01
6.95402800e-06,4.77171147e-01
6.95412800e-06,4.76923609e-01
6.95422800e-06,4.76678664e-01
6.95432800e-06,4.76434401e-01
6.95442800e-06,4.76192694e-01
6.95452800e-06,4.75951620e-01
6.95462800e-06,4.75713068e-01
6.95472800e-06,4.75475102e-01
6.95482800e-06,4.75239623e-01
6.95492800e-06,4.75004687e-01
6.95502800e-06,4.74772205e-01
6.95512800e-06,4.74540222e-01
6.95522800e-06,4.74310664e-01
6.95532800e-06,4.74081561e-01
6.95542800e-06,4.73854854e-01
6.95552800e-06,4.73628562e-01
6.95562800e-06,4.73404638e-01
6.95572800e-06,4.73181089e-01
6.95582800e-06,4.72959880e-01
6.95592800e-06,4.72739009e-01
6.95602800e-06,4.72520452e-01
6.95612800e-06,4.72302195e-01
6.95622800e-06,4.72086228e-01
6.95632800e-06,4.71870525e-01
6.95642800e-06,4.71657088e-01
6.95652800e-06,4.71443881e-01
6.95662800e-06,4.71232917e-01
6.95672800e-06,4.71022148e-01
6.95682800e-06,4.70813600e-01
6.95692800e-06,4.70605216e-01
6.95702800e-06,4.70399031e-01
6.95712800e-06,4.70192977e-01
6.95722800e-06,4.69989103e-01
6.95732800e-06,4.69785329e-01
6.95742800e-06,4.69583715e-01
6.95752800e-06,4.69382172e-01
6.95762800e-06,4.69182770e-01
6.95772800e-06,4.68983409e-01
6.95782800e-06,4.68786171e-01
6.95792800e-06,4.68588947e-01
6.95802800e-06,4.68393827e-01
6.95812800e-06,4.68198694e-01
6.95822800e-06,4.68005649e-01
6.95832800e-06,4.67812563e-01
6.95842800e-06,4.67621550e-01
6.95852800e-06,4.67430470e-01
6.95862800e-06,4.67241447e-01
6.95872800e-06,4.67052331e-01
6.95882800e-06,4.66865258e-01
6.95892800e-06,4.66678067e-01
6.95902800e-06,4.66492904e-01
6.95912800e-06,4.66307600e-01
6.95922800e-06,4.66124310e-01
6.95932800e-06,4.65940856e-01
6.95942800e-06,4.65759402e-01
6.95952800e-06,4.65577760e-01
6.95962800e-06,4.65398106e-01
6.95972800e-06,4.65218242e-01
6.95982800e-06,4.65040354e-01
6.95992800e-06,4.64862234e-01
6.96002800e-06,4.64686077e-01
6.96012800e-06,4.64509668e-01
6.96022800e-06,4.64335211e-01
6.96032800e-06,4.64160480e-01
6.96042800e-06,4.63987690e-01
6.96052800e-06,4.63814606e-01
6.96062800e-06,4.63643452e-01
6.96072800e-06,4.63471985e-01
6.96082800e-06,4.63302438e-01
6.96092800e-06,4.63132557e-01
6.96102800e-06,4.62964587e-01
6.96112800e-06,4.62796265e-01
6.96122800e-06,4.62629844e-01
6.96132800e-06,4.62463052e-01
6.96142800e-06,4.62298151e-01
6.96152800e-06,4.62132863e-01
6.96162800e-06,4.61969456e-01
6.96172800e-06,4.61805644e-01
6.96182800e-06,4.61643705e-01
6.96192800e-06,4.61481343e-01
6.96202800e-06,4.61320847e-01
6.96212800e-06,4.61159911e-01
6.96222800e-06,4.61000832e-01
6.96232800e-06,4.60841296e-01
6.96242800e-06,4.60683610e-01
6.96252800e-06,4.60525452e-01
6.96262800e-06,4.60369136e-01
6.96272800e-06,4.60212331e-01
6.96282800e-06,4.60057361e-01
6.96292800e-06,4.59901888e-01
6.96302800e-06,4.59748242e-01
6.96312800e-06,4.59594077e-01
6.96322800e-06,4.59441734e-01
6.96332800e-06,4.59288857e-01
6.96342800e-06,4.59137794e-01
6.96352800e-06,4.58986183e-01
6.96362800e-06,4.58836381e-01
6.96372800e-06,4.58686016e-01
6.96382800e-06,4.58537453e-01
6.96392800e-06,4.58388313e-01
6.96402800e-06,4.58240971e-01
6.96412800e-06,4.58093038e-01
6.96422800e-06,4.57946896e-01
6.96432800e-06,4.57800149e-01
6.96442800e-06,4.57655189e-01
6.96452800e-06,4.57509612e-01
6.96462800e-06,4.57365815e-01
6.96472800e-06,4.57221387e-01
6.96482800e-06,4.57078736e-01
6.96492800e-06,4.56935441e-01
6.96502800e-06,4.56793917e-01
6.96512800e-06,4.56651737e-01
6.96522800e-06,4.56511324e-01
6.96532800e-06,4.56370242e-01
6.96542800e-06,4.56230922e-01
6.96552800e-06,4.56090923e-01
6.96562800e-06,4.55952680e-01
6.96572800e-06,4.55813746e-01
6.96582800e-06,4.55676565e-01
6.96592800e-06,4.55538680e-01
6.96602800e-06,4.55402545e-01
6.96612800e-06,4.55265694e-01
6.96622800e-06,4.55130589e-01
6.96632800e-06,4.54994757e-01
6.96642800e-06,4.54860667e-01
6.96652800e-06,4.54725840e-01
6.96662800e-06,4.54592750e-01
6.96672800e-06,4.54458913e-01
6.96682800e-06,4.54326809e-01
6.96692800e-06,4.54193947e-01
6.96702800e-06,4.54062816e-01
6.96712800e-06,4.53930915e-01
6.96722800e-06,4.53800743e-01
6.96732800e-06,4.53669790e-01
6.96742800e-06,4.53540562e-01
6.96752800e-06,4.53410545e-01
6.96762800e-06,4.53282249e-01
6.96772800e-06,4.53153153e-01
6.96782800e-06,4.53025776e-01
6.96792800e-06,4.52897589e-01
6.96802800e-06,4.52771119e-01
6.96812800e-06,4.52643829e-01
6.96822800e-06,4.52518252e-01
6.96832800e-06,4.52391846e-01
6.96842800e-06,4.52267151e-01
6.96852800e-06,4.52141618e-01
6.96862800e-06,4.52017792e-01
6.96872800e-06,4.51893120e-01
6.96882800e-06,4.51770153e-01
6.96892800e-06,4.51646330e-01
6.96902800e-06,4.51524210e-01
6.96912800e-06,4.51401224e-01
6.96922800e-06,4.51279940e-01
6.96932800e-06,4.51157781e-01
6.96942800e-06,4.51037322e-01
6.96952800e-06,4.50915980e-01
6.96962800e-06,4.50796334e-01
6.96972800e-06,4.50675797e-01
6.96982800e-06,4.50556956e-01
6.96992800e-06,4.50437214e-01
6.97002800e-06,4.50319165e-01
6.97012800e-06,4.50200209e-01
6.97022800e-06,4.50082943e-01
6.97032800e-06,4.49964761e-01
6.97042800e-06,4.49848269e-01
6.97052800e-06,4.49730852e-01
6.97062800e-06,4.49615123e-01
6.97072800e-06,4.49498462e-01
6.97082800e-06,4.49383487e-01
6.97092800e-06,4.49267572e-01
6.97102800e-06,4.49153342e-01
6.97112800e-06,4.49038163e-01
6.97122800e-06,4.48924668e-01
6.97132800e-06,4.48810218e-01
6.97142800e-06,4.48697449e-01
6.97152800e-06,4.48583717e-01
6.97162800e-06,4.48471666e-01
6.97172800e-06,4.48358644e-01
6.97182800e-06,4.48247302e-01
6.97192800e-06,4.48134982e-01
6.97202800e-06,4.48024340e-01
6.97212800e-06,4.47912712e-01
6.97222800e-06,4.47802762e-01
6.97232800e-06,4.47691820e-01
6.97242800e-06,4.47582553e-01
6.97252800e-06,4.47472287e-01
6.97262800e-06,4.47363696e-01
6.97272800e-06,4.47254099e-01
6.97282800e-06,4.47146175e-01
6.97292800e-06,4.47037239e-01
6.97302800e-06,4.46929975e-01
6.97312800e-06,4.46821692e-01
6.97322800e-06,4.46715080e-01
6.97332800e-06,4.46607442e-01
6.97342800e-06,4.46501475e-01
6.97352800e-06,4.46394475e-01
6.97362800e-06,4.46289146e-01
6.97372800e-06,4.46182777e-01
6.97382800e-06,4.46078077e-01
6.97392800e-06,4.45972331e-01
6.97402800e-06,4.45868255e-01
6.97412800e-06,4.45763125e-01
6.97422800e-06,4.45659664e-01
6.97432800e-06,4.45555145e-01
6.97442800e-06,4.45452293e-01
6.97452800e-06,4.45348375e-01
6.97462800e-06,4.45246126e-01
6.97472800e-06,4.45142805e-01
6.97482800e-06,4.45041150e-01
6.97492800e-06,4.44938418e-01
6.97502800e-06,4.44837353e-01
6.97512800e-06,4.44735204e-01
6.97522800e-06,4.44634721e-01
6.97532800e-06,4.44533149e-01
6.97542800e-06,4.44433242e-01
6.97552800e-06,4.44332240e-01
6.97562800e-06,4.44232903e-01
6.97572800e-06,4.44132465e-01
6.97582800e-06,4.44033692e-01
6.97592800e-06,4.43933812e-01
6.97602800e-06,4.43835596e-01
6.97612800e-06,4.43736268e-01
6.97622800e-06,4.43638604e-01
6.97632800e-06,4.43539822e-01
6.97642800e-06,4.43442704e-01
6.97652800e-06,4.43344463e-01
6.97662800e-06,4.43247885e-01
6.97672800e-06,4.43150178e-01
6.97682800e-06,4.43054135e-01
6.97692800e-06,4.42956957e-01
6.97702800e-06,4.42861443e-01
6.97712800e-06,4.42764789e-01
6.97722800e-06,4.42669798e-01
6.97732800e-06,4.42573662e-01
6.97742800e-06,4.42479189e-01
6.97752800e-06,4.42383565e-01
6.97762800e-06,4.42289605e-01
6.97772800e-06,4.42194490e-01
6.97782800e-06,4.42101037e-01
6.97792800e-06,4.42006423e-01
6.97802800e-06,4.41913473e-01
6.97812800e-06,4.41819357e-01
6.97822800e-06,4.41726904e-01
6.97832800e-06,4.41633280e-01
6.97842800e-06,4.41541320e-01
6.97852800e-06,4.41448183e-01
6.97862800e-06,4.41356709e-01
6.97872800e-06,4.41264055e-01
6.97882800e-06,4.41173064e-01
6.97892800e-06,4.41080888e-01
6.97902800e-06,4.40990375e-01
6.97912800e-06,4.40898671e-01
6.97922800e-06,4.40808631e-01
6.97932800e-06,4.40717395e-01
6.97942800e-06,4.40627824e-01
6.97952800e-06,4.40537052e-01
6.97962800e-06,4.40447944e-01
6.97972800e-06,4.40357631e-01
6.97982800e-06,4.40268983e-01
6.97992800e-06,4.40179125e-01
6.98002800e-06,4.40090932e-01
6.98012800e-06,4.40001524e-01
6.98022800e-06,4.39913781e-01
6.98032800e-06,4.39824819e-01
6.98042800e-06,4.39737523e-01
6.98052800e-06,4.39649002e-01
6.98062800e-06,4.39562148e-01
6.98072800e-06,4.39474065e-01
6.98082800e-06,4.39387649e-01
6.98092800e-06,4.39299999e-01
6.98102800e-06,4.39214016e-01
6.98112800e-06,4.39126797e-01
6.98122800e-06,4.39041243e-01
6.98132800e-06,4.38954449e-01
6.98142800e-06,4.38869321e-01
6.98152800e-06,4.38782948e-01
6.98162800e-06,4.38698242e-01
6.98172800e-06,4.38612286e-01
6.98182800e-06,4.38527998e-01
6.98192800e-06,4.38442455e-01
6.98202800e-06,4.38358581e-01
6.98212800e-06,4.38273449e-01
6.98222800e-06,4.38189985e-01
6.98232800e-06,4.38105258e-01
6.98242800e-06,4.38022201e-01
6.98252800e-06,4.37937876e-01
6.98262800e-06,4.37855222e-01
6.98272800e-06,4.37771296e-01
6.98282800e-06,4.37689041e-01
6.98292800e-06,4.37605510e-01
6.98302800e-06,4.37523650e-01
6.98312800e-06,4.37440511e-01
6.98322800e-06,4.37359043e-01
6.98332800e-06,4.37276292e-01
6.98342800e-06,4.37195213e-01
6.98352800e-06,4.37112846e-01
6.98362800e-06,4.37032152e-01
6.98372800e-06,4.36950167e-01
6.98382800e-06,4.36869854e-01
6.98392800e-06,4.36788247e-01
6.98402800e-06,4.36708313e-01
6.98412800e-06,4.36627080e-01
6.98422800e-06,4.36547521e-01
6.98432800e-06,4.36466659e-01
6.98442800e-06,4.36387472e-01
6.98452800e-06,4.36306978e-01
6.98462800e-06,4.36228159e-01
6.98472800e-06,4.36148030e-01
6.98482800e-06,4.36069577e-01
6.98492800e-06,4.35989809e-01
6.98502800e-06,4.35911719e-01
6.98512800e-06,4.35832310e-01
6.98522800e-06,4.35754578e-01
6.98532800e-06,4.35675525e-01
6.98542800e-06,4.35598149e-01
6.98552800e-06,4.35519448e-01
6.98562800e-06,4.35442426e-01
6.98572800e-06,4.35364074e-01
6.98582800e-06,4.35287402e-01
6.98592800e-06,4.35209397e-01
6.98602800e-06,4.35133072e-01
6.98612800e-06,4.35055411e-01
6.98622800e-06,4.34979430e-01
6.98632800e-06,4.34902109e-01
6.98642800e-06,4.34826470e-01
6.98652800e-06,4.34749487e-01
6.98662800e-06,4.34674186e-01
6.98672800e-06,4.34597539e-01
6.98682800e-06,4.34522574e-01
6.98692800e-06,4.34446259e-01
6.98702800e-06,4.34371627e-01
6.98712800e-06,4.34295641e-01
6.98722800e-06,4.34221340e-01
6.98732800e-06,4.34145681e-01
6.98742800e-06,4.34071707e-01
6.98752800e-06,4.33996373e-01
6.98762800e-06,4.33922724e-01
6.98772800e-06,4.33847711e-01
6.98782800e-06,4.33774384e-01
6.98792800e-06,4.33699691e-01
6.98802800e-06,4.33626684e-01
6.98812800e-06,4.33552306e-01
6.98822800e-06,4.33479617e-01
6.98832800e-06,4.33405553e-01
6.98842800e-06,4.33333178e-01
6.98852800e-06,4.33259426e-01
6.98862800e-06,4.33187364e-01
6.98872800e-06,4.33113920e-01
6.98882800e-06,4.33042167e-01
6.98892800e-06,4.32969031e-01
6.98902800e-06,4.32897585e-01
6.98912800e-06,4.32824752e-01
6.98922800e-06,4.32753611e-01
6.98932800e-06,4.32681080e-01
6.98942800e-06,4.32610242e-01
6.98952800e-06,4.32538010e-01
6.98962800e-06,4.32467472e-01
6.98972800e-06,4.32395537e-01
6.98982800e-06,4.32325297e-01
6.98992800e-06,4.32253657e-01
6.99002800e-06,4.32183712e-01
6.99012800e-06,4.32112364e-01
6.99022800e-06,4.32042712e-01
6.99032800e-06,4.31971655e-01
6.99042800e-06,4.31902294e-01
6.99052800e-06,4.31831524e-01
6.99062800e-06,4.31762452e-01
6.99072800e-06,4.31691968e-01
6.99082800e-06,4.31623182e-01
6.99092800e-06,4.31552982e-01
6.99102800e-06,4.31484481e-01
6.99112800e-06,4.31414562e-01
6.99122800e-06,4.31346343e-01
6.99132800e-06,4.31276703e-01
6.99142800e-06,4.31208764e-01
6.99152800e-06,4.31139402e-01
6.99162800e-06,4.31071741e-01
6.99172800e-06,4.31002653e-01
6.99182800e-06,4.30935268e-01
6.99192800e-06,4.30866454e-01
6.99202800e-06,4.30799343e-01
6.99212800e-06,4.30730799e-01
6.99222800e-06,4.30663960e-01
6.99232800e-06,4.30595685e-01
6.99242800e-06,4.30529116e-01
6.99252800e-06,4.30461109e-01
6.99262800e-06,4.30394807e-01
6.99272800e-06,4.30327065e-01
6.99282800e-06,4.30261029e-01
6.99292800e-06,4.30193550e-01
6.99302800e-06,4.30127778e-01
6.99312800e-06,4.30060560e-01
6.99322800e-06,4.29995050e-01
6.99332800e-06,4.29928091e-01
6.99342800e-06,4.29862842e-01
6.99352800e-06,4.29796140e-01
6.99362800e-06,4.29731149e-01
6.99372800e-06,4.29664703e-01
6.99382800e-06,4.29599968e-01
6.99392800e-06,4.29533776e-01
6.99402800e-06,4.29469296e-01
6.99412800e-06,4.29403355e-01
6.99422800e-06,4.29339128e-01
6.99432800e-06,4.29273437e-01
6.99442800e-06,4.29209461e-01
6.99452800e-06,4.29144019e-01
6.99462800e-06,4.29080292e-01
6.99472800e-06,4.29015096e-01
6.99482800e-06,4.28951616e-01
6.99492800e-06,4.28886665e-01
6.99502800e-06,4.28823431e-01
6.99512800e-06,4.28758723e-01
6.99522800e-06,4.28695733e-01
6.99532800e-06,4.28631267e-01
6.99542800e-06,4.28568519e-01
6.99552800e-06,4.28504292e-01
6.99562800e-06,4.28441785e-01
6.99572800e-06,4.28377796e-01
6.99582800e-06,4.28315528e-01
6.99592800e-06,4.28251775e-01
6.99602800e-06,4.28189744e-01
6.99612800e-06,4.28126226e-01
6.99622800e-06,4.28064431e-01
6.99632800e-06,4.28001146e-01
6.99642800e-06,4.27939585e-01
6.99652800e-06,4.27876532e-01
6.99662800e-06,4.27815203e-01
6.99672800e-06,4.27752379e-01
6.99682800e-06,4.27691282e-01
6.99692800e-06,4.27628686e-01
6.99702800e-06,4.27567818e-01
6.99712800e-06,4.27505449e-01
6.99722800e-06,4.27444808e-01
6.99732800e-06,4.27382665e-01
6.99742800e-06,4.27322251e-01
6.99752800e-06,4.27260331e-01
6.99762800e-06,4.27200141e-01
6.99772800e-06,4.27138443e-01
6.99782800e-06,4.27078477e-01
6.99792800e-06,4.27017000e-01
6.99802800e-06,4.26957255e-01
6.99812800e-06,4.26895997e-01
6.99822800e-06,4.26836473e-01
6.99832800e-06,4.26775433e-01
6.99842800e-06,4.26716127e-01
6.99852800e-06,4.26655303e-01
6.99862800e-06,4.26596215e-01
6.99872800e-06,4.26535606e-01
6.99882800e-06,4.26476733e-01
6.99892800e-06,4.26416338e-01
6.99902800e-06,4.26357680e-01
6.99912800e-06,4.26297497e-01
6.99922800e-06,4.26239051e-01
6.99932800e-06,4.26179079e-01
6.99942800e-06,4.26120845e-01
6.99952800e-06,4.26061082e-01
6.99962800e-06,4.26003059e-01
6.99972800e-06,4.25943504e-01
6.99982800e-06,4.25885689e-01
6.99992800e-06,4.25826340e-01
7.00002800e-06,4.25768734e-01
7.00012800e-06,4.25709590e-01
7.00022800e-06,4.25652190e-01
7.00032800e-06,4.25593250e-01
7.00042800e-06,4.25536054e-01
7.00052800e-06,4.25477318e-01
7.00062800e-06,4.25420326e-01
7.00072800e-06,4.25361790e-01
7.00082800e-06,4.25305000e-01
7.00092800e-06,4.25246665e-01
7.00102800e-06,4.25190076e-01
7.00112800e-06,4.25131939e-01
7.00122800e-06,4.25075550e-01
7.00132800e-06,4.25017611e-01
7.00142800e-06,4.24961421e-01
7.00152800e-06,4.24903678e-01
7.00162800e-06,4.24847684e-01
7.00172800e-06,4.24790136e-01
7.00182800e-06,4.24734339e-01
7.00192800e-06,4.24676985e-01
7.00202800e-06,4.24621382e-01
7.00212800e-06,4.24564221e-01
7.00222800e-06,4.24508812e-01
7.00232800e-06,4.24451842e-01
7.00242800e-06,4.24396625e-01
7.00252800e-06,4.24339845e-01
7.00262800e-06,4.24284820e-01
7.00272800e-06,4.24228229e-01
7.00282800e-06,4.24173393e-01
7.00292800e-06,4.24116990e-01
7.00302800e-06,4.24062343e-01
7.00312800e-06,4.24006127e-01
7.00322800e-06,4.23951668e-01
7.00332800e-06,4.23895637e-01
7.00342800e-06,4.23841364e-01
7.00352800e-06,4.23785518e-01
7.00362800e-06,4.23731431e-01
7.00372800e-06,4.23675767e-01
7.00382800e-06,4.23621864e-01
7.00392800e-06,4.23566383e-01
7.00402800e-06,4.23512663e-01
7.00412800e-06,4.23457363e-01
7.00422800e-06,4.23403825e-01
7.00432800e-06,4.23348705e-01
7.00442800e-06,4.23295348e-01
7.00452800e-06,4.23240407e-01
7.00462800e-06,4.23187230e-01
7.00472800e-06,4.23132466e-01
7.00482800e-06,4.23079468e-01
7.00492800e-06,4.23024881e-01
7.00502800e-06,4.22972060e-01
7.00512800e-06,4.22917649e-01
7.00522800e-06,4.22865005e-01
7.00532800e-06,4.22810768e-01
7.00542800e-06,4.22758300e-01
7.00552800e-06,4.22704236e-01
7.00562800e-06,4.22651943e-01
7.00572800e-06,4.22598052e-01
7.00582800e-06,4.22545932e-01
7.00592800e-06,4.22492212e-01
7.00602800e-06,4.22440265e-01
7.00612800e-06,4.22386716e-01
7.00622800e-06,4.22334940e-01
7.00632800e-06,4.22281560e-01
7.00642800e-06,4.22229955e-01
7.00652800e-06,4.22176744e-01
7.00662800e-06,4.22125308e-01
7.00672800e-06,4.22072264e-01
7.00682800e-06,4.22020997e-01
7.00692800e-06,4.21968120e-01
7.00702800e-06,4.21917020e-01
7.00712800e-06,4.21864308e-01
7.00722800e-06,4.21813375e-01
7.00732800e-06,4.21760828e-01
7.00742800e-06,4.21710060e-01
7.00752800e-06,4.21657677e-01
7.00762800e-06,4.21607073e-01
7.00772800e-06,4.21554853e-01
7.00782800e-06,4.21504413e-01
7.00792800e-06,4.21452355e-01
7.00802800e-06,4.21402078e-01
7.00812800e-06,4.21350180e-01
7.00822800e-06,4.21300065e-01
7.00832800e-06,4.21248327e-01
7.00842800e-06,4.21198373e-01
7.00852800e-06,4.21146794e-01
7.00862800e-06,4.21097000e-01
7.00872800e-06,4.21045579e-01
7.00882800e-06,4.20995944e-01
7.00892800e-06,4.20944680e-01
7.00902800e-06,4.20895204e-01
7.00912800e-06,4.20844443e-01
7.00922800e-06,4.20795472e-01
7.00932800e-06,4.20744864e-01
7.00942800e-06,4.20696047e-01
7.00952800e-06,4.20645592e-01
7.00962800e-06,4.20596928e-01
7.00972800e-06,4.20546625e-01
7.00982800e-06,4.20498114e-01
7.00992800e-06,4.20447962e-01
7.01002800e-06,4.20399603e-01
7.01012800e-06,4.20349601e-01
7.01022800e-06,4.20301393e-01
7.01032800e-06,4.20251541e-01
7.01042800e-06,4.20203483e-01
7.01052800e-06,4.20153779e-01
7.01062800e-06,4.20105871e-01
7.01072800e-06,4.20056315e-01
7.01082800e-06,4.20008555e-01
7.01092800e-06,4.19959146e-01
7.01102800e-06,4.19911535e-01
7.01112800e-06,4.19862272e-01
7.01122800e-06,4.19814807e-01
7.01132800e-06,4.19765689e-01
7.01142800e-06,4.19718371e-01
7.01152800e-06,4.19669398e-01
7.01162800e-06,4.19622225e-01
7.01172800e-06,4.19573396e-01
7.01182800e-06,4.19526367e-01
7.01192800e-06,4.19477681e-01
7.01202800e-06,4.19430797e-01
7.01212800e-06,4.19382253e-01
7.01222800e-06,4.19335512e-01
7.01232800e-06,4.19287109e-01
7.01242800e-06,4.19240510e-01
7.01252800e-06,4.19192248e-01
7.01262800e-06,4.19145791e-01
7.01272800e-06,4.19097669e-01
7.01282800e-06,4.19051353e-01
7.01292800e-06,4.19003370e-01
7.01302800e-06,4.18957193e-01
7.01312800e-06,4.18909349e-01
7.01322800e-06,4.18863312e-01
7.01332800e-06,4.18815605e-01
7.01342800e-06,4.18769707e-01
7.01352800e-06,4.18722137e-01
7.01362800e-06,4.18676377e-01
7.01372800e-06,4.18628943e-01
7.01382800e-06,4.18583320e-01
7.01392800e-06,4.18536022e-01
7.01402800e-06,4.18490536e-01
7.01412800e-06,4.18443372e-01
7.01422800e-06,4.18398022e-01
7.01432800e-06,4.18350992e-01
7.01442800e-06,4.18305777e-01
7.01452800e-06,4.18258880e-01
7.01462800e-06,4.18213799e-01
7.01472800e-06,4.18167036e-01
7.01482800e-06,4.18122088e-01
7.01492800e-06,4.18075457e-01
7.01502800e-06,4.18030642e-01
7.01512800e-06,4.17984142e-01
7.01522800e-06,4.17939460e-01
7.01532800e-06,4.17893090e-01
7.01542800e-06,4.17848540e-01
7.01552800e-06,4.17802300e-01
7.01562800e-06,4.17757880e-01
7.01572800e-06,4.17711770e-01
7.01582800e-06,4.17667480e-01
7.01592800e-06,4.17621499e-01
7.01602800e-06,4.17577339e-01
7.01612800e-06,4.17531485e-01
7.01622800e-06,4.17487454e-01
7.01632800e-06,4.17441727e-01
7.01642800e-06,4.17397825e-01
7.01652800e-06,4.17352225e-01
7.01662800e-06,4.17308450e-01
7.01672800e-06,4.17262976e-01
7.01682800e-06,4.17219328e-01
7.01692800e-06,4.17173979e-01
7.01702800e-06,4.17130458e-01
7.01712800e-06,4.17085234e-01
7.01722800e-06,4.17041838e-01
7.01732800e-06,4.16996738e-01
7.01742800e-06,4.16953467e-01
7.01752800e-06,4.16908490e-01
7.01762800e-06,4.16865344e-01
7.01772800e-06,4.16820490e-01
7.01782800e-06,4.16777468e-01
7.01792800e-06,4.16732736e-01
7.01802800e-06,4.16689837e-01
7.01812800e-06,4.16645227e-01
7.01822800e-06,4.16602450e-01
7.01832800e-06,4.16557962e-01
7.01842800e-06,4.16515307e-01
7.01852800e-06,4.16470938e-01
7.01862800e-06,4.16428405e-01
7.01872800e-06,4.16384156e-01
7.01882800e-06,4.16341743e-01
7.01892800e-06,4.16297614e-01
7.01902800e-06,4.16255321e-01
7.01912800e-06,4.16211311e-01
7.01922800e-06,4.16169138e-01
7.01932800e-06,4.16125245e-01
7.01942800e-06,4.16083191e-01
7.01952800e-06,4.16039416e-01
7.01962800e-06,4.15997480e-01
7.01972800e-06,4.15953822e-01
7.01982800e-06,4.15912004e-01
7.01992800e-06,4.15868462e-01
7.02002800e-06,4.15826761e-01
7.02012800e-06,4.15783335e-01
7.02022800e-06,4.15741751e-01
7.02032800e-06,4.15698440e-01
7.02042800e-06,4.15656972e-01
7.02052800e-06,4.15613775e-01
7.02062800e-06,4.15572423e-01
7.02072800e-06,4.15529341e-01
7.02082800e-06,4.15488104e-01
7.02092800e-06,4.15445134e-01
7.02102800e-06,4.15404012e-01
7.02112800e-06,4.15361155e-01
7.02122800e-06,4.15320147e-01
7.02132800e-06,4.15277403e-01
7.02142800e-06,4.15236508e-01
7.02152800e-06,4.15193875e-01
7.02162800e-06,4.15153093e-01
7.02172800e-06,4.15110572e-01
7.02182800e-06,4.15069902e-01
7.02192800e-06,4.15027492e-01
7.02202800e-06,4.14986934e-01
7.02212800e-06,4.14944634e-01
7.02222800e-06,4.14904187e-01
7.02232800e-06,4.14861997e-01
7.02242800e-06,4.14821660e-01
7.02252800e-06,4.14779579e-01
7.02262800e-06,4.14739353e-01
7.02272800e-06,4.14697381e-01
7.02282800e-06,4.14657264e-01
7.02292800e-06,4.14615400e-01
7.02302800e-06,4.14575392e-01
7.02312800e-06,4.14533636e-01
7.02322800e-06,4.14493737e-01
7.02332800e-06,4.14452088e-01
7.02342800e-06,4.14412297e-01
7.02352800e-06,4.14370754e-01
7.02362800e-06,4.14331071e-01
7.02372800e-06,4.14289634e-01
7.02382800e-06,4.14250058e-01
7.02392800e-06,4.14208727e-01
7.02402800e-06,4.14169258e-01
7.02412800e-06,4.14128032e-01
7.02422800e-06,4.14088669e-01
7.02432800e-06,4.14047548e-01
7.02442800e-06,4.14008290e-01
7.02452800e-06,4.13967273e-01
7.02462800e-06,4.13928120e-01
7.02472800e-06,4.13887207e-01
7.02482800e-06,4.13848159e-01
7.02492800e-06,4.13807349e-01
7.02502800e-06,4.13768405e-01
7.02512800e-06,4.13727698e-01
7.02522800e-06,4.13688857e-01
7.02532800e-06,4.13648252e-01
7.02542800e-06,4.13609515e-01
7.02552800e-06,4.13569012e-01
7.02562800e-06,4.13530378e-01
7.02572800e-06,4.13489976e-01
7.02582800e-06,4.13451444e-01
7.02592800e-06,4.13411142e-01
7.02602800e-06,4.13372712e-01
7.02612800e-06,4.13332511e-01
7.02622800e-06,4.13294183e-01
7.02632800e-06,4.13254082e-01
7.02642800e-06,4.13215854e-01
7.02652800e-06,4.13175852e-01
7.02662800e-06,4.13137725e-01
7.02672800e-06,4.13097822e-01
7.02682800e-06,4.13059795e-01
7.02692800e-06,4.13019991e-01
7.02702800e-06,4.12982063e-01
7.02712800e-06,4.12942357e-01
7.02722800e-06,4.12904528e-01
7.02732800e-06,4.12864920e-01
7.02742800e-06,4.12827189e-01
7.02752800e-06,4.12787679e-01
7.02762800e-06,4.12750046e-01
7.02772800e-06,4.12710632e-01
7.02782800e-06,4.12673098e-01
7.02792800e-06,4.12633780e-01
7.02802800e-06,4.12596343e-01
7.02812800e-06,4.12557121e-01
7.02822800e-06,4.12519781e-01
7.02832800e-06,4.12480655e-01
7.02842800e-06,4.12443411e-01
7.02852800e-06,4.12404380e-01
7.02862800e-06,4.12367232e-01
7.02872800e-06,4.12328296e-01
7.02882800e-06,4.12291243e-01
7.02892800e-06,4.12252401e-01
7.02902800e-06,4.12215444e-01
7.02912800e-06,4.12176696e-01
7.02922800e-06,4.12139833e-01
7.02932800e-06,4.12101178e-01
7.02942800e-06,4.12064410e-01
7.02952800e-06,4.12025848e-01
7.02962800e-06,4.11989174e-01
7.02972800e-06,4.11950705e-01
7.02982800e-06,4.11914124e-01
7.02992800e-06,4.11875747e-01
7.03002800e-06,4.11839259e-01
7.03012800e-06,4.11800974e-01
7.03022800e-06,4.11764579e-01
7.03032800e-06,4.11726385e-01
7.03042800e-06,4.11690082e-01
7.03052800e-06,4.11651979e-01
7.03062800e-06,4.11615768e-01
7.03072800e-06,4.11577756e-01
7.03082800e-06,4.11541636e-01
7.03092800e-06,4.11503714e-01
7.03102800e-06,4.11467686e-01
7.03112800e-06,4.11429853e-01
7.03122800e-06,4.11393916e-01
7.03132800e-06,4.11356173e-01
7.03142800e-06,4.11320326e-01
7.03152800e-06,4.11282671e-01
7.03162800e-06,4.11246914e-01
7.03172800e-06,4.11209349e-01
7.03182800e-06,4.11173681e-01
7.03192800e-06,4.11136204e-01
7.03202800e-06,4.11100625e-01
7.03212800e-06,4.11063235e-01
7.03222800e-06,4.11027746e-01
7.03232800e-06,4.10990444e-01
7.03242800e-06,4.10955042e-01
7.03252800e-06,4.10917827e-01
7.03262800e-06,4.10882514e-01
7.03272800e-06,4.10845386e-01
7.03282800e-06,4.10810160e-01
7.03292800e-06,4.10773118e-01
7.03302800e-06,4.10737980e-01
7.03312800e-06,4.10701024e-01
7.03322800e-06,4.10665973e-01
7.03332800e-06,4.10629103e-01
7.03342800e-06,4.10594138e-01
7.03352800e-06,4.10557353e-01
7.03362800e-06,4.10522474e-01
7.03372800e-06,4.10485774e-01
7.03382800e-06,4.10450981e-01
7.03392800e-06,4.10414365e-01
7.03402800e-06,4.10379658e-01
7.03412800e-06,4.10343126e-01
7.03422800e-06,4.10308504e-01
7.03432800e-06,4.10272057e-01
7.03442800e-06,4.10237519e-01
7.03452800e-06,4.10201155e-01
7.03462800e-06,4.10166702e-01
7.03472800e-06,4.10130421e-01
7.03482800e-06,4.10096051e-01
7.03492800e-06,4.10059853e-01
7.03502800e-06,4.10025568e-01
7.03512800e-06,4.09989452e-01
7.03522800e-06,4.09955250e-01
7.03532800e-06,4.09919216e-01
7.03542800e-06,4.09885097e-01
7.03552800e-06,4.09849145e-01
7.03562800e-06,4.09815109e-01
7.03572800e-06,4.09779238e-01
7.03582800e-06,4.09745284e-01
7.03592800e-06,4.09709495e-01
7.03602800e-06,4.09675622e-01
7.03612800e-06,4.09639914e-01
7.03622800e-06,4.09606123e-01
7.03632800e-06,4.09570495e-01
7.03642800e-06,4.09536786e-01
7.03652800e-06,4.09501237e-01
7.03662800e-06,4.09467609e-01
7.03672800e-06,4.09432141e-01
7.03682800e-06,4.09398593e-01
7.03692800e-06,4.09363204e-01
7.03702800e-06,4.09329736e-01
7.03712800e-06,4.09294427e-01
7.03722800e-06,4.09261039e-01
7.03732800e-06,4.09225808e-01
7.03742800e-06,4.09192500e-01
7.03752800e-06,4.09157348e-01
7.03762800e-06,4.09124119e-01
7.03772800e-06,4.09089045e-01
7.03782800e-06,4.09055895e-01
7.03792800e-06,4.09020898e-01
7.03802800e-06,4.08987828e-01
7.03812800e-06,4.08952908e-01
7.03822800e-06,4.08919916e-01
7.03832800e-06,4.08885074e-01
7.03842800e-06,4.08852159e-01
7.03852800e-06,4.08817394e-01
7.03862800e-06,4.08784558e-01
7.03872800e-06,4.08749869e-01
7.03882800e-06,4.08717110e-01
7.03892800e-06,4.08682498e-01
7.03902800e-06,4.08649815e-01
7.03912800e-06,4.08615279e-01
7.03922800e-06,4.08582674e-01
7.03932800e-06,4.08548213e-01
7.03942800e-06,4.08515684e-01
7.03952800e-06,4.08481299e-01
7.03962800e-06,4.08448846e-01
7.03972800e-06,4.08414536e-01
7.03982800e-06,4.08382159e-01
7.03992800e-06,4.08347924e-01
7.04002800e-06,4.08315622e-01
7.04012800e-06,4.08281461e-01
7.04022800e-06,4.08249235e-01
7.04032800e-06,4.08215148e-01
7.04042800e-06,4.08182998e-01
7.04052800e-06,4.08148984e-01
7.04062800e-06,4.08116908e-01
7.04072800e-06,4.08082969e-01
7.04082800e-06,4.08050967e-01
7.04092800e-06,4.08017101e-01
7.04102800e-06,4.07985173e-01
7.04112800e-06,4.07951380e-01
7.04122800e-06,4.07919526e-01
7.04132800e-06,4.07885805e-01
7.04142800e-06,4.07854025e-01
7.04152800e-06,4.07820377e-01
7.04162800e-06,4.07788670e-01
7.04172800e-06,4.07755093e-01
7.04182800e-06,4.07723459e-01
7.04192800e-06,4.07689955e-01
7.04202800e-06,4.07658394e-01
7.04212800e-06,4.07624961e-01
7.04222800e-06,4.07593472e-01
7.04232800e-06,4.07560110e-01
7.04242800e-06,4.07528694e-01
7.04252800e-06,4.07495403e-01
7.04262800e-06,4.07464058e-01
7.04272800e-06,4.07430838e-01
7.04282800e-06,4.07399565e-01
7.04292800e-06,4.07366416e-01
7.04302800e-06,4.07335213e-01
7.04312800e-06,4.07302134e-01
7.04322800e-06,4.07271003e-01
7.04332800e-06,4.07237994e-01
7.04342800e-06,4.07206933e-01
7.04352800e-06,4.07173994e-01
7.04362800e-06,4.07143004e-01
7.04372800e-06,4.07110133e-01
7.04382800e-06,4.07079214e-01
7.04392800e-06,4.07046413e-01
7.04402800e-06,4.07015563e-01
7.04412800e-06,4.06982830e-01
7.04422800e-06,4.06952050e-01
7.04432800e-06,4.06919386e-01
7.04442800e-06,4.06888676e-01
7.04452800e-06,4.06856080e-01
7.04462800e-06,4.06825438e-01
7.04472800e-06,4.06792911e-01
7.04482800e-06,4.06762338e-01
7.04492800e-06,4.06729879e-01
7.04502800e-06,4.06699374e-01
7.04512800e-06,4.06666982e-01
7.04522800e-06,4.06636546e-01
7.04532800e-06,4.06604221e-01
7.04542800e-06,4.06573854e-01
7.04552800e-06,4.06541596e-01
7.04562800e-06,4.06511296e-01
7.04572800e-06,4.06479105e-01
7.04582800e-06,4.06448872e-01
7.04592800e-06,4.06416748e-01
7.04602800e-06,4.06386583e-01
7.04612800e-06,4.06354524e-01
7.04622800e-06,4.06324427e-01
7.04632800e-06,4.06292434e-01
7.04642800e-06,4.06262403e-01
7.04652800e-06,4.06230476e-01
7.04662800e-06,4.06200512e-01
7.04672800e-06,4.06168651e-01
7.04682800e-06,4.06138752e-01
7.04692800e-06,4.06106957e-01
7.04702800e-06,4.06077124e-01
7.04712800e-06,4.06045394e-01
7.04722800e-06,4.06015627e-01
7.04732800e-06,4.05983961e-01
7.04742800e-06,4.05954260e-01
7.04752800e-06,4.05922659e-01
7.04762800e-06,4.05893023e-01
7.04772800e-06,4.05861486e-01
7.04782800e-06,4.05831916e-01
7.04792800e-06,4.05800443e-01
7.04802800e-06,4.05770937e-01
7.04812800e-06,4.05739528e-01
7.04822800e-06,4.05710087e-01
7.04832800e-06,4.05678741e-01
7.04842800e-06,4.05649365e-01
7.04852800e-06,4.05618082e-01
7.04862800e-06,4.05588770e-01
7.04872800e-06,4.05557550e-01
7.04882800e-06,4.05528302e-01
7.04892800e-06,4.05497145e-01
7.04902800e-06,4.05467961e-01
7.04912800e-06,4.05436867e-01
7.04922800e-06,4.05407745e-01
7.04932800e-06,4.05376714e-01
7.04942800e-06,4.05347656e-01
7.04952800e-06,4.05316686e-01
7.04962800e-06,4.05287691e-01
7.04972800e-06,4.05256784e-01
7.04982800e-06,4.05227852e-01
7.04992800e-06,4.05197006e-01
7.05002800e-06,4.05168136e-01
7.05012800e-06,4.05137352e-01
7.05022800e-06,4.05108544e-01
7.05032800e-06,4.05077822e-01
7.05042800e-06,4.05049076e-01
7.05052800e-06,4.05018414e-01
7.05062800e-06,4.04989731e-01
7.05072800e-06,4.04959130e-01
7.05082800e-06,4.04930508e-01
7.05092800e-06,4.04899967e-01
7.05102800e-06,4.04871407e-01
7.05112800e-06,4.04840927e-01
7.05122800e-06,4.04812427e-01
7.05132800e-06,4.04782008e-01
7.05142800e-06,4.04753569e-01
7.05152800e-06,4.04723209e-01
7.05162800e-06,4.04694832e-01
7.05172800e-06,4.04664532e-01
7.05182800e-06,4.04636214e-01
7.05192800e-06,4.04605974e-01
7.05202800e-06,4.04577717e-01
7.05212800e-06,4.04547536e-01
7.05222800e-06,4.04519339e-01
7.05232800e-06,4.04489217e-01
7.05242800e-06,4.04461080e-01
7.05252800e-06,4.04431016e-01
7.05262800e-06,4.04402939e-01
7.05272800e-06,4.04372935e-01
7.05282800e-06,4.04344917e-01
7.05292800e-06,4.04314971e-01
7.05302800e-06,4.04287012e-01
7.05312800e-06,4.04257124e-01
7.05322800e-06,4.04229225e-01
7.05332800e-06,4.04199395e-01
7.05342800e-06,4.04171554e-01
7.05352800e-06,4.04141782e-01
7.05362800e-06,4.04114000e-01
7.05372800e-06,4.04084286e-01
7.05382800e-06,4.04056562e-01
7.05392800e-06,4.04026905e-01
7.05402800e-06,4.03999240e-01
7.05412800e-06,4.03969640e-01
7.05422800e-06,4.03942032e-01
7.05432800e-06,4.03912490e-01
7.05442800e-06,4.03884940e-01
7.05452800e-06,4.03855454e-01
7.05462800e-06,4.03827962e-01
7.05472800e-06,4.03798533e-01
7.05482800e-06,4.03771098e-01
7.05492800e-06,4.03741725e-01
7.05502800e-06,4.03714348e-01
7.05512800e-06,4.03685031e-01
7.05522800e-06,4.03657711e-01
7.05532800e-06,4.03628450e-01
7.05542800e-06,4.03601187e-01
7.05552800e-06,4.03571982e-01
7.05562800e-06,4.03544775e-01
7.05572800e-06,4.03515626e-01
7.05582800e-06,4.03488475e-01
7.05592800e-06,4.03459381e-01
7.05602800e-06,4.03432287e-01
7.05612800e-06,4.03403249e-01
7.05622800e-06,4.03376210e-01
7.05632800e-06,4.03347227e-01
7.05642800e-06,4.03320244e-01
7.05652800e-06,4.03291316e-01
7.05662800e-06,4.03264389e-01
7.05672800e-06,4.03235515e-01
7.05682800e-06,4.03208643e-01
7.05692800e-06,4.03179824e-01
7.05702800e-06,4.03153008e-01
7.05712800e-06,4.03124243e-01
7.05722800e-06,4.03097482e-01
7.05732800e-06,4.03068771e-01
7.05742800e-06,4.03042064e-01
7.05752800e-06,4.03013408e-01
7.05762800e-06,4.02986756e-01
7.05772800e-06,4.02958153e-01
7.05782800e-06,4.02931555e-01
7.05792800e-06,4.02903006e-01
7.05802800e-06,4.02876463e-01
7.05812800e-06,4.02847967e-01
7.05822800e-06,4.02821478e-01
7.05832800e-06,4.02793035e-01
7.05842800e-06,4.02766600e-01
7.05852800e-06,4.02738210e-01
7.05862800e-06,4.02711829e-01
7.05872800e-06,4.02683492e-01
7.05882800e-06,4.02657164e-01
7.05892800e-06,4.02628880e-01
7.05902800e-06,4.02602606e-01
7.05912800e-06,4.02574374e-01
7.05922800e-06,4.02548153e-01
7.05932800e-06,4.02519973e-01
7.05942800e-06,4.02493805e-01
7.05952800e-06,4.02465678e-01
7.05962800e-06,4.02439563e-01
7.05972800e-06,4.02411487e-01
7.05982800e-06,4.02385425e-01
7.05992800e-06,4.02357401e-01
7.06002800e-06,4.02331391e-01
7.06012800e-06,4.02303419e-01
7.06022800e-06,4.02277461e-01
7.06032800e-06,4.02249541e-01
7.06042800e-06,4.02223635e-01
7.06052800e-06,4.02195766e-01
7.06062800e-06,4.02169912e-01
7.06072800e-06,4.02142094e-01
7.06082800e-06,4.02116292e-01
7.06092800e-06,4.02088525e-01
7.06102800e-06,4.02062775e-01
7.06112800e-06,4.02035058e-01
7.06122800e-06,4.02009359e-01
7.06132800e-06,4.01981693e-01
7.06142800e-06,4.01956046e-01
7.06152800e-06,4.01928430e-01
7.06162800e-06,4.01902834e-01
7.06172800e-06,4.01875269e-01
7.06182800e-06,4.01849723e-01
7.06192800e-06,4.01822208e-01
7.06202800e-06,4.01796714e-01
7.06212800e-06,4.01769248e-01
7.06222800e-06,4.01743804e-01
7.06232800e-06,4.01716389e-01
7.06242800e-06,4.01690995e-01
7.06252800e-06,4.01663629e-01
7.06262800e-06,4.01638286e-01
7.06272800e-06,4.01610969e-01
7.06282800e-06,4.01585676e-01
7.06292800e-06,4.01558409e-01
7.06302800e-06,4.01533165e-01
7.06312800e-06,4.01505947e-01
7.06322800e-06,4.01480754e-01
7.06332800e-06,4.01453584e-01
7.06342800e-06,4.01428440e-01
7.06352800e-06,4.01401320e-01
7.06362800e-06,4.01376225e-01
7.06372800e-06,4.01349154e-01
7.06382800e-06,4.01324108e-01
7.06392800e-06,4.01297085e-01
7.06402800e-06,4.01272089e-01
7.06412800e-06,4.01245114e-01
7.06422800e-06,4.01220167e-01
7.06432800e-06,4.01193240e-01
7.06442800e-06,4.01168342e-01
7.06452800e-06,4.01141463e-01
7.06462800e-06,4.01116613e-01
7.06472800e-06,4.01089782e-01
7.06482800e-06,4.01064981e-01
7.06492800e-06,4.01038197e-01
7.06502800e-06,4.01013445e-01
7.06512800e-06,4.00986709e-01
7.06522800e-06,4.00962004e-01
7.06532800e-06,4.00935316e-01
7.06542800e-06,4.00910659e-01
7.06552800e-06,4.00884018e-01
7.06562800e-06,4.00859409e-01
7.06572800e-06,4.00832815e-01
7.06582800e-06,4.00808254e-01
7.06592800e-06,4.00781707e-01
7.06602800e-06,4.00757193e-01
7.06612800e-06,4.00730693e-01
7.06622800e-06,4.00706226e-01
7.06632800e-06,4.00679773e-01
7.06642800e-06,4.00655354e-01
7.06652800e-06,4.00628946e-01
7.06662800e-06,4.00604575e-01
7.06672800e-06,4.00578214e-01
7.06682800e-06,4.00553889e-01
7.06692800e-06,4.00527574e-01
7.06702800e-06,4.00503296e-01
7.06712800e-06,4.00477027e-01
7.06722800e-06,4.00452796e-01
7.06732800e-06,4.00426573e-01
7.06742800e-06,4.00402388e-01
7.06752800e-06,4.00376211e-01
7.06762800e-06,4.00352072e-01
7.06772800e-06,4.00325941e-01
7.06782800e-06,4.00301849e-01
7.06792800e-06,4.00275762e-01
7.06802800e-06,4.00251716e-01
7.06812800e-06,4.00225675e-01
7.06822800e-06,4.00201675e-01
7.06832800e-06,4.00175679e-01
7.06842800e-06,4.00151725e-01
7.06852800e-06,4.00125774e-01
7.06862800e-06,4.00101865e-01
7.06872800e-06,4.00075960e-01
7.06882800e-06,4.00052096e-01
7.06892800e-06,4.00026235e-01
7.06902800e-06,4.00002417e-01
7.06912800e-06,3.99976601e-01
7.06922800e-06,3.99952828e-01
7.06932800e-06,3.99927056e-01
7.06942800e-06,3.99903328e-01
7.06952800e-06,3.99877601e-01
7.06962800e-06,3.99853918e-01
7.06972800e-06,3.99828234e-01
7.06982800e-06,3.99804597e-01
7.06992800e-06,3.99778957e-01
7.07002800e-06,3.99755364e-01
7.07012800e-06,3.99729768e-01
7.07022800e-06,3.99706219e-01
7.07032800e-06,3.99680668e-01
7.07042800e-06,3.99657163e-01
7.07052800e-06,3.99631655e-01
7.07062800e-06,3.99608195e-01
7.07072800e-06,3.99582730e-01
7.07082800e-06,3.99559314e-01
7.07092800e-06,3.99533893e-01
7.07102800e-06,3.99510521e-01
7.07112800e-06,3.99485143e-01
7.07122800e-06,3.99461815e-01
7.07132800e-06,3.99436480e-01
7.07142800e-06,3.99413195e-01
7.07152800e-06,3.99387903e-01
7.07162800e-06,3.99364662e-01
7.07172800e-06,3.99339413e-01
7.07182800e-06,3.99316216e-01
7.07192800e-06,3.99291009e-01
7.07202800e-06,3.99267855e-01
7.07212800e-06,3.99242691e-01
7.07222800e-06,3.99219580e-01
7.07232800e-06,3.99194459e-01
7.07242800e-06,3.99171390e-01
7.07252800e-06,3.99146312e-01
7.07262800e-06,3.99123286e-01
7.07272800e-06,3.99098250e-01
7.07282800e-06,3.99075267e-01
7.07292800e-06,3.99050272e-01
7.07302800e-06,3.99027332e-01
7.07312800e-06,3.99002380e-01
7.07322800e-06,3.98979482e-01
7.07332800e-06,3.98954572e-01
7.07342800e-06,3.98931717e-01
7.07352800e-06,3.98906847e-01
7.07362800e-06,3.98884035e-01
7.07372800e-06,3.98859207e-01
7.07382800e-06,3.98836436e-01
7.07392800e-06,3.98811650e-01
7.07402800e-06,3.98788922e-01
7.07412800e-06,3.98764177e-01
7.07422800e-06,3.98741490e-01
7.07432800e-06,3.98716787e-01
7.07442800e-06,3.98694142e-01
7.07452800e-06,3.98669479e-01
7.07462800e-06,3.98646876e-01
7.07472800e-06,3.98622254e-01
7.07482800e-06,3.98599692e-01
7.07492800e-06,3.98575112e-01
7.07502800e-06,3.98552591e-01
7.07512800e-06,3.98528051e-01
7.07522800e-06,3.98505572e-01
7.07532800e-06,3.98481073e-01
7.07542800e-06,3.98458634e-01
7.07552800e-06,3.98434175e-01
7.07562800e-06,3.98411778e-01
7.07572800e-06,3.98387360e-01
7.07582800e-06,3.98365003e-01
7.07592800e-06,3.98340625e-01
7.07602800e-06,3.98318309e-01
7.07612800e-06,3.98293972e-01
7.07622800e-06,3.98271696e-01
7.07632800e-06,3.98247399e-01
7.07642800e-06,3.98225164e-01
7.07652800e-06,3.98200906e-01
7.07662800e-06,3.98178712e-01
7.07672800e-06,3.98154368e-01
7.07682800e-06,3.98132079e-01
7.07692800e-06,3.98107794e-01
7.07702800e-06,3.98085610e-01
7.07712800e-06,3.98061412e-01
7.07722800e-06,3.98039302e-01
7.07732800e-06,3.98015169e-01
7.07742800e-06,3.97993118e-01
7.07752800e-06,3.97969038e-01
7.07762800e-06,3.97947038e-01
7.07772800e-06,3.97923004e-01
7.07782800e-06,3.97901049e-01
7.07792800e-06,3.97877058e-01
7.07802800e-06,3.97855145e-01
7.07812800e-06,3.97831196e-01
7.07822800e-06,3.97809323e-01
7.07832800e-06,3.97785414e-01
7.07842800e-06,3.97763582e-01
7.07852800e-06,3.97739711e-01
7.07862800e-06,3.97717919e-01
7.07872800e-06,3.97694087e-01
7.07882800e-06,3.97672333e-01
7.07892800e-06,3.97648540e-01
7.07902800e-06,3.97626826e-01
7.07912800e-06,3.97603070e-01
7.07922800e-06,3.97581395e-01
7.07932800e-06,3.97557678e-01
7.07942800e-06,3.97536041e-01
7.07952800e-06,3.97512362e-01
7.07962800e-06,3.97490764e-01
7.07972800e-06,3.97467122e-01
7.07982800e-06,3.97445563e-01
7.07992800e-06,3.97421959e-01
7.08002800e-06,3.97400438e-01
7.08012800e-06,3.97376871e-01
7.08022800e-06,3.97355388e-01
7.08032800e-06,3.97331859e-01
7.08042800e-06,3.97310415e-01
7.08052800e-06,3.97286923e-01
7.08062800e-06,3.97265516e-01
7.08072800e-06,3.97242062e-01
7.08082800e-06,3.97220693e-01
7.08092800e-06,3.97197276e-01
7.08102800e-06,3.97175945e-01
7.08112800e-06,3.97152565e-01
7.08122800e-06,3.97131272e-01
7.08132800e-06,3.97107928e-01
7.08142800e-06,3.97086673e-01
7.08152800e-06,3.97063366e-01
7.08162800e-06,3.97042148e-01
7.08172800e-06,3.97018879e-01
7.08182800e-06,3.96997698e-01
7.08192800e-06,3.96974465e-01
7.08202800e-06,3.96953321e-01
7.08212800e-06,3.96930125e-01
7.08222800e-06,3.96909019e-01
7.08232800e-06,3.96885858e-01
7.08242800e-06,3.96864789e-01
7.08252800e-06,3.96841665e-01
7.08262800e-06,3.96820633e-01
7.08272800e-06,3.96797545e-01
7.08282800e-06,3.96776550e-01
7.08292800e-06,3.96753499e-01
7.08302800e-06,3.96732540e-01
7.08312800e-06,3.96709525e-01
7.08322800e-06,3.96688603e-01
7.08332800e-06,3.96665623e-01
7.08342800e-06,3.96644738e-01
7.08352800e-06,3.96621794e-01
7.08362800e-06,3.96600945e-01
7.08372800e-06,3.96578037e-01
7.08382800e-06,3.96557224e-01
7.08392800e-06,3.96534352e-01
7.08402800e-06,3.96513576e-01
7.08412800e-06,3.96490739e-01
7.08422800e-06,3.96469998e-01
7.08432800e-06,3.96447197e-01
7.08442800e-06,3.96426493e-01
7.08452800e-06,3.96403726e-01
7.08462800e-06,3.96383058e-01
7.08472800e-06,3.96360327e-01
7.08482800e-06,3.96339695e-01
7.08492800e-06,3.96316999e-01
7.08502800e-06,3.96296402e-01
7.08512800e-06,3.96273741e-01
7.08522800e-06,3.96253181e-01
7.08532800e-06,3.96230554e-01
7.08542800e-06,3.96210029e-01
7.08552800e-06,3.96187438e-01
7.08562800e-06,3.96166948e-01
7.08572800e-06,3.96144392e-01
7.08582800e-06,3.96123937e-01
7.08592800e-06,3.96101415e-01
7.08602800e-06,3.96080996e-01
7.08612800e-06,3.96058509e-01
7.08622800e-06,3.96038125e-01
7.08632800e-06,3.96015672e-01
7.08642800e-06,3.95995323e-01
7.08652800e-06,3.95972904e-01
7.08662800e-06,3.95952590e-01
7.08672800e-06,3.95930206e-01
7.08682800e-06,3.95909927e-01
7.08692800e-06,3.95887576e-01
7.08702800e-06,3.95867332e-01
7.08712800e-06,3.95845016e-01
7.08722800e-06,3.95824806e-01
7.08732800e-06,3.95802524e-01
7.08742800e-06,3.95782349e-01
7.08752800e-06,3.95760100e-01
7.08762800e-06,3.95739960e-01
7.08772800e-06,3.95717745e-01
7.08782800e-06,3.95697639e-01
7.08792800e-06,3.95675458e-01
7.08802800e-06,3.95655386e-01
7.08812800e-06,3.95633239e-01
7.08822800e-06,3.95613201e-01
7.08832800e-06,3.95591088e-01
7.08842800e-06,3.95571084e-01
7.08852800e-06,3.95549004e-01
7.08862800e-06,3.95529034e-01
7.08872800e-06,3.95506987e-01
7.08882800e-06,3.95487052e-01
7.08892800e-06,3.95465038e-01
7.08902800e-06,3.95445136e-01
7.08912800e-06,3.95423155e-01
7.08922800e-06,3.95403287e-01
7.08932800e-06,3.95381339e-01
7.08942800e-06,3.95361505e-01
7.08952800e-06,3.95339590e-01
7.08962800e-06,3.95319790e-01
7.08972800e-06,3.95297908e-01
7.08982800e-06,3.95278140e-01
7.08992800e-06,3.95256291e-01
7.09002800e-06,3.95236557e-01
7.09012800e-06,3.95214741e-01
7.09022800e-06,3.95195040e-01
7.09032800e-06,3.95173256e-01
7.09042800e-06,3.95153589e-01
7.09052800e-06,3.95131838e-01
7.09062800e-06,3.95112204e-01
7.09072800e-06,3.95090485e-01
7.09082800e-06,3.95070884e-01
7.09092800e-06,3.95049197e-01
7.09102800e-06,3.95029629e-01
7.09112800e-06,3.95007974e-01
7.09122800e-06,3.94988439e-01
7.09132800e-06,3.94966817e-01
7.09142800e-06,3.94947314e-01
7.09152800e-06,3.94925724e-01
7.09162800e-06,3.94906254e-01
7.09172800e-06,3.94884696e-01
7.09182800e-06,3.94865259e-01
7.09192800e-06,3.94843732e-01
7.09202800e-06,3.94824328e-01
7.09212800e-06,3.94802833e-01
7.09222800e-06,3.94783461e-01
7.09232800e-06,3.94761998e-01
7.09242800e-06,3.94742658e-01
7.09252800e-06,3.94721227e-01
7.09262800e-06,3.94701919e-01
7.09272800e-06,3.94680519e-01
7.09282800e-06,3.94661244e-01
7.09292800e-06,3.94639876e-01
7.09302800e-06,3.94620632e-01
7.09312800e-06,3.94599296e-01
7.09322800e-06,3.94580084e-01
7.09332800e-06,3.94558779e-01
7.09342800e-06,3.94539599e-01
7.09352800e-06,3.94518325e-01
7.09362800e-06,3.94499177e-01
7.09372800e-06,3.94477934e-01
7.09382800e-06,3.94458818e-01
7.09392800e-06,3.94437606e-01
7.09402800e-06,3.94418522e-01
7.09412800e-06,3.94397341e-01
7.09422800e-06,3.94378288e-01
7.09432800e-06,3.94357138e-01
7.09442800e-06,3.94338117e-01
7.09452800e-06,3.94316997e-01
7.09462800e-06,3.94298008e-01
7.09472800e-06,3.94276919e-01
7.09482800e-06,3.94257961e-01
7.09492800e-06,3.94236902e-01
7.09502800e-06,3.94217975e-01
7.09512800e-06,3.94196948e-01
7.09522800e-06,3.94178052e-01
7.09532800e-06,3.94157055e-01
7.09542800e-06,3.94138190e-01
7.09552800e-06,3.94117223e-01
7.09562800e-06,3.94098390e-01
7.09572800e-06,3.94077453e-01
7.09582800e-06,3.94058650e-01
7.09592800e-06,3.94037744e-01
7.09602800e-06,3.94018972e-01
7.09612800e-06,3.93998096e-01
7.09622800e-06,3.93979355e-01
7.09632800e-06,3.93958509e-01
7.09642800e-06,3.93939799e-01
7.09652800e-06,3.93918983e-01
7.09662800e-06,3.93900303e-01
7.09672800e-06,3.93879517e-01
7.09682800e-06,3.93860868e-01
7.09692800e-06,3.93840112e-01
7.09702800e-06,3.93821493e-01
7.09712800e-06,3.93800767e-01
7.09722800e-06,3.93782178e-01
7.09732800e-06,3.93761482e-01
7.09742800e-06,3.93742923e-01
7.09752800e-06,3.93722256e-01
7.09762800e-06,3.93703728e-01
7.09772800e-06,3.93683091e-01
7.09782800e-06,3.93664593e-01
7.09792800e-06,3.93643985e-01
7.09802800e-06,3.93625517e-01
7.09812800e-06,3.93604939e-01
7.09822800e-06,3.93586501e-01
7.09832800e-06,3.93565952e-01
7.09842800e-06,3.93547544e-01
7.09852800e-06,3.93527024e-01
7.09862800e-06,3.93508646e-01
7.09872800e-06,3.93488155e-01
7.09882800e-06,3.93469807e-01
7.09892800e-06,3.93449345e-01
7.09902800e-06,3.93431027e-01
7.09912800e-06,3.93410594e-01
7.09922800e-06,3.93392305e-01
7.09932800e-06,3.93371901e-01
7.09942800e-06,3.93353642e-01
7.09952800e-06,3.93333267e-01
7.09962800e-06,3.93315037e-01
7.09972800e-06,3.93294691e-01
7.09982800e-06,3.93276490e-01
7.09992800e-06,3.93256173e-01
7.10002800e-06,3.93238001e-01
7.10012800e-06,3.93217713e-01
7.10022800e-06,3.93199571e-01
7.10032800e-06,3.93179311e-01
7.10042800e-06,3.93161198e-01
7.10052800e-06,3.93140966e-01
7.10062800e-06,3.93122882e-01
7.10072800e-06,3.93102679e-01
7.10082800e-06,3.93084624e-01
7.10092800e-06,3.93064449e-01
7.10102800e-06,3.93046424e-01
7.10112800e-06,3.93026277e-01
7.10122800e-06,3.93008280e-01
7.10132800e-06,3.92988162e-01
7.10142800e-06,3.92970194e-01
7.10152800e-06,3.92950103e-01
7.10162800e-06,3.92932164e-01
7.10172800e-06,3.92912102e-01
7.10182800e-06,3.92894191e-01
7.10192800e-06,3.92874157e-01
7.10202800e-06,3.92856275e-01
7.10212800e-06,3.92836269e-01
7.10222800e-06,3.92818415e-01
7.10232800e-06,3.92798437e-01
7.10242800e-06,3.92780612e-01
7.10252800e-06,3.92760661e-01
7.10262800e-06,3.92742864e-01
7.10272800e-06,3.92722941e-01
7.10282800e-06,3.92705173e-01
7.10292800e-06,3.92685278e-01
7.10302800e-06,3.92667537e-01
7.10312800e-06,3.92647670e-01
7.10322800e-06,3.92629958e-01
7.10332800e-06,3.92610118e-01
7.10342800e-06,3.92592434e-01
7.10352800e-06,3.92572621e-01
7.10362800e-06,3.92554965e-01
7.10372800e-06,3.92535180e-01
7.10382800e-06,3.92517552e-01
7.10392800e-06,3.92497794e-01
7.10402800e-06,3.92480194e-01
7.10412800e-06,3.92460463e-01
7.10422800e-06,3.92442891e-01
7.10432800e-06,3.92423187e-01
7.10442800e-06,3.92405643e-01
7.10452800e-06,3.92385966e-01
7.10462800e-06,3.92368449e-01
7.10472800e-06,3.92348800e-01
7.10482800e-06,3.92331311e-01
7.10492800e-06,3.92311689e-01
7.10502800e-06,3.92294227e-01
7.10512800e-06,3.92274631e-01
7.10522800e-06,3.92257197e-01
7.10532800e-06,3.92237628e-01
7.10542800e-06,3.92220222e-01
7.10552800e-06,3.92200680e-01
7.10562800e-06,3.92183300e-01
7.10572800e-06,3.92163785e-01
7.10582800e-06,3.92146433e-01
7.10592800e-06,3.92126945e-01
7.10602800e-06,3.92109620e-01
7.10612800e-06,3.92090158e-01
7.10622800e-06,3.92072860e-01
7.10632800e-06,3.92053425e-01
7.10642800e-06,3.92036154e-01
7.10652800e-06,3.92016745e-01
7.10662800e-06,3.91999501e-01
7.10672800e-06,3.91980119e-01
7.10682800e-06,3.91962902e-01
7.10692800e-06,3.91943546e-01
7.10702800e-06,3.91926356e-01
7.10712800e-06,3.91907026e-01
7.10722800e-06,3.91889863e-01
7.10732800e-06,3.91870559e-01
7.10742800e-06,3.91853423e-01
7.10752800e-06,3.91834145e-01
7.10762800e-06,3.91817036e-01
7.10772800e-06,3.91797784e-01
7.10782800e-06,3.91780701e-01
7.10792800e-06,3.91761476e-01
7.10802800e-06,3.91744419e-01
7.10812800e-06,3.91725220e-01
7.10822800e-06,3.91708190e-01
7.10832800e-06,3.91689016e-01
7.10842800e-06,3.91672012e-01
7.10852800e-06,3.91652865e-01
7.10862800e-06,3.91635887e-01
7.10872800e-06,3.91616765e-01
7.10882800e-06,3.91599815e-01
7.10892800e-06,3.91580718e-01
7.10902800e-06,3.91563794e-01
7.10912800e-06,3.91544723e-01
7.10922800e-06,3.91527824e-01
7.10932800e-06,3.91508779e-01
7.10942800e-06,3.91491907e-01
7.10952800e-06,3.91472887e-01
7.10962800e-06,3.91456041e-01
7.10972800e-06,3.91437047e-01
7.10982800e-06,3.91420227e-01
7.10992800e-06,3.91401258e-01
7.11002800e-06,3.91384464e-01
7.11012800e-06,3.91365520e-01
7.11022800e-06,3.91348752e-01
7.11032800e-06,3.91329834e-01
7.11042800e-06,3.91313091e-01
7.11052800e-06,3.91294198e-01
7.11062800e-06,3.91277481e-01
7.11072800e-06,3.91258613e-01
7.11082800e-06,3.91241922e-01
7.11092800e-06,3.91223079e-01
7.11102800e-06,3.91206414e-01
7.11112800e-06,3.91187596e-01
7.11122800e-06,3.91170956e-01
7.11132800e-06,3.91152164e-01
7.11142800e-06,3.91135549e-01
7.11152800e-06,3.91116781e-01
7.11162800e-06,3.91100193e-01
7.11172800e-06,3.91081450e-01
7.11182800e-06,3.91064886e-01
7.11192800e-06,3.91046168e-01
7.11202800e-06,3.91029630e-01
7.11212800e-06,3.91010936e-01
7.11222800e-06,3.90994423e-01
7.11232800e-06,3.90975754e-01
7.11242800e-06,3.90959267e-01
7.11252800e-06,3.90940623e-01
7.11262800e-06,3.90924160e-01
7.11272800e-06,3.90905541e-01
7.11282800e-06,3.90889103e-01
7.11292800e-06,3.90870508e-01
7.11302800e-06,3.90854096e-01
7.11312800e-06,3.90835525e-01
7.11322800e-06,3.90819138e-01
7.11332800e-06,3.90800592e-01
7.11342800e-06,3.90784229e-01
7.11352800e-06,3.90765707e-01
7.11362800e-06,3.90749370e-01
7.11372800e-06,3.90730872e-01
7.11382800e-06,3.90714559e-01
7.11392800e-06,3.90696086e-01
7.11402800e-06,3.90679798e-01
7.11412800e-06,3.90661349e-01
7.11422800e-06,3.90645085e-01
7.11432800e-06,3.90626660e-01
7.11442800e-06,3.90610422e-01
7.11452800e-06,3.90592020e-01
7.11462800e-06,3.90575806e-01
7.11472800e-06,3.90557429e-01
7.11482800e-06,3.90541240e-01
7.11492800e-06,3.90522887e-01
7.11502800e-06,3.90506722e-01
7.11512800e-06,3.90488392e-01
7.11522800e-06,3.90472252e-01
7.11532800e-06,3.90453946e-01
7.11542800e-06,3.90437830e-01
7.11552800e-06,3.90419549e-01
7.11562800e-06,3.90403457e-01
7.11572800e-06,3.90385199e-01
7.11582800e-06,3.90369131e-01
7.11592800e-06,3.90350897e-01
7.11602800e-06,3.90334853e-01
7.11612800e-06,3.90316643e-01
7.11622800e-06,3.90300623e-01
7.11632800e-06,3.90282436e-01
7.11642800e-06,3.90266441e-01
7.11652800e-06,3.90248278e-01
7.11662800e-06,3.90232306e-01
7.11672800e-06,3.90214166e-01
7.11682800e-06,3.90198219e-01
7.11692800e-06,3.90180102e-01
7.11702800e-06,3.90164179e-01
7.11712800e-06,3.90146086e-01
7.11722800e-06,3.90130186e-01
7.11732800e-06,3.90112116e-01
7.11742800e-06,3.90096241e-01
7.11752800e-06,3.90078194e-01
7.11762800e-06,3.90062342e-01
7.11772800e-06,3.90044318e-01
7.11782800e-06,3.90028491e-01
7.11792800e-06,3.90010490e-01
7.11802800e-06,3.89994686e-01
7.11812800e-06,3.89976708e-01
7.11822800e-06,3.89960927e-01
7.11832800e-06,3.89942973e-01
7.11842800e-06,3.89927216e-01
7.11852800e-06,3.89909284e-01
7.11862800e-06,3.89893551e-01
7.11872800e-06,3.89875642e-01
7.11882800e-06,3.89859932e-01
7.11892800e-06,3.89842046e-01
7.11902800e-06,3.89826360e-01
7.11912800e-06,3.89808497e-01
7.11922800e-06,3.89792833e-01
7.11932800e-06,3.89774993e-01
7.11942800e-06,3.89759353e-01
7.11952800e-06,3.89741536e-01
7.11962800e-06,3.89725919e-01
7.11972800e-06,3.89708124e-01
7.11982800e-06,3.89692530e-01
7.11992800e-06,3.89674758e-01
7.12002800e-06,3.89659188e-01
7.12012800e-06,3.89641438e-01
7.12022800e-06,3.89625891e-01
7.12032800e-06,3.89608164e-01
7.12042800e-06,3.89592639e-01
7.12052800e-06,3.89574935e-01
7.12062800e-06,3.89559433e-01
7.12072800e-06,3.89541751e-01
7.12082800e-06,3.89526273e-01
7.12092800e-06,3.89508613e-01
7.12102800e-06,3.89493157e-01
7.12112800e-06,3.89475520e-01
7.12122800e-06,3.89460087e-01
7.12132800e-06,3.89442472e-01
7.12142800e-06,3.89427062e-01
7.12152800e-06,3.89409469e-01
7.12162800e-06,3.89394082e-01
7.12172800e-06,3.89376511e-01
7.12182800e-06,3.89361147e-01
7.12192800e-06,3.89343598e-01
7.12202800e-06,3.89328256e-01
7.12212800e-06,3.89310730e-01
7.12222800e-06,3.89295411e-01
7.12232800e-06,3.89277906e-01
7.12242800e-06,3.89262609e-01
7.12252800e-06,3.89245127e-01
7.12262800e-06,3.89229853e-01
7.12272800e-06,3.89212392e-01
7.12282800e-06,3.89197140e-01
7.12292800e-06,3.89179702e-01
7.12302800e-06,3.89164472e-01
7.12312800e-06,3.89147055e-01
7.12322800e-06,3.89131848e-01
7.12332800e-06,3.89114453e-01
7.12342800e-06,3.89099269e-01
7.12352800e-06,3.89081895e-01
7.12362800e-06,3.89066733e-01
7.12372800e-06,3.89049381e-01
7.12382800e-06,3.89034241e-01
7.12392800e-06,3.89016911e-01
7.12402800e-06,3.89001793e-01
7.12412800e-06,3.88984485e-01
7.12422800e-06,3.88969389e-01
7.12432800e-06,3.88952102e-01
7.12442800e-06,3.88937028e-01
7.12452800e-06,3.88919763e-01
7.12462800e-06,3.88904711e-01
7.12472800e-06,3.88887467e-01
7.12482800e-06,3.88872437e-01
7.12492800e-06,3.88855214e-01
7.12502800e-06,3.88840206e-01
7.12512800e-06,3.88823005e-01
7.12522800e-06,3.88808019e-01
7.12532800e-06,3.88790840e-01
7.12542800e-06,3.88775875e-01
7.12552800e-06,3.88758717e-01
7.12562800e-06,3.88743774e-01
7.12572800e-06,3.88726637e-01
7.12582800e-06,3.88711716e-01
7.12592800e-06,3.88694600e-01
7.12602800e-06,3.88679701e-01
7.12612800e-06,3.88662606e-01
7.12622800e-06,3.88647729e-01
7.12632800e-06,3.88630655e-01
7.12642800e-06,3.88615799e-01
7.12652800e-06,3.88598746e-01
7.12662800e-06,3.88583912e-01
7.12672800e-06,3.88566880e-01
7.12682800e-06,3.88552068e-01
7.12692800e-06,3.88535057e-01
7.12702800e-06,3.88520266e-01
7.12712800e-06,3.88503276e-01
7.12722800e-06,3.88488506e-01
7.12732800e-06,3.88471537e-01
7.12742800e-06,3.88456788e-01
7.12752800e-06,3.88439840e-01
7.12762800e-06,3.88425113e-01
7.12772800e-06,3.88408186e-01
7.12782800e-06,3.88393480e-01
7.12792800e-06,3.88376573e-01
7.12802800e-06,3.88361889e-01
7.12812800e-06,3.88345003e-01
7.12822800e-06,3.88330339e-01
7.12832800e-06,3.88313474e-01
7.12842800e-06,3.88298832e-01
7.12852800e-06,3.88281987e-01
7.12862800e-06,3.88267366e-01
7.12872800e-06,3.88250542e-01
7.12882800e-06,3.88235942e-01
7.12892800e-06,3.88219138e-01
7.12902800e-06,3.88204559e-01
7.12912800e-06,3.88187776e-01
7.12922800e-06,3.88173218e-01
7.12932800e-06,3.88156455e-01
7.12942800e-06,3.88141918e-01
7.12952800e-06,3.88125176e-01
7.12962800e-06,3.88110660e-01
7.12972800e-06,3.88093938e-01
7.12982800e-06,3.88079443e-01
7.12992800e-06,3.88062741e-01
7.13002800e-06,3.88048266e-01
7.13012800e-06,3.88031585e-01
7.13022800e-06,3.88017131e-01
7.13032800e-06,3.88000470e-01
7.13042800e-06,3.87986037e-01
7.13052800e-06,3.87969396e-01
7.13062800e-06,3.87954984e-01
7.13072800e-06,3.87938363e-01
7.13082800e-06,3.87923971e-01
7.13092800e-06,3.87907371e-01
7.13102800e-06,3.87892999e-01
7.13112800e-06,3.87876419e-01
7.13122800e-06,3.87862068e-01
7.13132800e-06,3.87845508e-01
7.13142800e-06,3.87831178e-01
7.13152800e-06,3.87814637e-01
7.13162800e-06,3.87800327e-01
7.13172800e-06,3.87783807e-01
7.13182800e-06,3.87769518e-01
7.13192800e-06,3.87753017e-01
7.13202800e-06,3.87738748e-01
7.13212800e-06,3.87722267e-01
7.13222800e-06,3.87708019e-01
7.13232800e-06,3.87691558e-01
7.13242800e-06,3.87677329e-01
7.13252800e-06,3.87660888e-01
7.13262800e-06,3.87646680e-01
7.13272800e-06,3.87630259e-01
7.13282800e-06,3.87616071e-01
7.13292800e-06,3.87599669e-01
7.13302800e-06,3.87585502e-01
7.13312800e-06,3.87569120e-01
7.13322800e-06,3.87554972e-01
7.13332800e-06,3.87538610e-01
7.13342800e-06,3.87524482e-01
7.13352800e-06,3.87508140e-01
7.13362800e-06,3.87494032e-01
7.13372800e-06,3.87477709e-01
7.13382800e-06,3.87463622e-01
7.13392800e-06,3.87447318e-01
7.13402800e-06,3.87433251e-01
7.13412800e-06,3.87416966e-01
7.13422800e-06,3.87402919e-01
7.13432800e-06,3.87386654e-01
7.13442800e-06,3.87372627e-01
7.13452800e-06,3.87356381e-01
7.13462800e-06,3.87342373e-01
7.13472800e-06,3.87326147e-01
7.13482800e-06,3.87312159e-01
7.13492800e-06,3.87295952e-01
7.13502800e-06,3.87281985e-01
7.13512800e-06,3.87265797e-01
7.13522800e-06,3.87251849e-01
7.13532800e-06,3.87235680e-01
7.13542800e-06,3.87221752e-01
7.13552800e-06,3.87205602e-01
7.13562800e-06,3.87191694e-01
7.13572800e-06,3.87175564e-01
7.13582800e-06,3.87161674e-01
7.13592800e-06,3.87145563e-01
7.13602800e-06,3.87131694e-01
7.13612800e-06,3.87115602e-01
7.13622800e-06,3.87101752e-01
7.13632800e-06,3.87085679e-01
7.13642800e-06,3.87071849e-01
7.13652800e-06,3.87055795e-01
7.13662800e-06,3.87041984e-01
7.13672800e-06,3.87025949e-01
7.13682800e-06,3.87012157e-01
7.13692800e-06,3.86996141e-01
7.13702800e-06,3.86982369e-01
7.13712800e-06,3.86966372e-01
7.13722800e-06,3.86952619e-01
7.13732800e-06,3.86936641e-01
7.13742800e-06,3.86922907e-01
7.13752800e-06,3.86906948e-01
7.13762800e-06,3.86893233e-01
7.13772800e-06,3.86877293e-01
7.13782800e-06,3.86863598e-01
7.13792800e-06,3.86847676e-01
7.13802800e-06,3.86834000e-01
7.13812800e-06,3.86818097e-01
7.13822800e-06,3.86804440e-01
7.13832800e-06,3.86788556e-01
7.13842800e-06,3.86774918e-01
7.13852800e-06,3.86759052e-01
7.13862800e-06,3.86745434e-01
7.13872800e-06,3.86729587e-01
7.13882800e-06,3.86715987e-01
7.13892800e-06,3.86700159e-01
7.13902800e-06,3.86686578e-01
7.13912800e-06,3.86670768e-01
7.13922800e-06,3.86657207e-01
7.13932800e-06,3.86641415e-01
7.13942800e-06,3.86627873e-01
7.13952800e-06,3.86612100e-01
7.13962800e-06,3.86598576e-01
7.13972800e-06,3.86582821e-01
7.13982800e-06,3.86569317e-01
7.13992800e-06,3.86553580e-01
7.14002800e-06,3.86540095e-01
7.14012800e-06,3.86524377e-01
7.14022800e-06,3.86510910e-01
7.14032800e-06,3.86495210e-01
7.14042800e-06,3.86481762e-01
7.14052800e-06,3.86466080e-01
7.14062800e-06,3.86452651e-01
7.14072800e-06,3.86436988e-01
7.14082800e-06,3.86423577e-01
7.14092800e-06,3.86407932e-01
7.14102800e-06,3.86394540e-01
7.14112800e-06,3.86378913e-01
7.14122800e-06,3.86365540e-01
7.14132800e-06,3.86349931e-01
7.14142800e-06,3.86336576e-01
7.14152800e-06,3.86320986e-01
7.14162800e-06,3.86307650e-01
7.14172800e-06,3.86292077e-01
7.14182800e-06,3.86278759e-01
7.14192800e-06,3.86263205e-01
7.14202800e-06,3.86249906e-01
7.14212800e-06,3.86234369e-01
7.14222800e-06,3.86221089e-01
7.14232800e-06,3.86205570e-01
7.14242800e-06,3.86192308e-01
7.14252800e-06,3.86176807e-01
7.14262800e-06,3.86163563e-01
7.14272800e-06,3.86148080e-01
7.14282800e-06,3.86134855e-01
7.14292800e-06,3.86119390e-01
7.14302800e-06,3.86106183e-01
7.14312800e-06,3.86090736e-01
7.14322800e-06,3.86077547e-01
7.14332800e-06,3.86062117e-01
7.14342800e-06,3.86048947e-01
7.14352800e-06,3.86033535e-01
7.14362800e-06,3.86020383e-01
7.14372800e-06,3.86004989e-01
7.14382800e-06,3.85991855e-01
7.14392800e-06,3.85976479e-01
7.14402800e-06,3.85963363e-01
7.14412800e-06,3.85948004e-01
7.14422800e-06,3.85934906e-01
7.14432800e-06,3.85919566e-01
7.14442800e-06,3.85906486e-01
7.14452800e-06,3.85891162e-01
7.14462800e-06,3.85878101e-01
7.14472800e-06,3.85862795e-01
7.14482800e-06,3.85849751e-01
7.14492800e-06,3.85834463e-01
7.14502800e-06,3.85821438e-01
7.14512800e-06,3.85806167e-01
7.14522800e-06,3.85793159e-01
7.14532800e-06,3.85777906e-01
7.14542800e-06,3.85764916e-01
7.14552800e-06,3.85749680e-01
7.14562800e-06,3.85736709e-01
7.14572800e-06,3.85721490e-01
7.14582800e-06,3.85708536e-01
7.14592800e-06,3.85693335e-01
7.14602800e-06,3.85680399e-01
7.14612800e-06,3.85665215e-01
7.14622800e-06,3.85652297e-01
7.14632800e-06,3.85637131e-01
7.14642800e-06,3.85624230e-01
7.14652800e-06,3.85609081e-01
7.14662800e-06,3.85596198e-01
7.14672800e-06,3.85581066e-01
7.14682800e-06,3.85568201e-01
7.14692800e-06,3.85553086e-01
7.14702800e-06,3.85540239e-01
7.14712800e-06,3.85525141e-01
7.14722800e-06,3.85512312e-01
7.14732800e-06,3.85497231e-01
7.14742800e-06,3.85484419e-01
7.14752800e-06,3.85469356e-01
7.14762800e-06,3.85456561e-01
7.14772800e-06,3.85441515e-01
7.14782800e-06,3.85428738e-01
7.14792800e-06,3.85413709e-01
7.14802800e-06,3.85400949e-01
7.14812800e-06,3.85385937e-01
7.14822800e-06,3.85373195e-01
7.14832800e-06,3.85358200e-01
7.14842800e-06,3.85345475e-01
7.14852800e-06,3.85330497e-01
7.14862800e-06,3.85317790e-01
7.14872800e-06,3.85302829e-01
7.14882800e-06,3.85290139e-01
7.14892800e-06,3.85275195e-01
7.14902800e-06,3.85262522e-01
7.14912800e-06,3.85247595e-01
7.14922800e-06,3.85234940e-01
7.14932800e-06,3.85220029e-01
7.14942800e-06,3.85207391e-01
7.14952800e-06,3.85192498e-01
7.14962800e-06,3.85179877e-01
7.14972800e-06,3.85165000e-01
7.14982800e-06,3.85152397e-01
7.14992800e-06,3.85137537e-01
7.15002800e-06,3.85124950e-01
7.15012800e-06,3.85110107e-01
7.15022800e-06,3.85097538e-01
7.15032800e-06,3.85082711e-01
7.15042800e-06,3.85070159e-01
7.15052800e-06,3.85055350e-01
7.15062800e-06,3.85042815e-01
7.15072800e-06,3.85028021e-01
7.15082800e-06,3.85015504e-01
7.15092800e-06,3.85000727e-01
7.15102800e-06,3.84988226e-01
7.15112800e-06,3.84973466e-01
7.15122800e-06,3.84960982e-01
7.15132800e-06,3.84946239e-01
7.15142800e-06,3.84933772e-01
7.15152800e-06,3.84919045e-01
7.15162800e-06,3.84906595e-01
7.15172800e-06,3.84891885e-01
7.15182800e-06,3.84879452e-01
7.15192800e-06,3.84864758e-01
7.15202800e-06,3.84852342e-01
7.15212800e-06,3.84837664e-01
7.15222800e-06,3.84825265e-01
7.15232800e-06,3.84810604e-01
7.15242800e-06,3.84798222e-01
7.15252800e-06,3.84783577e-01
7.15262800e-06,3.84771212e-01
7.15272800e-06,3.84756583e-01
7.15282800e-06,3.84744235e-01
7.15292800e-06,3.84729623e-01
7.15302800e-06,3.84717291e-01
7.15312800e-06,3.84702695e-01
7.15322800e-06,3.84690380e-01
7.15332800e-06,3.84675800e-01
7.15342800e-06,3.84663502e-01
7.15352800e-06,3.84648939e-01
7.15362800e-06,3.84636657e-01
7.15372800e-06,3.84622110e-01
7.15382800e-06,3.84609845e-01
7.15392800e-06,3.84595314e-01
7.15402800e-06,3.84583066e-01
7.15412800e-06,3.84568551e-01
7.15422800e-06,3.84556319e-01
7.15432800e-06,3.84541820e-01
7.15442800e-06,3.84529605e-01
7.15452800e-06,3.84515123e-01
7.15462800e-06,3.84502924e-01
7.15472800e-06,3.84488457e-01
7.15482800e-06,3.84476275e-01
7.15492800e-06,3.84461825e-01
7.15502800e-06,3.84449659e-01
7.15512800e-06,3.84435225e-01
7.15522800e-06,3.84423076e-01
7.15532800e-06,3.84408657e-01
7.15542800e-06,3.84396524e-01
7.15552800e-06,3.84382122e-01
7.15562800e-06,3.84370005e-01
7.15572800e-06,3.84355619e-01
7.15582800e-06,3.84343519e-01
7.15592800e-06,3.84329148e-01
7.15602800e-06,3.84317065e-01
7.15612800e-06,3.84302710e-01
7.15622800e-06,3.84290642e-01
7.15632800e-06,3.84276304e-01
7.15642800e-06,3.84264252e-01
7.15652800e-06,3.84249929e-01
7.15662800e-06,3.84237895e-01
7.15672800e-06,3.84223587e-01
7.15682800e-06,3.84211569e-01
7.15692800e-06,3.84197277e-01
7.15702800e-06,3.84185275e-01
7.15712800e-06,3.84170999e-01
7.15722800e-06,3.84159013e-01
7.15732800e-06,3.84144753e-01
7.15742800e-06,3.84132783e-01
7.15752800e-06,3.84118539e-01
7.15762800e-06,3.84106585e-01
7.15772800e-06,3.84092356e-01
7.15782800e-06,3.84080418e-01
7.15792800e-06,3.84066205e-01
7.15802800e-06,3.84054284e-01
7.15812800e-06,3.84040086e-01
7.15822800e-06,3.84028181e-01
7.15832800e-06,3.84013999e-01
7.15842800e-06,3.84002109e-01
7.15852800e-06,3.83987943e-01
7.15862800e-06,3.83976070e-01
7.15872800e-06,3.83961919e-01
7.15882800e-06,3.83950061e-01
7.15892800e-06,3.83935926e-01
7.15902800e-06,3.83924085e-01
7.15912800e-06,3.83909965e-01
7.15922800e-06,3.83898139e-01
7.15932800e-06,3.83884035e-01
7.15942800e-06,3.83872225e-01
7.15952800e-06,3.83858137e-01
7.15962800e-06,3.83846343e-01
7.15972800e-06,3.83832269e-01
7.15982800e-06,3.83820491e-01
7.15992800e-06,3.83806434e-01
7.16002800e-06,3.83794671e-01
7.16012800e-06,3.83780629e-01
7.16022800e-06,3.83768882e-01
7.16032800e-06,3.83754855e-01
7.16042800e-06,3.83743124e-01
7.16052800e-06,3.83729112e-01
7.16062800e-06,3.83717397e-01
7.16072800e-06,3.83703401e-01
7.16082800e-06,3.83691702e-01
7.16092800e-06,3.83677720e-01
7.16102800e-06,3.83666037e-01
7.16112800e-06,3.83652071e-01
7.16122800e-06,3.83640403e-01
7.16132800e-06,3.83626452e-01
7.16142800e-06,3.83614800e-01
7.16152800e-06,3.83600864e-01
7.16162800e-06,3.83589228e-01
7.16172800e-06,3.83575307e-01
7.16182800e-06,3.83563686e-01
7.16192800e-06,3.83549781e-01
7.16202800e-06,3.83538176e-01
7.16212800e-06,3.83524285e-01
7.16222800e-06,3.83512696e-01
7.16232800e-06,3.83498820e-01
7.16242800e-06,3.83487246e-01
7.16252800e-06,3.83473386e-01
7.16262800e-06,3.83461827e-01
7.16272800e-06,3.83447982e-01
7.16282800e-06,3.83436439e-01
7.16292800e-06,3.83422609e-01
7.16302800e-06,3.83411081e-01
7.16312800e-06,3.83397266e-01
7.16322800e-06,3.83385754e-01
7.16332800e-06,3.83371954e-01
7.16342800e-06,3.83360457e-01
7.16352800e-06,3.83346672e-01
7.16362800e-06,3.83335190e-01
7.16372800e-06,3.83321420e-01
7.16382800e-06,3.83309954e-01
7.16392800e-06,3.83296199e-01
7.16402800e-06,3.83284748e-01
7.16412800e-06,3.83271008e-01
7.16422800e-06,3.83259572e-01
7.16432800e-06,3.83245847e-01
7.16442800e-06,3.83234426e-01
7.16452800e-06,3.83220716e-01
7.16462800e-06,3.83209310e-01
7.16472800e-06,3.83195615e-01
7.16482800e-06,3.83184225e-01
7.16492800e-06,3.83170544e-01
7.16502800e-06,3.83159169e-01
7.16512800e-06,3.83145503e-01
7.16522800e-06,3.83134144e-01
7.16532800e-06,3.83120492e-01
7.16542800e-06,3.83109148e-01
7.16552800e-06,3.83095512e-01
7.16562800e-06,3.83084182e-01
7.16572800e-06,3.83070561e-01
7.16582800e-06,3.83059247e-01
7.16592800e-06,3.83045639e-01
7.16602800e-06,3.83034340e-01
7.16612800e-06,3.83020748e-01
7.16622800e-06,3.83009464e-01
7.16632800e-06,3.82995886e-01
7.16642800e-06,3.82984617e-01
7.16652800e-06,3.82971054e-01
7.16662800e-06,3.82959800e-01
7.16672800e-06,3.82946252e-01
7.16682800e-06,3.82935013e-01
7.16692800e-06,3.82921479e-01
7.16702800e-06,3.82910255e-01
7.16712800e-06,3.82896735e-01
7.16722800e-06,3.82885527e-01
7.16732800e-06,3.82872022e-01
7.16742800e-06,3.82860828e-01
7.16752800e-06,3.82847337e-01
7.16762800e-06,3.82836158e-01
7.16772800e-06,3.82822682e-01
7.16782800e-06,3.82811518e-01
7.16792800e-06,3.82798057e-01
7.16802800e-06,3.82786908e-01
7.16812800e-06,3.82773461e-01
7.16822800e-06,3.82762326e-01
7.16832800e-06,3.82748894e-01
7.16842800e-06,3.82737774e-01
7.16852800e-06,3.82724356e-01
7.16862800e-06,3.82713252e-01
7.16872800e-06,3.82699848e-01
7.16882800e-06,3.82688758e-01
7.16892800e-06,3.82675368e-01
7.16902800e-06,3.82664293e-01
7.16912800e-06,3.82650918e-01
7.16922800e-06,3.82639858e-01
7.16932800e-06,3.82626497e-01
7.16942800e-06,3.82615451e-01
7.16952800e-06,3.82602105e-01
7.16962800e-06,3.82591074e-01
7.16972800e-06,3.82577742e-01
7.16982800e-06,3.82566726e-01
7.16992800e-06,3.82553408e-01
7.17002800e-06,3.82542406e-01
7.17012800e-06,3.82529102e-01
7.17022800e-06,3.82518115e-01
7.17032800e-06,3.82504826e-01
7.17042800e-06,3.82493854e-01
7.17052800e-06,3.82480578e-01
7.17062800e-06,3.82469621e-01
7.17072800e-06,3.82456359e-01
7.17082800e-06,3.82445416e-01
7.17092800e-06,3.82432169e-01
7.17102800e-06,3.82421241e-01
7.17112800e-06,3.82408008e-01
7.17122800e-06,3.82397094e-01
7.17132800e-06,3.82383875e-01
7.17142800e-06,3.82372976e-01
7.17152800e-06,3.82359771e-01
7.17162800e-06,3.82348886e-01
7.17172800e-06,3.82335695e-01
7.17182800e-06,3.82324825e-01
7.17192800e-06,3.82311648e-01
7.17202800e-06,3.82300792e-01
7.17212800e-06,3.82287630e-01
7.17222800e-06,3.82276788e-01
7.17232800e-06,3.82263640e-01
7.17242800e-06,3.82252813e-01
7.17252800e-06,3.82239678e-01
7.17262800e-06,3.82228865e-01
7.17272800e-06,3.82215745e-01
7.17282800e-06,3.82204946e-01
7.17292800e-06,3.82191840e-01
7.17302800e-06,3.82181056e-01
7.17312800e-06,3.82167963e-01
7.17322800e-06,3.82157193e-01
7.17332800e-06,3.82144115e-01
7.17342800e-06,3.82133359e-01
7.17352800e-06,3.82120294e-01
7.17362800e-06,3.82109553e-01
7.17372800e-06,3.82096502e-01
7.17382800e-06,3.82085776e-01
7.17392800e-06,3.82072738e-01
7.17402800e-06,3.82062026e-01
7.17412800e-06,3.82049003e-01
7.17422800e-06,3.82038304e-01
7.17432800e-06,3.82025295e-01
7.17442800e-06,3.82014611e-01
7.17452800e-06,3.82001615e-01
7.17462800e-06,3.81990945e-01
7.17472800e-06,3.81977963e-01
7.17482800e-06,3.81967308e-01
7.17492800e-06,3.81954340e-01
7.17502800e-06,3.81943698e-01
7.17512800e-06,3.81930744e-01
7.17522800e-06,3.81920116e-01
7.17532800e-06,3.81907176e-01
7.17542800e-06,3.81896562e-01
7.17552800e-06,3.81883636e-01
7.17562800e-06,3.81873036e-01
7.17572800e-06,3.81860123e-01
7.17582800e-06,3.81849538e-01
7.17592800e-06,3.81836639e-01
7.17602800e-06,3.81826067e-01
7.17612800e-06,3.81813182e-01
7.17622800e-06,3.81802625e-01
7.17632800e-06,3.81789752e-01
7.17642800e-06,3.81779209e-01
7.17652800e-06,3.81766351e-01
7.17662800e-06,3.81755822e-01
7.17672800e-06,3.81742977e-01
7.17682800e-06,3.81732462e-01
7.17692800e-06,3.81719630e-01
7.17702800e-06,3.81709129e-01
7.17712800e-06,3.81696311e-01
7.17722800e-06,3.81685824e-01
7.17732800e-06,3.81673020e-01
7.17742800e-06,3.81662547e-01
7.17752800e-06,3.81649756e-01
7.17762800e-06,3.81639297e-01
7.17772800e-06,3.81626519e-01
7.17782800e-06,3.81616074e-01
7.17792800e-06,3.81603310e-01
7.17802800e-06,3.81592879e-01
7.17812800e-06,3.81580128e-01
7.17822800e-06,3.81569711e-01
7.17832800e-06,3.81556974e-01
7.17842800e-06,3.81546570e-01
7.17852800e-06,3.81533847e-01
7.17862800e-06,3.81523457e-01
7.17872800e-06,3.81510747e-01
7.17882800e-06,3.81500370e-01
7.17892800e-06,3.81487674e-01
7.17902800e-06,3.81477311e-01
7.17912800e-06,3.81464628e-01
7.17922800e-06,3.81454280e-01
7.17932800e-06,3.81441610e-01
7.17942800e-06,3.81431275e-01
7.17952800e-06,3.81418618e-01
7.17962800e-06,3.81408297e-01
7.17972800e-06,3.81395654e-01
7.17982800e-06,3.81385347e-01
7.17992800e-06,3.81372717e-01
7.18002800e-06,3.81362423e-01
7.18012800e-06,3.81349806e-01
7.18022800e-06,3.81339527e-01
7.18032800e-06,3.81326923e-01
7.18042800e-06,3.81316657e-01
7.18052800e-06,3.81304067e-01
7.18062800e-06,3.81293814e-01
7.18072800e-06,3.81281237e-01
7.18082800e-06,3.81270998e-01
7.18092800e-06,3.81258435e-01
7.18102800e-06,3.81248209e-01
7.18112800e-06,3.81235659e-01
7.18122800e-06,3.81225447e-01
7.18132800e-06,3.81212910e-01
7.18142800e-06,3.81202712e-01
7.18152800e-06,3.81190188e-01
7.18162800e-06,3.81180003e-01
7.18172800e-06,3.81167492e-01
7.18182800e-06,3.81157321e-01
7.18192800e-06,3.81144823e-01
7.18202800e-06,3.81134666e-01
7.18212800e-06,3.81122181e-01
7.18222800e-06,3.81112037e-01
7.18232800e-06,3.81099566e-01
7.18242800e-06,3.81089435e-01
7.18252800e-06,3.81076977e-01
7.18262800e-06,3.81066860e-01
7.18272800e-06,3.81054414e-01
7.18282800e-06,3.81044311e-01
7.18292800e-06,3.81031878e-01
7.18302800e-06,3.81021788e-01
7.18312800e-06,3.81009369e-01
7.18322800e-06,3.80999293e-01
7.18332800e-06,3.80986886e-01
7.18342800e-06,3.80976823e-01
7.18352800e-06,3.80964430e-01
7.18362800e-06,3.80954380e-01
7.18372800e-06,3.80942000e-01
7.18382800e-06,3.80931963e-01
7.18392800e-06,3.80919596e-01
7.18402800e-06,3.80909573e-01
7.18412800e-06,3.80897219e-01
7.18422800e-06,3.80887209e-01
7.18432800e-06,3.80874868e-01
7.18442800e-06,3.80864871e-01
7.18452800e-06,3.80852543e-01
7.18462800e-06,3.80842560e-01
7.18472800e-06,3.80830244e-01
7.18482800e-06,3.80820275e-01
7.18492800e-06,3.80807972e-01
7.18502800e-06,3.80798016e-01
7.18512800e-06,3.80785726e-01
7.18522800e-06,3.80775783e-01
7.18532800e-06,3.80763506e-01
7.18542800e-06,3.80753576e-01
7.18552800e-06,3.80741312e-01
7.18562800e-06,3.80731395e-01
7.18572800e-06,3.80719144e-01
7.18582800e-06,3.80709241e-01
7.18592800e-06,3.80697002e-01
7.18602800e-06,3.80687112e-01
7.18612800e-06,3.80674886e-01
7.18622800e-06,3.80665009e-01
7.18632800e-06,3.80652797e-01
7.18642800e-06,3.80642933e-01
7.18652800e-06,3.80630733e-01
7.18662800e-06,3.80620882e-01
7.18672800e-06,3.80608695e-01
7.18682800e-06,3.80598857e-01
7.18692800e-06,3.80586683e-01
7.18702800e-06,3.80576859e-01
7.18712800e-06,3.80564697e-01
7.18722800e-06,3.80554886e-01
7.18732800e-06,3.80542737e-01
7.18742800e-06,3.80532939e-01
7.18752800e-06,3.80520802e-01
7.18762800e-06,3.80511017e-01
7.18772800e-06,3.80498894e-01
7.18782800e-06,3.80489122e-01
7.18792800e-06,3.80477011e-01
7.18802800e-06,3.80467252e-01
7.18812800e-06,3.80455154e-01
7.18822800e-06,3.80445408e-01
7.18832800e-06,3.80433322e-01
7.18842800e-06,3.80423589e-01
7.18852800e-06,3.80411516e-01
7.18862800e-06,3.80401796e-01
7.18872800e-06,3.80389736e-01
7.18882800e-06,3.80380029e-01
7.18892800e-06,3.80367982e-01
7.18902800e-06,3.80358288e-01
7.18912800e-06,3.80346253e-01
7.18922800e-06,3.80336572e-01
7.18932800e-06,3.80324549e-01
7.18942800e-06,3.80314881e-01
7.18952800e-06,3.80302871e-01
7.18962800e-06,3.80293216e-01
7.18972800e-06,3.80281219e-01
7.18982800e-06,3.80271577e-01
7.18992800e-06,3.80259592e-01
7.19002800e-06,3.80249963e-01
7.19012800e-06,3.80237990e-01
7.19022800e-06,3.80228374e-01
7.19032800e-06,3.80216414e-01
7.19042800e-06,3.80206811e-01
7.19052800e-06,3.80194864e-01
7.19062800e-06,3.80185273e-01
7.19072800e-06,3.80173338e-01
7.19082800e-06,3.80163761e-01
7.19092800e-06,3.80151838e-01
7.19102800e-06,3.80142273e-01
7.19112800e-06,3.80130363e-01
7.19122800e-06,3.80120811e-01
7.19132800e-06,3.80108914e-01
7.19142800e-06,3.80099375e-01
7.19152800e-06,3.80087490e-01
7.19162800e-06,3.80077963e-01
7.19172800e-06,3.80066091e-01
7.19182800e-06,3.80056577e-01
7.19192800e-06,3.80044717e-01
7.19202800e-06,3.80035216e-01
7.19212800e-06,3.80023368e-01
7.19222800e-06,3.80013880e-01
7.19232800e-06,3.80002045e-01
7.19242800e-06,3.79992569e-01
7.19252800e-06,3.79980746e-01
7.19262800e-06,3.79971284e-01
7.19272800e-06,3.79959473e-01
7.19282800e-06,3.79950023e-01
7.19292800e-06,3.79938225e-01
7.19302800e-06,3.79928788e-01
7.19312800e-06,3.79917002e-01
7.19322800e-06,3.79907577e-01
7.19332800e-06,3.79895803e-01
7.19342800e-06,3.79886392e-01
7.19352800e-06,3.79874630e-01
7.19362800e-06,3.79865231e-01
7.19372800e-06,3.79853482e-01
7.19382800e-06,3.79844095e-01
7.19392800e-06,3.79832358e-01
7.19402800e-06,3.79822985e-01
7.19412800e-06,3.79811260e-01
7.19422800e-06,3.79801899e-01
7.19432800e-06,3.79790186e-01
7.19442800e-06,3.79780838e-01
7.19452800e-06,3.79769138e-01
7.19462800e-06,3.79759802e-01
7.19472800e-06,3.79748114e-01
7.19482800e-06,3.79738790e-01
7.19492800e-06,3.79727114e-01
7.19502800e-06,3.79717804e-01
7.19512800e-06,3.79706140e-01
7.19522800e-06,3.79696842e-01
7.19532800e-06,3.79685191e-01
7.19542800e-06,3.79675905e-01
7.19552800e-06,3.79664266e-01
7.19562800e-06,3.79654993e-01
7.19572800e-06,3.79643366e-01
7.19582800e-06,3.79634105e-01
7.19592800e-06,3.79622490e-01
7.19602800e-06,3.79613242e-01
7.19612800e-06,3.79601639e-01
7.19622800e-06,3.79592404e-01
7.19632800e-06,3.79580813e-01
7.19642800e-06,3.79571590e-01
7.19652800e-06,3.79560012e-01
7.19662800e-06,3.79550801e-01
7.19672800e-06,3.79539235e-01
7.19682800e-06,3.79530036e-01
7.19692800e-06,3.79518482e-01
7.19702800e-06,3.79509296e-01
7.19712800e-06,3.79497754e-01
7.19722800e-06,3.79488581e-01
7.19732800e-06,3.79477051e-01
7.19742800e-06,3.79467890e-01
7.19752800e-06,3.79456372e-01
7.19762800e-06,3.79447223e-01
7.19772800e-06,3.79435717e-01
7.19782800e-06,3.79426581e-01
7.19792800e-06,3.79415087e-01
7.19802800e-06,3.79405964e-01
7.19812800e-06,3.79394482e-01
7.19822800e-06,3.79385371e-01
7.19832800e-06,3.79373901e-01
7.19842800e-06,3.79364802e-01
7.19852800e-06,3.79353344e-01
7.19862800e-06,3.79344257e-01
7.19872800e-06,3.79332811e-01
7.19882800e-06,3.79323737e-01
7.19892800e-06,3.79312303e-01
7.19902800e-06,3.79303241e-01
7.19912800e-06,3.79291819e-01
7.19922800e-06,3.79282770e-01
7.19932800e-06,3.79271359e-01
7.19942800e-06,3.79262322e-01
7.19952800e-06,3.79250924e-01
7.19962800e-06,3.79241899e-01
7.19972800e-06,3.79230513e-01
7.19982800e-06,3.79221501e-01
7.19992800e-06,3.79210126e-01
7.20002800e-06,3.79201126e-01
7.20012800e-06,3.79189763e-01
7.20022800e-06,3.79180775e-01
7.20032800e-06,3.79169425e-01
7.20042800e-06,3.79160449e-01
7.20052800e-06,3.79149111e-01
7.20062800e-06,3.79140147e-01
7.20072800e-06,3.79128820e-01
7.20082800e-06,3.79119869e-01
7.20092800e-06,3.79108554e-01
7.20102800e-06,3.79099615e-01
7.20112800e-06,3.79088312e-01
7.20122800e-06,3.79079385e-01
7.20132800e-06,3.79068094e-01
7.20142800e-06,3.79059179e-01
7.20152800e-06,3.79047900e-01
7.20162800e-06,3.79038998e-01
7.20172800e-06,3.79027730e-01
7.20182800e-06,3.79018840e-01
7.20192800e-06,3.79007584e-01
7.20202800e-06,3.78998706e-01
7.20212800e-06,3.78987462e-01
7.20222800e-06,3.78978596e-01
7.20232800e-06,3.78967364e-01
7.20242800e-06,3.78958510e-01
7.20252800e-06,3.78947290e-01
7.20262800e-06,3.78938448e-01
7.20272800e-06,3.78927239e-01
7.20282800e-06,3.78918410e-01
7.20292800e-06,3.78907213e-01
7.20302800e-06,3.78898396e-01
7.20312800e-06,3.78887211e-01
7.20322800e-06,3.78878405e-01
7.20332800e-06,3.78867232e-01
7.20342800e-06,3.78858439e-01
7.20352800e-06,3.78847277e-01
7.20362800e-06,3.78838496e-01
7.20372800e-06,3.78827346e-01
7.20382800e-06,3.78818577e-01
7.20392800e-06,3.78807439e-01
7.20402800e-06,3.78798682e-01
7.20412800e-06,3.78787556e-01
7.20422800e-06,3.78778811e-01
7.20432800e-06,3.78767696e-01
7.20442800e-06,3.78758963e-01
7.20452800e-06,3.78747860e-01
7.20462800e-06,3.78739139e-01
7.20472800e-06,3.78728048e-01
7.20482800e-06,3.78719339e-01
7.20492800e-06,3.78708259e-01
7.20502800e-06,3.78699563e-01
7.20512800e-06,3.78688495e-01
7.20522800e-06,3.78679810e-01
7.20532800e-06,3.78668753e-01
7.20542800e-06,3.78660081e-01
7.20552800e-06,3.78649036e-01
7.20562800e-06,3.78640375e-01
7.20572800e-06,3.78629342e-01
7.20582800e-06,3.78620693e-01
7.20592800e-06,3.78609672e-01
7.20602800e-06,3.78601035e-01
7.20612800e-06,3.78590025e-01
7.20622800e-06,3.78581400e-01
7.20632800e-06,3.78570402e-01
7.20642800e-06,3.78561789e-01
7.20652800e-06,3.78550802e-01
7.20662800e-06,3.78542201e-01
7.20672800e-06,3.78531226e-01
7.20682800e-06,3.78522637e-01
7.20692800e-06,3.78511673e-01
7.20702800e-06,3.78503096e-01
7.20712800e-06,3.78492144e-01
7.20722800e-06,3.78483579e-01
7.20732800e-06,3.78472638e-01
7.20742800e-06,3.78464085e-01
7.20752800e-06,3.78453156e-01
7.20762800e-06,3.78444615e-01
7.20772800e-06,3.78433697e-01
7.20782800e-06,3.78425168e-01
7.20792800e-06,3.78414262e-01
7.20802800e-06,3.78405745e-01
7.20812800e-06,3.78394850e-01
7.20822800e-06,3.78386345e-01
7.20832800e-06,3.78375462e-01
7.20842800e-06,3.78366968e-01
7.20852800e-06,3.78356096e-01
7.20862800e-06,3.78347614e-01
7.20872800e-06,3.78336754e-01
7.20882800e-06,3.78328284e-01
7.20892800e-06,3.78317436e-01
7.20902800e-06,3.78308978e-01
7.20912800e-06,3.78298141e-01
7.20922800e-06,3.78289694e-01
7.20932800e-06,3.78278869e-01
7.20942800e-06,3.78270434e-01
7.20952800e-06,3.78259620e-01
7.20962800e-06,3.78251197e-01
7.20972800e-06,3.78240395e-01
7.20982800e-06,3.78231984e-01
7.20992800e-06,3.78221193e-01
7.21002800e-06,3.78212793e-01
7.21012800e-06,3.78202014e-01
7.21022800e-06,3.78193626e-01
7.21032800e-06,3.78182858e-01
7.21042800e-06,3.78174482e-01
7.21052800e-06,3.78163725e-01
7.21062800e-06,3.78155362e-01
7.21072800e-06,3.78144616e-01
7.21082800e-06,3.78136264e-01
7.21092800e-06,3.78125530e-01
7.21102800e-06,3.78117190e-01
7.21112800e-06,3.78106467e-01
7.21122800e-06,3.78098138e-01
7.21132800e-06,3.78087427e-01
7.21142800e-06,3.78079110e-01
7.21152800e-06,3.78068410e-01
7.21162800e-06,3.78060105e-01
7.21172800e-06,3.78049417e-01
7.21182800e-06,3.78041123e-01
7.21192800e-06,3.78030446e-01
7.21202800e-06,3.78022164e-01
7.21212800e-06,3.78011498e-01
7.21222800e-06,3.78003229e-01
7.21232800e-06,3.77992574e-01
7.21242800e-06,3.77984316e-01
7.21252800e-06,3.77973673e-01
7.21262800e-06,3.77965426e-01
7.21272800e-06,3.77954794e-01
7.21282800e-06,3.77946559e-01
7.21292800e-06,3.77935939e-01
7.21302800e-06,3.77927716e-01
7.21312800e-06,3.77917106e-01
7.21322800e-06,3.77908895e-01
7.21332800e-06,3.77898297e-01
7.21342800e-06,3.77890097e-01
7.21352800e-06,3.77879511e-01
7.21362800e-06,3.77871322e-01
7.21372800e-06,3.77860747e-01
7.21382800e-06,3.77852570e-01
7.21392800e-06,3.77842007e-01
7.21402800e-06,3.77833842e-01
7.21412800e-06,3.77823289e-01
7.21422800e-06,3.77815136e-01
7.21432800e-06,3.77804594e-01
7.21442800e-06,3.77796453e-01
7.21452800e-06,3.77785922e-01
7.21462800e-06,3.77777792e-01
7.21472800e-06,3.77767273e-01
7.21482800e-06,3.77759155e-01
7.21492800e-06,3.77748647e-01
7.21502800e-06,3.77740541e-01
7.21512800e-06,3.77730044e-01
7.21522800e-06,3.77721949e-01
7.21532800e-06,3.77711464e-01
7.21542800e-06,3.77703378e-01
7.21552800e-06,3.77692902e-01
7.21562800e-06,3.77684831e-01
7.21572800e-06,3.77674369e-01
7.21582800e-06,3.77666309e-01
7.21592800e-06,3.77655858e-01
7.21602800e-06,3.77647807e-01
7.21612800e-06,3.77637366e-01
7.21622800e-06,3.77629330e-01
7.21632800e-06,3.77618901e-01
7.21642800e-06,3.77610874e-01
7.21652800e-06,3.77600455e-01
7.21662800e-06,3.77592442e-01
7.21672800e-06,3.77582036e-01
7.21682800e-06,3.77574032e-01
7.21692800e-06,3.77563636e-01
7.21702800e-06,3.77555646e-01
7.21712800e-06,3.77545263e-01
7.21722800e-06,3.77537282e-01
7.21732800e-06,3.77526908e-01
7.21742800e-06,3.77518941e-01
7.21752800e-06,3.77508580e-01
7.21762800e-06,3.77500622e-01
7.21772800e-06,3.77490270e-01
7.21782800e-06,3.77482324e-01
7.21792800e-06,3.77471984e-01
7.21802800e-06,3.77464052e-01
7.21812800e-06,3.77453725e-01
7.21822800e-06,3.77445802e-01
7.21832800e-06,3.77435484e-01
7.21842800e-06,3.77427573e-01
7.21852800e-06,3.77417266e-01
7.21862800e-06,3.77409367e-01
7.21872800e-06,3.77399071e-01
7.21882800e-06,3.77391183e-01
7.21892800e-06,3.77380899e-01
7.21902800e-06,3.77373023e-01
7.21912800e-06,3.77362750e-01
7.21922800e-06,3.77354886e-01
7.21932800e-06,3.77344624e-01
7.21942800e-06,3.77336771e-01
7.21952800e-06,3.77326520e-01
7.21962800e-06,3.77318678e-01
7.21972800e-06,3.77308439e-01
7.21982800e-06,3.77300609e-01
7.21992800e-06,3.77290380e-01
7.22002800e-06,3.77282562e-01
7.22012800e-06,3.77272344e-01
7.22022800e-06,3.77264537e-01
7.22032800e-06,3.77254331e-01
7.22042800e-06,3.77246535e-01
7.22052800e-06,3.77236340e-01
7.22062800e-06,3.77228555e-01
7.22072800e-06,3.77218372e-01
7.22082800e-06,3.77210598e-01
7.22092800e-06,3.77200426e-01
7.22102800e-06,3.77192664e-01
7.22112800e-06,3.77182502e-01
7.22122800e-06,3.77174752e-01
7.22132800e-06,3.77164601e-01
7.22142800e-06,3.77156862e-01
7.22152800e-06,3.77146723e-01
7.22162800e-06,3.77138995e-01
7.22172800e-06,3.77128867e-01
7.22182800e-06,3.77121151e-01
7.22192800e-06,3.77111033e-01
7.22202800e-06,3.77103328e-01
7.22212800e-06,3.77093222e-01
7.22222800e-06,3.77085529e-01
7.22232800e-06,3.77075433e-01
7.22242800e-06,3.77067751e-01
7.22252800e-06,3.77057667e-01
7.22262800e-06,3.77049997e-01
7.22272800e-06,3.77039923e-01
7.22282800e-06,3.77032264e-01
7.22292800e-06,3.77022202e-01
7.22302800e-06,3.77014554e-01
7.22312800e-06,3.77004503e-01
7.22322800e-06,3.76996866e-01
7.22332800e-06,3.76986826e-01
7.22342800e-06,3.76979201e-01
7.22352800e-06,3.76969172e-01
7.22362800e-06,3.76961558e-01
7.22372800e-06,3.76951540e-01
7.22382800e-06,3.76943937e-01
7.22392800e-06,3.76933930e-01
7.22402800e-06,3.76926339e-01
7.22412800e-06,3.76916343e-01
7.22422800e-06,3.76908763e-01
7.22432800e-06,3.76898778e-01
7.22442800e-06,3.76891210e-01
7.22452800e-06,3.76881235e-01
7.22462800e-06,3.76873678e-01
7.22472800e-06,3.76863715e-01
7.22482800e-06,3.76856169e-01
7.22492800e-06,3.76846217e-01
7.22502800e-06,3.76838683e-01
7.22512800e-06,3.76828742e-01
7.22522800e-06,3.76821218e-01
7.22532800e-06,3.76811288e-01
7.22542800e-06,3.76803776e-01
7.22552800e-06,3.76793857e-01
7.22562800e-06,3.76786357e-01
7.22572800e-06,3.76776448e-01
7.22582800e-06,3.76768959e-01
7.22592800e-06,3.76759062e-01
7.22602800e-06,3.76751584e-01
7.22612800e-06,3.76741698e-01
7.22622800e-06,3.76734231e-01
7.22632800e-06,3.76724356e-01
7.22642800e-06,3.76716900e-01
7.22652800e-06,3.76707036e-01
7.22662800e-06,3.76699592e-01
7.22672800e-06,3.76689738e-01
7.22682800e-06,3.76682306e-01
7.22692800e-06,3.76672463e-01
7.22702800e-06,3.76665042e-01
7.22712800e-06,3.76655210e-01
7.22722800e-06,3.76647800e-01
7.22732800e-06,3.76637979e-01
7.22742800e-06,3.76630581e-01
7.22752800e-06,3.76620771e-01
7.22762800e-06,3.76613383e-01
7.22772800e-06,3.76603584e-01
7.22782800e-06,3.76596208e-01
7.22792800e-06,3.76586420e-01
7.22802800e-06,3.76579055e-01
7.22812800e-06,3.76569278e-01
7.22822800e-06,3.76561924e-01
7.22832800e-06,3.76552158e-01
7.22842800e-06,3.76544816e-01
7.22852800e-06,3.76535061e-01
7.22862800e-06,3.76527730e-01
7.22872800e-06,3.76517985e-01
7.22882800e-06,3.76510665e-01
7.22892800e-06,3.76500932e-01
7.22902800e-06,3.76493623e-01
7.22912800e-06,3.76483901e-01
7.22922800e-06,3.76476603e-01
7.22932800e-06,3.76466892e-01
7.22942800e-06,3.76459606e-01
7.22952800e-06,3.76449905e-01
7.22962800e-06,3.76442630e-01
7.22972800e-06,3.76432940e-01
7.22982800e-06,3.76425677e-01
7.22992800e-06,3.76415998e-01
7.23002800e-06,3.76408745e-01
7.23012800e-06,3.76399078e-01
7.23022800e-06,3.76391836e-01
7.23032800e-06,3.76382179e-01
7.23042800e-06,3.76374949e-01
7.23052800e-06,3.76365303e-01
7.23062800e-06,3.76358084e-01
7.23072800e-06,3.76348449e-01
7.23082800e-06,3.76341241e-01
7.23092800e-06,3.76331617e-01
7.23102800e-06,3.76324421e-01
7.23112800e-06,3.76314807e-01
7.23122800e-06,3.76307622e-01
7.23132800e-06,3.76298019e-01
7.23142800e-06,3.76290845e-01
7.23152800e-06,3.76281254e-01
7.23162800e-06,3.76274091e-01
7.23172800e-06,3.76264510e-01
7.23182800e-06,3.76257359e-01
7.23192800e-06,3.76247789e-01
7.23202800e-06,3.76240648e-01
7.23212800e-06,3.76231089e-01
7.23222800e-06,3.76223960e-01
7.23232800e-06,3.76214412e-01
7.23242800e-06,3.76207294e-01
7.23252800e-06,3.76197757e-01
7.23262800e-06,3.76190650e-01
7.23272800e-06,3.76181124e-01
7.23282800e-06,3.76174028e-01
7.23292800e-06,3.76164513e-01
7.23302800e-06,3.76157428e-01
7.23312800e-06,3.76147924e-01
7.23322800e-06,3.76140850e-01
7.23332800e-06,3.76131357e-01
7.23342800e-06,3.76124295e-01
7.23352800e-06,3.76114812e-01
7.23362800e-06,3.76107761e-01
7.23372800e-06,3.76098289e-01
7.23382800e-06,3.76091249e-01
7.23392800e-06,3.76081788e-01
7.23402800e-06,3.76074760e-01
7.23412800e-06,3.76065309e-01
7.23422800e-06,3.76058292e-01
7.23432800e-06,3.76048853e-01
7.23442800e-06,3.76041847e-01
7.23452800e-06,3.76032418e-01
7.23462800e-06,3.76025423e-01
7.23472800e-06,3.76016005e-01
7.23482800e-06,3.76009022e-01
7.23492800e-06,3.75999615e-01
7.23502800e-06,3.75992642e-01
7.23512800e-06,3.75983246e-01
7.23522800e-06,3.75976285e-01
7.23532800e-06,3.75966900e-01
7.23542800e-06,3.75959949e-01
7.23552800e-06,3.75950575e-01
7.23562800e-06,3.75943636e-01
7.23572800e-06,3.75934272e-01
7.23582800e-06,3.75927345e-01
7.23592800e-06,3.75917992e-01
7.23602800e-06,3.75911075e-01
7.23612800e-06,3.75901733e-01
7.23622800e-06,3.75894828e-01
7.23632800e-06,3.75885497e-01
7.23642800e-06,3.75878603e-01
7.23652800e-06,3.75869283e-01
7.23662800e-06,3.75862399e-01
7.23672800e-06,3.75853090e-01
7.23682800e-06,3.75846218e-01
7.23692800e-06,3.75836920e-01
7.23702800e-06,3.75830059e-01
7.23712800e-06,3.75820771e-01
7.23722800e-06,3.75813921e-01
7.23732800e-06,3.75804645e-01
7.23742800e-06,3.75797806e-01
7.23752800e-06,3.75788540e-01
7.23762800e-06,3.75781713e-01
7.23772800e-06,3.75772458e-01
7.23782800e-06,3.75765642e-01
7.23792800e-06,3.75756397e-01
7.23802800e-06,3.75749592e-01
7.23812800e-06,3.75740359e-01
7.23822800e-06,3.75733565e-01
7.23832800e-06,3.75724342e-01
7.23842800e-06,3.75717560e-01
7.23852800e-06,3.75708348e-01
7.23862800e-06,3.75701576e-01
7.23872800e-06,3.75692376e-01
7.23882800e-06,3.75685615e-01
7.23892800e-06,3.75676425e-01
7.23902800e-06,3.75669676e-01
7.23912800e-06,3.75660497e-01
7.23922800e-06,3.75653759e-01
7.23932800e-06,3.75644590e-01
7.23942800e-06,3.75637863e-01
7.23952800e-06,3.75628706e-01
7.23962800e-06,3.75621990e-01
7.23972800e-06,3.75612843e-01
7.23982800e-06,3.75606139e-01
7.23992800e-06,3.75597003e-01
7.24002800e-06,3.75590309e-01
7.24012800e-06,3.75581184e-01
7.24022800e-06,3.75574502e-01
7.24032800e-06,3.75565388e-01
7.24042800e-06,3.75558717e-01
7.24052800e-06,3.75549613e-01
7.24062800e-06,3.75542953e-01
7.24072800e-06,3.75533861e-01
7.24082800e-06,3.75527212e-01
7.24092800e-06,3.75518130e-01
7.24102800e-06,3.75511492e-01
7.24112800e-06,3.75502421e-01
7.24122800e-06,3.75495795e-01
7.24132800e-06,3.75486735e-01
7.24142800e-06,3.75480120e-01
7.24152800e-06,3.75471070e-01
7.24162800e-06,3.75464466e-01
7.24172800e-06,3.75455428e-01
7.24182800e-06,3.75448835e-01
7.24192800e-06,3.75439807e-01
7.24202800e-06,3.75433225e-01
7.24212800e-06,3.75424209e-01
7.24222800e-06,3.75417638e-01
7.24232800e-06,3.75408632e-01
7.24242800e-06,3.75402073e-01
7.24252800e-06,3.75393078e-01
7.24262800e-06,3.75386529e-01
7.24272800e-06,3.75377545e-01
7.24282800e-06,3.75371008e-01
7.24292800e-06,3.75362035e-01
7.24302800e-06,3.75355509e-01
7.24312800e-06,3.75346546e-01
7.24322800e-06,3.75340031e-01
7.24332800e-06,3.75331080e-01
7.24342800e-06,3.75324576e-01
7.24352800e-06,3.75315635e-01
7.24362800e-06,3.75309142e-01
7.24372800e-06,3.75300213e-01
7.24382800e-06,3.75293731e-01
7.24392800e-06,3.75284812e-01
7.24402800e-06,3.75278342e-01
7.24412800e-06,3.75269434e-01
7.24422800e-06,3.75262975e-01
7.24432800e-06,3.75254077e-01
7.24442800e-06,3.75247629e-01
7.24452800e-06,3.75238743e-01
7.24462800e-06,3.75232306e-01
7.24472800e-06,3.75223430e-01
7.24482800e-06,3.75217005e-01
7.24492800e-06,3.75208140e-01
7.24502800e-06,3.75201726e-01
7.24512800e-06,3.75192872e-01
7.24522800e-06,3.75186468e-01
7.24532800e-06,3.75177625e-01
7.24542800e-06,3.75171233e-01
7.24552800e-06,3.75162401e-01
7.24562800e-06,3.75156020e-01
7.24572800e-06,3.75147199e-01
7.24582800e-06,3.75140829e-01
7.24592800e-06,3.75132019e-01
7.24602800e-06,3.75125660e-01
7.24612800e-06,3.75116860e-01
7.24622800e-06,3.75110513e-01
7.24632800e-06,3.75101724e-01
7.24642800e-06,3.75095388e-01
7.24652800e-06,3.75086610e-01
7.24662800e-06,3.75080285e-01
7.24672800e-06,3.75071518e-01
7.24682800e-06,3.75065205e-01
7.24692800e-06,3.75056449e-01
7.24702800e-06,3.75050146e-01
7.24712800e-06,3.75041401e-01
7.24722800e-06,3.75035109e-01
7.24732800e-06,3.75026375e-01
7.24742800e-06,3.75020095e-01
7.24752800e-06,3.75011371e-01
7.24762800e-06,3.75005102e-01
7.24772800e-06,3.74996390e-01
7.24782800e-06,3.74990132e-01
7.24792800e-06,3.74981430e-01
7.24802800e-06,3.74975184e-01
7.24812800e-06,3.74966493e-01
7.24822800e-06,3.74960257e-01
7.24832800e-06,3.74951577e-01
7.24842800e-06,3.74945353e-01
7.24852800e-06,3.74936684e-01
7.24862800e-06,3.74930471e-01
7.24872800e-06,3.74921813e-01
7.24882800e-06,3.74915611e-01
7.24892800e-06,3.74906964e-01
7.24902800e-06,3.74900773e-01
7.24912800e-06,3.74892137e-01
7.24922800e-06,3.74885958e-01
7.24932800e-06,3.74877332e-01
7.24942800e-06,3.74871164e-01
7.24952800e-06,3.74862549e-01
7.24962800e-06,3.74856393e-01
7.24972800e-06,3.74847789e-01
7.24982800e-06,3.74841643e-01
7.24992800e-06,3.74833050e-01
7.25002800e-06,3.74826916e-01
7.25012800e-06,3.74818334e-01
7.25022800e-06,3.74812211e-01
7.25032800e-06,3.74803640e-01
7.25042800e-06,3.74797528e-01
7.25052800e-06,3.74788968e-01
7.25062800e-06,3.74782867e-01
7.25072800e-06,3.74774318e-01
7.25082800e-06,3.74768229e-01
7.25092800e-06,3.74759690e-01
7.25102800e-06,3.74753612e-01
7.25112800e-06,3.74745085e-01
7.25122800e-06,3.74739018e-01
7.25132800e-06,3.74730501e-01
7.25142800e-06,3.74724446e-01
7.25152800e-06,3.74715940e-01
7.25162800e-06,3.74709896e-01
7.25172800e-06,3.74701401e-01
7.25182800e-06,3.74695368e-01
7.25192800e-06,3.74686885e-01
7.25202800e-06,3.74680863e-01
7.25212800e-06,3.74672390e-01
7.25222800e-06,3.74666379e-01
7.25232800e-06,3.74657918e-01
7.25242800e-06,3.74651918e-01
7.25252800e-06,3.74643468e-01
7.25262800e-06,3.74637479e-01
7.25272800e-06,3.74629040e-01
7.25282800e-06,3.74623063e-01
7.25292800e-06,3.74614634e-01
7.25302800e-06,3.74608668e-01
7.25312800e-06,3.74600251e-01
7.25322800e-06,3.74594296e-01
7.25332800e-06,3.74585890e-01
7.25342800e-06,3.74579946e-01
7.25352800e-06,3.74571551e-01
7.25362800e-06,3.74565619e-01
7.25372800e-06,3.74557234e-01
7.25382800e-06,3.74551314e-01
7.25392800e-06,3.74542940e-01
7.25402800e-06,3.74537030e-01
7.25412800e-06,3.74528668e-01
7.25422800e-06,3.74522770e-01
7.25432800e-06,3.74514418e-01
7.25442800e-06,3.74508531e-01
7.25452800e-06,3.74500190e-01
7.25462800e-06,3.74494315e-01
7.25472800e-06,3.74485985e-01
7.25482800e-06,3.74480121e-01
7.25492800e-06,3.74471802e-01
7.25502800e-06,3.74465950e-01
7.25512800e-06,3.74457642e-01
7.25522800e-06,3.74451801e-01
7.25532800e-06,3.74443504e-01
7.25542800e-06,3.74437674e-01
7.25552800e-06,3.74429388e-01
7.25562800e-06,3.74423569e-01
7.25572800e-06,3.74415294e-01
7.25582800e-06,3.74409487e-01
7.25592800e-06,3.74401223e-01
7.25602800e-06,3.74395427e-01
7.25612800e-06,3.74387175e-01
7.25622800e-06,3.74381390e-01
7.25632800e-06,3.74373148e-01
7.25642800e-06,3.74367375e-01
7.25652800e-06,3.74359144e-01
7.25662800e-06,3.74353382e-01
7.25672800e-06,3.74345163e-01
7.25682800e-06,3.74339412e-01
7.25692800e-06,3.74331203e-01
7.25702800e-06,3.74325464e-01
7.25712800e-06,3.74317267e-01
7.25722800e-06,3.74311539e-01
7.25732800e-06,3.74303353e-01
7.25742800e-06,3.74297636e-01
7.25752800e-06,3.74289461e-01
7.25762800e-06,3.74283756e-01
7.25772800e-06,3.74275591e-01
7.25782800e-06,3.74269898e-01
7.25792800e-06,3.74261744e-01
7.25802800e-06,3.74256062e-01
7.25812800e-06,3.74247920e-01
7.25822800e-06,3.74242249e-01
7.25832800e-06,3.74234118e-01
7.25842800e-06,3.74228458e-01
7.25852800e-06,3.74220339e-01
7.25862800e-06,3.74214690e-01
7.25872800e-06,3.74206582e-01
7.25882800e-06,3.74200945e-01
7.25892800e-06,3.74192847e-01
7.25902800e-06,3.74187222e-01
7.25912800e-06,3.74179136e-01
7.25922800e-06,3.74173522e-01
7.25932800e-06,3.74165446e-01
7.25942800e-06,3.74159844e-01
7.25952800e-06,3.74151779e-01
7.25962800e-06,3.74146188e-01
7.25972800e-06,3.74138135e-01
7.25982800e-06,3.74132556e-01
7.25992800e-06,3.74124514e-01
7.26002800e-06,3.74118946e-01
7.26012800e-06,3.74110915e-01
7.26022800e-06,3.74105358e-01
7.26032800e-06,3.74097338e-01
7.26042800e-06,3.74091793e-01
7.26052800e-06,3.74083784e-01
7.26062800e-06,3.74078251e-01
7.26072800e-06,3.74070253e-01
7.26082800e-06,3.74064731e-01
7.26092800e-06,3.74056745e-01
7.26102800e-06,3.74051234e-01
7.26112800e-06,3.74043259e-01
7.26122800e-06,3.74037760e-01
7.26132800e-06,3.74029796e-01
7.26142800e-06,3.74024308e-01
7.26152800e-06,3.74016355e-01
7.26162800e-06,3.74010879e-01
7.26172800e-06,3.74002937e-01
7.26182800e-06,3.73997473e-01
7.26192800e-06,3.73989542e-01
7.26202800e-06,3.73984089e-01
7.26212800e-06,3.73976170e-01
7.26222800e-06,3.73970728e-01
7.26232800e-06,3.73962820e-01
7.26242800e-06,3.73957390e-01
7.26252800e-06,3.73949493e-01
7.26262800e-06,3.73944075e-01
7.26272800e-06,3.73936189e-01
7.26282800e-06,3.73930782e-01
7.26292800e-06,3.73922908e-01
7.26302800e-06,3.73917512e-01
7.26312800e-06,3.73909649e-01
7.26322800e-06,3.73904265e-01
7.26332800e-06,3.73896414e-01
7.26342800e-06,3.73891041e-01
7.26352800e-06,3.73883201e-01
7.26362800e-06,3.73877840e-01
7.26372800e-06,3.73870010e-01
7.26382800e-06,3.73864661e-01
7.26392800e-06,3.73856843e-01
7.26402800e-06,3.73851505e-01
7.26412800e-06,3.73843699e-01
7.26422800e-06,3.73838373e-01
7.26432800e-06,3.73830577e-01
7.26442800e-06,3.73825263e-01
7.26452800e-06,3.73817479e-01
7.26462800e-06,3.73812176e-01
7.26472800e-06,3.73804403e-01
7.26482800e-06,3.73799112e-01
7.26492800e-06,3.73791350e-01
7.26502800e-06,3.73786071e-01
7.26512800e-06,3.73778321e-01
7.26522800e-06,3.73773052e-01
7.26532800e-06,3.73765314e-01
7.26542800e-06,3.73760057e-01
7.26552800e-06,3.73752330e-01
7.26562800e-06,3.73747085e-01
7.26572800e-06,3.73739369e-01
7.26582800e-06,3.73734136e-01
7.26592800e-06,3.73726431e-01
7.26602800e-06,3.73721210e-01
7.26612800e-06,3.73713516e-01
7.26622800e-06,3.73708306e-01
7.26632800e-06,3.73700625e-01
7.26642800e-06,3.73695426e-01
7.26652800e-06,3.73687756e-01
7.26662800e-06,3.73682569e-01
7.26672800e-06,3.73674910e-01
7.26682800e-06,3.73669735e-01
7.26692800e-06,3.73662088e-01
7.26702800e-06,3.73656924e-01
7.26712800e-06,3.73649288e-01
7.26722800e-06,3.73644137e-01
7.26732800e-06,3.73636512e-01
7.26742800e-06,3.73631372e-01
7.26752800e-06,3.73623759e-01
7.26762800e-06,3.73618631e-01
7.26772800e-06,3.73611029e-01
7.26782800e-06,3.73605912e-01
7.26792800e-06,3.73598322e-01
7.26802800e-06,3.73593217e-01
7.26812800e-06,3.73585638e-01
7.26822800e-06,3.73580545e-01
7.26832800e-06,3.73572978e-01
7.26842800e-06,3.73567897e-01
7.26852800e-06,3.73560340e-01
7.26862800e-06,3.73555271e-01
7.26872800e-06,3.73547726e-01
7.26882800e-06,3.73542669e-01
7.26892800e-06,3.73535136e-01
7.26902800e-06,3.73530090e-01
7.26912800e-06,3.73522568e-01
7.26922800e-06,3.73517534e-01
7.26932800e-06,3.73510024e-01
7.26942800e-06,3.73505002e-01
7.26952800e-06,3.73497504e-01
7.26962800e-06,3.73492493e-01
7.26972800e-06,3.73485006e-01
7.26982800e-06,3.73480008e-01
7.26992800e-06,3.73472532e-01
7.27002800e-06,3.73467545e-01
7.27012800e-06,3.73460081e-01
7.27022800e-06,3.73455107e-01
7.27032800e-06,3.73447654e-01
7.27042800e-06,3.73442691e-01
7.27052800e-06,3.73435250e-01
7.27062800e-06,3.73430299e-01
7.27072800e-06,3.73422870e-01
7.27082800e-06,3.73417931e-01
7.27092800e-06,3.73410513e-01
7.27102800e-06,3.73405586e-01
7.27112800e-06,3.73398179e-01
7.27122800e-06,3.73393264e-01
7.27132800e-06,3.73385870e-01
7.27142800e-06,3.73380966e-01
7.27152800e-06,3.73373583e-01
7.27162800e-06,3.73368692e-01
7.27172800e-06,3.73361320e-01
7.27182800e-06,3.73356441e-01
7.27192800e-06,3.73349081e-01
7.27202800e-06,3.73344213e-01
7.27212800e-06,3.73336865e-01
7.27222800e-06,3.73332009e-01
7.27232800e-06,3.73324673e-01
7.27242800e-06,3.73319829e-01
7.27252800e-06,3.73312504e-01
7.27262800e-06,3.73307673e-01
7.27272800e-06,3.73300360e-01
7.27282800e-06,3.73295540e-01
7.27292800e-06,3.73288238e-01
7.27302800e-06,3.73283431e-01
7.27312800e-06,3.73276141e-01
7.27322800e-06,3.73271345e-01
7.27332800e-06,3.73264067e-01
7.27342800e-06,3.73259283e-01
7.27352800e-06,3.73252017e-01
7.27362800e-06,3.73247245e-01
7.27372800e-06,3.73239991e-01
7.27382800e-06,3.73235231e-01
7.27392800e-06,3.73227988e-01
7.27402800e-06,3.73223241e-01
7.27412800e-06,3.73216010e-01
7.27422800e-06,3.73211274e-01
7.27432800e-06,3.73204055e-01
7.27442800e-06,3.73199331e-01
7.27452800e-06,3.73192124e-01
7.27462800e-06,3.73187412e-01
7.27472800e-06,3.73180217e-01
7.27482800e-06,3.73175517e-01
7.27492800e-06,3.73168333e-01
7.27502800e-06,3.73163646e-01
7.27512800e-06,3.73156474e-01
7.27522800e-06,3.73151799e-01
7.27532800e-06,3.73144638e-01
7.27542800e-06,3.73139975e-01
7.27552800e-06,3.73132827e-01
7.27562800e-06,3.73128176e-01
7.27572800e-06,3.73121039e-01
7.27582800e-06,3.73116401e-01
7.27592800e-06,3.73109276e-01
7.27602800e-06,3.73104649e-01
7.27612800e-06,3.73097536e-01
7.27622800e-06,3.73092922e-01
7.27632800e-06,3.73085821e-01
7.27642800e-06,3.73081219e-01
7.27652800e-06,3.73074130e-01
7.27662800e-06,3.73069540e-01
7.27672800e-06,3.73062462e-01
7.27682800e-06,3.73057885e-01
7.27692800e-06,3.73050819e-01
7.27702800e-06,3.73046254e-01
7.27712800e-06,3.73039200e-01
7.27722800e-06,3.73034647e-01
7.27732800e-06,3.73027606e-01
7.27742800e-06,3.73023064e-01
7.27752800e-06,3.73016035e-01
7.27762800e-06,3.73011506e-01
7.27772800e-06,3.73004489e-01
7.27782800e-06,3.72999972e-01
7.27792800e-06,3.72992967e-01
7.27802800e-06,3.72988462e-01
7.27812800e-06,3.72981469e-01
7.27822800e-06,3.72976977e-01
7.27832800e-06,3.72969996e-01
7.27842800e-06,3.72965516e-01
7.27852800e-06,3.72958546e-01
7.27862800e-06,3.72954079e-01
7.27872800e-06,3.72947122e-01
7.27882800e-06,3.72942666e-01
7.27892800e-06,3.72935721e-01
7.27902800e-06,3.72931278e-01
7.27912800e-06,3.72924345e-01
7.27922800e-06,3.72919915e-01
7.27932800e-06,3.72912994e-01
7.27942800e-06,3.72908576e-01
7.27952800e-06,3.72901667e-01
7.27962800e-06,3.72897261e-01
7.27972800e-06,3.72890364e-01
7.27982800e-06,3.72885971e-01
7.27992800e-06,3.72879086e-01
7.28002800e-06,3.72874705e-01
7.28012800e-06,3.72867833e-01
7.28022800e-06,3.72863464e-01
7.28032800e-06,3.72856604e-01
7.28042800e-06,3.72852248e-01
7.28052800e-06,3.72845399e-01
7.28062800e-06,3.72841056e-01
7.28072800e-06,3.72834220e-01
7.28082800e-06,3.72829889e-01
7.28092800e-06,3.72823065e-01
7.28102800e-06,3.72818746e-01
7.28112800e-06,3.72811934e-01
7.28122800e-06,3.72807628e-01
7.28132800e-06,3.72800829e-01
7.28142800e-06,3.72796535e-01
7.28152800e-06,3.72789748e-01
7.28162800e-06,3.72785467e-01
7.28172800e-06,3.72778692e-01
7.28182800e-06,3.72774423e-01
7.28192800e-06,3.72767660e-01
7.28202800e-06,3.72763404e-01
7.28212800e-06,3.72756654e-01
7.28222800e-06,3.72752410e-01
7.28232800e-06,3.72745672e-01
7.28242800e-06,3.72741441e-01
7.28252800e-06,3.72734715e-01
7.28262800e-06,3.72730497e-01
7.28272800e-06,3.72723784e-01
7.28282800e-06,3.72719578e-01
7.28292800e-06,3.72712877e-01
7.28302800e-06,3.72708684e-01
7.28312800e-06,3.72701995e-01
7.28322800e-06,3.72697814e-01
7.28332800e-06,3.72691138e-01
7.28342800e-06,3.72686970e-01
7.28352800e-06,3.72680306e-01
7.28362800e-06,3.72676151e-01
7.28372800e-06,3.72669499e-01
7.28382800e-06,3.72665357e-01
7.28392800e-06,3.72658718e-01
7.28402800e-06,3.72654588e-01
7.28412800e-06,3.72647961e-01
7.28422800e-06,3.72643844e-01
7.28432800e-06,3.72637230e-01
7.28442800e-06,3.72633125e-01
7.28452800e-06,3.72626523e-01
7.28462800e-06,3.72622432e-01
7.28472800e-06,3.72615842e-01
7.28482800e-06,3.72611764e-01
7.28492800e-06,3.72605187e-01
7.28502800e-06,3.72601121e-01
7.28512800e-06,3.72594556e-01
7.28522800e-06,3.72590503e-01
7.28532800e-06,3.72583951e-01
7.28542800e-06,3.72579911e-01
7.28552800e-06,3.72573371e-01
7.28562800e-06,3.72569344e-01
7.28572800e-06,3.72562817e-01
7.28582800e-06,3.72558802e-01
7.28592800e-06,3.72552288e-01
7.28602800e-06,3.72548286e-01
7.28612800e-06,3.72541784e-01
7.28622800e-06,3.72537795e-01
7.28632800e-06,3.72531306e-01
7.28642800e-06,3.72527330e-01
7.28652800e-06,3.72520854e-01
7.28662800e-06,3.72516891e-01
7.28672800e-06,3.72510427e-01
7.28682800e-06,3.72506477e-01
7.28692800e-06,3.72500025e-01
7.28702800e-06,3.72496088e-01
7.28712800e-06,3.72489649e-01
7.28722800e-06,3.72485725e-01
7.28732800e-06,3.72479299e-01
7.28742800e-06,3.72475388e-01
7.28752800e-06,3.72468975e-01
7.28762800e-06,3.72465076e-01
7.28772800e-06,3.72458676e-01
7.28782800e-06,3.72454791e-01
7.28792800e-06,3.72448403e-01
7.28802800e-06,3.72444531e-01
7.28812800e-06,3.72438156e-01
7.28822800e-06,3.72434297e-01
7.28832800e-06,3.72427934e-01
7.28842800e-06,3.72424088e-01
7.28852800e-06,3.72417739e-01
7.28862800e-06,3.72413906e-01
7.28872800e-06,3.72407569e-01
7.28882800e-06,3.72403749e-01
7.28892800e-06,3.72397425e-01
7.28902800e-06,3.72393618e-01
7.28912800e-06,3.72387307e-01
7.28922800e-06,3.72383514e-01
7.28932800e-06,3.72377216e-01
7.28942800e-06,3.72373435e-01
7.28952800e-06,3.72367150e-01
7.28962800e-06,3.72363382e-01
7.28972800e-06,3.72357110e-01
7.28982800e-06,3.72353356e-01
7.28992800e-06,3.72347096e-01
7.29002800e-06,3.72343355e-01
7.29012800e-06,3.72337109e-01
7.29022800e-06,3.72333381e-01
7.29032800e-06,3.72327148e-01
7.29042800e-06,3.72323433e-01
7.29052800e-06,3.72317212e-01
7.29062800e-06,3.72313511e-01
7.29072800e-06,3.72307304e-01
7.29082800e-06,3.72303616e-01
7.29092800e-06,3.72297421e-01
7.29102800e-06,3.72293746e-01
7.29112800e-06,3.72287565e-01
7.29122800e-06,3.72283903e-01
7.29132800e-06,3.72277735e-01
7.29142800e-06,3.72274087e-01
7.29152800e-06,3.72267931e-01
7.29162800e-06,3.72264296e-01
7.29172800e-06,3.72258154e-01
7.29182800e-06,3.72254533e-01
7.29192800e-06,3.72248403e-01
7.29202800e-06,3.72244795e-01
7.29212800e-06,3.72238679e-01
7.29222800e-06,3.72235085e-01
7.29232800e-06,3.72228982e-01
7.29242800e-06,3.72225401e-01
7.29252800e-06,3.72219311e-01
7.29262800e-06,3.72215743e-01
7.29272800e-06,3.72209666e-01
7.29282800e-06,3.72206112e-01
7.29292800e-06,3.72200049e-01
7.29302800e-06,3.72196508e-01
7.29312800e-06,3.72190458e-01
7.29322800e-06,3.72186931e-01
7.29332800e-06,3.72180894e-01
7.29342800e-06,3.72177380e-01
7.29352800e-06,3.72171356e-01
7.29362800e-06,3.72167856e-01
7.29372800e-06,3.72161846e-01
7.29382800e-06,3.72158359e-01
7.29392800e-06,3.72152362e-01
7.29402800e-06,3.72148889e-01
7.29412800e-06,3.72142905e-01
7.29422800e-06,3.72139445e-01
7.29432800e-06,3.72133475e-01
7.29442800e-06,3.72130029e-01
7.29452800e-06,3.72124072e-01
7.29462800e-06,3.72120640e-01
7.29472800e-06,3.72114696e-01
7.29482800e-06,3.72111278e-01
7.29492800e-06,3.72105347e-01
7.29502800e-06,3.72101943e-01
7.29512800e-06,3.72096026e-01
7.29522800e-06,3.72092635e-01
7.29532800e-06,3.72086731e-01
7.29542800e-06,3.72083354e-01
7.29552800e-06,3.72077464e-01
7.29562800e-06,3.72074100e-01
7.29572800e-06,3.72068224e-01
7.29582800e-06,3.72064874e-01
7.29592800e-06,3.72059011e-01
7.29602800e-06,3.72055675e-01
7.29612800e-06,3.72049825e-01
7.29622800e-06,3.72046503e-01
7.29632800e-06,3.72040667e-01
7.29642800e-06,3.72037359e-01
7.29652800e-06,3.72031536e-01
7.29662800e-06,3.72028242e-01
7.29672800e-06,3.72022433e-01
7.29682800e-06,3.72019152e-01
7.29692800e-06,3.72013357e-01
7.29702800e-06,3.72010090e-01
7.29712800e-06,3.72004309e-01
7.29722800e-06,3.72001056e-01
7.29732800e-06,3.71995288e-01
7.29742800e-06,3.71992049e-01
7.29752800e-06,3.71986295e-01
7.29762800e-06,3.71983070e-01
7.29772800e-06,3.71977330e-01
7.29782800e-06,3.71974119e-01
7.29792800e-06,3.71968392e-01
7.29802800e-06,3.71965195e-01
7.29812800e-06,3.71959482e-01
7.29822800e-06,3.71956299e-01
7.29832800e-06,3.71950600e-01
7.29842800e-06,3.71947431e-01
7.29852800e-06,3.71941746e-01
7.29862800e-06,3.71938591e-01
7.29872800e-06,3.71932919e-01
7.29882800e-06,3.71929779e-01
7.29892800e-06,3.71924121e-01
7.29902800e-06,3.71920994e-01
7.29912800e-06,3.71915350e-01
7.29922800e-06,3.71912238e-01
7.29932800e-06,3.71906608e-01
7.29942800e-06,3.71903510e-01
7.29952800e-06,3.71897894e-01
7.29962800e-06,3.71894809e-01
7.29972800e-06,3.71889207e-01
7.29982800e-06,3.71886137e-01
7.29992800e-06,3.71880549e-01
7.30002800e-06,3.71877494e-01
7.30012800e-06,3.71871919e-01
7.30022800e-06,3.71868878e-01
7.30032800e-06,3.71863318e-01
7.30042800e-06,3.71860291e-01
7.30052800e-06,3.71854744e-01
7.30062800e-06,3.71851732e-01
7.30072800e-06,3.71846199e-01
7.30082800e-06,3.71843201e-01
7.30092800e-06,3.71837683e-01
7.30102800e-06,3.71834699e-01
7.30112800e-06,3.71829195e-01
7.30122800e-06,3.71826225e-01
7.30132800e-06,3.71820735e-01
7.30142800e-06,3.71817780e-01
7.30152800e-06,3.71812304e-01
7.30162800e-06,3.71809363e-01
7.30172800e-06,3.71803902e-01
7.30182800e-06,3.71800975e-01
7.30192800e-06,3.71795528e-01
7.30202800e-06,3.71792616e-01
7.30212800e-06,3.71787183e-01
7.30222800e-06,3.71784286e-01
7.30232800e-06,3.71778867e-01
7.30242800e-06,3.71775984e-01
7.30252800e-06,3.71770579e-01
7.30262800e-06,3.71767711e-01
7.30272800e-06,3.71762320e-01
7.30282800e-06,3.71759467e-01
7.30292800e-06,3.71754091e-01
7.30302800e-06,3.71751251e-01
7.30312800e-06,3.71745890e-01
7.30322800e-06,3.71743065e-01
7.30332800e-06,3.71737718e-01
7.30342800e-06,3.71734908e-01
7.30352800e-06,3.71729575e-01
7.30362800e-06,3.71726780e-01
7.30372800e-06,3.71721461e-01
7.30382800e-06,3.71718681e-01
7.30392800e-06,3.71713377e-01
7.30402800e-06,3.71710611e-01
7.30412800e-06,3.71705321e-01
7.30422800e-06,3.71702570e-01
7.30432800e-06,3.71697295e-01
7.30442800e-06,3.71694559e-01
7.30452800e-06,3.71689298e-01
7.30462800e-06,3.71686577e-01
7.30472800e-06,3.71681331e-01
7.30482800e-06,3.71678624e-01
7.30492800e-06,3.71673393e-01
7.30502800e-06,3.71670701e-01
7.30512800e-06,3.71665484e-01
7.30522800e-06,3.71662807e-01
7.30532800e-06,3.71657605e-01
7.30542800e-06,3.71654943e-01
7.30552800e-06,3.71649755e-01
7.30562800e-06,3.71647108e-01
7.30572800e-06,3.71641936e-01
7.30582800e-06,3.71639304e-01
7.30592800e-06,3.71634145e-01
7.30602800e-06,3.71631528e-01
7.30612800e-06,3.71626385e-01
7.30622800e-06,3.71623783e-01
7.30632800e-06,3.71618654e-01
7.30642800e-06,3.71616067e-01
7.30652800e-06,3.71610953e-01
7.30662800e-06,3.71608381e-01
7.30672800e-06,3.71603282e-01
7.30682800e-06,3.71600726e-01
7.30692800e-06,3.71595641e-01
7.30702800e-06,3.71593100e-01
7.30712800e-06,3.71588030e-01
7.30722800e-06,3.71585504e-01
7.30732800e-06,3.71580449e-01
7.30742800e-06,3.71577938e-01
7.30752800e-06,3.71572898e-01
7.30762800e-06,3.71570402e-01
7.30772800e-06,3.71565378e-01
7.30782800e-06,3.71562897e-01
7.30792800e-06,3.71557887e-01
7.30802800e-06,3.71555422e-01
7.30812800e-06,3.71550427e-01
7.30822800e-06,3.71547977e-01
7.30832800e-06,3.71542997e-01
7.30842800e-06,3.71540562e-01
7.30852800e-06,3.71535598e-01
7.30862800e-06,3.71533178e-01
7.30872800e-06,3.71528229e-01
7.30882800e-06,3.71525824e-01
7.30892800e-06,3.71520890e-01
7.30902800e-06,3.71518501e-01
7.30912800e-06,3.71513582e-01
7.30922800e-06,3.71511209e-01
7.30932800e-06,3.71506305e-01
7.30942800e-06,3.71503947e-01
7.30952800e-06,3.71499058e-01
7.30962800e-06,3.71496715e-01
7.30972800e-06,3.71491842e-01
7.30982800e-06,3.71489515e-01
7.30992800e-06,3.71484657e-01
7.31002800e-06,3.71482346e-01
7.31012800e-06,3.71477503e-01
7.31022800e-06,3.71475207e-01
7.31032800e-06,3.71470379e-01
7.31042800e-06,3.71468099e-01
7.31052800e-06,3.71463287e-01
7.31062800e-06,3.71461022e-01
7.31072800e-06,3.71456226e-01
7.31082800e-06,3.71453977e-01
7.31092800e-06,3.71449195e-01
7.31102800e-06,3.71446962e-01
7.31112800e-06,3.71442196e-01
7.31122800e-06,3.71439979e-01
7.31132800e-06,3.71435228e-01
7.31142800e-06,3.71433027e-01
7.31152800e-06,3.71428292e-01
7.31162800e-06,3.71426106e-01
7.31172800e-06,3.71421387e-01
7.31182800e-06,3.71419217e-01
7.31192800e-06,3.71414513e-01
7.31202800e-06,3.71412358e-01
7.31212800e-06,3.71407670e-01
7.31222800e-06,3.71405532e-01
7.31232800e-06,3.71400860e-01
7.31242800e-06,3.71398737e-01
7.31252800e-06,3.71394080e-01
7.31262800e-06,3.71391974e-01
7.31272800e-06,3.71387333e-01
7.31282800e-06,3.71385242e-01
7.31292800e-06,3.71380617e-01
7.31302800e-06,3.71378542e-01
7.31312800e-06,3.71373933e-01
7.31322800e-06,3.71371874e-01
7.31332800e-06,3.71367280e-01
7.31342800e-06,3.71365238e-01
7.31352800e-06,3.71360660e-01
7.31362800e-06,3.71358634e-01
7.31372800e-06,3.71354071e-01
7.31382800e-06,3.71352061e-01
7.31392800e-06,3.71347515e-01
7.31402800e-06,3.71345521e-01
7.31412800e-06,3.71340991e-01
7.31422800e-06,3.71339013e-01
7.31432800e-06,3.71334498e-01
7.31442800e-06,3.71332537e-01
7.31452800e-06,3.71328039e-01
7.31462800e-06,3.71326093e-01
7.31472800e-06,3.71321611e-01
7.31482800e-06,3.71319682e-01
7.31492800e-06,3.71315216e-01
7.31502800e-06,3.71313303e-01
7.31512800e-06,3.71308853e-01
7.31522800e-06,3.71306956e-01
7.31532800e-06,3.71302522e-01
7.31542800e-06,3.71300642e-01
7.31552800e-06,3.71296224e-01
7.31562800e-06,3.71294361e-01
7.31572800e-06,3.71289959e-01
7.31582800e-06,3.71288112e-01
7.31592800e-06,3.71283727e-01
7.31602800e-06,3.71281896e-01
7.31612800e-06,3.71277527e-01
7.31622800e-06,3.71275713e-01
7.31632800e-06,3.71271360e-01
7.31642800e-06,3.71269563e-01
7.31652800e-06,3.71265226e-01
7.31662800e-06,3.71263445e-01
7.31672800e-06,3.71259125e-01
7.31682800e-06,3.71257361e-01
7.31692800e-06,3.71253057e-01
7.31702800e-06,3.71251309e-01
7.31712800e-06,3.71247022e-01
7.31722800e-06,3.71245291e-01
7.31732800e-06,3.71241020e-01
7.31742800e-06,3.71239306e-01
7.31752800e-06,3.71235051e-01
7.31762800e-06,3.71233354e-01
7.31772800e-06,3.71229116e-01
7.31782800e-06,3.71227435e-01
7.31792800e-06,3.71223214e-01
7.31802800e-06,3.71221550e-01
7.31812800e-06,3.71217346e-01
7.31822800e-06,3.71215699e-01
7.31832800e-06,3.71211511e-01
7.31842800e-06,3.71209881e-01
7.31852800e-06,3.71205709e-01
7.31862800e-06,3.71204096e-01
7.31872800e-06,3.71199941e-01
7.31882800e-06,3.71198345e-01
7.31892800e-06,3.71194207e-01
7.31902800e-06,3.71192628e-01
7.31912800e-06,3.71188507e-01
7.31922800e-06,3.71186945e-01
7.31932800e-06,3.71182841e-01
7.31942800e-06,3.71181296e-01
7.31952800e-06,3.71177208e-01
7.31962800e-06,3.71175681e-01
7.31972800e-06,3.71171610e-01
7.31982800e-06,3.71170101e-01
7.31992800e-06,3.71166048e-01
7.32002800e-06,3.71164555e-01
7.32012800e-06,3.71160517e-01
7.32022800e-06,3.71159042e-01
7.32032800e-06,3.71155023e-01
7.32042800e-06,3.71153564e-01
7.32052800e-06,3.71149560e-01
7.32062800e-06,3.71148120e-01
7.32072800e-06,3.71144135e-01
7.32082800e-06,3.71142710e-01
7.32092800e-06,3.71138740e-01
7.32102800e-06,3.71137335e-01
7.32112800e-06,3.71133384e-01
7.32122800e-06,3.71131995e-01
7.32132800e-06,3.71128061e-01
7.32142800e-06,3.71126690e-01
7.32152800e-06,3.71122773e-01
7.32162800e-06,3.71121419e-01
7.32172800e-06,3.71117519e-01
7.32182800e-06,3.71116183e-01
7.32192800e-06,3.71112300e-01
7.32202800e-06,3.71110981e-01
7.32212800e-06,3.71107116e-01
7.32222800e-06,3.71105814e-01
7.32232800e-06,3.71101966e-01
7.32242800e-06,3.71100682e-01
7.32252800e-06,3.71096852e-01
7.32262800e-06,3.71095586e-01
7.32272800e-06,3.71091772e-01
7.32282800e-06,3.71090524e-01
7.32292800e-06,3.71086728e-01
7.32302800e-06,3.71085497e-01
7.32312800e-06,3.71081719e-01
7.32322800e-06,3.71080506e-01
7.32332800e-06,3.71076746e-01
7.32342800e-06,3.71075551e-01
7.32352800e-06,3.71071808e-01
7.32362800e-06,3.71070631e-01
7.32372800e-06,3.71066905e-01
7.32382800e-06,3.71065746e-01
7.32392800e-06,3.71062038e-01
7.32402800e-06,3.71060897e-01
7.32412800e-06,3.71057207e-01
7.32422800e-06,3.71056084e-01
7.32432800e-06,3.71052412e-01
7.32442800e-06,3.71051306e-01
7.32452800e-06,3.71047652e-01
7.32462800e-06,3.71046565e-01
7.32472800e-06,3.71042928e-01
7.32482800e-06,3.71041859e-01
7.32492800e-06,3.71038240e-01
7.32502800e-06,3.71037189e-01
7.32512800e-06,3.71033589e-01
7.32522800e-06,3.71032556e-01
7.32532800e-06,3.71028973e-01
7.32542800e-06,3.71027959e-01
7.32552800e-06,3.71024394e-01
7.32562800e-06,3.71023398e-01
7.32572800e-06,3.71019851e-01
7.32582800e-06,3.71018873e-01
7.32592800e-06,3.71015345e-01
7.32602800e-06,3.71014385e-01
7.32612800e-06,3.71010874e-01
7.32622800e-06,3.71009933e-01
7.32632800e-06,3.71006441e-01
7.32642800e-06,3.71005518e-01
7.32652800e-06,3.71002044e-01
7.32662800e-06,3.71001140e-01
7.32672800e-06,3.70997684e-01
7.32682800e-06,3.70996798e-01
7.32692800e-06,3.70993361e-01
7.32702800e-06,3.70992494e-01
7.32712800e-06,3.70989075e-01
7.32722800e-06,3.70988226e-01
7.32732800e-06,3.70984825e-01
7.32742800e-06,3.70983995e-01
7.32752800e-06,3.70980613e-01
7.32762800e-06,3.70979802e-01
7.32772800e-06,3.70976438e-01
7.32782800e-06,3.70975646e-01
7.32792800e-06,3.70972300e-01
7.32802800e-06,3.70971527e-01
7.32812800e-06,3.70968200e-01
7.32822800e-06,3.70967445e-01
7.32832800e-06,3.70964137e-01
7.32842800e-06,3.70963401e-01
7.32852800e-06,3.70960111e-01
7.32862800e-06,3.70959394e-01
7.32872800e-06,3.70956123e-01
7.32882800e-06,3.70955425e-01
7.32892800e-06,3.70952173e-01
7.32902800e-06,3.70951494e-01
7.32912800e-06,3.70948260e-01
7.32922800e-06,3.70947600e-01
7.32932800e-06,3.70944386e-01
7.32942800e-06,3.70943745e-01
7.32952800e-06,3.70940549e-01
7.32962800e-06,3.70939927e-01
7.32972800e-06,3.70936750e-01
7.32982800e-06,3.70936147e-01
7.32992800e-06,3.70932990e-01
7.33002800e-06,3.70932406e-01
7.33012800e-06,3.70929267e-01
7.33022800e-06,3.70928703e-01
7.33032800e-06,3.70925583e-01
7.33042800e-06,3.70925038e-01
7.33052800e-06,3.70921937e-01
7.33062800e-06,3.70921412e-01
7.33072800e-06,3.70918330e-01
7.33082800e-06,3.70917824e-01
7.33092800e-06,3.70914762e-01
7.33102800e-06,3.70914275e-01
7.33112800e-06,3.70911232e-01
7.33122800e-06,3.70910765e-01
7.33132800e-06,3.70907741e-01
7.33142800e-06,3.70907293e-01
7.33152800e-06,3.70904288e-01
7.33162800e-06,3.70903860e-01
7.33172800e-06,3.70900875e-01
7.33182800e-06,3.70900466e-01
7.33192800e-06,3.70897500e-01
7.33202800e-06,3.70897112e-01
7.33212800e-06,3.70894165e-01
7.33222800e-06,3.70893796e-01
7.33232800e-06,3.70890869e-01
7.33242800e-06,3.70890520e-01
7.33252800e-06,3.70887612e-01
7.33262800e-06,3.70887283e-01
7.33272800e-06,3.70884395e-01
7.33282800e-06,3.70884086e-01
7.33292800e-06,3.70881217e-01
7.33302800e-06,3.70880928e-01
7.33312800e-06,3.70878079e-01
7.33322800e-06,3.70877809e-01
7.33332800e-06,3.70874981e-01
7.33342800e-06,3.70874731e-01
7.33352800e-06,3.70871922e-01
7.33362800e-06,3.70871692e-01
7.33372800e-06,3.70868903e-01
7.33382800e-06,3.70868693e-01
7.33392800e-06,3.70865924e-01
7.33402800e-06,3.70865735e-01
7.33412800e-06,3.70862985e-01
7.33422800e-06,3.70862816e-01
7.33432800e-06,3.70860086e-01
7.33442800e-06,3.70859938e-01
7.33452800e-06,3.70857228e-01
7.33462800e-06,3.70857099e-01
7.33472800e-06,3.70854410e-01
7.33482800e-06,3.70854302e-01
7.33492800e-06,3.70851632e-01
7.33502800e-06,3.70851545e-01
7.33512800e-06,3.70848895e-01
7.33522800e-06,3.70848828e-01
7.33532800e-06,3.70846199e-01
7.33542800e-06,3.70846152e-01
7.33552800e-06,3.70843544e-01
7.33562800e-06,3.70843517e-01
7.33572800e-06,3.70840929e-01
7.33582800e-06,3.70840923e-01
7.33592800e-06,3.70838355e-01
7.33602800e-06,3.70838370e-01
7.33612800e-06,3.70835822e-01
7.33622800e-06,3.70835858e-01
7.33632800e-06,3.70833331e-01
7.33642800e-06,3.70833387e-01
7.33652800e-06,3.70830880e-01
7.33662800e-06,3.70830958e-01
7.33672800e-06,3.70828472e-01
7.33682800e-06,3.70828569e-01
7.33692800e-06,3.70826104e-01
7.33702800e-06,3.70826223e-01
7.33712800e-06,3.70823778e-01
7.33722800e-06,3.70823918e-01
7.33732800e-06,3.70821494e-01
7.33742800e-06,3.70821655e-01
7.33752800e-06,3.70819251e-01
7.33762800e-06,3.70819433e-01
7.33772800e-06,3.70817051e-01
7.33782800e-06,3.70817254e-01
7.33792800e-06,3.70814892e-01
7.33802800e-06,3.70815116e-01
7.33812800e-06,3.70812776e-01
7.33822800e-06,3.70813021e-01
7.33832800e-06,3.70810701e-01
7.33842800e-06,3.70810968e-01
7.33852800e-06,3.70808669e-01
7.33862800e-06,3.70808957e-01
7.33872800e-06,3.70806680e-01
7.33882800e-06,3.70806989e-01
7.33892800e-06,3.70804732e-01
7.33902800e-06,3.70805063e-01
7.33912800e-06,3.70802828e-01
7.33922800e-06,3.70803180e-01
7.33932800e-06,3.70800966e-01
7.33942800e-06,3.70801339e-01
7.33952800e-06,3.70799147e-01
7.33962800e-06,3.70799542e-01
7.33972800e-06,3.70797371e-01
7.33982800e-06,3.70797787e-01
7.33992800e-06,3.70795638e-01
7.34002800e-06,3.70796076e-01
7.34012800e-06,3.70793948e-01
7.34022800e-06,3.70794408e-01
7.34032800e-06,3.70792301e-01
7.34042800e-06,3.70792783e-01
7.34052800e-06,3.70790698e-01
7.34062800e-06,3.70791201e-01
7.34072800e-06,3.70789138e-01
7.34082800e-06,3.70789664e-01
7.34092800e-06,3.70787622e-01
7.34102800e-06,3.70788169e-01
7.34112800e-06,3.70786149e-01
7.34122800e-06,3.70786719e-01
7.34132800e-06,3.70784720e-01
7.34142800e-06,3.70785312e-01
7.34152800e-06,3.70783335e-01
7.34162800e-06,3.70783949e-01
7.34172800e-06,3.70781994e-01
7.34182800e-06,3.70782630e-01
7.34192800e-06,3.70780698e-01
7.34202800e-06,3.70781356e-01
7.34212800e-06,3.70779445e-01
7.34222800e-06,3.70780126e-01
7.34232800e-06,3.70778237e-01
7.34242800e-06,3.70778940e-01
7.34252800e-06,3.70777073e-01
7.34262800e-06,3.70777799e-01
7.34272800e-06,3.70775954e-01
7.34282800e-06,3.70776702e-01
7.34292800e-06,3.70774880e-01
7.34302800e-06,3.70775650e-01
7.34312800e-06,3.70773850e-01
7.34322800e-06,3.70774643e-01
7.34332800e-06,3.70772866e-01
7.34342800e-06,3.70773681e-01
7.34352800e-06,3.70771926e-01
7.34362800e-06,3.70772764e-01
7.34372800e-06,3.70771032e-01
7.34382800e-06,3.70771893e-01
7.34392800e-06,3.70770182e-01
7.34402800e-06,3.70771066e-01
7.34412800e-06,3.70769379e-01
7.34422800e-06,3.70770285e-01
7.34432800e-06,3.70768620e-01
7.34442800e-06,3.70769550e-01
7.34452800e-06,3.70767908e-01
7.34462800e-06,3.70768860e-01
7.34472800e-06,3.70767241e-01
7.34482800e-06,3.70768216e-01
7.34492800e-06,3.70766620e-01
7.34502800e-06,3.70767618e-01
7.34512800e-06,3.70766044e-01
7.34522800e-06,3.70767066e-01
7.34532800e-06,3.70765515e-01
7.34542800e-06,3.70766560e-01
7.34552800e-06,3.70765033e-01
7.34562800e-06,3.70766101e-01
7.34572800e-06,3.70764596e-01
7.34582800e-06,3.70765688e-01
7.34592800e-06,3.70764206e-01
7.34602800e-06,3.70765321e-01
7.34612800e-06,3.70763863e-01
7.34622800e-06,3.70765001e-01
7.34632800e-06,3.70763566e-01
7.34642800e-06,3.70764728e-01
7.34652800e-06,3.70763316e-01
7.34662800e-06,3.70764501e-01
7.34672800e-06,3.70763113e-01
7.34682800e-06,3.70764322e-01
7.34692800e-06,3.70762957e-01
7.34702800e-06,3.70764190e-01
7.34712800e-06,3.70762849e-01
7.34722800e-06,3.70764105e-01
7.34732800e-06,3.70762788e-01
7.34742800e-06,3.70764068e-01
7.34752800e-06,3.70762774e-01
7.34762800e-06,3.70764079e-01
7.34772800e-06,3.70762809e-01
7.34782800e-06,3.70764137e-01
7.34792800e-06,3.70762891e-01
7.34802800e-06,3.70764243e-01
7.34812800e-06,3.70763021e-01
7.34822800e-06,3.70764398e-01
7.34832800e-06,3.70763199e-01
7.34842800e-06,3.70764600e-01
7.34852800e-06,3.70763426e-01
7.34862800e-06,3.70764851e-01
7.34872800e-06,3.70763701e-01
7.34882800e-06,3.70765150e-01
7.34892800e-06,3.70764024e-01
7.34902800e-06,3.70765497e-01
7.34912800e-06,3.70764396e-01
7.34922800e-06,3.70765893e-01
7.34932800e-06,3.70764816e-01
7.34942800e-06,3.70766338e-01
7.34952800e-06,3.70765286e-01
7.34962800e-06,3.70766832e-01
7.34972800e-06,3.70765804e-01
7.34982800e-06,3.70767375e-01
7.34992800e-06,3.70766371e-01
7.35002800e-06,3.70767967e-01
7.35012800e-06,3.70766988e-01
7.35022800e-06,3.70768609e-01
7.35032800e-06,3.70767654e-01
7.35042800e-06,3.70769299e-01
7.35052800e-06,3.70768370e-01
7.35062800e-06,3.70770040e-01
7.35072800e-06,3.70769135e-01
7.35082800e-06,3.70770830e-01
7.35092800e-06,3.70769950e-01
7.35102800e-06,3.70771670e-01
7.35112800e-06,3.70770815e-01
7.35122800e-06,3.70772560e-01
7.35132800e-06,3.70771729e-01
7.35142800e-06,3.70773500e-01
7.35152800e-06,3.70772694e-01
7.35162800e-06,3.70774490e-01
7.35172800e-06,3.70773710e-01
7.35182800e-06,3.70775530e-01
7.35192800e-06,3.70774775e-01
7.35202800e-06,3.70776621e-01
7.35212800e-06,3.70775892e-01
7.35222800e-06,3.70777763e-01
7.35232800e-06,3.70777059e-01
7.35242800e-06,3.70778955e-01
7.35252800e-06,3.70778276e-01
7.35262800e-06,3.70780198e-01
7.35272800e-06,3.70779545e-01
7.35282800e-06,3.70781493e-01
7.35292800e-06,3.70780865e-01
7.35302800e-06,3.70782838e-01
7.35312800e-06,3.70782236e-01
7.35322800e-06,3.70784235e-01
7.35332800e-06,3.70783658e-01
7.35342800e-06,3.70785683e-01
7.35352800e-06,3.70785132e-01
7.35362800e-06,3.70787183e-01
7.35372800e-06,3.70786658e-01
7.35382800e-06,3.70788734e-01
7.35392800e-06,3.70788235e-01
7.35402800e-06,3.70790337e-01
7.35412800e-06,3.70789864e-01
7.35422800e-06,3.70791993e-01
7.35432800e-06,3.70791545e-01
7.35442800e-06,3.70793700e-01
7.35452800e-06,3.70793279e-01
7.35462800e-06,3.70795460e-01
7.35472800e-06,3.70795065e-01
7.35482800e-06,3.70797272e-01
7.35492800e-06,3.70796903e-01
7.35502800e-06,3.70799137e-01
7.35512800e-06,3.70798794e-01
7.35522800e-06,3.70801054e-01
7.35532800e-06,3.70800738e-01
7.35542800e-06,3.70803024e-01
7.35552800e-06,3.70802734e-01
7.35562800e-06,3.70805047e-01
7.35572800e-06,3.70804784e-01
7.35582800e-06,3.70807123e-01
7.35592800e-06,3.70806887e-01
7.35602800e-06,3.70809253e-01
7.35612800e-06,3.70809043e-01
7.35622800e-06,3.70811436e-01
7.35632800e-06,3.70811252e-01
7.35642800e-06,3.70813672e-01
7.35652800e-06,3.70813516e-01
7.35662800e-06,3.70815962e-01
7.35672800e-06,3.70815833e-01
7.35682800e-06,3.70818306e-01
7.35692800e-06,3.70818204e-01
7.35702800e-06,3.70820704e-01
7.35712800e-06,3.70820629e-01
7.35722800e-06,3.70823156e-01
7.35732800e-06,3.70823108e-01
7.35742800e-06,3.70825663e-01
7.35752800e-06,3.70825641e-01
7.35762800e-06,3.70828223e-01
7.35772800e-06,3.70828229e-01
7.35782800e-06,3.70830839e-01
7.35792800e-06,3.70830872e-01
7.35802800e-06,3.70833509e-01
7.35812800e-06,3.70833569e-01
7.35822800e-06,3.70836234e-01
7.35832800e-06,3.70836322e-01
7.35842800e-06,3.70839013e-01
7.35852800e-06,3.70839129e-01
7.35862800e-06,3.70841848e-01
7.35872800e-06,3.70841992e-01
7.35882800e-06,3.70844739e-01
7.35892800e-06,3.70844910e-01
7.35902800e-06,3.70847685e-01
7.35912800e-06,3.70847883e-01
7.35922800e-06,3.70850686e-01
7.35932800e-06,3.70850913e-01
7.35942800e-06,3.70853743e-01
7.35952800e-06,3.70853998e-01
7.35962800e-06,3.70856857e-01
7.35972800e-06,3.70857139e-01
7.35982800e-06,3.70860026e-01
7.35992800e-06,3.70860336e-01
7.36002800e-06,3.70863251e-01
7.36012800e-06,3.70863590e-01
7.36022800e-06,3.70866533e-01
7.36032800e-06,3.70866900e-01
7.36042800e-06,3.70869871e-01
7.36052800e-06,3.70870267e-01
7.36062800e-06,3.70873266e-01
7.36072800e-06,3.70873690e-01
7.36082800e-06,3.70876718e-01
7.36092800e-06,3.70877170e-01
7.36102800e-06,3.70880227e-01
7.36112800e-06,3.70880708e-01
7.36122800e-06,3.70883793e-01
7.36132800e-06,3.70884302e-01
7.36142800e-06,3.70887416e-01
7.36152800e-06,3.70887954e-01
7.36162800e-06,3.70891097e-01
7.36172800e-06,3.70891664e-01
7.36182800e-06,3.70894836e-01
7.36192800e-06,3.70895431e-01
7.36202800e-06,3.70898632e-01
7.36212800e-06,3.70899256e-01
7.36222800e-06,3.70902486e-01
7.36232800e-06,3.70903139e-01
7.36242800e-06,3.70906398e-01
7.36252800e-06,3.70907081e-01
7.36262800e-06,3.70910369e-01
7.36272800e-06,3.70911080e-01
7.36282800e-06,3.70914398e-01
7.36292800e-06,3.70915138e-01
7.36302800e-06,3.70918485e-01
7.36312800e-06,3.70919255e-01
7.36322800e-06,3.70922631e-01
7.36332800e-06,3.70923431e-01
7.36342800e-06,3.70926836e-01
7.36352800e-06,3.70927665e-01
7.36362800e-06,3.70931100e-01
7.36372800e-06,3.70931959e-01
7.36382800e-06,3.70935424e-01
7.36392800e-06,3.70936312e-01
7.36402800e-06,3.70939806e-01
7.36412800e-06,3.70940724e-01
7.36422800e-06,3.70944249e-01
7.36432800e-06,3.70945197e-01
7.36442800e-06,3.70948751e-01
7.36452800e-06,3.70949728e-01
7.36462800e-06,3.70953312e-01
7.36472800e-06,3.70954320e-01
7.36482800e-06,3.70957934e-01
7.36492800e-06,3.70958972e-01
7.36502800e-06,3.70962617e-01
7.36512800e-06,3.70963685e-01
7.36522800e-06,3.70967359e-01
7.36532800e-06,3.70968457e-01
7.36542800e-06,3.70972162e-01
7.36552800e-06,3.70973291e-01
7.36562800e-06,3.70977026e-01
7.36572800e-06,3.70978185e-01
7.36582800e-06,3.70981950e-01
7.36592800e-06,3.70983140e-01
7.36602800e-06,3.70986936e-01
7.36612800e-06,3.70988156e-01
7.36622800e-06,3.70991983e-01
7.36632800e-06,3.70993233e-01
7.36642800e-06,3.70997091e-01
7.36652800e-06,3.70998372e-01
7.36662800e-06,3.71002261e-01
7.36672800e-06,3.71003573e-01
7.36682800e-06,3.71007492e-01
7.36692800e-06,3.71008835e-01
7.36702800e-06,3.71012786e-01
7.36712800e-06,3.71014160e-01
7.36722800e-06,3.71018141e-01
7.36732800e-06,3.71019546e-01
7.36742800e-06,3.71023559e-01
7.36752800e-06,3.71024995e-01
7.36762800e-06,3.71029039e-01
7.36772800e-06,3.71030506e-01
7.36782800e-06,3.71034581e-01
7.36792800e-06,3.71036080e-01
7.36802800e-06,3.71040187e-01
7.36812800e-06,3.71041717e-01
7.36822800e-06,3.71045855e-01
7.36832800e-06,3.71047417e-01
7.36842800e-06,3.71051586e-01
7.36852800e-06,3.71053180e-01
7.36862800e-06,3.71057381e-01
7.36872800e-06,3.71059006e-01
7.36882800e-06,3.71063239e-01
7.36892800e-06,3.71064896e-01
7.36902800e-06,3.71069161e-01
7.36912800e-06,3.71070849e-01
7.36922800e-06,3.71075146e-01
7.36932800e-06,3.71076867e-01
7.36942800e-06,3.71081196e-01
7.36952800e-06,3.71082948e-01
7.36962800e-06,3.71087309e-01
7.36972800e-06,3.71089094e-01
7.36982800e-06,3.71093487e-01
7.36992800e-06,3.71095304e-01
7.37002800e-06,3.71099729e-01
7.37012800e-06,3.71101579e-01
7.37022800e-06,3.71106037e-01
7.37032800e-06,3.71107919e-01
7.37042800e-06,3.71112409e-01
7.37052800e-06,3.71114323e-01
7.37062800e-06,3.71118846e-01
7.37072800e-06,3.71120793e-01
7.37082800e-06,3.71125348e-01
7.37092800e-06,3.71127328e-01
7.37102800e-06,3.71131916e-01
7.37112800e-06,3.71133928e-01
7.37122800e-06,3.71138549e-01
7.37132800e-06,3.71140594e-01
7.37142800e-06,3.71145248e-01
7.37152800e-06,3.71147326e-01
7.37162800e-06,3.71152013e-01
7.37172800e-06,3.71154124e-01
7.37182800e-06,3.71158844e-01
7.37192800e-06,3.71160988e-01
7.37202800e-06,3.71165741e-01
7.37212800e-06,3.71167919e-01
7.37222800e-06,3.71172705e-01
7.37232800e-06,3.71174916e-01
7.37242800e-06,3.71179736e-01
7.37252800e-06,3.71181980e-01
7.37262800e-06,3.71186833e-01
7.37272800e-06,3.71189111e-01
7.37282800e-06,3.71193998e-01
7.37292800e-06,3.71196309e-01
7.37302800e-06,3.71201229e-01
7.37312800e-06,3.71203575e-01
7.37322800e-06,3.71208528e-01
7.37332800e-06,3.71210908e-01
7.37342800e-06,3.71215895e-01
7.37352800e-06,3.71218308e-01
7.37362800e-06,3.71223330e-01
7.37372800e-06,3.71225777e-01
7.37382800e-06,3.71230832e-01
7.37392800e-06,3.71233313e-01
7.37402800e-06,3.71238403e-01
7.37412800e-06,3.71240918e-01
7.37422800e-06,3.71246042e-01
7.37432800e-06,3.71248592e-01
7.37442800e-06,3.71253750e-01
7.37452800e-06,3.71256334e-01
7.37462800e-06,3.71261526e-01
7.37472800e-06,3.71264145e-01
7.37482800e-06,3.71269372e-01
7.37492800e-06,3.71272024e-01
7.37502800e-06,3.71277286e-01
7.37512800e-06,3.71279974e-01
7.37522800e-06,3.71285270e-01
7.37532800e-06,3.71287992e-01
7.37542800e-06,3.71293323e-01
7.37552800e-06,3.71296080e-01
7.37562800e-06,3.71301446e-01
7.37572800e-06,3.71304238e-01
7.37582800e-06,3.71309639e-01
7.37592800e-06,3.71312466e-01
7.37602800e-06,3.71317902e-01
7.37612800e-06,3.71320764e-01
7.37622800e-06,3.71326236e-01
7.37632800e-06,3.71329133e-01
7.37642800e-06,3.71334639e-01
7.37652800e-06,3.71337572e-01
7.37662800e-06,3.71343114e-01
7.37672800e-06,3.71346082e-01
7.37682800e-06,3.71351659e-01
7.37692800e-06,3.71354663e-01
7.37702800e-06,3.71360276e-01
7.37712800e-06,3.71363315e-01
7.37722800e-06,3.71368963e-01
7.37732800e-06,3.71372038e-01
7.37742800e-06,3.71377723e-01
7.37752800e-06,3.71380833e-01
7.37762800e-06,3.71386553e-01
7.37772800e-06,3.71389700e-01
7.37782800e-06,3.71395456e-01
7.37792800e-06,3.71398639e-01
7.37802800e-06,3.71404431e-01
7.37812800e-06,3.71407650e-01
7.37822800e-06,3.71413478e-01
7.37832800e-06,3.71416733e-01
7.37842800e-06,3.71422597e-01
7.37852800e-06,3.71425889e-01
7.37862800e-06,3.71431789e-01
7.37872800e-06,3.71435117e-01
7.37882800e-06,3.71441054e-01
7.37892800e-06,3.71444419e-01
7.37902800e-06,3.71450393e-01
7.37912800e-06,3.71453794e-01
7.37922800e-06,3.71459804e-01
7.37932800e-06,3.71463242e-01
7.37942800e-06,3.71469289e-01
7.37952800e-06,3.71472763e-01
7.37962800e-06,3.71478847e-01
7.37972800e-06,3.71482359e-01
7.37982800e-06,3.71488480e-01
7.37992800e-06,3.71492028e-01
7.38002800e-06,3.71498186e-01
7.38012800e-06,3.71501772e-01
7.38022800e-06,3.71507967e-01
7.38032800e-06,3.71511590e-01
7.38042800e-06,3.71517822e-01
7.38052800e-06,3.71521483e-01
7.38062800e-06,3.71527752e-01
7.38072800e-06,3.71531450e-01
7.38082800e-06,3.71537757e-01
7.38092800e-06,3.71541492e-01
7.38102800e-06,3.71547837e-01
7.38112800e-06,3.71551610e-01
7.38122800e-06,3.71557992e-01
7.38132800e-06,3.71561803e-01
7.38142800e-06,3.71568223e-01
7.38152800e-06,3.71572072e-01
7.38162800e-06,3.71578530e-01
7.38172800e-06,3.71582417e-01
7.38182800e-06,3.71588913e-01
7.38192800e-06,3.71592837e-01
7.38202800e-06,3.71599371e-01
7.38212800e-06,3.71603334e-01
7.38222800e-06,3.71609906e-01
7.38232800e-06,3.71613908e-01
7.38242800e-06,3.71620518e-01
7.38252800e-06,3.71624558e-01
7.38262800e-06,3.71631207e-01
7.38272800e-06,3.71635285e-01
7.38282800e-06,3.71641972e-01
7.38292800e-06,3.71646089e-01
7.38302800e-06,3.71652815e-01
7.38312800e-06,3.71656970e-01
7.38322800e-06,3.71663735e-01
7.38332800e-06,3.71667929e-01
7.38342800e-06,3.71674733e-01
7.38352800e-06,3.71678966e-01
7.38362800e-06,3.71685808e-01
7.38372800e-06,3.71690081e-01
7.38382800e-06,3.71696962e-01
7.38392800e-06,3.71701273e-01
7.38402800e-06,3.71708194e-01
7.38412800e-06,3.71712545e-01
7.38422800e-06,3.71719505e-01
7.38432800e-06,3.71723895e-01
7.38442800e-06,3.71730894e-01
7.38452800e-06,3.71735324e-01
7.38462800e-06,3.71742363e-01
7.38472800e-06,3.71746832e-01
7.38482800e-06,3.71753911e-01
7.38492800e-06,3.71758420e-01
7.38502800e-06,3.71765539e-01
7.38512800e-06,3.71770088e-01
7.38522800e-06,3.71777248e-01
7.38532800e-06,3.71781836e-01
7.38542800e-06,3.71789036e-01
7.38552800e-06,3.71793665e-01
7.38562800e-06,3.71800905e-01
7.38572800e-06,3.71805574e-01
7.38582800e-06,3.71812854e-01
7.38592800e-06,3.71817563e-01
7.38602800e-06,3.71824885e-01
7.38612800e-06,3.71829634e-01
7.38622800e-06,3.71836996e-01
7.38632800e-06,3.71841786e-01
7.38642800e-06,3.71849189e-01
7.38652800e-06,3.71854019e-01
7.38662800e-06,3.71861463e-01
7.38672800e-06,3.71866335e-01
7.38682800e-06,3.71873820e-01
7.38692800e-06,3.71878731e-01
7.38702800e-06,3.71886258e-01
7.38712800e-06,3.71891211e-01
7.38722800e-06,3.71898778e-01
7.38732800e-06,3.71903772e-01
7.38742800e-06,3.71911381e-01
7.38752800e-06,3.71916416e-01
7.38762800e-06,3.71924066e-01
7.38772800e-06,3.71929142e-01
7.38782800e-06,3.71936834e-01
7.38792800e-06,3.71941952e-01
7.38802800e-06,3.71949686e-01
7.38812800e-06,3.71954845e-01
7.38822800e-06,3.71962621e-01
7.38832800e-06,3.71967821e-01
7.38842800e-06,3.71975639e-01
7.38852800e-06,3.71980881e-01
7.38862800e-06,3.71988741e-01
7.38872800e-06,3.71994025e-01
7.38882800e-06,3.72001927e-01
7.38892800e-06,3.72007254e-01
7.38902800e-06,3.72015198e-01
7.38912800e-06,3.72020566e-01
7.38922800e-06,3.72028553e-01
7.38932800e-06,3.72033963e-01
7.38942800e-06,3.72041992e-01
7.38952800e-06,3.72047445e-01
7.38962800e-06,3.72055517e-01
7.38972800e-06,3.72061012e-01
7.38982800e-06,3.72069126e-01
7.38992800e-06,3.72074664e-01
7.39002800e-06,3.72082821e-01
7.39012800e-06,3.72088402e-01
7.39022800e-06,3.72096602e-01
7.39032800e-06,3.72102225e-01
7.39042800e-06,3.72110469e-01
7.39052800e-06,3.72116135e-01
7.39062800e-06,3.72124421e-01
7.39072800e-06,3.72130130e-01
7.39082800e-06,3.72138460e-01
7.39092800e-06,3.72144212e-01
7.39102800e-06,3.72152586e-01
7.39112800e-06,3.72158381e-01
7.39122800e-06,3.72166798e-01
7.39132800e-06,3.72172637e-01
7.39142800e-06,3.72181098e-01
7.39152800e-06,3.72186980e-01
7.39162800e-06,3.72195484e-01
7.39172800e-06,3.72201410e-01
7.39182800e-06,3.72209958e-01
7.39192800e-06,3.72215928e-01
7.39202800e-06,3.72224520e-01
7.39212800e-06,3.72230533e-01
7.39222800e-06,3.72239170e-01
7.39232800e-06,3.72245227e-01
7.39242800e-06,3.72253908e-01
7.39252800e-06,3.72260009e-01
7.39262800e-06,3.72268735e-01
7.39272800e-06,3.72274880e-01
7.39282800e-06,3.72283650e-01
7.39292800e-06,3.72289839e-01
7.39302800e-06,3.72298654e-01
7.39312800e-06,3.72304888e-01
7.39322800e-06,3.72313747e-01
7.39332800e-06,3.72320025e-01
7.39342800e-06,3.72328930e-01
7.39352800e-06,3.72335253e-01
7.39362800e-06,3.72344202e-01
7.39372800e-06,3.72350570e-01
7.39382800e-06,3.72359564e-01
7.39392800e-06,3.72365977e-01
7.39402800e-06,3.72375016e-01
7.39412800e-06,3.72381474e-01
7.39422800e-06,3.72390559e-01
7.39432800e-06,3.72397061e-01
7.39442800e-06,3.72406192e-01
7.39452800e-06,3.72412740e-01
7.39462800e-06,3.72421916e-01
7.39472800e-06,3.72428509e-01
7.39482800e-06,3.72437731e-01
7.39492800e-06,3.72444370e-01
7.39502800e-06,3.72453637e-01
7.39512800e-06,3.72460322e-01
7.39522800e-06,3.72469635e-01
7.39532800e-06,3.72476366e-01
7.39542800e-06,3.72485725e-01
7.39552800e-06,3.72492501e-01
7.39562800e-06,3.72501907e-01
7.39572800e-06,3.72508729e-01
7.39582800e-06,3.72518181e-01
7.39592800e-06,3.72525049e-01
7.39602800e-06,3.72534548e-01
7.39612800e-06,3.72541462e-01
7.39622800e-06,3.72551007e-01
7.39632800e-06,3.72557968e-01
7.39642800e-06,3.72567560e-01
7.39652800e-06,3.72574567e-01
7.39662800e-06,3.72584205e-01
7.39672800e-06,3.72591259e-01
7.39682800e-06,3.72600945e-01
7.39692800e-06,3.72608045e-01
7.39702800e-06,3.72617778e-01
7.39712800e-06,3.72624925e-01
7.39722800e-06,3.72634705e-01
7.39732800e-06,3.72641899e-01
7.39742800e-06,3.72651726e-01
7.39752800e-06,3.72658967e-01
7.39762800e-06,3.72668842e-01
7.39772800e-06,3.72676130e-01
7.39782800e-06,3.72686052e-01
7.39792800e-06,3.72693388e-01
7.39802800e-06,3.72703358e-01
7.39812800e-06,3.72710741e-01
7.39822800e-06,3.72720759e-01
7.39832800e-06,3.72728189e-01
7.39842800e-06,3.72738255e-01
7.39852800e-06,3.72745733e-01
7.39862800e-06,3.72755847e-01
7.39872800e-06,3.72763373e-01
7.39882800e-06,3.72773535e-01
7.39892800e-06,3.72781109e-01
7.39902800e-06,3.72791320e-01
7.39912800e-06,3.72798942e-01
7.39922800e-06,3.72809201e-01
7.39932800e-06,3.72816871e-01
7.39942800e-06,3.72827178e-01
7.39952800e-06,3.72834897e-01
7.39962800e-06,3.72845253e-01
7.39972800e-06,3.72853020e-01
7.39982800e-06,3.72863425e-01
7.39992800e-06,3.72871240e-01
7.40002800e-06,3.72881694e-01
7.40012800e-06,3.72889558e-01
7.40022800e-06,3.72900026e-01
7.40032800e-06,3.72907904e-01
7.40042800e-06,3.72918420e-01
7.40052800e-06,3.72926347e-01
7.40062800e-06,3.72936913e-01
7.40072800e-06,3.72944888e-01
7.40082800e-06,3.72955504e-01
7.40092800e-06,3.72963528e-01
7.40102800e-06,3.72974193e-01
7.40112800e-06,3.72982267e-01
7.40122800e-06,3.72992981e-01
7.40132800e-06,3.73001104e-01
7.40142800e-06,3.73011868e-01
7.40152800e-06,3.73020041e-01
7.40162800e-06,3.73030855e-01
7.40172800e-06,3.73039077e-01
7.40182800e-06,3.73049940e-01
7.40192800e-06,3.73058212e-01
7.40202800e-06,3.73069126e-01
7.40212800e-06,3.73077448e-01
7.40222800e-06,3.73088412e-01
7.40232800e-06,3.73096784e-01
7.40242800e-06,3.73107798e-01
7.40252800e-06,3.73116220e-01
7.40262800e-06,3.73127285e-01
7.40272800e-06,3.73135757e-01
7.40282800e-06,3.73146872e-01
7.40292800e-06,3.73155395e-01
7.40302800e-06,3.73166561e-01
7.40312800e-06,3.73175134e-01
7.40322800e-06,3.73186351e-01
7.40332800e-06,3.73194975e-01
7.40342800e-06,3.73206242e-01
7.40352800e-06,3.73214917e-01
7.40362800e-06,3.73226236e-01
7.40372800e-06,3.73234961e-01
7.40382800e-06,3.73246331e-01
7.40392800e-06,3.73255108e-01
7.40402800e-06,3.73266529e-01
7.40412800e-06,3.73275357e-01
7.40422800e-06,3.73286830e-01
7.40432800e-06,3.73295708e-01
7.40442800e-06,3.73307233e-01
7.40452800e-06,3.73316163e-01
7.40462800e-06,3.73327740e-01
7.40472800e-06,3.73336721e-01
7.40482800e-06,3.73348350e-01
7.40492800e-06,3.73357383e-01
7.40502800e-06,3.73369064e-01
7.40512800e-06,3.73378149e-01
7.40522800e-06,3.73389881e-01
7.40532800e-06,3.73399018e-01
7.40542800e-06,3.73410803e-01
7.40552800e-06,3.73419992e-01
7.40562800e-06,3.73431830e-01
7.40572800e-06,3.73441071e-01
7.40582800e-06,3.73452961e-01
7.40592800e-06,3.73462254e-01
7.40602800e-06,3.73474197e-01
7.40612800e-06,3.73483543e-01
7.40622800e-06,3.73495538e-01
7.40632800e-06,3.73504937e-01
7.40642800e-06,3.73516985e-01
7.40652800e-06,3.73526436e-01
7.40662800e-06,3.73538538e-01
7.40672800e-06,3.73548042e-01
7.40682800e-06,3.73560196e-01
7.40692800e-06,3.73569753e-01
7.40702800e-06,3.73581961e-01
7.40712800e-06,3.73591572e-01
7.40722800e-06,3.73603833e-01
7.40732800e-06,3.73613496e-01
7.40742800e-06,3.73625812e-01
7.40752800e-06,3.73635528e-01
7.40762800e-06,3.73647897e-01
7.40772800e-06,3.73657667e-01
7.40782800e-06,3.73670090e-01
7.40792800e-06,3.73679914e-01
7.40802800e-06,3.73692391e-01
7.40812800e-06,3.73702269e-01
7.40822800e-06,3.73714799e-01
7.40832800e-06,3.73724731e-01
7.40842800e-06,3.73737316e-01
7.40852800e-06,3.73747302e-01
7.40862800e-06,3.73759941e-01
7.40872800e-06,3.73769981e-01
7.40882800e-06,3.73782675e-01
7.40892800e-06,3.73792769e-01
7.40902800e-06,3.73805518e-01
7.40912800e-06,3.73815667e-01
7.40922800e-06,3.73828470e-01
7.40932800e-06,3.73838673e-01
7.40942800e-06,3.73851532e-01
7.40952800e-06,3.73861790e-01
7.40962800e-06,3.73874704e-01
7.40972800e-06,3.73885016e-01
7.40982800e-06,3.73897985e-01
7.40992800e-06,3.73908353e-01
7.41002800e-06,3.73921377e-01
7.41012800e-06,3.73931800e-01
7.41022800e-06,3.73944879e-01
7.41032800e-06,3.73955357e-01
7.41042800e-06,3.73968493e-01
7.41052800e-06,3.73979026e-01
7.41062800e-06,3.73992217e-01
7.41072800e-06,3.74002806e-01
7.41082800e-06,3.74016053e-01
7.41092800e-06,3.74026698e-01
7.41102800e-06,3.74040001e-01
7.41112800e-06,3.74050701e-01
7.41122800e-06,3.74064060e-01
7.41132800e-06,3.74074816e-01
7.41142800e-06,3.74088232e-01
7.41152800e-06,3.74099044e-01
7.41162800e-06,3.74112516e-01
7.41172800e-06,3.74123384e-01
7.41182800e-06,3.74136913e-01
7.41192800e-06,3.74147838e-01
7.41202800e-06,3.74161423e-01
7.41212800e-06,3.74172404e-01
7.41222800e-06,3.74186046e-01
7.41232800e-06,3.74197084e-01
7.41242800e-06,3.74210783e-01
7.41252800e-06,3.74221878e-01
7.41262800e-06,3.74235634e-01
7.41272800e-06,3.74246785e-01
7.41282800e-06,3.74260599e-01
7.41292800e-06,3.74271807e-01
7.41302800e-06,3.74285678e-01
7.41312800e-06,3.74296943e-01
7.41322800e-06,3.74310872e-01
7.41332800e-06,3.74322194e-01
7.41342800e-06,3.74336180e-01
7.41352800e-06,3.74347561e-01
7.41362800e-06,3.74361604e-01
7.41372800e-06,3.74373042e-01
7.41382800e-06,3.74387144e-01
7.41392800e-06,3.74398639e-01
7.41402800e-06,3.74412799e-01
7.41412800e-06,3.74424352e-01
7.41422800e-06,3.74438570e-01
7.41432800e-06,3.74450181e-01
7.41442800e-06,3.74464458e-01
7.41452800e-06,3.74476127e-01
7.41462800e-06,3.74490462e-01
7.41472800e-06,3.74502189e-01
7.41482800e-06,3.74516583e-01
7.41492800e-06,3.74528369e-01
7.41502800e-06,3.74542821e-01
7.41512800e-06,3.74554665e-01
7.41522800e-06,3.74569176e-01
7.41532800e-06,3.74581079e-01
7.41542800e-06,3.74595649e-01
7.41552800e-06,3.74607611e-01
7.41562800e-06,3.74622240e-01
7.41572800e-06,3.74634261e-01
7.41582800e-06,3.74648949e-01
7.41592800e-06,3.74661029e-01
7.41602800e-06,3.74675777e-01
7.41612800e-06,3.74687916e-01
7.41622800e-06,3.74702723e-01
7.41632800e-06,3.74714922e-01
7.41642800e-06,3.74729789e-01
7.41652800e-06,3.74742047e-01
7.41662800e-06,3.74756974e-01
7.41672800e-06,3.74769291e-01
7.41682800e-06,3.74784278e-01
7.41692800e-06,3.74796655e-01
7.41702800e-06,3.74811702e-01
7.41712800e-06,3.74824139e-01
7.41722800e-06,3.74839246e-01
7.41732800e-06,3.74851743e-01
7.41742800e-06,3.74866911e-01
7.41752800e-06,3.74879468e-01
7.41762800e-06,3.74894696e-01
7.41772800e-06,3.74907314e-01
7.41782800e-06,3.74922603e-01
7.41792800e-06,3.74935280e-01
7.41802800e-06,3.74950630e-01
7.41812800e-06,3.74963369e-01
7.41822800e-06,3.74978779e-01
7.41832800e-06,3.74991578e-01
7.41842800e-06,3.75007050e-01
7.41852800e-06,3.75019910e-01
7.41862800e-06,3.75035443e-01
7.41872800e-06,3.75048364e-01
7.41882800e-06,3.75063958e-01
7.41892800e-06,3.75076940e-01
7.41902800e-06,3.75092596e-01
7.41912800e-06,3.75105639e-01
7.41922800e-06,3.75121356e-01
7.41932800e-06,3.75134461e-01
7.41942800e-06,3.75150240e-01
7.41952800e-06,3.75163406e-01
7.41962800e-06,3.75179247e-01
7.41972800e-06,3.75192475e-01
7.41982800e-06,3.75208378e-01
7.41992800e-06,3.75221667e-01
7.42002800e-06,3.75237632e-01
7.42012800e-06,3.75250984e-01
7.42022800e-06,3.75267011e-01
7.42032800e-06,3.75280425e-01
7.42042800e-06,3.75296515e-01
7.42052800e-06,3.75309991e-01
7.42062800e-06,3.75326143e-01
7.42072800e-06,3.75339681e-01
7.42082800e-06,3.75355897e-01
7.42092800e-06,3.75369497e-01
7.42102800e-06,3.75385775e-01
7.42112800e-06,3.75399438e-01
7.42122800e-06,3.75415779e-01
7.42132800e-06,3.75429505e-01
7.42142800e-06,3.75445910e-01
7.42152800e-06,3.75459698e-01
7.42162800e-06,3.75476166e-01
7.42172800e-06,3.75490018e-01
7.42182800e-06,3.75506549e-01
7.42192800e-06,3.75520463e-01
7.42202800e-06,3.75537058e-01
7.42212800e-06,3.75551036e-01
7.42222800e-06,3.75567694e-01
7.42232800e-06,3.75581736e-01
7.42242800e-06,3.75598458e-01
7.42252800e-06,3.75612563e-01
7.42262800e-06,3.75629349e-01
7.42272800e-06,3.75643518e-01
7.42282800e-06,3.75660368e-01
7.42292800e-06,3.75674601e-01
7.42302800e-06,3.75691515e-01
7.42312800e-06,3.75705812e-01
7.42322800e-06,3.75722790e-01
7.42332800e-06,3.75737151e-01
7.42342800e-06,3.75754194e-01
7.42352800e-06,3.75768619e-01
7.42362800e-06,3.75785727e-01
7.42372800e-06,3.75800217e-01
7.42382800e-06,3.75817389e-01
7.42392800e-06,3.75831943e-01
7.42402800e-06,3.75849181e-01
7.42412800e-06,3.75863799e-01
7.42422800e-06,3.75881102e-01
7.42432800e-06,3.75895785e-01
7.42442800e-06,3.75913153e-01
7.42452800e-06,3.75927901e-01
7.42462800e-06,3.75945334e-01
7.42472800e-06,3.75960148e-01
7.42482800e-06,3.75977646e-01
7.42492800e-06,3.75992525e-01
7.42502800e-06,3.76010089e-01
7.42512800e-06,3.76025033e-01
7.42522800e-06,3.76042662e-01
7.42532800e-06,3.76057672e-01
7.42542800e-06,3.76075367e-01
7.42552800e-06,3.76090442e-01
7.42562800e-06,3.76108204e-01
7.42572800e-06,3.76123345e-01
7.42582800e-06,3.76141172e-01
7.42592800e-06,3.76156379e-01
7.42602800e-06,3.76174273e-01
7.42612800e-06,3.76189546e-01
7.42622800e-06,3.76207506e-01
7.42632800e-06,3.76222845e-01
7.42642800e-06,3.76240872e-01
7.42652800e-06,3.76256277e-01
7.42662800e-06,3.76274370e-01
7.42672800e-06,3.76289842e-01
7.42682800e-06,3.76308002e-01
7.42692800e-06,3.76323540e-01
7.42702800e-06,3.76341767e-01
7.42712800e-06,3.76357372e-01
7.42722800e-06,3.76375666e-01
7.42732800e-06,3.76391338e-01
7.42742800e-06,3.76409700e-01
7.42752800e-06,3.76425438e-01
7.42762800e-06,3.76443867e-01
7.42772800e-06,3.76459673e-01
7.42782800e-06,3.76478169e-01
7.42792800e-06,3.76494042e-01
7.42802800e-06,3.76512606e-01
7.42812800e-06,3.76528546e-01
7.42822800e-06,3.76547178e-01
7.42832800e-06,3.76563185e-01
7.42842800e-06,3.76581885e-01
7.42852800e-06,3.76597960e-01
7.42862800e-06,3.76616728e-01
7.42872800e-06,3.76632871e-01
7.42882800e-06,3.76651707e-01
7.42892800e-06,3.76667918e-01
7.42902800e-06,3.76686822e-01
7.42912800e-06,3.76703101e-01
7.42922800e-06,3.76722073e-01
7.42932800e-06,3.76738420e-01
7.42942800e-06,3.76757461e-01
7.42952800e-06,3.76773877e-01
7.42962800e-06,3.76792986e-01
7.42972800e-06,3.76809470e-01
7.42982800e-06,3.76828648e-01
7.42992800e-06,3.76845201e-01
7.43002800e-06,3.76864448e-01
7.43012800e-06,3.76881069e-01
7.43022800e-06,3.76900386e-01
7.43032800e-06,3.76917076e-01
7.43042800e-06,3.76936461e-01
7.43052800e-06,3.76953220e-01
7.43062800e-06,3.76972675e-01
7.43072800e-06,3.76989503e-01
7.43082800e-06,3.77009027e-01
7.43092800e-06,3.77025924e-01
7.43102800e-06,3.77045518e-01
7.43112800e-06,3.77062485e-01
7.43122800e-06,3.77082148e-01
7.43132800e-06,3.77099184e-01
7.43142800e-06,3.77118918e-01
7.43152800e-06,3.77136024e-01
7.43162800e-06,3.77155827e-01
7.43172800e-06,3.77173002e-01
7.43182800e-06,3.77192876e-01
7.43192800e-06,3.77210121e-01
7.43202800e-06,3.77230065e-01
7.43212800e-06,3.77247380e-01
7.43222800e-06,3.77267394e-01
7.43232800e-06,3.77284780e-01
7.43242800e-06,3.77304864e-01
7.43252800e-06,3.77322320e-01
7.43262800e-06,3.77342475e-01
7.43272800e-06,3.77360001e-01
7.43282800e-06,3.77380227e-01
7.43292800e-06,3.77397824e-01
7.43302800e-06,3.77418121e-01
7.43312800e-06,3.77435788e-01
7.43322800e-06,3.77456156e-01
7.43332800e-06,3.77473894e-01
7.43342800e-06,3.77494333e-01
7.43352800e-06,3.77512142e-01
7.43362800e-06,3.77532652e-01
7.43372800e-06,3.77550532e-01
7.43382800e-06,3.77571114e-01
7.43392800e-06,3.77589065e-01
7.43402800e-06,3.77609718e-01
7.43412800e-06,3.77627740e-01
7.43422800e-06,3.77648465e-01
7.43432800e-06,3.77666559e-01
7.43442800e-06,3.77687356e-01
7.43452800e-06,3.77705521e-01
7.43462800e-06,3.77726389e-01
7.43472800e-06,3.77744626e-01
7.43482800e-06,3.77765567e-01
7.43492800e-06,3.77783875e-01
7.43502800e-06,3.77804888e-01
7.43512800e-06,3.77823269e-01
7.43522800e-06,3.77844354e-01
7.43532800e-06,3.77862807e-01
7.43542800e-06,3.77883964e-01
7.43552800e-06,3.77902489e-01
7.43562800e-06,3.77923719e-01
7.43572800e-06,3.77942316e-01
7.43582800e-06,3.77963619e-01
7.43592800e-06,3.77982288e-01
7.43602800e-06,3.78003664e-01
7.43612800e-06,3.78022406e-01
7.43622800e-06,3.78043854e-01
7.43632800e-06,3.78062669e-01
7.43642800e-06,3.78084190e-01
7.43652800e-06,3.78103078e-01
7.43662800e-06,3.78124672e-01
7.43672800e-06,3.78143632e-01
7.43682800e-06,3.78165300e-01
7.43692800e-06,3.78184334e-01
7.43702800e-06,3.78206075e-01
7.43712800e-06,3.78225181e-01
7.43722800e-06,3.78246996e-01
7.43732800e-06,3.78266176e-01
7.43742800e-06,3.78288065e-01
7.43752800e-06,3.78307318e-01
7.43762800e-06,3.78329280e-01
7.43772800e-06,3.78348607e-01
7.43782800e-06,3.78370643e-01
7.43792800e-06,3.78390043e-01
7.43802800e-06,3.78412153e-01
7.43812800e-06,3.78431627e-01
7.43822800e-06,3.78453812e-01
7.43832800e-06,3.78473360e-01
7.43842800e-06,3.78495618e-01
7.43852800e-06,3.78515240e-01
7.43862800e-06,3.78537573e-01
7.43872800e-06,3.78557269e-01
7.43882800e-06,3.78579677e-01
7.43892800e-06,3.78599447e-01
7.43902800e-06,3.78621929e-01
7.43912800e-06,3.78641773e-01
7.43922800e-06,3.78664330e-01
7.43932800e-06,3.78684249e-01
7.43942800e-06,3.78706881e-01
7.43952800e-06,3.78726875e-01
7.43962800e-06,3.78749581e-01
7.43972800e-06,3.78769650e-01
7.43982800e-06,3.78792431e-01
7.43992800e-06,3.78812575e-01
7.44002800e-06,3.78835432e-01
7.44012800e-06,3.78855650e-01
7.44022800e-06,3.78878582e-01
7.44032800e-06,3.78898875e-01
7.44042800e-06,3.78921883e-01
7.44052800e-06,3.78942251e-01
7.44062800e-06,3.78965334e-01
7.44072800e-06,3.78985778e-01
7.44082800e-06,3.79008937e-01
7.44092800e-06,3.79029456e-01
7.44102800e-06,3.79052691e-01
7.44112800e-06,3.79073285e-01
7.44122800e-06,3.79096596e-01
7.44132800e-06,3.79117266e-01
7.44142800e-06,3.79140653e-01
7.44152800e-06,3.79161399e-01
7.44162800e-06,3.79184861e-01
7.44172800e-06,3.79205683e-01
7.44182800e-06,3.79229222e-01
7.44192800e-06,3.79250120e-01
7.44202800e-06,3.79273736e-01
7.44212800e-06,3.79294709e-01
7.44222800e-06,3.79318401e-01
7.44232800e-06,3.79339451e-01
7.44242800e-06,3.79363220e-01
7.44252800e-06,3.79384346e-01
7.44262800e-06,3.79408191e-01
7.44272800e-06,3.79429394e-01
7.44282800e-06,3.79453316e-01
7.44292800e-06,3.79474595e-01
7.44302800e-06,3.79498594e-01
7.44312800e-06,3.79519950e-01
7.44322800e-06,3.79544026e-01
7.44332800e-06,3.79565459e-01
7.44342800e-06,3.79589612e-01
7.44352800e-06,3.79611122e-01
7.44362800e-06,3.79635352e-01
7.44372800e-06,3.79656938e-01
7.44382800e-06,3.79681246e-01
7.44392800e-06,3.79702910e-01
7.44402800e-06,3.79727295e-01
7.44412800e-06,3.79749036e-01
7.44422800e-06,3.79773498e-01
7.44432800e-06,3.79795316e-01
7.44442800e-06,3.79819856e-01
7.44452800e-06,3.79841752e-01
7.44462800e-06,3.79866370e-01
7.44472800e-06,3.79888343e-01
7.44482800e-06,3.79913039e-01
7.44492800e-06,3.79935090e-01
7.44502800e-06,3.79959864e-01
7.44512800e-06,3.79981992e-01
7.44522800e-06,3.80006844e-01
7.44532800e-06,3.80029051e-01
7.44542800e-06,3.80053981e-01
7.44552800e-06,3.80076265e-01
7.44562800e-06,3.80101274e-01
7.44572800e-06,3.80123636e-01
7.44582800e-06,3.80148723e-01
7.44592800e-06,3.80171163e-01
7.44602800e-06,3.80196329e-01
7.44612800e-06,3.80218847e-01
7.44622800e-06,3.80244091e-01
7.44632800e-06,3.80266688e-01
7.44642800e-06,3.80292011e-01
7.44652800e-06,3.80314686e-01
7.44662800e-06,3.80340088e-01
7.44672800e-06,3.80362842e-01
7.44682800e-06,3.80388322e-01
7.44692800e-06,3.80411155e-01
7.44702800e-06,3.80436715e-01
7.44712800e-06,3.80459626e-01
7.44722800e-06,3.80485265e-01
7.44732800e-06,3.80508255e-01
7.44742800e-06,3.80533973e-01
7.44752800e-06,3.80557042e-01
7.44762800e-06,3.80582839e-01
7.44772800e-06,3.80605987e-01
7.44782800e-06,3.80631864e-01
7.44792800e-06,3.80655091e-01
7.44802800e-06,3.80681047e-01
7.44812800e-06,3.80704354e-01
7.44822800e-06,3.80730389e-01
7.44832800e-06,3.80753775e-01
7.44842800e-06,3.80779891e-01
7.44852800e-06,3.80803356e-01
7.44862800e-06,3.80829551e-01
7.44872800e-06,3.80853096e-01
7.44882800e-06,3.80879371e-01
7.44892800e-06,3.80902996e-01
7.44902800e-06,3.80929351e-01
7.44912800e-06,3.80953055e-01
7.44922800e-06,3.80979490e-01
7.44932800e-06,3.81003274e-01
7.44942800e-06,3.81029790e-01
7.44952800e-06,3.81053654e-01
7.44962800e-06,3.81080249e-01
7.44972800e-06,3.81104193e-01
7.44982800e-06,3.81130869e-01
7.44992800e-06,3.81154893e-01
7.45002800e-06,3.81181649e-01
7.45012800e-06,3.81205754e-01
7.45022800e-06,3.81232591e-01
7.45032800e-06,3.81256775e-01
7.45042800e-06,3.81283693e-01
7.45052800e-06,3.81307958e-01
7.45062800e-06,3.81334956e-01
7.45072800e-06,3.81359301e-01
7.45082800e-06,3.81386380e-01
7.45092800e-06,3.81410806e-01
7.45102800e-06,3.81437966e-01
7.45112800e-06,3.81462472e-01
7.45122800e-06,3.81489713e-01
7.45132800e-06,3.81514300e-01
7.45142800e-06,3.81541623e-01
7.45152800e-06,3.81566290e-01
7.45162800e-06,3.81593694e-01
7.45172800e-06,3.81618442e-01
7.45182800e-06,3.81645927e-01
7.45192800e-06,3.81670757e-01
7.45202800e-06,3.81698322e-01
7.45212800e-06,3.81723233e-01
7.45222800e-06,3.81750880e-01
7.45232800e-06,3.81775872e-01
7.45242800e-06,3.81803601e-01
7.45252800e-06,3.81828674e-01
7.45262800e-06,3.81856484e-01
7.45272800e-06,3.81881639e-01
7.45282800e-06,3.81909531e-01
7.45292800e-06,3.81934767e-01
7.45302800e-06,3.81962740e-01
7.45312800e-06,3.81988058e-01
7.45322800e-06,3.82016113e-01
7.45332800e-06,3.82041512e-01
7.45342800e-06,3.82069649e-01
7.45352800e-06,3.82095130e-01
7.45362800e-06,3.82123349e-01
7.45372800e-06,3.82148911e-01
7.45382800e-06,3.82177212e-01
7.45392800e-06,3.82202856e-01
7.45402800e-06,3.82231240e-01
7.45412800e-06,3.82256966e-01
7.45422800e-06,3.82285431e-01
7.45432800e-06,3.82311239e-01
7.45442800e-06,3.82339787e-01
7.45452800e-06,3.82365677e-01
7.45462800e-06,3.82394307e-01
7.45472800e-06,3.82420279e-01
7.45482800e-06,3.82448992e-01
7.45492800e-06,3.82475045e-01
7.45502800e-06,3.82503841e-01
7.45512800e-06,3.82529977e-01
7.45522800e-06,3.82558855e-01
7.45532800e-06,3.82585073e-01
7.45542800e-06,3.82614034e-01
7.45552800e-06,3.82640335e-01
7.45562800e-06,3.82669378e-01
7.45572800e-06,3.82695761e-01
7.45582800e-06,3.82724887e-01
7.45592800e-06,3.82751353e-01
7.45602800e-06,3.82780562e-01
7.45612800e-06,3.82807110e-01
7.45622800e-06,3.82836402e-01
7.45632800e-06,3.82863033e-01
7.45642800e-06,3.82892408e-01
7.45652800e-06,3.82919122e-01
7.45662800e-06,3.82948580e-01
7.45672800e-06,3.82975376e-01
7.45682800e-06,3.83004917e-01
7.45692800e-06,3.83031797e-01
7.45702800e-06,3.83061421e-01
7.45712800e-06,3.83088383e-01
7.45722800e-06,3.83118091e-01
7.45732800e-06,3.83145136e-01
7.45742800e-06,3.83174927e-01
7.45752800e-06,3.83202055e-01
7.45762800e-06,3.83231929e-01
7.45772800e-06,3.83259141e-01
7.45782800e-06,3.83289099e-01
7.45792800e-06,3.83316393e-01
7.45802800e-06,3.83346434e-01
7.45812800e-06,3.83373812e-01
7.45822800e-06,3.83403937e-01
7.45832800e-06,3.83431398e-01
7.45842800e-06,3.83461607e-01
7.45852800e-06,3.83489151e-01
7.45862800e-06,3.83519443e-01
7.45872800e-06,3.83547071e-01
7.45882800e-06,3.83577447e-01
7.45892800e-06,3.83605159e-01
7.45902800e-06,3.83635618e-01
7.45912800e-06,3.83663413e-01
7.45922800e-06,3.83693957e-01
7.45932800e-06,3.83721835e-01
7.45942800e-06,3.83752463e-01
7.45952800e-06,3.83780425e-01
7.45962800e-06,3.83811137e-01
7.45972800e-06,3.83839183e-01
7.45982800e-06,3.83869978e-01
7.45992800e-06,3.83898108e-01
7.46002800e-06,3.83928987e-01
7.46012800e-06,3.83957201e-01
7.46022800e-06,3.83988165e-01
7.46032800e-06,3.84016462e-01
7.46042800e-06,3.84047510e-01
7.46052800e-06,3.84075891e-01
7.46062800e-06,3.84107023e-01
7.46072800e-06,3.84135488e-01
7.46082800e-06,3.84166705e-01
7.46092800e-06,3.84195254e-01
7.46102800e-06,3.84226555e-01
7.46112800e-06,3.84255188e-01
7.46122800e-06,3.84286573e-01
7.46132800e-06,3.84315291e-01
7.46142800e-06,3.84346761e-01
7.46152800e-06,3.84375562e-01
7.46162800e-06,3.84407116e-01
7.46172800e-06,3.84436002e-01
7.46182800e-06,3.84467641e-01
7.46192800e-06,3.84496610e-01
7.46202800e-06,3.84528334e-01
7.46212800e-06,3.84557388e-01
7.46222800e-06,3.84589196e-01
7.46232800e-06,3.84618335e-01
7.46242800e-06,3.84650227e-01
7.46252800e-06,3.84679450e-01
7.46262800e-06,3.84711428e-01
7.46272800e-06,3.84740735e-01
7.46282800e-06,3.84772797e-01
7.46292800e-06,3.84802189e-01
7.46302800e-06,3.84834336e-01
7.46312800e-06,3.84863812e-01
7.46322800e-06,3.84896044e-01
7.46332800e-06,3.84925604e-01
7.46342800e-06,3.84957921e-01
7.46352800e-06,3.84987566e-01
7.46362800e-06,3.85019968e-01
7.46372800e-06,3.85049698e-01
7.46382800e-06,3.85082185e-01
7.46392800e-06,3.85111999e-01
7.46402800e-06,3.85144571e-01
7.46412800e-06,3.85174470e-01
7.46422800e-06,3.85207126e-01
7.46432800e-06,3.85237110e-01
7.46442800e-06,3.85269852e-01
7.46452800e-06,3.85299921e-01
7.46462800e-06,3.85332747e-01
7.46472800e-06,3.85362901e-01
7.46482800e-06,3.85395813e-01
7.46492800e-06,3.85426051e-01
7.46502800e-06,3.85459048e-01
7.46512800e-06,3.85489371e-01
7.46522800e-06,3.85522453e-01
7.46532800e-06,3.85552861e-01
7.46542800e-06,3.85586029e-01
7.46552800e-06,3.85616521e-01
7.46562800e-06,3.85649774e-01
7.46572800e-06,3.85680352e-01
7.46582800e-06,3.85713690e-01
7.46592800e-06,3.85744352e-01
7.46602800e-06,3.85777775e-01
7.46612800e-06,3.85808523e-01
7.46622800e-06,3.85842032e-01
7.46632800e-06,3.85872864e-01
7.46642800e-06,3.85906458e-01
7.46652800e-06,3.85937376e-01
7.46662800e-06,3.85971055e-01
7.46672800e-06,3.86002058e-01
7.46682800e-06,3.86035822e-01
7.46692800e-06,3.86066910e-01
7.46702800e-06,3.86100760e-01
7.46712800e-06,3.86131933e-01
7.46722800e-06,3.86165868e-01
7.46732800e-06,3.86197126e-01
7.46742800e-06,3.86231147e-01
7.46752800e-06,3.86262490e-01
7.46762800e-06,3.86296597e-01
7.46772800e-06,3.86328025e-01
7.46782800e-06,3.86362217e-01
7.46792800e-06,3.86393730e-01
7.46802800e-06,3.86428008e-01
7.46812800e-06,3.86459606e-01
7.46822800e-06,3.86493969e-01
7.46832800e-06,3.86525653e-01
7.46842800e-06,3.86560101e-01
7.46852800e-06,3.86591870e-01
7.46862800e-06,3.86626404e-01
7.46872800e-06,3.86658258e-01
7.46882800e-06,3.86692878e-01
7.46892800e-06,3.86724817e-01
7.46902800e-06,3.86759522e-01
7.46912800e-06,3.86791547e-01
7.46922800e-06,3.86826338e-01
7.46932800e-06,3.86858448e-01
7.46942800e-06,3.86893324e-01
7.46952800e-06,3.86925519e-01
7.46962800e-06,3.86960481e-01
7.46972800e-06,3.86992761e-01
7.46982800e-06,3.87027809e-01
7.46992800e-06,3.87060174e-01
7.47002800e-06,3.87095307e-01
7.47012800e-06,3.87127758e-01
7.47022800e-06,3.87162977e-01
7.47032800e-06,3.87195513e-01
7.47042800e-06,3.87230818e-01
7.47052800e-06,3.87263439e-01
7.47062800e-06,3.87298829e-01
7.47072800e-06,3.87331536e-01
7.47082800e-06,3.87367011e-01
7.47092800e-06,3.87399803e-01
7.47102800e-06,3.87435364e-01
7.47112800e-06,3.87468242e-01
7.47122800e-06,3.87503889e-01
7.47132800e-06,3.87536851e-01
7.47142800e-06,3.87572584e-01
7.47152800e-06,3.87605632e-01
7.47162800e-06,3.87641450e-01
7.47172800e-06,3.87674583e-01
7.47182800e-06,3.87710486e-01
7.47192800e-06,3.87743705e-01
7.47202800e-06,3.87779694e-01
7.47212800e-06,3.87812998e-01
7.47222800e-06,3.87849073e-01
7.47232800e-06,3.87882462e-01
7.47242800e-06,3.87918622e-01
7.47252800e-06,3.87952097e-01
7.47262800e-06,3.87988343e-01
7.47272800e-06,3.88021902e-01
7.47282800e-06,3.88058234e-01
7.47292800e-06,3.88091879e-01
7.47302800e-06,3.88128296e-01
7.47312800e-06,3.88162026e-01
7.47322800e-06,3.88198529e-01
7.47332800e-06,3.88232344e-01
7.47342800e-06,3.88268932e-01
7.47352800e-06,3.88302833e-01
7.47362800e-06,3.88339507e-01
7.47372800e-06,3.88373492e-01
7.47382800e-06,3.88410252e-01
7.47392800e-06,3.88444323e-01
7.47402800e-06,3.88481167e-01
7.47412800e-06,3.88515324e-01
7.47422800e-06,3.88552254e-01
7.47432800e-06,3.88586495e-01
7.47442800e-06,3.88623511e-01
7.47452800e-06,3.88657837e-01
7.47462800e-06,3.88694938e-01
7.47472800e-06,3.88729350e-01
7.47482800e-06,3.88766537e-01
7.47492800e-06,3.88801033e-01
7.47502800e-06,3.88838305e-01
7.47512800e-06,3.88872887e-01
7.47522800e-06,3.88910244e-01
7.47532800e-06,3.88944911e-01
7.47542800e-06,3.88982354e-01
7.47552800e-06,3.89017106e-01
7.47562800e-06,3.89054634e-01
7.47572800e-06,3.89089471e-01
7.47582800e-06,3.89127084e-01
7.47592800e-06,3.89162006e-01
7.47602800e-06,3.89199705e-01
7.47612800e-06,3.89234711e-01
7.47622800e-06,3.89272495e-01
7.47632800e-06,3.89307587e-01
7.47642800e-06,3.89345456e-01
7.47652800e-06,3.89380633e-01
7.47662800e-06,3.89418587e-01
7.47672800e-06,3.89453849e-01
7.47682800e-06,3.89491888e-01
7.47692800e-06,3.89527235e-01
7.47702800e-06,3.89565359e-01
7.47712800e-06,3.89600791e-01
7.47722800e-06,3.89639000e-01
7.47732800e-06,3.89674516e-01
7.47742800e-06,3.89712811e-01
7.47752800e-06,3.89748412e-01
7.47762800e-06,3.89786792e-01
7.47772800e-06,3.89822477e-01
7.47782800e-06,3.89860942e-01
7.47792800e-06,3.89896712e-01
7.47802800e-06,3.89935262e-01
7.47812800e-06,3.89971117e-01
7.47822800e-06,3.90009752e-01
7.47832800e-06,3.90045691e-01
7.47842800e-06,3.90084411e-01
7.47852800e-06,3.90120435e-01
7.47862800e-06,3.90159239e-01
7.47872800e-06,3.90195348e-01
7.47882800e-06,3.90234237e-01
7.47892800e-06,3.90270430e-01
7.47902800e-06,3.90309404e-01
7.47912800e-06,3.90345681e-01
7.47922800e-06,3.90384740e-01
7.47932800e-06,3.90421102e-01
7.47942800e-06,3.90460246e-01
7.47952800e-06,3.90496691e-01
7.47962800e-06,3.90535920e-01
7.47972800e-06,3.90572450e-01
7.47982800e-06,3.90611763e-01
7.47992800e-06,3.90648377e-01
7.48002800e-06,3.90687775e-01
7.48012800e-06,3.90724473e-01
7.48022800e-06,3.90763955e-01
7.48032800e-06,3.90800738e-01
7.48042800e-06,3.90840305e-01
7.48052800e-06,3.90877171e-01
7.48062800e-06,3.90916822e-01
7.48072800e-06,3.90953773e-01
7.48082800e-06,3.90993508e-01
7.48092800e-06,3.91030543e-01
7.48102800e-06,3.91070363e-01
7.48112800e-06,3.91107481e-01
7.48122800e-06,3.91147385e-01
7.48132800e-06,3.91184588e-01
7.48142800e-06,3.91224576e-01
7.48152800e-06,3.91261862e-01
7.48162800e-06,3.91301934e-01
7.48172800e-06,3.91339304e-01
7.48182800e-06,3.91379460e-01
7.48192800e-06,3.91416914e-01
7.48202800e-06,3.91457154e-01
7.48212800e-06,3.91494692e-01
7.48222800e-06,3.91535016e-01
7.48232800e-06,3.91572637e-01
7.48242800e-06,3.91613045e-01
7.48252800e-06,3.91650749e-01
7.48262800e-06,3.91691241e-01
7.48272800e-06,3.91729029e-01
7.48282800e-06,3.91769605e-01
7.48292800e-06,3.91807476e-01
7.48302800e-06,3.91848135e-01
7.48312800e-06,3.91886090e-01
7.48322800e-06,3.91926833e-01
7.48332800e-06,3.91964871e-01
7.48342800e-06,3.92005697e-01
7.48352800e-06,3.92043818e-01
7.48362800e-06,3.92084728e-01
7.48372800e-06,3.92122933e-01
7.48382800e-06,3.92163926e-01
7.48392800e-06,3.92202213e-01
7.48402800e-06,3.92243290e-01
7.48412800e-06,3.92281660e-01
7.48422800e-06,3.92322820e-01
7.48432800e-06,3.92361273e-01
7.48442800e-06,3.92402517e-01
7.48452800e-06,3.92441053e-01
7.48462800e-06,3.92482379e-01
7.48472800e-06,3.92520998e-01
7.48482800e-06,3.92562407e-01
7.48492800e-06,3.92601108e-01
7.48502800e-06,3.92642601e-01
7.48512800e-06,3.92681385e-01
7.48522800e-06,3.92722960e-01
7.48532800e-06,3.92761827e-01
7.48542800e-06,3.92803485e-01
7.48552800e-06,3.92842434e-01
7.48562800e-06,3.92884174e-01
7.48572800e-06,3.92923206e-01
7.48582800e-06,3.92965029e-01
7.48592800e-06,3.93004143e-01
7.48602800e-06,3.93046049e-01
7.48612800e-06,3.93085245e-01
7.48622800e-06,3.93127234e-01
7.48632800e-06,3.93166512e-01
7.48642800e-06,3.93208582e-01
7.48652800e-06,3.93247942e-01
7.48662800e-06,3.93290096e-01
7.48672800e-06,3.93329538e-01
7.48682800e-06,3.93371773e-01
7.48692800e-06,3.93411297e-01
7.48702800e-06,3.93453615e-01
7.48712800e-06,3.93493220e-01
7.48722800e-06,3.93535620e-01
7.48732800e-06,3.93575307e-01
7.48742800e-06,3.93617789e-01
7.48752800e-06,3.93657558e-01
7.48762800e-06,3.93700121e-01
7.48772800e-06,3.93739972e-01
7.48782800e-06,3.93782617e-01
7.48792800e-06,3.93822549e-01
7.48802800e-06,3.93865276e-01
7.48812800e-06,3.93905289e-01
7.48822800e-06,3.93948098e-01
7.48832800e-06,3.93988192e-01
7.48842800e-06,3.94031082e-01
7.48852800e-06,3.94071258e-01
7.48862800e-06,3.94114229e-01
7.48872800e-06,3.94154486e-01
7.48882800e-06,3.94197539e-01
7.48892800e-06,3.94237876e-01
7.48902800e-06,3.94281010e-01
7.48912800e-06,3.94321428e-01
7.48922800e-06,3.94364643e-01
7.48932800e-06,3.94405142e-01
7.48942800e-06,3.94448439e-01
7.48952800e-06,3.94489018e-01
7.48962800e-06,3.94532395e-01
7.48972800e-06,3.94573055e-01
7.48982800e-06,3.94616513e-01
7.48992800e-06,3.94657254e-01
7.49002800e-06,3.94700792e-01
7.49012800e-06,3.94741613e-01
7.49022800e-06,3.94785233e-01
7.49032800e-06,3.94826134e-01
7.49042800e-06,3.94869833e-01
7.49052800e-06,3.94910814e-01
7.49062800e-06,3.94954595e-01
7.49072800e-06,3.94995656e-01
7.49082800e-06,3.95039516e-01
7.49092800e-06,3.95080657e-01
7.49102800e-06,3.95124598e-01
7.49112800e-06,3.95165818e-01
7.49122800e-06,3.95209839e-01
7.49132800e-06,3.95251139e-01
7.49142800e-06,3.95295240e-01
7.49152800e-06,3.95336620e-01
7.49162800e-06,3.95380800e-01
7.49172800e-06,3.95422260e-01
7.49182800e-06,3.95466520e-01
7.49192800e-06,3.95508059e-01
7.49202800e-06,3.95552398e-01
7.49212800e-06,3.95594016e-01
7.49222800e-06,3.95638435e-01
7.49232800e-06,3.95680132e-01
7.49242800e-06,3.95724631e-01
7.49252800e-06,3.95766407e-01
7.49262800e-06,3.95810985e-01
7.49272800e-06,3.95852839e-01
7.49282800e-06,3.95897496e-01
7.49292800e-06,3.95939430e-01
7.49302800e-06,3.95984166e-01
7.49312800e-06,3.96026178e-01
7.49322800e-06,3.96070993e-01
7.49332800e-06,3.96113083e-01
7.49342800e-06,3.96157977e-01
7.49352800e-06,3.96200146e-01
7.49362800e-06,3.96245118e-01
7.49372800e-06,3.96287365e-01
7.49382800e-06,3.96332416e-01
7.49392800e-06,3.96374741e-01
7.49402800e-06,3.96419870e-01
7.49412800e-06,3.96462273e-01
7.49422800e-06,3.96507481e-01
7.49432800e-06,3.96549962e-01
7.49442800e-06,3.96595247e-01
7.49452800e-06,3.96637806e-01
7.49462800e-06,3.96683170e-01
7.49472800e-06,3.96725806e-01
7.49482800e-06,3.96771247e-01
7.49492800e-06,3.96813961e-01
7.49502800e-06,3.96859480e-01
7.49512800e-06,3.96902272e-01
7.49522800e-06,3.96947868e-01
7.49532800e-06,3.96990737e-01
7.49542800e-06,3.97036411e-01
7.49552800e-06,3.97079356e-01
7.49562800e-06,3.97125108e-01
7.49572800e-06,3.97168130e-01
7.49582800e-06,3.97213959e-01
7.49592800e-06,3.97257058e-01
7.49602800e-06,3.97302964e-01
7.49612800e-06,3.97346140e-01
7.49622800e-06,3.97392122e-01
7.49632800e-06,3.97435375e-01
7.49642800e-06,3.97481434e-01
7.49652800e-06,3.97524763e-01
7.49662800e-06,3.97570899e-01
7.49672800e-06,3.97614304e-01
7.49682800e-06,3.97660516e-01
7.49692800e-06,3.97703998e-01
7.49702800e-06,3.97750287e-01
7.49712800e-06,3.97793844e-01
7.49722800e-06,3.97840209e-01
7.49732800e-06,3.97883842e-01
7.49742800e-06,3.97930283e-01
7.49752800e-06,3.97973991e-01
7.49762800e-06,3.98020508e-01
7.49772800e-06,3.98064292e-01
7.49782800e-06,3.98110885e-01
7.49792800e-06,3.98154745e-01
7.49802800e-06,3.98201413e-01
7.49812800e-06,3.98245348e-01
7.49822800e-06,3.98292092e-01
7.49832800e-06,3.98336102e-01
7.49842800e-06,3.98382921e-01
7.49852800e-06,3.98427005e-01
7.49862800e-06,3.98473900e-01
7.49872800e-06,3.98518059e-01
7.49882800e-06,3.98565029e-01
7.49892800e-06,3.98609263e-01
7.49902800e-06,3.98656307e-01
7.49912800e-06,3.98700616e-01
7.49922800e-06,3.98747735e-01
7.49932800e-06,3.98792118e-01
7.49942800e-06,3.98839312e-01
7.49952800e-06,3.98883768e-01
7.49962800e-06,3.98931037e-01
7.49972800e-06,3.98975568e-01
7.49982800e-06,3.99022910e-01
7.49992800e-06,3.99067515e-01
7.50002800e-06,3.99114931e-01
7.50012800e-06,3.99159610e-01
7.50022800e-06,3.99207100e-01
7.50032800e-06,3.99251852e-01
7.50042800e-06,3.99299417e-01
7.50052800e-06,3.99344242e-01
7.50062800e-06,3.99391880e-01
7.50072800e-06,3.99436778e-01
7.50082800e-06,3.99484490e-01
7.50092800e-06,3.99529461e-01
7.50102800e-06,3.99577246e-01
7.50112800e-06,3.99622290e-01
7.50122800e-06,3.99670148e-01
7.50132800e-06,3.99715265e-01
7.50142800e-06,3.99763196e-01
7.50152800e-06,3.99808386e-01
7.50162800e-06,3.99856389e-01
7.50172800e-06,3.99901652e-01
7.50182800e-06,3.99949728e-01
7.50192800e-06,3.99995062e-01
7.50202800e-06,4.00043211e-01
7.50212800e-06,4.00088617e-01
7.50222800e-06,4.00136838e-01
7.50232800e-06,4.00182316e-01
7.50242800e-06,4.00230610e-01
7.50252800e-06,4.00276160e-01
7.50262800e-06,4.00324525e-01
7.50272800e-06,4.00370146e-01
7.50282800e-06,4.00418583e-01
7.50292800e-06,4.00464276e-01
7.50302800e-06,4.00512785e-01
7.50312800e-06,4.00558549e-01
7.50322800e-06,4.00607129e-01
7.50332800e-06,4.00652964e-01
7.50342800e-06,4.00701615e-01
7.50352800e-06,4.00747521e-01
7.50362800e-06,4.00796244e-01
7.50372800e-06,4.00842220e-01
7.50382800e-06,4.00891014e-01
7.50392800e-06,4.00937061e-01
7.50402800e-06,4.00985925e-01
7.50412800e-06,4.01032042e-01
7.50422800e-06,4.01080977e-01
7.50432800e-06,4.01127165e-01
7.50442800e-06,4.01176170e-01
7.50452800e-06,4.01222427e-01
7.50462800e-06,4.01271502e-01
7.50472800e-06,4.01317830e-01
7.50482800e-06,4.01366975e-01
7.50492800e-06,4.01413372e-01
7.50502800e-06,4.01462587e-01
7.50512800e-06,4.01509054e-01
7.50522800e-06,4.01558338e-01
7.50532800e-06,4.01604874e-01
7.50542800e-06,4.01654228e-01
7.50552800e-06,4.01700833e-01
7.50562800e-06,4.01750257e-01
7.50572800e-06,4.01796930e-01
7.50582800e-06,4.01846423e-01
7.50592800e-06,4.01893165e-01
7.50602800e-06,4.01942727e-01
7.50612800e-06,4.01989538e-01
7.50622800e-06,4.02039168e-01
7.50632800e-06,4.02086047e-01
7.50642800e-06,4.02135746e-01
7.50652800e-06,4.02182694e-01
7.50662800e-06,4.02232461e-01
7.50672800e-06,4.02279476e-01
7.50682800e-06,4.02329312e-01
7.50692800e-06,4.02376395e-01
7.50702800e-06,4.02426298e-01
7.50712800e-06,4.02473449e-01
7.50722800e-06,4.02523420e-01
7.50732800e-06,4.02570638e-01
7.50742800e-06,4.02620677e-01
7.50752800e-06,4.02667962e-01
7.50762800e-06,4.02718068e-01
7.50772800e-06,4.02765420e-01
7.50782800e-06,4.02815594e-01
7.50792800e-06,4.02863013e-01
7.50802800e-06,4.02913254e-01
7.50812800e-06,4.02960739e-01
7.50822800e-06,4.03011046e-01
7.50832800e-06,4.03058598e-01
7.50842800e-06,4.03108972e-01
7.50852800e-06,4.03156590e-01
7.50862800e-06,4.03207031e-01
7.50872800e-06,4.03254715e-01
7.50882800e-06,4.03305222e-01
7.50892800e-06,4.03352972e-01
7.50902800e-06,4.03403545e-01
7.50912800e-06,4.03451360e-01
7.50922800e-06,4.03501999e-01
7.50932800e-06,4.03549880e-01
7.50942800e-06,4.03600584e-01
7.50952800e-06,4.03648530e-01
7.50962800e-06,4.03699300e-01
7.50972800e-06,4.03747311e-01
7.50982800e-06,4.03798146e-01
7.50992800e-06,4.03846222e-01
7.51002800e-06,4.03897123e-01
7.51012800e-06,4.03945263e-01
7.51022800e-06,4.03996228e-01
7.51032800e-06,4.04044433e-01
7.51042800e-06,4.04095463e-01
7.51052800e-06,4.04143732e-01
7.51062800e-06,4.04194826e-01
7.51072800e-06,4.04243159e-01
7.51082800e-06,4.04294318e-01
7.51092800e-06,4.04342714e-01
7.51102800e-06,4.04393937e-01
7.51112800e-06,4.04442397e-01
7.51122800e-06,4.04493684e-01
7.51132800e-06,4.04542207e-01
7.51142800e-06,4.04593557e-01
7.51152800e-06,4.04642144e-01
7.51162800e-06,4.04693558e-01
7.51172800e-06,4.04742208e-01
7.51182800e-06,4.04793684e-01
7.51192800e-06,4.04842397e-01
7.51202800e-06,4.04893937e-01
7.51212800e-06,4.04942712e-01
7.51222800e-06,4.04994314e-01
7.51232800e-06,4.05043152e-01
7.51242800e-06,4.05094817e-01
7.51252800e-06,4.05143716e-01
7.51262800e-06,4.05195444e-01
7.51272800e-06,4.05244405e-01
7.51282800e-06,4.05296195e-01
7.51292800e-06,4.05345218e-01
7.51302800e-06,4.05397069e-01
7.51312800e-06,4.05446154e-01
7.51322800e-06,4.05498067e-01
7.51332800e-06,4.05547213e-01
7.51342800e-06,4.05599188e-01
7.51352800e-06,4.05648395e-01
7.51362800e-06,4.05700431e-01
7.51372800e-06,4.05749699e-01
7.51382800e-06,4.05801796e-01
7.51392800e-06,4.05851124e-01
7.51402800e-06,4.05903282e-01
7.51412800e-06,4.05952671e-01
7.51422800e-06,4.06004890e-01
7.51432800e-06,4.06054339e-01
7.51442800e-06,4.06106618e-01
7.51452800e-06,4.06156127e-01
7.51462800e-06,4.06208466e-01
7.51472800e-06,4.06258035e-01
7.51482800e-06,4.06310434e-01
7.51492800e-06,4.06360063e-01
7.51502800e-06,4.06412522e-01
7.51512800e-06,4.06462209e-01
7.51522800e-06,4.06514728e-01
7.51532800e-06,4.06564475e-01
7.51542800e-06,4.06617053e-01
7.51552800e-06,4.06666858e-01
7.51562800e-06,4.06719495e-01
7.51572800e-06,4.06769359e-01
7.51582800e-06,4.06822055e-01
7.51592800e-06,4.06871978e-01
7.51602800e-06,4.06924733e-01
7.51612800e-06,4.06974714e-01
7.51622800e-06,4.07027527e-01
7.51632800e-06,4.07077565e-01
7.51642800e-06,4.07130437e-01
7.51652800e-06,4.07180533e-01
7.51662800e-06,4.07233463e-01
7.51672800e-06,4.07283617e-01
7.51682800e-06,4.07336604e-01
7.51692800e-06,4.07386815e-01
7.51702800e-06,4.07439860e-01
7.51712800e-06,4.07490128e-01
7.51722800e-06,4.07543230e-01
7.51732800e-06,4.07593556e-01
7.51742800e-06,4.07646715e-01
7.51752800e-06,4.07697097e-01
7.51762800e-06,4.07750313e-01
7.51772800e-06,4.07800751e-01
7.51782800e-06,4.07854023e-01
7.51792800e-06,4.07904518e-01
7.51802800e-06,4.07957847e-01
7.51812800e-06,4.08008397e-01
7.51822800e-06,4.08061783e-01
7.51832800e-06,4.08112389e-01
7.51842800e-06,4.08165830e-01
7.51852800e-06,4.08216492e-01
7.51862800e-06,4.08269988e-01
7.51872800e-06,4.08320705e-01
7.51882800e-06,4.08374258e-01
7.51892800e-06,4.08425030e-01
7.51902800e-06,4.08478637e-01
7.51912800e-06,4.08529464e-01
7.51922800e-06,4.08583127e-01
7.51932800e-06,4.08634008e-01
7.51942800e-06,4.08687725e-01
7.51952800e-06,4.08738661e-01
7.51962800e-06,4.08792433e-01
7.51972800e-06,4.08843423e-01
7.51982800e-06,4.08897249e-01
7.51992800e-06,4.08948292e-01
7.52002800e-06,4.09002173e-01
7.52012800e-06,4.09053270e-01
7.52022800e-06,4.09107204e-01
7.52032800e-06,4.09158355e-01
7.52042800e-06,4.09212343e-01
7.52052800e-06,4.09263547e-01
7.52062800e-06,4.09317588e-01
7.52072800e-06,4.09368845e-01
7.52082800e-06,4.09422939e-01
7.52092800e-06,4.09474249e-01
7.52102800e-06,4.09528396e-01
7.52112800e-06,4.09579758e-01
7.52122800e-06,4.09633958e-01
7.52132800e-06,4.09685372e-01
7.52142800e-06,4.09739625e-01
7.52152800e-06,4.09791090e-01
7.52162800e-06,4.09845395e-01
7.52172800e-06,4.09896913e-01
7.52182800e-06,4.09951270e-01
7.52192800e-06,4.10002839e-01
7.52202800e-06,4.10057248e-01
7.52212800e-06,4.10108868e-01
7.52222800e-06,4.10163328e-01
7.52232800e-06,4.10215000e-01
7.52242800e-06,4.10269511e-01
7.52252800e-06,4.10321233e-01
7.52262800e-06,4.10375796e-01
7.52272800e-06,4.10427568e-01
7.52282800e-06,4.10482181e-01
7.52292800e-06,4.10534005e-01
7.52302800e-06,4.10588668e-01
7.52312800e-06,4.10640542e-01
7.52322800e-06,4.10695256e-01
7.52332800e-06,4.10747179e-01
7.52342800e-06,4.10801943e-01
7.52352800e-06,4.10853915e-01
7.52362800e-06,4.10908729e-01
7.52372800e-06,4.10960751e-01
7.52382800e-06,4.11015614e-01
7.52392800e-06,4.11067686e-01
7.52402800e-06,4.11122598e-01
7.52412800e-06,4.11174718e-01
7.52422800e-06,4.11229680e-01
7.52432800e-06,4.11281849e-01
7.52442800e-06,4.11336859e-01
7.52452800e-06,4.11389076e-01
7.52462800e-06,4.11444136e-01
7.52472800e-06,4.11496401e-01
7.52482800e-06,4.11551509e-01
7.52492800e-06,4.11603822e-01
7.52502800e-06,4.11658977e-01
7.52512800e-06,4.11711338e-01
7.52522800e-06,4.11766542e-01
7.52532800e-06,4.11818950e-01
7.52542800e-06,4.11874201e-01
7.52552800e-06,4.11926656e-01
7.52562800e-06,4.11981955e-01
7.52572800e-06,4.12034457e-01
7.52582800e-06,4.12089803e-01
7.52592800e-06,4.12142352e-01
7.52602800e-06,4.12197745e-01
7.52612800e-06,4.12250340e-01
7.52622800e-06,4.12305779e-01
7.52632800e-06,4.12358421e-01
7.52642800e-06,4.12413907e-01
7.52652800e-06,4.12466594e-01
7.52662800e-06,4.12522126e-01
7.52672800e-06,4.12574859e-01
7.52682800e-06,4.12630437e-01
7.52692800e-06,4.12683216e-01
7.52702800e-06,4.12738839e-01
7.52712800e-06,4.12791663e-01
7.52722800e-06,4.12847332e-01
7.52732800e-06,4.12900201e-01
7.52742800e-06,4.12955915e-01
7.52752800e-06,4.13008828e-01
7.52762800e-06,4.13064587e-01
7.52772800e-06,4.13117545e-01
7.52782800e-06,4.13173349e-01
7.52792800e-06,4.13226351e-01
7.52802800e-06,4.13282199e-01
7.52812800e-06,4.13335245e-01
7.52822800e-06,4.13391138e-01
7.52832800e-06,4.13444228e-01
7.52842800e-06,4.13500164e-01
7.52852800e-06,4.13553297e-01
7.52862800e-06,4.13609277e-01
7.52872800e-06,4.13662454e-01
7.52882800e-06,4.13718477e-01
7.52892800e-06,4.13771697e-01
7.52902800e-06,4.13827764e-01
7.52912800e-06,4.13881026e-01
7.52922800e-06,4.13937135e-01
7.52932800e-06,4.13990440e-01
7.52942800e-06,4.14046592e-01
7.52952800e-06,4.14099939e-01
7.52962800e-06,4.14156134e-01
7.52972800e-06,4.14209523e-01
7.52982800e-06,4.14265760e-01
7.52992800e-06,4.14319190e-01
7.53002800e-06,4.14375470e-01
7.53012800e-06,4.14428941e-01
7.53022800e-06,4.14485262e-01
7.53032800e-06,4.14538775e-01
7.53042800e-06,4.14595138e-01
7.53052800e-06,4.14648692e-01
7.53062800e-06,4.14705096e-01
7.53072800e-06,4.14758690e-01
7.53082800e-06,4.14815135e-01
7.53092800e-06,4.14868770e-01
7.53102800e-06,4.14925255e-01
7.53112800e-06,4.14978931e-01
7.53122800e-06,4.15035457e-01
7.53132800e-06,4.15089172e-01
7.53142800e-06,4.15145738e-01
7.53152800e-06,4.15199493e-01
7.53162800e-06,4.15256099e-01
7.53172800e-06,4.15309894e-01
7.53182800e-06,4.15366540e-01
7.53192800e-06,4.15420374e-01
7.53202800e-06,4.15477059e-01
7.53212800e-06,4.15530932e-01
7.53222800e-06,4.15587656e-01
7.53232800e-06,4.15641568e-01
7.53242800e-06,4.15698331e-01
7.53252800e-06,4.15752281e-01
7.53262800e-06,4.15809083e-01
7.53272800e-06,4.15863072e-01
7.53282800e-06,4.15919912e-01
7.53292800e-06,4.15973938e-01
7.53302800e-06,4.16030817e-01
7.53312800e-06,4.16084881e-01
7.53322800e-06,4.16141798e-01
7.53332800e-06,4.16195899e-01
7.53342800e-06,4.16252854e-01
7.53352800e-06,4.16306992e-01
7.53362800e-06,4.16363984e-01
7.53372800e-06,4.16418160e-01
7.53382800e-06,4.16475189e-01
7.53392800e-06,4.16529402e-01
7.53402800e-06,4.16586468e-01
7.53412800e-06,4.16640717e-01
7.53422800e-06,4.16697819e-01
7.53432800e-06,4.16752105e-01
7.53442800e-06,4.16809244e-01
7.53452800e-06,4.16863565e-01
7.53462800e-06,4.16920740e-01
7.53472800e-06,4.16975097e-01
7.53482800e-06,4.17032309e-01
7.53492800e-06,4.17086701e-01
7.53502800e-06,4.17143948e-01
7.53512800e-06,4.17198376e-01
7.53522800e-06,4.17255658e-01
7.53532800e-06,4.17310121e-01
7.53542800e-06,4.17367439e-01
7.53552800e-06,4.17421936e-01
7.53562800e-06,4.17479289e-01
7.53572800e-06,4.17533820e-01
7.53582800e-06,4.17591208e-01
7.53592800e-06,4.17645774e-01
7.53602800e-06,4.17703196e-01
7.53612800e-06,4.17757796e-01
7.53622800e-06,4.17815252e-01
7.53632800e-06,4.17869886e-01
7.53642800e-06,4.17927376e-01
7.53652800e-06,4.17982043e-01
7.53662800e-06,4.18039567e-01
7.53672800e-06,4.18094267e-01
7.53682800e-06,4.18151824e-01
7.53692800e-06,4.18206558e-01
7.53702800e-06,4.18264148e-01
7.53712800e-06,4.18318914e-01
7.53722800e-06,4.18376538e-01
7.53732800e-06,4.18431336e-01
7.53742800e-06,4.18488993e-01
7.53752800e-06,4.18543823e-01
7.53762800e-06,4.18601512e-01
7.53772800e-06,4.18656375e-01
7.53782800e-06,4.18714096e-01
7.53792800e-06,4.18768990e-01
7.53802800e-06,4.18826743e-01
7.53812800e-06,4.18881669e-01
7.53822800e-06,4.18939454e-01
7.53832800e-06,4.18994411e-01
7.53842800e-06,4.19052227e-01
7.53852800e-06,4.19107215e-01
7.53862800e-06,4.19165063e-01
7.53872800e-06,4.19220082e-01
7.53882800e-06,4.19277960e-01
7.53892800e-06,4.19333009e-01
7.53902800e-06,4.19390918e-01
7.53912800e-06,4.19445998e-01
7.53922800e-06,4.19503938e-01
7.53932800e-06,4.19559047e-01
7.53942800e-06,4.19617017e-01
7.53952800e-06,4.19672156e-01
7.53962800e-06,4.19730156e-01
7.53972800e-06,4.19785325e-01
7.53982800e-06,4.19843354e-01
7.53992800e-06,4.19898553e-01
7.54002800e-06,4.19956612e-01
7.54012800e-06,4.20011839e-01
7.54022800e-06,4.20069927e-01
7.54032800e-06,4.20125183e-01
7.54042800e-06,4.20183300e-01
7.54052800e-06,4.20238585e-01
7.54062800e-06,4.20296731e-01
7.54072800e-06,4.20352043e-01
7.54082800e-06,4.20410218e-01
7.54092800e-06,4.20465559e-01
7.54102800e-06,4.20523761e-01
7.54112800e-06,4.20579130e-01
7.54122800e-06,4.20637361e-01
7.54132800e-06,4.20692757e-01
7.54142800e-06,4.20751015e-01
7.54152800e-06,4.20806438e-01
7.54162800e-06,4.20864725e-01
7.54172800e-06,4.20920175e-01
7.54182800e-06,4.20978488e-01
7.54192800e-06,4.21033965e-01
7.54202800e-06,4.21092306e-01
7.54212800e-06,4.21147810e-01
7.54222800e-06,4.21206177e-01
7.54232800e-06,4.21261707e-01
7.54242800e-06,4.21320101e-01
7.54252800e-06,4.21375657e-01
7.54262800e-06,4.21434077e-01
7.54272800e-06,4.21489659e-01
7.54282800e-06,4.21548105e-01
7.54292800e-06,4.21603712e-01
7.54302800e-06,4.21662184e-01
7.54312800e-06,4.21717817e-01
7.54322800e-06,4.21776315e-01
7.54332800e-06,4.21831973e-01
7.54342800e-06,4.21890495e-01
7.54352800e-06,4.21946178e-01
7.54362800e-06,4.22004726e-01
7.54372800e-06,4.22060434e-01
7.54382800e-06,4.22119006e-01
7.54392800e-06,4.22174738e-01
7.54402800e-06,4.22233336e-01
7.54412800e-06,4.22289091e-01
7.54422800e-06,4.22347713e-01
7.54432800e-06,4.22403493e-01
7.54442800e-06,4.22462139e-01
7.54452800e-06,4.22517942e-01
7.54462800e-06,4.22576612e-01
7.54472800e-06,4.22632439e-01
7.54482800e-06,4.22691133e-01
7.54492800e-06,4.22746983e-01
7.54502800e-06,4.22805700e-01
7.54512800e-06,4.22861572e-01
7.54522800e-06,4.22920313e-01
7.54532800e-06,4.22976208e-01
7.54542800e-06,4.23034971e-01
7.54552800e-06,4.23090889e-01
7.54562800e-06,4.23149675e-01
7.54572800e-06,4.23205615e-01
7.54582800e-06,4.23264424e-01
7.54592800e-06,4.23320386e-01
7.54602800e-06,4.23379216e-01
7.54612800e-06,4.23435200e-01
7.54622800e-06,4.23494053e-01
7.54632800e-06,4.23550058e-01
7.54642800e-06,4.23608932e-01
7.54652800e-06,4.23664959e-01
7.54662800e-06,4.23723855e-01
7.54672800e-06,4.23779903e-01
7.54682800e-06,4.23838820e-01
7.54692800e-06,4.23894888e-01
7.54702800e-06,4.23953826e-01
7.54712800e-06,4.24009915e-01
7.54722800e-06,4.24068874e-01
7.54732800e-06,4.24124984e-01
7.54742800e-06,4.24183963e-01
7.54752800e-06,4.24240093e-01
7.54762800e-06,4.24299093e-01
7.54772800e-06,4.24355242e-01
7.54782800e-06,4.24414262e-01
7.54792800e-06,4.24470431e-01
7.54802800e-06,4.24529471e-01
7.54812800e-06,4.24585659e-01
7.54822800e-06,4.24644719e-01
7.54832800e-06,4.24700926e-01
7.54842800e-06,4.24760005e-01
7.54852800e-06,4.24816232e-01
7.54862800e-06,4.24875330e-01
7.54872800e-06,4.24931575e-01
7.54882800e-06,4.24990692e-01
7.54892800e-06,4.25046956e-01
7.54902800e-06,4.25106092e-01
7.54912800e-06,4.25162374e-01
7.54922800e-06,4.25221528e-01
7.54932800e-06,4.25277828e-01
7.54942800e-06,4.25337001e-01
7.54952800e-06,4.25393318e-01
7.54962800e-06,4.25452509e-01
7.54972800e-06,4.25508844e-01
7.54982800e-06,4.25568053e-01
7.54992800e-06,4.25624405e-01
7.55002800e-06,4.25683631e-01
7.55012800e-06,4.25740001e-01
7.55022800e-06,4.25799244e-01
7.55032800e-06,4.25855631e-01
7.55042800e-06,4.25914892e-01
7.55052800e-06,4.25971295e-01
7.55062800e-06,4.26030572e-01
7.55072800e-06,4.26086992e-01
7.55082800e-06,4.26146286e-01
7.55092800e-06,4.26202722e-01
7.55102800e-06,4.26262033e-01
7.55112800e-06,4.26318485e-01
7.55122800e-06,4.26377811e-01
7.55132800e-06,4.26434279e-01
7.55142800e-06,4.26493622e-01
7.55152800e-06,4.26550105e-01
7.55162800e-06,4.26609464e-01
7.55172800e-06,4.26665962e-01
7.55182800e-06,4.26725336e-01
7.55192800e-06,4.26781850e-01
7.55202800e-06,4.26841240e-01
7.55212800e-06,4.26897768e-01
7.55222800e-06,4.26957173e-01
7.55232800e-06,4.27013716e-01
7.55242800e-06,4.27073135e-01
7.55252800e-06,4.27129693e-01
7.55262800e-06,4.27189127e-01
7.55272800e-06,4.27245699e-01
7.55282800e-06,4.27305148e-01
7.55292800e-06,4.27361733e-01
7.55302800e-06,4.27421196e-01
7.55312800e-06,4.27477796e-01
7.55322800e-06,4.27537273e-01
7.55332800e-06,4.27593886e-01
7.55342800e-06,4.27653377e-01
7.55352800e-06,4.27710003e-01
7.55362800e-06,4.27769508e-01
7.55372800e-06,4.27826147e-01
7.55382800e-06,4.27885665e-01
7.55392800e-06,4.27942318e-01
7.55402800e-06,4.28001849e-01
7.55412800e-06,4.28058514e-01
7.55422800e-06,4.28118058e-01
7.55432800e-06,4.28174736e-01
7.55442800e-06,4.28234292e-01
7.55452800e-06,4.28290982e-01
7.55462800e-06,4.28350552e-01
7.55472800e-06,4.28407253e-01
7.55482800e-06,4.28466835e-01
7.55492800e-06,4.28523549e-01
7.55502800e-06,4.28583143e-01
7.55512800e-06,4.28639868e-01
7.55522800e-06,4.28699474e-01
7.55532800e-06,4.28756211e-01
7.55542800e-06,4.28815828e-01
7.55552800e-06,4.28872576e-01
7.55562800e-06,4.28932205e-01
7.55572800e-06,4.28988964e-01
7.55582800e-06,4.29048604e-01
7.55592800e-06,4.29105374e-01
7.55602800e-06,4.29165025e-01
7.55612800e-06,4.29221806e-01
7.55622800e-06,4.29281468e-01
7.55632800e-06,4.29338259e-01
7.55642800e-06,4.29397931e-01
7.55652800e-06,4.29454732e-01
7.55662800e-06,4.29514415e-01
7.55672800e-06,4.29571226e-01
7.55682800e-06,4.29630920e-01
7.55692800e-06,4.29687741e-01
7.55702800e-06,4.29747444e-01
7.55712800e-06,4.29804274e-01
7.55722800e-06,4.29863988e-01
7.55732800e-06,4.29920827e-01
7.55742800e-06,4.29980550e-01
7.55752800e-06,4.30037399e-01
7.55762800e-06,4.30097132e-01
7.55772800e-06,4.30153990e-01
7.55782800e-06,4.30213731e-01
7.55792800e-06,4.30270598e-01
7.55802800e-06,4.30330348e-01
7.55812800e-06,4.30387224e-01
7.55822800e-06,4.30446983e-01
7.55832800e-06,4.30503867e-01
7.55842800e-06,4.30563635e-01
7.55852800e-06,4.30620526e-01
7.55862800e-06,4.30680303e-01
7.55872800e-06,4.30737203e-01
7.55882800e-06,4.30796988e-01
7.55892800e-06,4.30853895e-01
7.55902800e-06,4.30913688e-01
7.55912800e-06,4.30970603e-01
7.55922800e-06,4.31030404e-01
7.55932800e-06,4.31087326e-01
7.55942800e-06,4.31147134e-01
7.55952800e-06,4.31204064e-01
7.55962800e-06,4.31263880e-01
7.55972800e-06,4.31320817e-01
7.55982800e-06,4.31380640e-01
7.55992800e-06,4.31437583e-01
7.56002800e-06,4.31497413e-01
7.56012800e-06,4.31554363e-01
7.56022800e-06,4.31614201e-01
7.56032800e-06,4.31671157e-01
7.56042800e-06,4.31731001e-01
7.56052800e-06,4.31787963e-01
7.56062800e-06,4.31847814e-01
7.56072800e-06,4.31904783e-01
7.56082800e-06,4.31964639e-01
7.56092800e-06,4.32021614e-01
7.56102800e-06,4.32081477e-01
7.56112800e-06,4.32138457e-01
7.56122800e-06,4.32198326e-01
7.56132800e-06,4.32255311e-01
7.56142800e-06,4.32315186e-01
7.56152800e-06,4.32372177e-01
7.56162800e-06,4.32432057e-01
7.56172800e-06,4.32489053e-01
7.56182800e-06,4.32548939e-01
7.56192800e-06,4.32605940e-01
7.56202800e-06,4.32665831e-01
7.56212800e-06,4.32722837e-01
7.56222800e-06,4.32782732e-01
7.56232800e-06,4.32839743e-01
7.56242800e-06,4.32899643e-01
7.56252800e-06,4.32956658e-01
7.56262800e-06,4.33016564e-01
7.56272800e-06,4.33073583e-01
7.56282800e-06,4.33133493e-01
7.56292800e-06,4.33190516e-01
7.56302800e-06,4.33250430e-01
7.56312800e-06,4.33307457e-01
7.56322800e-06,4.33367375e-01
7.56332800e-06,4.33424406e-01
7.56342800e-06,4.33484328e-01
7.56352800e-06,4.33541362e-01
7.56362800e-06,4.33601288e-01
7.56372800e-06,4.33658325e-01
7.56382800e-06,4.33718255e-01
7.56392800e-06,4.33775295e-01
7.56402800e-06,4.33835228e-01
7.56412800e-06,4.33892272e-01
7.56422800e-06,4.33952208e-01
7.56432800e-06,4.34009255e-01
7.56442800e-06,4.34069194e-01
7.56452800e-06,4.34126243e-01
7.56462800e-06,4.34186185e-01
7.56472800e-06,4.34243237e-01
7.56482800e-06,4.34303182e-01
7.56492800e-06,4.34360236e-01
7.56502800e-06,4.34420183e-01
7.56512800e-06,4.34477239e-01
7.56522800e-06,4.34537189e-01
7.56532800e-06,4.34594247e-01
7.56542800e-06,4.34654199e-01
7.56552800e-06,4.34711259e-01
7.56562800e-06,4.34771214e-01
7.56572800e-06,4.34828275e-01
7.56582800e-06,4.34888231e-01
7.56592800e-06,4.34945294e-01
7.56602800e-06,4.35005252e-01
7.56612800e-06,4.35062316e-01
7.56622800e-06,4.35122276e-01
7.56632800e-06,4.35179341e-01
7.56642800e-06,4.35239302e-01
7.56652800e-06,4.35296368e-01
7.56662800e-06,4.35356330e-01
7.56672800e-06,4.35413397e-01
7.56682800e-06,4.35473361e-01
7.56692800e-06,4.35530428e-01
7.56702800e-06,4.35590393e-01
7.56712800e-06,4.35647461e-01
7.56722800e-06,4.35707426e-01
7.56732800e-06,4.35764494e-01
7.56742800e-06,4.35824460e-01
7.56752800e-06,4.35881529e-01
7.56762800e-06,4.35941495e-01
7.56772800e-06,4.35998563e-01
7.56782800e-06,4.36058530e-01
7.56792800e-06,4.36115598e-01
7.56802800e-06,4.36175565e-01
7.56812800e-06,4.36232633e-01
7.56822800e-06,4.36292600e-01
7.56832800e-06,4.36349668e-01
7.56842800e-06,4.36409634e-01
7.56852800e-06,4.36466701e-01
7.56862800e-06,4.36526668e-01
7.56872800e-06,4.36583734e-01
7.56882800e-06,4.36643700e-01
7.56892800e-06,4.36700766e-01
7.56902800e-06,4.36760731e-01
7.56912800e-06,4.36817795e-01
7.56922800e-06,4.36877760e-01
7.56932800e-06,4.36934823e-01
7.56942800e-06,4.36994787e-01
7.56952800e-06,4.37051848e-01
7.56962800e-06,4.37111811e-01
7.56972800e-06,4.37168871e-01
7.56982800e-06,4.37228833e-01
7.56992800e-06,4.37285892e-01
7.57002800e-06,4.37345852e-01
7.57012800e-06,4.37402909e-01
7.57022800e-06,4.37462867e-01
7.57032800e-06,4.37519922e-01
7.57042800e-06,4.37579879e-01
7.57052800e-06,4.37636932e-01
7.57062800e-06,4.37696887e-01
7.57072800e-06,4.37753938e-01
7.57082800e-06,4.37813892e-01
7.57092800e-06,4.37870940e-01
7.57102800e-06,4.37930891e-01
7.57112800e-06,4.37987937e-01
7.57122800e-06,4.38047886e-01
7.57132800e-06,4.38104930e-01
7.57142800e-06,4.38164877e-01
7.57152800e-06,4.38221917e-01
7.57162800e-06,4.38281861e-01
7.57172800e-06,4.38338899e-01
7.57182800e-06,4.38398841e-01
7.57192800e-06,4.38455875e-01
7.57202800e-06,4.38515815e-01
7.57212800e-06,4.38572846e-01
7.57222800e-06,4.38632782e-01
7.57232800e-06,4.38689810e-01
7.57242800e-06,4.38749744e-01
7.57252800e-06,4.38806768e-01
7.57262800e-06,4.38866698e-01
7.57272800e-06,4.38923720e-01
7.57282800e-06,4.38983646e-01
7.57292800e-06,4.39040664e-01
7.57302800e-06,4.39100587e-01
7.57312800e-06,4.39157601e-01
7.57322800e-06,4.39217521e-01
7.57332800e-06,4.39274531e-01
7.57342800e-06,4.39334447e-01
7.57352800e-06,4.39391453e-01
7.57362800e-06,4.39451365e-01
7.57372800e-06,4.39508367e-01
7.57382800e-06,4.39568276e-01
7.57392800e-06,4.39625273e-01
7.57402800e-06,4.39685177e-01
7.57412800e-06,4.39742170e-01
7.57422800e-06,4.39802071e-01
7.57432800e-06,4.39859059e-01
7.57442800e-06,4.39918955e-01
7.57452800e-06,4.39975938e-01
7.57462800e-06,4.40035831e-01
7.57472800e-06,4.40092809e-01
7.57482800e-06,4.40152697e-01
7.57492800e-06,4.40209670e-01
7.57502800e-06,4.40269553e-01
7.57512800e-06,4.40326522e-01
7.57522800e-06,4.40386400e-01
7.57532800e-06,4.40443363e-01
7.57542800e-06,4.40503236e-01
7.57552800e-06,4.40560194e-01
7.57562800e-06,4.40620063e-01
7.57572800e-06,4.40677016e-01
7.57582800e-06,4.40736879e-01
7.57592800e-06,4.40793826e-01
7.57602800e-06,4.40853684e-01
7.57612800e-06,4.40910626e-01
7.57622800e-06,4.40970479e-01
7.57632800e-06,4.41027414e-01
7.57642800e-06,4.41087262e-01
7.57652800e-06,4.41144192e-01
7.57662800e-06,4.41204034e-01
7.57672800e-06,4.41260958e-01
7.57682800e-06,4.41320794e-01
7.57692800e-06,4.41377712e-01
7.57702800e-06,4.41437542e-01
7.57712800e-06,4.41494454e-01
7.57722800e-06,4.41554279e-01
7.57732800e-06,4.41611184e-01
7.57742800e-06,4.41671003e-01
7.57752800e-06,4.41727902e-01
7.57762800e-06,4.41787715e-01
7.57772800e-06,4.41844607e-01
7.57782800e-06,4.41904414e-01
7.57792800e-06,4.41961300e-01
7.57802800e-06,4.42021100e-01
7.57812800e-06,4.42077979e-01
7.57822800e-06,4.42137773e-01
7.57832800e-06,4.42194646e-01
7.57842800e-06,4.42254433e-01
7.57852800e-06,4.42311299e-01
7.57862800e-06,4.42371079e-01
7.57872800e-06,4.42427938e-01
7.57882800e-06,4.42487712e-01
7.57892800e-06,4.42544563e-01
7.57902800e-06,4.42604331e-01
7.57912800e-06,4.42661175e-01
7.57922800e-06,4.42720936e-01
7.57932800e-06,4.42777773e-01
7.57942800e-06,4.42837526e-01
7.57952800e-06,4.42894356e-01
7.57962800e-06,4.42954102e-01
7.57972800e-06,4.43010924e-01
7.57982800e-06,4.43070664e-01
7.57992800e-06,4.43127478e-01
7.58002800e-06,4.43187210e-01
7.58012800e-06,4.43244017e-01
7.58022800e-06,4.43303742e-01
7.58032800e-06,4.43360541e-01
7.58042800e-06,4.43420258e-01
7.58052800e-06,4.43477049e-01
7.58062800e-06,4.43536759e-01
7.58072800e-06,4.43593543e-01
7.58082800e-06,4.43653245e-01
7.58092800e-06,4.43710020e-01
7.58102800e-06,4.43769715e-01
7.58112800e-06,4.43826482e-01
7.58122800e-06,4.43886168e-01
7.58132800e-06,4.43942927e-01
7.58142800e-06,4.44002606e-01
7.58152800e-06,4.44059357e-01
7.58162800e-06,4.44119028e-01
7.58172800e-06,4.44175770e-01
7.58182800e-06,4.44235433e-01
7.58192800e-06,4.44292167e-01
7.58202800e-06,4.44351822e-01
7.58212800e-06,4.44408547e-01
7.58222800e-06,4.44468194e-01
7.58232800e-06,4.44524910e-01
7.58242800e-06,4.44584549e-01
7.58252800e-06,4.44641257e-01
7.58262800e-06,4.44700887e-01
7.58272800e-06,4.44757586e-01
7.58282800e-06,4.44817207e-01
7.58292800e-06,4.44873898e-01
7.58302800e-06,4.44933511e-01
7.58312800e-06,4.44990192e-01
7.58322800e-06,4.45049796e-01
7.58332800e-06,4.45106469e-01
7.58342800e-06,4.45166065e-01
7.58352800e-06,4.45222728e-01
7.58362800e-06,4.45282315e-01
7.58372800e-06,4.45338969e-01
7.58382800e-06,4.45398547e-01
7.58392800e-06,4.45455192e-01
7.58402800e-06,4.45514762e-01
7.58412800e-06,4.45571397e-01
7.58422800e-06,4.45630958e-01
7.58432800e-06,4.45687584e-01
7.58442800e-06,4.45747135e-01
7.58452800e-06,4.45803752e-01
7.58462800e-06,4.45863294e-01
7.58472800e-06,4.45919902e-01
7.58482800e-06,4.45979435e-01
7.58492800e-06,4.46036032e-01
7.58502800e-06,4.46095556e-01
7.58512800e-06,4.46152144e-01
7.58522800e-06,4.46211659e-01
7.58532800e-06,4.46268237e-01
7.58542800e-06,4.46327742e-01
7.58552800e-06,4.46384311e-01
7.58562800e-06,4.46443807e-01
7.58572800e-06,4.46500366e-01
7.58582800e-06,4.46559852e-01
7.58592800e-06,4.46616401e-01
7.58602800e-06,4.46675878e-01
7.58612800e-06,4.46732416e-01
7.58622800e-06,4.46791884e-01
7.58632800e-06,4.46848412e-01
7.58642800e-06,4.46907870e-01
7.58652800e-06,4.46964389e-01
7.58662800e-06,4.47023836e-01
7.58672800e-06,4.47080345e-01
7.58682800e-06,4.47139783e-01
7.58692800e-06,4.47196281e-01
7.58702800e-06,4.47255709e-01
7.58712800e-06,4.47312198e-01
7.58722800e-06,4.47371616e-01
7.58732800e-06,4.47428094e-01
7.58742800e-06,4.47487502e-01
7.58752800e-06,4.47543969e-01
7.58762800e-06,4.47603367e-01
7.58772800e-06,4.47659824e-01
7.58782800e-06,4.47719212e-01
7.58792800e-06,4.47775659e-01
7.58802800e-06,4.47835037e-01
7.58812800e-06,4.47891473e-01
7.58822800e-06,4.47950841e-01
7.58832800e-06,4.48007266e-01
7.58842800e-06,4.48066624e-01
7.58852800e-06,4.48123039e-01
7.58862800e-06,4.48182386e-01
7.58872800e-06,4.48238790e-01
7.58882800e-06,4.48298127e-01
7.58892800e-06,4.48354520e-01
7.58902800e-06,4.48413847e-01
7.58912800e-06,4.48470230e-01
7.58922800e-06,4.48529546e-01
7.58932800e-06,4.48585918e-01
7.58942800e-06,4.48645223e-01
7.58952800e-06,4.48701584e-01
7.58962800e-06,4.48760879e-01
7.58972800e-06,4.48817229e-01
7.58982800e-06,4.48876514e-01
7.58992800e-06,4.48932853e-01
7.59002800e-06,4.48992127e-01
7.59012800e-06,4.49048455e-01
7.59022800e-06,4.49107718e-01
7.59032800e-06,4.49164035e-01
7.59042800e-06,4.49223288e-01
7.59052800e-06,4.49279594e-01
7.59062800e-06,4.49338836e-01
7.59072800e-06,4.49395131e-01
7.59082800e-06,4.49454362e-01
7.59092800e-06,4.49510645e-01
7.59102800e-06,4.49569866e-01
7.59112800e-06,4.49626138e-01
7.59122800e-06,4.49685348e-01
7.59132800e-06,4.49741609e-01
7.59142800e-06,4.49800808e-01
7.59152800e-06,4.49857057e-01
7.59162800e-06,4.49916245e-01
7.59172800e-06,4.49972484e-01
7.59182800e-06,4.50031660e-01
7.59192800e-06,4.50087888e-01
7.59202800e-06,4.50147053e-01
7.59212800e-06,4.50203269e-01
7.59222800e-06,4.50262424e-01
7.59232800e-06,4.50318628e-01
7.59242800e-06,4.50377772e-01
7.59252800e-06,4.50433965e-01
7.59262800e-06,4.50493097e-01
7.59272800e-06,4.50549279e-01
7.59282800e-06,4.50608400e-01
7.59292800e-06,4.50664570e-01
7.59302800e-06,4.50723680e-01
7.59312800e-06,4.50779839e-01
7.59322800e-06,4.50838938e-01
7.59332800e-06,4.50895085e-01
7.59342800e-06,4.50954173e-01
7.59352800e-06,4.51010308e-01
7.59362800e-06,4.51069385e-01
7.59372800e-06,4.51125508e-01
7.59382800e-06,4.51184574e-01
7.59392800e-06,4.51240685e-01
7.59402800e-06,4.51299740e-01
7.59412800e-06,4.51355840e-01
7.59422800e-06,4.51414883e-01
7.59432800e-06,4.51470971e-01
7.59442800e-06,4.51530003e-01
7.59452800e-06,4.51586079e-01
7.59462800e-06,4.51645099e-01
7.59472800e-06,4.51701164e-01
7.59482800e-06,4.51760173e-01
7.59492800e-06,4.51816226e-01
7.59502800e-06,4.51875224e-01
7.59512800e-06,4.51931265e-01
7.59522800e-06,4.51990251e-01
7.59532800e-06,4.52046280e-01
7.59542800e-06,4.52105255e-01
7.59552800e-06,4.52161273e-01
7.59562800e-06,4.52220236e-01
7.59572800e-06,4.52276241e-01
7.59582800e-06,4.52335193e-01
7.59592800e-06,4.52391187e-01
7.59602800e-06,4.52450127e-01
7.59612800e-06,4.52506109e-01
7.59622800e-06,4.52565037e-01
7.59632800e-06,4.52621007e-01
7.59642800e-06,4.52679924e-01
7.59652800e-06,4.52735883e-01
7.59662800e-06,4.52794788e-01
7.59672800e-06,4.52850734e-01
7.59682800e-06,4.52909628e-01
7.59692800e-06,4.52965562e-01
7.59702800e-06,4.53024444e-01
7.59712800e-06,4.53080367e-01
7.59722800e-06,4.53139237e-01
7.59732800e-06,4.53195148e-01
7.59742800e-06,4.53254006e-01
7.59752800e-06,4.53309905e-01
7.59762800e-06,4.53368752e-01
7.59772800e-06,4.53424638e-01
7.59782800e-06,4.53483474e-01
7.59792800e-06,4.53539348e-01
7.59802800e-06,4.53598172e-01
7.59812800e-06,4.53654034e-01
7.59822800e-06,4.53712847e-01
7.59832800e-06,4.53768697e-01
7.59842800e-06,4.53827498e-01
7.59852800e-06,4.53883336e-01
7.59862800e-06,4.53942125e-01
7.59872800e-06,4.53997951e-01
7.59882800e-06,4.54056728e-01
7.59892800e-06,4.54112542e-01
7.59902800e-06,4.54171308e-01
7.59912800e-06,4.54227110e-01
7.59922800e-06,4.54285863e-01
7.59932800e-06,4.54341653e-01
7.59942800e-06,4.54400395e-01
7.59952800e-06,4.54456173e-01
7.59962800e-06,4.54514904e-01
7.59972800e-06,4.54570669e-01
7.59982800e-06,4.54629388e-01
7.59992800e-06,4.54685141e-01
7.60002800e-06,4.54743849e-01
7.60012800e-06,4.54799590e-01
7.60022800e-06,4.54858285e-01
7.60032800e-06,4.54914014e-01
7.60042800e-06,4.54972698e-01
7.60052800e-06,4.55028415e-01
7.60062800e-06,4.55087087e-01
7.60072800e-06,4.55142792e-01
7.60082800e-06,4.55201452e-01
7.60092800e-06,4.55257145e-01
7.60102800e-06,4.55315793e-01
7.60112800e-06,4.55371474e-01
7.60122800e-06,4.55430111e-01
7.60132800e-06,4.55485779e-01
7.60142800e-06,4.55544404e-01
7.60152800e-06,4.55600061e-01
7.60162800e-06,4.55658674e-01
7.60172800e-06,4.55714319e-01
7.60182800e-06,4.55772920e-01
7.60192800e-06,4.55828552e-01
7.60202800e-06,4.55887142e-01
7.60212800e-06,4.55942762e-01
7.60222800e-06,4.56001340e-01
7.60232800e-06,4.56056948e-01
7.60242800e-06,4.56115515e-01
7.60252800e-06,4.56171111e-01
7.60262800e-06,4.56229665e-01
7.60272800e-06,4.56285249e-01
7.60282800e-06,4.56343792e-01
7.60292800e-06,4.56399364e-01
7.60302800e-06,4.56457895e-01
7.60312800e-06,4.56513455e-01
7.60322800e-06,4.56571974e-01
7.60332800e-06,4.56627522e-01
7.60342800e-06,4.56686029e-01
7.60352800e-06,4.56741565e-01
7.60362800e-06,4.56800061e-01
7.60372800e-06,4.56855584e-01
7.60382800e-06,4.56914069e-01
7.60392800e-06,4.56969580e-01
7.60402800e-06,4.57028053e-01
7.60412800e-06,4.57083552e-01
7.60422800e-06,4.57142013e-01
7.60432800e-06,4.57197500e-01
7.60442800e-06,4.57255950e-01
7.60452800e-06,4.57311425e-01
7.60462800e-06,4.57369863e-01
7.60472800e-06,4.57425326e-01
7.60482800e-06,4.57483752e-01
7.60492800e-06,4.57539203e-01
7.60502800e-06,4.57597618e-01
7.60512800e-06,4.57653057e-01
7.60522800e-06,4.57711460e-01
7.60532800e-06,4.57766887e-01
7.60542800e-06,4.57825279e-01
7.60552800e-06,4.57880694e-01
7.60562800e-06,4.57939073e-01
7.60572800e-06,4.57994477e-01
7.60582800e-06,4.58052845e-01
7.60592800e-06,4.58108236e-01
7.60602800e-06,4.58166593e-01
7.60612800e-06,4.58221972e-01
7.60622800e-06,4.58280317e-01
7.60632800e-06,4.58335685e-01
7.60642800e-06,4.58394018e-01
7.60652800e-06,4.58449374e-01
7.60662800e-06,4.58507695e-01
7.60672800e-06,4.58563039e-01
7.60682800e-06,4.58621350e-01
7.60692800e-06,4.58676681e-01
7.60702800e-06,4.58734980e-01
7.60712800e-06,4.58790300e-01
7.60722800e-06,4.58848588e-01
7.60732800e-06,4.58903896e-01
7.60742800e-06,4.58962172e-01
7.60752800e-06,4.59017468e-01
7.60762800e-06,4.59075732e-01
7.60772800e-06,4.59131017e-01
7.60782800e-06,4.59189270e-01
7.60792800e-06,4.59244543e-01
7.60802800e-06,4.59302784e-01
7.60812800e-06,4.59358045e-01
7.60822800e-06,4.59416275e-01
7.60832800e-06,4.59471525e-01
7.60842800e-06,4.59529744e-01
7.60852800e-06,4.59584981e-01
7.60862800e-06,4.59643188e-01
7.60872800e-06,4.59698414e-01
7.60882800e-06,4.59756610e-01
7.60892800e-06,4.59811824e-01
7.60902800e-06,4.59870009e-01
7.60912800e-06,4.59925211e-01
7.60922800e-06,4.59983385e-01
7.60932800e-06,4.60038576e-01
7.60942800e-06,4.60096738e-01
7.60952800e-06,4.60151917e-01
7.60962800e-06,4.60210068e-01
7.60972800e-06,4.60265235e-01
7.60982800e-06,4.60323375e-01
7.60992800e-06,4.60378531e-01
7.61002800e-06,4.60436660e-01
7.61012800e-06,4.60491804e-01
7.61022800e-06,4.60549922e-01
7.61032800e-06,4.60605054e-01
7.61042800e-06,4.60663161e-01
7.61052800e-06,4.60718282e-01
7.61062800e-06,4.60776377e-01
7.61072800e-06,4.60831486e-01
7.61082800e-06,4.60889571e-01
7.61092800e-06,4.60944669e-01
7.61102800e-06,4.61002742e-01
7.61112800e-06,4.61057828e-01
7.61122800e-06,4.61115890e-01
7.61132800e-06,4.61170965e-01
7.61142800e-06,4.61229016e-01
7.61152800e-06,4.61284080e-01
7.61162800e-06,4.61342120e-01
7.61172800e-06,4.61397173e-01
7.61182800e-06,4.61455202e-01
7.61192800e-06,4.61510242e-01
7.61202800e-06,4.61568261e-01
7.61212800e-06,4.61623290e-01
7.61222800e-06,4.61681297e-01
7.61232800e-06,4.61736316e-01
7.61242800e-06,4.61794312e-01
7.61252800e-06,4.61849319e-01
7.61262800e-06,4.61907304e-01
7.61272800e-06,4.61962300e-01
7.61282800e-06,4.62020274e-01
7.61292800e-06,4.62075259e-01
7.61302800e-06,4.62133222e-01
7.61312800e-06,4.62188196e-01
7.61322800e-06,4.62246149e-01
7.61332800e-06,4.62301111e-01
7.61342800e-06,4.62359053e-01
7.61352800e-06,4.62414004e-01
7.61362800e-06,4.62471935e-01
7.61372800e-06,4.62526875e-01
7.61382800e-06,4.62584796e-01
7.61392800e-06,4.62639724e-01
7.61402800e-06,4.62697634e-01
7.61412800e-06,4.62752552e-01
7.61422800e-06,4.62810451e-01
7.61432800e-06,4.62865358e-01
7.61442800e-06,4.62923246e-01
7.61452800e-06,4.62978142e-01
7.61462800e-06,4.63036020e-01
7.61472800e-06,4.63090905e-01
7.61482800e-06,4.63148772e-01
7.61492800e-06,4.63203646e-01
7.61502800e-06,4.63261503e-01
7.61512800e-06,4.63316366e-01
7.61522800e-06,4.63374212e-01
7.61532800e-06,4.63429064e-01
7.61542800e-06,4.63486900e-01
7.61552800e-06,4.63541741e-01
7.61562800e-06,4.63599566e-01
7.61572800e-06,4.63654397e-01
7.61582800e-06,4.63712212e-01
7.61592800e-06,4.63767031e-01
7.61602800e-06,4.63824836e-01
7.61612800e-06,4.63879645e-01
7.61622800e-06,4.63937439e-01
7.61632800e-06,4.63992237e-01
7.61642800e-06,4.64050021e-01
7.61652800e-06,4.64104808e-01
7.61662800e-06,4.64162582e-01
7.61672800e-06,4.64217358e-01
7.61682800e-06,4.64275121e-01
7.61692800e-06,4.64329887e-01
7.61702800e-06,4.64387641e-01
7.61712800e-06,4.64442396e-01
7.61722800e-06,4.64500139e-01
7.61732800e-06,4.64554884e-01
7.61742800e-06,4.64612616e-01
7.61752800e-06,4.64667351e-01
7.61762800e-06,4.64725073e-01
7.61772800e-06,4.64779797e-01
7.61782800e-06,4.64837509e-01
7.61792800e-06,4.64892223e-01
7.61802800e-06,4.64949925e-01
7.61812800e-06,4.65004628e-01
7.61822800e-06,4.65062320e-01
7.61832800e-06,4.65117012e-01
7.61842800e-06,4.65174695e-01
7.61852800e-06,4.65229377e-01
7.61862800e-06,4.65287049e-01
7.61872800e-06,4.65341721e-01
7.61882800e-06,4.65399383e-01
7.61892800e-06,4.65454045e-01
7.61902800e-06,4.65511697e-01
7.61912800e-06,4.65566348e-01
7.61922800e-06,4.65623991e-01
7.61932800e-06,4.65678632e-01
7.61942800e-06,4.65736265e-01
7.61952800e-06,4.65790895e-01
7.61962800e-06,4.65848518e-01
7.61972800e-06,4.65903139e-01
7.61982800e-06,4.65960752e-01
7.61992800e-06,4.66015362e-01
7.62002800e-06,4.66072966e-01
7.62012800e-06,4.66127566e-01
7.62022800e-06,4.66185160e-01
7.62032800e-06,4.66239750e-01
7.62042800e-06,4.66297334e-01
7.62052800e-06,4.66351914e-01
7.62062800e-06,4.66409489e-01
7.62072800e-06,4.66464059e-01
7.62082800e-06,4.66521624e-01
7.62092800e-06,4.66576184e-01
7.62102800e-06,4.66633739e-01
7.62112800e-06,4.66688289e-01
7.62122800e-06,4.66745835e-01
7.62132800e-06,4.66800375e-01
7.62142800e-06,4.66857912e-01
7.62152800e-06,4.66912442e-01
7.62162800e-06,4.66969969e-01
7.62172800e-06,4.67024489e-01
7.62182800e-06,4.67082007e-01
7.62192800e-06,4.67136518e-01
7.62202800e-06,4.67194026e-01
7.62212800e-06,4.67248527e-01
7.62222800e-06,4.67306025e-01
7.62232800e-06,4.67360517e-01
7.62242800e-06,4.67418006e-01
7.62252800e-06,4.67472488e-01
7.62262800e-06,4.67529968e-01
7.62272800e-06,4.67584440e-01
7.62282800e-06,4.67641910e-01
7.62292800e-06,4.67696373e-01
7.62302800e-06,4.67753834e-01
7.62312800e-06,4.67808287e-01
7.62322800e-06,4.67865740e-01
7.62332800e-06,4.67920183e-01
7.62342800e-06,4.67977626e-01
7.62352800e-06,4.68032060e-01
7.62362800e-06,4.68089494e-01
7.62372800e-06,4.68143918e-01
7.62382800e-06,4.68201343e-01
7.62392800e-06,4.68255758e-01
7.62402800e-06,4.68313174e-01
7.62412800e-06,4.68367580e-01
7.62422800e-06,4.68424987e-01
7.62432800e-06,4.68479383e-01
7.62442800e-06,4.68536781e-01
7.62452800e-06,4.68591168e-01
7.62462800e-06,4.68648557e-01
7.62472800e-06,4.68702934e-01
7.62482800e-06,4.68760315e-01
7.62492800e-06,4.68814683e-01
7.62502800e-06,4.68872054e-01
7.62512800e-06,4.68926413e-01
7.62522800e-06,4.68983776e-01
7.62532800e-06,4.69038126e-01
7.62542800e-06,4.69095479e-01
7.62552800e-06,4.69149820e-01
7.62562800e-06,4.69207165e-01
7.62572800e-06,4.69261497e-01
7.62582800e-06,4.69318833e-01
7.62592800e-06,4.69373156e-01
7.62602800e-06,4.69430483e-01
7.62612800e-06,4.69484797e-01
7.62622800e-06,4.69542116e-01
7.62632800e-06,4.69596420e-01
7.62642800e-06,4.69653731e-01
7.62652800e-06,4.69708026e-01
7.62662800e-06,4.69765328e-01
7.62672800e-06,4.69819614e-01
7.62682800e-06,4.69876908e-01
7.62692800e-06,4.69931185e-01
7.62702800e-06,4.69988470e-01
7.62712800e-06,4.70042739e-01
7.62722800e-06,4.70100016e-01
7.62732800e-06,4.70154275e-01
7.62742800e-06,4.70211543e-01
7.62752800e-06,4.70265795e-01
7.62762800e-06,4.70323054e-01
7.62772800e-06,4.70377297e-01
7.62782800e-06,4.70434548e-01
7.62792800e-06,4.70488782e-01
7.62802800e-06,4.70546025e-01
7.62812800e-06,4.70600250e-01
7.62822800e-06,4.70657484e-01
7.62832800e-06,4.70711701e-01
7.62842800e-06,4.70768927e-01
7.62852800e-06,4.70823135e-01
7.62862800e-06,4.70880353e-01
7.62872800e-06,4.70934553e-01
7.62882800e-06,4.70991763e-01
7.62892800e-06,4.71045953e-01
7.62902800e-06,4.71103155e-01
7.62912800e-06,4.71157337e-01
7.62922800e-06,4.71214531e-01
7.62932800e-06,4.71268705e-01
7.62942800e-06,4.71325891e-01
7.62952800e-06,4.71380056e-01
7.62962800e-06,4.71437234e-01
7.62972800e-06,4.71491391e-01
7.62982800e-06,4.71548561e-01
7.62992800e-06,4.71602709e-01
7.63002800e-06,4.71659871e-01
7.63012800e-06,4.71714011e-01
7.63022800e-06,4.71771165e-01
7.63032800e-06,4.71825297e-01
7.63042800e-06,4.71882444e-01
7.63052800e-06,4.71936567e-01
7.63062800e-06,4.71993706e-01
7.63072800e-06,4.72047821e-01
7.63082800e-06,4.72104952e-01
7.63092800e-06,4.72159059e-01
7.63102800e-06,4.72216182e-01
7.63112800e-06,4.72270281e-01
7.63122800e-06,4.72327396e-01
7.63132800e-06,4.72381487e-01
7.63142800e-06,4.72438594e-01
7.63152800e-06,4.72492677e-01
7.63162800e-06,4.72549777e-01
7.63172800e-06,4.72603852e-01
7.63182800e-06,4.72660944e-01
7.63192800e-06,4.72715011e-01
7.63202800e-06,4.72772096e-01
7.63212800e-06,4.72826155e-01
7.63222800e-06,4.72883231e-01
7.63232800e-06,4.72937283e-01
7.63242800e-06,4.72994352e-01
7.63252800e-06,4.73048395e-01
7.63262800e-06,4.73105457e-01
7.63272800e-06,4.73159492e-01
7.63282800e-06,4.73216547e-01
7.63292800e-06,4.73270574e-01
7.63302800e-06,4.73327621e-01
7.63312800e-06,4.73381641e-01
7.63322800e-06,4.73438681e-01
7.63332800e-06,4.73492693e-01
7.63342800e-06,4.73549725e-01
7.63352800e-06,4.73603729e-01
7.63362800e-06,4.73660754e-01
7.63372800e-06,4.73714751e-01
7.63382800e-06,4.73771769e-01
7.63392800e-06,4.73825758e-01
7.63402800e-06,4.73882768e-01
7.63412800e-06,4.73936750e-01
7.63422800e-06,4.73993753e-01
7.63432800e-06,4.74047727e-01
7.63442800e-06,4.74104723e-01
7.63452800e-06,4.74158689e-01
7.63462800e-06,4.74215678e-01
7.63472800e-06,4.74269637e-01
7.63482800e-06,4.74326619e-01
7.63492800e-06,4.74380570e-01
7.63502800e-06,4.74437545e-01
7.63512800e-06,4.74491489e-01
7.63522800e-06,4.74548457e-01
7.63532800e-06,4.74602393e-01
7.63542800e-06,4.74659354e-01
7.63552800e-06,4.74713283e-01
7.63562800e-06,4.74770237e-01
7.63572800e-06,4.74824159e-01
7.63582800e-06,4.74881106e-01
7.63592800e-06,4.74935020e-01
7.63602800e-06,4.74991960e-01
7.63612800e-06,4.75045867e-01
7.63622800e-06,4.75102800e-01
7.63632800e-06,4.75156700e-01
7.63642800e-06,4.75213627e-01
7.63652800e-06,4.75267519e-01
7.63662800e-06,4.75324439e-01
7.63672800e-06,4.75378325e-01
7.63682800e-06,4.75435237e-01
7.63692800e-06,4.75489116e-01
7.63702800e-06,4.75546022e-01
7.63712800e-06,4.75599893e-01
7.63722800e-06,4.75656793e-01
7.63732800e-06,4.75710657e-01
7.63742800e-06,4.75767550e-01
7.63752800e-06,4.75821407e-01
7.63762800e-06,4.75878293e-01
7.63772800e-06,4.75932143e-01
7.63782800e-06,4.75989023e-01
7.63792800e-06,4.76042866e-01
7.63802800e-06,4.76099739e-01
7.63812800e-06,4.76153575e-01
7.63822800e-06,4.76210442e-01
7.63832800e-06,4.76264271e-01
7.63842800e-06,4.76321131e-01
7.63852800e-06,4.76374954e-01
7.63862800e-06,4.76431807e-01
7.63872800e-06,4.76485623e-01
7.63882800e-06,4.76542470e-01
7.63892800e-06,4.76596279e-01
7.63902800e-06,4.76653120e-01
7.63912800e-06,4.76706922e-01
7.63922800e-06,4.76763756e-01
7.63932800e-06,4.76817552e-01
7.63942800e-06,4.76874379e-01
7.63952800e-06,4.76928168e-01
7.63962800e-06,4.76984990e-01
7.63972800e-06,4.77038772e-01
7.63982800e-06,4.77095587e-01
7.63992800e-06,4.77149363e-01
7.64002800e-06,4.77206172e-01
7.64012800e-06,4.77259941e-01
7.64022800e-06,4.77316744e-01
7.64032800e-06,4.77370506e-01
7.64042800e-06,4.77427303e-01
7.64052800e-06,4.77481058e-01
7.64062800e-06,4.77537849e-01
7.64072800e-06,4.77591598e-01
7.64082800e-06,4.77648383e-01
7.64092800e-06,4.77702125e-01
7.64102800e-06,4.77758904e-01
7.64112800e-06,4.77812640e-01
7.64122800e-06,4.77869412e-01
7.64132800e-06,4.77923142e-01
7.64142800e-06,4.77979909e-01
7.64152800e-06,4.78033632e-01
7.64162800e-06,4.78090392e-01
7.64172800e-06,4.78144110e-01
7.64182800e-06,4.78200864e-01
7.64192800e-06,4.78254575e-01
7.64202800e-06,4.78311323e-01
7.64212800e-06,4.78365028e-01
7.64222800e-06,4.78421770e-01
7.64232800e-06,4.78475468e-01
7.64242800e-06,4.78532205e-01
7.64252800e-06,4.78585897e-01
7.64262800e-06,4.78642628e-01
7.64272800e-06,4.78696314e-01
7.64282800e-06,4.78753039e-01
7.64292800e-06,4.78806718e-01
7.64302800e-06,4.78863438e-01
7.64312800e-06,4.78917111e-01
7.64322800e-06,4.78973825e-01
7.64332800e-06,4.79027492e-01
7.64342800e-06,4.79084200e-01
7.64352800e-06,4.79137861e-01
7.64362800e-06,4.79194563e-01
7.64372800e-06,4.79248218e-01
7.64382800e-06,4.79304915e-01
7.64392800e-06,4.79358564e-01
7.64402800e-06,4.79415255e-01
7.64412800e-06,4.79468898e-01
7.64422800e-06,4.79525583e-01
7.64432800e-06,4.79579220e-01
7.64442800e-06,4.79635900e-01
7.64452800e-06,4.79689531e-01
7.64462800e-06,4.79746206e-01
7.64472800e-06,4.79799831e-01
7.64482800e-06,4.79856500e-01
7.64492800e-06,4.79910119e-01
7.64502800e-06,4.79966782e-01
7.64512800e-06,4.80020396e-01
7.64522800e-06,4.80077053e-01
7.64532800e-06,4.80130661e-01
7.64542800e-06,4.80187314e-01
7.64552800e-06,4.80240916e-01
7.64562800e-06,4.80297562e-01
7.64572800e-06,4.80351159e-01
7.64582800e-06,4.80407800e-01
7.64592800e-06,4.80461391e-01
7.64602800e-06,4.80518027e-01
7.64612800e-06,4.80571612e-01
7.64622800e-06,4.80628242e-01
7.64632800e-06,4.80681821e-01
7.64642800e-06,4.80738447e-01
7.64652800e-06,4.80792020e-01
7.64662800e-06,4.80848641e-01
7.64672800e-06,4.80902209e-01
7.64682800e-06,4.80958824e-01
7.64692800e-06,4.81012386e-01
7.64702800e-06,4.81068996e-01
7.64712800e-06,4.81122552e-01
7.64722800e-06,4.81179157e-01
7.64732800e-06,4.81232708e-01
7.64742800e-06,4.81289308e-01
7.64752800e-06,4.81342853e-01
7.64762800e-06,4.81399448e-01
7.64772800e-06,4.81452988e-01
7.64782800e-06,4.81509577e-01
7.64792800e-06,4.81563112e-01
7.64802800e-06,4.81619696e-01
7.64812800e-06,4.81673225e-01
7.64822800e-06,4.81729804e-01
7.64832800e-06,4.81783328e-01
7.64842800e-06,4.81839902e-01
7.64852800e-06,4.81893421e-01
7.64862800e-06,4.81949990e-01
7.64872800e-06,4.82003503e-01
7.64882800e-06,4.82060067e-01
7.64892800e-06,4.82113575e-01
7.64902800e-06,4.82170134e-01
7.64912800e-06,4.82223637e-01
7.64922800e-06,4.82280191e-01
7.64932800e-06,4.82333688e-01
7.64942800e-06,4.82390238e-01
7.64952800e-06,4.82443729e-01
7.64962800e-06,4.82500274e-01
7.64972800e-06,4.82553761e-01
7.64982800e-06,4.82610301e-01
7.64992800e-06,4.82663782e-01
7.65002800e-06,4.82720317e-01
7.65012800e-06,4.82773793e-01
7.65022800e-06,4.82830324e-01
7.65032800e-06,4.82883795e-01
7.65042800e-06,4.82940320e-01
7.65052800e-06,4.82993786e-01
7.65062800e-06,4.83050307e-01
7.65072800e-06,4.83103768e-01
7.65082800e-06,4.83160284e-01
7.65092800e-06,4.83213739e-01
7.65102800e-06,4.83270251e-01
7.65112800e-06,4.83323702e-01
7.65122800e-06,4.83380208e-01
7.65132800e-06,4.83433654e-01
7.65142800e-06,4.83490156e-01
7.65152800e-06,4.83543597e-01
7.65162800e-06,4.83600094e-01
7.65172800e-06,4.83653530e-01
7.65182800e-06,4.83710023e-01
7.65192800e-06,4.83763454e-01
7.65202800e-06,4.83819942e-01
7.65212800e-06,4.83873368e-01
7.65222800e-06,4.83929852e-01
7.65232800e-06,4.83983273e-01
7.65242800e-06,4.84039752e-01
7.65252800e-06,4.84093168e-01
7.65262800e-06,4.84149643e-01
7.65272800e-06,4.84203054e-01
7.65282800e-06,4.84259524e-01
7.65292800e-06,4.84312931e-01
7.65302800e-06,4.84369396e-01
7.65312800e-06,4.84422798e-01
7.65322800e-06,4.84479259e-01
7.65332800e-06,4.84532656e-01
7.65342800e-06,4.84589113e-01
7.65352800e-06,4.84642505e-01
7.65362800e-06,4.84698958e-01
7.65372800e-06,4.84752345e-01
7.65382800e-06,4.84808794e-01
7.65392800e-06,4.84862176e-01
7.65402800e-06,4.84918620e-01
7.65412800e-06,4.84971998e-01
7.65422800e-06,4.85028438e-01
7.65432800e-06,4.85081811e-01
7.65442800e-06,4.85138246e-01
7.65452800e-06,4.85191615e-01
7.65462800e-06,4.85248046e-01
7.65472800e-06,4.85301410e-01
7.65482800e-06,4.85357837e-01
7.65492800e-06,4.85411196e-01
7.65502800e-06,4.85467619e-01
7.65512800e-06,4.85520973e-01
7.65522800e-06,4.85577392e-01
7.65532800e-06,4.85630742e-01
7.65542800e-06,4.85687157e-01
7.65552800e-06,4.85740502e-01
7.65562800e-06,4.85796912e-01
7.65572800e-06,4.85850253e-01
7.65582800e-06,4.85906660e-01
7.65592800e-06,4.85959996e-01
7.65602800e-06,4.86016398e-01
7.65612800e-06,4.86069730e-01
7.65622800e-06,4.86126128e-01
7.65632800e-06,4.86179456e-01
7.65642800e-06,4.86235850e-01
7.65652800e-06,4.86289173e-01
7.65662800e-06,4.86345563e-01
7.65672800e-06,4.86398882e-01
7.65682800e-06,4.86455267e-01
7.65692800e-06,4.86508582e-01
7.65702800e-06,4.86564964e-01
7.65712800e-06,4.86618274e-01
7.65722800e-06,4.86674652e-01
7.65732800e-06,4.86727957e-01
7.65742800e-06,4.86784331e-01
7.65752800e-06,4.86837632e-01
7.65762800e-06,4.86894003e-01
7.65772800e-06,4.86947299e-01
7.65782800e-06,4.87003666e-01
7.65792800e-06,4.87056958e-01
7.65802800e-06,4.87113321e-01
7.65812800e-06,4.87166609e-01
7.65822800e-06,4.87222967e-01
7.65832800e-06,4.87276252e-01
7.65842800e-06,4.87332606e-01
7.65852800e-06,4.87385886e-01
7.65862800e-06,4.87442237e-01
7.65872800e-06,4.87495513e-01
7.65882800e-06,4.87551860e-01
7.65892800e-06,4.87605131e-01
7.65902800e-06,4.87661474e-01
7.65912800e-06,4.87714742e-01
7.65922800e-06,4.87771081e-01
7.65932800e-06,4.87824344e-01
7.65942800e-06,4.87880680e-01
7.65952800e-06,4.87933939e-01
7.65962800e-06,4.87990271e-01
7.65972800e-06,4.88043526e-01
7.65982800e-06,4.88099854e-01
7.65992800e-06,4.88153105e-01
7.66002800e-06,4.88209429e-01
7.66012800e-06,4.88262676e-01
7.66022800e-06,4.88318997e-01
7.66032800e-06,4.88372240e-01
7.66042800e-06,4.88428557e-01
7.66052800e-06,4.88481796e-01
7.66062800e-06,4.88538109e-01
7.66072800e-06,4.88591344e-01
7.66082800e-06,4.88647654e-01
7.66092800e-06,4.88700885e-01
7.66102800e-06,4.88757191e-01
7.66112800e-06,4.88810418e-01
7.66122800e-06,4.88866720e-01
7.66132800e-06,4.88919943e-01
7.66142800e-06,4.88976242e-01
7.66152800e-06,4.89029461e-01
7.66162800e-06,4.89085757e-01
7.66172800e-06,4.89138972e-01
7.66182800e-06,4.89195264e-01
7.66192800e-06,4.89248475e-01
7.66202800e-06,4.89304764e-01
7.66212800e-06,4.89357971e-01
7.66222800e-06,4.89414256e-01
7.66232800e-06,4.89467459e-01
7.66242800e-06,4.89523741e-01
7.66252800e-06,4.89576940e-01
7.66262800e-06,4.89633219e-01
7.66272800e-06,4.89686414e-01
7.66282800e-06,4.89742689e-01
7.66292800e-06,4.89795881e-01
7.66302800e-06,4.89852152e-01
7.66312800e-06,4.89905340e-01
7.66322800e-06,4.89961608e-01
7.66332800e-06,4.90014792e-01
7.66342800e-06,4.90071057e-01
7.66352800e-06,4.90124237e-01
7.66362800e-06,4.90180499e-01
7.66372800e-06,4.90233675e-01
7.66382800e-06,4.90289933e-01
7.66392800e-06,4.90343106e-01
7.66402800e-06,4.90399361e-01
7.66412800e-06,4.90452530e-01
7.66422800e-06,4.90508781e-01
7.66432800e-06,4.90561947e-01
7.66442800e-06,4.90618195e-01
7.66452800e-06,4.90671357e-01
7.66462800e-06,4.90727602e-01
7.66472800e-06,4.90780760e-01
7.66482800e-06,4.90837001e-01
7.66492800e-06,4.90890156e-01
7.66502800e-06,4.90946394e-01
7.66512800e-06,4.90999545e-01
7.66522800e-06,4.91055780e-01
7.66532800e-06,4.91108927e-01
7.66542800e-06,4.91165159e-01
7.66552800e-06,4.91218303e-01
7.66562800e-06,4.91274531e-01
7.66572800e-06,4.91327672e-01
7.66582800e-06,4.91383897e-01
7.66592800e-06,4.91437034e-01
7.66602800e-06,4.91493256e-01
7.66612800e-06,4.91546389e-01
7.66622800e-06,4.91602608e-01
7.66632800e-06,4.91655738e-01
7.66642800e-06,4.91711954e-01
7.66652800e-06,4.91765080e-01
7.66662800e-06,4.91821292e-01
7.66672800e-06,4.91874415e-01
7.66682800e-06,4.91930625e-01
7.66692800e-06,4.91983744e-01
7.66702800e-06,4.92039950e-01
7.66712800e-06,4.92093066e-01
7.66722800e-06,4.92149270e-01
7.66732800e-06,4.92202382e-01
7.66742800e-06,4.92258582e-01
7.66752800e-06,4.92311691e-01
7.66762800e-06,4.92367889e-01
7.66772800e-06,4.92420994e-01
7.66782800e-06,4.92477188e-01
7.66792800e-06,4.92530290e-01
7.66802800e-06,4.92586482e-01
7.66812800e-06,4.92639580e-01
7.66822800e-06,4.92695769e-01
7.66832800e-06,4.92748864e-01
7.66842800e-06,4.92805049e-01
7.66852800e-06,4.92858141e-01
7.66862800e-06,4.92914324e-01
7.66872800e-06,4.92967412e-01
7.66882800e-06,4.93023592e-01
7.66892800e-06,4.93076677e-01
7.66902800e-06,4.93132853e-01
7.66912800e-06,4.93185935e-01
7.66922800e-06,4.93242109e-01
7.66932800e-06,4.93295187e-01
7.66942800e-06,4.93351358e-01
7.66952800e-06,4.93404433e-01
7.66962800e-06,4.93460601e-01
7.66972800e-06,4.93513673e-01
7.66982800e-06,4.93569838e-01
7.66992800e-06,4.93622907e-01
7.67002800e-06,4.93679069e-01
7.67012800e-06,4.93732134e-01
7.67022800e-06,4.93788294e-01
7.67032800e-06,4.93841356e-01
7.67042800e-06,4.93897513e-01
7.67052800e-06,4.93950572e-01
7.67062800e-06,4.94006725e-01
7.67072800e-06,4.94059781e-01
7.67082800e-06,4.94115932e-01
7.67092800e-06,4.94168984e-01
7.67102800e-06,4.94225132e-01
7.67112800e-06,4.94278182e-01
7.67122800e-06,4.94334327e-01
7.67132800e-06,4.94387373e-01
7.67142800e-06,4.94443516e-01
7.67152800e-06,4.94496559e-01
7.67162800e-06,4.94552699e-01
7.67172800e-06,4.94605739e-01
7.67182800e-06,4.94661876e-01
7.67192800e-06,4.94714912e-01
7.67202800e-06,4.94771047e-01
7.67212800e-06,4.94824080e-01
7.67222800e-06,4.94880212e-01
7.67232800e-06,4.94933243e-01
7.67242800e-06,4.94989371e-01
7.67252800e-06,4.95042399e-01
7.67262800e-06,4.95098525e-01
7.67272800e-06,4.95151550e-01
7.67282800e-06,4.95207673e-01
7.67292800e-06,4.95260694e-01
7.67302800e-06,4.95316815e-01
7.67312800e-06,4.95369834e-01
7.67322800e-06,4.95425952e-01
7.67332800e-06,4.95478967e-01
7.67342800e-06,4.95535083e-01
7.67352800e-06,4.95588095e-01
7.67362800e-06,4.95644208e-01
7.67372800e-06,4.95697217e-01
7.67382800e-06,4.95753327e-01
7.67392800e-06,4.95806334e-01
7.67402800e-06,4.95862441e-01
7.67412800e-06,4.95915444e-01
7.67422800e-06,4.95971550e-01
7.67432800e-06,4.96024550e-01
7.67442800e-06,4.96080652e-01
7.67452800e-06,4.96133650e-01
7.67462800e-06,4.96189750e-01
7.67472800e-06,4.96242744e-01
7.67482800e-06,4.96298841e-01
7.67492800e-06,4.96351833e-01
7.67502800e-06,4.96407928e-01
7.67512800e-06,4.96460916e-01
7.67522800e-06,4.96517008e-01
7.67532800e-06,4.96569994e-01
7.67542800e-06,4.96626084e-01
7.67552800e-06,4.96679066e-01
7.67562800e-06,4.96735154e-01
7.67572800e-06,4.96788134e-01
7.67582800e-06,4.96844218e-01
7.67592800e-06,4.96897195e-01
7.67602800e-06,4.96953278e-01
7.67612800e-06,4.97006252e-01
7.67622800e-06,4.97062331e-01
7.67632800e-06,4.97115303e-01
7.67642800e-06,4.97171380e-01
7.67652800e-06,4.97224348e-01
7.67662800e-06,4.97280423e-01
7.67672800e-06,4.97333389e-01
7.67682800e-06,4.97389461e-01
7.67692800e-06,4.97442424e-01
7.67702800e-06,4.97498494e-01
7.67712800e-06,4.97551453e-01
7.67722800e-06,4.97607521e-01
7.67732800e-06,4.97660478e-01
7.67742800e-06,4.97716543e-01
7.67752800e-06,4.97769497e-01
7.67762800e-06,4.97825560e-01
7.67772800e-06,4.97878512e-01
7.67782800e-06,4.97934572e-01
7.67792800e-06,4.97987521e-01
7.67802800e-06,4.98043579e-01
7.67812800e-06,4.98096525e-01
7.67822800e-06,4.98152580e-01
7.67832800e-06,4.98205524e-01
7.67842800e-06,4.98261577e-01
7.67852800e-06,4.98314517e-01
7.67862800e-06,4.98370568e-01
7.67872800e-06,4.98423506e-01
7.67882800e-06,4.98479554e-01
7.67892800e-06,4.98532489e-01
7.67902800e-06,4.98588536e-01
7.67912800e-06,4.98641468e-01
7.67922800e-06,4.98697512e-01
7.67932800e-06,4.98750441e-01
7.67942800e-06,4.98806483e-01
7.67952800e-06,4.98859410e-01
7.67962800e-06,4.98915449e-01
7.67972800e-06,4.98968373e-01
7.67982800e-06,4.99024410e-01
7.67992800e-06,4.99077332e-01
7.68002800e-06,4.99133366e-01
7.68012800e-06,4.99186285e-01
7.68022800e-06,4.99242318e-01
7.68032800e-06,4.99295234e-01
7.68042800e-06,4.99351264e-01
7.68052800e-06,4.99404177e-01
7.68062800e-06,4.99460205e-01
7.68072800e-06,4.99513116e-01
7.68082800e-06,4.99569142e-01
7.68092800e-06,4.99622050e-01
7.68102800e-06,4.99678074e-01
7.68112800e-06,4.99730979e-01
7.68122800e-06,4.99787000e-01
7.68132800e-06,4.99839904e-01
7.68142800e-06,4.99895923e-01
7.68152800e-06,4.99948823e-01
7.68162800e-06,5.00004840e-01
7.68172800e-06,5.00057738e-01
7.68182800e-06,5.00113752e-01
7.68192800e-06,5.00166647e-01
7.68202800e-06,5.00222660e-01
7.68212800e-06,5.00275552e-01
7.68222800e-06,5.00331563e-01
7.68232800e-06,5.00384453e-01
7.68242800e-06,5.00440461e-01
7.68252800e-06,5.00493348e-01
7.68262800e-06,5.00549354e-01
7.68272800e-06,5.00602239e-01
7.68282800e-06,5.00658243e-01
7.68292800e-06,5.00711125e-01
7.68302800e-06,5.00767127e-01
7.68312800e-06,5.00820007e-01
7.68322800e-06,5.00876006e-01
7.68332800e-06,5.00928884e-01
7.68342800e-06,5.00984881e-01
7.68352800e-06,5.01037756e-01
7.68362800e-06,5.01093751e-01
7.68372800e-06,5.01146623e-01
7.68382800e-06,5.01202616e-01
7.68392800e-06,5.01255486e-01
7.68402800e-06,5.01311477e-01
7.68412800e-06,5.01364344e-01
7.68422800e-06,5.01420333e-01
7.68432800e-06,5.01473198e-01
7.68442800e-06,5.01529185e-01
7.68452800e-06,5.01582047e-01
7.68462800e-06,5.01638032e-01
7.68472800e-06,5.01690892e-01
7.68482800e-06,5.01746874e-01
7.68492800e-06,5.01799731e-01
7.68502800e-06,5.01855712e-01
7.68512800e-06,5.01908567e-01
7.68522800e-06,5.01964545e-01
7.68532800e-06,5.02017398e-01
7.68542800e-06,5.02073374e-01
7.68552800e-06,5.02126224e-01
7.68562800e-06,5.02182199e-01
7.68572800e-06,5.02235046e-01
7.68582800e-06,5.02291018e-01
7.68592800e-06,5.02343864e-01
7.68602800e-06,5.02399834e-01
7.68612800e-06,5.02452677e-01
7.68622800e-06,5.02508645e-01
7.68632800e-06,5.02561485e-01
7.68642800e-06,5.02617452e-01
7.68652800e-06,5.02670290e-01
7.68662800e-06,5.02726254e-01
7.68672800e-06,5.02779089e-01
7.68682800e-06,5.02835051e-01
7.68692800e-06,5.02887885e-01
7.68702800e-06,5.02943845e-01
7.68712800e-06,5.02996676e-01
7.68722800e-06,5.03052634e-01
7.68732800e-06,5.03105462e-01
7.68742800e-06,5.03161418e-01
7.68752800e-06,5.03214244e-01
7.68762800e-06,5.03270198e-01
7.68772800e-06,5.03323022e-01
7.68782800e-06,5.03378974e-01
7.68792800e-06,5.03431796e-01
7.68802800e-06,5.03487746e-01
7.68812800e-06,5.03540565e-01
7.68822800e-06,5.03596513e-01
7.68832800e-06,5.03649330e-01
7.68842800e-06,5.03705276e-01
7.68852800e-06,5.03758090e-01
7.68862800e-06,5.03814035e-01
7.68872800e-06,5.03866846e-01
7.68882800e-06,5.03922789e-01
7.68892800e-06,5.03975598e-01
7.68902800e-06,5.04031539e-01
7.68912800e-06,5.04084346e-01
7.68922800e-06,5.04140285e-01
7.68932800e-06,5.04193090e-01
7.68942800e-06,5.04249026e-01
7.68952800e-06,5.04301829e-01
7.68962800e-06,5.04357763e-01
7.68972800e-06,5.04410564e-01
7.68982800e-06,5.04466497e-01
7.68992800e-06,5.04519295e-01
7.69002800e-06,5.04575225e-01
7.69012800e-06,5.04628021e-01
7.69022800e-06,5.04683950e-01
7.69032800e-06,5.04736743e-01
7.69042800e-06,5.04792670e-01
7.69052800e-06,5.04845462e-01
7.69062800e-06,5.04901387e-01
7.69072800e-06,5.04954176e-01
7.69082800e-06,5.05010099e-01
7.69092800e-06,5.05062885e-01
7.69102800e-06,5.05118807e-01
7.69112800e-06,5.05171591e-01
7.69122800e-06,5.05227510e-01
7.69132800e-06,5.05280293e-01
7.69142800e-06,5.05336210e-01
7.69152800e-06,5.05388990e-01
7.69162800e-06,5.05444906e-01
7.69172800e-06,5.05497683e-01
7.69182800e-06,5.05553597e-01
7.69192800e-06,5.05606372e-01
7.69202800e-06,5.05662284e-01
7.69212800e-06,5.05715057e-01
7.69222800e-06,5.05770967e-01
7.69232800e-06,5.05823738e-01
7.69242800e-06,5.05879646e-01
7.69252800e-06,5.05932415e-01
7.69262800e-06,5.05988321e-01
7.69272800e-06,5.06041088e-01
7.69282800e-06,5.06096992e-01
7.69292800e-06,5.06149756e-01
7.69302800e-06,5.06205659e-01
7.69312800e-06,5.06258421e-01
7.69322800e-06,5.06314322e-01
7.69332800e-06,5.06367081e-01
7.69342800e-06,5.06422980e-01
7.69352800e-06,5.06475738e-01
7.69362800e-06,5.06531635e-01
7.69372800e-06,5.06584390e-01
7.69382800e-06,5.06640286e-01
7.69392800e-06,5.06693039e-01
7.69402800e-06,5.06748932e-01
7.69412800e-06,5.06801683e-01
7.69422800e-06,5.06857575e-01
7.69432800e-06,5.06910323e-01
7.69442800e-06,5.06966213e-01
7.69452800e-06,5.07018960e-01
7.69462800e-06,5.07074848e-01
7.69472800e-06,5.07127592e-01
7.69482800e-06,5.07183478e-01
7.69492800e-06,5.07236221e-01
7.69502800e-06,5.07292105e-01
7.69512800e-06,5.07344845e-01
7.69522800e-06,5.07400728e-01
7.69532800e-06,5.07453465e-01
7.69542800e-06,5.07509346e-01
7.69552800e-06,5.07562082e-01
7.69562800e-06,5.07617961e-01
7.69572800e-06,5.07670694e-01
7.69582800e-06,5.07726571e-01
7.69592800e-06,5.07779303e-01
7.69602800e-06,5.07835178e-01
7.69612800e-06,5.07887907e-01
7.69622800e-06,5.07943781e-01
7.69632800e-06,5.07996508e-01
7.69642800e-06,5.08052380e-01
7.69652800e-06,5.08105104e-01
7.69662800e-06,5.08160975e-01
7.69672800e-06,5.08213697e-01
7.69682800e-06,5.08269565e-01
7.69692800e-06,5.08322286e-01
7.69702800e-06,5.08378152e-01
7.69712800e-06,5.08430871e-01
7.69722800e-06,5.08486735e-01
7.69732800e-06,5.08539451e-01
7.69742800e-06,5.08595315e-01
7.69752800e-06,5.08648028e-01
7.69762800e-06,5.08703890e-01
7.69772800e-06,5.08756601e-01
7.69782800e-06,5.08812461e-01
7.69792800e-06,5.08865171e-01
7.69802800e-06,5.08921028e-01
7.69812800e-06,5.08973736e-01
7.69822800e-06,5.09029592e-01
7.69832800e-06,5.09082297e-01
7.69842800e-06,5.09138152e-01
7.69852800e-06,5.09190855e-01
7.69862800e-06,5.09246707e-01
7.69872800e-06,5.09299408e-01
7.69882800e-06,5.09355259e-01
7.69892800e-06,5.09407958e-01
7.69902800e-06,5.09463807e-01
7.69912800e-06,5.09516504e-01
7.69922800e-06,5.09572351e-01
7.69932800e-06,5.09625046e-01
7.69942800e-06,5.09680892e-01
7.69952800e-06,5.09733584e-01
7.69962800e-06,5.09789428e-01
7.69972800e-06,5.09842118e-01
7.69982800e-06,5.09897960e-01
7.69992800e-06,5.09950649e-01
7.70002800e-06,5.10006489e-01
7.70012800e-06,5.10059175e-01
7.70022800e-06,5.10115014e-01
7.70032800e-06,5.10167698e-01
7.70042800e-06,5.10223535e-01
7.70052800e-06,5.10276217e-01
7.70062800e-06,5.10332052e-01
7.70072800e-06,5.10384731e-01
7.70082800e-06,5.10440565e-01
7.70092800e-06,5.10493243e-01
7.70102800e-06,5.10549074e-01
7.70112800e-06,5.10601750e-01
7.70122800e-06,5.10657580e-01
7.70132800e-06,5.10710253e-01
7.70142800e-06,5.10766081e-01
7.70152800e-06,5.10818753e-01
7.70162800e-06,5.10874579e-01
7.70172800e-06,5.10927248e-01
7.70182800e-06,5.10983073e-01
7.70192800e-06,5.11035740e-01
7.70202800e-06,5.11091563e-01
7.70212800e-06,5.11144228e-01
7.70222800e-06,5.11200050e-01
7.70232800e-06,5.11252713e-01
7.70242800e-06,5.11308532e-01
7.70252800e-06,5.11361193e-01
7.70262800e-06,5.11417011e-01
7.70272800e-06,5.11469670e-01
7.70282800e-06,5.11525486e-01
7.70292800e-06,5.11578142e-01
7.70302800e-06,5.11633957e-01
7.70312800e-06,5.11686611e-01
7.70322800e-06,5.11742424e-01
7.70332800e-06,5.11795076e-01
7.70342800e-06,5.11850887e-01
7.70352800e-06,5.11903537e-01
7.70362800e-06,5.11959347e-01
7.70372800e-06,5.12011995e-01
7.70382800e-06,5.12067802e-01
7.70392800e-06,5.12120448e-01
7.70402800e-06,5.12176254e-01
7.70412800e-06,5.12228898e-01
7.70422800e-06,5.12284702e-01
7.70432800e-06,5.12337344e-01
7.70442800e-06,5.12393146e-01
7.70452800e-06,5.12445786e-01
7.70462800e-06,5.12501587e-01
7.70472800e-06,5.12554224e-01
7.70482800e-06,5.12610023e-01
7.70492800e-06,5.12662659e-01
7.70502800e-06,5.12718456e-01
7.70512800e-06,5.12771089e-01
7.70522800e-06,5.12826885e-01
7.70532800e-06,5.12879516e-01
7.70542800e-06,5.12935310e-01
7.70552800e-06,5.12987939e-01
7.70562800e-06,5.13043731e-01
7.70572800e-06,5.13096358e-01
7.70582800e-06,5.13152149e-01
7.70592800e-06,5.13204773e-01
7.70602800e-06,5.13260562e-01
7.70612800e-06,5.13313185e-01
7.70622800e-06,5.13368972e-01
7.70632800e-06,5.13421592e-01
7.70642800e-06,5.13477378e-01
7.70652800e-06,5.13529996e-01
7.70662800e-06,5.13585780e-01
7.70672800e-06,5.13638396e-01
7.70682800e-06,5.13694178e-01
7.70692800e-06,5.13746792e-01
7.70702800e-06,5.13802572e-01
7.70712800e-06,5.13855185e-01
7.70722800e-06,5.13910963e-01
7.70732800e-06,5.13963573e-01
7.70742800e-06,5.14019350e-01
7.70752800e-06,5.14071958e-01
7.70762800e-06,5.14127732e-01
7.70772800e-06,5.14180338e-01
7.70782800e-06,5.14236111e-01
7.70792800e-06,5.14288715e-01
7.70802800e-06,5.14344487e-01
7.70812800e-06,5.14397088e-01
7.70822800e-06,5.14452858e-01
7.70832800e-06,5.14505457e-01
7.70842800e-06,5.14561225e-01
7.70852800e-06,5.14613823e-01
7.70862800e-06,5.14669589e-01
7.70872800e-06,5.14722184e-01
7.70882800e-06,5.14777948e-01
7.70892800e-06,5.14830542e-01
7.70902800e-06,5.14886304e-01
7.70912800e-06,5.14938895e-01
7.70922800e-06,5.14994656e-01
7.70932800e-06,5.15047245e-01
7.70942800e-06,5.15103004e-01
7.70952800e-06,5.15155591e-01
7.70962800e-06,5.15211348e-01
7.70972800e-06,5.15263933e-01
7.70982800e-06,5.15319689e-01
7.70992800e-06,5.15372271e-01
7.71002800e-06,5.15428025e-01
7.71012800e-06,5.15480605e-01
7.71022800e-06,5.15536358e-01
7.71032800e-06,5.15588936e-01
7.71042800e-06,5.15644686e-01
7.71052800e-06,5.15697262e-01
7.71062800e-06,5.15753011e-01
7.71072800e-06,5.15805585e-01
7.71082800e-06,5.15861332e-01
7.71092800e-06,5.15913903e-01
7.71102800e-06,5.15969649e-01
7.71112800e-06,5.16022218e-01
7.71122800e-06,5.16077962e-01
7.71132800e-06,5.16130529e-01
7.71142800e-06,5.16186271e-01
7.71152800e-06,5.16238836e-01
7.71162800e-06,5.16294576e-01
7.71172800e-06,5.16347139e-01
7.71182800e-06,5.16402877e-01
7.71192800e-06,5.16455438e-01
7.71202800e-06,5.16511174e-01
7.71212800e-06,5.16563733e-01
7.71222800e-06,5.16619467e-01
7.71232800e-06,5.16672024e-01
7.71242800e-06,5.16727757e-01
7.71252800e-06,5.16780311e-01
7.71262800e-06,5.16836042e-01
7.71272800e-06,5.16888594e-01
7.71282800e-06,5.16944323e-01
7.71292800e-06,5.16996874e-01
7.71302800e-06,5.17052601e-01
7.71312800e-06,5.17105149e-01
7.71322800e-06,5.17160874e-01
7.71332800e-06,5.17213420e-01
7.71342800e-06,5.17269144e-01
7.71352800e-06,5.17321687e-01
7.71362800e-06,5.17377409e-01
7.71372800e-06,5.17429951e-01
7.71382800e-06,5.17485671e-01
7.71392800e-06,5.17538210e-01
7.71402800e-06,5.17593928e-01
7.71412800e-06,5.17646465e-01
7.71422800e-06,5.17702181e-01
7.71432800e-06,5.17754716e-01
7.71442800e-06,5.17810431e-01
7.71452800e-06,5.17862963e-01
7.71462800e-06,5.17918676e-01
7.71472800e-06,5.17971206e-01
7.71482800e-06,5.18026917e-01
7.71492800e-06,5.18079445e-01
7.71502800e-06,5.18135154e-01
7.71512800e-06,5.18187680e-01
7.71522800e-06,5.18243388e-01
7.71532800e-06,5.18295911e-01
7.71542800e-06,5.18351617e-01
7.71552800e-06,5.18404138e-01
7.71562800e-06,5.18459842e-01
7.71572800e-06,5.18512361e-01
7.71582800e-06,5.18568062e-01
7.71592800e-06,5.18620579e-01
7.71602800e-06,5.18676279e-01
7.71612800e-06,5.18728794e-01
7.71622800e-06,5.18784492e-01
7.71632800e-06,5.18837004e-01
7.71642800e-06,5.18892701e-01
7.71652800e-06,5.18945211e-01
7.71662800e-06,5.19000905e-01
7.71672800e-06,5.19053413e-01
7.71682800e-06,5.19109105e-01
7.71692800e-06,5.19161611e-01
7.71702800e-06,5.19217301e-01
7.71712800e-06,5.19269805e-01
7.71722800e-06,5.19325493e-01
7.71732800e-06,5.19377995e-01
7.71742800e-06,5.19433681e-01
7.71752800e-06,5.19486180e-01
7.71762800e-06,5.19541865e-01
7.71772800e-06,5.19594361e-01
7.71782800e-06,5.19650044e-01
7.71792800e-06,5.19702538e-01
7.71802800e-06,5.19758219e-01
7.71812800e-06,5.19810711e-01
7.71822800e-06,5.19866390e-01
7.71832800e-06,5.19918880e-01
7.71842800e-06,5.19974557e-01
7.71852800e-06,5.20027044e-01
7.71862800e-06,5.20082720e-01
7.71872800e-06,5.20135205e-01
7.71882800e-06,5.20190878e-01
7.71892800e-06,5.20243361e-01
7.71902800e-06,5.20299032e-01
7.71912800e-06,5.20351512e-01
7.71922800e-06,5.20407182e-01
7.71932800e-06,5.20459660e-01
7.71942800e-06,5.20515327e-01
7.71952800e-06,5.20567803e-01
7.71962800e-06,5.20623468e-01
7.71972800e-06,5.20675942e-01
7.71982800e-06,5.20731605e-01
7.71992800e-06,5.20784076e-01
7.72002800e-06,5.20839737e-01
7.72012800e-06,5.20892206e-01
7.72022800e-06,5.20947866e-01
7.72032800e-06,5.21000332e-01
7.72042800e-06,5.21055989e-01
7.72052800e-06,5.21108453e-01
7.72062800e-06,5.21164109e-01
7.72072800e-06,5.21216570e-01
7.72082800e-06,5.21272224e-01
7.72092800e-06,5.21324683e-01
7.72102800e-06,5.21380334e-01
7.72112800e-06,5.21432791e-01
7.72122800e-06,5.21488441e-01
7.72132800e-06,5.21540895e-01
7.72142800e-06,5.21596542e-01
7.72152800e-06,5.21648994e-01
7.72162800e-06,5.21704640e-01
7.72172800e-06,5.21757089e-01
7.72182800e-06,5.21812733e-01
7.72192800e-06,5.21865180e-01
7.72202800e-06,5.21920821e-01
7.72212800e-06,5.21973266e-01
7.72222800e-06,5.22028905e-01
7.72232800e-06,5.22081347e-01
7.72242800e-06,5.22136984e-01
7.72252800e-06,5.22189424e-01
7.72262800e-06,5.22245059e-01
7.72272800e-06,5.22297497e-01
7.72282800e-06,5.22353130e-01
7.72292800e-06,5.22405565e-01
7.72302800e-06,5.22461195e-01
7.72312800e-06,5.22513628e-01
7.72322800e-06,5.22569257e-01
7.72332800e-06,5.22621687e-01
7.72342800e-06,5.22677313e-01
7.72352800e-06,5.22729741e-01
7.72362800e-06,5.22785365e-01
7.72372800e-06,5.22837790e-01
7.72382800e-06,5.22893413e-01
7.72392800e-06,5.22945835e-01
7.72402800e-06,5.23001456e-01
7.72412800e-06,5.23053876e-01
7.72422800e-06,5.23109494e-01
7.72432800e-06,5.23161911e-01
7.72442800e-06,5.23217527e-01
7.72452800e-06,5.23269942e-01
7.72462800e-06,5.23325556e-01
7.72472800e-06,5.23377968e-01
7.72482800e-06,5.23433580e-01
7.72492800e-06,5.23485990e-01
7.72502800e-06,5.23541599e-01
7.72512800e-06,5.23594007e-01
7.72522800e-06,5.23649614e-01
7.72532800e-06,5.23702019e-01
7.72542800e-06,5.23757624e-01
7.72552800e-06,5.23810026e-01
7.72562800e-06,5.23865629e-01
7.72572800e-06,5.23918029e-01
7.72582800e-06,5.23973629e-01
7.72592800e-06,5.24026026e-01
7.72602800e-06,5.24081625e-01
7.72612800e-06,5.24134019e-01
7.72622800e-06,5.24189616e-01
7.72632800e-06,5.24242007e-01
7.72642800e-06,5.24297601e-01
7.72652800e-06,5.24349991e-01
7.72662800e-06,5.24405582e-01
7.72672800e-06,5.24457969e-01
7.72682800e-06,5.24513558e-01
7.72692800e-06,5.24565942e-01
7.72702800e-06,5.24621529e-01
7.72712800e-06,5.24673911e-01
7.72722800e-06,5.24729495e-01
7.72732800e-06,5.24781874e-01
7.72742800e-06,5.24837457e-01
7.72752800e-06,5.24889833e-01
7.72762800e-06,5.24945413e-01
7.72772800e-06,5.24997786e-01
7.72782800e-06,5.25053364e-01
7.72792800e-06,5.25105735e-01
7.72802800e-06,5.25161310e-01
7.72812800e-06,5.25213678e-01
7.72822800e-06,5.25269251e-01
7.72832800e-06,5.25321616e-01
7.72842800e-06,5.25377188e-01
7.72852800e-06,5.25429550e-01
7.72862800e-06,5.25485118e-01
7.72872800e-06,5.25537478e-01
7.72882800e-06,5.25593044e-01
7.72892800e-06,5.25645401e-01
7.72902800e-06,5.25700965e-01
7.72912800e-06,5.25753319e-01
7.72922800e-06,5.25808881e-01
7.72932800e-06,5.25861232e-01
7.72942800e-06,5.25916791e-01
7.72952800e-06,5.25969140e-01
7.72962800e-06,5.26024696e-01
7.72972800e-06,5.26077042e-01
7.72982800e-06,5.26132596e-01
7.72992800e-06,5.26184939e-01
7.73002800e-06,5.26240491e-01
7.73012800e-06,5.26292831e-01
7.73022800e-06,5.26348381e-01
7.73032800e-06,5.26400718e-01
7.73042800e-06,5.26456265e-01
7.73052800e-06,5.26508599e-01
7.73062800e-06,5.26564144e-01
7.73072800e-06,5.26616475e-01
7.73082800e-06,5.26672017e-01
7.73092800e-06,5.26724346e-01
7.73102800e-06,5.26779885e-01
7.73112800e-06,5.26832211e-01
7.73122800e-06,5.26887748e-01
7.73132800e-06,5.26940071e-01
7.73142800e-06,5.26995605e-01
7.73152800e-06,5.27047925e-01
7.73162800e-06,5.27103457e-01
7.73172800e-06,5.27155774e-01
7.73182800e-06,5.27211304e-01
7.73192800e-06,5.27263618e-01
7.73202800e-06,5.27319144e-01
7.73212800e-06,5.27371456e-01
7.73222800e-06,5.27426980e-01
7.73232800e-06,5.27479288e-01
7.73242800e-06,5.27534810e-01
7.73252800e-06,5.27587115e-01
7.73262800e-06,5.27642634e-01
7.73272800e-06,5.27694936e-01
7.73282800e-06,5.27750452e-01
7.73292800e-06,5.27802752e-01
7.73302800e-06,5.27858265e-01
7.73312800e-06,5.27910562e-01
7.73322800e-06,5.27966073e-01
7.73332800e-06,5.28018366e-01
7.73342800e-06,5.28073874e-01
7.73352800e-06,5.28126165e-01
7.73362800e-06,5.28181670e-01
7.73372800e-06,5.28233957e-01
7.73382800e-06,5.28289460e-01
7.73392800e-06,5.28341744e-01
7.73402800e-06,5.28397245e-01
7.73412800e-06,5.28449526e-01
7.73422800e-06,5.28505023e-01
7.73432800e-06,5.28557301e-01
7.73442800e-06,5.28612796e-01
7.73452800e-06,5.28665071e-01
7.73462800e-06,5.28720563e-01
7.73472800e-06,5.28772835e-01
7.73482800e-06,5.28828324e-01
7.73492800e-06,5.28880593e-01
7.73502800e-06,5.28936079e-01
7.73512800e-06,5.28988344e-01
7.73522800e-06,5.29043828e-01
7.73532800e-06,5.29096090e-01
7.73542800e-06,5.29151571e-01
7.73552800e-06,5.29203830e-01
7.73562800e-06,5.29259308e-01
7.73572800e-06,5.29311564e-01
7.73582800e-06,5.29367040e-01
7.73592800e-06,5.29419292e-01
7.73602800e-06,5.29474765e-01
7.73612800e-06,5.29527014e-01
7.73622800e-06,5.29582483e-01
7.73632800e-06,5.29634729e-01
7.73642800e-06,5.29690196e-01
7.73652800e-06,5.29742439e-01
7.73662800e-06,5.29797903e-01
7.73672800e-06,5.29850142e-01
7.73682800e-06,5.29905603e-01
7.73692800e-06,5.29957839e-01
7.73702800e-06,5.30013297e-01
7.73712800e-06,5.30065530e-01
7.73722800e-06,5.30120985e-01
7.73732800e-06,5.30173214e-01
7.73742800e-06,5.30228666e-01
7.73752800e-06,5.30280892e-01
7.73762800e-06,5.30336341e-01
7.73772800e-06,5.30388564e-01
7.73782800e-06,5.30444010e-01
7.73792800e-06,5.30496229e-01
7.73802800e-06,5.30551672e-01
7.73812800e-06,5.30603888e-01
7.73822800e-06,5.30659328e-01
7.73832800e-06,5.30711541e-01
7.73842800e-06,5.30766978e-01
7.73852800e-06,5.30819187e-01
7.73862800e-06,5.30874621e-01
7.73872800e-06,5.30926826e-01
7.73882800e-06,5.30982257e-01
7.73892800e-06,5.31034459e-01
7.73902800e-06,5.31089887e-01
7.73912800e-06,5.31142086e-01
7.73922800e-06,5.31197510e-01
7.73932800e-06,5.31249705e-01
7.73942800e-06,5.31305126e-01
7.73952800e-06,5.31357318e-01
7.73962800e-06,5.31412736e-01
7.73972800e-06,5.31464924e-01
7.73982800e-06,5.31520339e-01
7.73992800e-06,5.31572524e-01
7.74002800e-06,5.31627936e-01
7.74012800e-06,5.31680117e-01
7.74022800e-06,5.31735525e-01
7.74032800e-06,5.31787702e-01
7.74042800e-06,5.31843108e-01
7.74052800e-06,5.31895281e-01
7.74062800e-06,5.31950683e-01
7.74072800e-06,5.32002854e-01
7.74082800e-06,5.32058252e-01
7.74092800e-06,5.32110419e-01
7.74102800e-06,5.32165814e-01
7.74112800e-06,5.32217977e-01
7.74122800e-06,5.32273369e-01
7.74132800e-06,5.32325528e-01
7.74142800e-06,5.32380916e-01
7.74152800e-06,5.32433072e-01
7.74162800e-06,5.32488457e-01
7.74172800e-06,5.32540609e-01
7.74182800e-06,5.32595991e-01
7.74192800e-06,5.32648139e-01
7.74202800e-06,5.32703517e-01
7.74212800e-06,5.32755661e-01
7.74222800e-06,5.32811036e-01
7.74232800e-06,5.32863176e-01
7.74242800e-06,5.32918548e-01
7.74252800e-06,5.32970685e-01
7.74262800e-06,5.33026053e-01
7.74272800e-06,5.33078185e-01
7.74282800e-06,5.33133550e-01
7.74292800e-06,5.33185679e-01
7.74302800e-06,5.33241040e-01
7.74312800e-06,5.33293165e-01
7.74322800e-06,5.33348522e-01
7.74332800e-06,5.33400643e-01
7.74342800e-06,5.33455997e-01
7.74352800e-06,5.33508114e-01
7.74362800e-06,5.33563465e-01
7.74372800e-06,5.33615578e-01
7.74382800e-06,5.33670925e-01
7.74392800e-06,5.33723034e-01
7.74402800e-06,5.33778377e-01
7.74412800e-06,5.33830482e-01
7.74422800e-06,5.33885822e-01
7.74432800e-06,5.33937923e-01
7.74442800e-06,5.33993259e-01
7.74452800e-06,5.34045356e-01
7.74462800e-06,5.34100688e-01
7.74472800e-06,5.34152781e-01
7.74482800e-06,5.34208109e-01
7.74492800e-06,5.34260198e-01
7.74502800e-06,5.34315523e-01
7.74512800e-06,5.34367608e-01
7.74522800e-06,5.34422929e-01
7.74532800e-06,5.34475010e-01
7.74542800e-06,5.34530327e-01
7.74552800e-06,5.34582403e-01
7.74562800e-06,5.34637717e-01
7.74572800e-06,5.34689789e-01
7.74582800e-06,5.34745098e-01
7.74592800e-06,5.34797167e-01
7.74602800e-06,5.34852472e-01
7.74612800e-06,5.34904536e-01
7.74622800e-06,5.34959838e-01
7.74632800e-06,5.35011898e-01
7.74642800e-06,5.35067195e-01
7.74652800e-06,5.35119251e-01
7.74662800e-06,5.35174545e-01
7.74672800e-06,5.35226596e-01
7.74682800e-06,5.35281886e-01
7.74692800e-06,5.35333932e-01
7.74702800e-06,5.35389218e-01
7.74712800e-06,5.35441261e-01
7.74722800e-06,5.35496543e-01
7.74732800e-06,5.35548581e-01
7.74742800e-06,5.35603859e-01
7.74752800e-06,5.35655892e-01
7.74762800e-06,5.35711166e-01
7.74772800e-06,5.35763195e-01
7.74782800e-06,5.35818465e-01
7.74792800e-06,5.35870490e-01
7.74802800e-06,5.35925755e-01
7.74812800e-06,5.35977776e-01
7.74822800e-06,5.36033037e-01
7.74832800e-06,5.36085053e-01
7.74842800e-06,5.36140310e-01
7.74852800e-06,5.36192321e-01
7.74862800e-06,5.36247575e-01
7.74872800e-06,5.36299581e-01
7.74882800e-06,5.36354830e-01
7.74892800e-06,5.36406832e-01
7.74902800e-06,5.36462077e-01
7.74912800e-06,5.36514074e-01
7.74922800e-06,5.36569315e-01
7.74932800e-06,5.36621307e-01
7.74942800e-06,5.36676543e-01
7.74952800e-06,5.36728531e-01
7.74962800e-06,5.36783763e-01
7.74972800e-06,5.36835746e-01
7.74982800e-06,5.36890974e-01
7.74992800e-06,5.36942952e-01
7.75002800e-06,5.36998175e-01
7.75012800e-06,5.37050149e-01
7.75022800e-06,5.37105368e-01
7.75032800e-06,5.37157337e-01
7.75042800e-06,5.37212551e-01
7.75052800e-06,5.37264515e-01
7.75062800e-06,5.37319725e-01
7.75072800e-06,5.37371684e-01
7.75082800e-06,5.37426889e-01
7.75092800e-06,5.37478844e-01
7.75102800e-06,5.37534044e-01
7.75112800e-06,5.37585994e-01
7.75122800e-06,5.37641190e-01
7.75132800e-06,5.37693135e-01
7.75142800e-06,5.37748326e-01
7.75152800e-06,5.37800266e-01
7.75162800e-06,5.37855452e-01
7.75172800e-06,5.37907387e-01
7.75182800e-06,5.37962569e-01
7.75192800e-06,5.38014499e-01
7.75202800e-06,5.38069676e-01
7.75212800e-06,5.38121601e-01
7.75222800e-06,5.38176774e-01
7.75232800e-06,5.38228693e-01
7.75242800e-06,5.38283861e-01
7.75252800e-06,5.38335776e-01
7.75262800e-06,5.38390939e-01
7.75272800e-06,5.38442848e-01
7.75282800e-06,5.38498006e-01
7.75292800e-06,5.38549910e-01
7.75302800e-06,5.38605064e-01
7.75312800e-06,5.38656963e-01
7.75322800e-06,5.38712111e-01
7.75332800e-06,5.38764005e-01
7.75342800e-06,5.38819148e-01
7.75352800e-06,5.38871037e-01
7.75362800e-06,5.38926175e-01
7.75372800e-06,5.38978058e-01
7.75382800e-06,5.39033192e-01
7.75392800e-06,5.39085070e-01
7.75402800e-06,5.39140198e-01
7.75412800e-06,5.39192071e-01
7.75422800e-06,5.39247194e-01
7.75432800e-06,5.39299061e-01
7.75442800e-06,5.39354179e-01
7.75452800e-06,5.39406041e-01
7.75462800e-06,5.39461154e-01
7.75472800e-06,5.39513010e-01
7.75482800e-06,5.39568118e-01
7.75492800e-06,5.39619969e-01
7.75502800e-06,5.39675072e-01
7.75512800e-06,5.39726916e-01
7.75522800e-06,5.39782014e-01
7.75532800e-06,5.39833853e-01
7.75542800e-06,5.39888946e-01
7.75552800e-06,5.39940779e-01
7.75562800e-06,5.39995867e-01
7.75572800e-06,5.40047695e-01
7.75582800e-06,5.40102776e-01
7.75592800e-06,5.40154599e-01
7.75602800e-06,5.40209675e-01
7.75612800e-06,5.40261492e-01
7.75622800e-06,5.40316563e-01
7.75632800e-06,5.40368373e-01
7.75642800e-06,5.40423439e-01
7.75652800e-06,5.40475244e-01
7.75662800e-06,5.40530304e-01
7.75672800e-06,5.40582103e-01
7.75682800e-06,5.40637158e-01
7.75692800e-06,5.40688951e-01
7.75702800e-06,5.40744000e-01
7.75712800e-06,5.40795787e-01
7.75722800e-06,5.40850831e-01
7.75732800e-06,5.40902612e-01
7.75742800e-06,5.40957650e-01
7.75752800e-06,5.41009425e-01
7.75762800e-06,5.41064457e-01
7.75772800e-06,5.41116226e-01
7.75782800e-06,5.41171253e-01
7.75792800e-06,5.41223016e-01
7.75802800e-06,5.41278036e-01
7.75812800e-06,5.41329793e-01
7.75822800e-06,5.41384808e-01
7.75832800e-06,5.41436559e-01
7.75842800e-06,5.41491568e-01
7.75852800e-06,5.41543312e-01
7.75862800e-06,5.41598315e-01
7.75872800e-06,5.41650054e-01
7.75882800e-06,5.41705051e-01
7.75892800e-06,5.41756783e-01
7.75902800e-06,5.41811774e-01
7.75912800e-06,5.41863500e-01
7.75922800e-06,5.41918485e-01
7.75932800e-06,5.41970204e-01
7.75942800e-06,5.42025184e-01
7.75952800e-06,5.42076897e-01
7.75962800e-06,5.42131870e-01
7.75972800e-06,5.42183576e-01
7.75982800e-06,5.42238543e-01
7.75992800e-06,5.42290243e-01
7.76002800e-06,5.42345204e-01
7.76012800e-06,5.42396897e-01
7.76022800e-06,5.42451852e-01
7.76032800e-06,5.42503539e-01
7.76042800e-06,5.42558487e-01
7.76052800e-06,5.42610167e-01
7.76062800e-06,5.42665109e-01
7.76072800e-06,5.42716783e-01
7.76082800e-06,5.42771718e-01
7.76092800e-06,5.42823385e-01
7.76102800e-06,5.42878314e-01
7.76112800e-06,5.42929974e-01
7.76122800e-06,5.42984897e-01
7.76132800e-06,5.43036551e-01
7.76142800e-06,5.43091467e-01
7.76152800e-06,5.43143113e-01
7.76162800e-06,5.43198023e-01
7.76172800e-06,5.43249662e-01
7.76182800e-06,5.43304566e-01
7.76192800e-06,5.43356198e-01
7.76202800e-06,5.43411095e-01
7.76212800e-06,5.43462720e-01
7.76222800e-06,5.43517610e-01
7.76232800e-06,5.43569229e-01
7.76242800e-06,5.43624112e-01
7.76252800e-06,5.43675723e-01
7.76262800e-06,5.43730599e-01
7.76272800e-06,5.43782204e-01
7.76282800e-06,5.43837073e-01
7.76292800e-06,5.43888670e-01
7.76302800e-06,5.43943533e-01
7.76312800e-06,5.43995123e-01
7.76322800e-06,5.44049978e-01
7.76332800e-06,5.44101561e-01
7.76342800e-06,5.44156410e-01
7.76352800e-06,5.44207985e-01
7.76362800e-06,5.44262827e-01
7.76372800e-06,5.44314395e-01
7.76382800e-06,5.44369229e-01
7.76392800e-06,5.44420790e-01
7.76402800e-06,5.44475617e-01
7.76412800e-06,5.44527170e-01
7.76422800e-06,5.44581990e-01
7.76432800e-06,5.44633536e-01
7.76442800e-06,5.44688349e-01
7.76452800e-06,5.44739887e-01
7.76462800e-06,5.44794692e-01
7.76472800e-06,5.44846223e-01
7.76482800e-06,5.44901021e-01
7.76492800e-06,5.44952544e-01
7.76502800e-06,5.45007335e-01
7.76512800e-06,5.45058850e-01
7.76522800e-06,5.45113633e-01
7.76532800e-06,5.45165140e-01
7.76542800e-06,5.45219916e-01
7.76552800e-06,5.45271415e-01
7.76562800e-06,5.45326184e-01
7.76572800e-06,5.45377675e-01
7.76582800e-06,5.45432436e-01
7.76592800e-06,5.45483919e-01
7.76602800e-06,5.45538673e-01
7.76612800e-06,5.45590148e-01
7.76622800e-06,5.45644894e-01
7.76632800e-06,5.45696361e-01
7.76642800e-06,5.45751098e-01
7.76652800e-06,5.45802558e-01
7.76662800e-06,5.45857287e-01
7.76672800e-06,5.45908738e-01
7.76682800e-06,5.45963460e-01
7.76692800e-06,5.46014903e-01
7.76702800e-06,5.46069617e-01
7.76712800e-06,5.46121051e-01
7.76722800e-06,5.46175757e-01
7.76732800e-06,5.46227183e-01
7.76742800e-06,5.46281881e-01
7.76752800e-06,5.46333299e-01
7.76762800e-06,5.46387989e-01
7.76772800e-06,5.46439398e-01
7.76782800e-06,5.46494079e-01
7.76792800e-06,5.46545480e-01
7.76802800e-06,5.46600153e-01
7.76812800e-06,5.46651545e-01
7.76822800e-06,5.46706211e-01
7.76832800e-06,5.46757594e-01
7.76842800e-06,5.46812251e-01
7.76852800e-06,5.46863625e-01
7.76862800e-06,5.46918273e-01
7.76872800e-06,5.46969639e-01
7.76882800e-06,5.47024279e-01
7.76892800e-06,5.47075636e-01
7.76902800e-06,5.47130267e-01
7.76912800e-06,5.47181615e-01
7.76922800e-06,5.47236238e-01
7.76932800e-06,5.47287577e-01
7.76942800e-06,5.47342191e-01
7.76952800e-06,5.47393521e-01
7.76962800e-06,5.47448126e-01
7.76972800e-06,5.47499447e-01
7.76982800e-06,5.47554044e-01
7.76992800e-06,5.47605356e-01
7.77002800e-06,5.47659943e-01
7.77012800e-06,5.47711246e-01
7.77022800e-06,5.47765824e-01
7.77032800e-06,5.47817117e-01
7.77042800e-06,5.47871687e-01
7.77052800e-06,5.47922971e-01
7.77062800e-06,5.47977531e-01
7.77072800e-06,5.48028806e-01
7.77082800e-06,5.48083357e-01
7.77092800e-06,5.48134622e-01
7.77102800e-06,5.48189164e-01
7.77112800e-06,5.48240420e-01
7.77122800e-06,5.48294952e-01
7.77132800e-06,5.48346198e-01
7.77142800e-06,5.48400722e-01
7.77152800e-06,5.48451958e-01
7.77162800e-06,5.48506472e-01
7.77172800e-06,5.48557698e-01
7.77182800e-06,5.48612203e-01
7.77192800e-06,5.48663419e-01
7.77202800e-06,5.48717914e-01
7.77212800e-06,5.48769121e-01
7.77222800e-06,5.48823606e-01
7.77232800e-06,5.48874803e-01
7.77242800e-06,5.48929278e-01
7.77252800e-06,5.48980465e-01
7.77262800e-06,5.49034931e-01
7.77272800e-06,5.49086107e-01
7.77282800e-06,5.49140563e-01
7.77292800e-06,5.49191729e-01
7.77302800e-06,5.49246175e-01
7.77312800e-06,5.49297331e-01
7.77322800e-06,5.49351767e-01
7.77332800e-06,5.49402913e-01
7.77342800e-06,5.49457339e-01
7.77352800e-06,5.49508474e-01
7.77362800e-06,5.49562890e-01
7.77372800e-06,5.49614014e-01
7.77382800e-06,5.49668420e-01
7.77392800e-06,5.49719534e-01
7.77402800e-06,5.49773929e-01
7.77412800e-06,5.49825033e-01
7.77422800e-06,5.49879417e-01
7.77432800e-06,5.49930510e-01
7.77442800e-06,5.49984884e-01
7.77452800e-06,5.50035966e-01
7.77462800e-06,5.50090330e-01
7.77472800e-06,5.50141401e-01
7.77482800e-06,5.50195754e-01
7.77492800e-06,5.50246814e-01
7.77502800e-06,5.50301157e-01
7.77512800e-06,5.50352206e-01
7.77522800e-06,5.50406537e-01
7.77532800e-06,5.50457575e-01
7.77542800e-06,5.50511896e-01
7.77552800e-06,5.50562922e-01
7.77562800e-06,5.50617232e-01
7.77572800e-06,5.50668248e-01
7.77582800e-06,5.50722546e-01
7.77592800e-06,5.50773550e-01
7.77602800e-06,5.50827838e-01
7.77612800e-06,5.50878830e-01
7.77622800e-06,5.50933107e-01
7.77632800e-06,5.50984088e-01
7.77642800e-06,5.51038353e-01
7.77652800e-06,5.51089322e-01
7.77662800e-06,5.51143576e-01
7.77672800e-06,5.51194534e-01
7.77682800e-06,5.51248776e-01
7.77692800e-06,5.51299722e-01
7.77702800e-06,5.51353952e-01
7.77712800e-06,5.51404886e-01
7.77722800e-06,5.51459105e-01
7.77732800e-06,5.51510027e-01
7.77742800e-06,5.51564235e-01
7.77752800e-06,5.51615145e-01
7.77762800e-06,5.51669340e-01
7.77772800e-06,5.51720238e-01
7.77782800e-06,5.51774421e-01
7.77792800e-06,5.51825307e-01
7.77802800e-06,5.51879479e-01
7.77812800e-06,5.51930352e-01
7.77822800e-06,5.51984511e-01
7.77832800e-06,5.52035372e-01
7.77842800e-06,5.52089519e-01
7.77852800e-06,5.52140368e-01
7.77862800e-06,5.52194503e-01
7.77872800e-06,5.52245338e-01
7.77882800e-06,5.52299461e-01
7.77892800e-06,5.52350284e-01
7.77902800e-06,5.52404394e-01
7.77912800e-06,5.52455204e-01
7.77922800e-06,5.52509302e-01
7.77932800e-06,5.52560099e-01
7.77942800e-06,5.52614184e-01
7.77952800e-06,5.52664968e-01
7.77962800e-06,5.52719040e-01
7.77972800e-06,5.52769812e-01
7.77982800e-06,5.52823871e-01
7.77992800e-06,5.52874629e-01
7.78002800e-06,5.52928675e-01
7.78012800e-06,5.52979420e-01
7.78022800e-06,5.53033453e-01
7.78032800e-06,5.53084185e-01
7.78042800e-06,5.53138205e-01
7.78052800e-06,5.53188923e-01
7.78062800e-06,5.53242930e-01
7.78072800e-06,5.53293634e-01
7.78082800e-06,5.53347628e-01
7.78092800e-06,5.53398318e-01
7.78102800e-06,5.53452298e-01
7.78112800e-06,5.53502975e-01
7.78122800e-06,5.53556942e-01
7.78132800e-06,5.53607605e-01
7.78142800e-06,5.53661558e-01
7.78152800e-06,5.53712207e-01
7.78162800e-06,5.53766146e-01
7.78172800e-06,5.53816781e-01
7.78182800e-06,5.53870706e-01
7.78192800e-06,5.53921327e-01
7.78202800e-06,5.53975238e-01
7.78212800e-06,5.54025845e-01
7.78222800e-06,5.54079742e-01
7.78232800e-06,5.54130334e-01
7.78242800e-06,5.54184217e-01
7.78252800e-06,5.54234795e-01
7.78262800e-06,5.54288664e-01
7.78272800e-06,5.54339226e-01
7.78282800e-06,5.54393081e-01
7.78292800e-06,5.54443629e-01
7.78302800e-06,5.54497469e-01
7.78312800e-06,5.54548002e-01
7.78322800e-06,5.54601828e-01
7.78332800e-06,5.54652346e-01
7.78342800e-06,5.54706157e-01
7.78352800e-06,5.54756660e-01
7.78362800e-06,5.54810456e-01
7.78372800e-06,5.54860944e-01
7.78382800e-06,5.54914725e-01
7.78392800e-06,5.54965198e-01
7.78402800e-06,5.55018963e-01
7.78412800e-06,5.55069421e-01
7.78422800e-06,5.55123172e-01
7.78432800e-06,5.55173614e-01
7.78442800e-06,5.55227349e-01
7.78452800e-06,5.55277775e-01
7.78462800e-06,5.55331495e-01
7.78472800e-06,5.55381906e-01
7.78482800e-06,5.55435610e-01
7.78492800e-06,5.55486005e-01
7.78502800e-06,5.55539694e-01
7.78512800e-06,5.55590073e-01
7.78522800e-06,5.55643746e-01
7.78532800e-06,5.55694109e-01
7.78542800e-06,5.55747766e-01
7.78552800e-06,5.55798113e-01
7.78562800e-06,5.55851754e-01
7.78572800e-06,5.55902084e-01
7.78582800e-06,5.55955709e-01
7.78592800e-06,5.56006023e-01
7.78602800e-06,5.56059632e-01
7.78612800e-06,5.56109929e-01
7.78622800e-06,5.56163522e-01
7.78632800e-06,5.56213803e-01
7.78642800e-06,5.56267379e-01
7.78652800e-06,5.56317643e-01
7.78662800e-06,5.56371202e-01
7.78672800e-06,5.56421449e-01
7.78682800e-06,5.56474992e-01
7.78692800e-06,5.56525222e-01
7.78702800e-06,5.56578748e-01
7.78712800e-06,5.56628961e-01
7.78722800e-06,5.56682470e-01
7.78732800e-06,5.56732666e-01
7.78742800e-06,5.56786157e-01
7.78752800e-06,5.56836336e-01
7.78762800e-06,5.56889810e-01
7.78772800e-06,5.56939971e-01
7.78782800e-06,5.56993428e-01
7.78792800e-06,5.57043572e-01
7.78802800e-06,5.57097011e-01
7.78812800e-06,5.57147137e-01
7.78822800e-06,5.57200559e-01
7.78832800e-06,5.57250667e-01
7.78842800e-06,5.57304071e-01
7.78852800e-06,5.57354161e-01
7.78862800e-06,5.57407547e-01
7.78872800e-06,5.57457619e-01
7.78882800e-06,5.57510988e-01
7.78892800e-06,5.57561041e-01
7.78902800e-06,5.57614391e-01
7.78912800e-06,5.57664426e-01
7.78922800e-06,5.57717759e-01
7.78932800e-06,5.57767775e-01
7.78942800e-06,5.57821089e-01
7.78952800e-06,5.57871087e-01
7.78962800e-06,5.57924382e-01
7.78972800e-06,5.57974361e-01
7.78982800e-06,5.58027638e-01
7.78992800e-06,5.58077598e-01
7.79002800e-06,5.58130856e-01
7.79012800e-06,5.58180797e-01
7.79022800e-06,5.58234037e-01
7.79032800e-06,5.58283959e-01
7.79042800e-06,5.58337179e-01
7.79052800e-06,5.58387081e-01
7.79062800e-06,5.58440283e-01
7.79072800e-06,5.58490166e-01
7.79082800e-06,5.58543348e-01
7.79092800e-06,5.58593211e-01
7.79102800e-06,5.58646374e-01
7.79112800e-06,5.58696218e-01
7.79122800e-06,5.58749361e-01
7.79132800e-06,5.58799185e-01
7.79142800e-06,5.58852308e-01
7.79152800e-06,5.58902112e-01
7.79162800e-06,5.58955216e-01
7.79172800e-06,5.59005000e-01
7.79182800e-06,5.59058083e-01
7.79192800e-06,5.59107847e-01
7.79202800e-06,5.59160911e-01
7.79212800e-06,5.59210654e-01
7.79222800e-06,5.59263698e-01
7.79232800e-06,5.59313421e-01
7.79242800e-06,5.59366444e-01
7.79252800e-06,5.59416146e-01
7.79262800e-06,5.59469149e-01
7.79272800e-06,5.59518830e-01
7.79282800e-06,5.59571812e-01
7.79292800e-06,5.59621473e-01
7.79302800e-06,5.59674435e-01
7.79312800e-06,5.59724074e-01
7.79322800e-06,5.59777015e-01
7.79332800e-06,5.59826633e-01
7.79342800e-06,5.59879553e-01
7.79352800e-06,5.59929150e-01
7.79362800e-06,5.59982048e-01
7.79372800e-06,5.60031624e-01
7.79382800e-06,5.60084501e-01
7.79392800e-06,5.60134056e-01
7.79402800e-06,5.60186911e-01
7.79412800e-06,5.60236444e-01
7.79422800e-06,5.60289278e-01
7.79432800e-06,5.60338789e-01
7.79442800e-06,5.60391601e-01
7.79452800e-06,5.60441090e-01
7.79462800e-06,5.60493881e-01
7.79472800e-06,5.60543348e-01
7.79482800e-06,5.60596116e-01
7.79492800e-06,5.60645561e-01
7.79502800e-06,5.60698307e-01
7.79512800e-06,5.60747730e-01
7.79522800e-06,5.60800454e-01
7.79532800e-06,5.60849854e-01
7.79542800e-06,5.60902556e-01
7.79552800e-06,5.60951933e-01
7.79562800e-06,5.61004613e-01
7.79572800e-06,5.61053967e-01
7.79582800e-06,5.61106624e-01
7.79592800e-06,5.61155956e-01
7.79602800e-06,5.61208590e-01
7.79612800e-06,5.61257899e-01
7.79622800e-06,5.61310510e-01
7.79632800e-06,5.61359795e-01
7.79642800e-06,5.61412384e-01
7.79652800e-06,5.61461646e-01
7.79662800e-06,5.61514211e-01
7.79672800e-06,5.61563450e-01
7.79682800e-06,5.61615992e-01
7.79692800e-06,5.61665207e-01
7.79702800e-06,5.61717725e-01
7.79712800e-06,5.61766917e-01
7.79722800e-06,5.61819412e-01
7.79732800e-06,5.61868580e-01
7.79742800e-06,5.61921051e-01
7.79752800e-06,5.61970195e-01
7.79762800e-06,5.62022643e-01
7.79772800e-06,5.62071763e-01
7.79782800e-06,5.62124186e-01
7.79792800e-06,5.62173282e-01
7.79802800e-06,5.62225681e-01
7.79812800e-06,5.62274753e-01
7.79822800e-06,5.62327128e-01
7.79832800e-06,5.62376175e-01
7.79842800e-06,5.62428526e-01
7.79852800e-06,5.62477549e-01
7.79862800e-06,5.62529875e-01
7.79872800e-06,5.62578873e-01
7.79882800e-06,5.62631175e-01
7.79892800e-06,5.62680148e-01
7.79902800e-06,5.62732425e-01
7.79912800e-06,5.62781374e-01
7.79922800e-06,5.62833626e-01
7.79932800e-06,5.62882549e-01
7.79942800e-06,5.62934777e-01
7.79952800e-06,5.62983675e-01
7.79962800e-06,5.63035877e-01
7.79972800e-06,5.63084750e-01
7.79982800e-06,5.63136927e-01
7.79992800e-06,5.63185775e-01
7.80002800e-06,5.63237927e-01
7.80012800e-06,5.63286749e-01
7.80022800e-06,5.63338875e-01
7.80032800e-06,5.63387671e-01
7.80042800e-06,5.63439772e-01
7.80052800e-06,5.63488543e-01
7.80062800e-06,5.63540618e-01
7.80072800e-06,5.63589363e-01
7.80082800e-06,5.63641412e-01
7.80092800e-06,5.63690131e-01
7.80102800e-06,5.63742154e-01
7.80112800e-06,5.63790847e-01
7.80122800e-06,5.63842844e-01
7.80132800e-06,5.63891511e-01
7.80142800e-06,5.63943482e-01
7.80152800e-06,5.63992122e-01
7.80162800e-06,5.64044068e-01
7.80172800e-06,5.64092681e-01
7.80182800e-06,5.64144600e-01
7.80192800e-06,5.64193187e-01
7.80202800e-06,5.64245079e-01
7.80212800e-06,5.64293640e-01
7.80222800e-06,5.64345506e-01
7.80232800e-06,5.64394039e-01
7.80242800e-06,5.64445878e-01
7.80252800e-06,5.64494385e-01
7.80262800e-06,5.64546198e-01
7.80272800e-06,5.64594677e-01
7.80282800e-06,5.64646463e-01
7.80292800e-06,5.64694916e-01
7.80302800e-06,5.64746674e-01
7.80312800e-06,5.64795100e-01
7.80322800e-06,5.64846831e-01
7.80332800e-06,5.64895229e-01
7.80342800e-06,5.64946933e-01
7.80352800e-06,5.64995304e-01
7.80362800e-06,5.65046981e-01
7.80372800e-06,5.65095324e-01
7.80382800e-06,5.65146974e-01
7.80392800e-06,5.65195289e-01
7.80402800e-06,5.65246911e-01
7.80412800e-06,5.65295199e-01
7.80422800e-06,5.65346793e-01
7.80432800e-06,5.65395054e-01
7.80442800e-06,5.65446620e-01
7.80452800e-06,5.65494853e-01
7.80462800e-06,5.65546391e-01
7.80472800e-06,5.65594596e-01
7.80482800e-06,5.65646106e-01
7.80492800e-06,5.65694283e-01
7.80502800e-06,5.65745765e-01
7.80512800e-06,5.65793913e-01
7.80522800e-06,5.65845368e-01
7.80532800e-06,5.65893488e-01
7.80542800e-06,5.65944914e-01
7.80552800e-06,5.65993006e-01
7.80562800e-06,5.66044404e-01
7.80572800e-06,5.66092467e-01
7.80582800e-06,5.66143836e-01
7.80592800e-06,5.66191871e-01
7.80602800e-06,5.66243212e-01
7.80612800e-06,5.66291218e-01
7.80622800e-06,5.66342530e-01
7.80632800e-06,5.66390508e-01
7.80642800e-06,5.66441791e-01
7.80652800e-06,5.66489740e-01
7.80662800e-06,5.66540995e-01
7.80672800e-06,5.66588915e-01
7.80682800e-06,5.66640141e-01
7.80692800e-06,5.66688031e-01
7.80702800e-06,5.66739229e-01
7.80712800e-06,5.66787090e-01
7.80722800e-06,5.66838258e-01
7.80732800e-06,5.66886091e-01
7.80742800e-06,5.66937230e-01
7.80752800e-06,5.66985033e-01
7.80762800e-06,5.67036143e-01
7.80772800e-06,5.67083917e-01
7.80782800e-06,5.67134997e-01
7.80792800e-06,5.67182742e-01
7.80802800e-06,5.67233793e-01
7.80812800e-06,5.67281508e-01
7.80822800e-06,5.67332530e-01
7.80832800e-06,5.67380215e-01
7.80842800e-06,5.67431208e-01
7.80852800e-06,5.67478863e-01
7.80862800e-06,5.67529826e-01
7.80872800e-06,5.67577452e-01
7.80882800e-06,5.67628385e-01
7.80892800e-06,5.67675981e-01
7.80902800e-06,5.67726885e-01
7.80912800e-06,5.67774451e-01
7.80922800e-06,5.67825324e-01
7.80932800e-06,5.67872861e-01
7.80942800e-06,5.67923704e-01
7.80952800e-06,5.67971211e-01
7.80962800e-06,5.68022024e-01
7.80972800e-06,5.68069501e-01
7.80982800e-06,5.68120284e-01
7.80992800e-06,5.68167730e-01
7.81002800e-06,5.68218483e-01
7.81012800e-06,5.68265899e-01
7.81022800e-06,5.68316622e-01
7.81032800e-06,5.68364008e-01
7.81042800e-06,5.68414700e-01
7.81052800e-06,5.68462056e-01
7.81062800e-06,5.68512718e-01
7.81072800e-06,5.68560042e-01
7.81082800e-06,5.68610674e-01
7.81092800e-06,5.68657968e-01
7.81102800e-06,5.68708569e-01
7.81112800e-06,5.68755833e-01
7.81122800e-06,5.68806403e-01
7.81132800e-06,5.68853637e-01
7.81142800e-06,5.68904176e-01
7.81152800e-06,5.68951379e-01
7.81162800e-06,5.69001887e-01
7.81172800e-06,5.69049059e-01
7.81182800e-06,5.69099537e-01
7.81192800e-06,5.69146678e-01
7.81202800e-06,5.69197125e-01
7.81212800e-06,5.69244234e-01
7.81222800e-06,5.69294650e-01
7.81232800e-06,5.69341729e-01
7.81242800e-06,5.69392114e-01
7.81252800e-06,5.69439162e-01
7.81262800e-06,5.69489516e-01
7.81272800e-06,5.69536532e-01
7.81282800e-06,5.69586855e-01
7.81292800e-06,5.69633840e-01
7.81302800e-06,5.69684131e-01
7.81312800e-06,5.69731085e-01
7.81322800e-06,5.69781345e-01
7.81332800e-06,5.69828267e-01
7.81342800e-06,5.69878496e-01
7.81352800e-06,5.69925387e-01
7.81362800e-06,5.69975584e-01
7.81372800e-06,5.70022443e-01
7.81382800e-06,5.70072609e-01
7.81392800e-06,5.70119437e-01
7.81402800e-06,5.70169570e-01
7.81412800e-06,5.70216367e-01
7.81422800e-06,5.70266469e-01
7.81432800e-06,5.70313233e-01
7.81442800e-06,5.70363303e-01
7.81452800e-06,5.70410036e-01
7.81462800e-06,5.70460074e-01
7.81472800e-06,5.70506775e-01
7.81482800e-06,5.70556782e-01
7.81492800e-06,5.70603450e-01
7.81502800e-06,5.70653425e-01
7.81512800e-06,5.70700062e-01
7.81522800e-06,5.70750004e-01
7.81532800e-06,5.70796609e-01
7.81542800e-06,5.70846519e-01
7.81552800e-06,5.70893092e-01
7.81562800e-06,5.70942970e-01
7.81572800e-06,5.70989510e-01
7.81582800e-06,5.71039356e-01
7.81592800e-06,5.71085864e-01
7.81602800e-06,5.71135677e-01
7.81612800e-06,5.71182153e-01
7.81622800e-06,5.71231934e-01
7.81632800e-06,5.71278377e-01
7.81642800e-06,5.71328125e-01
7.81652800e-06,5.71374536e-01
7.81662800e-06,5.71424252e-01
7.81672800e-06,5.71470630e-01
7.81682800e-06,5.71520313e-01
7.81692800e-06,5.71566659e-01
7.81702800e-06,5.71616310e-01
7.81712800e-06,5.71662623e-01
7.81722800e-06,5.71712240e-01
7.81732800e-06,5.71758521e-01
7.81742800e-06,5.71808105e-01
7.81752800e-06,5.71854353e-01
7.81762800e-06,5.71903904e-01
7.81772800e-06,5.71950119e-01
7.81782800e-06,5.71999638e-01
7.81792800e-06,5.72045819e-01
7.81802800e-06,5.72095305e-01
7.81812800e-06,5.72141454e-01
7.81822800e-06,5.72190906e-01
7.81832800e-06,5.72237022e-01
7.81842800e-06,5.72286441e-01
7.81852800e-06,5.72332524e-01
7.81862800e-06,5.72381909e-01
7.81872800e-06,5.72427959e-01
7.81882800e-06,5.72477311e-01
7.81892800e-06,5.72523327e-01
7.81902800e-06,5.72572646e-01
7.81912800e-06,5.72618629e-01
7.81922800e-06,5.72667915e-01
7.81932800e-06,5.72713864e-01
7.81942800e-06,5.72763116e-01
7.81952800e-06,5.72809032e-01
7.81962800e-06,5.72858250e-01
7.81972800e-06,5.72904132e-01
7.81982800e-06,5.72953317e-01
7.81992800e-06,5.72999166e-01
7.82002800e-06,5.73048316e-01
7.82012800e-06,5.73094131e-01
7.82022800e-06,5.73143248e-01
7.82032800e-06,5.73189030e-01
7.82042800e-06,5.73238113e-01
7.82052800e-06,5.73283860e-01
7.82062800e-06,5.73332909e-01
7.82072800e-06,5.73378623e-01
7.82082800e-06,5.73427638e-01
7.82092800e-06,5.73473318e-01
7.82102800e-06,5.73522299e-01
7.82112800e-06,5.73567944e-01
7.82122800e-06,5.73616891e-01
7.82132800e-06,5.73662503e-01
7.82142800e-06,5.73711415e-01
7.82152800e-06,5.73756993e-01
7.82162800e-06,5.73805871e-01
7.82172800e-06,5.73851414e-01
7.82182800e-06,5.73900258e-01
7.82192800e-06,5.73945767e-01
7.82202800e-06,5.73994577e-01
7.82212800e-06,5.74040052e-01
7.82222800e-06,5.74088826e-01
7.82232800e-06,5.74134267e-01
7.82242800e-06,5.74183007e-01
7.82252800e-06,5.74228414e-01
7.82262800e-06,5.74277119e-01
7.82272800e-06,5.74322491e-01
7.82282800e-06,5.74371162e-01
7.82292800e-06,5.74416499e-01
7.82302800e-06,5.74465135e-01
7.82312800e-06,5.74510438e-01
7.82322800e-06,5.74559039e-01
7.82332800e-06,5.74604307e-01
7.82342800e-06,5.74652873e-01
7.82352800e-06,5.74698107e-01
7.82362800e-06,5.74746638e-01
7.82372800e-06,5.74791837e-01
7.82382800e-06,5.74840333e-01
7.82392800e-06,5.74885497e-01
7.82402800e-06,5.74933959e-01
7.82412800e-06,5.74979088e-01
7.82422800e-06,5.75027514e-01
7.82432800e-06,5.75072608e-01
7.82442800e-06,5.75120999e-01
7.82452800e-06,5.75166059e-01
7.82462800e-06,5.75214414e-01
7.82472800e-06,5.75259439e-01
7.82482800e-06,5.75307759e-01
7.82492800e-06,5.75352748e-01
7.82502800e-06,5.75401033e-01
7.82512800e-06,5.75445988e-01
7.82522800e-06,5.75494237e-01
7.82532800e-06,5.75539157e-01
7.82542800e-06,5.75587371e-01
7.82552800e-06,5.75632255e-01
7.82562800e-06,5.75680434e-01
7.82572800e-06,5.75725282e-01
7.82582800e-06,5.75773426e-01
7.82592800e-06,5.75818239e-01
7.82602800e-06,5.75866347e-01
7.82612800e-06,5.75911125e-01
7.82622800e-06,5.75959197e-01
7.82632800e-06,5.76003940e-01
7.82642800e-06,5.76051976e-01
7.82652800e-06,5.76096684e-01
7.82662800e-06,5.76144684e-01
7.82672800e-06,5.76189357e-01
7.82682800e-06,5.76237321e-01
7.82692800e-06,5.76281958e-01
7.82702800e-06,5.76329887e-01
7.82712800e-06,5.76374488e-01
7.82722800e-06,5.76422382e-01
7.82732800e-06,5.76466947e-01
7.82742800e-06,5.76514805e-01
7.82752800e-06,5.76559335e-01
7.82762800e-06,5.76607156e-01
7.82772800e-06,5.76651651e-01
7.82782800e-06,5.76699436e-01
7.82792800e-06,5.76743896e-01
7.82802800e-06,5.76791645e-01
7.82812800e-06,5.76836069e-01
7.82822800e-06,5.76883782e-01
7.82832800e-06,5.76928170e-01
7.82842800e-06,5.76975847e-01
7.82852800e-06,5.77020200e-01
7.82862800e-06,5.77067841e-01
7.82872800e-06,5.77112158e-01
7.82882800e-06,5.77159763e-01
7.82892800e-06,5.77204044e-01
7.82902800e-06,5.77251613e-01
7.82912800e-06,5.77295858e-01
7.82922800e-06,5.77343391e-01
7.82932800e-06,5.77387601e-01
7.82942800e-06,5.77435097e-01
7.82952800e-06,5.77479271e-01
7.82962800e-06,5.77526732e-01
7.82972800e-06,5.77570870e-01
7.82982800e-06,5.77618294e-01
7.82992800e-06,5.77662397e-01
7.83002800e-06,5.77709785e-01
7.83012800e-06,5.77753852e-01
7.83022800e-06,5.77801203e-01
7.83032800e-06,5.77845234e-01
7.83042800e-06,5.77892550e-01
7.83052800e-06,5.77936545e-01
7.83062800e-06,5.77983825e-01
7.83072800e-06,5.78027785e-01
7.83082800e-06,5.78075028e-01
7.83092800e-06,5.78118952e-01
7.83102800e-06,5.78166159e-01
7.83112800e-06,5.78210047e-01
7.83122800e-06,5.78257218e-01
7.83132800e-06,5.78301070e-01
7.83142800e-06,5.78348205e-01
7.83152800e-06,5.78392022e-01
7.83162800e-06,5.78439120e-01
7.83172800e-06,5.78482901e-01
7.83182800e-06,5.78529964e-01
7.83192800e-06,5.78573709e-01
7.83202800e-06,5.78620735e-01
7.83212800e-06,5.78664445e-01
7.83222800e-06,5.78711435e-01
7.83232800e-06,5.78755110e-01
7.83242800e-06,5.78802064e-01
7.83252800e-06,5.78845702e-01
7.83262800e-06,5.78892620e-01
7.83272800e-06,5.78936224e-01
7.83282800e-06,5.78983105e-01
7.83292800e-06,5.79026673e-01
7.83302800e-06,5.79073519e-01
7.83312800e-06,5.79117051e-01
7.83322800e-06,5.79163861e-01
7.83332800e-06,5.79207358e-01
7.83342800e-06,5.79254132e-01
7.83352800e-06,5.79297594e-01
7.83362800e-06,5.79344331e-01
7.83372800e-06,5.79387758e-01
7.83382800e-06,5.79434460e-01
7.83392800e-06,5.79477851e-01
7.83402800e-06,5.79524517e-01
7.83412800e-06,5.79567874e-01
7.83422800e-06,5.79614504e-01
7.83432800e-06,5.79657825e-01
7.83442800e-06,5.79704420e-01
7.83452800e-06,5.79747706e-01
7.83462800e-06,5.79794265e-01
7.83472800e-06,5.79837517e-01
7.83482800e-06,5.79884040e-01
7.83492800e-06,5.79927257e-01
7.83502800e-06,5.79973745e-01
7.83512800e-06,5.80016926e-01
7.83522800e-06,5.80063379e-01
7.83532800e-06,5.80106526e-01
7.83542800e-06,5.80152943e-01
7.83552800e-06,5.80196056e-01
7.83562800e-06,5.80242438e-01
7.83572800e-06,5.80285516e-01
7.83582800e-06,5.80331863e-01
7.83592800e-06,5.80374907e-01
7.83602800e-06,5.80421219e-01
7.83612800e-06,5.80464228e-01
7.83622800e-06,5.80510505e-01
7.83632800e-06,5.80553481e-01
7.83642800e-06,5.80599723e-01
7.83652800e-06,5.80642665e-01
7.83662800e-06,5.80688872e-01
7.83672800e-06,5.80731780e-01
7.83682800e-06,5.80777952e-01
7.83692800e-06,5.80820827e-01
7.83702800e-06,5.80866965e-01
7.83712800e-06,5.80909805e-01
7.83722800e-06,5.80955909e-01
7.83732800e-06,5.80998717e-01
7.83742800e-06,5.81044786e-01
7.83752800e-06,5.81087560e-01
7.83762800e-06,5.81133596e-01
7.83772800e-06,5.81176337e-01
7.83782800e-06,5.81222339e-01
7.83792800e-06,5.81265047e-01
7.83802800e-06,5.81311015e-01
7.83812800e-06,5.81353690e-01
7.83822800e-06,5.81399625e-01
7.83832800e-06,5.81442267e-01
7.83842800e-06,5.81488169e-01
7.83852800e-06,5.81530779e-01
7.83862800e-06,5.81576647e-01
7.83872800e-06,5.81619225e-01
7.83882800e-06,5.81665060e-01
7.83892800e-06,5.81707607e-01
7.83902800e-06,5.81753409e-01
7.83912800e-06,5.81795923e-01
7.83922800e-06,5.81841693e-01
7.83932800e-06,5.81884176e-01
7.83942800e-06,5.81929913e-01
7.83952800e-06,5.81972365e-01
7.83962800e-06,5.82018070e-01
7.83972800e-06,5.82060491e-01
7.83982800e-06,5.82106164e-01
7.83992800e-06,5.82148554e-01
7.84002800e-06,5.82194196e-01
7.84012800e-06,5.82236555e-01
7.84022800e-06,5.82282166e-01
7.84032800e-06,5.82324495e-01
7.84042800e-06,5.82370074e-01
7.84052800e-06,5.82412373e-01
7.84062800e-06,5.82457921e-01
7.84072800e-06,5.82500191e-01
7.84082800e-06,5.82545708e-01
7.84092800e-06,5.82587948e-01
7.84102800e-06,5.82633435e-01
7.84112800e-06,5.82675647e-01
7.84122800e-06,5.82721104e-01
7.84132800e-06,5.82763286e-01
7.84142800e-06,5.82808714e-01
7.84152800e-06,5.82850868e-01
7.84162800e-06,5.82896266e-01
7.84172800e-06,5.82938392e-01
7.84182800e-06,5.82983761e-01
7.84192800e-06,5.83025859e-01
7.84202800e-06,5.83071199e-01
7.84212800e-06,5.83113270e-01
7.84222800e-06,5.83158582e-01
7.84232800e-06,5.83200626e-01
7.84242800e-06,5.83245910e-01
7.84252800e-06,5.83287927e-01
7.84262800e-06,5.83333183e-01
7.84272800e-06,5.83375174e-01
7.84282800e-06,5.83420404e-01
7.84292800e-06,5.83462369e-01
7.84302800e-06,5.83507571e-01
7.84312800e-06,5.83549511e-01
7.84322800e-06,5.83594687e-01
7.84332800e-06,5.83636603e-01
7.84342800e-06,5.83681753e-01
7.84352800e-06,5.83723643e-01
7.84362800e-06,5.83768768e-01
7.84372800e-06,5.83810635e-01
7.84382800e-06,5.83855734e-01
7.84392800e-06,5.83897578e-01
7.84402800e-06,5.83942653e-01
7.84412800e-06,5.83984473e-01
7.84422800e-06,5.84029524e-01
7.84432800e-06,5.84071322e-01
7.84442800e-06,5.84116349e-01
7.84452800e-06,5.84158126e-01
7.84462800e-06,5.84203130e-01
7.84472800e-06,5.84244885e-01
7.84482800e-06,5.84289867e-01
7.84492800e-06,5.84331601e-01
7.84502800e-06,5.84376561e-01
7.84512800e-06,5.84418275e-01
7.84522800e-06,5.84463213e-01
7.84532800e-06,5.84504908e-01
7.84542800e-06,5.84549826e-01
7.84552800e-06,5.84591501e-01
7.84562800e-06,5.84636399e-01
7.84572800e-06,5.84678056e-01
7.84582800e-06,5.84722934e-01
7.84592800e-06,5.84764574e-01
7.84602800e-06,5.84809433e-01
7.84612800e-06,5.84851056e-01
7.84622800e-06,5.84895897e-01
7.84632800e-06,5.84937504e-01
7.84642800e-06,5.84982327e-01
7.84652800e-06,5.85023918e-01
7.84662800e-06,5.85068725e-01
7.84672800e-06,5.85110301e-01
7.84682800e-06,5.85155092e-01
7.84692800e-06,5.85196655e-01
7.84702800e-06,5.85241430e-01
7.84712800e-06,5.85282979e-01
7.84722800e-06,5.85327741e-01
7.84732800e-06,5.85369277e-01
7.84742800e-06,5.85414025e-01
7.84752800e-06,5.85455550e-01
7.84762800e-06,5.85500285e-01
7.84772800e-06,5.85541799e-01
7.84782800e-06,5.85586522e-01
7.84792800e-06,5.85628027e-01
7.84802800e-06,5.85672739e-01
7.84812800e-06,5.85714234e-01
7.84822800e-06,5.85758936e-01
7.84832800e-06,5.85800424e-01
7.84842800e-06,5.85845116e-01
7.84852800e-06,5.85886597e-01
7.84862800e-06,5.85931281e-01
7.84872800e-06,5.85972757e-01
7.84882800e-06,5.86017433e-01
7.84892800e-06,5.86058904e-01
7.84902800e-06,5.86103574e-01
7.84912800e-06,5.86145040e-01
7.84922800e-06,5.86189706e-01
7.84932800e-06,5.86231169e-01
7.84942800e-06,5.86275830e-01
7.84952800e-06,5.86317293e-01
7.84962800e-06,5.86361951e-01
7.84972800e-06,5.86403412e-01
7.84982800e-06,5.86448068e-01
7.84992800e-06,5.86489531e-01
7.85002800e-06,5.86534186e-01
7.85012800e-06,5.86575651e-01
7.85022800e-06,5.86620307e-01
7.85032800e-06,5.86661774e-01
7.85042800e-06,5.86706432e-01
7.85052800e-06,5.86747904e-01
7.85062800e-06,5.86792565e-01
7.85072800e-06,5.86834043e-01
7.85082800e-06,5.86878708e-01
7.85092800e-06,5.86920193e-01
7.85102800e-06,5.86964865e-01
7.85112800e-06,5.87006358e-01
7.85122800e-06,5.87051037e-01
7.85132800e-06,5.87092541e-01
7.85142800e-06,5.87137227e-01
7.85152800e-06,5.87178743e-01
7.85162800e-06,5.87223440e-01
7.85172800e-06,5.87264969e-01
7.85182800e-06,5.87309677e-01
7.85192800e-06,5.87351221e-01
7.85202800e-06,5.87395942e-01
7.85212800e-06,5.87437502e-01
7.85222800e-06,5.87482239e-01
7.85232800e-06,5.87523817e-01
7.85242800e-06,5.87568570e-01
7.85252800e-06,5.87610167e-01
7.85262800e-06,5.87654938e-01
7.85272800e-06,5.87696558e-01
7.85282800e-06,5.87741349e-01
7.85292800e-06,5.87782991e-01
7.85302800e-06,5.87827805e-01
7.85312800e-06,5.87869472e-01
7.85322800e-06,5.87914309e-01
7.85332800e-06,5.87956004e-01
7.85342800e-06,5.88000866e-01
7.85352800e-06,5.88042590e-01
7.85362800e-06,5.88087480e-01
7.85372800e-06,5.88129236e-01
7.85382800e-06,5.88174155e-01
7.85392800e-06,5.88215944e-01
7.85402800e-06,5.88260895e-01
7.85412800e-06,5.88302719e-01
7.85422800e-06,5.88347705e-01
7.85432800e-06,5.88389567e-01
7.85442800e-06,5.88434588e-01
7.85452800e-06,5.88476558e-01
7.85462800e-06,5.88521674e-01
7.85472800e-06,5.88563635e-01
7.85482800e-06,5.88608713e-01
7.85492800e-06,5.88650792e-01
7.85502800e-06,5.88695802e-01
7.85512800e-06,5.88737832e-01
7.85522800e-06,5.88782915e-01
7.85532800e-06,5.88825016e-01
7.85542800e-06,5.88870164e-01
7.85552800e-06,5.88912330e-01
7.85562800e-06,5.88957541e-01
7.85572800e-06,5.88999771e-01
7.85582800e-06,5.89045042e-01
7.85592800e-06,5.89087335e-01
7.85602800e-06,5.89132666e-01
7.85612800e-06,5.89175023e-01
7.85622800e-06,5.89220416e-01
7.85632800e-06,5.89262839e-01
7.85642800e-06,5.89308297e-01
7.85652800e-06,5.89350788e-01
7.85662800e-06,5.89396311e-01
7.85672800e-06,5.89438873e-01
7.85682800e-06,5.89484465e-01
7.85692800e-06,5.89527101e-01
7.85702800e-06,5.89572765e-01
7.85712800e-06,5.89615477e-01
7.85722800e-06,5.89661217e-01
7.85732800e-06,5.89704009e-01
7.85742800e-06,5.89749827e-01
7.85752800e-06,5.89792703e-01
7.85762800e-06,5.89838603e-01
7.85772800e-06,5.89881566e-01
7.85782800e-06,5.89927551e-01
7.85792800e-06,5.89970605e-01
7.85802800e-06,5.90016680e-01
7.85812800e-06,5.90059829e-01
7.85822800e-06,5.90105996e-01
7.85832800e-06,5.90149244e-01
7.85842800e-06,5.90195509e-01
7.85852800e-06,5.90238858e-01
7.85862800e-06,5.90285225e-01
7.85872800e-06,5.90328681e-01
7.85882800e-06,5.90375153e-01
7.85892800e-06,5.90418721e-01
7.85902800e-06,5.90465303e-01
7.85912800e-06,5.90508986e-01
7.85922800e-06,5.90555682e-01
7.85932800e-06,5.90599486e-01
7.85942800e-06,5.90646301e-01
7.85952800e-06,5.90690230e-01
7.85962800e-06,5.90737168e-01
7.85972800e-06,5.90781227e-01
7.85982800e-06,5.90828294e-01
7.85992800e-06,5.90872489e-01
7.86002800e-06,5.90919689e-01
7.86012800e-06,5.90964024e-01
7.86022800e-06,5.91011363e-01
7.86032800e-06,5.91055843e-01
7.86042800e-06,5.91103327e-01
7.86052800e-06,5.91147958e-01
7.86062800e-06,5.91195592e-01
7.86072800e-06,5.91240380e-01
7.86082800e-06,5.91288169e-01
7.86092800e-06,5.91333120e-01
7.86102800e-06,5.91381071e-01
7.86112800e-06,5.91426190e-01
7.86122800e-06,5.91474309e-01
7.86132800e-06,5.91519603e-01
7.86142800e-06,5.91567896e-01
7.86152800e-06,5.91613372e-01
7.86162800e-06,5.91661845e-01
7.86172800e-06,5.91707509e-01
7.86182800e-06,5.91756169e-01
7.86192800e-06,5.91802028e-01
7.86202800e-06,5.91850883e-01
7.86212800e-06,5.91896944e-01
7.86222800e-06,5.91946000e-01
7.86232800e-06,5.91992271e-01
7.86242800e-06,5.92041535e-01
7.86252800e-06,5.92088023e-01
7.86262800e-06,5.92137504e-01
7.86272800e-06,5.92184217e-01
7.86282800e-06,5.92233922e-01
7.86292800e-06,5.92280868e-01
7.86302800e-06,5.92330806e-01
7.86312800e-06,5.92377992e-01
7.86322800e-06,5.92428171e-01
7.86332800e-06,5.92475608e-01
7.86342800e-06,5.92526036e-01
7.86352800e-06,5.92573732e-01
7.86362800e-06,5.92624419e-01
7.86372800e-06,5.92672383e-01
7.86382800e-06,5.92723338e-01
7.86392800e-06,5.92771580e-01
7.86402800e-06,5.92822812e-01
7.86412800e-06,5.92871342e-01
7.86422800e-06,5.92922862e-01
7.86432800e-06,5.92971689e-01
7.86442800e-06,5.93023507e-01
7.86452800e-06,5.93072642e-01
7.86462800e-06,5.93124769e-01
7.86472800e-06,5.93174223e-01
7.86482800e-06,5.93226670e-01
7.86492800e-06,5.93276455e-01
7.86502800e-06,5.93329233e-01
7.86512800e-06,5.93379360e-01
7.86522800e-06,5.93432481e-01
7.86532800e-06,5.93482963e-01
7.86542800e-06,5.93536439e-01
7.86552800e-06,5.93587288e-01
7.86562800e-06,5.93641132e-01
7.86572800e-06,5.93692361e-01
7.86582800e-06,5.93746587e-01
7.86592800e-06,5.93798210e-01
7.86602800e-06,5.93852830e-01
7.86612800e-06,5.93904861e-01
7.86622800e-06,5.93959891e-01
7.86632800e-06,5.94012343e-01
7.86642800e-06,5.94067797e-01
7.86652800e-06,5.94120687e-01
7.86662800e-06,5.94176580e-01
7.86672800e-06,5.94229923e-01
7.86682800e-06,5.94286271e-01
7.86692800e-06,5.94340084e-01
7.86702800e-06,5.94396903e-01
7.86712800e-06,5.94451202e-01
7.86722800e-06,5.94508511e-01
7.86732800e-06,5.94563313e-01
7.86742800e-06,5.94621128e-01
7.86752800e-06,5.94676452e-01
7.86762800e-06,5.94734792e-01
7.86772800e-06,5.94790657e-01
7.86782800e-06,5.94849542e-01
7.86792800e-06,5.94905967e-01
7.86802800e-06,5.94965416e-01
7.86812800e-06,5.95022423e-01
7.86822800e-06,5.95082457e-01
7.86832800e-06,5.95140066e-01
7.86842800e-06,5.95200707e-01
7.86852800e-06,5.95258940e-01
7.86862800e-06,5.95320211e-01
7.86872800e-06,5.95379091e-01
7.86882800e-06,5.95441015e-01
7.86892800e-06,5.95500567e-01
7.86902800e-06,5.95563168e-01
7.86912800e-06,5.95623417e-01
7.86922800e-06,5.95686722e-01
7.86932800e-06,5.95747694e-01
7.86942800e-06,5.95811727e-01
7.86952800e-06,5.95873449e-01
7.86962800e-06,5.95938240e-01
7.86972800e-06,5.96000741e-01
7.86982800e-06,5.96066318e-01
7.86992800e-06,5.96129627e-01
7.87002800e-06,5.96196021e-01
7.87012800e-06,5.96260169e-01
7.87022800e-06,5.96327412e-01
7.87032800e-06,5.96392431e-01
7.87042800e-06,5.96460555e-01
7.87052800e-06,5.96526480e-01
7.87062800e-06,5.96595519e-01
7.87072800e-06,5.96662385e-01
7.87082800e-06,5.96732376e-01
7.87092800e-06,5.96800219e-01
7.87102800e-06,5.96871200e-01
7.87112800e-06,5.96940060e-01
7.87122800e-06,5.97012070e-01
7.87132800e-06,5.97081987e-01
7.87142800e-06,5.97155067e-01
7.87152800e-06,5.97226084e-01
7.87162800e-06,5.97300278e-01
7.87172800e-06,5.97372438e-01
7.87182800e-06,5.97447792e-01
7.87192800e-06,5.97521143e-01
7.87202800e-06,5.97597703e-01
7.87212800e-06,5.97672294e-01
7.87222800e-06,5.97750111e-01
7.87232800e-06,5.97825992e-01
7.87242800e-06,5.97905119e-01
7.87252800e-06,5.97982345e-01
7.87262800e-06,5.98062837e-01
7.87272800e-06,5.98141465e-01
7.87282800e-06,5.98223379e-01
7.87292800e-06,5.98303467e-01
7.87302800e-06,5.98386865e-01
7.87312800e-06,5.98468477e-01
7.87322800e-06,5.98553422e-01
7.87332800e-06,5.98636624e-01
7.87342800e-06,5.98723184e-01
7.87352800e-06,5.98808045e-01
7.87362800e-06,5.98896292e-01
7.87372800e-06,5.98982884e-01
7.87382800e-06,5.99072892e-01
7.87392800e-06,5.99161293e-01
7.87402800e-06,5.99253142e-01
7.87412800e-06,5.99343433e-01
7.87422800e-06,5.99437205e-01
7.87432800e-06,5.99529472e-01
7.87442800e-06,5.99625256e-01
7.87452800e-06,5.99719590e-01
7.87462800e-06,5.99817479e-01
7.87472800e-06,5.99913975e-01
7.87482800e-06,6.00014068e-01
7.87492800e-06,6.00112827e-01
7.87502800e-06,6.00215227e-01
7.87512800e-06,6.00316357e-01
7.87522800e-06,6.00421175e-01
7.87532800e-06,6.00524789e-01
7.87542800e-06,6.00632141e-01
7.87552800e-06,6.00738360e-01
7.87562800e-06,6.00848371e-01
7.87572800e-06,6.00957322e-01
7.87582800e-06,6.01070122e-01
7.87592800e-06,6.01181942e-01
7.87602800e-06,6.01297671e-01
7.87612800e-06,6.01412502e-01
7.87622800e-06,6.01531310e-01
7.87632800e-06,6.01649306e-01
7.87642800e-06,6.01771350e-01
7.87652800e-06,6.01892674e-01
7.87662800e-06,6.02018121e-01
7.87672800e-06,6.02142948e-01
7.87682800e-06,6.02271978e-01
7.87692800e-06,6.02400492e-01
7.87702800e-06,6.02533297e-01
7.87712800e-06,6.02665696e-01
7.87722800e-06,6.02802480e-01
7.87732800e-06,6.02938975e-01
7.87742800e-06,6.03079957e-01
7.87752800e-06,6.03220774e-01
7.87762800e-06,6.03366188e-01
7.87772800e-06,6.03511570e-01
7.87782800e-06,6.03661667e-01
7.87792800e-06,6.03811874e-01
7.87802800e-06,6.03966921e-01
7.87812800e-06,6.04122232e-01
7.87822800e-06,6.04282521e-01
7.87832800e-06,6.04443236e-01
7.87842800e-06,6.04609077e-01
7.87852800e-06,6.04775520e-01
7.87862800e-06,6.04947249e-01
7.87872800e-06,6.05119767e-01
7.87882800e-06,6.05297746e-01
7.87892800e-06,6.05476717e-01
7.87902800e-06,6.05661338e-01
7.87912800e-06,6.05847169e-01
7.87922800e-06,6.06038855e-01
7.87932800e-06,6.06231988e-01
7.87942800e-06,6.06431202e-01
7.87952800e-06,6.06632117e-01
7.87962800e-06,6.06839357e-01
7.87972800e-06,6.07048576e-01
7.87982800e-06,6.07264389e-01
7.87992800e-06,6.07482482e-01
7.88002800e-06,6.07707462e-01
7.88012800e-06,6.07935053e-01
7.88022800e-06,6.08169853e-01
7.88032800e-06,6.08407623e-01
7.88042800e-06,6.08652957e-01
7.88052800e-06,6.08901657e-01
7.88062800e-06,6.09158312e-01
7.88072800e-06,6.09418767e-01
7.88082800e-06,6.09687611e-01
7.88092800e-06,6.09960734e-01
7.88102800e-06,6.10242728e-01
7.88112800e-06,6.10529530e-01
7.88122800e-06,6.10825740e-01
7.88132800e-06,6.11127345e-01
7.88142800e-06,6.11438956e-01
7.88152800e-06,6.11756619e-01
7.88162800e-06,6.12084958e-01
7.88172800e-06,6.12420082e-01
7.88182800e-06,6.12766637e-01
7.88192800e-06,6.13120800e-01
7.88202800e-06,6.13487245e-01
7.88212800e-06,6.13862226e-01
7.88222800e-06,6.14250453e-01
7.88232800e-06,6.14648268e-01
7.88242800e-06,6.15060426e-01
7.88252800e-06,6.15483365e-01
7.88262800e-06,6.15921901e-01
7.88272800e-06,6.16372582e-01
7.88282800e-06,6.16840298e-01
7.88292800e-06,6.17321723e-01
7.88302800e-06,6.17821837e-01
7.88312800e-06,6.18337466e-01
7.88322800e-06,6.18873700e-01
7.88332800e-06,6.19427524e-01
7.88342800e-06,6.20004168e-01
7.88352800e-06,6.20600816e-01
7.88362800e-06,6.21222865e-01
7.88372800e-06,6.21867724e-01
7.88382800e-06,6.22540991e-01
7.88392800e-06,6.23240337e-01
7.88402800e-06,6.23971599e-01
7.88412800e-06,6.24732751e-01
7.88422800e-06,6.25529906e-01
7.88432800e-06,6.26361384e-01
7.88442800e-06,6.27233621e-01
7.88452800e-06,6.28145324e-01
7.88462800e-06,6.29103292e-01
7.88472800e-06,6.30106663e-01
7.88482800e-06,6.31162640e-01
7.88492800e-06,6.32270833e-01
7.88502800e-06,6.33438890e-01
7.88512800e-06,6.34666939e-01
7.88522800e-06,6.35963127e-01
7.88532800e-06,6.37328170e-01
7.88542800e-06,6.38770806e-01
7.88552800e-06,6.40292465e-01
7.88562800e-06,6.41902644e-01
7.88572800e-06,6.43603721e-01
7.88582800e-06,6.45406262e-01
7.88592800e-06,6.47313998e-01
7.88602800e-06,6.49339066e-01
7.88612800e-06,6.51487196e-01
7.88622800e-06,6.53772892e-01
7.88632800e-06,6.56204864e-01
7.88642800e-06,6.58801183e-01
7.88652800e-06,6.61575024e-01
7.88662800e-06,6.64549868e-01
7.88672800e-06,6.67745690e-01
7.88682800e-06,6.71194344e-01
7.88692800e-06,6.74926472e-01
7.88702800e-06,6.78987411e-01
7.88712800e-06,6.83425377e-01
7.88722800e-06,6.88308692e-01
7.88732800e-06,6.93716575e-01
7.88742800e-06,6.99759747e-01
7.88752800e-06,7.06577411e-01
7.88762800e-06,7.14367401e-01
7.88772800e-06,7.23400850e-01
7.88782800e-06,7.34084352e-01
7.88792800e-06,7.47039916e-01
7.88802800e-06,7.63309436e-01
7.88812800e-06,7.84810206e-01
7.88822800e-06,8.15600050e-01
7.88832800e-06,8.66449657e-01
7.88842800e-06,9.79388025e-01
7.88852800e-06,1.31848432e+00
7.88862800e-06,1.73752572e+00
7.88872800e-06,1.80676399e+00
7.88882800e-06,1.78801822e+00
7.88892800e-06,1.80105797e+00
7.88902800e-06,1.79477280e+00
7.88912800e-06,1.80100525e+00
7.88922800e-06,1.79755291e+00
7.88932800e-06,1.80101367e+00
7.88942800e-06,1.79869824e+00
7.88952800e-06,1.80079652e+00
7.88962800e-06,1.79922087e+00
7.88972800e-06,1.80056730e+00
7.88982800e-06,1.79950068e+00
7.88992800e-06,1.80039139e+00
7.89002800e-06,1.79966828e+00
7.89012800e-06,1.80026863e+00
7.89022800e-06,1.79977469e+00
7.89032800e-06,1.80018557e+00
7.89042800e-06,1.79984421e+00
7.89052800e-06,1.80012979e+00
7.89062800e-06,1.79989037e+00
7.89072800e-06,1.80009225e+00
7.89082800e-06,1.79992141e+00
7.89092800e-06,1.80006677e+00
7.89102800e-06,1.79994255e+00
7.89112800e-06,1.80004928e+00
7.89122800e-06,1.79995716e+00
7.89132800e-06,1.80003709e+00
7.89142800e-06,1.79996683e+00
7.89152800e-06,1.80002833e+00
7.89162800e-06,1.79997442e+00
7.89172800e-06,1.80002201e+00
7.89182800e-06,1.79997995e+00
7.89192800e-06,1.80001736e+00
7.89202800e-06,1.79998407e+00
7.89212800e-06,1.80001285e+00
7.89222800e-06,1.79998701e+00
7.89232800e-06,1.80001108e+00
7.89242800e-06,1.79998953e+00
7.89252800e-06,1.80000894e+00
7.89262800e-06,1.79999154e+00
7.89272800e-06,1.80000720e+00
7.89282800e-06,1.79999318e+00
7.89292800e-06,1.80000577e+00
7.89302800e-06,1.79999455e+00
7.89312800e-06,1.80000457e+00
7.89322800e-06,1.79999570e+00
7.89332800e-06,1.80000355e+00
7.89342800e-06,1.79999669e+00
7.89352800e-06,1.80000267e+00
7.89362800e-06,1.79999754e+00
7.89372800e-06,1.80000192e+00
7.89382800e-06,1.79999827e+00
7.89392800e-06,1.80000126e+00
7.89402800e-06,1.79999892e+00
7.89412800e-06,1.80000068e+00
7.89422800e-06,1.79999948e+00
7.89432800e-06,1.80000016e+00
7.89442800e-06,1.79999995e+00
7.89452800e-06,1.79999970e+00
7.89462800e-06,1.80000036e+00
7.89472800e-06,1.79999929e+00
7.89482800e-06,1.80000073e+00
7.89492800e-06,1.79999893e+00
7.89502800e-06,1.80000106e+00
7.89512800e-06,1.79999861e+00
7.89522800e-06,1.80000135e+00
7.89532800e-06,1.79999832e+00
7.89542800e-06,1.80000161e+00
7.89552800e-06,1.79999807e+00
7.89562800e-06,1.80000184e+00
7.89572800e-06,1.79999785e+00
7.89582800e-06,1.80000204e+00
7.89592800e-06,1.79999765e+00
7.89602800e-06,1.80000222e+00
7.89612800e-06,1.79999747e+00
7.89622800e-06,1.80000238e+00
7.89632800e-06,1.79999732e+00
7.89642800e-06,1.80000253e+00
7.89652800e-06,1.79999718e+00
7.89662800e-06,1.80000265e+00
7.89672800e-06,1.79999705e+00
7.89682800e-06,1.80000277e+00
7.89692800e-06,1.79999694e+00
7.89702800e-06,1.80000287e+00
7.89712800e-06,1.79999684e+00
7.89722800e-06,1.80000296e+00
7.89732800e-06,1.79999675e+00
7.89742800e-06,1.80000304e+00
7.89752800e-06,1.79999668e+00
7.89762800e-06,1.80000311e+00
7.89772800e-06,1.79999661e+00
7.89782800e-06,1.80000318e+00
7.89792800e-06,1.79999654e+00
7.89802800e-06,1.80000323e+00
7.89812800e-06,1.79999649e+00
7.89822800e-06,1.80000329e+00
7.89832800e-06,1.79999644e+00
7.89842800e-06,1.80000333e+00
7.89852800e-06,1.79999639e+00
7.89862800e-06,1.80000337e+00
7.89872800e-06,1.79999635e+00
7.89882800e-06,1.80000341e+00
7.89892800e-06,1.79999632e+00
7.89902800e-06,1.80000344e+00
7.89912800e-06,1.79999628e+00
7.89922800e-06,1.80000347e+00
7.89932800e-06,1.79999626e+00
7.89942800e-06,1.80000350e+00
7.89952800e-06,1.79999623e+00
7.89962800e-06,1.80000353e+00
7.89972800e-06,1.79999621e+00
7.89982800e-06,1.80000355e+00
7.89992800e-06,1.79999619e+00
7.90002800e-06,1.80000357e+00
7.90012800e-06,1.79999617e+00
7.90022800e-06,1.80000359e+00
7.90032800e-06,1.79999615e+00
7.90042800e-06,1.80000360e+00
7.90052800e-06,1.79999614e+00
7.90062800e-06,1.80000362e+00
7.90072800e-06,1.79999612e+00
7.90082800e-06,1.80000363e+00
7.90092800e-06,1.79999611e+00
7.90102800e-06,1.80000364e+00
7.90112800e-06,1.79999610e+00
7.90122800e-06,1.80000365e+00
7.90132800e-06,1.79999609e+00
7.90142800e-06,1.80000366e+00
7.90152800e-06,1.79999608e+00
7.90162800e-06,1.80000367e+00
7.90172800e-06,1.79999607e+00
7.90182800e-06,1.80000368e+00
7.90192800e-06,1.79999607e+00
7.90202800e-06,1.80000368e+00
7.90212800e-06,1.79999606e+00
7.90222800e-06,1.80000369e+00
7.90232800e-06,1.79999605e+00
7.90242800e-06,1.80000370e+00
7.90252800e-06,1.79999605e+00
7.90262800e-06,1.80000370e+00
7.90272800e-06,1.79999604e+00
7.90282800e-06,1.80000371e+00
7.90292800e-06,1.79999604e+00
7.90302800e-06,1.80000371e+00
7.90312800e-06,1.79999604e+00
7.90322800e-06,1.80000371e+00
7.90332800e-06,1.79999603e+00
7.90342800e-06,1.80000372e+00
7.90352800e-06,1.79999603e+00
7.90362800e-06,1.80000372e+00
7.90372800e-06,1.79999603e+00
7.90382800e-06,1.80000372e+00
7.90392800e-06,1.79999603e+00
7.90402800e-06,1.80000372e+00
7.90412800e-06,1.79999603e+00
7.90422800e-06,1.80000373e+00
7.90432800e-06,1.79999603e+00
7.90442800e-06,1.80000373e+00
7.90452800e-06,1.79999603e+00
7.90462800e-06,1.80000373e+00
7.90472800e-06,1.79999602e+00
7.90482800e-06,1.80000373e+00
7.90492800e-06,1.79999602e+00
7.90502800e-06,1.80000373e+00
7.90512800e-06,1.79999602e+00
7.90522800e-06,1.80000373e+00
7.90532800e-06,1.79999602e+00
7.90542800e-06,1.80000373e+00
7.90552800e-06,1.79999603e+00
7.90562800e-06,1.80000373e+00
7.90572800e-06,1.79999603e+00
7.90582800e-06,1.80000373e+00
7.90592800e-06,1.79999603e+00
7.90602800e-06,1.80000373e+00
7.90612800e-06,1.79999603e+00
7.90622800e-06,1.80000373e+00
7.90632800e-06,1.79999603e+00
7.90642800e-06,1.80000373e+00
7.90652800e-06,1.79999603e+00
7.90662800e-06,1.80000373e+00
7.90672800e-06,1.79999603e+00
7.90682800e-06,1.80000373e+00
7.90692800e-06,1.79999603e+00
7.90702800e-06,1.80000373e+00
7.90712800e-06,1.79999604e+00
7.90722800e-06,1.80000372e+00
7.90732800e-06,1.79999604e+00
7.90742800e-06,1.80000372e+00
7.90752800e-06,1.79999604e+00
7.90762800e-06,1.80000372e+00
7.90772800e-06,1.79999604e+00
7.90782800e-06,1.80000372e+00
7.90792800e-06,1.79999605e+00
7.90802800e-06,1.80000372e+00
7.90812800e-06,1.79999605e+00
7.90822800e-06,1.80000371e+00
7.90832800e-06,1.79999605e+00
7.90842800e-06,1.80000371e+00
7.90852800e-06,1.79999606e+00
7.90862800e-06,1.80000371e+00
7.90872800e-06,1.79999606e+00
7.90882800e-06,1.80000371e+00
7.90892800e-06,1.79999606e+00
7.90902800e-06,1.80000370e+00
7.90912800e-06,1.79999607e+00
7.90922800e-06,1.80000370e+00
7.90932800e-06,1.79999607e+00
7.90942800e-06,1.80000370e+00
7.90952800e-06,1.79999607e+00
7.90962800e-06,1.80000369e+00
7.90972800e-06,1.79999608e+00
7.90982800e-06,1.80000369e+00
7.90992800e-06,1.79999608e+00
7.91002800e-06,1.80000369e+00
7.91012800e-06,1.79999609e+00
7.91022800e-06,1.80000368e+00
7.91032800e-06,1.79999609e+00
7.91042800e-06,1.80000368e+00
7.91052800e-06,1.79999609e+00
7.91062800e-06,1.80000368e+00
7.91072800e-06,1.79999610e+00
7.91082800e-06,1.80000367e+00
7.91092800e-06,1.79999610e+00
7.91102800e-06,1.80000367e+00
7.91112800e-06,1.79999611e+00
7.91122800e-06,1.80000366e+00
7.91132800e-06,1.79999611e+00
7.91142800e-06,1.80000366e+00
7.91152800e-06,1.79999612e+00
7.91162800e-06,1.80000366e+00
7.91172800e-06,1.79999612e+00
7.91182800e-06,1.80000365e+00
7.91192800e-06,1.79999613e+00
7.91202800e-06,1.80000365e+00
7.91212800e-06,1.79999613e+00
7.91222800e-06,1.80000364e+00
7.91232800e-06,1.79999614e+00
7.91242800e-06,1.80000364e+00
7.91252800e-06,1.79999615e+00
7.91262800e-06,1.80000363e+00
7.91272800e-06,1.79999615e+00
7.91282800e-06,1.80000363e+00
7.91292800e-06,1.79999616e+00
7.91302800e-06,1.80000362e+00
7.91312800e-06,1.79999616e+00
7.91322800e-06,1.80000362e+00
7.91332800e-06,1.79999617e+00
7.91342800e-06,1.80000361e+00
7.91352800e-06,1.79999617e+00
7.91362800e-06,1.80000361e+00
7.91372800e-06,1.79999618e+00
7.91382800e-06,1.80000360e+00
7.91392800e-06,1.79999619e+00
7.91402800e-06,1.80000360e+00
7.91412800e-06,1.79999619e+00
7.91422800e-06,1.80000359e+00
7.91432800e-06,1.79999620e+00
7.91442800e-06,1.80000358e+00
7.91452800e-06,1.79999621e+00
7.91462800e-06,1.80000358e+00
7.91472800e-06,1.79999621e+00
7.91482800e-06,1.80000357e+00
7.91492800e-06,1.79999622e+00
7.91502800e-06,1.80000357e+00
7.91512800e-06,1.79999623e+00
7.91522800e-06,1.80000356e+00
7.91532800e-06,1.79999623e+00
7.91542800e-06,1.80000355e+00
7.91552800e-06,1.79999624e+00
7.91562800e-06,1.80000355e+00
7.91572800e-06,1.79999625e+00
7.91582800e-06,1.80000354e+00
7.91592800e-06,1.79999625e+00
7.91602800e-06,1.80000353e+00
7.91612800e-06,1.79999626e+00
7.91622800e-06,1.80000353e+00
7.91632800e-06,1.79999627e+00
7.91642800e-06,1.80000352e+00
7.91652800e-06,1.79999627e+00
7.91662800e-06,1.80000352e+00
7.91672800e-06,1.79999628e+00
7.91682800e-06,1.80000351e+00
7.91692800e-06,1.79999629e+00
7.91702800e-06,1.80000350e+00
7.91712800e-06,1.79999630e+00
7.91722800e-06,1.80000349e+00
7.91732800e-06,1.79999630e+00
7.91742800e-06,1.80000349e+00
7.91752800e-06,1.79999631e+00
7.91762800e-06,1.80000348e+00
7.91772800e-06,1.79999632e+00
7.91782800e-06,1.80000347e+00
7.91792800e-06,1.79999633e+00
7.91802800e-06,1.80000347e+00
7.91812800e-06,1.79999633e+00
7.91822800e-06,1.80000346e+00
7.91832800e-06,1.79999634e+00
7.91842800e-06,1.80000345e+00
7.91852800e-06,1.79999635e+00
7.91862800e-06,1.80000345e+00
7.91872800e-06,1.79999636e+00
7.91882800e-06,1.80000344e+00
7.91892800e-06,1.79999637e+00
7.91902800e-06,1.80000343e+00
7.91912800e-06,1.79999637e+00
7.91922800e-06,1.80000342e+00
7.91932800e-06,1.79999638e+00
7.91942800e-06,1.80000342e+00
7.91952800e-06,1.79999639e+00
7.91962800e-06,1.80000341e+00
7.91972800e-06,1.79999640e+00
7.91982800e-06,1.80000340e+00
7.91992800e-06,1.79999641e+00
7.92002800e-06,1.80000339e+00
7.92012800e-06,1.79999642e+00
7.92022800e-06,1.80000338e+00
7.92032800e-06,1.79999642e+00
7.92042800e-06,1.80000338e+00
7.92052800e-06,1.79999643e+00
7.92062800e-06,1.80000337e+00
7.92072800e-06,1.79999644e+00
7.92082800e-06,1.80000336e+00
7.92092800e-06,1.79999645e+00
7.92102800e-06,1.80000335e+00
7.92112800e-06,1.79999646e+00
7.92122800e-06,1.80000335e+00
7.92132800e-06,1.79999647e+00
7.92142800e-06,1.80000334e+00
7.92152800e-06,1.79999648e+00
7.92162800e-06,1.80000333e+00
7.92172800e-06,1.79999649e+00
7.92182800e-06,1.80000332e+00
7.92192800e-06,1.79999649e+00
7.92202800e-06,1.80000331e+00
7.92212800e-06,1.79999650e+00
7.92222800e-06,1.80000330e+00
7.92232800e-06,1.79999651e+00
7.92242800e-06,1.80000330e+00
7.92252800e-06,1.79999652e+00
7.92262800e-06,1.80000329e+00
7.92272800e-06,1.79999653e+00
7.92282800e-06,1.80000328e+00
7.92292800e-06,1.79999654e+00
7.92302800e-06,1.80000327e+00
7.92312800e-06,1.79999655e+00
7.92322800e-06,1.80000326e+00
7.92332800e-06,1.79999656e+00
7.92342800e-06,1.80000325e+00
7.92352800e-06,1.79999657e+00
7.92362800e-06,1.80000325e+00
7.92372800e-06,1.79999658e+00
7.92382800e-06,1.80000324e+00
7.92392800e-06,1.79999659e+00
7.92402800e-06,1.80000323e+00
7.92412800e-06,1.79999659e+00
7.92422800e-06,1.80000322e+00
7.92432800e-06,1.79999660e+00
7.92442800e-06,1.80000321e+00
7.92452800e-06,1.79999661e+00
7.92462800e-06,1.80000320e+00
7.92472800e-06,1.79999662e+00
7.92482800e-06,1.80000319e+00
7.92492800e-06,1.79999663e+00
7.92502800e-06,1.80000318e+00
7.92512800e-06,1.79999664e+00
7.92522800e-06,1.80000318e+00
7.92532800e-06,1.79999665e+00
7.92542800e-06,1.80000317e+00
7.92552800e-06,1.79999666e+00
7.92562800e-06,1.80000316e+00
7.92572800e-06,1.79999667e+00
7.92582800e-06,1.80000315e+00
7.92592800e-06,1.79999668e+00
7.92602800e-06,1.80000314e+00
7.92612800e-06,1.79999669e+00
7.92622800e-06,1.80000313e+00
7.92632800e-06,1.79999670e+00
7.92642800e-06,1.80000312e+00
7.92652800e-06,1.79999671e+00
7.92662800e-06,1.80000311e+00
7.92672800e-06,1.79999672e+00
7.92682800e-06,1.80000310e+00
7.92692800e-06,1.79999673e+00
7.92702800e-06,1.80000309e+00
7.92712800e-06,1.79999674e+00
7.92722800e-06,1.80000309e+00
7.92732800e-06,1.79999675e+00
7.92742800e-06,1.80000308e+00
7.92752800e-06,1.79999676e+00
7.92762800e-06,1.80000307e+00
7.92772800e-06,1.79999677e+00
7.92782800e-06,1.80000306e+00
7.92792800e-06,1.79999678e+00
7.92802800e-06,1.80000305e+00
7.92812800e-06,1.79999679e+00
7.92822800e-06,1.80000304e+00
7.92832800e-06,1.79999680e+00
7.92842800e-06,1.80000303e+00
7.92852800e-06,1.79999681e+00
7.92862800e-06,1.80000302e+00
7.92872800e-06,1.79999682e+00
7.92882800e-06,1.80000301e+00
7.92892800e-06,1.79999683e+00
7.92902800e-06,1.80000300e+00
7.92912800e-06,1.79999684e+00
7.92922800e-06,1.80000299e+00
7.92932800e-06,1.79999685e+00
7.92942800e-06,1.80000298e+00
7.92952800e-06,1.79999686e+00
7.92962800e-06,1.80000297e+00
7.92972800e-06,1.79999687e+00
7.92982800e-06,1.80000296e+00
7.92992800e-06,1.79999688e+00
7.93002800e-06,1.80000295e+00
7.93012800e-06,1.79999689e+00
7.93022800e-06,1.80000294e+00
7.93032800e-06,1.79999690e+00
7.93042800e-06,1.80000294e+00
7.93052800e-06,1.79999691e+00
7.93062800e-06,1.80000293e+00
7.93072800e-06,1.79999692e+00
7.93082800e-06,1.80000292e+00
7.93092800e-06,1.79999693e+00
7.93102800e-06,1.80000291e+00
7.93112800e-06,1.79999694e+00
7.93122800e-06,1.80000290e+00
7.93132800e-06,1.79999695e+00
7.93142800e-06,1.80000289e+00
7.93152800e-06,1.79999696e+00
7.93162800e-06,1.80000288e+00
7.93172800e-06,1.79999697e+00
7.93182800e-06,1.80000287e+00
7.93192800e-06,1.79999698e+00
7.93202800e-06,1.80000286e+00
7.93212800e-06,1.79999699e+00
7.93222800e-06,1.80000285e+00
7.93232800e-06,1.79999700e+00
7.93242800e-06,1.80000284e+00
7.93252800e-06,1.79999701e+00
7.93262800e-06,1.80000283e+00
7.93272800e-06,1.79999702e+00
7.93282800e-06,1.80000282e+00
7.93292800e-06,1.79999703e+00
7.93302800e-06,1.80000281e+00
7.93312800e-06,1.79999704e+00
7.93322800e-06,1.80000280e+00
7.93332800e-06,1.79999705e+00
7.93342800e-06,1.80000279e+00
7.93352800e-06,1.79999706e+00
7.93362800e-06,1.80000278e+00
7.93372800e-06,1.79999707e+00
7.93382800e-06,1.80000277e+00
7.93392800e-06,1.79999708e+00
7.93402800e-06,1.80000276e+00
7.93412800e-06,1.79999709e+00
7.93422800e-06,1.80000275e+00
7.93432800e-06,1.79999710e+00
7.93442800e-06,1.80000274e+00
7.93452800e-06,1.79999711e+00
7.93462800e-06,1.80000273e+00
7.93472800e-06,1.79999712e+00
7.93482800e-06,1.80000272e+00
7.93492800e-06,1.79999713e+00
7.93502800e-06,1.80000271e+00
7.93512800e-06,1.79999715e+00
7.93522800e-06,1.80000270e+00
7.93532800e-06,1.79999716e+00
7.93542800e-06,1.80000269e+00
7.93552800e-06,1.79999717e+00
7.93562800e-06,1.80000268e+00
7.93572800e-06,1.79999718e+00
7.93582800e-06,1.80000267e+00
7.93592800e-06,1.79999719e+00
7.93602800e-06,1.80000266e+00
7.93612800e-06,1.79999720e+00
7.93622800e-06,1.80000265e+00
7.93632800e-06,1.79999721e+00
7.93642800e-06,1.80000264e+00
7.93652800e-06,1.79999722e+00
7.93662800e-06,1.80000263e+00
7.93672800e-06,1.79999723e+00
7.93682800e-06,1.80000262e+00
7.93692800e-06,1.79999724e+00
7.93702800e-06,1.80000261e+00
7.93712800e-06,1.79999725e+00
7.93722800e-06,1.80000260e+00
7.93732800e-06,1.79999726e+00
7.93742800e-06,1.80000259e+00
7.93752800e-06,1.79999727e+00
7.93762800e-06,1.80000258e+00
7.93772800e-06,1.79999728e+00
7.93782800e-06,1.80000257e+00
7.93792800e-06,1.79999729e+00
7.93802800e-06,1.80000256e+00
7.93812800e-06,1.79999730e+00
7.93822800e-06,1.80000255e+00
7.93832800e-06,1.79999731e+00
7.93842800e-06,1.80000254e+00
7.93852800e-06,1.79999732e+00
7.93862800e-06,1.80000253e+00
7.93872800e-06,1.79999733e+00
7.93882800e-06,1.80000252e+00
7.93892800e-06,1.79999734e+00
7.93902800e-06,1.80000252e+00
7.93912800e-06,1.79999735e+00
7.93922800e-06,1.80000251e+00
7.93932800e-06,1.79999736e+00
7.93942800e-06,1.80000250e+00
7.93952800e-06,1.79999737e+00
7.93962800e-06,1.80000249e+00
7.93972800e-06,1.79999739e+00
7.93982800e-06,1.80000248e+00
7.93992800e-06,1.79999740e+00
7.94002800e-06,1.80000247e+00
7.94012800e-06,1.79999741e+00
7.94022800e-06,1.80000246e+00
7.94032800e-06,1.79999742e+00
7.94042800e-06,1.80000245e+00
7.94052800e-06,1.79999743e+00
7.94062800e-06,1.80000244e+00
7.94072800e-06,1.79999744e+00
7.94082800e-06,1.80000243e+00
7.94092800e-06,1.79999745e+00
7.94102800e-06,1.80000242e+00
7.94112800e-06,1.79999746e+00
7.94122800e-06,1.80000241e+00
7.94132800e-06,1.79999747e+00
7.94142800e-06,1.80000240e+00
7.94152800e-06,1.79999748e+00
7.94162800e-06,1.80000239e+00
7.94172800e-06,1.79999749e+00
7.94182800e-06,1.80000238e+00
7.94192800e-06,1.79999750e+00
7.94202800e-06,1.80000237e+00
7.94212800e-06,1.79999751e+00
7.94222800e-06,1.80000236e+00
7.94232800e-06,1.79999752e+00
7.94242800e-06,1.80000235e+00
7.94252800e-06,1.79999753e+00
7.94262800e-06,1.80000234e+00
7.94272800e-06,1.79999754e+00
7.94282800e-06,1.80000233e+00
7.94292800e-06,1.79999755e+00
7.94302800e-06,1.80000232e+00
7.94312800e-06,1.79999756e+00
7.94322800e-06,1.80000231e+00
7.94332800e-06,1.79999757e+00
7.94342800e-06,1.80000230e+00
7.94352800e-06,1.79999758e+00
7.94362800e-06,1.80000229e+00
7.94372800e-06,1.79999759e+00
7.94382800e-06,1.80000228e+00
7.94392800e-06,1.79999760e+00
7.94402800e-06,1.80000227e+00
7.94412800e-06,1.79999761e+00
7.94422800e-06,1.80000226e+00
7.94432800e-06,1.79999762e+00
7.94442800e-06,1.80000225e+00
7.94452800e-06,1.79999763e+00
7.94462800e-06,1.80000224e+00
7.94472800e-06,1.79999765e+00
7.94482800e-06,1.80000223e+00
7.94492800e-06,1.79999766e+00
7.94502800e-06,1.80000222e+00
7.94512800e-06,1.79999767e+00
7.94522800e-06,1.80000221e+00
7.94532800e-06,1.79999768e+00
7.94542800e-06,1.80000220e+00
7.94552800e-06,1.79999769e+00
7.94562800e-06,1.80000219e+00
7.94572800e-06,1.79999770e+00
7.94582800e-06,1.80000218e+00
7.94592800e-06,1.79999771e+00
7.94602800e-06,1.80000217e+00
7.94612800e-06,1.79999772e+00
7.94622800e-06,1.80000216e+00
7.94632800e-06,1.79999773e+00
7.94642800e-06,1.80000215e+00
7.94652800e-06,1.79999774e+00
7.94662800e-06,1.80000214e+00
7.94672800e-06,1.79999775e+00
7.94682800e-06,1.80000213e+00
7.94692800e-06,1.79999776e+00
7.94702800e-06,1.80000212e+00
7.94712800e-06,1.79999777e+00
7.94722800e-06,1.80000211e+00
7.94732800e-06,1.79999778e+00
7.94742800e-06,1.80000210e+00
7.94752800e-06,1.79999779e+00
7.94762800e-06,1.80000209e+00
7.94772800e-06,1.79999780e+00
7.94782800e-06,1.80000208e+00
7.94792800e-06,1.79999781e+00
7.94802800e-06,1.80000207e+00
7.94812800e-06,1.79999782e+00
7.94822800e-06,1.80000206e+00
7.94832800e-06,1.79999783e+00
7.94842800e-06,1.80000205e+00
7.94852800e-06,1.79999784e+00
7.94862800e-06,1.80000205e+00
7.94872800e-06,1.79999785e+00
7.94882800e-06,1.80000204e+00
7.94892800e-06,1.79999786e+00
7.94902800e-06,1.80000203e+00
7.94912800e-06,1.79999787e+00
7.94922800e-06,1.80000202e+00
7.94932800e-06,1.79999788e+00
7.94942800e-06,1.80000201e+00
7.94952800e-06,1.79999789e+00
7.94962800e-06,1.80000200e+00
7.94972800e-06,1.79999790e+00
7.94982800e-06,1.80000199e+00
7.94992800e-06,1.79999791e+00
7.95002800e-06,1.80000198e+00
7.95012800e-06,1.79999792e+00
7.95022800e-06,1.80000197e+00
7.95032800e-06,1.79999793e+00
7.95042800e-06,1.80000196e+00
7.95052800e-06,1.79999794e+00
7.95062800e-06,1.80000195e+00
7.95072800e-06,1.79999795e+00
7.95082800e-06,1.80000194e+00
7.95092800e-06,1.79999796e+00
7.95102800e-06,1.80000193e+00
7.95112800e-06,1.79999797e+00
7.95122800e-06,1.80000192e+00
7.95132800e-06,1.79999798e+00
7.95142800e-06,1.80000191e+00
7.95152800e-06,1.79999799e+00
7.95162800e-06,1.80000190e+00
7.95172800e-06,1.79999800e+00
7.95182800e-06,1.80000189e+00
7.95192800e-06,1.79999801e+00
7.95202800e-06,1.80000188e+00
7.95212800e-06,1.79999802e+00
7.95222800e-06,1.80000187e+00
7.95232800e-06,1.79999803e+00
7.95242800e-06,1.80000186e+00
7.95252800e-06,1.79999804e+00
7.95262800e-06,1.80000186e+00
7.95272800e-06,1.79999805e+00
7.95282800e-06,1.80000185e+00
7.95292800e-06,1.79999806e+00
7.95302800e-06,1.80000184e+00
7.95312800e-06,1.79999807e+00
7.95322800e-06,1.80000183e+00
7.95332800e-06,1.79999808e+00
7.95342800e-06,1.80000182e+00
7.95352800e-06,1.79999809e+00
7.95362800e-06,1.80000181e+00
7.95372800e-06,1.79999810e+00
7.95382800e-06,1.80000180e+00
7.95392800e-06,1.79999811e+00
7.95402800e-06,1.80000179e+00
7.95412800e-06,1.79999812e+00
7.95422800e-06,1.80000178e+00
7.95432800e-06,1.79999813e+00
7.95442800e-06,1.80000177e+00
7.95452800e-06,1.79999814e+00
7.95462800e-06,1.80000176e+00
7.95472800e-06,1.79999815e+00
7.95482800e-06,1.80000175e+00
7.95492800e-06,1.79999816e+00
7.95502800e-06,1.80000174e+00
7.95512800e-06,1.79999817e+00
7.95522800e-06,1.80000173e+00
7.95532800e-06,1.79999818e+00
7.95542800e-06,1.80000173e+00
7.95552800e-06,1.79999819e+00
7.95562800e-06,1.80000172e+00
7.95572800e-06,1.79999820e+00
7.95582800e-06,1.80000171e+00
7.95592800e-06,1.79999820e+00
7.95602800e-06,1.80000170e+00
7.95612800e-06,1.79999821e+00
7.95622800e-06,1.80000169e+00
7.95632800e-06,1.79999822e+00
7.95642800e-06,1.80000168e+00
7.95652800e-06,1.79999823e+00
7.95662800e-06,1.80000167e+00
7.95672800e-06,1.79999824e+00
7.95682800e-06,1.80000166e+00
7.95692800e-06,1.79999825e+00
7.95702800e-06,1.80000165e+00
7.95712800e-06,1.79999826e+00
7.95722800e-06,1.80000164e+00
7.95732800e-06,1.79999827e+00
7.95742800e-06,1.80000163e+00
7.95752800e-06,1.79999828e+00
7.95762800e-06,1.80000163e+00
7.95772800e-06,1.79999829e+00
7.95782800e-06,1.80000162e+00
7.95792800e-06,1.79999830e+00
7.95802800e-06,1.80000161e+00
7.95812800e-06,1.79999831e+00
7.95822800e-06,1.80000160e+00
7.95832800e-06,1.79999832e+00
7.95842800e-06,1.80000159e+00
7.95852800e-06,1.79999833e+00
7.95862800e-06,1.80000158e+00
7.95872800e-06,1.79999834e+00
7.95882800e-06,1.80000157e+00
7.95892800e-06,1.79999835e+00
7.95902800e-06,1.80000156e+00
7.95912800e-06,1.79999836e+00
7.95922800e-06,1.80000155e+00
7.95932800e-06,1.79999837e+00
7.95942800e-06,1.80000155e+00
7.95952800e-06,1.79999837e+00
7.95962800e-06,1.80000154e+00
7.95972800e-06,1.79999838e+00
7.95982800e-06,1.80000153e+00
7.95992800e-06,1.79999839e+00
7.96002800e-06,1.80000152e+00
7.96012800e-06,1.79999840e+00
7.96022800e-06,1.80000151e+00
7.96032800e-06,1.79999841e+00
7.96042800e-06,1.80000150e+00
7.96052800e-06,1.79999842e+00
7.96062800e-06,1.80000149e+00
7.96072800e-06,1.79999843e+00
7.96082800e-06,1.80000148e+00
7.96092800e-06,1.79999844e+00
7.96102800e-06,1.80000148e+00
7.96112800e-06,1.79999845e+00
7.96122800e-06,1.80000147e+00
7.96132800e-06,1.79999846e+00
7.96142800e-06,1.80000146e+00
7.96152800e-06,1.79999847e+00
7.96162800e-06,1.80000145e+00
7.96172800e-06,1.79999848e+00
7.96182800e-06,1.80000144e+00
7.96192800e-06,1.79999849e+00
7.96202800e-06,1.80000143e+00
7.96212800e-06,1.79999849e+00
7.96222800e-06,1.80000142e+00
7.96232800e-06,1.79999850e+00
7.96242800e-06,1.80000141e+00
7.96252800e-06,1.79999851e+00
7.96262800e-06,1.80000141e+00
7.96272800e-06,1.79999852e+00
7.96282800e-06,1.80000140e+00
7.96292800e-06,1.79999853e+00
7.96302800e-06,1.80000139e+00
7.96312800e-06,1.79999854e+00
7.96322800e-06,1.80000138e+00
7.96332800e-06,1.79999855e+00
7.96342800e-06,1.80000137e+00
7.96352800e-06,1.79999856e+00
7.96362800e-06,1.80000136e+00
7.96372800e-06,1.79999857e+00
7.96382800e-06,1.80000135e+00
7.96392800e-06,1.79999858e+00
7.96402800e-06,1.80000135e+00
7.96412800e-06,1.79999858e+00
7.96422800e-06,1.80000134e+00
7.96432800e-06,1.79999859e+00
7.96442800e-06,1.80000133e+00
7.96452800e-06,1.79999860e+00
7.96462800e-06,1.80000132e+00
7.96472800e-06,1.79999861e+00
7.96482800e-06,1.80000131e+00
7.96492800e-06,1.79999862e+00
7.96502800e-06,1.80000130e+00
7.96512800e-06,1.79999863e+00
7.96522800e-06,1.80000130e+00
7.96532800e-06,1.79999864e+00
7.96542800e-06,1.80000129e+00
7.96552800e-06,1.79999865e+00
7.96562800e-06,1.80000128e+00
7.96572800e-06,1.79999865e+00
7.96582800e-06,1.80000127e+00
7.96592800e-06,1.79999866e+00
7.96602800e-06,1.80000126e+00
7.96612800e-06,1.79999867e+00
7.96622800e-06,1.80000125e+00
7.96632800e-06,1.79999868e+00
7.96642800e-06,1.80000125e+00
7.96652800e-06,1.79999869e+00
7.96662800e-06,1.80000124e+00
7.96672800e-06,1.79999870e+00
7.96682800e-06,1.80000123e+00
7.96692800e-06,1.79999871e+00
7.96702800e-06,1.80000122e+00
7.96712800e-06,1.79999872e+00
7.96722800e-06,1.80000121e+00
7.96732800e-06,1.79999872e+00
7.96742800e-06,1.80000121e+00
7.96752800e-06,1.79999873e+00
7.96762800e-06,1.80000120e+00
7.96772800e-06,1.79999874e+00
7.96782800e-06,1.80000119e+00
7.96792800e-06,1.79999875e+00
7.96802800e-06,1.80000118e+00
7.96812800e-06,1.79999876e+00
7.96822800e-06,1.80000117e+00
7.96832800e-06,1.79999877e+00
7.96842800e-06,1.80000116e+00
7.96852800e-06,1.79999877e+00
7.96862800e-06,1.80000116e+00
7.96872800e-06,1.79999878e+00
7.96882800e-06,1.80000115e+00
7.96892800e-06,1.79999879e+00
7.96902800e-06,1.80000114e+00
7.96912800e-06,1.79999880e+00
7.96922800e-06,1.80000113e+00
7.96932800e-06,1.79999881e+00
7.96942800e-06,1.80000112e+00
7.96952800e-06,1.79999882e+00
7.96962800e-06,1.80000112e+00
7.96972800e-06,1.79999883e+00
7.96982800e-06,1.80000111e+00
7.96992800e-06,1.79999883e+00
7.97002800e-06,1.80000110e+00
7.97012800e-06,1.79999884e+00
7.97022800e-06,1.80000109e+00
7.97032800e-06,1.79999885e+00
7.97042800e-06,1.80000109e+00
7.97052800e-06,1.79999886e+00
7.97062800e-06,1.80000108e+00
7.97072800e-06,1.79999887e+00
7.97082800e-06,1.80000107e+00
7.97092800e-06,1.79999888e+00
7.97102800e-06,1.80000106e+00
7.97112800e-06,1.79999888e+00
7.97122800e-06,1.80000105e+00
7.97132800e-06,1.79999889e+00
7.97142800e-06,1.80000105e+00
7.97152800e-06,1.79999890e+00
7.97162800e-06,1.80000104e+00
7.97172800e-06,1.79999891e+00
7.97182800e-06,1.80000103e+00
7.97192800e-06,1.79999892e+00
7.97202800e-06,1.80000102e+00
7.97212800e-06,1.79999892e+00
7.97222800e-06,1.80000101e+00
7.97232800e-06,1.79999893e+00
7.97242800e-06,1.80000101e+00
7.97252800e-06,1.79999894e+00
7.97262800e-06,1.80000100e+00
7.97272800e-06,1.79999895e+00
7.97282800e-06,1.80000099e+00
7.97292800e-06,1.79999896e+00
7.97302800e-06,1.80000098e+00
7.97312800e-06,1.79999897e+00
7.97322800e-06,1.80000098e+00
7.97332800e-06,1.79999897e+00
7.97342800e-06,1.80000097e+00
7.97352800e-06,1.79999898e+00
7.97362800e-06,1.80000096e+00
7.97372800e-06,1.79999899e+00
7.97382800e-06,1.80000095e+00
7.97392800e-06,1.79999900e+00
7.97402800e-06,1.80000095e+00
7.97412800e-06,1.79999901e+00
7.97422800e-06,1.80000094e+00
7.97432800e-06,1.79999901e+00
7.97442800e-06,1.80000093e+00
7.97452800e-06,1.79999902e+00
7.97462800e-06,1.80000092e+00
7.97472800e-06,1.79999903e+00
7.97482800e-06,1.80000092e+00
7.97492800e-06,1.79999904e+00
7.97502800e-06,1.80000091e+00
7.97512800e-06,1.79999904e+00
7.97522800e-06,1.80000090e+00
7.97532800e-06,1.79999905e+00
7.97542800e-06,1.80000089e+00
7.97552800e-06,1.79999906e+00
7.97562800e-06,1.80000089e+00
7.97572800e-06,1.79999907e+00
7.97582800e-06,1.80000088e+00
7.97592800e-06,1.79999908e+00
7.97602800e-06,1.80000087e+00
7.97612800e-06,1.79999908e+00
7.97622800e-06,1.80000086e+00
7.97632800e-06,1.79999909e+00
7.97642800e-06,1.80000086e+00
7.97652800e-06,1.79999910e+00
7.97662800e-06,1.80000085e+00
7.97672800e-06,1.79999911e+00
7.97682800e-06,1.80000084e+00
7.97692800e-06,1.79999911e+00
7.97702800e-06,1.80000084e+00
7.97712800e-06,1.79999912e+00
7.97722800e-06,1.80000083e+00
7.97732800e-06,1.79999913e+00
7.97742800e-06,1.80000082e+00
7.97752800e-06,1.79999914e+00
7.97762800e-06,1.80000081e+00
7.97772800e-06,1.79999915e+00
7.97782800e-06,1.80000081e+00
7.97792800e-06,1.79999915e+00
7.97802800e-06,1.80000080e+00
7.97812800e-06,1.79999916e+00
7.97822800e-06,1.80000079e+00
7.97832800e-06,1.79999917e+00
7.97842800e-06,1.80000078e+00
7.97852800e-06,1.79999918e+00
7.97862800e-06,1.80000078e+00
7.97872800e-06,1.79999918e+00
7.97882800e-06,1.80000077e+00
7.97892800e-06,1.79999919e+00
7.97902800e-06,1.80000076e+00
7.97912800e-06,1.79999920e+00
7.97922800e-06,1.80000076e+00
7.97932800e-06,1.79999921e+00
7.97942800e-06,1.80000075e+00
7.97952800e-06,1.79999921e+00
7.97962800e-06,1.80000074e+00
7.97972800e-06,1.79999922e+00
7.97982800e-06,1.80000074e+00
7.97992800e-06,1.79999923e+00
7.98002800e-06,1.80000073e+00
7.98012800e-06,1.79999924e+00
7.98022800e-06,1.80000072e+00
7.98032800e-06,1.79999924e+00
7.98042800e-06,1.80000071e+00
7.98052800e-06,1.79999925e+00
7.98062800e-06,1.80000071e+00
7.98072800e-06,1.79999926e+00
7.98082800e-06,1.80000070e+00
7.98092800e-06,1.79999926e+00
7.98102800e-06,1.80000069e+00
7.98112800e-06,1.79999927e+00
7.98122800e-06,1.80000069e+00
7.98132800e-06,1.79999928e+00
7.98142800e-06,1.80000068e+00
7.98152800e-06,1.79999929e+00
7.98162800e-06,1.80000067e+00
7.98172800e-06,1.79999929e+00
7.98182800e-06,1.80000067e+00
7.98192800e-06,1.79999930e+00
7.98202800e-06,1.80000066e+00
7.98212800e-06,1.79999931e+00
7.98222800e-06,1.80000065e+00
7.98232800e-06,1.79999932e+00
7.98242800e-06,1.80000065e+00
7.98252800e-06,1.79999932e+00
7.98262800e-06,1.80000064e+00
7.98272800e-06,1.79999933e+00
7.98282800e-06,1.80000063e+00
7.98292800e-06,1.79999934e+00
7.98302800e-06,1.80000063e+00
7.98312800e-06,1.79999934e+00
7.98322800e-06,1.80000062e+00
7.98332800e-06,1.79999935e+00
7.98342800e-06,1.80000061e+00
7.98352800e-06,1.79999936e+00
7.98362800e-06,1.80000061e+00
7.98372800e-06,1.79999937e+00
7.98382800e-06,1.80000060e+00
7.98392800e-06,1.79999937e+00
7.98402800e-06,1.80000059e+00
7.98412800e-06,1.79999938e+00
7.98422800e-06,1.80000059e+00
7.98432800e-06,1.79999939e+00
7.98442800e-06,1.80000058e+00
7.98452800e-06,1.79999939e+00
7.98462800e-06,1.80000057e+00
7.98472800e-06,1.79999940e+00
7.98482800e-06,1.80000057e+00
7.98492800e-06,1.79999941e+00
7.98502800e-06,1.80000056e+00
7.98512800e-06,1.79999942e+00
7.98522800e-06,1.80000055e+00
7.98532800e-06,1.79999942e+00
7.98542800e-06,1.80000055e+00
7.98552800e-06,1.79999943e+00
7.98562800e-06,1.80000054e+00
7.98572800e-06,1.79999944e+00
7.98582800e-06,1.80000053e+00
7.98592800e-06,1.79999944e+00
7.98602800e-06,1.80000053e+00
7.98612800e-06,1.79999945e+00
7.98622800e-06,1.80000052e+00
7.98632800e-06,1.79999946e+00
7.98642800e-06,1.80000051e+00
7.98652800e-06,1.79999946e+00
7.98662800e-06,1.80000051e+00
7.98672800e-06,1.79999947e+00
7.98682800e-06,1.80000050e+00
7.98692800e-06,1.79999948e+00
7.98702800e-06,1.80000049e+00
7.98712800e-06,1.79999948e+00
7.98722800e-06,1.80000049e+00
7.98732800e-06,1.79999949e+00
7.98742800e-06,1.80000048e+00
7.98752800e-06,1.79999950e+00
7.98762800e-06,1.80000048e+00
7.98772800e-06,1.79999950e+00
7.98782800e-06,1.80000047e+00
7.98792800e-06,1.79999951e+00
7.98802800e-06,1.80000046e+00
7.98812800e-06,1.79999952e+00
7.98822800e-06,1.80000046e+00
7.98832800e-06,1.79999952e+00
7.98842800e-06,1.80000045e+00
7.98852800e-06,1.79999953e+00
7.98862800e-06,1.80000044e+00
7.98872800e-06,1.79999954e+00
7.98882800e-06,1.80000044e+00
7.98892800e-06,1.79999954e+00
7.98902800e-06,1.80000043e+00
7.98912800e-06,1.79999955e+00
7.98922800e-06,1.80000043e+00
7.98932800e-06,1.79999956e+00
7.98942800e-06,1.80000042e+00
7.98952800e-06,1.79999956e+00
7.98962800e-06,1.80000041e+00
7.98972800e-06,1.79999957e+00
7.98982800e-06,1.80000041e+00
7.98992800e-06,1.79999958e+00
7.99002800e-06,1.80000040e+00
7.99012800e-06,1.79999958e+00
7.99022800e-06,1.80000039e+00
7.99032800e-06,1.79999959e+00
7.99042800e-06,1.80000039e+00
7.99052800e-06,1.79999960e+00
7.99062800e-06,1.80000038e+00
7.99072800e-06,1.79999960e+00
7.99082800e-06,1.80000038e+00
7.99092800e-06,1.79999961e+00
7.99102800e-06,1.80000037e+00
7.99112800e-06,1.79999962e+00
7.99122800e-06,1.80000036e+00
7.99132800e-06,1.79999962e+00
7.99142800e-06,1.80000036e+00
7.99152800e-06,1.79999963e+00
7.99162800e-06,1.80000035e+00
7.99172800e-06,1.79999964e+00
7.99182800e-06,1.80000035e+00
7.99192800e-06,1.79999964e+00
7.99202800e-06,1.80000034e+00
7.99212800e-06,1.79999965e+00
7.99222800e-06,1.80000033e+00
7.99232800e-06,1.79999966e+00
7.99242800e-06,1.80000033e+00
7.99252800e-06,1.79999966e+00
7.99262800e-06,1.80000032e+00
7.99272800e-06,1.79999967e+00
7.99282800e-06,1.80000032e+00
7.99292800e-06,1.79999967e+00
7.99302800e-06,1.80000031e+00
7.99312800e-06,1.79999968e+00
7.99322800e-06,1.80000031e+00
7.99332800e-06,1.79999969e+00
7.99342800e-06,1.80000030e+00
7.99352800e-06,1.79999969e+00
7.99362800e-06,1.80000029e+00
7.99372800e-06,1.79999970e+00
7.99382800e-06,1.80000029e+00
7.99392800e-06,1.79999971e+00
7.99402800e-06,1.80000028e+00
7.99412800e-06,1.79999971e+00
7.99422800e-06,1.80000028e+00
7.99432800e-06,1.79999972e+00
7.99442800e-06,1.80000027e+00
7.99452800e-06,1.79999972e+00
7.99462800e-06,1.80000027e+00
7.99472800e-06,1.79999973e+00
7.99482800e-06,1.80000026e+00
7.99492800e-06,1.79999974e+00
7.99502800e-06,1.80000025e+00
7.99512800e-06,1.79999974e+00
7.99522800e-06,1.80000025e+00
7.99532800e-06,1.79999975e+00
7.99542800e-06,1.80000024e+00
7.99552800e-06,1.79999975e+00
7.99562800e-06,1.80000024e+00
7.99572800e-06,1.79999976e+00
7.99582800e-06,1.80000023e+00
7.99592800e-06,1.79999977e+00
7.99602800e-06,1.80000023e+00
7.99612800e-06,1.79999977e+00
7.99622800e-06,1.80000022e+00
7.99632800e-06,1.79999978e+00
7.99642800e-06,1.80000021e+00
7.99652800e-06,1.79999979e+00
7.99662800e-06,1.80000021e+00
7.99672800e-06,1.79999979e+00
7.99682800e-06,1.80000020e+00
7.99692800e-06,1.79999980e+00
7.99702800e-06,1.80000020e+00
7.99712800e-06,1.79999980e+00
7.99722800e-06,1.80000019e+00
7.99732800e-06,1.79999981e+00
7.99742800e-06,1.80000019e+00
7.99752800e-06,1.79999982e+00
7.99762800e-06,1.80000018e+00
7.99772800e-06,1.79999982e+00
7.99782800e-06,1.80000018e+00
7.99792800e-06,1.79999983e+00
7.99802800e-06,1.80000017e+00
7.99812800e-06,1.79999983e+00
7.99822800e-06,1.80000017e+00
7.99832800e-06,1.79999984e+00
7.99842800e-06,1.80000016e+00
7.99852800e-06,1.79999984e+00
7.99862800e-06,1.80000015e+00
7.99872800e-06,1.79999985e+00
7.99882800e-06,1.80000015e+00
7.99892800e-06,1.79999986e+00
7.99902800e-06,1.80000014e+00
7.99912800e-06,1.79999986e+00
7.99922800e-06,1.80000014e+00
7.99932800e-06,1.79999987e+00
7.99942800e-06,1.80000013e+00
7.99952800e-06,1.79999987e+00
7.99962800e-06,1.80000013e+00
7.99972800e-06,1.79999988e+00
7.99982800e-06,1.80000012e+00
7.99992800e-06,1.79999989e+00
8.00002800e-06,1.80000012e+00
8.00012800e-06,1.79999989e+00
8.00022800e-06,1.80000011e+00
8.00032800e-06,1.79999990e+00
8.00042800e-06,1.80000011e+00
8.00052800e-06,1.79999990e+00
8.00062800e-06,1.80000010e+00
8.00072800e-06,1.79999991e+00
8.00082800e-06,1.80000010e+00
8.00092800e-06,1.79999991e+00
8.00102800e-06,1.80000009e+00
8.00112800e-06,1.79999992e+00
8.00122800e-06,1.80000009e+00
8.00132800e-06,1.79999993e+00
8.00142800e-06,1.80000008e+00
8.00152800e-06,1.79999993e+00
8.00162800e-06,1.80000008e+00
8.00172800e-06,1.79999994e+00
8.00182800e-06,1.80000007e+00
8.00192800e-06,1.79999994e+00
8.00202800e-06,1.80000007e+00
8.00212800e-06,1.79999995e+00
8.00222800e-06,1.80000006e+00
8.00232800e-06,1.79999995e+00
8.00242800e-06,1.80000006e+00
8.00252800e-06,1.79999996e+00
8.00262800e-06,1.80000005e+00
8.00272800e-06,1.79999997e+00
8.00282800e-06,1.80000005e+00
8.00292800e-06,1.79999997e+00
8.00302800e-06,1.80000004e+00
8.00312800e-06,1.79999998e+00
8.00322800e-06,1.80000004e+00
8.00332800e-06,1.79999998e+00
8.00342800e-06,1.80000003e+00
8.00352800e-06,1.79999999e+00
8.00362800e-06,1.80000003e+00
8.00372800e-06,1.79999999e+00
8.00382800e-06,1.80000002e+00
8.00392800e-06,1.80000000e+00
8.00402800e-06,1.80000002e+00
8.00412800e-06,1.80000000e+00
8.00422800e-06,1.80000001e+00
8.00432800e-06,1.80000001e+00
8.00442800e-06,1.80000001e+00
8.00452800e-06,1.80000002e+00
8.00462800e-06,1.80000000e+00
8.00472800e-06,1.80000002e+00
8.00482800e-06,1.80000000e+00
8.00492800e-06,1.80000003e+00
8.00502800e-06,1.79999999e+00
8.00512800e-06,1.80000003e+00
8.00522800e-06,1.79999999e+00
8.00532800e-06,1.80000004e+00
8.00542800e-06,1.79999998e+00
8.00552800e-06,1.80000004e+00
8.00562800e-06,1.79999998e+00
8.00572800e-06,1.80000005e+00
8.00582800e-06,1.79999997e+00
8.00592800e-06,1.80000005e+00
8.00602800e-06,1.79999997e+00
8.00612800e-06,1.80000006e+00
8.00622800e-06,1.79999996e+00
8.00632800e-06,1.80000006e+00
8.00642800e-06,1.79999996e+00
8.00652800e-06,1.80000007e+00
8.00662800e-06,1.79999995e+00
8.00672800e-06,1.80000007e+00
8.00682800e-06,1.79999995e+00
8.00692800e-06,1.80000008e+00
8.00702800e-06,1.79999994e+00
8.00712800e-06,1.80000009e+00
8.00722800e-06,1.79999994e+00
8.00732800e-06,1.80000009e+00
8.00742800e-06,1.79999993e+00
8.00752800e-06,1.80000010e+00
8.00762800e-06,1.79999993e+00
8.00772800e-06,1.80000010e+00
8.00782800e-06,1.79999992e+00
8.00792800e-06,1.80000011e+00
8.00802800e-06,1.79999992e+00
8.00812800e-06,1.80000011e+00
8.00822800e-06,1.79999992e+00
8.00832800e-06,1.80000012e+00
8.00842800e-06,1.79999991e+00
8.00852800e-06,1.80000012e+00
8.00862800e-06,1.79999991e+00
8.00872800e-06,1.80000013e+00
8.00882800e-06,1.79999990e+00
8.00892800e-06,1.80000013e+00
8.00902800e-06,1.79999990e+00
8.00912800e-06,1.80000014e+00
8.00922800e-06,1.79999989e+00
8.00932800e-06,1.80000014e+00
8.00942800e-06,1.79999989e+00
8.00952800e-06,1.80000015e+00
8.00962800e-06,1.79999988e+00
8.00972800e-06,1.80000015e+00
8.00982800e-06,1.79999988e+00
8.00992800e-06,1.80000016e+00
8.01002800e-06,1.79999987e+00
8.01012800e-06,1.80000016e+00
8.01022800e-06,1.79999987e+00
8.01032800e-06,1.80000017e+00
8.01042800e-06,1.79999987e+00
8.01052800e-06,1.80000017e+00
8.01062800e-06,1.79999986e+00
8.01072800e-06,1.80000018e+00
8.01082800e-06,1.79999986e+00
8.01092800e-06,1.80000018e+00
8.01102800e-06,1.79999985e+00
8.01112800e-06,1.80000019e+00
8.01122800e-06,1.79999985e+00
8.01132800e-06,1.80000019e+00
8.01142800e-06,1.79999984e+00
8.01152800e-06,1.80000020e+00
8.01162800e-06,1.79999984e+00
8.01172800e-06,1.80000020e+00
8.01182800e-06,1.79999983e+00
8.01192800e-06,1.80000021e+00
8.01202800e-06,1.79999983e+00
8.01212800e-06,1.80000021e+00
8.01222800e-06,1.79999983e+00
8.01232800e-06,1.80000022e+00
8.01242800e-06,1.79999982e+00
8.01252800e-06,1.80000022e+00
8.01262800e-06,1.79999982e+00
8.01272800e-06,1.80000023e+00
8.01282800e-06,1.79999981e+00
8.01292800e-06,1.80000023e+00
8.01302800e-06,1.79999981e+00
8.01312800e-06,1.80000024e+00
8.01322800e-06,1.79999980e+00
8.01332800e-06,1.80000024e+00
8.01342800e-06,1.79999980e+00
8.01352800e-06,1.80000025e+00
8.01362800e-06,1.79999980e+00
8.01372800e-06,1.80000025e+00
8.01382800e-06,1.79999979e+00
8.01392800e-06,1.80000026e+00
8.01402800e-06,1.79999979e+00
8.01412800e-06,1.80000026e+00
8.01422800e-06,1.79999978e+00
8.01432800e-06,1.80000027e+00
8.01442800e-06,1.79999978e+00
8.01452800e-06,1.80000027e+00
8.01462800e-06,1.79999978e+00
8.01472800e-06,1.80000028e+00
8.01482800e-06,1.79999977e+00
8.01492800e-06,1.80000028e+00
8.01502800e-06,1.79999977e+00
8.01512800e-06,1.80000029e+00
8.01522800e-06,1.79999976e+00
8.01532800e-06,1.80000029e+00
8.01542800e-06,1.79999976e+00
8.01552800e-06,1.80000030e+00
8.01562800e-06,1.79999976e+00
8.01572800e-06,1.80000030e+00
8.01582800e-06,1.79999975e+00
8.01592800e-06,1.80000031e+00
8.01602800e-06,1.79999975e+00
8.01612800e-06,1.80000031e+00
8.01622800e-06,1.79999974e+00
8.01632800e-06,1.80000032e+00
8.01642800e-06,1.79999974e+00
8.01652800e-06,1.80000032e+00
8.01662800e-06,1.79999974e+00
8.01672800e-06,1.80000033e+00
8.01682800e-06,1.79999973e+00
8.01692800e-06,1.80000033e+00
8.01702800e-06,1.79999973e+00
8.01712800e-06,1.80000034e+00
8.01722800e-06,1.79999972e+00
8.01732800e-06,1.80000034e+00
8.01742800e-06,1.79999972e+00
8.01752800e-06,1.80000035e+00
8.01762800e-06,1.79999972e+00
8.01772800e-06,1.80000035e+00
8.01782800e-06,1.79999971e+00
8.01792800e-06,1.80000035e+00
8.01802800e-06,1.79999971e+00
8.01812800e-06,1.80000036e+00
8.01822800e-06,1.79999970e+00
8.01832800e-06,1.80000036e+00
8.01842800e-06,1.79999970e+00
8.01852800e-06,1.80000037e+00
8.01862800e-06,1.79999970e+00
8.01872800e-06,1.80000037e+00
8.01882800e-06,1.79999969e+00
8.01892800e-06,1.80000038e+00
8.01902800e-06,1.79999969e+00
8.01912800e-06,1.80000038e+00
8.01922800e-06,1.79999969e+00
8.01932800e-06,1.80000039e+00
8.01942800e-06,1.79999968e+00
8.01952800e-06,1.80000039e+00
8.01962800e-06,1.79999968e+00
8.01972800e-06,1.80000040e+00
8.01982800e-06,1.79999967e+00
8.01992800e-06,1.80000040e+00
8.02002800e-06,1.79999967e+00
8.02012800e-06,1.80000041e+00
8.02022800e-06,1.79999967e+00
8.02032800e-06,1.80000041e+00
8.02042800e-06,1.79999966e+00
8.02052800e-06,1.80000042e+00
8.02062800e-06,1.79999966e+00
8.02072800e-06,1.80000042e+00
8.02082800e-06,1.79999966e+00
8.02092800e-06,1.80000042e+00
8.02102800e-06,1.79999965e+00
8.02112800e-06,1.80000043e+00
8.02122800e-06,1.79999965e+00
8.02132800e-06,1.80000043e+00
8.02142800e-06,1.79999964e+00
8.02152800e-06,1.80000044e+00
8.02162800e-06,1.79999964e+00
8.02172800e-06,1.80000044e+00
8.02182800e-06,1.79999964e+00
8.02192800e-06,1.80000045e+00
8.02202800e-06,1.79999963e+00
8.02212800e-06,1.80000045e+00
8.02222800e-06,1.79999963e+00
8.02232800e-06,1.80000046e+00
8.02242800e-06,1.79999963e+00
8.02252800e-06,1.80000046e+00
8.02262800e-06,1.79999962e+00
8.02272800e-06,1.80000046e+00
8.02282800e-06,1.79999962e+00
8.02292800e-06,1.80000047e+00
8.02302800e-06,1.79999962e+00
8.02312800e-06,1.80000047e+00
8.02322800e-06,1.79999961e+00
8.02332800e-06,1.80000048e+00
8.02342800e-06,1.79999961e+00
8.02352800e-06,1.80000048e+00
8.02362800e-06,1.79999961e+00
8.02372800e-06,1.80000049e+00
8.02382800e-06,1.79999960e+00
8.02392800e-06,1.80000049e+00
8.02402800e-06,1.79999960e+00
8.02412800e-06,1.80000050e+00
8.02422800e-06,1.79999960e+00
8.02432800e-06,1.80000050e+00
8.02442800e-06,1.79999959e+00
8.02452800e-06,1.80000050e+00
8.02462800e-06,1.79999959e+00
8.02472800e-06,1.80000051e+00
8.02482800e-06,1.79999959e+00
8.02492800e-06,1.80000051e+00
8.02502800e-06,1.79999958e+00
8.02512800e-06,1.80000052e+00
8.02522800e-06,1.79999958e+00
8.02532800e-06,1.80000052e+00
8.02542800e-06,1.79999958e+00
8.02552800e-06,1.80000053e+00
8.02562800e-06,1.79999957e+00
8.02572800e-06,1.80000053e+00
8.02582800e-06,1.79999957e+00
8.02592800e-06,1.80000054e+00
8.02602800e-06,1.79999957e+00
8.02612800e-06,1.80000054e+00
8.02622800e-06,1.79999956e+00
8.02632800e-06,1.80000054e+00
8.02642800e-06,1.79999956e+00
8.02652800e-06,1.80000055e+00
8.02662800e-06,1.79999956e+00
8.02672800e-06,1.80000055e+00
8.02682800e-06,1.79999955e+00
8.02692800e-06,1.80000056e+00
8.02702800e-06,1.79999955e+00
8.02712800e-06,1.80000056e+00
8.02722800e-06,1.79999955e+00
8.02732800e-06,1.80000057e+00
8.02742800e-06,1.79999954e+00
8.02752800e-06,1.80000057e+00
8.02762800e-06,1.79999954e+00
8.02772800e-06,1.80000057e+00
8.02782800e-06,1.79999954e+00
8.02792800e-06,1.80000058e+00
8.02802800e-06,1.79999953e+00
8.02812800e-06,1.80000058e+00
8.02822800e-06,1.79999953e+00
8.02832800e-06,1.80000059e+00
8.02842800e-06,1.79999953e+00
8.02852800e-06,1.80000059e+00
8.02862800e-06,1.79999952e+00
8.02872800e-06,1.80000060e+00
8.02882800e-06,1.79999952e+00
8.02892800e-06,1.80000060e+00
8.02902800e-06,1.79999952e+00
8.02912800e-06,1.80000060e+00
8.02922800e-06,1.79999951e+00
8.02932800e-06,1.80000061e+00
8.02942800e-06,1.79999951e+00
8.02952800e-06,1.80000061e+00
8.02962800e-06,1.79999951e+00
8.02972800e-06,1.80000062e+00
8.02982800e-06,1.79999951e+00
8.02992800e-06,1.80000062e+00
8.03002800e-06,1.79999950e+00
8.03012800e-06,1.80000063e+00
8.03022800e-06,1.79999950e+00
8.03032800e-06,1.80000063e+00
8.03042800e-06,1.79999950e+00
8.03052800e-06,1.80000063e+00
8.03062800e-06,1.79999949e+00
8.03072800e-06,1.80000064e+00
8.03082800e-06,1.79999949e+00
8.03092800e-06,1.80000064e+00
8.03102800e-06,1.79999949e+00
8.03112800e-06,1.80000065e+00
8.03122800e-06,1.79999948e+00
8.03132800e-06,1.80000065e+00
8.03142800e-06,1.79999948e+00
8.03152800e-06,1.80000065e+00
8.03162800e-06,1.79999948e+00
8.03172800e-06,1.80000066e+00
8.03182800e-06,1.79999948e+00
8.03192800e-06,1.80000066e+00
8.03202800e-06,1.79999947e+00
8.03212800e-06,1.80000067e+00
8.03222800e-06,1.79999947e+00
8.03232800e-06,1.80000067e+00
8.03242800e-06,1.79999947e+00
8.03252800e-06,1.80000067e+00
8.03262800e-06,1.79999946e+00
8.03272800e-06,1.80000068e+00
8.03282800e-06,1.79999946e+00
8.03292800e-06,1.80000068e+00
8.03302800e-06,1.79999946e+00
8.03312800e-06,1.80000069e+00
8.03322800e-06,1.79999946e+00
8.03332800e-06,1.80000069e+00
8.03342800e-06,1.79999945e+00
8.03352800e-06,1.80000070e+00
8.03362800e-06,1.79999945e+00
8.03372800e-06,1.80000070e+00
8.03382800e-06,1.79999945e+00
8.03392800e-06,1.80000070e+00
8.03402800e-06,1.79999945e+00
8.03412800e-06,1.80000071e+00
8.03422800e-06,1.79999944e+00
8.03432800e-06,1.80000071e+00
8.03442800e-06,1.79999944e+00
8.03452800e-06,1.80000072e+00
8.03462800e-06,1.79999944e+00
8.03472800e-06,1.80000072e+00
8.03482800e-06,1.79999944e+00
8.03492800e-06,1.80000072e+00
8.03502800e-06,1.79999943e+00
8.03512800e-06,1.80000073e+00
8.03522800e-06,1.79999943e+00
8.03532800e-06,1.80000073e+00
8.03542800e-06,1.79999943e+00
8.03552800e-06,1.80000074e+00
8.03562800e-06,1.79999942e+00
8.03572800e-06,1.80000074e+00
8.03582800e-06,1.79999942e+00
8.03592800e-06,1.80000074e+00
8.03602800e-06,1.79999942e+00
8.03612800e-06,1.80000075e+00
8.03622800e-06,1.79999942e+00
8.03632800e-06,1.80000075e+00
8.03642800e-06,1.79999941e+00
8.03652800e-06,1.80000076e+00
8.03662800e-06,1.79999941e+00
8.03672800e-06,1.80000076e+00
8.03682800e-06,1.79999941e+00
8.03692800e-06,1.80000076e+00
8.03702800e-06,1.79999941e+00
8.03712800e-06,1.80000077e+00
8.03722800e-06,1.79999940e+00
8.03732800e-06,1.80000077e+00
8.03742800e-06,1.79999940e+00
8.03752800e-06,1.80000078e+00
8.03762800e-06,1.79999940e+00
8.03772800e-06,1.80000078e+00
8.03782800e-06,1.79999940e+00
8.03792800e-06,1.80000078e+00
8.03802800e-06,1.79999939e+00
8.03812800e-06,1.80000079e+00
8.03822800e-06,1.79999939e+00
8.03832800e-06,1.80000079e+00
8.03842800e-06,1.79999939e+00
8.03852800e-06,1.80000080e+00
8.03862800e-06,1.79999939e+00
8.03872800e-06,1.80000080e+00
8.03882800e-06,1.79999939e+00
8.03892800e-06,1.80000080e+00
8.03902800e-06,1.79999938e+00
8.03912800e-06,1.80000081e+00
8.03922800e-06,1.79999938e+00
8.03932800e-06,1.80000081e+00
8.03942800e-06,1.79999938e+00
8.03952800e-06,1.80000082e+00
8.03962800e-06,1.79999937e+00
8.03972800e-06,1.80000082e+00
8.03982800e-06,1.79999937e+00
8.03992800e-06,1.80000082e+00
8.04002800e-06,1.79999937e+00
8.04012800e-06,1.80000083e+00
8.04022800e-06,1.79999937e+00
8.04032800e-06,1.80000083e+00
8.04042800e-06,1.79999936e+00
8.04052800e-06,1.80000084e+00
8.04062800e-06,1.79999936e+00
8.04072800e-06,1.80000084e+00
8.04082800e-06,1.79999936e+00
8.04092800e-06,1.80000085e+00
8.04102800e-06,1.79999936e+00
8.04112800e-06,1.80000085e+00
8.04122800e-06,1.79999935e+00
8.04132800e-06,1.80000085e+00
8.04142800e-06,1.79999935e+00
8.04152800e-06,1.80000086e+00
8.04162800e-06,1.79999935e+00
8.04172800e-06,1.80000086e+00
8.04182800e-06,1.79999935e+00
8.04192800e-06,1.80000087e+00
8.04202800e-06,1.79999934e+00
8.04212800e-06,1.80000087e+00
8.04222800e-06,1.79999934e+00
8.04232800e-06,1.80000088e+00
8.04242800e-06,1.79999934e+00
8.04252800e-06,1.80000088e+00
8.04262800e-06,1.79999934e+00
8.04272800e-06,1.80000089e+00
8.04282800e-06,1.79999934e+00
8.04292800e-06,1.80000089e+00
8.04302800e-06,1.79999933e+00
8.04312800e-06,1.80000089e+00
8.04322800e-06,1.79999933e+00
8.04332800e-06,1.80000090e+00
8.04342800e-06,1.79999933e+00
8.04352800e-06,1.80000090e+00
8.04362800e-06,1.79999933e+00
8.04372800e-06,1.80000091e+00
8.04382800e-06,1.79999932e+00
8.04392800e-06,1.80000091e+00
8.04402800e-06,1.79999932e+00
8.04412800e-06,1.80000092e+00
8.04422800e-06,1.79999932e+00
8.04432800e-06,1.80000092e+00
8.04442800e-06,1.79999932e+00
8.04452800e-06,1.80000092e+00
8.04462800e-06,1.79999931e+00
8.04472800e-06,1.80000093e+00
8.04482800e-06,1.79999931e+00
8.04492800e-06,1.80000093e+00
8.04502800e-06,1.79999931e+00
8.04512800e-06,1.80000094e+00
8.04522800e-06,1.79999931e+00
8.04532800e-06,1.80000094e+00
8.04542800e-06,1.79999930e+00
8.04552800e-06,1.80000094e+00
8.04562800e-06,1.79999930e+00
8.04572800e-06,1.80000095e+00
8.04582800e-06,1.79999930e+00
8.04592800e-06,1.80000095e+00
8.04602800e-06,1.79999930e+00
8.04612800e-06,1.80000096e+00
8.04622800e-06,1.79999930e+00
8.04632800e-06,1.80000096e+00
8.04642800e-06,1.79999929e+00
8.04652800e-06,1.80000097e+00
8.04662800e-06,1.79999929e+00
8.04672800e-06,1.80000097e+00
8.04682800e-06,1.79999929e+00
8.04692800e-06,1.80000097e+00
8.04702800e-06,1.79999929e+00
8.04712800e-06,1.80000098e+00
8.04722800e-06,1.79999928e+00
8.04732800e-06,1.80000098e+00
8.04742800e-06,1.79999928e+00
8.04752800e-06,1.80000098e+00
8.04762800e-06,1.79999928e+00
8.04772800e-06,1.80000099e+00
8.04782800e-06,1.79999928e+00
8.04792800e-06,1.80000099e+00
8.04802800e-06,1.79999927e+00
8.04812800e-06,1.80000100e+00
8.04822800e-06,1.79999927e+00
8.04832800e-06,1.80000100e+00
8.04842800e-06,1.79999927e+00
8.04852800e-06,1.80000100e+00
8.04862800e-06,1.79999927e+00
8.04872800e-06,1.80000101e+00
8.04882800e-06,1.79999927e+00
8.04892800e-06,1.80000101e+00
8.04902800e-06,1.79999926e+00
8.04912800e-06,1.80000102e+00
8.04922800e-06,1.79999926e+00
8.04932800e-06,1.80000102e+00
8.04942800e-06,1.79999926e+00
8.04952800e-06,1.80000102e+00
8.04962800e-06,1.79999926e+00
8.04972800e-06,1.80000103e+00
8.04982800e-06,1.79999926e+00
8.04992800e-06,1.80000103e+00
8.05002800e-06,1.79999925e+00
8.05012800e-06,1.80000104e+00
8.05022800e-06,1.79999925e+00
8.05032800e-06,1.80000104e+00
8.05042800e-06,1.79999925e+00
8.05052800e-06,1.80000104e+00
8.05062800e-06,1.79999925e+00
8.05072800e-06,1.80000105e+00
8.05082800e-06,1.79999925e+00
8.05092800e-06,1.80000105e+00
8.05102800e-06,1.79999924e+00
8.05112800e-06,1.80000106e+00
8.05122800e-06,1.79999924e+00
8.05132800e-06,1.80000106e+00
8.05142800e-06,1.79999924e+00
8.05152800e-06,1.80000106e+00
8.05162800e-06,1.79999924e+00
8.05172800e-06,1.80000107e+00
8.05182800e-06,1.79999924e+00
8.05192800e-06,1.80000107e+00
8.05202800e-06,1.79999924e+00
8.05212800e-06,1.80000108e+00
8.05222800e-06,1.79999923e+00
8.05232800e-06,1.80000108e+00
8.05242800e-06,1.79999923e+00
8.05252800e-06,1.80000108e+00
8.05262800e-06,1.79999923e+00
8.05272800e-06,1.80000109e+00
8.05282800e-06,1.79999923e+00
8.05292800e-06,1.80000109e+00
8.05302800e-06,1.79999923e+00
8.05312800e-06,1.80000110e+00
8.05322800e-06,1.79999923e+00
8.05332800e-06,1.80000110e+00
8.05342800e-06,1.79999922e+00
8.05352800e-06,1.80000110e+00
8.05362800e-06,1.79999922e+00
8.05372800e-06,1.80000111e+00
8.05382800e-06,1.79999922e+00
8.05392800e-06,1.80000111e+00
8.05402800e-06,1.79999922e+00
8.05412800e-06,1.80000112e+00
8.05422800e-06,1.79999922e+00
8.05432800e-06,1.80000112e+00
8.05442800e-06,1.79999922e+00
8.05452800e-06,1.80000112e+00
8.05462800e-06,1.79999921e+00
8.05472800e-06,1.80000113e+00
8.05482800e-06,1.79999921e+00
8.05492800e-06,1.80000113e+00
8.05502800e-06,1.79999921e+00
8.05512800e-06,1.80000114e+00
8.05522800e-06,1.79999921e+00
8.05532800e-06,1.80000114e+00
8.05542800e-06,1.79999921e+00
8.05552800e-06,1.80000114e+00
8.05562800e-06,1.79999921e+00
8.05572800e-06,1.80000115e+00
8.05582800e-06,1.79999921e+00
8.05592800e-06,1.80000115e+00
8.05602800e-06,1.79999920e+00
8.05612800e-06,1.80000116e+00
8.05622800e-06,1.79999920e+00
8.05632800e-06,1.80000116e+00
8.05642800e-06,1.79999920e+00
8.05652800e-06,1.80000117e+00
8.05662800e-06,1.79999920e+00
8.05672800e-06,1.80000117e+00
8.05682800e-06,1.79999920e+00
8.05692800e-06,1.80000117e+00
8.05702800e-06,1.79999920e+00
8.05712800e-06,1.80000118e+00
8.05722800e-06,1.79999920e+00
8.05732800e-06,1.80000118e+00
8.05742800e-06,1.79999919e+00
8.05752800e-06,1.80000118e+00
8.05762800e-06,1.79999919e+00
8.05772800e-06,1.80000119e+00
8.05782800e-06,1.79999919e+00
8.05792800e-06,1.80000119e+00
8.05802800e-06,1.79999919e+00
8.05812800e-06,1.80000120e+00
8.05822800e-06,1.79999919e+00
8.05832800e-06,1.80000120e+00
8.05842800e-06,1.79999919e+00
8.05852800e-06,1.80000120e+00
8.05862800e-06,1.79999919e+00
8.05872800e-06,1.80000121e+00
8.05882800e-06,1.79999919e+00
8.05892800e-06,1.80000121e+00
8.05902800e-06,1.79999919e+00
8.05912800e-06,1.80000122e+00
8.05922800e-06,1.79999918e+00
8.05932800e-06,1.80000122e+00
8.05942800e-06,1.79999918e+00
8.05952800e-06,1.80000122e+00
8.05962800e-06,1.79999918e+00
8.05972800e-06,1.80000123e+00
8.05982800e-06,1.79999918e+00
8.05992800e-06,1.80000123e+00
8.06002800e-06,1.79999918e+00
8.06012800e-06,1.80000124e+00
8.06022800e-06,1.79999918e+00
8.06032800e-06,1.80000124e+00
8.06042800e-06,1.79999918e+00
8.06052800e-06,1.80000124e+00
8.06062800e-06,1.79999918e+00
8.06072800e-06,1.80000125e+00
8.06082800e-06,1.79999918e+00
8.06092800e-06,1.80000125e+00
8.06102800e-06,1.79999918e+00
8.06112800e-06,1.80000126e+00
8.06122800e-06,1.79999918e+00
8.06132800e-06,1.80000126e+00
8.06142800e-06,1.79999917e+00
8.06152800e-06,1.80000126e+00
8.06162800e-06,1.79999917e+00
8.06172800e-06,1.80000127e+00
8.06182800e-06,1.79999917e+00
8.06192800e-06,1.80000127e+00
8.06202800e-06,1.79999917e+00
8.06212800e-06,1.80000127e+00
8.06222800e-06,1.79999917e+00
8.06232800e-06,1.80000128e+00
8.06242800e-06,1.79999917e+00
8.06252800e-06,1.80000128e+00
8.06262800e-06,1.79999917e+00
8.06272800e-06,1.80000129e+00
8.06282800e-06,1.79999917e+00
8.06292800e-06,1.80000129e+00
8.06302800e-06,1.79999917e+00
8.06312800e-06,1.80000129e+00
8.06322800e-06,1.79999917e+00
8.06332800e-06,1.80000130e+00
8.06342800e-06,1.79999917e+00
8.06352800e-06,1.80000130e+00
8.06362800e-06,1.79999917e+00
8.06372800e-06,1.80000131e+00
8.06382800e-06,1.79999916e+00
8.06392800e-06,1.80000131e+00
8.06402800e-06,1.79999916e+00
8.06412800e-06,1.80000131e+00
8.06422800e-06,1.79999916e+00
8.06432800e-06,1.80000132e+00
8.06442800e-06,1.79999916e+00
8.06452800e-06,1.80000132e+00
8.06462800e-06,1.79999916e+00
8.06472800e-06,1.80000133e+00
8.06482800e-06,1.79999916e+00
8.06492800e-06,1.80000133e+00
8.06502800e-06,1.79999916e+00
8.06512800e-06,1.80000133e+00
8.06522800e-06,1.79999916e+00
8.06532800e-06,1.80000134e+00
8.06542800e-06,1.79999916e+00
8.06552800e-06,1.80000134e+00
8.06562800e-06,1.79999916e+00
8.06572800e-06,1.80000135e+00
8.06582800e-06,1.79999916e+00
8.06592800e-06,1.80000135e+00
8.06602800e-06,1.79999916e+00
8.06612800e-06,1.80000135e+00
8.06622800e-06,1.79999916e+00
8.06632800e-06,1.80000136e+00
8.06642800e-06,1.79999916e+00
8.06652800e-06,1.80000136e+00
8.06662800e-06,1.79999916e+00
8.06672800e-06,1.80000137e+00
8.06682800e-06,1.79999916e+00
8.06692800e-06,1.80000137e+00
8.06702800e-06,1.79999916e+00
8.06712800e-06,1.80000137e+00
8.06722800e-06,1.79999916e+00
8.06732800e-06,1.80000138e+00
8.06742800e-06,1.79999915e+00
8.06752800e-06,1.80000138e+00
8.06762800e-06,1.79999915e+00
8.06772800e-06,1.80000139e+00
8.06782800e-06,1.79999915e+00
8.06792800e-06,1.80000139e+00
8.06802800e-06,1.79999915e+00
8.06812800e-06,1.80000140e+00
8.06822800e-06,1.79999915e+00
8.06832800e-06,1.80000140e+00
8.06842800e-06,1.79999915e+00
8.06852800e-06,1.80000140e+00
8.06862800e-06,1.79999915e+00
8.06872800e-06,1.80000141e+00
8.06882800e-06,1.79999915e+00
8.06892800e-06,1.80000141e+00
8.06902800e-06,1.79999915e+00
8.06912800e-06,1.80000142e+00
8.06922800e-06,1.79999915e+00
8.06932800e-06,1.80000142e+00
8.06942800e-06,1.79999915e+00
8.06952800e-06,1.80000142e+00
8.06962800e-06,1.79999915e+00
8.06972800e-06,1.80000143e+00
8.06982800e-06,1.79999915e+00
8.06992800e-06,1.80000143e+00
8.07002800e-06,1.79999915e+00
8.07012800e-06,1.80000144e+00
8.07022800e-06,1.79999915e+00
8.07032800e-06,1.80000144e+00
8.07042800e-06,1.79999915e+00
8.07052800e-06,1.80000144e+00
8.07062800e-06,1.79999915e+00
8.07072800e-06,1.80000145e+00
8.07082800e-06,1.79999915e+00
8.07092800e-06,1.80000145e+00
8.07102800e-06,1.79999915e+00
8.07112800e-06,1.80000146e+00
8.07122800e-06,1.79999915e+00
8.07132800e-06,1.80000146e+00
8.07142800e-06,1.79999915e+00
8.07152800e-06,1.80000147e+00
8.07162800e-06,1.79999915e+00
8.07172800e-06,1.80000147e+00
8.07182800e-06,1.79999915e+00
8.07192800e-06,1.80000147e+00
8.07202800e-06,1.79999915e+00
8.07212800e-06,1.80000148e+00
8.07222800e-06,1.79999915e+00
8.07232800e-06,1.80000148e+00
8.07242800e-06,1.79999915e+00
8.07252800e-06,1.80000149e+00
8.07262800e-06,1.79999915e+00
8.07272800e-06,1.80000149e+00
8.07282800e-06,1.79999915e+00
8.07292800e-06,1.80000150e+00
8.07302800e-06,1.79999915e+00
8.07312800e-06,1.80000150e+00
8.07322800e-06,1.79999915e+00
8.07332800e-06,1.80000150e+00
8.07342800e-06,1.79999915e+00
8.07352800e-06,1.80000151e+00
8.07362800e-06,1.79999915e+00
8.07372800e-06,1.80000151e+00
8.07382800e-06,1.79999915e+00
8.07392800e-06,1.80000152e+00
8.07402800e-06,1.79999915e+00
8.07412800e-06,1.80000152e+00
8.07422800e-06,1.79999915e+00
8.07432800e-06,1.80000153e+00
8.07442800e-06,1.79999915e+00
8.07452800e-06,1.80000153e+00
8.07462800e-06,1.79999915e+00
8.07472800e-06,1.80000153e+00
8.07482800e-06,1.79999915e+00
8.07492800e-06,1.80000154e+00
8.07502800e-06,1.79999915e+00
8.07512800e-06,1.80000154e+00
8.07522800e-06,1.79999915e+00
8.07532800e-06,1.80000155e+00
8.07542800e-06,1.79999915e+00
8.07552800e-06,1.80000155e+00
8.07562800e-06,1.79999915e+00
8.07572800e-06,1.80000156e+00
8.07582800e-06,1.79999915e+00
8.07592800e-06,1.80000156e+00
8.07602800e-06,1.79999915e+00
8.07612800e-06,1.80000156e+00
8.07622800e-06,1.79999915e+00
8.07632800e-06,1.80000157e+00
8.07642800e-06,1.79999915e+00
8.07652800e-06,1.80000157e+00
8.07662800e-06,1.79999915e+00
8.07672800e-06,1.80000158e+00
8.07682800e-06,1.79999915e+00
8.07692800e-06,1.80000158e+00
8.07702800e-06,1.79999915e+00
8.07712800e-06,1.80000159e+00
8.07722800e-06,1.79999915e+00
8.07732800e-06,1.80000159e+00
8.07742800e-06,1.79999915e+00
8.07752800e-06,1.80000159e+00
8.07762800e-06,1.79999915e+00
8.07772800e-06,1.80000160e+00
8.07782800e-06,1.79999915e+00
8.07792800e-06,1.80000160e+00
8.07802800e-06,1.79999915e+00
8.07812800e-06,1.80000161e+00
8.07822800e-06,1.79999915e+00
8.07832800e-06,1.80000161e+00
8.07842800e-06,1.79999915e+00
8.07852800e-06,1.80000162e+00
8.07862800e-06,1.79999915e+00
8.07872800e-06,1.80000162e+00
8.07882800e-06,1.79999916e+00
8.07892800e-06,1.80000163e+00
8.07902800e-06,1.79999916e+00
8.07912800e-06,1.80000163e+00
8.07922800e-06,1.79999916e+00
8.07932800e-06,1.80000163e+00
8.07942800e-06,1.79999916e+00
8.07952800e-06,1.80000164e+00
8.07962800e-06,1.79999916e+00
8.07972800e-06,1.80000164e+00
8.07982800e-06,1.79999916e+00
8.07992800e-06,1.80000165e+00
8.08002800e-06,1.79999916e+00
8.08012800e-06,1.80000165e+00
8.08022800e-06,1.79999916e+00
8.08032800e-06,1.80000166e+00
8.08042800e-06,1.79999916e+00
8.08052800e-06,1.80000166e+00
8.08062800e-06,1.79999916e+00
8.08072800e-06,1.80000167e+00
8.08082800e-06,1.79999916e+00
8.08092800e-06,1.80000167e+00
8.08102800e-06,1.79999916e+00
8.08112800e-06,1.80000167e+00
8.08122800e-06,1.79999916e+00
8.08132800e-06,1.80000168e+00
8.08142800e-06,1.79999916e+00
8.08152800e-06,1.80000168e+00
8.08162800e-06,1.79999916e+00
8.08172800e-06,1.80000169e+00
8.08182800e-06,1.79999916e+00
8.08192800e-06,1.80000169e+00
8.08202800e-06,1.79999916e+00
8.08212800e-06,1.80000170e+00
8.08222800e-06,1.79999917e+00
8.08232800e-06,1.80000170e+00
8.08242800e-06,1.79999917e+00
8.08252800e-06,1.80000171e+00
8.08262800e-06,1.79999917e+00
8.08272800e-06,1.80000171e+00
8.08282800e-06,1.79999917e+00
8.08292800e-06,1.80000172e+00
8.08302800e-06,1.79999917e+00
8.08312800e-06,1.80000172e+00
8.08322800e-06,1.79999917e+00
8.08332800e-06,1.80000173e+00
8.08342800e-06,1.79999917e+00
8.08352800e-06,1.80000173e+00
8.08362800e-06,1.79999917e+00
8.08372800e-06,1.80000173e+00
8.08382800e-06,1.79999917e+00
8.08392800e-06,1.80000174e+00
8.08402800e-06,1.79999917e+00
8.08412800e-06,1.80000174e+00
8.08422800e-06,1.79999917e+00
8.08432800e-06,1.80000175e+00
8.08442800e-06,1.79999917e+00
8.08452800e-06,1.80000175e+00
8.08462800e-06,1.79999918e+00
8.08472800e-06,1.80000176e+00
8.08482800e-06,1.79999918e+00
8.08492800e-06,1.80000176e+00
8.08502800e-06,1.79999918e+00
8.08512800e-06,1.80000177e+00
8.08522800e-06,1.79999918e+00
8.08532800e-06,1.80000177e+00
8.08542800e-06,1.79999918e+00
8.08552800e-06,1.80000178e+00
8.08562800e-06,1.79999918e+00
8.08572800e-06,1.80000178e+00
8.08582800e-06,1.79999918e+00
8.08592800e-06,1.80000179e+00
8.08602800e-06,1.79999918e+00
8.08612800e-06,1.80000179e+00
8.08622800e-06,1.79999918e+00
8.08632800e-06,1.80000180e+00
8.08642800e-06,1.79999918e+00
8.08652800e-06,1.80000180e+00
8.08662800e-06,1.79999919e+00
8.08672800e-06,1.80000181e+00
8.08682800e-06,1.79999919e+00
8.08692800e-06,1.80000181e+00
8.08702800e-06,1.79999919e+00
8.08712800e-06,1.80000182e+00
8.08722800e-06,1.79999919e+00
8.08732800e-06,1.80000182e+00
8.08742800e-06,1.79999919e+00
8.08752800e-06,1.80000183e+00
8.08762800e-06,1.79999919e+00
8.08772800e-06,1.80000183e+00
8.08782800e-06,1.79999919e+00
8.08792800e-06,1.80000183e+00
8.08802800e-06,1.79999919e+00
8.08812800e-06,1.80000184e+00
8.08822800e-06,1.79999920e+00
8.08832800e-06,1.80000184e+00
8.08842800e-06,1.79999920e+00
8.08852800e-06,1.80000185e+00
8.08862800e-06,1.79999920e+00
8.08872800e-06,1.80000185e+00
8.08882800e-06,1.79999920e+00
8.08892800e-06,1.80000186e+00
8.08902800e-06,1.79999920e+00
8.08912800e-06,1.80000186e+00
8.08922800e-06,1.79999920e+00
8.08932800e-06,1.80000187e+00
8.08942800e-06,1.79999920e+00
8.08952800e-06,1.80000187e+00
8.08962800e-06,1.79999921e+00
8.08972800e-06,1.80000188e+00
8.08982800e-06,1.79999921e+00
8.08992800e-06,1.80000188e+00
8.09002800e-06,1.79999921e+00
8.09012800e-06,1.80000189e+00
8.09022800e-06,1.79999921e+00
8.09032800e-06,1.80000189e+00
8.09042800e-06,1.79999921e+00
8.09052800e-06,1.80000190e+00
8.09062800e-06,1.79999921e+00
8.09072800e-06,1.80000190e+00
8.09082800e-06,1.79999921e+00
8.09092800e-06,1.80000191e+00
8.09102800e-06,1.79999922e+00
8.09112800e-06,1.80000191e+00
8.09122800e-06,1.79999922e+00
8.09132800e-06,1.80000192e+00
8.09142800e-06,1.79999922e+00
8.09152800e-06,1.80000192e+00
8.09162800e-06,1.79999922e+00
8.09172800e-06,1.80000193e+00
8.09182800e-06,1.79999922e+00
8.09192800e-06,1.80000193e+00
8.09202800e-06,1.79999922e+00
8.09212800e-06,1.80000194e+00
8.09222800e-06,1.79999923e+00
8.09232800e-06,1.80000194e+00
8.09242800e-06,1.79999923e+00
8.09252800e-06,1.80000195e+00
8.09262800e-06,1.79999923e+00
8.09272800e-06,1.80000195e+00
8.09282800e-06,1.79999923e+00
8.09292800e-06,1.80000196e+00
8.09302800e-06,1.79999923e+00
8.09312800e-06,1.80000196e+00
8.09322800e-06,1.79999924e+00
8.09332800e-06,1.80000197e+00
8.09342800e-06,1.79999924e+00
8.09352800e-06,1.80000197e+00
8.09362800e-06,1.79999924e+00
8.09372800e-06,1.80000198e+00
8.09382800e-06,1.79999924e+00
8.09392800e-06,1.80000198e+00
8.09402800e-06,1.79999924e+00
8.09412800e-06,1.80000199e+00
8.09422800e-06,1.79999924e+00
8.09432800e-06,1.80000199e+00
8.09442800e-06,1.79999925e+00
8.09452800e-06,1.80000200e+00
8.09462800e-06,1.79999925e+00
8.09472800e-06,1.80000200e+00
8.09482800e-06,1.79999925e+00
8.09492800e-06,1.80000201e+00
8.09502800e-06,1.79999925e+00
8.09512800e-06,1.80000201e+00
8.09522800e-06,1.79999925e+00
8.09532800e-06,1.80000202e+00
8.09542800e-06,1.79999926e+00
8.09552800e-06,1.80000202e+00
8.09562800e-06,1.79999926e+00
8.09572800e-06,1.80000203e+00
8.09582800e-06,1.79999926e+00
8.09592800e-06,1.80000203e+00
8.09602800e-06,1.79999926e+00
8.09612800e-06,1.80000204e+00
8.09622800e-06,1.79999927e+00
8.09632800e-06,1.80000204e+00
8.09642800e-06,1.79999927e+00
8.09652800e-06,1.80000205e+00
8.09662800e-06,1.79999927e+00
8.09672800e-06,1.80000205e+00
8.09682800e-06,1.79999927e+00
8.09692800e-06,1.80000206e+00
8.09702800e-06,1.79999927e+00
8.09712800e-06,1.80000206e+00
8.09722800e-06,1.79999928e+00
8.09732800e-06,1.80000207e+00
8.09742800e-06,1.79999928e+00
8.09752800e-06,1.80000207e+00
8.09762800e-06,1.79999928e+00
8.09772800e-06,1.80000208e+00
8.09782800e-06,1.79999928e+00
8.09792800e-06,1.80000209e+00
8.09802800e-06,1.79999929e+00
8.09812800e-06,1.80000209e+00
8.09822800e-06,1.79999929e+00
8.09832800e-06,1.80000210e+00
8.09842800e-06,1.79999929e+00
8.09852800e-06,1.80000210e+00
8.09862800e-06,1.79999929e+00
8.09872800e-06,1.80000211e+00
8.09882800e-06,1.79999929e+00
8.09892800e-06,1.80000211e+00
8.09902800e-06,1.79999930e+00
8.09912800e-06,1.80000212e+00
8.09922800e-06,1.79999930e+00
8.09932800e-06,1.80000212e+00
8.09942800e-06,1.79999930e+00
8.09952800e-06,1.80000213e+00
8.09962800e-06,1.79999930e+00
8.09972800e-06,1.80000213e+00
8.09982800e-06,1.79999931e+00
8.09992800e-06,1.80000214e+00
8.10002800e-06,1.79999931e+00
8.10012800e-06,1.80000214e+00
8.10022800e-06,1.79999931e+00
8.10032800e-06,1.80000215e+00
8.10042800e-06,1.79999931e+00
8.10052800e-06,1.80000216e+00
8.10062800e-06,1.79999932e+00
8.10072800e-06,1.80000216e+00
8.10082800e-06,1.79999932e+00
8.10092800e-06,1.80000217e+00
8.10102800e-06,1.79999932e+00
8.10112800e-06,1.80000217e+00
8.10122800e-06,1.79999933e+00
8.10132800e-06,1.80000218e+00
8.10142800e-06,1.79999933e+00
8.10152800e-06,1.80000218e+00
8.10162800e-06,1.79999933e+00
8.10172800e-06,1.80000219e+00
8.10182800e-06,1.79999933e+00
8.10192800e-06,1.80000219e+00
8.10202800e-06,1.79999934e+00
8.10212800e-06,1.80000220e+00
8.10222800e-06,1.79999934e+00
8.10232800e-06,1.80000221e+00
8.10242800e-06,1.79999934e+00
8.10252800e-06,1.80000221e+00
8.10262800e-06,1.79999934e+00
8.10272800e-06,1.80000222e+00
8.10282800e-06,1.79999935e+00
8.10292800e-06,1.80000222e+00
8.10302800e-06,1.79999935e+00
8.10312800e-06,1.80000223e+00
8.10322800e-06,1.79999935e+00
8.10332800e-06,1.80000223e+00
8.10342800e-06,1.79999936e+00
8.10352800e-06,1.80000224e+00
8.10362800e-06,1.79999936e+00
8.10372800e-06,1.80000224e+00
8.10382800e-06,1.79999936e+00
8.10392800e-06,1.80000225e+00
8.10402800e-06,1.79999936e+00
8.10412800e-06,1.80000226e+00
8.10422800e-06,1.79999937e+00
8.10432800e-06,1.80000226e+00
8.10442800e-06,1.79999937e+00
8.10452800e-06,1.80000227e+00
8.10462800e-06,1.79999937e+00
8.10472800e-06,1.80000227e+00
8.10482800e-06,1.79999938e+00
8.10492800e-06,1.80000228e+00
8.10502800e-06,1.79999938e+00
8.10512800e-06,1.80000229e+00
8.10522800e-06,1.79999938e+00
8.10532800e-06,1.80000229e+00
8.10542800e-06,1.79999939e+00
8.10552800e-06,1.80000230e+00
8.10562800e-06,1.79999939e+00
8.10572800e-06,1.80000230e+00
8.10582800e-06,1.79999939e+00
8.10592800e-06,1.80000231e+00
8.10602800e-06,1.79999940e+00
8.10612800e-06,1.80000231e+00
8.10622800e-06,1.79999940e+00
8.10632800e-06,1.80000232e+00
8.10642800e-06,1.79999940e+00
8.10652800e-06,1.80000233e+00
8.10662800e-06,1.79999941e+00
8.10672800e-06,1.80000233e+00
8.10682800e-06,1.79999941e+00
8.10692800e-06,1.80000234e+00
8.10702800e-06,1.79999941e+00
8.10712800e-06,1.80000234e+00
8.10722800e-06,1.79999942e+00
8.10732800e-06,1.80000235e+00
8.10742800e-06,1.79999942e+00
8.10752800e-06,1.80000236e+00
8.10762800e-06,1.79999942e+00
8.10772800e-06,1.80000236e+00
8.10782800e-06,1.79999943e+00
8.10792800e-06,1.80000237e+00
8.10802800e-06,1.79999943e+00
8.10812800e-06,1.80000237e+00
8.10822800e-06,1.79999943e+00
8.10832800e-06,1.80000238e+00
8.10842800e-06,1.79999944e+00
8.10852800e-06,1.80000239e+00
8.10862800e-06,1.79999944e+00
8.10872800e-06,1.80000239e+00
8.10882800e-06,1.79999944e+00
8.10892800e-06,1.80000240e+00
8.10902800e-06,1.79999945e+00
8.10912800e-06,1.80000241e+00
8.10922800e-06,1.79999945e+00
8.10932800e-06,1.80000241e+00
8.10942800e-06,1.79999945e+00
8.10952800e-06,1.80000242e+00
8.10962800e-06,1.79999946e+00
8.10972800e-06,1.80000242e+00
8.10982800e-06,1.79999946e+00
8.10992800e-06,1.80000243e+00
8.11002800e-06,1.79999947e+00
8.11012800e-06,1.80000244e+00
8.11022800e-06,1.79999947e+00
8.11032800e-06,1.80000244e+00
8.11042800e-06,1.79999947e+00
8.11052800e-06,1.80000245e+00
8.11062800e-06,1.79999948e+00
8.11072800e-06,1.80000246e+00
8.11082800e-06,1.79999948e+00
8.11092800e-06,1.80000246e+00
8.11102800e-06,1.79999949e+00
8.11112800e-06,1.80000247e+00
8.11122800e-06,1.79999949e+00
8.11132800e-06,1.80000248e+00
8.11142800e-06,1.79999949e+00
8.11152800e-06,1.80000248e+00
8.11162800e-06,1.79999950e+00
8.11172800e-06,1.80000249e+00
8.11182800e-06,1.79999950e+00
8.11192800e-06,1.80000249e+00
8.11202800e-06,1.79999950e+00
8.11212800e-06,1.80000250e+00
8.11222800e-06,1.79999951e+00
8.11232800e-06,1.80000251e+00
8.11242800e-06,1.79999951e+00
8.11252800e-06,1.80000251e+00
8.11262800e-06,1.79999952e+00
8.11272800e-06,1.80000252e+00
8.11282800e-06,1.79999952e+00
8.11292800e-06,1.80000253e+00
8.11302800e-06,1.79999953e+00
8.11312800e-06,1.80000253e+00
8.11322800e-06,1.79999953e+00
8.11332800e-06,1.80000254e+00
8.11342800e-06,1.79999953e+00
8.11352800e-06,1.80000255e+00
8.11362800e-06,1.79999954e+00
8.11372800e-06,1.80000255e+00
8.11382800e-06,1.79999954e+00
8.11392800e-06,1.80000256e+00
8.11402800e-06,1.79999955e+00
8.11412800e-06,1.80000257e+00
8.11422800e-06,1.79999955e+00
8.11432800e-06,1.80000257e+00
8.11442800e-06,1.79999956e+00
8.11452800e-06,1.80000258e+00
8.11462800e-06,1.79999956e+00
8.11472800e-06,1.80000259e+00
8.11482800e-06,1.79999956e+00
8.11492800e-06,1.80000259e+00
8.11502800e-06,1.79999957e+00
8.11512800e-06,1.80000260e+00
8.11522800e-06,1.79999957e+00
8.11532800e-06,1.80000261e+00
8.11542800e-06,1.79999958e+00
8.11552800e-06,1.80000262e+00
8.11562800e-06,1.79999958e+00
8.11572800e-06,1.80000262e+00
8.11582800e-06,1.79999959e+00
8.11592800e-06,1.80000263e+00
8.11602800e-06,1.79999959e+00
8.11612800e-06,1.80000264e+00
8.11622800e-06,1.79999960e+00
8.11632800e-06,1.80000264e+00
8.11642800e-06,1.79999960e+00
8.11652800e-06,1.80000265e+00
8.11662800e-06,1.79999961e+00
8.11672800e-06,1.80000266e+00
8.11682800e-06,1.79999961e+00
8.11692800e-06,1.80000266e+00
8.11702800e-06,1.79999962e+00
8.11712800e-06,1.80000267e+00
8.11722800e-06,1.79999962e+00
8.11732800e-06,1.80000268e+00
8.11742800e-06,1.79999963e+00
8.11752800e-06,1.80000269e+00
8.11762800e-06,1.79999963e+00
8.11772800e-06,1.80000269e+00
8.11782800e-06,1.79999964e+00
8.11792800e-06,1.80000270e+00
8.11802800e-06,1.79999964e+00
8.11812800e-06,1.80000271e+00
8.11822800e-06,1.79999965e+00
8.11832800e-06,1.80000272e+00
8.11842800e-06,1.79999965e+00
8.11852800e-06,1.80000272e+00
8.11862800e-06,1.79999966e+00
8.11872800e-06,1.80000273e+00
8.11882800e-06,1.79999966e+00
8.11892800e-06,1.80000274e+00
8.11902800e-06,1.79999967e+00
8.11912800e-06,1.80000275e+00
8.11922800e-06,1.79999967e+00
8.11932800e-06,1.80000275e+00
8.11942800e-06,1.79999968e+00
8.11952800e-06,1.80000276e+00
8.11962800e-06,1.79999968e+00
8.11972800e-06,1.80000277e+00
8.11982800e-06,1.79999969e+00
8.11992800e-06,1.80000278e+00
8.12002800e-06,1.79999969e+00
8.12012800e-06,1.80000278e+00
8.12022800e-06,1.79999970e+00
8.12032800e-06,1.80000279e+00
8.12042800e-06,1.79999970e+00
8.12052800e-06,1.80000280e+00
8.12062800e-06,1.79999971e+00
8.12072800e-06,1.80000281e+00
8.12082800e-06,1.79999971e+00
8.12092800e-06,1.80000281e+00
8.12102800e-06,1.79999972e+00
8.12112800e-06,1.80000282e+00
8.12122800e-06,1.79999972e+00
8.12132800e-06,1.80000283e+00
8.12142800e-06,1.79999973e+00
8.12152800e-06,1.80000284e+00
8.12162800e-06,1.79999974e+00
8.12172800e-06,1.80000284e+00
8.12182800e-06,1.79999974e+00
8.12192800e-06,1.80000285e+00
8.12202800e-06,1.79999975e+00
8.12212800e-06,1.80000286e+00
8.12222800e-06,1.79999975e+00
8.12232800e-06,1.80000287e+00
8.12242800e-06,1.79999976e+00
8.12252800e-06,1.80000288e+00
8.12262800e-06,1.79999976e+00
8.12272800e-06,1.80000288e+00
8.12282800e-06,1.79999977e+00
8.12292800e-06,1.80000289e+00
8.12302800e-06,1.79999978e+00
8.12312800e-06,1.80000290e+00
8.12322800e-06,1.79999978e+00
8.12332800e-06,1.80000291e+00
8.12342800e-06,1.79999979e+00
8.12352800e-06,1.80000292e+00
8.12362800e-06,1.79999979e+00
8.12372800e-06,1.80000293e+00
8.12382800e-06,1.79999980e+00
8.12392800e-06,1.80000293e+00
8.12402800e-06,1.79999981e+00
8.12412800e-06,1.80000294e+00
8.12422800e-06,1.79999981e+00
8.12432800e-06,1.80000295e+00
8.12442800e-06,1.79999982e+00
8.12452800e-06,1.80000296e+00
8.12462800e-06,1.79999983e+00
8.12472800e-06,1.80000297e+00
8.12482800e-06,1.79999983e+00
8.12492800e-06,1.80000298e+00
8.12502800e-06,1.79999984e+00
8.12512800e-06,1.80000298e+00
8.12522800e-06,1.79999985e+00
8.12532800e-06,1.80000299e+00
8.12542800e-06,1.79999985e+00
8.12552800e-06,1.80000300e+00
8.12562800e-06,1.79999986e+00
8.12572800e-06,1.80000301e+00
8.12582800e-06,1.79999986e+00
8.12592800e-06,1.80000302e+00
8.12602800e-06,1.79999987e+00
8.12612800e-06,1.80000303e+00
8.12622800e-06,1.79999988e+00
8.12632800e-06,1.80000304e+00
8.12642800e-06,1.79999988e+00
8.12652800e-06,1.80000305e+00
8.12662800e-06,1.79999989e+00
8.12672800e-06,1.80000305e+00
8.12682800e-06,1.79999990e+00
8.12692800e-06,1.80000306e+00
8.12702800e-06,1.79999991e+00
8.12712800e-06,1.80000307e+00
8.12722800e-06,1.79999991e+00
8.12732800e-06,1.80000308e+00
8.12742800e-06,1.79999992e+00
8.12752800e-06,1.80000309e+00
8.12762800e-06,1.79999993e+00
8.12772800e-06,1.80000310e+00
8.12782800e-06,1.79999993e+00
8.12792800e-06,1.80000311e+00
8.12802800e-06,1.79999994e+00
8.12812800e-06,1.80000312e+00
8.12822800e-06,1.79999995e+00
8.12832800e-06,1.80000313e+00
8.12842800e-06,1.79999995e+00
8.12852800e-06,1.80000314e+00
8.12862800e-06,1.79999996e+00
8.12872800e-06,1.80000315e+00
8.12882800e-06,1.79999997e+00
8.12892800e-06,1.80000315e+00
8.12902800e-06,1.79999998e+00
8.12912800e-06,1.80000316e+00
8.12922800e-06,1.79999998e+00
8.12932800e-06,1.80000317e+00
8.12942800e-06,1.79999999e+00
8.12952800e-06,1.80000318e+00
8.12962800e-06,1.80000000e+00
8.12972800e-06,1.80000319e+00
8.12982800e-06,1.80000001e+00
8.12992800e-06,1.80000320e+00
8.13002800e-06,1.80000001e+00
8.13012800e-06,1.80000321e+00
8.13022800e-06,1.80000002e+00
8.13032800e-06,1.80000322e+00
8.13042800e-06,1.80000003e+00
8.13052800e-06,1.80000323e+00
8.13062800e-06,1.80000004e+00
8.13072800e-06,1.80000324e+00
8.13082800e-06,1.80000005e+00
8.13092800e-06,1.80000325e+00
8.13102800e-06,1.80000005e+00
8.13112800e-06,1.80000326e+00
8.13122800e-06,1.80000006e+00
8.13132800e-06,1.80000327e+00
8.13142800e-06,1.80000007e+00
8.13152800e-06,1.80000328e+00
8.13162800e-06,1.80000008e+00
8.13172800e-06,1.80000329e+00
8.13182800e-06,1.80000009e+00
8.13192800e-06,1.80000330e+00
8.13202800e-06,1.80000009e+00
8.13212800e-06,1.80000331e+00
8.13222800e-06,1.80000010e+00
8.13232800e-06,1.80000332e+00
8.13242800e-06,1.80000011e+00
8.13252800e-06,1.80000333e+00
8.13262800e-06,1.80000012e+00
8.13272800e-06,1.80000334e+00
8.13282800e-06,1.80000013e+00
8.13292800e-06,1.80000335e+00
8.13302800e-06,1.80000014e+00
8.13312800e-06,1.80000336e+00
8.13322800e-06,1.80000015e+00
8.13332800e-06,1.80000337e+00
8.13342800e-06,1.80000015e+00
8.13352800e-06,1.80000339e+00
8.13362800e-06,1.80000016e+00
8.13372800e-06,1.80000340e+00
8.13382800e-06,1.80000017e+00
8.13392800e-06,1.80000341e+00
8.13402800e-06,1.80000018e+00
8.13412800e-06,1.80000342e+00
8.13422800e-06,1.80000019e+00
8.13432800e-06,1.80000343e+00
8.13442800e-06,1.80000020e+00
8.13452800e-06,1.80000344e+00
8.13462800e-06,1.80000021e+00
8.13472800e-06,1.80000345e+00
8.13482800e-06,1.80000022e+00
8.13492800e-06,1.80000346e+00
8.13502800e-06,1.80000023e+00
8.13512800e-06,1.80000347e+00
8.13522800e-06,1.80000024e+00
8.13532800e-06,1.80000348e+00
8.13542800e-06,1.80000025e+00
8.13552800e-06,1.80000350e+00
8.13562800e-06,1.80000025e+00
8.13572800e-06,1.80000351e+00
8.13582800e-06,1.80000026e+00
8.13592800e-06,1.80000352e+00
8.13602800e-06,1.80000027e+00
8.13612800e-06,1.80000353e+00
8.13622800e-06,1.80000028e+00
8.13632800e-06,1.80000354e+00
8.13642800e-06,1.80000029e+00
8.13652800e-06,1.80000355e+00
8.13662800e-06,1.80000030e+00
8.13672800e-06,1.80000357e+00
8.13682800e-06,1.80000031e+00
8.13692800e-06,1.80000358e+00
8.13702800e-06,1.80000032e+00
8.13712800e-06,1.80000359e+00
8.13722800e-06,1.80000033e+00
8.13732800e-06,1.80000360e+00
8.13742800e-06,1.80000034e+00
8.13752800e-06,1.80000361e+00
8.13762800e-06,1.80000035e+00
8.13772800e-06,1.80000363e+00
8.13782800e-06,1.80000036e+00
8.13792800e-06,1.80000364e+00
8.13802800e-06,1.80000038e+00
8.13812800e-06,1.80000365e+00
8.13822800e-06,1.80000039e+00
8.13832800e-06,1.80000366e+00
8.13842800e-06,1.80000040e+00
8.13852800e-06,1.80000368e+00
8.13862800e-06,1.80000041e+00
8.13872800e-06,1.80000369e+00
8.13882800e-06,1.80000042e+00
8.13892800e-06,1.80000370e+00
8.13902800e-06,1.80000043e+00
8.13912800e-06,1.80000371e+00
8.13922800e-06,1.80000044e+00
8.13932800e-06,1.80000373e+00
8.13942800e-06,1.80000045e+00
8.13952800e-06,1.80000374e+00
8.13962800e-06,1.80000046e+00
8.13972800e-06,1.80000375e+00
8.13982800e-06,1.80000047e+00
8.13992800e-06,1.80000377e+00
8.14002800e-06,1.80000049e+00
8.14012800e-06,1.80000378e+00
8.14022800e-06,1.80000050e+00
8.14032800e-06,1.80000379e+00
8.14042800e-06,1.80000051e+00
8.14052800e-06,1.80000381e+00
8.14062800e-06,1.80000052e+00
8.14072800e-06,1.80000382e+00
8.14082800e-06,1.80000053e+00
8.14092800e-06,1.80000383e+00
8.14102800e-06,1.80000054e+00
8.14112800e-06,1.80000385e+00
8.14122800e-06,1.80000056e+00
8.14132800e-06,1.80000386e+00
8.14142800e-06,1.80000057e+00
8.14152800e-06,1.80000387e+00
8.14162800e-06,1.80000058e+00
8.14172800e-06,1.80000389e+00
8.14182800e-06,1.80000059e+00
8.14192800e-06,1.80000390e+00
8.14202800e-06,1.80000061e+00
8.14212800e-06,1.80000392e+00
8.14222800e-06,1.80000062e+00
8.14232800e-06,1.80000393e+00
8.14242800e-06,1.80000063e+00
8.14252800e-06,1.80000395e+00
8.14262800e-06,1.80000064e+00
8.14272800e-06,1.80000396e+00
8.14282800e-06,1.80000066e+00
8.14292800e-06,1.80000397e+00
8.14302800e-06,1.80000067e+00
8.14312800e-06,1.80000399e+00
8.14322800e-06,1.80000068e+00
8.14332800e-06,1.80000400e+00
8.14342800e-06,1.80000070e+00
8.14352800e-06,1.80000402e+00
8.14362800e-06,1.80000071e+00
8.14372800e-06,1.80000403e+00
8.14382800e-06,1.80000072e+00
8.14392800e-06,1.80000405e+00
8.14402800e-06,1.80000074e+00
8.14412800e-06,1.80000406e+00
8.14422800e-06,1.80000075e+00
8.14432800e-06,1.80000408e+00
8.14442800e-06,1.80000076e+00
8.14452800e-06,1.80000410e+00
8.14462800e-06,1.80000078e+00
8.14472800e-06,1.80000411e+00
8.14482800e-06,1.80000079e+00
8.14492800e-06,1.80000413e+00
8.14502800e-06,1.80000081e+00
8.14512800e-06,1.80000414e+00
8.14522800e-06,1.80000082e+00
8.14532800e-06,1.80000416e+00
8.14542800e-06,1.80000083e+00
8.14552800e-06,1.80000418e+00
8.14562800e-06,1.80000085e+00
8.14572800e-06,1.80000419e+00
8.14582800e-06,1.80000086e+00
8.14592800e-06,1.80000421e+00
8.14602800e-06,1.80000088e+00
8.14612800e-06,1.80000423e+00
8.14622800e-06,1.80000089e+00
8.14632800e-06,1.80000424e+00
8.14642800e-06,1.80000091e+00
8.14652800e-06,1.80000432e+00
8.14662800e-06,1.80000094e+00
8.14672800e-06,1.80000427e+00
8.14682800e-06,1.80000095e+00
8.14692800e-06,1.80000435e+00
8.14702800e-06,1.80000097e+00
8.14712800e-06,1.80000436e+00
8.14722800e-06,1.80000100e+00
8.14732800e-06,1.80000438e+00
8.14742800e-06,1.80000102e+00
8.14752800e-06,1.80000439e+00
8.14762800e-06,1.80000104e+00
8.14772800e-06,1.80000441e+00
8.14782800e-06,1.80000105e+00
8.14792800e-06,1.80000442e+00
8.14802800e-06,1.80000107e+00
8.14812800e-06,1.80000444e+00
8.14822800e-06,1.80000109e+00
8.14832800e-06,1.80000446e+00
8.14842800e-06,1.80000111e+00
8.14852800e-06,1.80000448e+00
8.14862800e-06,1.80000112e+00
8.14872800e-06,1.80000449e+00
8.14882800e-06,1.80000114e+00
8.14892800e-06,1.80000451e+00
8.14902800e-06,1.80000116e+00
8.14912800e-06,1.80000453e+00
8.14922800e-06,1.80000118e+00
8.14932800e-06,1.80000455e+00
8.14942800e-06,1.80000120e+00
8.14952800e-06,1.80000457e+00
8.14962800e-06,1.80000121e+00
8.14972800e-06,1.80000459e+00
8.14982800e-06,1.80000123e+00
8.14992800e-06,1.80000461e+00
8.15002800e-06,1.80000125e+00
8.15012800e-06,1.80000463e+00
8.15022800e-06,1.80000127e+00
8.15032800e-06,1.80000465e+00
8.15042800e-06,1.80000129e+00
8.15052800e-06,1.80000467e+00
8.15062800e-06,1.80000131e+00
8.15072800e-06,1.80000469e+00
8.15082800e-06,1.80000133e+00
8.15092800e-06,1.80000471e+00
8.15102800e-06,1.80000135e+00
8.15112800e-06,1.80000473e+00
8.15122800e-06,1.80000137e+00
8.15132800e-06,1.80000476e+00
8.15142800e-06,1.80000138e+00
8.15152800e-06,1.80000478e+00
8.15162800e-06,1.80000141e+00
8.15172800e-06,1.80000480e+00
8.15182800e-06,1.80000143e+00
8.15192800e-06,1.80000482e+00
8.15202800e-06,1.80000145e+00
8.15212800e-06,1.80000484e+00
8.15222800e-06,1.80000147e+00
8.15232800e-06,1.80000487e+00
8.15242800e-06,1.80000149e+00
8.15252800e-06,1.80000489e+00
8.15262800e-06,1.80000151e+00
8.15272800e-06,1.80000491e+00
8.15282800e-06,1.80000153e+00
8.15292800e-06,1.80000493e+00
8.15302800e-06,1.80000155e+00
8.15312800e-06,1.80000496e+00
8.15322800e-06,1.80000157e+00
8.15332800e-06,1.80000498e+00
8.15342800e-06,1.80000160e+00
8.15352800e-06,1.80000501e+00
8.15362800e-06,1.80000162e+00
8.15372800e-06,1.80000503e+00
8.15382800e-06,1.80000164e+00
8.15392800e-06,1.80000505e+00
8.15402800e-06,1.80000166e+00
8.15412800e-06,1.80000508e+00
8.15422800e-06,1.80000169e+00
8.15432800e-06,1.80000510e+00
8.15442800e-06,1.80000171e+00
8.15452800e-06,1.80000513e+00
8.15462800e-06,1.80000173e+00
8.15472800e-06,1.80000515e+00
8.15482800e-06,1.80000176e+00
8.15492800e-06,1.80000518e+00
8.15502800e-06,1.80000178e+00
8.15512800e-06,1.80000521e+00
8.15522800e-06,1.80000181e+00
8.15532800e-06,1.80000523e+00
8.15542800e-06,1.80000183e+00
8.15552800e-06,1.80000526e+00
8.15562800e-06,1.80000186e+00
8.15572800e-06,1.80000529e+00
8.15582800e-06,1.80000188e+00
8.15592800e-06,1.80000531e+00
8.15602800e-06,1.80000191e+00
8.15612800e-06,1.80000534e+00
8.15622800e-06,1.80000194e+00
8.15632800e-06,1.80000537e+00
8.15642800e-06,1.80000196e+00
8.15652800e-06,1.80000540e+00
8.15662800e-06,1.80000199e+00
8.15672800e-06,1.80000542e+00
8.15682800e-06,1.80000202e+00
8.15692800e-06,1.80000545e+00
8.15702800e-06,1.80000204e+00
8.15712800e-06,1.80000548e+00
8.15722800e-06,1.80000207e+00
8.15732800e-06,1.80000551e+00
8.15742800e-06,1.80000210e+00
8.15752800e-06,1.80000554e+00
8.15762800e-06,1.80000213e+00
8.15772800e-06,1.80000557e+00
8.15782800e-06,1.80000216e+00
8.15792800e-06,1.80000560e+00
8.15802800e-06,1.80000219e+00
8.15812800e-06,1.80000563e+00
8.15822800e-06,1.80000222e+00
8.15832800e-06,1.80000566e+00
8.15842800e-06,1.80000225e+00
8.15852800e-06,1.80000570e+00
8.15862800e-06,1.80000228e+00
8.15872800e-06,1.80000573e+00
8.15882800e-06,1.80000231e+00
8.15892800e-06,1.80000576e+00
8.15902800e-06,1.80000234e+00
8.15912800e-06,1.80000579e+00
8.15922800e-06,1.80000237e+00
8.15932800e-06,1.80000583e+00
8.15942800e-06,1.80000240e+00
8.15952800e-06,1.80000586e+00
8.15962800e-06,1.80000243e+00
8.15972800e-06,1.80000590e+00
8.15982800e-06,1.80000247e+00
8.15992800e-06,1.80000593e+00
8.16002800e-06,1.80000250e+00
8.16012800e-06,1.80000597e+00
8.16022800e-06,1.80000254e+00
8.16032800e-06,1.80000600e+00
8.16042800e-06,1.80000257e+00
8.16052800e-06,1.80000604e+00
8.16062800e-06,1.80000260e+00
8.16072800e-06,1.80000607e+00
8.16082800e-06,1.80000264e+00
8.16092800e-06,1.80000611e+00
8.16102800e-06,1.80000268e+00
8.16112800e-06,1.80000615e+00
8.16122800e-06,1.80000271e+00
8.16132800e-06,1.80000619e+00
8.16142800e-06,1.80000275e+00
8.16152800e-06,1.80000623e+00
8.16162800e-06,1.80000279e+00
8.16172800e-06,1.80000627e+00
8.16182800e-06,1.80000283e+00
8.16192800e-06,1.80000631e+00
8.16202800e-06,1.80000286e+00
8.16212800e-06,1.80000635e+00
8.16222800e-06,1.80000290e+00
8.16232800e-06,1.80000639e+00
8.16242800e-06,1.80000294e+00
8.16252800e-06,1.80000643e+00
8.16262800e-06,1.80000298e+00
8.16272800e-06,1.80000647e+00
8.16282800e-06,1.80000302e+00
8.16292800e-06,1.80000651e+00
8.16302800e-06,1.80000307e+00
8.16312800e-06,1.80000656e+00
8.16322800e-06,1.80000311e+00
8.16332800e-06,1.80000660e+00
8.16342800e-06,1.80000315e+00
8.16352800e-06,1.80000665e+00
8.16362800e-06,1.80000320e+00
8.16372800e-06,1.80000669e+00
8.16382800e-06,1.80000324e+00
8.16392800e-06,1.80000674e+00
8.16402800e-06,1.80000329e+00
8.16412800e-06,1.80000678e+00
8.16422800e-06,1.80000333e+00
8.16432800e-06,1.80000683e+00
8.16442800e-06,1.80000338e+00
8.16452800e-06,1.80000688e+00
8.16462800e-06,1.80000343e+00
8.16472800e-06,1.80000693e+00
8.16482800e-06,1.80000347e+00
8.16492800e-06,1.80000698e+00
8.16502800e-06,1.80000352e+00
8.16512800e-06,1.80000703e+00
8.16522800e-06,1.80000357e+00
8.16532800e-06,1.80000708e+00
8.16542800e-06,1.80000362e+00
8.16552800e-06,1.80000713e+00
8.16562800e-06,1.80000367e+00
8.16572800e-06,1.80000719e+00
8.16582800e-06,1.80000373e+00
8.16592800e-06,1.80000724e+00
8.16602800e-06,1.80000378e+00
8.16612800e-06,1.80000730e+00
8.16622800e-06,1.80000383e+00
8.16632800e-06,1.80000735e+00
8.16642800e-06,1.80000389e+00
8.16652800e-06,1.80000741e+00
8.16662800e-06,1.80000395e+00
8.16672800e-06,1.80000747e+00
8.16682800e-06,1.80000400e+00
8.16692800e-06,1.80000753e+00
8.16702800e-06,1.80000406e+00
8.16712800e-06,1.80000759e+00
8.16722800e-06,1.80000412e+00
8.16732800e-06,1.80000765e+00
8.16742800e-06,1.80000418e+00
8.16752800e-06,1.80000771e+00
8.16762800e-06,1.80000424e+00
8.16772800e-06,1.80000778e+00
8.16782800e-06,1.80000431e+00
8.16792800e-06,1.80000784e+00
8.16802800e-06,1.80000437e+00
8.16812800e-06,1.80000791e+00
8.16822800e-06,1.80000444e+00
8.16832800e-06,1.80000798e+00
8.16842800e-06,1.80000450e+00
8.16852800e-06,1.80000804e+00
8.16862800e-06,1.80000457e+00
8.16872800e-06,1.80000811e+00
8.16882800e-06,1.80000464e+00
8.16892800e-06,1.80000819e+00
8.16902800e-06,1.80000471e+00
8.16912800e-06,1.80000826e+00
8.16922800e-06,1.80000478e+00
8.16932800e-06,1.80000833e+00
8.16942800e-06,1.80000486e+00
8.16952800e-06,1.80000841e+00
8.16962800e-06,1.80000493e+00
8.16972800e-06,1.80000849e+00
8.16982800e-06,1.80000501e+00
8.16992800e-06,1.80000856e+00
8.17002800e-06,1.80000509e+00
8.17012800e-06,1.80000865e+00
8.17022800e-06,1.80000517e+00
8.17032800e-06,1.80000873e+00
8.17042800e-06,1.80000525e+00
8.17052800e-06,1.80000881e+00
8.17062800e-06,1.80000533e+00
8.17072800e-06,1.80000890e+00
8.17082800e-06,1.80000542e+00
8.17092800e-06,1.80000899e+00
8.17102800e-06,1.80000551e+00
8.17112800e-06,1.80000908e+00
8.17122800e-06,1.80000559e+00
8.17132800e-06,1.80000917e+00
8.17142800e-06,1.80000569e+00
8.17152800e-06,1.80000926e+00
8.17162800e-06,1.80000578e+00
8.17172800e-06,1.80000936e+00
8.17182800e-06,1.80000588e+00
8.17192800e-06,1.80000945e+00
8.17202800e-06,1.80000597e+00
8.17212800e-06,1.80000956e+00
8.17222800e-06,1.80000607e+00
8.17232800e-06,1.80000966e+00
8.17242800e-06,1.80000618e+00
8.17252800e-06,1.80000976e+00
8.17262800e-06,1.80000628e+00
8.17272800e-06,1.80000987e+00
8.17282800e-06,1.80000639e+00
8.17292800e-06,1.80000998e+00
8.17302800e-06,1.80000650e+00
8.17312800e-06,1.80001009e+00
8.17322800e-06,1.80000661e+00
8.17332800e-06,1.80001021e+00
8.17342800e-06,1.80000673e+00
8.17352800e-06,1.80001033e+00
8.17362800e-06,1.80000685e+00
8.17372800e-06,1.80001045e+00
8.17382800e-06,1.80000697e+00
8.17392800e-06,1.80001058e+00
8.17402800e-06,1.80000709e+00
8.17412800e-06,1.80001071e+00
8.17422800e-06,1.80000722e+00
8.17432800e-06,1.80001084e+00
8.17442800e-06,1.80000736e+00
8.17452800e-06,1.80001097e+00
8.17462800e-06,1.80000749e+00
8.17472800e-06,1.80001111e+00
8.17482800e-06,1.80000763e+00
8.17492800e-06,1.80001125e+00
8.17502800e-06,1.80000777e+00
8.17512800e-06,1.80001140e+00
8.17522800e-06,1.80000792e+00
8.17532800e-06,1.80001155e+00
8.17542800e-06,1.80000807e+00
8.17552800e-06,1.80001171e+00
8.17562800e-06,1.80000823e+00
8.17572800e-06,1.80001187e+00
8.17582800e-06,1.80000839e+00
8.17592800e-06,1.80001203e+00
8.17602800e-06,1.80000855e+00
8.17612800e-06,1.80001220e+00
8.17622800e-06,1.80000872e+00
8.17632800e-06,1.80001237e+00
8.17642800e-06,1.80000890e+00
8.17652800e-06,1.80001255e+00
8.17662800e-06,1.80000908e+00
8.17672800e-06,1.80001273e+00
8.17682800e-06,1.80000926e+00
8.17692800e-06,1.80001292e+00
8.17702800e-06,1.80000945e+00
8.17712800e-06,1.80001312e+00
8.17722800e-06,1.80000965e+00
8.17732800e-06,1.80001332e+00
8.17742800e-06,1.80000985e+00
8.17752800e-06,1.80001353e+00
8.17762800e-06,1.80001006e+00
8.17772800e-06,1.80001374e+00
8.17782800e-06,1.80001028e+00
8.17792800e-06,1.80001396e+00
8.17802800e-06,1.80001050e+00
8.17812800e-06,1.80001419e+00
8.17822800e-06,1.80001073e+00
8.17832800e-06,1.80001442e+00
8.17842800e-06,1.80001097e+00
8.17852800e-06,1.80001467e+00
8.17862800e-06,1.80001121e+00
8.17872800e-06,1.80001492e+00
8.17882800e-06,1.80001146e+00
8.17892800e-06,1.80001517e+00
8.17902800e-06,1.80001172e+00
8.17912800e-06,1.80001544e+00
8.17922800e-06,1.80001199e+00
8.17932800e-06,1.80001571e+00
8.17942800e-06,1.80001227e+00
8.17952800e-06,1.80001600e+00
8.17962800e-06,1.80001256e+00
8.17972800e-06,1.80001629e+00
8.17982800e-06,1.80001285e+00
8.17992800e-06,1.80001659e+00
8.18002800e-06,1.80001316e+00
8.18012800e-06,1.80001691e+00
8.18022800e-06,1.80001348e+00
8.18032800e-06,1.80001723e+00
8.18042800e-06,1.80001380e+00
8.18052800e-06,1.80001756e+00
8.18062800e-06,1.80001414e+00
8.18072800e-06,1.80001791e+00
8.18082800e-06,1.80001449e+00
8.18092800e-06,1.80001826e+00
8.18102800e-06,1.80001485e+00
8.18112800e-06,1.80001863e+00
8.18122800e-06,1.80001522e+00
8.18132800e-06,1.80001900e+00
8.18142800e-06,1.80001560e+00
8.18152800e-06,1.80001939e+00
8.18162800e-06,1.80001599e+00
8.18172800e-06,1.80001979e+00
8.18182800e-06,1.80001640e+00
8.18192800e-06,1.80002021e+00
8.18202800e-06,1.80001682e+00
8.18212800e-06,1.80002063e+00
8.18222800e-06,1.80001725e+00
8.18232800e-06,1.80002107e+00
8.18242800e-06,1.80001769e+00
8.18252800e-06,1.80002152e+00
8.18262800e-06,1.80001814e+00
8.18272800e-06,1.80002199e+00
8.18282800e-06,1.80001861e+00
8.18292800e-06,1.80002246e+00
8.18302800e-06,1.80001910e+00
8.18312800e-06,1.80002295e+00
8.18322800e-06,1.80001959e+00
8.18332800e-06,1.80002346e+00
8.18342800e-06,1.80002010e+00
8.18352800e-06,1.80002397e+00
8.18362800e-06,1.80002062e+00
8.18372800e-06,1.80002450e+00
8.18382800e-06,1.80002115e+00
8.18392800e-06,1.80002504e+00
8.18402800e-06,1.80002169e+00
8.18412800e-06,1.80002559e+00
8.18422800e-06,1.80002225e+00
8.18432800e-06,1.80002616e+00
8.18442800e-06,1.80002282e+00
8.18452800e-06,1.80002673e+00
8.18462800e-06,1.80002340e+00
8.18472800e-06,1.80002732e+00
8.18482800e-06,1.80002400e+00
8.18492800e-06,1.80002792e+00
8.18502800e-06,1.80002460e+00
8.18512800e-06,1.80002853e+00
8.18522800e-06,1.80002521e+00
8.18532800e-06,1.80002915e+00
8.18542800e-06,1.80002584e+00
8.18552800e-06,1.80002978e+00
8.18562800e-06,1.80002647e+00
8.18572800e-06,1.80003042e+00
8.18582800e-06,1.80002711e+00
8.18592800e-06,1.80003107e+00
8.18602800e-06,1.80002777e+00
8.18612800e-06,1.80003173e+00
8.18622800e-06,1.80002843e+00
8.18632800e-06,1.80003240e+00
8.18642800e-06,1.80002909e+00
8.18652800e-06,1.80003307e+00
8.18662800e-06,1.80002977e+00
8.18672800e-06,1.80003375e+00
8.18682800e-06,1.80003045e+00
8.18692800e-06,1.80003444e+00
8.18702800e-06,1.80003114e+00
8.18712800e-06,1.80003513e+00
8.18722800e-06,1.80003184e+00
8.18732800e-06,1.80003583e+00
8.18742800e-06,1.80003254e+00
8.18752800e-06,1.80003654e+00
8.18762800e-06,1.80003324e+00
8.18772800e-06,1.80003725e+00
8.18782800e-06,1.80003395e+00
8.18792800e-06,1.80003796e+00
8.18802800e-06,1.80003467e+00
8.18812800e-06,1.80003868e+00
8.18822800e-06,1.80003539e+00
8.18832800e-06,1.80003940e+00
8.18842800e-06,1.80003611e+00
8.18852800e-06,1.80004012e+00
8.18862800e-06,1.80003683e+00
8.18872800e-06,1.80004085e+00
8.18882800e-06,1.80003756e+00
8.18892800e-06,1.80004158e+00
8.18902800e-06,1.80003829e+00
8.18912800e-06,1.80004232e+00
8.18922800e-06,1.80003902e+00
8.18932800e-06,1.80004305e+00
8.18942800e-06,1.80003976e+00
8.18952800e-06,1.80004379e+00
8.18962800e-06,1.80004050e+00
8.18972800e-06,1.80004453e+00
8.18982800e-06,1.80004124e+00
8.18992800e-06,1.80004527e+00
8.19002800e-06,1.80004198e+00
8.19012800e-06,1.80004601e+00
8.19022800e-06,1.80004272e+00
8.19032800e-06,1.80004676e+00
8.19042800e-06,1.80004347e+00
8.19052800e-06,1.80004751e+00
8.19062800e-06,1.80004421e+00
8.19072800e-06,1.80004825e+00
8.19082800e-06,1.80004496e+00
8.19092800e-06,1.80004900e+00
8.19102800e-06,1.80004571e+00
8.19112800e-06,1.80004976e+00
8.19122800e-06,1.80004646e+00
8.19132800e-06,1.80005051e+00
8.19142800e-06,1.80004721e+00
8.19152800e-06,1.80005126e+00
8.19162800e-06,1.80004797e+00
8.19172800e-06,1.80005202e+00
8.19182800e-06,1.80004872e+00
8.19192800e-06,1.80005278e+00
8.19202800e-06,1.80004948e+00
8.19212800e-06,1.80005354e+00
8.19222800e-06,1.80005024e+00
8.19232800e-06,1.80005430e+00
8.19242800e-06,1.80005100e+00
8.19252800e-06,1.80005506e+00
8.19262800e-06,1.80005176e+00
8.19272800e-06,1.80005582e+00
8.19282800e-06,1.80005252e+00
8.19292800e-06,1.80005659e+00
8.19302800e-06,1.80005329e+00
8.19312800e-06,1.80005735e+00
8.19322800e-06,1.80005405e+00
8.19332800e-06,1.80005812e+00
8.19342800e-06,1.80005482e+00
8.19352800e-06,1.80005889e+00
8.19362800e-06,1.80005559e+00
8.19372800e-06,1.80005966e+00
8.19382800e-06,1.80005636e+00
8.19392800e-06,1.80006043e+00
8.19402800e-06,1.80005713e+00
8.19412800e-06,1.80006121e+00
8.19422800e-06,1.80005790e+00
8.19432800e-06,1.80006198e+00
8.19442800e-06,1.80005867e+00
8.19452800e-06,1.80006275e+00
8.19462800e-06,1.80005944e+00
8.19472800e-06,1.80006352e+00
8.19482800e-06,1.80006021e+00
8.19492800e-06,1.80006429e+00
8.19502800e-06,1.80006097e+00
8.19512800e-06,1.80006505e+00
8.19522800e-06,1.80006174e+00
8.19532800e-06,1.80006581e+00
8.19542800e-06,1.80006250e+00
8.19552800e-06,1.80006657e+00
8.19562800e-06,1.80006325e+00
8.19572800e-06,1.80006732e+00
8.19582800e-06,1.80006399e+00
8.19592800e-06,1.80006815e+00
8.19602800e-06,1.80006528e+00
8.19612800e-06,1.80006896e+00
8.19622800e-06,1.80006587e+00
8.19632800e-06,1.80006970e+00
8.19642800e-06,1.80006648e+00
8.19652800e-06,1.80007040e+00
8.19662800e-06,1.80006711e+00
8.19672800e-06,1.80007107e+00
8.19682800e-06,1.80006772e+00
8.19692800e-06,1.80007170e+00
8.19702800e-06,1.80006832e+00
8.19712800e-06,1.80007230e+00
8.19722800e-06,1.80006888e+00
8.19732800e-06,1.80007286e+00
8.19742800e-06,1.80006942e+00
8.19752800e-06,1.80007338e+00
8.19762800e-06,1.80006991e+00
8.19772800e-06,1.80007385e+00
8.19782800e-06,1.80007034e+00
8.19792800e-06,1.80007426e+00
8.19802800e-06,1.80007072e+00
8.19812800e-06,1.80007460e+00
8.19822800e-06,1.80007102e+00
8.19832800e-06,1.80007485e+00
8.19842800e-06,1.80007123e+00
8.19852800e-06,1.80007501e+00
8.19862800e-06,1.80007133e+00
8.19872800e-06,1.80007506e+00
8.19882800e-06,1.80007131e+00
8.19892800e-06,1.80007497e+00
8.19902800e-06,1.80007114e+00
8.19912800e-06,1.80007472e+00
8.19922800e-06,1.80007081e+00
8.19932800e-06,1.80007429e+00
8.19942800e-06,1.80007027e+00
8.19952800e-06,1.80007365e+00
8.19962800e-06,1.80006951e+00
8.19972800e-06,1.80007275e+00
8.19982800e-06,1.80006847e+00
8.19992800e-06,1.80007156e+00
8.20002800e-06,1.80006711e+00
8.20012800e-06,1.80007003e+00
8.20022800e-06,1.80006539e+00
8.20032800e-06,1.80006809e+00
8.20042800e-06,1.80006323e+00
8.20052800e-06,1.80006570e+00
8.20062800e-06,1.80006057e+00
8.20072800e-06,1.80006276e+00
8.20082800e-06,1.80005733e+00
8.20092800e-06,1.80005919e+00
8.20102800e-06,1.80005341e+00
8.20112800e-06,1.80005489e+00
8.20122800e-06,1.80004870e+00
8.20132800e-06,1.80004974e+00
8.20142800e-06,1.80004307e+00
8.20152800e-06,1.80004360e+00
8.20162800e-06,1.80003638e+00
8.20172800e-06,1.80003631e+00
8.20182800e-06,1.80002845e+00
8.20192800e-06,1.80002769e+00
8.20202800e-06,1.80001908e+00
8.20212800e-06,1.80001752e+00
8.20222800e-06,1.80000804e+00
8.20232800e-06,1.80000555e+00
8.20242800e-06,1.79999506e+00
8.20252800e-06,1.79999152e+00
8.20262800e-06,1.79998011e+00
8.20272800e-06,1.79997503e+00
8.20282800e-06,1.79996234e+00
8.20292800e-06,1.79995576e+00
8.20302800e-06,1.79994153e+00
8.20312800e-06,1.79993325e+00
8.20322800e-06,1.79991723e+00
8.20332800e-06,1.79990699e+00
8.20342800e-06,1.79988888e+00
8.20352800e-06,1.79987638e+00
8.20362800e-06,1.79985584e+00
8.20372800e-06,1.79984074e+00
8.20382800e-06,1.79981739e+00
8.20392800e-06,1.79979927e+00
8.20402800e-06,1.79977268e+00
8.20412800e-06,1.79975107e+00
8.20422800e-06,1.79972073e+00
8.20432800e-06,1.79969509e+00
8.20442800e-06,1.79966042e+00
8.20452800e-06,1.79963013e+00
8.20462800e-06,1.79959046e+00
8.20472800e-06,1.79955481e+00
8.20482800e-06,1.79950937e+00
8.20492800e-06,1.79946753e+00
8.20502800e-06,1.79941545e+00
8.20512800e-06,1.79936649e+00
8.20522800e-06,1.79930676e+00
8.20532800e-06,1.79924959e+00
8.20542800e-06,1.79918105e+00
8.20552800e-06,1.79911444e+00
8.20562800e-06,1.79903577e+00
8.20572800e-06,1.79895830e+00
8.20582800e-06,1.79886800e+00
8.20592800e-06,1.79877805e+00
8.20602800e-06,1.79867438e+00
8.20612800e-06,1.79857010e+00
8.20622800e-06,1.79845107e+00
8.20632800e-06,1.79833035e+00
8.20642800e-06,1.79819370e+00
8.20652800e-06,1.79805411e+00
8.20662800e-06,1.79789725e+00
8.20672800e-06,1.79773601e+00
8.20682800e-06,1.79755597e+00
8.20692800e-06,1.79736990e+00
8.20702800e-06,1.79716327e+00
8.20712800e-06,1.79694874e+00
8.20722800e-06,1.79671161e+00
8.20732800e-06,1.79646441e+00
8.20742800e-06,1.79619231e+00
8.20752800e-06,1.79590763e+00
8.20762800e-06,1.79559537e+00
8.20772800e-06,1.79526766e+00
8.20782800e-06,1.79490926e+00
8.20792800e-06,1.79453208e+00
8.20802800e-06,1.79412064e+00
8.20812800e-06,1.79368653e+00
8.20822800e-06,1.79321399e+00
8.20832800e-06,1.79271426e+00
8.20842800e-06,1.79217121e+00
8.20852800e-06,1.79159567e+00
8.20862800e-06,1.79097107e+00
8.20872800e-06,1.79030775e+00
8.20882800e-06,1.78958857e+00
8.20892800e-06,1.78882325e+00
8.20902800e-06,1.78799400e+00
8.20912800e-06,1.78710975e+00
8.20922800e-06,1.78615186e+00
8.20932800e-06,1.78512828e+00
8.20942800e-06,1.78401932e+00
8.20952800e-06,1.78283166e+00
8.20962800e-06,1.78154422e+00
8.20972800e-06,1.78016208e+00
8.20982800e-06,1.77866233e+00
8.20992800e-06,1.77704790e+00
8.21002800e-06,1.77529345e+00
8.21012800e-06,1.77339902e+00
8.21022800e-06,1.77133593e+00
8.21032800e-06,1.76910020e+00
8.21042800e-06,1.76665845e+00
8.21052800e-06,1.76400099e+00
8.21062800e-06,1.76108757e+00
8.21072800e-06,1.75790000e+00
8.21082800e-06,1.75438760e+00
8.21092800e-06,1.75051900e+00
8.21102800e-06,1.74622678e+00
8.21112800e-06,1.74145772e+00
8.21122800e-06,1.73611562e+00
8.21132800e-06,1.73010811e+00
8.21142800e-06,1.72328463e+00
8.21152800e-06,1.71547454e+00
8.21162800e-06,1.70641101e+00
8.21172800e-06,1.69574278e+00
8.21182800e-06,1.68291094e+00
8.21192800e-06,1.66707113e+00
8.21202800e-06,1.64682072e+00
8.21212800e-06,1.61998796e+00
8.21222800e-06,1.58387516e+00
8.21232800e-06,1.53707005e+00
8.21242800e-06,1.48073905e+00
8.21252800e-06,1.41724265e+00
8.21262800e-06,1.34835565e+00
8.21272800e-06,1.27522296e+00
8.21282800e-06,1.19883054e+00
8.21292800e-06,1.12066629e+00
8.21302800e-06,1.04346232e+00
8.21312800e-06,9.72091249e-01
8.21322800e-06,9.12879880e-01
8.21332800e-06,8.69152685e-01
8.21342800e-06,8.36095378e-01
8.21352800e-06,8.06596855e-01
8.21362800e-06,7.78532259e-01
8.21372800e-06,7.51514901e-01
8.21382800e-06,7.25160936e-01
8.21392800e-06,6.99845548e-01
8.21402800e-06,6.75949360e-01
8.21412800e-06,6.53849457e-01
8.21422800e-06,6.33833596e-01
8.21432800e-06,6.16337613e-01
8.21442800e-06,6.02828107e-01
8.21452800e-06,5.96215637e-01
8.21462800e-06,5.96511914e-01
8.21472800e-06,6.00046725e-01
8.21482800e-06,6.03516322e-01
8.21492800e-06,6.06178602e-01
8.21502800e-06,6.08095146e-01
8.21512800e-06,6.09303848e-01
8.21522800e-06,6.09836152e-01
8.21532800e-06,6.09747559e-01
8.21542800e-06,6.09080449e-01
8.21552800e-06,6.07908439e-01
8.21562800e-06,6.06298771e-01
8.21572800e-06,6.04339906e-01
8.21582800e-06,6.02101546e-01
8.21592800e-06,5.99662491e-01
8.21602800e-06,5.97076276e-01
8.21612800e-06,5.94402333e-01
8.21622800e-06,5.91674943e-01
8.21632800e-06,5.88935552e-01
8.21642800e-06,5.86202733e-01
8.21652800e-06,5.83504491e-01
8.21662800e-06,5.80848287e-01
8.21672800e-06,5.78253019e-01
8.21682800e-06,5.75718825e-01
8.21692800e-06,5.73258754e-01
8.21702800e-06,5.70868327e-01
8.21712800e-06,5.68556974e-01
8.21722800e-06,5.66317407e-01
8.21732800e-06,5.64156903e-01
8.21742800e-06,5.62066530e-01
8.21752800e-06,5.60052353e-01
8.21762800e-06,5.58104540e-01
8.21772800e-06,5.56228534e-01
8.21782800e-06,5.54414070e-01
8.21792800e-06,5.52666333e-01
8.21802800e-06,5.50974914e-01
8.21812800e-06,5.49344959e-01
8.21822800e-06,5.47766087e-01
8.21832800e-06,5.46243536e-01
8.21842800e-06,5.44767049e-01
8.21852800e-06,5.43342024e-01
8.21862800e-06,5.41958384e-01
8.21872800e-06,5.40621715e-01
8.21882800e-06,5.39322142e-01
8.21892800e-06,5.38065451e-01
8.21902800e-06,5.36841972e-01
8.21912800e-06,5.35657688e-01
8.21922800e-06,5.34503127e-01
8.21932800e-06,5.33384457e-01
8.21942800e-06,5.32292392e-01
8.21952800e-06,5.31233268e-01
8.21962800e-06,5.30197974e-01
8.21972800e-06,5.29192994e-01
8.21982800e-06,5.28209376e-01
8.21992800e-06,5.27253736e-01
8.22002800e-06,5.26317265e-01
8.22012800e-06,5.25406696e-01
8.22022800e-06,5.24513345e-01
8.22032800e-06,5.23644049e-01
8.22042800e-06,5.22790238e-01
8.22052800e-06,5.21958834e-01
8.22062800e-06,5.21141372e-01
8.22072800e-06,5.20344846e-01
8.22082800e-06,5.19560886e-01
8.22092800e-06,5.18796547e-01
8.22102800e-06,5.18043542e-01
8.22112800e-06,5.17308980e-01
8.22122800e-06,5.16584650e-01
8.22132800e-06,5.15877703e-01
8.22142800e-06,5.15179997e-01
8.22152800e-06,5.14498721e-01
8.22162800e-06,5.13825794e-01
8.22172800e-06,5.13168435e-01
8.22182800e-06,5.12518621e-01
8.22192800e-06,5.11883595e-01
8.22202800e-06,5.11255385e-01
8.22212800e-06,5.10641254e-01
8.22222800e-06,5.10033280e-01
8.22232800e-06,5.09438740e-01
8.22242800e-06,5.08849756e-01
8.22252800e-06,5.08273617e-01
8.22262800e-06,5.07702488e-01
8.22272800e-06,5.07143665e-01
8.22282800e-06,5.06589352e-01
8.22292800e-06,5.06046850e-01
8.22302800e-06,5.05508402e-01
8.22312800e-06,5.04981311e-01
8.22322800e-06,5.04457854e-01
8.22332800e-06,5.03945335e-01
8.22342800e-06,5.03436065e-01
8.22352800e-06,5.02937346e-01
8.22362800e-06,5.02441520e-01
8.22372800e-06,5.01955888e-01
8.22382800e-06,5.01472822e-01
8.22392800e-06,5.00999617e-01
8.22402800e-06,5.00528675e-01
8.22412800e-06,5.00067286e-01
8.22422800e-06,4.99607879e-01
8.22432800e-06,4.99157738e-01
8.22442800e-06,4.98709320e-01
8.22452800e-06,4.98269899e-01
8.22462800e-06,4.97831959e-01
8.22472800e-06,4.97402767e-01
8.22482800e-06,4.96974830e-01
8.22492800e-06,4.96555407e-01
8.22502800e-06,4.96137030e-01
8.22512800e-06,4.95726948e-01
8.22522800e-06,4.95317715e-01
8.22532800e-06,4.94916572e-01
8.22542800e-06,4.94516096e-01
8.22552800e-06,4.94123515e-01
8.22562800e-06,4.93731431e-01
8.22572800e-06,4.93347059e-01
8.22582800e-06,4.92963024e-01
8.22592800e-06,4.92586531e-01
8.22602800e-06,4.92210223e-01
8.22612800e-06,4.91841295e-01
8.22622800e-06,4.91472412e-01
8.22632800e-06,4.91110755e-01
8.22642800e-06,4.90749010e-01
8.22652800e-06,4.90394347e-01
8.22662800e-06,4.90039472e-01
8.22672800e-06,4.89691542e-01
8.22682800e-06,4.89343281e-01
8.22692800e-06,4.89001835e-01
8.22702800e-06,4.88659949e-01
8.22712800e-06,4.88324753e-01
8.22722800e-06,4.87989012e-01
8.22732800e-06,4.87659845e-01
8.22742800e-06,4.87330035e-01
8.22752800e-06,4.87006687e-01
8.22762800e-06,4.86682602e-01
8.22772800e-06,4.86364872e-01
8.22782800e-06,4.86046319e-01
8.22792800e-06,4.85734019e-01
8.22802800e-06,4.85420811e-01
8.22812800e-06,4.85113761e-01
8.22822800e-06,4.84805724e-01
8.22832800e-06,4.84503752e-01
8.22842800e-06,4.84200719e-01
8.22852800e-06,4.83903662e-01
8.22862800e-06,4.83605474e-01
8.22872800e-06,4.83313177e-01
8.22882800e-06,4.83019682e-01
8.22892800e-06,4.82731997e-01
8.22902800e-06,4.82443049e-01
8.22912800e-06,4.82159835e-01
8.22922800e-06,4.81875297e-01
8.22932800e-06,4.81596419e-01
8.22942800e-06,4.81316159e-01
8.22952800e-06,4.81041487e-01
8.22962800e-06,4.80765380e-01
8.22972800e-06,4.80494791e-01
8.22982800e-06,4.80222715e-01
8.22992800e-06,4.79956091e-01
8.23002800e-06,4.79687931e-01
8.23012800e-06,4.79425160e-01
8.23022800e-06,4.79160805e-01
8.23032800e-06,4.78901779e-01
8.23042800e-06,4.78641123e-01
8.23052800e-06,4.78385737e-01
8.23062800e-06,4.78128679e-01
8.23072800e-06,4.77876834e-01
8.23082800e-06,4.77623276e-01
8.23092800e-06,4.77374877e-01
8.23102800e-06,4.77124726e-01
8.23112800e-06,4.76879681e-01
8.23122800e-06,4.76632847e-01
8.23132800e-06,4.76391068e-01
8.23142800e-06,4.76147464e-01
8.23152800e-06,4.75908866e-01
8.23162800e-06,4.75668410e-01
8.23172800e-06,4.75432912e-01
8.23182800e-06,4.75195523e-01
8.23192800e-06,4.74963047e-01
8.23202800e-06,4.74728649e-01
8.23212800e-06,4.74499120e-01
8.23222800e-06,4.74267638e-01
8.23232800e-06,4.74040982e-01
8.23242800e-06,4.73812346e-01
8.23252800e-06,4.73588494e-01
8.23262800e-06,4.73362634e-01
8.23272800e-06,4.73141519e-01
8.23282800e-06,4.72918369e-01
8.23292800e-06,4.72699925e-01
8.23302800e-06,4.72479422e-01
8.23312800e-06,4.72263587e-01
8.23322800e-06,4.72045669e-01
8.23332800e-06,4.71832381e-01
8.23342800e-06,4.71616989e-01
8.23352800e-06,4.71406191e-01
8.23362800e-06,4.71193266e-01
8.23372800e-06,4.70984901e-01
8.23382800e-06,4.70774388e-01
8.23392800e-06,4.70568402e-01
8.23402800e-06,4.70360248e-01
8.23412800e-06,4.70156587e-01
8.23422800e-06,4.69950740e-01
8.23432800e-06,4.69749354e-01
8.23442800e-06,4.69545763e-01
8.23452800e-06,4.69346602e-01
8.23462800e-06,4.69145219e-01
8.23472800e-06,4.68948236e-01
8.23482800e-06,4.68749013e-01
8.23492800e-06,4.68554162e-01
8.23502800e-06,4.68357055e-01
8.23512800e-06,4.68164290e-01
8.23522800e-06,4.67969253e-01
8.23532800e-06,4.67778532e-01
8.23542800e-06,4.67585523e-01
8.23552800e-06,4.67396803e-01
8.23562800e-06,4.67205782e-01
8.23572800e-06,4.67019021e-01
8.23582800e-06,4.66829947e-01
8.23592800e-06,4.66645108e-01
8.23602800e-06,4.66457941e-01
8.23612800e-06,4.66274984e-01
8.23622800e-06,4.66089687e-01
8.23632800e-06,4.65908576e-01
8.23642800e-06,4.65725112e-01
8.23652800e-06,4.65545810e-01
8.23662800e-06,4.65364144e-01
8.23672800e-06,4.65186615e-01
8.23682800e-06,4.65006713e-01
8.23692800e-06,4.64830924e-01
8.23702800e-06,4.64652751e-01
8.23712800e-06,4.64478670e-01
8.23722800e-06,4.64302193e-01
8.23732800e-06,4.64129787e-01
8.23742800e-06,4.63954975e-01
8.23752800e-06,4.63784212e-01
8.23762800e-06,4.63611036e-01
8.23772800e-06,4.63441886e-01
8.23782800e-06,4.63270313e-01
8.23792800e-06,4.63102747e-01
8.23802800e-06,4.62932749e-01
8.23812800e-06,4.62766738e-01
8.23822800e-06,4.62598288e-01
8.23832800e-06,4.62433803e-01
8.23842800e-06,4.62266872e-01
8.23852800e-06,4.62103888e-01
8.23862800e-06,4.61938449e-01
8.23872800e-06,4.61776937e-01
8.23882800e-06,4.61612965e-01
8.23892800e-06,4.61452901e-01
8.23902800e-06,4.61290369e-01
8.23912800e-06,4.61131728e-01
8.23922800e-06,4.60970611e-01
8.23932800e-06,4.60813368e-01
8.23942800e-06,4.60653644e-01
8.23952800e-06,4.60497775e-01
8.23962800e-06,4.60339418e-01
8.23972800e-06,4.60184900e-01
8.23982800e-06,4.60027889e-01
8.23992800e-06,4.59874699e-01
8.24002800e-06,4.59719011e-01
8.24012800e-06,4.59567127e-01
8.24022800e-06,4.59412740e-01
8.24032800e-06,4.59262140e-01
8.24042800e-06,4.59109033e-01
8.24052800e-06,4.58959697e-01
8.24062800e-06,4.58807849e-01
8.24072800e-06,4.58659756e-01
8.24082800e-06,4.58509147e-01
8.24092800e-06,4.58362278e-01
8.24102800e-06,4.58212887e-01
8.24112800e-06,4.58067221e-01
8.24122800e-06,4.57919030e-01
8.24132800e-06,4.57774549e-01
8.24142800e-06,4.57627539e-01
8.24152800e-06,4.57484224e-01
8.24162800e-06,4.57338376e-01
8.24172800e-06,4.57196209e-01
8.24182800e-06,4.57051506e-01
8.24192800e-06,4.56910469e-01
8.24202800e-06,4.56766892e-01
8.24212800e-06,4.56626968e-01
8.24222800e-06,4.56484501e-01
8.24232800e-06,4.56345673e-01
8.24242800e-06,4.56204299e-01
8.24252800e-06,4.56066551e-01
8.24262800e-06,4.55926253e-01
8.24272800e-06,4.55789568e-01
8.24282800e-06,4.55650331e-01
8.24292800e-06,4.55514693e-01
8.24302800e-06,4.55376501e-01
8.24312800e-06,4.55241895e-01
8.24322800e-06,4.55104733e-01
8.24332800e-06,4.54971144e-01
8.24342800e-06,4.54834997e-01
8.24352800e-06,4.54702409e-01
8.24362800e-06,4.54567262e-01
8.24372800e-06,4.54435662e-01
8.24382800e-06,4.54301501e-01
8.24392800e-06,4.54170874e-01
8.24402800e-06,4.54037685e-01
8.24412800e-06,4.53908018e-01
8.24422800e-06,4.53775786e-01
8.24432800e-06,4.53647065e-01
8.24442800e-06,4.53515778e-01
8.24452800e-06,4.53387990e-01
8.24462800e-06,4.53257634e-01
8.24472800e-06,4.53130766e-01
8.24482800e-06,4.53001329e-01
8.24492800e-06,4.52875368e-01
8.24502800e-06,4.52746837e-01
8.24512800e-06,4.52621770e-01
8.24522800e-06,4.52494133e-01
8.24532800e-06,4.52369948e-01
8.24542800e-06,4.52243192e-01
8.24552800e-06,4.52119879e-01
8.24562800e-06,4.51993993e-01
8.24572800e-06,4.51871538e-01
8.24582800e-06,4.51746510e-01
8.24592800e-06,4.51624902e-01
8.24602800e-06,4.51500721e-01
8.24612800e-06,4.51379949e-01
8.24622800e-06,4.51256603e-01
8.24632800e-06,4.51136657e-01
8.24642800e-06,4.51014136e-01
8.24652800e-06,4.50895004e-01
8.24662800e-06,4.50773297e-01
8.24672800e-06,4.50654968e-01
8.24682800e-06,4.50534064e-01
8.24692800e-06,4.50416529e-01
8.24702800e-06,4.50296419e-01
8.24712800e-06,4.50179667e-01
8.24722800e-06,4.50060339e-01
8.24732800e-06,4.49944360e-01
8.24742800e-06,4.49825806e-01
8.24752800e-06,4.49710591e-01
8.24762800e-06,4.49592800e-01
8.24772800e-06,4.49478338e-01
8.24782800e-06,4.49361301e-01
8.24792800e-06,4.49247584e-01
8.24802800e-06,4.49131292e-01
8.24812800e-06,4.49018309e-01
8.24822800e-06,4.48902753e-01
8.24832800e-06,4.48790496e-01
8.24842800e-06,4.48675666e-01
8.24852800e-06,4.48564126e-01
8.24862800e-06,4.48450014e-01
8.24872800e-06,4.48339183e-01
8.24882800e-06,4.48225779e-01
8.24892800e-06,4.48115648e-01
8.24902800e-06,4.48002944e-01
8.24912800e-06,4.47893504e-01
8.24922800e-06,4.47781493e-01
8.24932800e-06,4.47672736e-01
8.24942800e-06,4.47561409e-01
8.24952800e-06,4.47453327e-01
8.24962800e-06,4.47342675e-01
8.24972800e-06,4.47235260e-01
8.24982800e-06,4.47125276e-01
8.24992800e-06,4.47018520e-01
8.25002800e-06,4.46909196e-01
8.25012800e-06,4.46803092e-01
8.25022800e-06,4.46694421e-01
8.25032800e-06,4.46588960e-01
8.25042800e-06,4.46480934e-01
8.25052800e-06,4.46376109e-01
8.25062800e-06,4.46268720e-01
8.25072800e-06,4.46164525e-01
8.25082800e-06,4.46057767e-01
8.25092800e-06,4.45954193e-01
8.25102800e-06,4.45848058e-01
8.25112800e-06,4.45745100e-01
8.25122800e-06,4.45639580e-01
8.25132800e-06,4.45537230e-01
8.25142800e-06,4.45432319e-01
8.25152800e-06,4.45330570e-01
8.25162800e-06,4.45226263e-01
8.25172800e-06,4.45125108e-01
8.25182800e-06,4.45021396e-01
8.25192800e-06,4.44920829e-01
8.25202800e-06,4.44817706e-01
8.25212800e-06,4.44717721e-01
8.25222800e-06,4.44615181e-01
8.25232800e-06,4.44515770e-01
8.25242800e-06,4.44413807e-01
8.25252800e-06,4.44314965e-01
8.25262800e-06,4.44213572e-01
8.25272800e-06,4.44115293e-01
8.25282800e-06,4.44014464e-01
8.25292800e-06,4.43916741e-01
8.25302800e-06,4.43816470e-01
8.25312800e-06,4.43719298e-01
8.25322800e-06,4.43619579e-01
8.25332800e-06,4.43522951e-01
8.25342800e-06,4.43423779e-01
8.25352800e-06,4.43327690e-01
8.25362800e-06,4.43229058e-01
8.25372800e-06,4.43133503e-01
8.25382800e-06,4.43035406e-01
8.25392800e-06,4.42940378e-01
8.25402800e-06,4.42842810e-01
8.25412800e-06,4.42748305e-01
8.25422800e-06,4.42651261e-01
8.25432800e-06,4.42557272e-01
8.25442800e-06,4.42460747e-01
8.25452800e-06,4.42367269e-01
8.25462800e-06,4.42271257e-01
8.25472800e-06,4.42178285e-01
8.25482800e-06,4.42082781e-01
8.25492800e-06,4.41990311e-01
8.25502800e-06,4.41895310e-01
8.25512800e-06,4.41803334e-01
8.25522800e-06,4.41708831e-01
8.25532800e-06,4.41617347e-01
8.25542800e-06,4.41523337e-01
8.25552800e-06,4.41432338e-01
8.25562800e-06,4.41338816e-01
8.25572800e-06,4.41248298e-01
8.25582800e-06,4.41155259e-01
8.25592800e-06,4.41065218e-01
8.25602800e-06,4.40972657e-01
8.25612800e-06,4.40883087e-01
8.25622800e-06,4.40790999e-01
8.25632800e-06,4.40701896e-01
8.25642800e-06,4.40610278e-01
8.25652800e-06,4.40521637e-01
8.25662800e-06,4.40430483e-01
8.25672800e-06,4.40342300e-01
8.25682800e-06,4.40251606e-01
8.25692800e-06,4.40163876e-01
8.25702800e-06,4.40073638e-01
8.25712800e-06,4.39986357e-01
8.25722800e-06,4.39896569e-01
8.25732800e-06,4.39809733e-01
8.25742800e-06,4.39720393e-01
8.25752800e-06,4.39633997e-01
8.25762800e-06,4.39545099e-01
8.25772800e-06,4.39459139e-01
8.25782800e-06,4.39370680e-01
8.25792800e-06,4.39285152e-01
8.25802800e-06,4.39197127e-01
8.25812800e-06,4.39112027e-01
8.25822800e-06,4.39024432e-01
8.25832800e-06,4.38939757e-01
8.25842800e-06,4.38852588e-01
8.25852800e-06,4.38768332e-01
8.25862800e-06,4.38681586e-01
8.25872800e-06,4.38597746e-01
8.25882800e-06,4.38511418e-01
8.25892800e-06,4.38427991e-01
8.25902800e-06,4.38342078e-01
8.25912800e-06,4.38259059e-01
8.25922800e-06,4.38173556e-01
8.25932800e-06,4.38090942e-01
8.25942800e-06,4.38005847e-01
8.25952800e-06,4.37923633e-01
8.25962800e-06,4.37838942e-01
8.25972800e-06,4.37757125e-01
8.25982800e-06,4.37672833e-01
8.25992800e-06,4.37591411e-01
8.26002800e-06,4.37507515e-01
8.26012800e-06,4.37426483e-01
8.26022800e-06,4.37342980e-01
8.26032800e-06,4.37262335e-01
8.26042800e-06,4.37179221e-01
8.26052800e-06,4.37098959e-01
8.26062800e-06,4.37016231e-01
8.26072800e-06,4.36936348e-01
8.26082800e-06,4.36854003e-01
8.26092800e-06,4.36774497e-01
8.26102800e-06,4.36692531e-01
8.26112800e-06,4.36613398e-01
8.26122800e-06,4.36531807e-01
8.26132800e-06,4.36453044e-01
8.26142800e-06,4.36371826e-01
8.26152800e-06,4.36293430e-01
8.26162800e-06,4.36212581e-01
8.26172800e-06,4.36134549e-01
8.26182800e-06,4.36054066e-01
8.26192800e-06,4.35976394e-01
8.26202800e-06,4.35896274e-01
8.26212800e-06,4.35818959e-01
8.26222800e-06,4.35739199e-01
8.26232800e-06,4.35662238e-01
8.26242800e-06,4.35582836e-01
8.26252800e-06,4.35506226e-01
8.26262800e-06,4.35427177e-01
8.26272800e-06,4.35350915e-01
8.26282800e-06,4.35272218e-01
8.26292800e-06,4.35196301e-01
8.26302800e-06,4.35117951e-01
8.26312800e-06,4.35042377e-01
8.26322800e-06,4.34964372e-01
8.26332800e-06,4.34889138e-01
8.26342800e-06,4.34811475e-01
8.26352800e-06,4.34736577e-01
8.26362800e-06,4.34659254e-01
8.26372800e-06,4.34584689e-01
8.26382800e-06,4.34507703e-01
8.26392800e-06,4.34433470e-01
8.26402800e-06,4.34356817e-01
8.26412800e-06,4.34282912e-01
8.26422800e-06,4.34206590e-01
8.26432800e-06,4.34133011e-01
8.26442800e-06,4.34057018e-01
8.26452800e-06,4.33983761e-01
8.26462800e-06,4.33908094e-01
8.26472800e-06,4.33835158e-01
8.26482800e-06,4.33759814e-01
8.26492800e-06,4.33687195e-01
8.26502800e-06,4.33612172e-01
8.26512800e-06,4.33539869e-01
8.26522800e-06,4.33465163e-01
8.26532800e-06,4.33393173e-01
8.26542800e-06,4.33318782e-01
8.26552800e-06,4.33247102e-01
8.26562800e-06,4.33173025e-01
8.26572800e-06,4.33101652e-01
8.26582800e-06,4.33027885e-01
8.26592800e-06,4.32956818e-01
8.26602800e-06,4.32883359e-01
8.26612800e-06,4.32812595e-01
8.26622800e-06,4.32739442e-01
8.26632800e-06,4.32668978e-01
8.26642800e-06,4.32596128e-01
8.26652800e-06,4.32525962e-01
8.26662800e-06,4.32453413e-01
8.26672800e-06,4.32383542e-01
8.26682800e-06,4.32311292e-01
8.26692800e-06,4.32241715e-01
8.26702800e-06,4.32169762e-01
8.26712800e-06,4.32100476e-01
8.26722800e-06,4.32028816e-01
8.26732800e-06,4.31959819e-01
8.26742800e-06,4.31888451e-01
8.26752800e-06,4.31819740e-01
8.26762800e-06,4.31748662e-01
8.26772800e-06,4.31680236e-01
8.26782800e-06,4.31609445e-01
8.26792800e-06,4.31541302e-01
8.26802800e-06,4.31470796e-01
8.26812800e-06,4.31402932e-01
8.26822800e-06,4.31332710e-01
8.26832800e-06,4.31265124e-01
8.26842800e-06,4.31195183e-01
8.26852800e-06,4.31127873e-01
8.26862800e-06,4.31058210e-01
8.26872800e-06,4.30991174e-01
8.26882800e-06,4.30921788e-01
8.26892800e-06,4.30855024e-01
8.26902800e-06,4.30785913e-01
8.26912800e-06,4.30719419e-01
8.26922800e-06,4.30650580e-01
8.26932800e-06,4.30584354e-01
8.26942800e-06,4.30515786e-01
8.26952800e-06,4.30449825e-01
8.26962800e-06,4.30381526e-01
8.26972800e-06,4.30315829e-01
8.26982800e-06,4.30247797e-01
8.26992800e-06,4.30182362e-01
8.27002800e-06,4.30114595e-01
8.27012800e-06,4.30049419e-01
8.27022800e-06,4.29981915e-01
8.27032800e-06,4.29916998e-01
8.27042800e-06,4.29849754e-01
8.27052800e-06,4.29785093e-01
8.27062800e-06,4.29718109e-01
8.27072800e-06,4.29653702e-01
8.27082800e-06,4.29586976e-01
8.27092800e-06,4.29522821e-01
8.27102800e-06,4.29456350e-01
8.27112800e-06,4.29392446e-01
8.27122800e-06,4.29326228e-01
8.27132800e-06,4.29262573e-01
8.27142800e-06,4.29196608e-01
8.27152800e-06,4.29133200e-01
8.27162800e-06,4.29067484e-01
8.27172800e-06,4.29004322e-01
8.27182800e-06,4.28938854e-01
8.27192800e-06,4.28875935e-01
8.27202800e-06,4.28810715e-01
8.27212800e-06,4.28748037e-01
8.27222800e-06,4.28683062e-01
8.27232800e-06,4.28620624e-01
8.27242800e-06,4.28555892e-01
8.27252800e-06,4.28493693e-01
8.27262800e-06,4.28429202e-01
8.27272800e-06,4.28367240e-01
8.27282800e-06,4.28302989e-01
8.27292800e-06,4.28241262e-01
8.27302800e-06,4.28177249e-01
8.27312800e-06,4.28115756e-01
8.27322800e-06,4.28051979e-01
8.27332800e-06,4.27990718e-01
8.27342800e-06,4.27927176e-01
8.27352800e-06,4.27866145e-01
8.27362800e-06,4.27802837e-01
8.27372800e-06,4.27742034e-01
8.27382800e-06,4.27678958e-01
8.27392800e-06,4.27618383e-01
8.27402800e-06,4.27555537e-01
8.27412800e-06,4.27495187e-01
8.27422800e-06,4.27432569e-01
8.27432800e-06,4.27372443e-01
8.27442800e-06,4.27310053e-01
8.27452800e-06,4.27250149e-01
8.27462800e-06,4.27187985e-01
8.27472800e-06,4.27128302e-01
8.27482800e-06,4.27066362e-01
8.27492800e-06,4.27006899e-01
8.27502800e-06,4.26945181e-01
8.27512800e-06,4.26885936e-01
8.27522800e-06,4.26824439e-01
8.27532800e-06,4.26765411e-01
8.27542800e-06,4.26704133e-01
8.27552800e-06,4.26645320e-01
8.27562800e-06,4.26584261e-01
8.27572800e-06,4.26525662e-01
8.27582800e-06,4.26464820e-01
8.27592800e-06,4.26406432e-01
8.27602800e-06,4.26345806e-01
8.27612800e-06,4.26287629e-01
8.27622800e-06,4.26227216e-01
8.27632800e-06,4.26169249e-01
8.27642800e-06,4.26109049e-01
8.27652800e-06,4.26051290e-01
8.27662800e-06,4.25991302e-01
8.27672800e-06,4.25933749e-01
8.27682800e-06,4.25873970e-01
8.27692800e-06,4.25816624e-01
8.27702800e-06,4.25757053e-01
8.27712800e-06,4.25699910e-01
8.27722800e-06,4.25640547e-01
8.27732800e-06,4.25583607e-01
8.27742800e-06,4.25524450e-01
8.27752800e-06,4.25467711e-01
8.27762800e-06,4.25408759e-01
8.27772800e-06,4.25352220e-01
8.27782800e-06,4.25293471e-01
8.27792800e-06,4.25237131e-01
8.27802800e-06,4.25178584e-01
8.27812800e-06,4.25122441e-01
8.27822800e-06,4.25064095e-01
8.27832800e-06,4.25008149e-01
8.27842800e-06,4.24950002e-01
8.27852800e-06,4.24894251e-01
8.27862800e-06,4.24836302e-01
8.27872800e-06,4.24780745e-01
8.27882800e-06,4.24722993e-01
8.27892800e-06,4.24667628e-01
8.27902800e-06,4.24610072e-01
8.27912800e-06,4.24554899e-01
8.27922800e-06,4.24497537e-01
8.27932800e-06,4.24442554e-01
8.27942800e-06,4.24385386e-01
8.27952800e-06,4.24330592e-01
8.27962800e-06,4.24273615e-01
8.27972800e-06,4.24219009e-01
8.27982800e-06,4.24162224e-01
8.27992800e-06,4.24107805e-01
8.28002800e-06,4.24051209e-01
8.28012800e-06,4.23996975e-01
8.28022800e-06,4.23940568e-01
8.28032800e-06,4.23886519e-01
8.28042800e-06,4.23830299e-01
8.28052800e-06,4.23776433e-01
8.28062800e-06,4.23720400e-01
8.28072800e-06,4.23666715e-01
8.28082800e-06,4.23610867e-01
8.28092800e-06,4.23557364e-01
8.28102800e-06,4.23501700e-01
8.28112800e-06,4.23448376e-01
8.28122800e-06,4.23392896e-01
8.28132800e-06,4.23339751e-01
8.28142800e-06,4.23284452e-01
8.28152800e-06,4.23231485e-01
8.28162800e-06,4.23176367e-01
8.28172800e-06,4.23123576e-01
8.28182800e-06,4.23068638e-01
8.28192800e-06,4.23016023e-01
8.28202800e-06,4.22961263e-01
8.28212800e-06,4.22908823e-01
8.28222800e-06,4.22854241e-01
8.28232800e-06,4.22801973e-01
8.28242800e-06,4.22747568e-01
8.28252800e-06,4.22695473e-01
8.28262800e-06,4.22641243e-01
8.28272800e-06,4.22589320e-01
8.28282800e-06,4.22535264e-01
8.28292800e-06,4.22483511e-01
8.28302800e-06,4.22429629e-01
8.28312800e-06,4.22378045e-01
8.28322800e-06,4.22324336e-01
8.28332800e-06,4.22272920e-01
8.28342800e-06,4.22219382e-01
8.28352800e-06,4.22168134e-01
8.28362800e-06,4.22114767e-01
8.28372800e-06,4.22063684e-01
8.28382800e-06,4.22010487e-01
8.28392800e-06,4.21959570e-01
8.28402800e-06,4.21906541e-01
8.28412800e-06,4.21855788e-01
8.28422800e-06,4.21802927e-01
8.28432800e-06,4.21752338e-01
8.28442800e-06,4.21699642e-01
8.28452800e-06,4.21649216e-01
8.28462800e-06,4.21596686e-01
8.28472800e-06,4.21546421e-01
8.28482800e-06,4.21494057e-01
8.28492800e-06,4.21443952e-01
8.28502800e-06,4.21391751e-01
8.28512800e-06,4.21341806e-01
8.28522800e-06,4.21289768e-01
8.28532800e-06,4.21239982e-01
8.28542800e-06,4.21188106e-01
8.28552800e-06,4.21138478e-01
8.28562800e-06,4.21086763e-01
8.28572800e-06,4.21037291e-01
8.28582800e-06,4.20985736e-01
8.28592800e-06,4.20936421e-01
8.28602800e-06,4.20885025e-01
8.28612800e-06,4.20835865e-01
8.28622800e-06,4.20784627e-01
8.28632800e-06,4.20735621e-01
8.28642800e-06,4.20684541e-01
8.28652800e-06,4.20635689e-01
8.28662800e-06,4.20584765e-01
8.28672800e-06,4.20536065e-01
8.28682800e-06,4.20485297e-01
8.28692800e-06,4.20436749e-01
8.28702800e-06,4.20386136e-01
8.28712800e-06,4.20337738e-01
8.28722800e-06,4.20287279e-01
8.28732800e-06,4.20239032e-01
8.28742800e-06,4.20188726e-01
8.28752800e-06,4.20140627e-01
8.28762800e-06,4.20090474e-01
8.28772800e-06,4.20042524e-01
8.28782800e-06,4.19992522e-01
8.28792800e-06,4.19944719e-01
8.28802800e-06,4.19894867e-01
8.28812800e-06,4.19847211e-01
8.28822800e-06,4.19797510e-01
8.28832800e-06,4.19749999e-01
8.28842800e-06,4.19700447e-01
8.28852800e-06,4.19653082e-01
8.28862800e-06,4.19603677e-01
8.28872800e-06,4.19556456e-01
8.28882800e-06,4.19507199e-01
8.28892800e-06,4.19460122e-01
8.28902800e-06,4.19411011e-01
8.28912800e-06,4.19364077e-01
8.28922800e-06,4.19315112e-01
8.28932800e-06,4.19268319e-01
8.28942800e-06,4.19219500e-01
8.28952800e-06,4.19172848e-01
8.28962800e-06,4.19124173e-01
8.28972800e-06,4.19077661e-01
8.28982800e-06,4.19029129e-01
8.28992800e-06,4.18982757e-01
8.29002800e-06,4.18934369e-01
8.29012800e-06,4.18888135e-01
8.29022800e-06,4.18839889e-01
8.29032800e-06,4.18793793e-01
8.29042800e-06,4.18745688e-01
8.29052800e-06,4.18699730e-01
8.29062800e-06,4.18651765e-01
8.29072800e-06,4.18605944e-01
8.29082800e-06,4.18558119e-01
8.29092800e-06,4.18512433e-01
8.29102800e-06,4.18464747e-01
8.29112800e-06,4.18419197e-01
8.29122800e-06,4.18371649e-01
8.29132800e-06,4.18326233e-01
8.29142800e-06,4.18278823e-01
8.29152800e-06,4.18233541e-01
8.29162800e-06,4.18186268e-01
8.29172800e-06,4.18141119e-01
8.29182800e-06,4.18093981e-01
8.29192800e-06,4.18048965e-01
8.29202800e-06,4.18001963e-01
8.29212800e-06,4.17957078e-01
8.29222800e-06,4.17910211e-01
8.29232800e-06,4.17865457e-01
8.29242800e-06,4.17818724e-01
8.29252800e-06,4.17774100e-01
8.29262800e-06,4.17727500e-01
8.29272800e-06,4.17683006e-01
8.29282800e-06,4.17636539e-01
8.29292800e-06,4.17592173e-01
8.29302800e-06,4.17545839e-01
8.29312800e-06,4.17501601e-01
8.29322800e-06,4.17455398e-01
8.29332800e-06,4.17411288e-01
8.29342800e-06,4.17365216e-01
8.29352800e-06,4.17321233e-01
8.29362800e-06,4.17275290e-01
8.29372800e-06,4.17231433e-01
8.29382800e-06,4.17185620e-01
8.29392800e-06,4.17141889e-01
8.29402800e-06,4.17096204e-01
8.29412800e-06,4.17052598e-01
8.29422800e-06,4.17007042e-01
8.29432800e-06,4.16963560e-01
8.29442800e-06,4.16918131e-01
8.29452800e-06,4.16874773e-01
8.29462800e-06,4.16829470e-01
8.29472800e-06,4.16786235e-01
8.29482800e-06,4.16741059e-01
8.29492800e-06,4.16698251e-01
8.29502800e-06,4.16653506e-01
8.29512800e-06,4.16610818e-01
8.29522800e-06,4.16566197e-01
8.29532800e-06,4.16523628e-01
8.29542800e-06,4.16479129e-01
8.29552800e-06,4.16436680e-01
8.29562800e-06,4.16392303e-01
8.29572800e-06,4.16349972e-01
8.29582800e-06,4.16305717e-01
8.29592800e-06,4.16263504e-01
8.29602800e-06,4.16219369e-01
8.29612800e-06,4.16177274e-01
8.29622800e-06,4.16133260e-01
8.29632800e-06,4.16091281e-01
8.29642800e-06,4.16047387e-01
8.29652800e-06,4.16005524e-01
8.29662800e-06,4.15961750e-01
8.29672800e-06,4.15920003e-01
8.29682800e-06,4.15876347e-01
8.29692800e-06,4.15834715e-01
8.29702800e-06,4.15791177e-01
8.29712800e-06,4.15749659e-01
8.29722800e-06,4.15706239e-01
8.29732800e-06,4.15664835e-01
8.29742800e-06,4.15621532e-01
8.29752800e-06,4.15580242e-01
8.29762800e-06,4.15537055e-01
8.29772800e-06,4.15495877e-01
8.29782800e-06,4.15452806e-01
8.29792800e-06,4.15411741e-01
8.29802800e-06,4.15368786e-01
8.29812800e-06,4.15327832e-01
8.29822800e-06,4.15284991e-01
8.29832800e-06,4.15244149e-01
8.29842800e-06,4.15201422e-01
8.29852800e-06,4.15160690e-01
8.29862800e-06,4.15118077e-01
8.29872800e-06,4.15077456e-01
8.29882800e-06,4.15034956e-01
8.29892800e-06,4.14994444e-01
8.29902800e-06,4.14952057e-01
8.29912800e-06,4.14911653e-01
8.29922800e-06,4.14869378e-01
8.29932800e-06,4.14829084e-01
8.29942800e-06,4.14786920e-01
8.29952800e-06,4.14746733e-01
8.29962800e-06,4.14704681e-01
8.29972800e-06,4.14664602e-01
8.29982800e-06,4.14622660e-01
8.29992800e-06,4.14582687e-01
8.30002800e-06,4.14540856e-01
8.30012800e-06,4.14500990e-01
8.30022800e-06,4.14459268e-01
8.30032800e-06,4.14419507e-01
8.30042800e-06,4.14377894e-01
8.30052800e-06,4.14338239e-01
8.30062800e-06,4.14296735e-01
8.30072800e-06,4.14257185e-01
8.30082800e-06,4.14215788e-01
8.30092800e-06,4.14176342e-01
8.30102800e-06,4.14135053e-01
8.30112800e-06,4.14095712e-01
8.30122800e-06,4.14054530e-01
8.30132800e-06,4.14015291e-01
8.30142800e-06,4.13974216e-01
8.30152800e-06,4.13935080e-01
8.30162800e-06,4.13894111e-01
8.30172800e-06,4.13855078e-01
8.30182800e-06,4.13814214e-01
8.30192800e-06,4.13775283e-01
8.30202800e-06,4.13734524e-01
8.30212800e-06,4.13695695e-01
8.30222800e-06,4.13655041e-01
8.30232800e-06,4.13616312e-01
8.30242800e-06,4.13575762e-01
8.30252800e-06,4.13537134e-01
8.30262800e-06,4.13496688e-01
8.30272800e-06,4.13458159e-01
8.30282800e-06,4.13417816e-01
8.30292800e-06,4.13379388e-01
8.30302800e-06,4.13339148e-01
8.30312800e-06,4.13300818e-01
8.30322800e-06,4.13260680e-01
8.30332800e-06,4.13222449e-01
8.30342800e-06,4.13182413e-01
8.30352800e-06,4.13144281e-01
8.30362800e-06,4.13104346e-01
8.30372800e-06,4.13066311e-01
8.30382800e-06,4.13026477e-01
8.30392800e-06,4.12988540e-01
8.30402800e-06,4.12948806e-01
8.30412800e-06,4.12910966e-01
8.30422800e-06,4.12871332e-01
8.30432800e-06,4.12833588e-01
8.30442800e-06,4.12794054e-01
8.30452800e-06,4.12756406e-01
8.30462800e-06,4.12716971e-01
8.30472800e-06,4.12679419e-01
8.30482800e-06,4.12640083e-01
8.30492800e-06,4.12602625e-01
8.30502800e-06,4.12563387e-01
8.30512800e-06,4.12526025e-01
8.30522800e-06,4.12486885e-01
8.30532800e-06,4.12449616e-01
8.30542800e-06,4.12410574e-01
8.30552800e-06,4.12373399e-01
8.30562800e-06,4.12334453e-01
8.30572800e-06,4.12297372e-01
8.30582800e-06,4.12258523e-01
8.30592800e-06,4.12221535e-01
8.30602800e-06,4.12182782e-01
8.30612800e-06,4.12145886e-01
8.30622800e-06,4.12107229e-01
8.30632800e-06,4.12070426e-01
8.30642800e-06,4.12031863e-01
8.30652800e-06,4.11995152e-01
8.30662800e-06,4.11956685e-01
8.30672800e-06,4.11920064e-01
8.30682800e-06,4.11881691e-01
8.30692800e-06,4.11845162e-01
8.30702800e-06,4.11806883e-01
8.30712800e-06,4.11770445e-01
8.30722800e-06,4.11732260e-01
8.30732800e-06,4.11695911e-01
8.30742800e-06,4.11657819e-01
8.30752800e-06,4.11621561e-01
8.30762800e-06,4.11583561e-01
8.30772800e-06,4.11547392e-01
8.30782800e-06,4.11509485e-01
8.30792800e-06,4.11473405e-01
8.30802800e-06,4.11435590e-01
8.30812800e-06,4.11399598e-01
8.30822800e-06,4.11361875e-01
8.30832800e-06,4.11325972e-01
8.30842800e-06,4.11288340e-01
8.30852800e-06,4.11252524e-01
8.30862800e-06,4.11214983e-01
8.30872800e-06,4.11179255e-01
8.30882800e-06,4.11141804e-01
8.30892800e-06,4.11106163e-01
8.30902800e-06,4.11068802e-01
8.30912800e-06,4.11033248e-01
8.30922800e-06,4.10995977e-01
8.30932800e-06,4.10960509e-01
8.30942800e-06,4.10923327e-01
8.30952800e-06,4.10887945e-01
8.30962800e-06,4.10850852e-01
8.30972800e-06,4.10815555e-01
8.30982800e-06,4.10778552e-01
8.30992800e-06,4.10743340e-01
8.31002800e-06,4.10706424e-01
8.31012800e-06,4.10671297e-01
8.31022800e-06,4.10634470e-01
8.31032800e-06,4.10599427e-01
8.31042800e-06,4.10562687e-01
8.31052800e-06,4.10527728e-01
8.31062800e-06,4.10491075e-01
8.31072800e-06,4.10456200e-01
8.31082800e-06,4.10419634e-01
8.31092800e-06,4.10384843e-01
8.31102800e-06,4.10348363e-01
8.31112800e-06,4.10313654e-01
8.31122800e-06,4.10277260e-01
8.31132800e-06,4.10242635e-01
8.31142800e-06,4.10206327e-01
8.31152800e-06,4.10171783e-01
8.31162800e-06,4.10135560e-01
8.31172800e-06,4.10101099e-01
8.31182800e-06,4.10064961e-01
8.31192800e-06,4.10030581e-01
8.31202800e-06,4.09994528e-01
8.31212800e-06,4.09960229e-01
8.31222800e-06,4.09924260e-01
8.31232800e-06,4.09890042e-01
8.31242800e-06,4.09854157e-01
8.31252800e-06,4.09820020e-01
8.31262800e-06,4.09784218e-01
8.31272800e-06,4.09750162e-01
8.31282800e-06,4.09714443e-01
8.31292800e-06,4.09680466e-01
8.31302800e-06,4.09644831e-01
8.31312800e-06,4.09610934e-01
8.31322800e-06,4.09575381e-01
8.31332800e-06,4.09541563e-01
8.31342800e-06,4.09506092e-01
8.31352800e-06,4.09472353e-01
8.31362800e-06,4.09436964e-01
8.31372800e-06,4.09403304e-01
8.31382800e-06,4.09367997e-01
8.31392800e-06,4.09334414e-01
8.31402800e-06,4.09299189e-01
8.31412800e-06,4.09265684e-01
8.31422800e-06,4.09230539e-01
8.31432800e-06,4.09197112e-01
8.31442800e-06,4.09162048e-01
8.31452800e-06,4.09128698e-01
8.31462800e-06,4.09093714e-01
8.31472800e-06,4.09060442e-01
8.31482800e-06,4.09025538e-01
8.31492800e-06,4.08992342e-01
8.31502800e-06,4.08957517e-01
8.31512800e-06,4.08924397e-01
8.31522800e-06,4.08889653e-01
8.31532800e-06,4.08856609e-01
8.31542800e-06,4.08821943e-01
8.31552800e-06,4.08788975e-01
8.31562800e-06,4.08754388e-01
8.31572800e-06,4.08721495e-01
8.31582800e-06,4.08686986e-01
8.31592800e-06,4.08654168e-01
8.31602800e-06,4.08619738e-01
8.31612800e-06,4.08586995e-01
8.31622800e-06,4.08552642e-01
8.31632800e-06,4.08519973e-01
8.31642800e-06,4.08485698e-01
8.31652800e-06,4.08453104e-01
8.31662800e-06,4.08418906e-01
8.31672800e-06,4.08386385e-01
8.31682800e-06,4.08352264e-01
8.31692800e-06,4.08319817e-01
8.31702800e-06,4.08285772e-01
8.31712800e-06,4.08253398e-01
8.31722800e-06,4.08219430e-01
8.31732800e-06,4.08187129e-01
8.31742800e-06,4.08153237e-01
8.31752800e-06,4.08121009e-01
8.31762800e-06,4.08087192e-01
8.31772800e-06,4.08055036e-01
8.31782800e-06,4.08021295e-01
8.31792800e-06,4.07989211e-01
8.31802800e-06,4.07955545e-01
8.31812800e-06,4.07923533e-01
8.31822800e-06,4.07889942e-01
8.31832800e-06,4.07858002e-01
8.31842800e-06,4.07824485e-01
8.31852800e-06,4.07792616e-01
8.31862800e-06,4.07759173e-01
8.31872800e-06,4.07727375e-01
8.31882800e-06,4.07694006e-01
8.31892800e-06,4.07662279e-01
8.31902800e-06,4.07628983e-01
8.31912800e-06,4.07597326e-01
8.31922800e-06,4.07564104e-01
8.31932800e-06,4.07532518e-01
8.31942800e-06,4.07499369e-01
8.31952800e-06,4.07467852e-01
8.31962800e-06,4.07434776e-01
8.31972800e-06,4.07403328e-01
8.31982800e-06,4.07370325e-01
8.31992800e-06,4.07338947e-01
8.32002800e-06,4.07306016e-01
8.32012800e-06,4.07274706e-01
8.32022800e-06,4.07241847e-01
8.32032800e-06,4.07210607e-01
8.32042800e-06,4.07177819e-01
8.32052800e-06,4.07146647e-01
8.32062800e-06,4.07113931e-01
8.32072800e-06,4.07082828e-01
8.32082800e-06,4.07050183e-01
8.32092800e-06,4.07019147e-01
8.32102800e-06,4.06986573e-01
8.32112800e-06,4.06955605e-01
8.32122800e-06,4.06923101e-01
8.32132800e-06,4.06892201e-01
8.32142800e-06,4.06859768e-01
8.32152800e-06,4.06828934e-01
8.32162800e-06,4.06796571e-01
8.32172800e-06,4.06765805e-01
8.32182800e-06,4.06733512e-01
8.32192800e-06,4.06702812e-01
8.32202800e-06,4.06670588e-01
8.32212800e-06,4.06639954e-01
8.32222800e-06,4.06607800e-01
8.32232800e-06,4.06577233e-01
8.32242800e-06,4.06545148e-01
8.32252800e-06,4.06514646e-01
8.32262800e-06,4.06482630e-01
8.32272800e-06,4.06452194e-01
8.32282800e-06,4.06420246e-01
8.32292800e-06,4.06389875e-01
8.32302800e-06,4.06357995e-01
8.32312800e-06,4.06327690e-01
8.32322800e-06,4.06295878e-01
8.32332800e-06,4.06265638e-01
8.32342800e-06,4.06233894e-01
8.32352800e-06,4.06203718e-01
8.32362800e-06,4.06172042e-01
8.32372800e-06,4.06141930e-01
8.32382800e-06,4.06110321e-01
8.32392800e-06,4.06080274e-01
8.32402800e-06,4.06048732e-01
8.32412800e-06,4.06018748e-01
8.32422800e-06,4.05987273e-01
8.32432800e-06,4.05957353e-01
8.32442800e-06,4.05925944e-01
8.32452800e-06,4.05896088e-01
8.32462800e-06,4.05864746e-01
8.32472800e-06,4.05834952e-01
8.32482800e-06,4.05803676e-01
8.32492800e-06,4.05773945e-01
8.32502800e-06,4.05742735e-01
8.32512800e-06,4.05713067e-01
8.32522800e-06,4.05681923e-01
8.32532800e-06,4.05652317e-01
8.32542800e-06,4.05621238e-01
8.32552800e-06,4.05591694e-01
8.32562800e-06,4.05560680e-01
8.32572800e-06,4.05531199e-01
8.32582800e-06,4.05500249e-01
8.32592800e-06,4.05470830e-01
8.32602800e-06,4.05439945e-01
8.32612800e-06,4.05410587e-01
8.32622800e-06,4.05379767e-01
8.32632800e-06,4.05350470e-01
8.32642800e-06,4.05319714e-01
8.32652800e-06,4.05290478e-01
8.32662800e-06,4.05259786e-01
8.32672800e-06,4.05230611e-01
8.32682800e-06,4.05199983e-01
8.32692800e-06,4.05170868e-01
8.32702800e-06,4.05140303e-01
8.32712800e-06,4.05111250e-01
8.32722800e-06,4.05080748e-01
8.32732800e-06,4.05051754e-01
8.32742800e-06,4.05021315e-01
8.32752800e-06,4.04992382e-01
8.32762800e-06,4.04962006e-01
8.32772800e-06,4.04933132e-01
8.32782800e-06,4.04902818e-01
8.32792800e-06,4.04874004e-01
8.32802800e-06,4.04843753e-01
8.32812800e-06,4.04814997e-01
8.32822800e-06,4.04784809e-01
8.32832800e-06,4.04756112e-01
8.32842800e-06,4.04725986e-01
8.32852800e-06,4.04697348e-01
8.32862800e-06,4.04667283e-01
8.32872800e-06,4.04638704e-01
8.32882800e-06,4.04608701e-01
8.32892800e-06,4.04580180e-01
8.32902800e-06,4.04550238e-01
8.32912800e-06,4.04521776e-01
8.32922800e-06,4.04491894e-01
8.32932800e-06,4.04463490e-01
8.32942800e-06,4.04433669e-01
8.32952800e-06,4.04405323e-01
8.32962800e-06,4.04375563e-01
8.32972800e-06,4.04347274e-01
8.32982800e-06,4.04317575e-01
8.32992800e-06,4.04289343e-01
8.33002800e-06,4.04259704e-01
8.33012800e-06,4.04231530e-01
8.33022800e-06,4.04201950e-01
8.33032800e-06,4.04173833e-01
8.33042800e-06,4.04144314e-01
8.33052800e-06,4.04116253e-01
8.33062800e-06,4.04086793e-01
8.33072800e-06,4.04058789e-01
8.33082800e-06,4.04029388e-01
8.33092800e-06,4.04001440e-01
8.33102800e-06,4.03972099e-01
8.33112800e-06,4.03944207e-01
8.33122800e-06,4.03914925e-01
8.33132800e-06,4.03887089e-01
8.33142800e-06,4.03857866e-01
8.33152800e-06,4.03830086e-01
8.33162800e-06,4.03800921e-01
8.33172800e-06,4.03773196e-01
8.33182800e-06,4.03744089e-01
8.33192800e-06,4.03716420e-01
8.33202800e-06,4.03687372e-01
8.33212800e-06,4.03659757e-01
8.33222800e-06,4.03630767e-01
8.33232800e-06,4.03603208e-01
8.33242800e-06,4.03574275e-01
8.33252800e-06,4.03546770e-01
8.33262800e-06,4.03517895e-01
8.33272800e-06,4.03490445e-01
8.33282800e-06,4.03461628e-01
8.33292800e-06,4.03434232e-01
8.33302800e-06,4.03405471e-01
8.33312800e-06,4.03378130e-01
8.33322800e-06,4.03349426e-01
8.33332800e-06,4.03322139e-01
8.33342800e-06,4.03293492e-01
8.33352800e-06,4.03266258e-01
8.33362800e-06,4.03237668e-01
8.33372800e-06,4.03210488e-01
8.33382800e-06,4.03181954e-01
8.33392800e-06,4.03154827e-01
8.33402800e-06,4.03126350e-01
8.33412800e-06,4.03099276e-01
8.33422800e-06,4.03070854e-01
8.33432800e-06,4.03043834e-01
8.33442800e-06,4.03015468e-01
8.33452800e-06,4.02988501e-01
8.33462800e-06,4.02960190e-01
8.33472800e-06,4.02933276e-01
8.33482800e-06,4.02905021e-01
8.33492800e-06,4.02878158e-01
8.33502800e-06,4.02849959e-01
8.33512800e-06,4.02823149e-01
8.33522800e-06,4.02795004e-01
8.33532800e-06,4.02768246e-01
8.33542800e-06,4.02740157e-01
8.33552800e-06,4.02713451e-01
8.33562800e-06,4.02685416e-01
8.33572800e-06,4.02658762e-01
8.33582800e-06,4.02630781e-01
8.33592800e-06,4.02604179e-01
8.33602800e-06,4.02576253e-01
8.33612800e-06,4.02549701e-01
8.33622800e-06,4.02521830e-01
8.33632800e-06,4.02495329e-01
8.33642800e-06,4.02467512e-01
8.33652800e-06,4.02441063e-01
8.33662800e-06,4.02413299e-01
8.33672800e-06,4.02386901e-01
8.33682800e-06,4.02359190e-01
8.33692800e-06,4.02332843e-01
8.33702800e-06,4.02305186e-01
8.33712800e-06,4.02278889e-01
8.33722800e-06,4.02251285e-01
8.33732800e-06,4.02225039e-01
8.33742800e-06,4.02197488e-01
8.33752800e-06,4.02171292e-01
8.33762800e-06,4.02143794e-01
8.33772800e-06,4.02117648e-01
8.33782800e-06,4.02090203e-01
8.33792800e-06,4.02064106e-01
8.33802800e-06,4.02036714e-01
8.33812800e-06,4.02010667e-01
8.33822800e-06,4.01983327e-01
8.33832800e-06,4.01957330e-01
8.33842800e-06,4.01930043e-01
8.33852800e-06,4.01904094e-01
8.33862800e-06,4.01876859e-01
8.33872800e-06,4.01850960e-01
8.33882800e-06,4.01823776e-01
8.33892800e-06,4.01797926e-01
8.33902800e-06,4.01770795e-01
8.33912800e-06,4.01744994e-01
8.33922800e-06,4.01717913e-01
8.33932800e-06,4.01692161e-01
8.33942800e-06,4.01665132e-01
8.33952800e-06,4.01639428e-01
8.33962800e-06,4.01612451e-01
8.33972800e-06,4.01586795e-01
8.33982800e-06,4.01559868e-01
8.33992800e-06,4.01534261e-01
8.34002800e-06,4.01507385e-01
8.34012800e-06,4.01481826e-01
8.34022800e-06,4.01455001e-01
8.34032800e-06,4.01429489e-01
8.34042800e-06,4.01402715e-01
8.34052800e-06,4.01377251e-01
8.34062800e-06,4.01350527e-01
8.34072800e-06,4.01325111e-01
8.34082800e-06,4.01298437e-01
8.34092800e-06,4.01273068e-01
8.34102800e-06,4.01246445e-01
8.34112800e-06,4.01221123e-01
8.34122800e-06,4.01194550e-01
8.34132800e-06,4.01169275e-01
8.34142800e-06,4.01142751e-01
8.34152800e-06,4.01117523e-01
8.34162800e-06,4.01091049e-01
8.34172800e-06,4.01065868e-01
8.34182800e-06,4.01039444e-01
8.34192800e-06,4.01014309e-01
8.34202800e-06,4.00987934e-01
8.34212800e-06,4.00962846e-01
8.34222800e-06,4.00936520e-01
8.34232800e-06,4.00911478e-01
8.34242800e-06,4.00885201e-01
8.34252800e-06,4.00860205e-01
8.34262800e-06,4.00833977e-01
8.34272800e-06,4.00809027e-01
8.34282800e-06,4.00782847e-01
8.34292800e-06,4.00757944e-01
8.34302800e-06,4.00731813e-01
8.34312800e-06,4.00706955e-01
8.34322800e-06,4.00680872e-01
8.34332800e-06,4.00656059e-01
8.34342800e-06,4.00630025e-01
8.34352800e-06,4.00605258e-01
8.34362800e-06,4.00579271e-01
8.34372800e-06,4.00554549e-01
8.34382800e-06,4.00528611e-01
8.34392800e-06,4.00503934e-01
8.34402800e-06,4.00478043e-01
8.34412800e-06,4.00453412e-01
8.34422800e-06,4.00427568e-01
8.34432800e-06,4.00402982e-01
8.34442800e-06,4.00377186e-01
8.34452800e-06,4.00352644e-01
8.34462800e-06,4.00326895e-01
8.34472800e-06,4.00302398e-01
8.34482800e-06,4.00276696e-01
8.34492800e-06,4.00252243e-01
8.34502800e-06,4.00226589e-01
8.34512800e-06,4.00202180e-01
8.34522800e-06,4.00176572e-01
8.34532800e-06,4.00152208e-01
8.34542800e-06,4.00126647e-01
8.34552800e-06,4.00102326e-01
8.34562800e-06,4.00076812e-01
8.34572800e-06,4.00052535e-01
8.34582800e-06,4.00027067e-01
8.34592800e-06,4.00002834e-01
8.34602800e-06,3.99977413e-01
8.34612800e-06,3.99953223e-01
8.34622800e-06,3.99927848e-01
8.34632800e-06,3.99903701e-01
8.34642800e-06,3.99878372e-01
8.34652800e-06,3.99854269e-01
8.34662800e-06,3.99828986e-01
8.34672800e-06,3.99804926e-01
8.34682800e-06,3.99779688e-01
8.34692800e-06,3.99755671e-01
8.34702800e-06,3.99730479e-01
8.34712800e-06,3.99706505e-01
8.34722800e-06,3.99681359e-01
8.34732800e-06,3.99657427e-01
8.34742800e-06,3.99632326e-01
8.34752800e-06,3.99608437e-01
8.34762800e-06,3.99583381e-01
8.34772800e-06,3.99559535e-01
8.34782800e-06,3.99534524e-01
8.34792800e-06,3.99510720e-01
8.34802800e-06,3.99485754e-01
8.34812800e-06,3.99461992e-01
8.34822800e-06,3.99437071e-01
8.34832800e-06,3.99413351e-01
8.34842800e-06,3.99388475e-01
8.34852800e-06,3.99364797e-01
8.34862800e-06,3.99339965e-01
8.34872800e-06,3.99316329e-01
8.34882800e-06,3.99291541e-01
8.34892800e-06,3.99267947e-01
8.34902800e-06,3.99243203e-01
8.34912800e-06,3.99219650e-01
8.34922800e-06,3.99194951e-01
8.34932800e-06,3.99171440e-01
8.34942800e-06,3.99146785e-01
8.34952800e-06,3.99123314e-01
8.34962800e-06,3.99098703e-01
8.34972800e-06,3.99075274e-01
8.34982800e-06,3.99050706e-01
8.34992800e-06,3.99027318e-01
8.35002800e-06,3.99002794e-01
8.35012800e-06,3.98979447e-01
8.35022800e-06,3.98954966e-01
8.35032800e-06,3.98931660e-01
8.35042800e-06,3.98907223e-01
8.35052800e-06,3.98883957e-01
8.35062800e-06,3.98859563e-01
8.35072800e-06,3.98836338e-01
8.35082800e-06,3.98811987e-01
8.35092800e-06,3.98788802e-01
8.35102800e-06,3.98764494e-01
8.35112800e-06,3.98741349e-01
8.35122800e-06,3.98717084e-01
8.35132800e-06,3.98693980e-01
8.35142800e-06,3.98669757e-01
8.35152800e-06,3.98646693e-01
8.35162800e-06,3.98622513e-01
8.35172800e-06,3.98599489e-01
8.35182800e-06,3.98575351e-01
8.35192800e-06,3.98552367e-01
8.35202800e-06,3.98528272e-01
8.35212800e-06,3.98505327e-01
8.35222800e-06,3.98481274e-01
8.35232800e-06,3.98458368e-01
8.35242800e-06,3.98434357e-01
8.35252800e-06,3.98411492e-01
8.35262800e-06,3.98387523e-01
8.35272800e-06,3.98364696e-01
8.35282800e-06,3.98340769e-01
8.35292800e-06,3.98317982e-01
8.35302800e-06,3.98294096e-01
8.35312800e-06,3.98271348e-01
8.35322800e-06,3.98247504e-01
8.35332800e-06,3.98224795e-01
8.35342800e-06,3.98200993e-01
8.35352800e-06,3.98178322e-01
8.35362800e-06,3.98154561e-01
8.35372800e-06,3.98131776e-01
8.35382800e-06,3.98107930e-01
8.35392800e-06,3.98085234e-01
8.35402800e-06,3.98061491e-01
8.35412800e-06,3.98038878e-01
8.35422800e-06,3.98015209e-01
8.35432800e-06,3.97992659e-01
8.35442800e-06,3.97969048e-01
8.35452800e-06,3.97946549e-01
8.35462800e-06,3.97922989e-01
8.35472800e-06,3.97900536e-01
8.35482800e-06,3.97877021e-01
8.35492800e-06,3.97854609e-01
8.35502800e-06,3.97831138e-01
8.35512800e-06,3.97808766e-01
8.35522800e-06,3.97785337e-01
8.35532800e-06,3.97763004e-01
8.35542800e-06,3.97739615e-01
8.35552800e-06,3.97717320e-01
8.35562800e-06,3.97693972e-01
8.35572800e-06,3.97671715e-01
8.35582800e-06,3.97648407e-01
8.35592800e-06,3.97626187e-01
8.35602800e-06,3.97602919e-01
8.35612800e-06,3.97580736e-01
8.35622800e-06,3.97557508e-01
8.35632800e-06,3.97535362e-01
8.35642800e-06,3.97512174e-01
8.35652800e-06,3.97490065e-01
8.35662800e-06,3.97466916e-01
8.35672800e-06,3.97444843e-01
8.35682800e-06,3.97421734e-01
8.35692800e-06,3.97399698e-01
8.35702800e-06,3.97376628e-01
8.35712800e-06,3.97354629e-01
8.35722800e-06,3.97331598e-01
8.35732800e-06,3.97309636e-01
8.35742800e-06,3.97286644e-01
8.35752800e-06,3.97264718e-01
8.35762800e-06,3.97241764e-01
8.35772800e-06,3.97219875e-01
8.35782800e-06,3.97196960e-01
8.35792800e-06,3.97175107e-01
8.35802800e-06,3.97152231e-01
8.35812800e-06,3.97130414e-01
8.35822800e-06,3.97107576e-01
8.35832800e-06,3.97085795e-01
8.35842800e-06,3.97062996e-01
8.35852800e-06,3.97041251e-01
8.35862800e-06,3.97018491e-01
8.35872800e-06,3.96996781e-01
8.35882800e-06,3.96974059e-01
8.35892800e-06,3.96952385e-01
8.35902800e-06,3.96929701e-01
8.35912800e-06,3.96908062e-01
8.35922800e-06,3.96885416e-01
8.35932800e-06,3.96863813e-01
8.35942800e-06,3.96841205e-01
8.35952800e-06,3.96819638e-01
8.35962800e-06,3.96797068e-01
8.35972800e-06,3.96775535e-01
8.35982800e-06,3.96753003e-01
8.35992800e-06,3.96731505e-01
8.36002800e-06,3.96709011e-01
8.36012800e-06,3.96687548e-01
8.36022800e-06,3.96665092e-01
8.36032800e-06,3.96643664e-01
8.36042800e-06,3.96621245e-01
8.36052800e-06,3.96599852e-01
8.36062800e-06,3.96577470e-01
8.36072800e-06,3.96556112e-01
8.36082800e-06,3.96533767e-01
8.36092800e-06,3.96512444e-01
8.36102800e-06,3.96490136e-01
8.36112800e-06,3.96468847e-01
8.36122800e-06,3.96446577e-01
8.36132800e-06,3.96425322e-01
8.36142800e-06,3.96403089e-01
8.36152800e-06,3.96381869e-01
8.36162800e-06,3.96359672e-01
8.36172800e-06,3.96338486e-01
8.36182800e-06,3.96316326e-01
8.36192800e-06,3.96295174e-01
8.36202800e-06,3.96273051e-01
8.36212800e-06,3.96251933e-01
8.36222800e-06,3.96229846e-01
8.36232800e-06,3.96208763e-01
8.36242800e-06,3.96186712e-01
8.36252800e-06,3.96165662e-01
8.36262800e-06,3.96143648e-01
8.36272800e-06,3.96122632e-01
8.36282800e-06,3.96100655e-01
8.36292800e-06,3.96079672e-01
8.36302800e-06,3.96057731e-01
8.36312800e-06,3.96036781e-01
8.36322800e-06,3.96014876e-01
8.36332800e-06,3.95993960e-01
8.36342800e-06,3.95972091e-01
8.36352800e-06,3.95951209e-01
8.36362800e-06,3.95929375e-01
8.36372800e-06,3.95908526e-01
8.36382800e-06,3.95886728e-01
8.36392800e-06,3.95865913e-01
8.36402800e-06,3.95844151e-01
8.36412800e-06,3.95823368e-01
8.36422800e-06,3.95801641e-01
8.36432800e-06,3.95780892e-01
8.36442800e-06,3.95759201e-01
8.36452800e-06,3.95738484e-01
8.36462800e-06,3.95716828e-01
8.36472800e-06,3.95696144e-01
8.36482800e-06,3.95674524e-01
8.36492800e-06,3.95653873e-01
8.36502800e-06,3.95632288e-01
8.36512800e-06,3.95611669e-01
8.36522800e-06,3.95590119e-01
8.36532800e-06,3.95569533e-01
8.36542800e-06,3.95548018e-01
8.36552800e-06,3.95527464e-01
8.36562800e-06,3.95505984e-01
8.36572800e-06,3.95485463e-01
8.36582800e-06,3.95464017e-01
8.36592800e-06,3.95443528e-01
8.36602800e-06,3.95422118e-01
8.36612800e-06,3.95401661e-01
8.36622800e-06,3.95380285e-01
8.36632800e-06,3.95359860e-01
8.36642800e-06,3.95338519e-01
8.36652800e-06,3.95318126e-01
8.36662800e-06,3.95296819e-01
8.36672800e-06,3.95276458e-01
8.36682800e-06,3.95255186e-01
8.36692800e-06,3.95234856e-01
8.36702800e-06,3.95213618e-01
8.36712800e-06,3.95193321e-01
8.36722800e-06,3.95172117e-01
8.36732800e-06,3.95151851e-01
8.36742800e-06,3.95130681e-01
8.36752800e-06,3.95110447e-01
8.36762800e-06,3.95089311e-01
8.36772800e-06,3.95069108e-01
8.36782800e-06,3.95048007e-01
8.36792800e-06,3.95027835e-01
8.36802800e-06,3.95006767e-01
8.36812800e-06,3.94986627e-01
8.36822800e-06,3.94965593e-01
8.36832800e-06,3.94945483e-01
8.36842800e-06,3.94924483e-01
8.36852800e-06,3.94904405e-01
8.36862800e-06,3.94883438e-01
8.36872800e-06,3.94863391e-01
8.36882800e-06,3.94842458e-01
8.36892800e-06,3.94822442e-01
8.36902800e-06,3.94801542e-01
8.36912800e-06,3.94781556e-01
8.36922800e-06,3.94760690e-01
8.36932800e-06,3.94740735e-01
8.36942800e-06,3.94719902e-01
8.36952800e-06,3.94699978e-01
8.36962800e-06,3.94679178e-01
8.36972800e-06,3.94659285e-01
8.36982800e-06,3.94638518e-01
8.36992800e-06,3.94618655e-01
8.37002800e-06,3.94597921e-01
8.37012800e-06,3.94578088e-01
8.37022800e-06,3.94557387e-01
8.37032800e-06,3.94537585e-01
8.37042800e-06,3.94516917e-01
8.37052800e-06,3.94497145e-01
8.37062800e-06,3.94476509e-01
8.37072800e-06,3.94456768e-01
8.37082800e-06,3.94436165e-01
8.37092800e-06,3.94416453e-01
8.37102800e-06,3.94395883e-01
8.37112800e-06,3.94376201e-01
8.37122800e-06,3.94355663e-01
8.37132800e-06,3.94336012e-01
8.37142800e-06,3.94315506e-01
8.37152800e-06,3.94295885e-01
8.37162800e-06,3.94275411e-01
8.37172800e-06,3.94255819e-01
8.37182800e-06,3.94235378e-01
8.37192800e-06,3.94215816e-01
8.37202800e-06,3.94195407e-01
8.37212800e-06,3.94175875e-01
8.37222800e-06,3.94155498e-01
8.37232800e-06,3.94135995e-01
8.37242800e-06,3.94115650e-01
8.37252800e-06,3.94096176e-01
8.37262800e-06,3.94075864e-01
8.37272800e-06,3.94056419e-01
8.37282800e-06,3.94036138e-01
8.37292800e-06,3.94016723e-01
8.37302800e-06,3.93996474e-01
8.37312800e-06,3.93977088e-01
8.37322800e-06,3.93956871e-01
8.37332800e-06,3.93937514e-01
8.37342800e-06,3.93917328e-01
8.37352800e-06,3.93898000e-01
8.37362800e-06,3.93877846e-01
8.37372800e-06,3.93858547e-01
8.37382800e-06,3.93838424e-01
8.37392800e-06,3.93819154e-01
8.37402800e-06,3.93799063e-01
8.37412800e-06,3.93779822e-01
8.37422800e-06,3.93759761e-01
8.37432800e-06,3.93740549e-01
8.37442800e-06,3.93720520e-01
8.37452800e-06,3.93701336e-01
8.37462800e-06,3.93681338e-01
8.37472800e-06,3.93662183e-01
8.37482800e-06,3.93642216e-01
8.37492800e-06,3.93623090e-01
8.37502800e-06,3.93603154e-01
8.37512800e-06,3.93584056e-01
8.37522800e-06,3.93564151e-01
8.37532800e-06,3.93545081e-01
8.37542800e-06,3.93525206e-01
8.37552800e-06,3.93506165e-01
8.37562800e-06,3.93486322e-01
8.37572800e-06,3.93467309e-01
8.37582800e-06,3.93447495e-01
8.37592800e-06,3.93428511e-01
8.37602800e-06,3.93408728e-01
8.37612800e-06,3.93389771e-01
8.37622800e-06,3.93370019e-01
8.37632800e-06,3.93351090e-01
8.37642800e-06,3.93331369e-01
8.37652800e-06,3.93312468e-01
8.37662800e-06,3.93292777e-01
8.37672800e-06,3.93273904e-01
8.37682800e-06,3.93254243e-01
8.37692800e-06,3.93235398e-01
8.37702800e-06,3.93215767e-01
8.37712800e-06,3.93196949e-01
8.37722800e-06,3.93177349e-01
8.37732800e-06,3.93158559e-01
8.37742800e-06,3.93138988e-01
8.37752800e-06,3.93120226e-01
8.37762800e-06,3.93100685e-01
8.37772800e-06,3.93081950e-01
8.37782800e-06,3.93062440e-01
8.37792800e-06,3.93043732e-01
8.37802800e-06,3.93024251e-01
8.37812800e-06,3.93005571e-01
8.37822800e-06,3.92986120e-01
8.37832800e-06,3.92967467e-01
8.37842800e-06,3.92948046e-01
8.37852800e-06,3.92929420e-01
8.37862800e-06,3.92910028e-01
8.37872800e-06,3.92891430e-01
8.37882800e-06,3.92872068e-01
8.37892800e-06,3.92853496e-01
8.37902800e-06,3.92834164e-01
8.37912800e-06,3.92815619e-01
8.37922800e-06,3.92796316e-01
8.37932800e-06,3.92777799e-01
8.37942800e-06,3.92758524e-01
8.37952800e-06,3.92740034e-01
8.37962800e-06,3.92720789e-01
8.37972800e-06,3.92702325e-01
8.37982800e-06,3.92683110e-01
8.37992800e-06,3.92664673e-01
8.38002800e-06,3.92645486e-01
8.38012800e-06,3.92627076e-01
8.38022800e-06,3.92607918e-01
8.38032800e-06,3.92589534e-01
8.38042800e-06,3.92570406e-01
8.38052800e-06,3.92552048e-01
8.38062800e-06,3.92532949e-01
8.38072800e-06,3.92514618e-01
8.38082800e-06,3.92495547e-01
8.38092800e-06,3.92477243e-01
8.38102800e-06,3.92458201e-01
8.38112800e-06,3.92439923e-01
8.38122800e-06,3.92420909e-01
8.38132800e-06,3.92402657e-01
8.38142800e-06,3.92383673e-01
8.38152800e-06,3.92365447e-01
8.38162800e-06,3.92346491e-01
8.38172800e-06,3.92328291e-01
8.38182800e-06,3.92309364e-01
8.38192800e-06,3.92291190e-01
8.38202800e-06,3.92272291e-01
8.38212800e-06,3.92254143e-01
8.38222800e-06,3.92235272e-01
8.38232800e-06,3.92217151e-01
8.38242800e-06,3.92198308e-01
8.38252800e-06,3.92180212e-01
8.38262800e-06,3.92161398e-01
8.38272800e-06,3.92143328e-01
8.38282800e-06,3.92124542e-01
8.38292800e-06,3.92106498e-01
8.38302800e-06,3.92087740e-01
8.38312800e-06,3.92069721e-01
8.38322800e-06,3.92050991e-01
8.38332800e-06,3.92032998e-01
8.38342800e-06,3.92014296e-01
8.38352800e-06,3.91996328e-01
8.38362800e-06,3.91977654e-01
8.38372800e-06,3.91959712e-01
8.38382800e-06,3.91941066e-01
8.38392800e-06,3.91923149e-01
8.38402800e-06,3.91904530e-01
8.38412800e-06,3.91886639e-01
8.38422800e-06,3.91868048e-01
8.38432800e-06,3.91850182e-01
8.38442800e-06,3.91831619e-01
8.38452800e-06,3.91813778e-01
8.38462800e-06,3.91795242e-01
8.38472800e-06,3.91777427e-01
8.38482800e-06,3.91758919e-01
8.38492800e-06,3.91741128e-01
8.38502800e-06,3.91722647e-01
8.38512800e-06,3.91704882e-01
8.38522800e-06,3.91686428e-01
8.38532800e-06,3.91668688e-01
8.38542800e-06,3.91650262e-01
8.38552800e-06,3.91632546e-01
8.38562800e-06,3.91614147e-01
8.38572800e-06,3.91596456e-01
8.38582800e-06,3.91578085e-01
8.38592800e-06,3.91560419e-01
8.38602800e-06,3.91542074e-01
8.38612800e-06,3.91524433e-01
8.38622800e-06,3.91506115e-01
8.38632800e-06,3.91488499e-01
8.38642800e-06,3.91470208e-01
8.38652800e-06,3.91452616e-01
8.38662800e-06,3.91434352e-01
8.38672800e-06,3.91416785e-01
8.38682800e-06,3.91398548e-01
8.38692800e-06,3.91381005e-01
8.38702800e-06,3.91362795e-01
8.38712800e-06,3.91345277e-01
8.38722800e-06,3.91327093e-01
8.38732800e-06,3.91309599e-01
8.38742800e-06,3.91291443e-01
8.38752800e-06,3.91273973e-01
8.38762800e-06,3.91255843e-01
8.38772800e-06,3.91238397e-01
8.38782800e-06,3.91220294e-01
8.38792800e-06,3.91202872e-01
8.38802800e-06,3.91184795e-01
8.38812800e-06,3.91167398e-01
8.38822800e-06,3.91149348e-01
8.38832800e-06,3.91131974e-01
8.38842800e-06,3.91113950e-01
8.38852800e-06,3.91096601e-01
8.38862800e-06,3.91078603e-01
8.38872800e-06,3.91061278e-01
8.38882800e-06,3.91043307e-01
8.38892800e-06,3.91026005e-01
8.38902800e-06,3.91008060e-01
8.38912800e-06,3.90990782e-01
8.38922800e-06,3.90972863e-01
8.38932800e-06,3.90955609e-01
8.38942800e-06,3.90937716e-01
8.38952800e-06,3.90920486e-01
8.38962800e-06,3.90902619e-01
8.38972800e-06,3.90885413e-01
8.38982800e-06,3.90867572e-01
8.38992800e-06,3.90850389e-01
8.39002800e-06,3.90832574e-01
8.39012800e-06,3.90815414e-01
8.39022800e-06,3.90797625e-01
8.39032800e-06,3.90780489e-01
8.39042800e-06,3.90762726e-01
8.39052800e-06,3.90745613e-01
8.39062800e-06,3.90727876e-01
8.39072800e-06,3.90710786e-01
8.39082800e-06,3.90693074e-01
8.39092800e-06,3.90676009e-01
8.39102800e-06,3.90658322e-01
8.39112800e-06,3.90641280e-01
8.39122800e-06,3.90623619e-01
8.39132800e-06,3.90606600e-01
8.39142800e-06,3.90588964e-01
8.39152800e-06,3.90571968e-01
8.39162800e-06,3.90554358e-01
8.39172800e-06,3.90537385e-01
8.39182800e-06,3.90519801e-01
8.39192800e-06,3.90502851e-01
8.39202800e-06,3.90485292e-01
8.39212800e-06,3.90468364e-01
8.39222800e-06,3.90450831e-01
8.39232800e-06,3.90433926e-01
8.39242800e-06,3.90416418e-01
8.39252800e-06,3.90399537e-01
8.39262800e-06,3.90382053e-01
8.39272800e-06,3.90365195e-01
8.39282800e-06,3.90347736e-01
8.39292800e-06,3.90330901e-01
8.39302800e-06,3.90313467e-01
8.39312800e-06,3.90296654e-01
8.39322800e-06,3.90279246e-01
8.39332800e-06,3.90262456e-01
8.39342800e-06,3.90245073e-01
8.39352800e-06,3.90228305e-01
8.39362800e-06,3.90210947e-01
8.39372800e-06,3.90194201e-01
8.39382800e-06,3.90176868e-01
8.39392800e-06,3.90160145e-01
8.39402800e-06,3.90142837e-01
8.39412800e-06,3.90126136e-01
8.39422800e-06,3.90108852e-01
8.39432800e-06,3.90092174e-01
8.39442800e-06,3.90074915e-01
8.39452800e-06,3.90058260e-01
8.39462800e-06,3.90041025e-01
8.39472800e-06,3.90024392e-01
8.39482800e-06,3.90007182e-01
8.39492800e-06,3.89990571e-01
8.39502800e-06,3.89973385e-01
8.39512800e-06,3.89956796e-01
8.39522800e-06,3.89939635e-01
8.39532800e-06,3.89923069e-01
8.39542800e-06,3.89905932e-01
8.39552800e-06,3.89889387e-01
8.39562800e-06,3.89872275e-01
8.39572800e-06,3.89855753e-01
8.39582800e-06,3.89838665e-01
8.39592800e-06,3.89822164e-01
8.39602800e-06,3.89805100e-01
8.39612800e-06,3.89788622e-01
8.39622800e-06,3.89771582e-01
8.39632800e-06,3.89755125e-01
8.39642800e-06,3.89738110e-01
8.39652800e-06,3.89721675e-01
8.39662800e-06,3.89704684e-01
8.39672800e-06,3.89688271e-01
8.39682800e-06,3.89671303e-01
8.39692800e-06,3.89654912e-01
8.39702800e-06,3.89637969e-01
8.39712800e-06,3.89621599e-01
8.39722800e-06,3.89604679e-01
8.39732800e-06,3.89588332e-01
8.39742800e-06,3.89571436e-01
8.39752800e-06,3.89555110e-01
8.39762800e-06,3.89538238e-01
8.39772800e-06,3.89521933e-01
8.39782800e-06,3.89505085e-01
8.39792800e-06,3.89488802e-01
8.39802800e-06,3.89471977e-01
8.39812800e-06,3.89455716e-01
8.39822800e-06,3.89438915e-01
8.39832800e-06,3.89422675e-01
8.39842800e-06,3.89405898e-01
8.39852800e-06,3.89389679e-01
8.39862800e-06,3.89372925e-01
8.39872800e-06,3.89356727e-01
8.39882800e-06,3.89339998e-01
8.39892800e-06,3.89323821e-01
8.39902800e-06,3.89307115e-01
8.39912800e-06,3.89290959e-01
8.39922800e-06,3.89274276e-01
8.39932800e-06,3.89258142e-01
8.39942800e-06,3.89241483e-01
8.39952800e-06,3.89225370e-01
8.39962800e-06,3.89208733e-01
8.39972800e-06,3.89192641e-01
8.39982800e-06,3.89176029e-01
8.39992800e-06,3.89159958e-01
8.40002800e-06,3.89143368e-01
8.40012800e-06,3.89127318e-01
8.40022800e-06,3.89110751e-01
8.40032800e-06,3.89094722e-01
8.40042800e-06,3.89078179e-01
8.40052800e-06,3.89062171e-01
8.40062800e-06,3.89045650e-01
8.40072800e-06,3.89029663e-01
8.40082800e-06,3.89013166e-01
8.40092800e-06,3.88997199e-01
8.40102800e-06,3.88980725e-01
8.40112800e-06,3.88964779e-01
8.40122800e-06,3.88948328e-01
8.40132800e-06,3.88932402e-01
8.40142800e-06,3.88915974e-01
8.40152800e-06,3.88900069e-01
8.40162800e-06,3.88883664e-01
8.40172800e-06,3.88867780e-01
8.40182800e-06,3.88851397e-01
8.40192800e-06,3.88835534e-01
8.40202800e-06,3.88819174e-01
8.40212800e-06,3.88803331e-01
8.40222800e-06,3.88786994e-01
8.40232800e-06,3.88771171e-01
8.40242800e-06,3.88754856e-01
8.40252800e-06,3.88739054e-01
8.40262800e-06,3.88722762e-01
8.40272800e-06,3.88706981e-01
8.40282800e-06,3.88690711e-01
8.40292800e-06,3.88674950e-01
8.40302800e-06,3.88658703e-01
8.40312800e-06,3.88642962e-01
8.40322800e-06,3.88626737e-01
8.40332800e-06,3.88611016e-01
8.40342800e-06,3.88594815e-01
8.40352800e-06,3.88579114e-01
8.40362800e-06,3.88562934e-01
8.40372800e-06,3.88547254e-01
8.40382800e-06,3.88531097e-01
8.40392800e-06,3.88515436e-01
8.40402800e-06,3.88499301e-01
8.40412800e-06,3.88483661e-01
8.40422800e-06,3.88467548e-01
8.40432800e-06,3.88451928e-01
8.40442800e-06,3.88435837e-01
8.40452800e-06,3.88420237e-01
8.40462800e-06,3.88404168e-01
8.40472800e-06,3.88388588e-01
8.40482800e-06,3.88372542e-01
8.40492800e-06,3.88356981e-01
8.40502800e-06,3.88340957e-01
8.40512800e-06,3.88325416e-01
8.40522800e-06,3.88309414e-01
8.40532800e-06,3.88293893e-01
8.40542800e-06,3.88277913e-01
8.40552800e-06,3.88262411e-01
8.40562800e-06,3.88246453e-01
8.40572800e-06,3.88230972e-01
8.40582800e-06,3.88215036e-01
8.40592800e-06,3.88199574e-01
8.40602800e-06,3.88183659e-01
8.40612800e-06,3.88168217e-01
8.40622800e-06,3.88152324e-01
8.40632800e-06,3.88136902e-01
8.40642800e-06,3.88121031e-01
8.40652800e-06,3.88105628e-01
8.40662800e-06,3.88089779e-01
8.40672800e-06,3.88074395e-01
8.40682800e-06,3.88058567e-01
8.40692800e-06,3.88043203e-01
8.40702800e-06,3.88027397e-01
8.40712800e-06,3.88012053e-01
8.40722800e-06,3.87996269e-01
8.40732800e-06,3.87980943e-01
8.40742800e-06,3.87965180e-01
8.40752800e-06,3.87949874e-01
8.40762800e-06,3.87934133e-01
8.40772800e-06,3.87918846e-01
8.40782800e-06,3.87903127e-01
8.40792800e-06,3.87887859e-01
8.40802800e-06,3.87872161e-01
8.40812800e-06,3.87856912e-01
8.40822800e-06,3.87841235e-01
8.40832800e-06,3.87826006e-01
8.40842800e-06,3.87810351e-01
8.40852800e-06,3.87795141e-01
8.40862800e-06,3.87779506e-01
8.40872800e-06,3.87764315e-01
8.40882800e-06,3.87748702e-01
8.40892800e-06,3.87733530e-01
8.40902800e-06,3.87717939e-01
8.40912800e-06,3.87702786e-01
8.40922800e-06,3.87687215e-01
8.40932800e-06,3.87672081e-01
8.40942800e-06,3.87656531e-01
8.40952800e-06,3.87641416e-01
8.40962800e-06,3.87625888e-01
8.40972800e-06,3.87610792e-01
8.40982800e-06,3.87595284e-01
8.40992800e-06,3.87580207e-01
8.41002800e-06,3.87564721e-01
8.41012800e-06,3.87549662e-01
8.41022800e-06,3.87534197e-01
8.41032800e-06,3.87519157e-01
8.41042800e-06,3.87503713e-01
8.41052800e-06,3.87488692e-01
8.41062800e-06,3.87473268e-01
8.41072800e-06,3.87458266e-01
8.41082800e-06,3.87442863e-01
8.41092800e-06,3.87427879e-01
8.41102800e-06,3.87412497e-01
8.41112800e-06,3.87397532e-01
8.41122800e-06,3.87382171e-01
8.41132800e-06,3.87367225e-01
8.41142800e-06,3.87351884e-01
8.41152800e-06,3.87336956e-01
8.41162800e-06,3.87321636e-01
8.41172800e-06,3.87306727e-01
8.41182800e-06,3.87291428e-01
8.41192800e-06,3.87276537e-01
8.41202800e-06,3.87261258e-01
8.41212800e-06,3.87246386e-01
8.41222800e-06,3.87231127e-01
8.41232800e-06,3.87216273e-01
8.41242800e-06,3.87201036e-01
8.41252800e-06,3.87186200e-01
8.41262800e-06,3.87170983e-01
8.41272800e-06,3.87156166e-01
8.41282800e-06,3.87140969e-01
8.41292800e-06,3.87126170e-01
8.41302800e-06,3.87110993e-01
8.41312800e-06,3.87096213e-01
8.41322800e-06,3.87081057e-01
8.41332800e-06,3.87066294e-01
8.41342800e-06,3.87051158e-01
8.41352800e-06,3.87036414e-01
8.41362800e-06,3.87021298e-01
8.41372800e-06,3.87006572e-01
8.41382800e-06,3.86991477e-01
8.41392800e-06,3.86976769e-01
8.41402800e-06,3.86961694e-01
8.41412800e-06,3.86947003e-01
8.41422800e-06,3.86931949e-01
8.41432800e-06,3.86917276e-01
8.41442800e-06,3.86902242e-01
8.41452800e-06,3.86887588e-01
8.41462800e-06,3.86872573e-01
8.41472800e-06,3.86857937e-01
8.41482800e-06,3.86842942e-01
8.41492800e-06,3.86828324e-01
8.41502800e-06,3.86813350e-01
8.41512800e-06,3.86798749e-01
8.41522800e-06,3.86783795e-01
8.41532800e-06,3.86769212e-01
8.41542800e-06,3.86754277e-01
8.41552800e-06,3.86739712e-01
8.41562800e-06,3.86724798e-01
8.41572800e-06,3.86710251e-01
8.41582800e-06,3.86695356e-01
8.41592800e-06,3.86680827e-01
8.41602800e-06,3.86665952e-01
8.41612800e-06,3.86651440e-01
8.41622800e-06,3.86636585e-01
8.41632800e-06,3.86622091e-01
8.41642800e-06,3.86607256e-01
8.41652800e-06,3.86592779e-01
8.41662800e-06,3.86577963e-01
8.41672800e-06,3.86563505e-01
8.41682800e-06,3.86548709e-01
8.41692800e-06,3.86534267e-01
8.41702800e-06,3.86519491e-01
8.41712800e-06,3.86505067e-01
8.41722800e-06,3.86490311e-01
8.41732800e-06,3.86475904e-01
8.41742800e-06,3.86461167e-01
8.41752800e-06,3.86446778e-01
8.41762800e-06,3.86432061e-01
8.41772800e-06,3.86417689e-01
8.41782800e-06,3.86402991e-01
8.41792800e-06,3.86388637e-01
8.41802800e-06,3.86373959e-01
8.41812800e-06,3.86359622e-01
8.41822800e-06,3.86344963e-01
8.41832800e-06,3.86330644e-01
8.41842800e-06,3.86316004e-01
8.41852800e-06,3.86301702e-01
8.41862800e-06,3.86287081e-01
8.41872800e-06,3.86272797e-01
8.41882800e-06,3.86258195e-01
8.41892800e-06,3.86243928e-01
8.41902800e-06,3.86229346e-01
8.41912800e-06,3.86215096e-01
8.41922800e-06,3.86200533e-01
8.41932800e-06,3.86186300e-01
8.41942800e-06,3.86171757e-01
8.41952800e-06,3.86157540e-01
8.41962800e-06,3.86143016e-01
8.41972800e-06,3.86128817e-01
8.41982800e-06,3.86114312e-01
8.41992800e-06,3.86100130e-01
8.42002800e-06,3.86085644e-01
8.42012800e-06,3.86071479e-01
8.42022800e-06,3.86057012e-01
8.42032800e-06,3.86042864e-01
8.42042800e-06,3.86028416e-01
8.42052800e-06,3.86014285e-01
8.42062800e-06,3.85999857e-01
8.42072800e-06,3.85985742e-01
8.42082800e-06,3.85971333e-01
8.42092800e-06,3.85957235e-01
8.42102800e-06,3.85942844e-01
8.42112800e-06,3.85928764e-01
8.42122800e-06,3.85914392e-01
8.42132800e-06,3.85900328e-01
8.42142800e-06,3.85885975e-01
8.42152800e-06,3.85871928e-01
8.42162800e-06,3.85857594e-01
8.42172800e-06,3.85843564e-01
8.42182800e-06,3.85829249e-01
8.42192800e-06,3.85815235e-01
8.42202800e-06,3.85800939e-01
8.42212800e-06,3.85786942e-01
8.42222800e-06,3.85772664e-01
8.42232800e-06,3.85758684e-01
8.42242800e-06,3.85744425e-01
8.42252800e-06,3.85730462e-01
8.42262800e-06,3.85716221e-01
8.42272800e-06,3.85702274e-01
8.42282800e-06,3.85688053e-01
8.42292800e-06,3.85674122e-01
8.42302800e-06,3.85659919e-01
8.42312800e-06,3.85646005e-01
8.42322800e-06,3.85631821e-01
8.42332800e-06,3.85617924e-01
8.42342800e-06,3.85603758e-01
8.42352800e-06,3.85589877e-01
8.42362800e-06,3.85575729e-01
8.42372800e-06,3.85561865e-01
8.42382800e-06,3.85547736e-01
8.42392800e-06,3.85533888e-01
8.42402800e-06,3.85519777e-01
8.42412800e-06,3.85505946e-01
8.42422800e-06,3.85491854e-01
8.42432800e-06,3.85478038e-01
8.42442800e-06,3.85463965e-01
8.42452800e-06,3.85450166e-01
8.42462800e-06,3.85436110e-01
8.42472800e-06,3.85422328e-01
8.42482800e-06,3.85408291e-01
8.42492800e-06,3.85394524e-01
8.42502800e-06,3.85380505e-01
8.42512800e-06,3.85366755e-01
8.42522800e-06,3.85352755e-01
8.42532800e-06,3.85339021e-01
8.42542800e-06,3.85325038e-01
8.42552800e-06,3.85311321e-01
8.42562800e-06,3.85297357e-01
8.42572800e-06,3.85283655e-01
8.42582800e-06,3.85269709e-01
8.42592800e-06,3.85256023e-01
8.42602800e-06,3.85242096e-01
8.42612800e-06,3.85228426e-01
8.42622800e-06,3.85214516e-01
8.42632800e-06,3.85200863e-01
8.42642800e-06,3.85186971e-01
8.42652800e-06,3.85173334e-01
8.42662800e-06,3.85159460e-01
8.42672800e-06,3.85145839e-01
8.42682800e-06,3.85131983e-01
8.42692800e-06,3.85118378e-01
8.42702800e-06,3.85104540e-01
8.42712800e-06,3.85090951e-01
8.42722800e-06,3.85077131e-01
8.42732800e-06,3.85063557e-01
8.42742800e-06,3.85049756e-01
8.42752800e-06,3.85036198e-01
8.42762800e-06,3.85022414e-01
8.42772800e-06,3.85008872e-01
8.42782800e-06,3.84995106e-01
8.42792800e-06,3.84981580e-01
8.42802800e-06,3.84967832e-01
8.42812800e-06,3.84954321e-01
8.42822800e-06,3.84940591e-01
8.42832800e-06,3.84927096e-01
8.42842800e-06,3.84913384e-01
8.42852800e-06,3.84899905e-01
8.42862800e-06,3.84886210e-01
8.42872800e-06,3.84872747e-01
8.42882800e-06,3.84859070e-01
8.42892800e-06,3.84845622e-01
8.42902800e-06,3.84831963e-01
8.42912800e-06,3.84818531e-01
8.42922800e-06,3.84804889e-01
8.42932800e-06,3.84791473e-01
8.42942800e-06,3.84777849e-01
8.42952800e-06,3.84764448e-01
8.42962800e-06,3.84750841e-01
8.42972800e-06,3.84737456e-01
8.42982800e-06,3.84723867e-01
8.42992800e-06,3.84710498e-01
8.43002800e-06,3.84696926e-01
8.43012800e-06,3.84683572e-01
8.43022800e-06,3.84670018e-01
8.43032800e-06,3.84656680e-01
8.43042800e-06,3.84643143e-01
8.43052800e-06,3.84629820e-01
8.43062800e-06,3.84616301e-01
8.43072800e-06,3.84602993e-01
8.43082800e-06,3.84589492e-01
8.43092800e-06,3.84576199e-01
8.43102800e-06,3.84562715e-01
8.43112800e-06,3.84549438e-01
8.43122800e-06,3.84535971e-01
8.43132800e-06,3.84522710e-01
8.43142800e-06,3.84509260e-01
8.43152800e-06,3.84496014e-01
8.43162800e-06,3.84482581e-01
8.43172800e-06,3.84469350e-01
8.43182800e-06,3.84455935e-01
8.43192800e-06,3.84442720e-01
8.43202800e-06,3.84429322e-01
8.43212800e-06,3.84416121e-01
8.43222800e-06,3.84402741e-01
8.43232800e-06,3.84389556e-01
8.43242800e-06,3.84376192e-01
8.43252800e-06,3.84363022e-01
8.43262800e-06,3.84349676e-01
8.43272800e-06,3.84336521e-01
8.43282800e-06,3.84323192e-01
8.43292800e-06,3.84310052e-01
8.43302800e-06,3.84296740e-01
8.43312800e-06,3.84283615e-01
8.43322800e-06,3.84270321e-01
8.43332800e-06,3.84257211e-01
8.43342800e-06,3.84243933e-01
8.43352800e-06,3.84230839e-01
8.43362800e-06,3.84217578e-01
8.43372800e-06,3.84204498e-01
8.43382800e-06,3.84191254e-01
8.43392800e-06,3.84178190e-01
8.43402800e-06,3.84164963e-01
8.43412800e-06,3.84151913e-01
8.43422800e-06,3.84138703e-01
8.43432800e-06,3.84125669e-01
8.43442800e-06,3.84112476e-01
8.43452800e-06,3.84099456e-01
8.43462800e-06,3.84086280e-01
8.43472800e-06,3.84073275e-01
8.43482800e-06,3.84060116e-01
8.43492800e-06,3.84047126e-01
8.43502800e-06,3.84033984e-01
8.43512800e-06,3.84021009e-01
8.43522800e-06,3.84007883e-01
8.43532800e-06,3.83994923e-01
8.43542800e-06,3.83981814e-01
8.43552800e-06,3.83968868e-01
8.43562800e-06,3.83955776e-01
8.43572800e-06,3.83942846e-01
8.43582800e-06,3.83929770e-01
8.43592800e-06,3.83916854e-01
8.43602800e-06,3.83903796e-01
8.43612800e-06,3.83890894e-01
8.43622800e-06,3.83877853e-01
8.43632800e-06,3.83864966e-01
8.43642800e-06,3.83851941e-01
8.43652800e-06,3.83839069e-01
8.43662800e-06,3.83826060e-01
8.43672800e-06,3.83813203e-01
8.43682800e-06,3.83800211e-01
8.43692800e-06,3.83787368e-01
8.43702800e-06,3.83774393e-01
8.43712800e-06,3.83761565e-01
8.43722800e-06,3.83748606e-01
8.43732800e-06,3.83735793e-01
8.43742800e-06,3.83722850e-01
8.43752800e-06,3.83710051e-01
8.43762800e-06,3.83697125e-01
8.43772800e-06,3.83684341e-01
8.43782800e-06,3.83671432e-01
8.43792800e-06,3.83658662e-01
8.43802800e-06,3.83645769e-01
8.43812800e-06,3.83633013e-01
8.43822800e-06,3.83620137e-01
8.43832800e-06,3.83607396e-01
8.43842800e-06,3.83594536e-01
8.43852800e-06,3.83581809e-01
8.43862800e-06,3.83568965e-01
8.43872800e-06,3.83556253e-01
8.43882800e-06,3.83543426e-01
8.43892800e-06,3.83530728e-01
8.43902800e-06,3.83517917e-01
8.43912800e-06,3.83505234e-01
8.43922800e-06,3.83492439e-01
8.43932800e-06,3.83479770e-01
8.43942800e-06,3.83466991e-01
8.43952800e-06,3.83454337e-01
8.43962800e-06,3.83441574e-01
8.43972800e-06,3.83428934e-01
8.43982800e-06,3.83416188e-01
8.43992800e-06,3.83403562e-01
8.44002800e-06,3.83390832e-01
8.44012800e-06,3.83378220e-01
8.44022800e-06,3.83365506e-01
8.44032800e-06,3.83352909e-01
8.44042800e-06,3.83340211e-01
8.44052800e-06,3.83327628e-01
8.44062800e-06,3.83314946e-01
8.44072800e-06,3.83302377e-01
8.44082800e-06,3.83289711e-01
8.44092800e-06,3.83277156e-01
8.44102800e-06,3.83264507e-01
8.44112800e-06,3.83251966e-01
8.44122800e-06,3.83239333e-01
8.44132800e-06,3.83226806e-01
8.44142800e-06,3.83214189e-01
8.44152800e-06,3.83201676e-01
8.44162800e-06,3.83189075e-01
8.44172800e-06,3.83176576e-01
8.44182800e-06,3.83163991e-01
8.44192800e-06,3.83151506e-01
8.44202800e-06,3.83138937e-01
8.44212800e-06,3.83126466e-01
8.44222800e-06,3.83113913e-01
8.44232800e-06,3.83101456e-01
8.44242800e-06,3.83088919e-01
8.44252800e-06,3.83076476e-01
8.44262800e-06,3.83063955e-01
8.44272800e-06,3.83051526e-01
8.44282800e-06,3.83039020e-01
8.44292800e-06,3.83026606e-01
8.44302800e-06,3.83014116e-01
8.44312800e-06,3.83001715e-01
8.44322800e-06,3.82989241e-01
8.44332800e-06,3.82976854e-01
8.44342800e-06,3.82964396e-01
8.44352800e-06,3.82952023e-01
8.44362800e-06,3.82939580e-01
8.44372800e-06,3.82927221e-01
8.44382800e-06,3.82914794e-01
8.44392800e-06,3.82902449e-01
8.44402800e-06,3.82890038e-01
8.44412800e-06,3.82877706e-01
8.44422800e-06,3.82865311e-01
8.44432800e-06,3.82852993e-01
8.44442800e-06,3.82840613e-01
8.44452800e-06,3.82828309e-01
8.44462800e-06,3.82815945e-01
8.44472800e-06,3.82803655e-01
8.44482800e-06,3.82791307e-01
8.44492800e-06,3.82779030e-01
8.44502800e-06,3.82766697e-01
8.44512800e-06,3.82754434e-01
8.44522800e-06,3.82742117e-01
8.44532800e-06,3.82729868e-01
8.44542800e-06,3.82717566e-01
8.44552800e-06,3.82705331e-01
8.44562800e-06,3.82693045e-01
8.44572800e-06,3.82680823e-01
8.44582800e-06,3.82668552e-01
8.44592800e-06,3.82656344e-01
8.44602800e-06,3.82644089e-01
8.44612800e-06,3.82631894e-01
8.44622800e-06,3.82619655e-01
8.44632800e-06,3.82607474e-01
8.44642800e-06,3.82595250e-01
8.44652800e-06,3.82583082e-01
8.44662800e-06,3.82570873e-01
8.44672800e-06,3.82558719e-01
8.44682800e-06,3.82546526e-01
8.44692800e-06,3.82534385e-01
8.44702800e-06,3.82522208e-01
8.44712800e-06,3.82510080e-01
8.44722800e-06,3.82497918e-01
8.44732800e-06,3.82485804e-01
8.44742800e-06,3.82473657e-01
8.44752800e-06,3.82461557e-01
8.44762800e-06,3.82449425e-01
8.44772800e-06,3.82437339e-01
8.44782800e-06,3.82425222e-01
8.44792800e-06,3.82413149e-01
8.44802800e-06,3.82401048e-01
8.44812800e-06,3.82388988e-01
8.44822800e-06,3.82376902e-01
8.44832800e-06,3.82364855e-01
8.44842800e-06,3.82352781e-01
8.44852800e-06,3.82340744e-01
8.44862800e-06,3.82328691e-01
8.44872800e-06,3.82316672e-01
8.44882800e-06,3.82304633e-01
8.44892800e-06,3.82292627e-01
8.44902800e-06,3.82280599e-01
8.44912800e-06,3.82268603e-01
8.44922800e-06,3.82256595e-01
8.44932800e-06,3.82244617e-01
8.44942800e-06,3.82232619e-01
8.44952800e-06,3.82220650e-01
8.44962800e-06,3.82208673e-01
8.44972800e-06,3.82196721e-01
8.44982800e-06,3.82184754e-01
8.44992800e-06,3.82172812e-01
8.45002800e-06,3.82160865e-01
8.45012800e-06,3.82148940e-01
8.45022800e-06,3.82137003e-01
8.45032800e-06,3.82125087e-01
8.45042800e-06,3.82113170e-01
8.45052800e-06,3.82101271e-01
8.45062800e-06,3.82089364e-01
8.45072800e-06,3.82077475e-01
8.45082800e-06,3.82065584e-01
8.45092800e-06,3.82053709e-01
8.45102800e-06,3.82041838e-01
8.45112800e-06,3.82029979e-01
8.45122800e-06,3.82018117e-01
8.45132800e-06,3.82006267e-01
8.45142800e-06,3.81994421e-01
8.45152800e-06,3.81982585e-01
8.45162800e-06,3.81970755e-01
8.45172800e-06,3.81958932e-01
8.45182800e-06,3.81947117e-01
8.45192800e-06,3.81935308e-01
8.45202800e-06,3.81923508e-01
8.45212800e-06,3.81911712e-01
8.45222800e-06,3.81899927e-01
8.45232800e-06,3.81888144e-01
8.45242800e-06,3.81876373e-01
8.45252800e-06,3.81864603e-01
8.45262800e-06,3.81852848e-01
8.45272800e-06,3.81841091e-01
8.45282800e-06,3.81829350e-01
8.45292800e-06,3.81817606e-01
8.45302800e-06,3.81805880e-01
8.45312800e-06,3.81794149e-01
8.45322800e-06,3.81782438e-01
8.45332800e-06,3.81770720e-01
8.45342800e-06,3.81759024e-01
8.45352800e-06,3.81747318e-01
8.45362800e-06,3.81735637e-01
8.45372800e-06,3.81723944e-01
8.45382800e-06,3.81712277e-01
8.45392800e-06,3.81700598e-01
8.45402800e-06,3.81688946e-01
8.45412800e-06,3.81677279e-01
8.45422800e-06,3.81665641e-01
8.45432800e-06,3.81653987e-01
8.45442800e-06,3.81642364e-01
8.45452800e-06,3.81630723e-01
8.45462800e-06,3.81619115e-01
8.45472800e-06,3.81607486e-01
8.45482800e-06,3.81595893e-01
8.45492800e-06,3.81584277e-01
8.45502800e-06,3.81572698e-01
8.45512800e-06,3.81561095e-01
8.45522800e-06,3.81549531e-01
8.45532800e-06,3.81537940e-01
8.45542800e-06,3.81526390e-01
8.45552800e-06,3.81514813e-01
8.45562800e-06,3.81503278e-01
8.45572800e-06,3.81491713e-01
8.45582800e-06,3.81480192e-01
8.45592800e-06,3.81468640e-01
8.45602800e-06,3.81457133e-01
8.45612800e-06,3.81445594e-01
8.45622800e-06,3.81434102e-01
8.45632800e-06,3.81422575e-01
8.45642800e-06,3.81411098e-01
8.45652800e-06,3.81399583e-01
8.45662800e-06,3.81388121e-01
8.45672800e-06,3.81376619e-01
8.45682800e-06,3.81365170e-01
8.45692800e-06,3.81353681e-01
8.45702800e-06,3.81342247e-01
8.45712800e-06,3.81330771e-01
8.45722800e-06,3.81319351e-01
8.45732800e-06,3.81307887e-01
8.45742800e-06,3.81296482e-01
8.45752800e-06,3.81285030e-01
8.45762800e-06,3.81273639e-01
8.45772800e-06,3.81262200e-01
8.45782800e-06,3.81250824e-01
8.45792800e-06,3.81239397e-01
8.45802800e-06,3.81228035e-01
8.45812800e-06,3.81216621e-01
8.45822800e-06,3.81205273e-01
8.45832800e-06,3.81193872e-01
8.45842800e-06,3.81182538e-01
8.45852800e-06,3.81171149e-01
8.45862800e-06,3.81159830e-01
8.45872800e-06,3.81148453e-01
8.45882800e-06,3.81137148e-01
8.45892800e-06,3.81125784e-01
8.45902800e-06,3.81114493e-01
8.45912800e-06,3.81103141e-01
8.45922800e-06,3.81091865e-01
8.45932800e-06,3.81080526e-01
8.45942800e-06,3.81069263e-01
8.45952800e-06,3.81057936e-01
8.45962800e-06,3.81046688e-01
8.45972800e-06,3.81035373e-01
8.45982800e-06,3.81024139e-01
8.45992800e-06,3.81012837e-01
8.46002800e-06,3.81001617e-01
8.46012800e-06,3.80990327e-01
8.46022800e-06,3.80979121e-01
8.46032800e-06,3.80967844e-01
8.46042800e-06,3.80956652e-01
8.46052800e-06,3.80945387e-01
8.46062800e-06,3.80934209e-01
8.46072800e-06,3.80922956e-01
8.46082800e-06,3.80911792e-01
8.46092800e-06,3.80900552e-01
8.46102800e-06,3.80889402e-01
8.46112800e-06,3.80878174e-01
8.46122800e-06,3.80867038e-01
8.46132800e-06,3.80855822e-01
8.46142800e-06,3.80844701e-01
8.46152800e-06,3.80833497e-01
8.46162800e-06,3.80822389e-01
8.46172800e-06,3.80811198e-01
8.46182800e-06,3.80800104e-01
8.46192800e-06,3.80788925e-01
8.46202800e-06,3.80777845e-01
8.46212800e-06,3.80766678e-01
8.46222800e-06,3.80755612e-01
8.46232800e-06,3.80744457e-01
8.46242800e-06,3.80733406e-01
8.46252800e-06,3.80722262e-01
8.46262800e-06,3.80711225e-01
8.46272800e-06,3.80700094e-01
8.46282800e-06,3.80689070e-01
8.46292800e-06,3.80677951e-01
8.46302800e-06,3.80666942e-01
8.46312800e-06,3.80655835e-01
8.46322800e-06,3.80644839e-01
8.46332800e-06,3.80633744e-01
8.46342800e-06,3.80622763e-01
8.46352800e-06,3.80611680e-01
8.46362800e-06,3.80600712e-01
8.46372800e-06,3.80589641e-01
8.46382800e-06,3.80578687e-01
8.46392800e-06,3.80567629e-01
8.46402800e-06,3.80556688e-01
8.46412800e-06,3.80545642e-01
8.46422800e-06,3.80534715e-01
8.46432800e-06,3.80523681e-01
8.46442800e-06,3.80512768e-01
8.46452800e-06,3.80501745e-01
8.46462800e-06,3.80490846e-01
8.46472800e-06,3.80479836e-01
8.46482800e-06,3.80468951e-01
8.46492800e-06,3.80457952e-01
8.46502800e-06,3.80447081e-01
8.46512800e-06,3.80436094e-01
8.46522800e-06,3.80425237e-01
8.46532800e-06,3.80414262e-01
8.46542800e-06,3.80403418e-01
8.46552800e-06,3.80392455e-01
8.46562800e-06,3.80381625e-01
8.46572800e-06,3.80370674e-01
8.46582800e-06,3.80359858e-01
8.46592800e-06,3.80348919e-01
8.46602800e-06,3.80338116e-01
8.46612800e-06,3.80327189e-01
8.46622800e-06,3.80316400e-01
8.46632800e-06,3.80305485e-01
8.46642800e-06,3.80294709e-01
8.46652800e-06,3.80283806e-01
8.46662800e-06,3.80273044e-01
8.46672800e-06,3.80262153e-01
8.46682800e-06,3.80251404e-01
8.46692800e-06,3.80240525e-01
8.46702800e-06,3.80229790e-01
8.46712800e-06,3.80218922e-01
8.46722800e-06,3.80208201e-01
8.46732800e-06,3.80197345e-01
8.46742800e-06,3.80186637e-01
8.46752800e-06,3.80175793e-01
8.46762800e-06,3.80165099e-01
8.46772800e-06,3.80154267e-01
8.46782800e-06,3.80143586e-01
8.46792800e-06,3.80132766e-01
8.46802800e-06,3.80122099e-01
8.46812800e-06,3.80111290e-01
8.46822800e-06,3.80100637e-01
8.46832800e-06,3.80089840e-01
8.46842800e-06,3.80079200e-01
8.46852800e-06,3.80068414e-01
8.46862800e-06,3.80057788e-01
8.46872800e-06,3.80047014e-01
8.46882800e-06,3.80036401e-01
8.46892800e-06,3.80025640e-01
8.46902800e-06,3.80015040e-01
8.46912800e-06,3.80004290e-01
8.46922800e-06,3.79993704e-01
8.46932800e-06,3.79982965e-01
8.46942800e-06,3.79972393e-01
8.46952800e-06,3.79961666e-01
8.46962800e-06,3.79951106e-01
8.46972800e-06,3.79940391e-01
8.46982800e-06,3.79929845e-01
8.46992800e-06,3.79919142e-01
8.47002800e-06,3.79908609e-01
8.47012800e-06,3.79897918e-01
8.47022800e-06,3.79887398e-01
8.47032800e-06,3.79876718e-01
8.47042800e-06,3.79866212e-01
8.47052800e-06,3.79855544e-01
8.47062800e-06,3.79845051e-01
8.47072800e-06,3.79834394e-01
8.47082800e-06,3.79823915e-01
8.47092800e-06,3.79813270e-01
8.47102800e-06,3.79802804e-01
8.47112800e-06,3.79792170e-01
8.47122800e-06,3.79781718e-01
8.47132800e-06,3.79771096e-01
8.47142800e-06,3.79760656e-01
8.47152800e-06,3.79750046e-01
8.47162800e-06,3.79739620e-01
8.47172800e-06,3.79729020e-01
8.47182800e-06,3.79718608e-01
8.47192800e-06,3.79708020e-01
8.47202800e-06,3.79697621e-01
8.47212800e-06,3.79687045e-01
8.47222800e-06,3.79676658e-01
8.47232800e-06,3.79666094e-01
8.47242800e-06,3.79655721e-01
8.47252800e-06,3.79645168e-01
8.47262800e-06,3.79634808e-01
8.47272800e-06,3.79624266e-01
8.47282800e-06,3.79613920e-01
8.47292800e-06,3.79603389e-01
8.47302800e-06,3.79593056e-01
8.47312800e-06,3.79582537e-01
8.47322800e-06,3.79572217e-01
8.47332800e-06,3.79561710e-01
8.47342800e-06,3.79551403e-01
8.47352800e-06,3.79540907e-01
8.47362800e-06,3.79530613e-01
8.47372800e-06,3.79520129e-01
8.47382800e-06,3.79509848e-01
8.47392800e-06,3.79499375e-01
8.47402800e-06,3.79489107e-01
8.47412800e-06,3.79478646e-01
8.47422800e-06,3.79468391e-01
8.47432800e-06,3.79457941e-01
8.47442800e-06,3.79447699e-01
8.47452800e-06,3.79437261e-01
8.47462800e-06,3.79427032e-01
8.47472800e-06,3.79416605e-01
8.47482800e-06,3.79406389e-01
8.47492800e-06,3.79395973e-01
8.47502800e-06,3.79385771e-01
8.47512800e-06,3.79375366e-01
8.47522800e-06,3.79365177e-01
8.47532800e-06,3.79354784e-01
8.47542800e-06,3.79344608e-01
8.47552800e-06,3.79334225e-01
8.47562800e-06,3.79324062e-01
8.47572800e-06,3.79313692e-01
8.47582800e-06,3.79303542e-01
8.47592800e-06,3.79293182e-01
8.47602800e-06,3.79283045e-01
8.47612800e-06,3.79272697e-01
8.47622800e-06,3.79262573e-01
8.47632800e-06,3.79252236e-01
8.47642800e-06,3.79242125e-01
8.47652800e-06,3.79231799e-01
8.47662800e-06,3.79221701e-01
8.47672800e-06,3.79211386e-01
8.47682800e-06,3.79201301e-01
8.47692800e-06,3.79190998e-01
8.47702800e-06,3.79180926e-01
8.47712800e-06,3.79170634e-01
8.47722800e-06,3.79160575e-01
8.47732800e-06,3.79150294e-01
8.47742800e-06,3.79140247e-01
8.47752800e-06,3.79129978e-01
8.47762800e-06,3.79119945e-01
8.47772800e-06,3.79109686e-01
8.47782800e-06,3.79099666e-01
8.47792800e-06,3.79089418e-01
8.47802800e-06,3.79079411e-01
8.47812800e-06,3.79069175e-01
8.47822800e-06,3.79059180e-01
8.47832800e-06,3.79048955e-01
8.47842800e-06,3.79038973e-01
8.47852800e-06,3.79028760e-01
8.47862800e-06,3.79018791e-01
8.47872800e-06,3.79008588e-01
8.47882800e-06,3.78998632e-01
8.47892800e-06,3.78988441e-01
8.47902800e-06,3.78978497e-01
8.47912800e-06,3.78968317e-01
8.47922800e-06,3.78958386e-01
8.47932800e-06,3.78948217e-01
8.47942800e-06,3.78938300e-01
8.47952800e-06,3.78928142e-01
8.47962800e-06,3.78918237e-01
8.47972800e-06,3.78908090e-01
8.47982800e-06,3.78898198e-01
8.47992800e-06,3.78888062e-01
8.48002800e-06,3.78878183e-01
8.48012800e-06,3.78868058e-01
8.48022800e-06,3.78858191e-01
8.48032800e-06,3.78848078e-01
8.48042800e-06,3.78838224e-01
8.48052800e-06,3.78828121e-01
8.48062800e-06,3.78818280e-01
8.48072800e-06,3.78808189e-01
8.48082800e-06,3.78798360e-01
8.48092800e-06,3.78788280e-01
8.48102800e-06,3.78778464e-01
8.48112800e-06,3.78768395e-01
8.48122800e-06,3.78758592e-01
8.48132800e-06,3.78748533e-01
8.48142800e-06,3.78738743e-01
8.48152800e-06,3.78728696e-01
8.48162800e-06,3.78718918e-01
8.48172800e-06,3.78708882e-01
8.48182800e-06,3.78699117e-01
8.48192800e-06,3.78689092e-01
8.48202800e-06,3.78679340e-01
8.48212800e-06,3.78669325e-01
8.48222800e-06,3.78659586e-01
8.48232800e-06,3.78649582e-01
8.48242800e-06,3.78639856e-01
8.48252800e-06,3.78629863e-01
8.48262800e-06,3.78620149e-01
8.48272800e-06,3.78610168e-01
8.48282800e-06,3.78600466e-01
8.48292800e-06,3.78590495e-01
8.48302800e-06,3.78580807e-01
8.48312800e-06,3.78570847e-01
8.48322800e-06,3.78561171e-01
8.48332800e-06,3.78551222e-01
8.48342800e-06,3.78541558e-01
8.48352800e-06,3.78531621e-01
8.48362800e-06,3.78521970e-01
8.48372800e-06,3.78512043e-01
8.48382800e-06,3.78502404e-01
8.48392800e-06,3.78492489e-01
8.48402800e-06,3.78482863e-01
8.48412800e-06,3.78472958e-01
8.48422800e-06,3.78463344e-01
8.48432800e-06,3.78453450e-01
8.48442800e-06,3.78443849e-01
8.48452800e-06,3.78433966e-01
8.48462800e-06,3.78424378e-01
8.48472800e-06,3.78414506e-01
8.48482800e-06,3.78404930e-01
8.48492800e-06,3.78395069e-01
8.48502800e-06,3.78385505e-01
8.48512800e-06,3.78375655e-01
8.48522800e-06,3.78366104e-01
8.48532800e-06,3.78356264e-01
8.48542800e-06,3.78346726e-01
8.48552800e-06,3.78336897e-01
8.48562800e-06,3.78327372e-01
8.48572800e-06,3.78317554e-01
8.48582800e-06,3.78308041e-01
8.48592800e-06,3.78298233e-01
8.48602800e-06,3.78288733e-01
8.48612800e-06,3.78278936e-01
8.48622800e-06,3.78269448e-01
8.48632800e-06,3.78259663e-01
8.48642800e-06,3.78250187e-01
8.48652800e-06,3.78240412e-01
8.48662800e-06,3.78230949e-01
8.48672800e-06,3.78221185e-01
8.48682800e-06,3.78211734e-01
8.48692800e-06,3.78201981e-01
8.48702800e-06,3.78192542e-01
8.48712800e-06,3.78182800e-01
8.48722800e-06,3.78173374e-01
8.48732800e-06,3.78163643e-01
8.48742800e-06,3.78154229e-01
8.48752800e-06,3.78144508e-01
8.48762800e-06,3.78135107e-01
8.48772800e-06,3.78125397e-01
8.48782800e-06,3.78116008e-01
8.48792800e-06,3.78106309e-01
8.48802800e-06,3.78096932e-01
8.48812800e-06,3.78087244e-01
8.48822800e-06,3.78077880e-01
8.48832800e-06,3.78068202e-01
8.48842800e-06,3.78058851e-01
8.48852800e-06,3.78049183e-01
8.48862800e-06,3.78039844e-01
8.48872800e-06,3.78030188e-01
8.48882800e-06,3.78020861e-01
8.48892800e-06,3.78011215e-01
8.48902800e-06,3.78001901e-01
8.48912800e-06,3.77992266e-01
8.48922800e-06,3.77982964e-01
8.48932800e-06,3.77973339e-01
8.48942800e-06,3.77964050e-01
8.48952800e-06,3.77954436e-01
8.48962800e-06,3.77945159e-01
8.48972800e-06,3.77935556e-01
8.48982800e-06,3.77926291e-01
8.48992800e-06,3.77916698e-01
8.49002800e-06,3.77907446e-01
8.49012800e-06,3.77897864e-01
8.49022800e-06,3.77888623e-01
8.49032800e-06,3.77879053e-01
8.49042800e-06,3.77869824e-01
8.49052800e-06,3.77860264e-01
8.49062800e-06,3.77851048e-01
8.49072800e-06,3.77841499e-01
8.49082800e-06,3.77832295e-01
8.49092800e-06,3.77822756e-01
8.49102800e-06,3.77813565e-01
8.49112800e-06,3.77804037e-01
8.49122800e-06,3.77794857e-01
8.49132800e-06,3.77785340e-01
8.49142800e-06,3.77776173e-01
8.49152800e-06,3.77766666e-01
8.49162800e-06,3.77757511e-01
8.49172800e-06,3.77748015e-01
8.49182800e-06,3.77738873e-01
8.49192800e-06,3.77729387e-01
8.49202800e-06,3.77720257e-01
8.49212800e-06,3.77710782e-01
8.49222800e-06,3.77701664e-01
8.49232800e-06,3.77692199e-01
8.49242800e-06,3.77683094e-01
8.49252800e-06,3.77673640e-01
8.49262800e-06,3.77664546e-01
8.49272800e-06,3.77655103e-01
8.49282800e-06,3.77646022e-01
8.49292800e-06,3.77636589e-01
8.49302800e-06,3.77627520e-01
8.49312800e-06,3.77618098e-01
8.49322800e-06,3.77609041e-01
8.49332800e-06,3.77599629e-01
8.49342800e-06,3.77590585e-01
8.49352800e-06,3.77581184e-01
8.49362800e-06,3.77572151e-01
8.49372800e-06,3.77562761e-01
8.49382800e-06,3.77553741e-01
8.49392800e-06,3.77544361e-01
8.49402800e-06,3.77535352e-01
8.49412800e-06,3.77525983e-01
8.49422800e-06,3.77516987e-01
8.49432800e-06,3.77507628e-01
8.49442800e-06,3.77498644e-01
8.49452800e-06,3.77489296e-01
8.49462800e-06,3.77480325e-01
8.49472800e-06,3.77470987e-01
8.49482800e-06,3.77462027e-01
8.49492800e-06,3.77452700e-01
8.49502800e-06,3.77443753e-01
8.49512800e-06,3.77434436e-01
8.49522800e-06,3.77425501e-01
8.49532800e-06,3.77416195e-01
8.49542800e-06,3.77407271e-01
8.49552800e-06,3.77397976e-01
8.49562800e-06,3.77389065e-01
8.49572800e-06,3.77379780e-01
8.49582800e-06,3.77370881e-01
8.49592800e-06,3.77361606e-01
8.49602800e-06,3.77352719e-01
8.49612800e-06,3.77343455e-01
8.49622800e-06,3.77334580e-01
8.49632800e-06,3.77325327e-01
8.49642800e-06,3.77316464e-01
8.49652800e-06,3.77307221e-01
8.49662800e-06,3.77298370e-01
8.49672800e-06,3.77289138e-01
8.49682800e-06,3.77280299e-01
8.49692800e-06,3.77271077e-01
8.49702800e-06,3.77262250e-01
8.49712800e-06,3.77253039e-01
8.49722800e-06,3.77244224e-01
8.49732800e-06,3.77235023e-01
8.49742800e-06,3.77226221e-01
8.49752800e-06,3.77217030e-01
8.49762800e-06,3.77208239e-01
8.49772800e-06,3.77199059e-01
8.49782800e-06,3.77190281e-01
8.49792800e-06,3.77181111e-01
8.49802800e-06,3.77172345e-01
8.49812800e-06,3.77163185e-01
8.49822800e-06,3.77154431e-01
8.49832800e-06,3.77145282e-01
8.49842800e-06,3.77136540e-01
8.49852800e-06,3.77127402e-01
8.49862800e-06,3.77118671e-01
8.49872800e-06,3.77109543e-01
8.49882800e-06,3.77100825e-01
8.49892800e-06,3.77091707e-01
8.49902800e-06,3.77083001e-01
8.49912800e-06,3.77073894e-01
8.49922800e-06,3.77065200e-01
8.49932800e-06,3.77056103e-01
8.49942800e-06,3.77047421e-01
8.49952800e-06,3.77038335e-01
8.49962800e-06,3.77029665e-01
8.49972800e-06,3.77020589e-01
8.49982800e-06,3.77011930e-01
8.49992800e-06,3.77002865e-01
8.50002800e-06,3.76994219e-01
8.50012800e-06,3.76985164e-01
8.50022800e-06,3.76976529e-01
8.50032800e-06,3.76967485e-01
8.50042800e-06,3.76958862e-01
8.50052800e-06,3.76949828e-01
8.50062800e-06,3.76941218e-01
8.50072800e-06,3.76932194e-01
8.50082800e-06,3.76923596e-01
8.50092800e-06,3.76914582e-01
8.50102800e-06,3.76905996e-01
8.50112800e-06,3.76896993e-01
8.50122800e-06,3.76888418e-01
8.50132800e-06,3.76879425e-01
8.50142800e-06,3.76870863e-01
8.50152800e-06,3.76861881e-01
8.50162800e-06,3.76853330e-01
8.50172800e-06,3.76844358e-01
8.50182800e-06,3.76835819e-01
8.50192800e-06,3.76826858e-01
8.50202800e-06,3.76818331e-01
8.50212800e-06,3.76809380e-01
8.50222800e-06,3.76800865e-01
8.50232800e-06,3.76791924e-01
8.50242800e-06,3.76783422e-01
8.50252800e-06,3.76774491e-01
8.50262800e-06,3.76766000e-01
8.50272800e-06,3.76757080e-01
8.50282800e-06,3.76748601e-01
8.50292800e-06,3.76739691e-01
8.50302800e-06,3.76731224e-01
8.50312800e-06,3.76722325e-01
8.50322800e-06,3.76713869e-01
8.50332800e-06,3.76704980e-01
8.50342800e-06,3.76696537e-01
8.50352800e-06,3.76687658e-01
8.50362800e-06,3.76679227e-01
8.50372800e-06,3.76670359e-01
8.50382800e-06,3.76661939e-01
8.50392800e-06,3.76653081e-01
8.50402800e-06,3.76644674e-01
8.50412800e-06,3.76635826e-01
8.50422800e-06,3.76627430e-01
8.50432800e-06,3.76618593e-01
8.50442800e-06,3.76610209e-01
8.50452800e-06,3.76601382e-01
8.50462800e-06,3.76593010e-01
8.50472800e-06,3.76584193e-01
8.50482800e-06,3.76575833e-01
8.50492800e-06,3.76567027e-01
8.50502800e-06,3.76558678e-01
8.50512800e-06,3.76549882e-01
8.50522800e-06,3.76541546e-01
8.50532800e-06,3.76532760e-01
8.50542800e-06,3.76524436e-01
8.50552800e-06,3.76515660e-01
8.50562800e-06,3.76507348e-01
8.50572800e-06,3.76498582e-01
8.50582800e-06,3.76490282e-01
8.50592800e-06,3.76481527e-01
8.50602800e-06,3.76473238e-01
8.50612800e-06,3.76464493e-01
8.50622800e-06,3.76456216e-01
8.50632800e-06,3.76447482e-01
8.50642800e-06,3.76439217e-01
8.50652800e-06,3.76430493e-01
8.50662800e-06,3.76422239e-01
8.50672800e-06,3.76413526e-01
8.50682800e-06,3.76405284e-01
8.50692800e-06,3.76396581e-01
8.50702800e-06,3.76388351e-01
8.50712800e-06,3.76379658e-01
8.50722800e-06,3.76371440e-01
8.50732800e-06,3.76362757e-01
8.50742800e-06,3.76354551e-01
8.50752800e-06,3.76345879e-01
8.50762800e-06,3.76337685e-01
8.50772800e-06,3.76329023e-01
8.50782800e-06,3.76320840e-01
8.50792800e-06,3.76312188e-01
8.50802800e-06,3.76304018e-01
8.50812800e-06,3.76295376e-01
8.50822800e-06,3.76287217e-01
8.50832800e-06,3.76278586e-01
8.50842800e-06,3.76270439e-01
8.50852800e-06,3.76261818e-01
8.50862800e-06,3.76253683e-01
8.50872800e-06,3.76245072e-01
8.50882800e-06,3.76236949e-01
8.50892800e-06,3.76228348e-01
8.50902800e-06,3.76220237e-01
8.50912800e-06,3.76211647e-01
8.50922800e-06,3.76203547e-01
8.50932800e-06,3.76194967e-01
8.50942800e-06,3.76186879e-01
8.50952800e-06,3.76178309e-01
8.50962800e-06,3.76170233e-01
8.50972800e-06,3.76161674e-01
8.50982800e-06,3.76153609e-01
8.50992800e-06,3.76145060e-01
8.51002800e-06,3.76137008e-01
8.51012800e-06,3.76128469e-01
8.51022800e-06,3.76120428e-01
8.51032800e-06,3.76111900e-01
8.51042800e-06,3.76103871e-01
8.51052800e-06,3.76095352e-01
8.51062800e-06,3.76087335e-01
8.51072800e-06,3.76078827e-01
8.51082800e-06,3.76070822e-01
8.51092800e-06,3.76062324e-01
8.51102800e-06,3.76054330e-01
8.51112800e-06,3.76045843e-01
8.51122800e-06,3.76037861e-01
8.51132800e-06,3.76029384e-01
8.51142800e-06,3.76021414e-01
8.51152800e-06,3.76012946e-01
8.51162800e-06,3.76004988e-01
8.51172800e-06,3.75996531e-01
8.51182800e-06,3.75988585e-01
8.51192800e-06,3.75980138e-01
8.51202800e-06,3.75972204e-01
8.51212800e-06,3.75963767e-01
8.51222800e-06,3.75955845e-01
8.51232800e-06,3.75947418e-01
8.51242800e-06,3.75939507e-01
8.51252800e-06,3.75931091e-01
8.51262800e-06,3.75923192e-01
8.51272800e-06,3.75914787e-01
8.51282800e-06,3.75906899e-01
8.51292800e-06,3.75898504e-01
8.51302800e-06,3.75890628e-01
8.51312800e-06,3.75882243e-01
8.51322800e-06,3.75874379e-01
8.51332800e-06,3.75866004e-01
8.51342800e-06,3.75858152e-01
8.51352800e-06,3.75849787e-01
8.51362800e-06,3.75841947e-01
8.51372800e-06,3.75833592e-01
8.51382800e-06,3.75825764e-01
8.51392800e-06,3.75817419e-01
8.51402800e-06,3.75809602e-01
8.51412800e-06,3.75801269e-01
8.51422800e-06,3.75793463e-01
8.51432800e-06,3.75785140e-01
8.51442800e-06,3.75777346e-01
8.51452800e-06,3.75769033e-01
8.51462800e-06,3.75761251e-01
8.51472800e-06,3.75752948e-01
8.51482800e-06,3.75745178e-01
8.51492800e-06,3.75736885e-01
8.51502800e-06,3.75729127e-01
8.51512800e-06,3.75720844e-01
8.51522800e-06,3.75713098e-01
8.51532800e-06,3.75704826e-01
8.51542800e-06,3.75697091e-01
8.51552800e-06,3.75688829e-01
8.51562800e-06,3.75681106e-01
8.51572800e-06,3.75672854e-01
8.51582800e-06,3.75665143e-01
8.51592800e-06,3.75656901e-01
8.51602800e-06,3.75649202e-01
8.51612800e-06,3.75640970e-01
8.51622800e-06,3.75633282e-01
8.51632800e-06,3.75625061e-01
8.51642800e-06,3.75617385e-01
8.51652800e-06,3.75609174e-01
8.51662800e-06,3.75601510e-01
8.51672800e-06,3.75593309e-01
8.51682800e-06,3.75585657e-01
8.51692800e-06,3.75577467e-01
8.51702800e-06,3.75569826e-01
8.51712800e-06,3.75561646e-01
8.51722800e-06,3.75554017e-01
8.51732800e-06,3.75545847e-01
8.51742800e-06,3.75538230e-01
8.51752800e-06,3.75530070e-01
8.51762800e-06,3.75522464e-01
8.51772800e-06,3.75514315e-01
8.51782800e-06,3.75506721e-01
8.51792800e-06,3.75498582e-01
8.51802800e-06,3.75491000e-01
8.51812800e-06,3.75482871e-01
8.51822800e-06,3.75475301e-01
8.51832800e-06,3.75467182e-01
8.51842800e-06,3.75459624e-01
8.51852800e-06,3.75451515e-01
8.51862800e-06,3.75443968e-01
8.51872800e-06,3.75435870e-01
8.51882800e-06,3.75428335e-01
8.51892800e-06,3.75420247e-01
8.51902800e-06,3.75412724e-01
8.51912800e-06,3.75404646e-01
8.51922800e-06,3.75397135e-01
8.51932800e-06,3.75389067e-01
8.51942800e-06,3.75381568e-01
8.51952800e-06,3.75373510e-01
8.51962800e-06,3.75366022e-01
8.51972800e-06,3.75357976e-01
8.51982800e-06,3.75350499e-01
8.51992800e-06,3.75342463e-01
8.52002800e-06,3.75334998e-01
8.52012800e-06,3.75326972e-01
8.52022800e-06,3.75319519e-01
8.52032800e-06,3.75311503e-01
8.52042800e-06,3.75304062e-01
8.52052800e-06,3.75296056e-01
8.52062800e-06,3.75288626e-01
8.52072800e-06,3.75280631e-01
8.52082800e-06,3.75273213e-01
8.52092800e-06,3.75265228e-01
8.52102800e-06,3.75257822e-01
8.52112800e-06,3.75249847e-01
8.52122800e-06,3.75242453e-01
8.52132800e-06,3.75234488e-01
8.52142800e-06,3.75227106e-01
8.52152800e-06,3.75219152e-01
8.52162800e-06,3.75211781e-01
8.52172800e-06,3.75203837e-01
8.52182800e-06,3.75196478e-01
8.52192800e-06,3.75188544e-01
8.52202800e-06,3.75181197e-01
8.52212800e-06,3.75173273e-01
8.52222800e-06,3.75165938e-01
8.52232800e-06,3.75158025e-01
8.52242800e-06,3.75150701e-01
8.52252800e-06,3.75142798e-01
8.52262800e-06,3.75135486e-01
8.52272800e-06,3.75127593e-01
8.52282800e-06,3.75120293e-01
8.52292800e-06,3.75112411e-01
8.52302800e-06,3.75105122e-01
8.52312800e-06,3.75097250e-01
8.52322800e-06,3.75089974e-01
8.52332800e-06,3.75082112e-01
8.52342800e-06,3.75074847e-01
8.52352800e-06,3.75066995e-01
8.52362800e-06,3.75059742e-01
8.52372800e-06,3.75051901e-01
8.52382800e-06,3.75044660e-01
8.52392800e-06,3.75036829e-01
8.52402800e-06,3.75029599e-01
8.52412800e-06,3.75021779e-01
8.52422800e-06,3.75014561e-01
8.52432800e-06,3.75006750e-01
8.52442800e-06,3.74999544e-01
8.52452800e-06,3.74991744e-01
8.52462800e-06,3.74984550e-01
8.52472800e-06,3.74976760e-01
8.52482800e-06,3.74969578e-01
8.52492800e-06,3.74961798e-01
8.52502800e-06,3.74954628e-01
8.52512800e-06,3.74946859e-01
8.52522800e-06,3.74939700e-01
8.52532800e-06,3.74931941e-01
8.52542800e-06,3.74924794e-01
8.52552800e-06,3.74917045e-01
8.52562800e-06,3.74909910e-01
8.52572800e-06,3.74902172e-01
8.52582800e-06,3.74895048e-01
8.52592800e-06,3.74887320e-01
8.52602800e-06,3.74880209e-01
8.52612800e-06,3.74872491e-01
8.52622800e-06,3.74865391e-01
8.52632800e-06,3.74857684e-01
8.52642800e-06,3.74850596e-01
8.52652800e-06,3.74842899e-01
8.52662800e-06,3.74835822e-01
8.52672800e-06,3.74828136e-01
8.52682800e-06,3.74821071e-01
8.52692800e-06,3.74813395e-01
8.52702800e-06,3.74806342e-01
8.52712800e-06,3.74798677e-01
8.52722800e-06,3.74791635e-01
8.52732800e-06,3.74783980e-01
8.52742800e-06,3.74776951e-01
8.52752800e-06,3.74769306e-01
8.52762800e-06,3.74762288e-01
8.52772800e-06,3.74754653e-01
8.52782800e-06,3.74747648e-01
8.52792800e-06,3.74740023e-01
8.52802800e-06,3.74733030e-01
8.52812800e-06,3.74725416e-01
8.52822800e-06,3.74718433e-01
8.52832800e-06,3.74710830e-01
8.52842800e-06,3.74703860e-01
8.52852800e-06,3.74696266e-01
8.52862800e-06,3.74689308e-01
8.52872800e-06,3.74681725e-01
8.52882800e-06,3.74674778e-01
8.52892800e-06,3.74667206e-01
8.52902800e-06,3.74660271e-01
8.52912800e-06,3.74652709e-01
8.52922800e-06,3.74645786e-01
8.52932800e-06,3.74638235e-01
8.52942800e-06,3.74631323e-01
8.52952800e-06,3.74623782e-01
8.52962800e-06,3.74616883e-01
8.52972800e-06,3.74609352e-01
8.52982800e-06,3.74602464e-01
8.52992800e-06,3.74594944e-01
8.53002800e-06,3.74588068e-01
8.53012800e-06,3.74580558e-01
8.53022800e-06,3.74573694e-01
8.53032800e-06,3.74566195e-01
8.53042800e-06,3.74559343e-01
8.53052800e-06,3.74551854e-01
8.53062800e-06,3.74545013e-01
8.53072800e-06,3.74537535e-01
8.53082800e-06,3.74530706e-01
8.53092800e-06,3.74523238e-01
8.53102800e-06,3.74516422e-01
8.53112800e-06,3.74508964e-01
8.53122800e-06,3.74502159e-01
8.53132800e-06,3.74494712e-01
8.53142800e-06,3.74487919e-01
8.53152800e-06,3.74480482e-01
8.53162800e-06,3.74473701e-01
8.53172800e-06,3.74466274e-01
8.53182800e-06,3.74459505e-01
8.53192800e-06,3.74452089e-01
8.53202800e-06,3.74445332e-01
8.53212800e-06,3.74437927e-01
8.53222800e-06,3.74431181e-01
8.53232800e-06,3.74423786e-01
8.53242800e-06,3.74417053e-01
8.53252800e-06,3.74409668e-01
8.53262800e-06,3.74402946e-01
8.53272800e-06,3.74395572e-01
8.53282800e-06,3.74388863e-01
8.53292800e-06,3.74381499e-01
8.53302800e-06,3.74374801e-01
8.53312800e-06,3.74367448e-01
8.53322800e-06,3.74360762e-01
8.53332800e-06,3.74353419e-01
8.53342800e-06,3.74346745e-01
8.53352800e-06,3.74339413e-01
8.53362800e-06,3.74332751e-01
8.53372800e-06,3.74325429e-01
8.53382800e-06,3.74318779e-01
8.53392800e-06,3.74311468e-01
8.53402800e-06,3.74304830e-01
8.53412800e-06,3.74297529e-01
8.53422800e-06,3.74290903e-01
8.53432800e-06,3.74283612e-01
8.53442800e-06,3.74276998e-01
8.53452800e-06,3.74269718e-01
8.53462800e-06,3.74263116e-01
8.53472800e-06,3.74255847e-01
8.53482800e-06,3.74249256e-01
8.53492800e-06,3.74241998e-01
8.53502800e-06,3.74235419e-01
8.53512800e-06,3.74228171e-01
8.53522800e-06,3.74221604e-01
8.53532800e-06,3.74214367e-01
8.53542800e-06,3.74207812e-01
8.53552800e-06,3.74200585e-01
8.53562800e-06,3.74194042e-01
8.53572800e-06,3.74186826e-01
8.53582800e-06,3.74180295e-01
8.53592800e-06,3.74173089e-01
8.53602800e-06,3.74166571e-01
8.53612800e-06,3.74159375e-01
8.53622800e-06,3.74152869e-01
8.53632800e-06,3.74145684e-01
8.53642800e-06,3.74139189e-01
8.53652800e-06,3.74132015e-01
8.53662800e-06,3.74125532e-01
8.53672800e-06,3.74118368e-01
8.53682800e-06,3.74111898e-01
8.53692800e-06,3.74104745e-01
8.53702800e-06,3.74098286e-01
8.53712800e-06,3.74091143e-01
8.53722800e-06,3.74084697e-01
8.53732800e-06,3.74077565e-01
8.53742800e-06,3.74071130e-01
8.53752800e-06,3.74064009e-01
8.53762800e-06,3.74057586e-01
8.53772800e-06,3.74050476e-01
8.53782800e-06,3.74044065e-01
8.53792800e-06,3.74036965e-01
8.53802800e-06,3.74030566e-01
8.53812800e-06,3.74023477e-01
8.53822800e-06,3.74017090e-01
8.53832800e-06,3.74010012e-01
8.53842800e-06,3.74003637e-01
8.53852800e-06,3.73996569e-01
8.53862800e-06,3.73990206e-01
8.53872800e-06,3.73983149e-01
8.53882800e-06,3.73976798e-01
8.53892800e-06,3.73969752e-01
8.53902800e-06,3.73963413e-01
8.53912800e-06,3.73956377e-01
8.53922800e-06,3.73950051e-01
8.53932800e-06,3.73943025e-01
8.53942800e-06,3.73936711e-01
8.53952800e-06,3.73929696e-01
8.53962800e-06,3.73923394e-01
8.53972800e-06,3.73916390e-01
8.53982800e-06,3.73910100e-01
8.53992800e-06,3.73903107e-01
8.54002800e-06,3.73896829e-01
8.54012800e-06,3.73889846e-01
8.54022800e-06,3.73883580e-01
8.54032800e-06,3.73876608e-01
8.54042800e-06,3.73870354e-01
8.54052800e-06,3.73863393e-01
8.54062800e-06,3.73857151e-01
8.54072800e-06,3.73850201e-01
8.54082800e-06,3.73843971e-01
8.54092800e-06,3.73837032e-01
8.54102800e-06,3.73830814e-01
8.54112800e-06,3.73823885e-01
8.54122800e-06,3.73817680e-01
8.54132800e-06,3.73810762e-01
8.54142800e-06,3.73804568e-01
8.54152800e-06,3.73797661e-01
8.54162800e-06,3.73791480e-01
8.54172800e-06,3.73784583e-01
8.54182800e-06,3.73778414e-01
8.54192800e-06,3.73771528e-01
8.54202800e-06,3.73765372e-01
8.54212800e-06,3.73758497e-01
8.54222800e-06,3.73752352e-01
8.54232800e-06,3.73745488e-01
8.54242800e-06,3.73739355e-01
8.54252800e-06,3.73732502e-01
8.54262800e-06,3.73726382e-01
8.54272800e-06,3.73719539e-01
8.54282800e-06,3.73713431e-01
8.54292800e-06,3.73706599e-01
8.54302800e-06,3.73700503e-01
8.54312800e-06,3.73693682e-01
8.54322800e-06,3.73687599e-01
8.54332800e-06,3.73680788e-01
8.54342800e-06,3.73674717e-01
8.54352800e-06,3.73667918e-01
8.54362800e-06,3.73661858e-01
8.54372800e-06,3.73655070e-01
8.54382800e-06,3.73649023e-01
8.54392800e-06,3.73642245e-01
8.54402800e-06,3.73636211e-01
8.54412800e-06,3.73629444e-01
8.54422800e-06,3.73623422e-01
8.54432800e-06,3.73616666e-01
8.54442800e-06,3.73610655e-01
8.54452800e-06,3.73603910e-01
8.54462800e-06,3.73597913e-01
8.54472800e-06,3.73591178e-01
8.54482800e-06,3.73585193e-01
8.54492800e-06,3.73578470e-01
8.54502800e-06,3.73572496e-01
8.54512800e-06,3.73565784e-01
8.54522800e-06,3.73559823e-01
8.54532800e-06,3.73553122e-01
8.54542800e-06,3.73547173e-01
8.54552800e-06,3.73540483e-01
8.54562800e-06,3.73534546e-01
8.54572800e-06,3.73527867e-01
8.54582800e-06,3.73521943e-01
8.54592800e-06,3.73515274e-01
8.54602800e-06,3.73509362e-01
8.54612800e-06,3.73502705e-01
8.54622800e-06,3.73496805e-01
8.54632800e-06,3.73490159e-01
8.54642800e-06,3.73484272e-01
8.54652800e-06,3.73477636e-01
8.54662800e-06,3.73471761e-01
8.54672800e-06,3.73465137e-01
8.54682800e-06,3.73459274e-01
8.54692800e-06,3.73452661e-01
8.54702800e-06,3.73446811e-01
8.54712800e-06,3.73440208e-01
8.54722800e-06,3.73434371e-01
8.54732800e-06,3.73427779e-01
8.54742800e-06,3.73421954e-01
8.54752800e-06,3.73415373e-01
8.54762800e-06,3.73409561e-01
8.54772800e-06,3.73402991e-01
8.54782800e-06,3.73397191e-01
8.54792800e-06,3.73390632e-01
8.54802800e-06,3.73384844e-01
8.54812800e-06,3.73378297e-01
8.54822800e-06,3.73372521e-01
8.54832800e-06,3.73365985e-01
8.54842800e-06,3.73360222e-01
8.54852800e-06,3.73353697e-01
8.54862800e-06,3.73347946e-01
8.54872800e-06,3.73341432e-01
8.54882800e-06,3.73335694e-01
8.54892800e-06,3.73329191e-01
8.54902800e-06,3.73323465e-01
8.54912800e-06,3.73316973e-01
8.54922800e-06,3.73311260e-01
8.54932800e-06,3.73304780e-01
8.54942800e-06,3.73299079e-01
8.54952800e-06,3.73292609e-01
8.54962800e-06,3.73286921e-01
8.54972800e-06,3.73280463e-01
8.54982800e-06,3.73274787e-01
8.54992800e-06,3.73268340e-01
8.55002800e-06,3.73262676e-01
8.55012800e-06,3.73256240e-01
8.55022800e-06,3.73250590e-01
8.55032800e-06,3.73244165e-01
8.55042800e-06,3.73238527e-01
8.55052800e-06,3.73232113e-01
8.55062800e-06,3.73226487e-01
8.55072800e-06,3.73220085e-01
8.55082800e-06,3.73214472e-01
8.55092800e-06,3.73208081e-01
8.55102800e-06,3.73202480e-01
8.55112800e-06,3.73196100e-01
8.55122800e-06,3.73190512e-01
8.55132800e-06,3.73184144e-01
8.55142800e-06,3.73178568e-01
8.55152800e-06,3.73172211e-01
8.55162800e-06,3.73166648e-01
8.55172800e-06,3.73160302e-01
8.55182800e-06,3.73154752e-01
8.55192800e-06,3.73148417e-01
8.55202800e-06,3.73142879e-01
8.55212800e-06,3.73136556e-01
8.55222800e-06,3.73131031e-01
8.55232800e-06,3.73124719e-01
8.55242800e-06,3.73119206e-01
8.55252800e-06,3.73112905e-01
8.55262800e-06,3.73107406e-01
8.55272800e-06,3.73101116e-01
8.55282800e-06,3.73095629e-01
8.55292800e-06,3.73089351e-01
8.55302800e-06,3.73083877e-01
8.55312800e-06,3.73077610e-01
8.55322800e-06,3.73072148e-01
8.55332800e-06,3.73065893e-01
8.55342800e-06,3.73060444e-01
8.55352800e-06,3.73054200e-01
8.55362800e-06,3.73048764e-01
8.55372800e-06,3.73042531e-01
8.55382800e-06,3.73037108e-01
8.55392800e-06,3.73030886e-01
8.55402800e-06,3.73025476e-01
8.55412800e-06,3.73019266e-01
8.55422800e-06,3.73013868e-01
8.55432800e-06,3.73007669e-01
8.55442800e-06,3.73002284e-01
8.55452800e-06,3.72996097e-01
8.55462800e-06,3.72990725e-01
8.55472800e-06,3.72984550e-01
8.55482800e-06,3.72979190e-01
8.55492800e-06,3.72973026e-01
8.55502800e-06,3.72967679e-01
8.55512800e-06,3.72961527e-01
8.55522800e-06,3.72956193e-01
8.55532800e-06,3.72950052e-01
8.55542800e-06,3.72944730e-01
8.55552800e-06,3.72938601e-01
8.55562800e-06,3.72933293e-01
8.55572800e-06,3.72927175e-01
8.55582800e-06,3.72921879e-01
8.55592800e-06,3.72915773e-01
8.55602800e-06,3.72910490e-01
8.55612800e-06,3.72904395e-01
8.55622800e-06,3.72899126e-01
8.55632800e-06,3.72893042e-01
8.55642800e-06,3.72887785e-01
8.55652800e-06,3.72881714e-01
8.55662800e-06,3.72876470e-01
8.55672800e-06,3.72870410e-01
8.55682800e-06,3.72865179e-01
8.55692800e-06,3.72859130e-01
8.55702800e-06,3.72853912e-01
8.55712800e-06,3.72847875e-01
8.55722800e-06,3.72842670e-01
8.55732800e-06,3.72836645e-01
8.55742800e-06,3.72831453e-01
8.55752800e-06,3.72825439e-01
8.55762800e-06,3.72820260e-01
8.55772800e-06,3.72814258e-01
8.55782800e-06,3.72809092e-01
8.55792800e-06,3.72803101e-01
8.55802800e-06,3.72797948e-01
8.55812800e-06,3.72791970e-01
8.55822800e-06,3.72786829e-01
8.55832800e-06,3.72780863e-01
8.55842800e-06,3.72775735e-01
8.55852800e-06,3.72769780e-01
8.55862800e-06,3.72764666e-01
8.55872800e-06,3.72758723e-01
8.55882800e-06,3.72753622e-01
8.55892800e-06,3.72747690e-01
8.55902800e-06,3.72742602e-01
8.55912800e-06,3.72736682e-01
8.55922800e-06,3.72731607e-01
8.55932800e-06,3.72725699e-01
8.55942800e-06,3.72720637e-01
8.55952800e-06,3.72714741e-01
8.55962800e-06,3.72709692e-01
8.55972800e-06,3.72703808e-01
8.55982800e-06,3.72698772e-01
8.55992800e-06,3.72692900e-01
8.56002800e-06,3.72687877e-01
8.56012800e-06,3.72682017e-01
8.56022800e-06,3.72677007e-01
8.56032800e-06,3.72671158e-01
8.56042800e-06,3.72666162e-01
8.56052800e-06,3.72660325e-01
8.56062800e-06,3.72655342e-01
8.56072800e-06,3.72649517e-01
8.56082800e-06,3.72644548e-01
8.56092800e-06,3.72638734e-01
8.56102800e-06,3.72633778e-01
8.56112800e-06,3.72627976e-01
8.56122800e-06,3.72623033e-01
8.56132800e-06,3.72617244e-01
8.56142800e-06,3.72612314e-01
8.56152800e-06,3.72606536e-01
8.56162800e-06,3.72601620e-01
8.56172800e-06,3.72595854e-01
8.56182800e-06,3.72590951e-01
8.56192800e-06,3.72585197e-01
8.56202800e-06,3.72580307e-01
8.56212800e-06,3.72574565e-01
8.56222800e-06,3.72569689e-01
8.56232800e-06,3.72563959e-01
8.56242800e-06,3.72559096e-01
8.56252800e-06,3.72553378e-01
8.56262800e-06,3.72548528e-01
8.56272800e-06,3.72542823e-01
8.56282800e-06,3.72537986e-01
8.56292800e-06,3.72532292e-01
8.56302800e-06,3.72527469e-01
8.56312800e-06,3.72521788e-01
8.56322800e-06,3.72516978e-01
8.56332800e-06,3.72511309e-01
8.56342800e-06,3.72506512e-01
8.56352800e-06,3.72500855e-01
8.56362800e-06,3.72496072e-01
8.56372800e-06,3.72490427e-01
8.56382800e-06,3.72485657e-01
8.56392800e-06,3.72480024e-01
8.56402800e-06,3.72475268e-01
8.56412800e-06,3.72469647e-01
8.56422800e-06,3.72464904e-01
8.56432800e-06,3.72459296e-01
8.56442800e-06,3.72454567e-01
8.56452800e-06,3.72448970e-01
8.56462800e-06,3.72444255e-01
8.56472800e-06,3.72438671e-01
8.56482800e-06,3.72433968e-01
8.56492800e-06,3.72428397e-01
8.56502800e-06,3.72423708e-01
8.56512800e-06,3.72418148e-01
8.56522800e-06,3.72413473e-01
8.56532800e-06,3.72407926e-01
8.56542800e-06,3.72403264e-01
8.56552800e-06,3.72397729e-01
8.56562800e-06,3.72393081e-01
8.56572800e-06,3.72387559e-01
8.56582800e-06,3.72382924e-01
8.56592800e-06,3.72377414e-01
8.56602800e-06,3.72372793e-01
8.56612800e-06,3.72367295e-01
8.56622800e-06,3.72362688e-01
8.56632800e-06,3.72357202e-01
8.56642800e-06,3.72352609e-01
8.56652800e-06,3.72347135e-01
8.56662800e-06,3.72342556e-01
8.56672800e-06,3.72337095e-01
8.56682800e-06,3.72332528e-01
8.56692800e-06,3.72327080e-01
8.56702800e-06,3.72322528e-01
8.56712800e-06,3.72317092e-01
8.56722800e-06,3.72312553e-01
8.56732800e-06,3.72307130e-01
8.56742800e-06,3.72302604e-01
8.56752800e-06,3.72297193e-01
8.56762800e-06,3.72292682e-01
8.56772800e-06,3.72287284e-01
8.56782800e-06,3.72282786e-01
8.56792800e-06,3.72277400e-01
8.56802800e-06,3.72272917e-01
8.56812800e-06,3.72267543e-01
8.56822800e-06,3.72263073e-01
8.56832800e-06,3.72257712e-01
8.56842800e-06,3.72253256e-01
8.56852800e-06,3.72247908e-01
8.56862800e-06,3.72243466e-01
8.56872800e-06,3.72238130e-01
8.56882800e-06,3.72233702e-01
8.56892800e-06,3.72228379e-01
8.56902800e-06,3.72223964e-01
8.56912800e-06,3.72218654e-01
8.56922800e-06,3.72214253e-01
8.56932800e-06,3.72208955e-01
8.56942800e-06,3.72204569e-01
8.56952800e-06,3.72199284e-01
8.56962800e-06,3.72194911e-01
8.56972800e-06,3.72189639e-01
8.56982800e-06,3.72185280e-01
8.56992800e-06,3.72180020e-01
8.57002800e-06,3.72175676e-01
8.57012800e-06,3.72170429e-01
8.57022800e-06,3.72166098e-01
8.57032800e-06,3.72160864e-01
8.57042800e-06,3.72156547e-01
8.57052800e-06,3.72151326e-01
8.57062800e-06,3.72147023e-01
8.57072800e-06,3.72141814e-01
8.57082800e-06,3.72137526e-01
8.57092800e-06,3.72132330e-01
8.57102800e-06,3.72128055e-01
8.57112800e-06,3.72122872e-01
8.57122800e-06,3.72118612e-01
8.57132800e-06,3.72113442e-01
8.57142800e-06,3.72109196e-01
8.57152800e-06,3.72104038e-01
8.57162800e-06,3.72099806e-01
8.57172800e-06,3.72094662e-01
8.57182800e-06,3.72090444e-01
8.57192800e-06,3.72085312e-01
8.57202800e-06,3.72081109e-01
8.57212800e-06,3.72075990e-01
8.57222800e-06,3.72071801e-01
8.57232800e-06,3.72066695e-01
8.57242800e-06,3.72062520e-01
8.57252800e-06,3.72057427e-01
8.57262800e-06,3.72053266e-01
8.57272800e-06,3.72048187e-01
8.57282800e-06,3.72044040e-01
8.57292800e-06,3.72038973e-01
8.57302800e-06,3.72034841e-01
8.57312800e-06,3.72029787e-01
8.57322800e-06,3.72025669e-01
8.57332800e-06,3.72020629e-01
8.57342800e-06,3.72016525e-01
8.57352800e-06,3.72011497e-01
8.57362800e-06,3.72007408e-01
8.57372800e-06,3.72002394e-01
8.57382800e-06,3.71998318e-01
8.57392800e-06,3.71993317e-01
8.57402800e-06,3.71989257e-01
8.57412800e-06,3.71984269e-01
8.57422800e-06,3.71980222e-01
8.57432800e-06,3.71975247e-01
8.57442800e-06,3.71971216e-01
8.57452800e-06,3.71966254e-01
8.57462800e-06,3.71962237e-01
8.57472800e-06,3.71957288e-01
8.57482800e-06,3.71953285e-01
8.57492800e-06,3.71948350e-01
8.57502800e-06,3.71944362e-01
8.57512800e-06,3.71939440e-01
8.57522800e-06,3.71935466e-01
8.57532800e-06,3.71930557e-01
8.57542800e-06,3.71926598e-01
8.57552800e-06,3.71921703e-01
8.57562800e-06,3.71917758e-01
8.57572800e-06,3.71912876e-01
8.57582800e-06,3.71908946e-01
8.57592800e-06,3.71904077e-01
8.57602800e-06,3.71900162e-01
8.57612800e-06,3.71895307e-01
8.57622800e-06,3.71891406e-01
8.57632800e-06,3.71886564e-01
8.57642800e-06,3.71882678e-01
8.57652800e-06,3.71877849e-01
8.57662800e-06,3.71873978e-01
8.57672800e-06,3.71869163e-01
8.57682800e-06,3.71865306e-01
8.57692800e-06,3.71860505e-01
8.57702800e-06,3.71856662e-01
8.57712800e-06,3.71851874e-01
8.57722800e-06,3.71848047e-01
8.57732800e-06,3.71843273e-01
8.57742800e-06,3.71839460e-01
8.57752800e-06,3.71834699e-01
8.57762800e-06,3.71830901e-01
8.57772800e-06,3.71826154e-01
8.57782800e-06,3.71822371e-01
8.57792800e-06,3.71817638e-01
8.57802800e-06,3.71813869e-01
8.57812800e-06,3.71809149e-01
8.57822800e-06,3.71805396e-01
8.57832800e-06,3.71800690e-01
8.57842800e-06,3.71796951e-01
8.57852800e-06,3.71792259e-01
8.57862800e-06,3.71788535e-01
8.57872800e-06,3.71783856e-01
8.57882800e-06,3.71780147e-01
8.57892800e-06,3.71775482e-01
8.57902800e-06,3.71771789e-01
8.57912800e-06,3.71767137e-01
8.57922800e-06,3.71763459e-01
8.57932800e-06,3.71758821e-01
8.57942800e-06,3.71755157e-01
8.57952800e-06,3.71750533e-01
8.57962800e-06,3.71746885e-01
8.57972800e-06,3.71742275e-01
8.57982800e-06,3.71738641e-01
8.57992800e-06,3.71734045e-01
8.58002800e-06,3.71730426e-01
8.58012800e-06,3.71725844e-01
8.58022800e-06,3.71722241e-01
8.58032800e-06,3.71717672e-01
8.58042800e-06,3.71714084e-01
8.58052800e-06,3.71709529e-01
8.58062800e-06,3.71705956e-01
8.58072800e-06,3.71701416e-01
8.58082800e-06,3.71697858e-01
8.58092800e-06,3.71693331e-01
8.58102800e-06,3.71689789e-01
8.58112800e-06,3.71685276e-01
8.58122800e-06,3.71681749e-01
8.58132800e-06,3.71677250e-01
8.58142800e-06,3.71673738e-01
8.58152800e-06,3.71669253e-01
8.58162800e-06,3.71665757e-01
8.58172800e-06,3.71661286e-01
8.58182800e-06,3.71657805e-01
8.58192800e-06,3.71653348e-01
8.58202800e-06,3.71649882e-01
8.58212800e-06,3.71645440e-01
8.58222800e-06,3.71641989e-01
8.58232800e-06,3.71637561e-01
8.58242800e-06,3.71634126e-01
8.58252800e-06,3.71629712e-01
8.58262800e-06,3.71626292e-01
8.58272800e-06,3.71621892e-01
8.58282800e-06,3.71618488e-01
8.58292800e-06,3.71614102e-01
8.58302800e-06,3.71610713e-01
8.58312800e-06,3.71606342e-01
8.58322800e-06,3.71602969e-01
8.58332800e-06,3.71598612e-01
8.58342800e-06,3.71595254e-01
8.58352800e-06,3.71590911e-01
8.58362800e-06,3.71587569e-01
8.58372800e-06,3.71583241e-01
8.58382800e-06,3.71579914e-01
8.58392800e-06,3.71575600e-01
8.58402800e-06,3.71572289e-01
8.58412800e-06,3.71567989e-01
8.58422800e-06,3.71564694e-01
8.58432800e-06,3.71560409e-01
8.58442800e-06,3.71557129e-01
8.58452800e-06,3.71552858e-01
8.58462800e-06,3.71549594e-01
8.58472800e-06,3.71545338e-01
8.58482800e-06,3.71542090e-01
8.58492800e-06,3.71537848e-01
8.58502800e-06,3.71534615e-01
8.58512800e-06,3.71530389e-01
8.58522800e-06,3.71527172e-01
8.58532800e-06,3.71522959e-01
8.58542800e-06,3.71519758e-01
8.58552800e-06,3.71515560e-01
8.58562800e-06,3.71512375e-01
8.58572800e-06,3.71508192e-01
8.58582800e-06,3.71505022e-01
8.58592800e-06,3.71500854e-01
8.58602800e-06,3.71497700e-01
8.58612800e-06,3.71493546e-01
8.58622800e-06,3.71490409e-01
8.58632800e-06,3.71486270e-01
8.58642800e-06,3.71483148e-01
8.58652800e-06,3.71479024e-01
8.58662800e-06,3.71475918e-01
8.58672800e-06,3.71471808e-01
8.58682800e-06,3.71468719e-01
8.58692800e-06,3.71464624e-01
8.58702800e-06,3.71461550e-01
8.58712800e-06,3.71457470e-01
8.58722800e-06,3.71454413e-01
8.58732800e-06,3.71450348e-01
8.58742800e-06,3.71447306e-01
8.58752800e-06,3.71443256e-01
8.58762800e-06,3.71440231e-01
8.58772800e-06,3.71436196e-01
8.58782800e-06,3.71433186e-01
8.58792800e-06,3.71429166e-01
8.58802800e-06,3.71426173e-01
8.58812800e-06,3.71422168e-01
8.58822800e-06,3.71419191e-01
8.58832800e-06,3.71415201e-01
8.58842800e-06,3.71412240e-01
8.58852800e-06,3.71408265e-01
8.58862800e-06,3.71405320e-01
8.58872800e-06,3.71401361e-01
8.58882800e-06,3.71398432e-01
8.58892800e-06,3.71394488e-01
8.58902800e-06,3.71391576e-01
8.58912800e-06,3.71387646e-01
8.58922800e-06,3.71384751e-01
8.58932800e-06,3.71380836e-01
8.58942800e-06,3.71377957e-01
8.58952800e-06,3.71374058e-01
8.58962800e-06,3.71371195e-01
8.58972800e-06,3.71367311e-01
8.58982800e-06,3.71364465e-01
8.58992800e-06,3.71360596e-01
8.59002800e-06,3.71357766e-01
8.59012800e-06,3.71353913e-01
8.59022800e-06,3.71351100e-01
8.59032800e-06,3.71347262e-01
8.59042800e-06,3.71344465e-01
8.59052800e-06,3.71340642e-01
8.59062800e-06,3.71337862e-01
8.59072800e-06,3.71334055e-01
8.59082800e-06,3.71331292e-01
8.59092800e-06,3.71327500e-01
8.59102800e-06,3.71324753e-01
8.59112800e-06,3.71320976e-01
8.59122800e-06,3.71318246e-01
8.59132800e-06,3.71314485e-01
8.59142800e-06,3.71311772e-01
8.59152800e-06,3.71308027e-01
8.59162800e-06,3.71305330e-01
8.59172800e-06,3.71301600e-01
8.59182800e-06,3.71298920e-01
8.59192800e-06,3.71295206e-01
8.59202800e-06,3.71292543e-01
8.59212800e-06,3.71288844e-01
8.59222800e-06,3.71286198e-01
8.59232800e-06,3.71282515e-01
8.59242800e-06,3.71279886e-01
8.59252800e-06,3.71276219e-01
8.59262800e-06,3.71273606e-01
8.59272800e-06,3.71269955e-01
8.59282800e-06,3.71267359e-01
8.59292800e-06,3.71263724e-01
8.59302800e-06,3.71261145e-01
8.59312800e-06,3.71257525e-01
8.59322800e-06,3.71254963e-01
8.59332800e-06,3.71251359e-01
8.59342800e-06,3.71248815e-01
8.59352800e-06,3.71245227e-01
8.59362800e-06,3.71242699e-01
8.59372800e-06,3.71239127e-01
8.59382800e-06,3.71236617e-01
8.59392800e-06,3.71233060e-01
8.59402800e-06,3.71230567e-01
8.59412800e-06,3.71227027e-01
8.59422800e-06,3.71224551e-01
8.59432800e-06,3.71221026e-01
8.59442800e-06,3.71218567e-01
8.59452800e-06,3.71215059e-01
8.59462800e-06,3.71212617e-01
8.59472800e-06,3.71209125e-01
8.59482800e-06,3.71206701e-01
8.59492800e-06,3.71203225e-01
8.59502800e-06,3.71200818e-01
8.59512800e-06,3.71197358e-01
8.59522800e-06,3.71194968e-01
8.59532800e-06,3.71191524e-01
8.59542800e-06,3.71189152e-01
8.59552800e-06,3.71185725e-01
8.59562800e-06,3.71183370e-01
8.59572800e-06,3.71179958e-01
8.59582800e-06,3.71177621e-01
8.59592800e-06,3.71174226e-01
8.59602800e-06,3.71171906e-01
8.59612800e-06,3.71168527e-01
8.59622800e-06,3.71166225e-01
8.59632800e-06,3.71162863e-01
8.59642800e-06,3.71160578e-01
8.59652800e-06,3.71157232e-01
8.59662800e-06,3.71154965e-01
8.59672800e-06,3.71151635e-01
8.59682800e-06,3.71149386e-01
8.59692800e-06,3.71146073e-01
8.59702800e-06,3.71143841e-01
8.59712800e-06,3.71140544e-01
8.59722800e-06,3.71138330e-01
8.59732800e-06,3.71135050e-01
8.59742800e-06,3.71132853e-01
8.59752800e-06,3.71129590e-01
8.59762800e-06,3.71127411e-01
8.59772800e-06,3.71124165e-01
8.59782800e-06,3.71122004e-01
8.59792800e-06,3.71118774e-01
8.59802800e-06,3.71116631e-01
8.59812800e-06,3.71113417e-01
8.59822800e-06,3.71111292e-01
8.59832800e-06,3.71108096e-01
8.59842800e-06,3.71105988e-01
8.59852800e-06,3.71102808e-01
8.59862800e-06,3.71100719e-01
8.59872800e-06,3.71097556e-01
8.59882800e-06,3.71095485e-01
8.59892800e-06,3.71092339e-01
8.59902800e-06,3.71090285e-01
8.59912800e-06,3.71087156e-01
8.59922800e-06,3.71085121e-01
8.59932800e-06,3.71082008e-01
8.59942800e-06,3.71079991e-01
8.59952800e-06,3.71076896e-01
8.59962800e-06,3.71074897e-01
8.59972800e-06,3.71071819e-01
8.59982800e-06,3.71069838e-01
8.59992800e-06,3.71066777e-01
8.60002800e-06,3.71064814e-01
8.60012800e-06,3.71061770e-01
8.60022800e-06,3.71059826e-01
8.60032800e-06,3.71056799e-01
8.60042800e-06,3.71054873e-01
8.60052800e-06,3.71051863e-01
8.60062800e-06,3.71049955e-01
8.60072800e-06,3.71046962e-01
8.60082800e-06,3.71045073e-01
8.60092800e-06,3.71042098e-01
8.60102800e-06,3.71040227e-01
8.60112800e-06,3.71037269e-01
8.60122800e-06,3.71035416e-01
8.60132800e-06,3.71032475e-01
8.60142800e-06,3.71030641e-01
8.60152800e-06,3.71027718e-01
8.60162800e-06,3.71025903e-01
8.60172800e-06,3.71022996e-01
8.60182800e-06,3.71021200e-01
8.60192800e-06,3.71018311e-01
8.60202800e-06,3.71016533e-01
8.60212800e-06,3.71013662e-01
8.60222800e-06,3.71011902e-01
8.60232800e-06,3.71009049e-01
8.60242800e-06,3.71007308e-01
8.60252800e-06,3.71004472e-01
8.60262800e-06,3.71002750e-01
8.60272800e-06,3.70999931e-01
8.60282800e-06,3.70998228e-01
8.60292800e-06,3.70995427e-01
8.60302800e-06,3.70993743e-01
8.60312800e-06,3.70990960e-01
8.60322800e-06,3.70989294e-01
8.60332800e-06,3.70986529e-01
8.60342800e-06,3.70984882e-01
8.60352800e-06,3.70982135e-01
8.60362800e-06,3.70980507e-01
8.60372800e-06,3.70977777e-01
8.60382800e-06,3.70976168e-01
8.60392800e-06,3.70973457e-01
8.60402800e-06,3.70971867e-01
8.60412800e-06,3.70969173e-01
8.60422800e-06,3.70967602e-01
8.60432800e-06,3.70964926e-01
8.60442800e-06,3.70963375e-01
8.60452800e-06,3.70960717e-01
8.60462800e-06,3.70959184e-01
8.60472800e-06,3.70956544e-01
8.60482800e-06,3.70955031e-01
8.60492800e-06,3.70952409e-01
8.60502800e-06,3.70950915e-01
8.60512800e-06,3.70948312e-01
8.60522800e-06,3.70946837e-01
8.60532800e-06,3.70944251e-01
8.60542800e-06,3.70942796e-01
8.60552800e-06,3.70940229e-01
8.60562800e-06,3.70938793e-01
8.60572800e-06,3.70936243e-01
8.60582800e-06,3.70934827e-01
8.60592800e-06,3.70932296e-01
8.60602800e-06,3.70930899e-01
8.60612800e-06,3.70928386e-01
8.60622800e-06,3.70927009e-01
8.60632800e-06,3.70924515e-01
8.60642800e-06,3.70923157e-01
8.60652800e-06,3.70920681e-01
8.60662800e-06,3.70919342e-01
8.60672800e-06,3.70916885e-01
8.60682800e-06,3.70915566e-01
8.60692800e-06,3.70913128e-01
8.60702800e-06,3.70911828e-01
8.60712800e-06,3.70909408e-01
8.60722800e-06,3.70908129e-01
8.60732800e-06,3.70905727e-01
8.60742800e-06,3.70904468e-01
8.60752800e-06,3.70902085e-01
8.60762800e-06,3.70900845e-01
8.60772800e-06,3.70898481e-01
8.60782800e-06,3.70897261e-01
8.60792800e-06,3.70894915e-01
8.60802800e-06,3.70893715e-01
8.60812800e-06,3.70891388e-01
8.60822800e-06,3.70890208e-01
8.60832800e-06,3.70887900e-01
8.60842800e-06,3.70886740e-01
8.60852800e-06,3.70884451e-01
8.60862800e-06,3.70883311e-01
8.60872800e-06,3.70881041e-01
8.60882800e-06,3.70879921e-01
8.60892800e-06,3.70877670e-01
8.60902800e-06,3.70876570e-01
8.60912800e-06,3.70874338e-01
8.60922800e-06,3.70873258e-01
8.60932800e-06,3.70871046e-01
8.60942800e-06,3.70869986e-01
8.60952800e-06,3.70867792e-01
8.60962800e-06,3.70866753e-01
8.60972800e-06,3.70864578e-01
8.60982800e-06,3.70863559e-01
8.60992800e-06,3.70861404e-01
8.61002800e-06,3.70860405e-01
8.61012800e-06,3.70858269e-01
8.61022800e-06,3.70857291e-01
8.61032800e-06,3.70855174e-01
8.61042800e-06,3.70854217e-01
8.61052800e-06,3.70852119e-01
8.61062800e-06,3.70851182e-01
8.61072800e-06,3.70849104e-01
8.61082800e-06,3.70848187e-01
8.61092800e-06,3.70846128e-01
8.61102800e-06,3.70845232e-01
8.61112800e-06,3.70843193e-01
8.61122800e-06,3.70842318e-01
8.61132800e-06,3.70840298e-01
8.61142800e-06,3.70839444e-01
8.61152800e-06,3.70837444e-01
8.61162800e-06,3.70836610e-01
8.61172800e-06,3.70834629e-01
8.61182800e-06,3.70833816e-01
8.61192800e-06,3.70831855e-01
8.61202800e-06,3.70831063e-01
8.61212800e-06,3.70829122e-01
8.61222800e-06,3.70828351e-01
8.61232800e-06,3.70826430e-01
8.61242800e-06,3.70825679e-01
8.61252800e-06,3.70823778e-01
8.61262800e-06,3.70823048e-01
8.61272800e-06,3.70821167e-01
8.61282800e-06,3.70820459e-01
8.61292800e-06,3.70818597e-01
8.61302800e-06,3.70817910e-01
8.61312800e-06,3.70816068e-01
8.61322800e-06,3.70815402e-01
8.61332800e-06,3.70813581e-01
8.61342800e-06,3.70812936e-01
8.61352800e-06,3.70811135e-01
8.61362800e-06,3.70810511e-01
8.61372800e-06,3.70808730e-01
8.61382800e-06,3.70808127e-01
8.61392800e-06,3.70806366e-01
8.61402800e-06,3.70805785e-01
8.61412800e-06,3.70804044e-01
8.61422800e-06,3.70803485e-01
8.61432800e-06,3.70801764e-01
8.61442800e-06,3.70801226e-01
8.61452800e-06,3.70799526e-01
8.61462800e-06,3.70799009e-01
8.61472800e-06,3.70797330e-01
8.61482800e-06,3.70796834e-01
8.61492800e-06,3.70795175e-01
8.61502800e-06,3.70794702e-01
8.61512800e-06,3.70793063e-01
8.61522800e-06,3.70792611e-01
8.61532800e-06,3.70790993e-01
8.61542800e-06,3.70790562e-01
8.61552800e-06,3.70788965e-01
8.61562800e-06,3.70788556e-01
8.61572800e-06,3.70786980e-01
8.61582800e-06,3.70786593e-01
8.61592800e-06,3.70785037e-01
8.61602800e-06,3.70784672e-01
8.61612800e-06,3.70783137e-01
8.61622800e-06,3.70782794e-01
8.61632800e-06,3.70781279e-01
8.61642800e-06,3.70780958e-01
8.61652800e-06,3.70779465e-01
8.61662800e-06,3.70779166e-01
8.61672800e-06,3.70777693e-01
8.61682800e-06,3.70777419e-01
8.61692800e-06,3.70775970e-01
8.61702800e-06,3.70775714e-01
8.61712800e-06,3.70774282e-01
8.61722800e-06,3.70774052e-01
8.61732800e-06,3.70772644e-01
8.61742800e-06,3.70772432e-01
8.61752800e-06,3.70771043e-01
8.61762800e-06,3.70770857e-01
8.61772800e-06,3.70769491e-01
8.61782800e-06,3.70769327e-01
8.61792800e-06,3.70767982e-01
8.61802800e-06,3.70767839e-01
8.61812800e-06,3.70766515e-01
8.61822800e-06,3.70766395e-01
8.61832800e-06,3.70765092e-01
8.61842800e-06,3.70764994e-01
8.61852800e-06,3.70763712e-01
8.61862800e-06,3.70763637e-01
8.61872800e-06,3.70762377e-01
8.61882800e-06,3.70762324e-01
8.61892800e-06,3.70761085e-01
8.61902800e-06,3.70761055e-01
8.61912800e-06,3.70759838e-01
8.61922800e-06,3.70759830e-01
8.61932800e-06,3.70758635e-01
8.61942800e-06,3.70758650e-01
8.61952800e-06,3.70757476e-01
8.61962800e-06,3.70757514e-01
8.61972800e-06,3.70756362e-01
8.61982800e-06,3.70756423e-01
8.61992800e-06,3.70755293e-01
8.62002800e-06,3.70755377e-01
8.62012800e-06,3.70754268e-01
8.62022800e-06,3.70754375e-01
8.62032800e-06,3.70753289e-01
8.62042800e-06,3.70753419e-01
8.62052800e-06,3.70752354e-01
8.62062800e-06,3.70752507e-01
8.62072800e-06,3.70751465e-01
8.62082800e-06,3.70751641e-01
8.62092800e-06,3.70750621e-01
8.62102800e-06,3.70750821e-01
8.62112800e-06,3.70749823e-01
8.62122800e-06,3.70750045e-01
8.62132800e-06,3.70749070e-01
8.62142800e-06,3.70749316e-01
8.62152800e-06,3.70748362e-01
8.62162800e-06,3.70748632e-01
8.62172800e-06,3.70747701e-01
8.62182800e-06,3.70747994e-01
8.62192800e-06,3.70747085e-01
8.62202800e-06,3.70747402e-01
8.62212800e-06,3.70746515e-01
8.62222800e-06,3.70746855e-01
8.62232800e-06,3.70745992e-01
8.62242800e-06,3.70746356e-01
8.62252800e-06,3.70745515e-01
8.62262800e-06,3.70745902e-01
8.62272800e-06,3.70745084e-01
8.62282800e-06,3.70745495e-01
8.62292800e-06,3.70744699e-01
8.62302800e-06,3.70745134e-01
8.62312800e-06,3.70744362e-01
8.62322800e-06,3.70744820e-01
8.62332800e-06,3.70744070e-01
8.62342800e-06,3.70744553e-01
8.62352800e-06,3.70743826e-01
8.62362800e-06,3.70744333e-01
8.62372800e-06,3.70743629e-01
8.62382800e-06,3.70744160e-01
8.62392800e-06,3.70743479e-01
8.62402800e-06,3.70744034e-01
8.62412800e-06,3.70743376e-01
8.62422800e-06,3.70743955e-01
8.62432800e-06,3.70743320e-01
8.62442800e-06,3.70743924e-01
8.62452800e-06,3.70743312e-01
8.62462800e-06,3.70743940e-01
8.62472800e-06,3.70743351e-01
8.62482800e-06,3.70744004e-01
8.62492800e-06,3.70743439e-01
8.62502800e-06,3.70744115e-01
8.62512800e-06,3.70743574e-01
8.62522800e-06,3.70744275e-01
8.62532800e-06,3.70743756e-01
8.62542800e-06,3.70744482e-01
8.62552800e-06,3.70743987e-01
8.62562800e-06,3.70744738e-01
8.62572800e-06,3.70744267e-01
8.62582800e-06,3.70745042e-01
8.62592800e-06,3.70744594e-01
8.62602800e-06,3.70745394e-01
8.62612800e-06,3.70744970e-01
8.62622800e-06,3.70745795e-01
8.62632800e-06,3.70745395e-01
8.62642800e-06,3.70746244e-01
8.62652800e-06,3.70745868e-01
8.62662800e-06,3.70746743e-01
8.62672800e-06,3.70746390e-01
8.62682800e-06,3.70747290e-01
8.62692800e-06,3.70746962e-01
8.62702800e-06,3.70747886e-01
8.62712800e-06,3.70747582e-01
8.62722800e-06,3.70748531e-01
8.62732800e-06,3.70748251e-01
8.62742800e-06,3.70749226e-01
8.62752800e-06,3.70748970e-01
8.62762800e-06,3.70749970e-01
8.62772800e-06,3.70749739e-01
8.62782800e-06,3.70750764e-01
8.62792800e-06,3.70750557e-01
8.62802800e-06,3.70751607e-01
8.62812800e-06,3.70751424e-01
8.62822800e-06,3.70752501e-01
8.62832800e-06,3.70752342e-01
8.62842800e-06,3.70753444e-01
8.62852800e-06,3.70753310e-01
8.62862800e-06,3.70754437e-01
8.62872800e-06,3.70754328e-01
8.62882800e-06,3.70755481e-01
8.62892800e-06,3.70755396e-01
8.62902800e-06,3.70756575e-01
8.62912800e-06,3.70756514e-01
8.62922800e-06,3.70757719e-01
8.62932800e-06,3.70757683e-01
8.62942800e-06,3.70758914e-01
8.62952800e-06,3.70758903e-01
8.62962800e-06,3.70760160e-01
8.62972800e-06,3.70760174e-01
8.62982800e-06,3.70761456e-01
8.62992800e-06,3.70761495e-01
8.63002800e-06,3.70762804e-01
8.63012800e-06,3.70762868e-01
8.63022800e-06,3.70764203e-01
8.63032800e-06,3.70764292e-01
8.63042800e-06,3.70765653e-01
8.63052800e-06,3.70765767e-01
8.63062800e-06,3.70767154e-01
8.63072800e-06,3.70767294e-01
8.63082800e-06,3.70768708e-01
8.63092800e-06,3.70768873e-01
8.63102800e-06,3.70770312e-01
8.63112800e-06,3.70770503e-01
8.63122800e-06,3.70771969e-01
8.63132800e-06,3.70772185e-01
8.63142800e-06,3.70773678e-01
8.63152800e-06,3.70773919e-01
8.63162800e-06,3.70775439e-01
8.63172800e-06,3.70775706e-01
8.63182800e-06,3.70777252e-01
8.63192800e-06,3.70777544e-01
8.63202800e-06,3.70779117e-01
8.63212800e-06,3.70779436e-01
8.63222800e-06,3.70781036e-01
8.63232800e-06,3.70781380e-01
8.63242800e-06,3.70783006e-01
8.63252800e-06,3.70783376e-01
8.63262800e-06,3.70785030e-01
8.63272800e-06,3.70785426e-01
8.63282800e-06,3.70787107e-01
8.63292800e-06,3.70787529e-01
8.63302800e-06,3.70789236e-01
8.63312800e-06,3.70789684e-01
8.63322800e-06,3.70791419e-01
8.63332800e-06,3.70791894e-01
8.63342800e-06,3.70793656e-01
8.63352800e-06,3.70794156e-01
8.63362800e-06,3.70795946e-01
8.63372800e-06,3.70796473e-01
8.63382800e-06,3.70798289e-01
8.63392800e-06,3.70798843e-01
8.63402800e-06,3.70800687e-01
8.63412800e-06,3.70801267e-01
8.63422800e-06,3.70803138e-01
8.63432800e-06,3.70803745e-01
8.63442800e-06,3.70805644e-01
8.63452800e-06,3.70806277e-01
8.63462800e-06,3.70808204e-01
8.63472800e-06,3.70808863e-01
8.63482800e-06,3.70810818e-01
8.63492800e-06,3.70811505e-01
8.63502800e-06,3.70813487e-01
8.63512800e-06,3.70814200e-01
8.63522800e-06,3.70816211e-01
8.63532800e-06,3.70816951e-01
8.63542800e-06,3.70818990e-01
8.63552800e-06,3.70819756e-01
8.63562800e-06,3.70821823e-01
8.63572800e-06,3.70822617e-01
8.63582800e-06,3.70824712e-01
8.63592800e-06,3.70825533e-01
8.63602800e-06,3.70827656e-01
8.63612800e-06,3.70828504e-01
8.63622800e-06,3.70830656e-01
8.63632800e-06,3.70831531e-01
8.63642800e-06,3.70833711e-01
8.63652800e-06,3.70834614e-01
8.63662800e-06,3.70836822e-01
8.63672800e-06,3.70837752e-01
8.63682800e-06,3.70839989e-01
8.63692800e-06,3.70840946e-01
8.63702800e-06,3.70843212e-01
8.63712800e-06,3.70844197e-01
8.63722800e-06,3.70846491e-01
8.63732800e-06,3.70847504e-01
8.63742800e-06,3.70849826e-01
8.63752800e-06,3.70850867e-01
8.63762800e-06,3.70853218e-01
8.63772800e-06,3.70854287e-01
8.63782800e-06,3.70856667e-01
8.63792800e-06,3.70857764e-01
8.63802800e-06,3.70860173e-01
8.63812800e-06,3.70861297e-01
8.63822800e-06,3.70863736e-01
8.63832800e-06,3.70864888e-01
8.63842800e-06,3.70867356e-01
8.63852800e-06,3.70868536e-01
8.63862800e-06,3.70871033e-01
8.63872800e-06,3.70872241e-01
8.63882800e-06,3.70874767e-01
8.63892800e-06,3.70876004e-01
8.63902800e-06,3.70878560e-01
8.63912800e-06,3.70879825e-01
8.63922800e-06,3.70882410e-01
8.63932800e-06,3.70883703e-01
8.63942800e-06,3.70886318e-01
8.63952800e-06,3.70887640e-01
8.63962800e-06,3.70890284e-01
8.63972800e-06,3.70891635e-01
8.63982800e-06,3.70894308e-01
8.63992800e-06,3.70895688e-01
8.64002800e-06,3.70898391e-01
8.64012800e-06,3.70899799e-01
8.64022800e-06,3.70902533e-01
8.64032800e-06,3.70903970e-01
8.64042800e-06,3.70906733e-01
8.64052800e-06,3.70908199e-01
8.64062800e-06,3.70910992e-01
8.64072800e-06,3.70912487e-01
8.64082800e-06,3.70915310e-01
8.64092800e-06,3.70916834e-01
8.64102800e-06,3.70919687e-01
8.64112800e-06,3.70921241e-01
8.64122800e-06,3.70924124e-01
8.64132800e-06,3.70925707e-01
8.64142800e-06,3.70928620e-01
8.64152800e-06,3.70930232e-01
8.64162800e-06,3.70933177e-01
8.64172800e-06,3.70934818e-01
8.64182800e-06,3.70937793e-01
8.64192800e-06,3.70939463e-01
8.64202800e-06,3.70942469e-01
8.64212800e-06,3.70944169e-01
8.64222800e-06,3.70947205e-01
8.64232800e-06,3.70948935e-01
8.64242800e-06,3.70952001e-01
8.64252800e-06,3.70953761e-01
8.64262800e-06,3.70956859e-01
8.64272800e-06,3.70958648e-01
8.64282800e-06,3.70961777e-01
8.64292800e-06,3.70963596e-01
8.64302800e-06,3.70966755e-01
8.64312800e-06,3.70968605e-01
8.64322800e-06,3.70971795e-01
8.64332800e-06,3.70973675e-01
8.64342800e-06,3.70976896e-01
8.64352800e-06,3.70978806e-01
8.64362800e-06,3.70982059e-01
8.64372800e-06,3.70984000e-01
8.64382800e-06,3.70987284e-01
8.64392800e-06,3.70989255e-01
8.64402800e-06,3.70992570e-01
8.64412800e-06,3.70994572e-01
8.64422800e-06,3.70997919e-01
8.64432800e-06,3.70999951e-01
8.64442800e-06,3.71003330e-01
8.64452800e-06,3.71005393e-01
8.64462800e-06,3.71008804e-01
8.64472800e-06,3.71010898e-01
8.64482800e-06,3.71014340e-01
8.64492800e-06,3.71016465e-01
8.64502800e-06,3.71019939e-01
8.64512800e-06,3.71022095e-01
8.64522800e-06,3.71025601e-01
8.64532800e-06,3.71027788e-01
8.64542800e-06,3.71031326e-01
8.64552800e-06,3.71033544e-01
8.64562800e-06,3.71037114e-01
8.64572800e-06,3.71039364e-01
8.64582800e-06,3.71042966e-01
8.64592800e-06,3.71045248e-01
8.64602800e-06,3.71048882e-01
8.64612800e-06,3.71051195e-01
8.64622800e-06,3.71054862e-01
8.64632800e-06,3.71057206e-01
8.64642800e-06,3.71060905e-01
8.64652800e-06,3.71063281e-01
8.64662800e-06,3.71067013e-01
8.64672800e-06,3.71069421e-01
8.64682800e-06,3.71073185e-01
8.64692800e-06,3.71075625e-01
8.64702800e-06,3.71079422e-01
8.64712800e-06,3.71081894e-01
8.64722800e-06,3.71085724e-01
8.64732800e-06,3.71088227e-01
8.64742800e-06,3.71092090e-01
8.64752800e-06,3.71094626e-01
8.64762800e-06,3.71098522e-01
8.64772800e-06,3.71101090e-01
8.64782800e-06,3.71105019e-01
8.64792800e-06,3.71107619e-01
8.64802800e-06,3.71111581e-01
8.64812800e-06,3.71114214e-01
8.64822800e-06,3.71118209e-01
8.64832800e-06,3.71120875e-01
8.64842800e-06,3.71124903e-01
8.64852800e-06,3.71127601e-01
8.64862800e-06,3.71131663e-01
8.64872800e-06,3.71134394e-01
8.64882800e-06,3.71138489e-01
8.64892800e-06,3.71141253e-01
8.64902800e-06,3.71145382e-01
8.64912800e-06,3.71148178e-01
8.64922800e-06,3.71152341e-01
8.64932800e-06,3.71155170e-01
8.64942800e-06,3.71159367e-01
8.64952800e-06,3.71162229e-01
8.64962800e-06,3.71166460e-01
8.64972800e-06,3.71169355e-01
8.64982800e-06,3.71173620e-01
8.64992800e-06,3.71176549e-01
8.65002800e-06,3.71180847e-01
8.65012800e-06,3.71183809e-01
8.65022800e-06,3.71188142e-01
8.65032800e-06,3.71191138e-01
8.65042800e-06,3.71195504e-01
8.65052800e-06,3.71198534e-01
8.65062800e-06,3.71202935e-01
8.65072800e-06,3.71205998e-01
8.65082800e-06,3.71210433e-01
8.65092800e-06,3.71213530e-01
8.65102800e-06,3.71218000e-01
8.65112800e-06,3.71221130e-01
8.65122800e-06,3.71225635e-01
8.65132800e-06,3.71228799e-01
8.65142800e-06,3.71233339e-01
8.65152800e-06,3.71236537e-01
8.65162800e-06,3.71241112e-01
8.65172800e-06,3.71244344e-01
8.65182800e-06,3.71248954e-01
8.65192800e-06,3.71252221e-01
8.65202800e-06,3.71256866e-01
8.65212800e-06,3.71260167e-01
8.65222800e-06,3.71264848e-01
8.65232800e-06,3.71268183e-01
8.65242800e-06,3.71272899e-01
8.65252800e-06,3.71276269e-01
8.65262800e-06,3.71281021e-01
8.65272800e-06,3.71284426e-01
8.65282800e-06,3.71289213e-01
8.65292800e-06,3.71292652e-01
8.65302800e-06,3.71297476e-01
8.65312800e-06,3.71300950e-01
8.65322800e-06,3.71305809e-01
8.65332800e-06,3.71309318e-01
8.65342800e-06,3.71314214e-01
8.65352800e-06,3.71317757e-01
8.65362800e-06,3.71322689e-01
8.65372800e-06,3.71326268e-01
8.65382800e-06,3.71331236e-01
8.65392800e-06,3.71334850e-01
8.65402800e-06,3.71339854e-01
8.65412800e-06,3.71343504e-01
8.65422800e-06,3.71348544e-01
8.65432800e-06,3.71352229e-01
8.65442800e-06,3.71357306e-01
8.65452800e-06,3.71361026e-01
8.65462800e-06,3.71366140e-01
8.65472800e-06,3.71369896e-01
8.65482800e-06,3.71375047e-01
8.65492800e-06,3.71378838e-01
8.65502800e-06,3.71384025e-01
8.65512800e-06,3.71387853e-01
8.65522800e-06,3.71393077e-01
8.65532800e-06,3.71396940e-01
8.65542800e-06,3.71402202e-01
8.65552800e-06,3.71406101e-01
8.65562800e-06,3.71411399e-01
8.65572800e-06,3.71415335e-01
8.65582800e-06,3.71420662e-01
8.65592800e-06,3.71424626e-01
8.65602800e-06,3.71429990e-01
8.65612800e-06,3.71433990e-01
8.65622800e-06,3.71439392e-01
8.65632800e-06,3.71443428e-01
8.65642800e-06,3.71448867e-01
8.65652800e-06,3.71452940e-01
8.65662800e-06,3.71458416e-01
8.65672800e-06,3.71462525e-01
8.65682800e-06,3.71468040e-01
8.65692800e-06,3.71472185e-01
8.65702800e-06,3.71477737e-01
8.65712800e-06,3.71481919e-01
8.65722800e-06,3.71487509e-01
8.65732800e-06,3.71491728e-01
8.65742800e-06,3.71497356e-01
8.65752800e-06,3.71501612e-01
8.65762800e-06,3.71507278e-01
8.65772800e-06,3.71511570e-01
8.65782800e-06,3.71517275e-01
8.65792800e-06,3.71521604e-01
8.65802800e-06,3.71527347e-01
8.65812800e-06,3.71531714e-01
8.65822800e-06,3.71537494e-01
8.65832800e-06,3.71541899e-01
8.65842800e-06,3.71547718e-01
8.65852800e-06,3.71552159e-01
8.65862800e-06,3.71558017e-01
8.65872800e-06,3.71562496e-01
8.65882800e-06,3.71568392e-01
8.65892800e-06,3.71572909e-01
8.65902800e-06,3.71578844e-01
8.65912800e-06,3.71583399e-01
8.65922800e-06,3.71589372e-01
8.65932800e-06,3.71593965e-01
8.65942800e-06,3.71599977e-01
8.65952800e-06,3.71604608e-01
8.65962800e-06,3.71610660e-01
8.65972800e-06,3.71615328e-01
8.65982800e-06,3.71621419e-01
8.65992800e-06,3.71626125e-01
8.66002800e-06,3.71632256e-01
8.66012800e-06,3.71637000e-01
8.66022800e-06,3.71643170e-01
8.66032800e-06,3.71647953e-01
8.66042800e-06,3.71654162e-01
8.66052800e-06,3.71658984e-01
8.66062800e-06,3.71665232e-01
8.66072800e-06,3.71670092e-01
8.66082800e-06,3.71676381e-01
8.66092800e-06,3.71681280e-01
8.66102800e-06,3.71687608e-01
8.66112800e-06,3.71692545e-01
8.66122800e-06,3.71698913e-01
8.66132800e-06,3.71703890e-01
8.66142800e-06,3.71710298e-01
8.66152800e-06,3.71715314e-01
8.66162800e-06,3.71721762e-01
8.66172800e-06,3.71726816e-01
8.66182800e-06,3.71733305e-01
8.66192800e-06,3.71738399e-01
8.66202800e-06,3.71744927e-01
8.66212800e-06,3.71750061e-01
8.66222800e-06,3.71756630e-01
8.66232800e-06,3.71761803e-01
8.66242800e-06,3.71768412e-01
8.66252800e-06,3.71773625e-01
8.66262800e-06,3.71780275e-01
8.66272800e-06,3.71785527e-01
8.66282800e-06,3.71792218e-01
8.66292800e-06,3.71797510e-01
8.66302800e-06,3.71804242e-01
8.66312800e-06,3.71809573e-01
8.66322800e-06,3.71816346e-01
8.66332800e-06,3.71821718e-01
8.66342800e-06,3.71828532e-01
8.66352800e-06,3.71833944e-01
8.66362800e-06,3.71840799e-01
8.66372800e-06,3.71846251e-01
8.66382800e-06,3.71853148e-01
8.66392800e-06,3.71858640e-01
8.66402800e-06,3.71865578e-01
8.66412800e-06,3.71871111e-01
8.66422800e-06,3.71878091e-01
8.66432800e-06,3.71883664e-01
8.66442800e-06,3.71890685e-01
8.66452800e-06,3.71896299e-01
8.66462800e-06,3.71903362e-01
8.66472800e-06,3.71909017e-01
8.66482800e-06,3.71916122e-01
8.66492800e-06,3.71921817e-01
8.66502800e-06,3.71928964e-01
8.66512800e-06,3.71934701e-01
8.66522800e-06,3.71941890e-01
8.66532800e-06,3.71947668e-01
8.66542800e-06,3.71954899e-01
8.66552800e-06,3.71960718e-01
8.66562800e-06,3.71967992e-01
8.66572800e-06,3.71973852e-01
8.66582800e-06,3.71981168e-01
8.66592800e-06,3.71987070e-01
8.66602800e-06,3.71994429e-01
8.66612800e-06,3.72000372e-01
8.66622800e-06,3.72007773e-01
8.66632800e-06,3.72013758e-01
8.66642800e-06,3.72021203e-01
8.66652800e-06,3.72027229e-01
8.66662800e-06,3.72034717e-01
8.66672800e-06,3.72040785e-01
8.66682800e-06,3.72048315e-01
8.66692800e-06,3.72054426e-01
8.66702800e-06,3.72061999e-01
8.66712800e-06,3.72068152e-01
8.66722800e-06,3.72075769e-01
8.66732800e-06,3.72081964e-01
8.66742800e-06,3.72089624e-01
8.66752800e-06,3.72095861e-01
8.66762800e-06,3.72103565e-01
8.66772800e-06,3.72109845e-01
8.66782800e-06,3.72117592e-01
8.66792800e-06,3.72123914e-01
8.66802800e-06,3.72131705e-01
8.66812800e-06,3.72138070e-01
8.66822800e-06,3.72145905e-01
8.66832800e-06,3.72152313e-01
8.66842800e-06,3.72160192e-01
8.66852800e-06,3.72166643e-01
8.66862800e-06,3.72174566e-01
8.66872800e-06,3.72181060e-01
8.66882800e-06,3.72189027e-01
8.66892800e-06,3.72195564e-01
8.66902800e-06,3.72203575e-01
8.66912800e-06,3.72210156e-01
8.66922800e-06,3.72218211e-01
8.66932800e-06,3.72224835e-01
8.66942800e-06,3.72232936e-01
8.66952800e-06,3.72239603e-01
8.66962800e-06,3.72247748e-01
8.66972800e-06,3.72254459e-01
8.66982800e-06,3.72262649e-01
8.66992800e-06,3.72269404e-01
8.67002800e-06,3.72277639e-01
8.67012800e-06,3.72284438e-01
8.67022800e-06,3.72292717e-01
8.67032800e-06,3.72299560e-01
8.67042800e-06,3.72307885e-01
8.67052800e-06,3.72314772e-01
8.67062800e-06,3.72323142e-01
8.67072800e-06,3.72330073e-01
8.67082800e-06,3.72338488e-01
8.67092800e-06,3.72345464e-01
8.67102800e-06,3.72353925e-01
8.67112800e-06,3.72360945e-01
8.67122800e-06,3.72369452e-01
8.67132800e-06,3.72376517e-01
8.67142800e-06,3.72385069e-01
8.67152800e-06,3.72392179e-01
8.67162800e-06,3.72400777e-01
8.67172800e-06,3.72407931e-01
8.67182800e-06,3.72416575e-01
8.67192800e-06,3.72423775e-01
8.67202800e-06,3.72432465e-01
8.67212800e-06,3.72439709e-01
8.67222800e-06,3.72448446e-01
8.67232800e-06,3.72455736e-01
8.67242800e-06,3.72464518e-01
8.67252800e-06,3.72471854e-01
8.67262800e-06,3.72480683e-01
8.67272800e-06,3.72488063e-01
8.67282800e-06,3.72496939e-01
8.67292800e-06,3.72504365e-01
8.67302800e-06,3.72513288e-01
8.67312800e-06,3.72520760e-01
8.67322800e-06,3.72529729e-01
8.67332800e-06,3.72537247e-01
8.67342800e-06,3.72546263e-01
8.67352800e-06,3.72553827e-01
8.67362800e-06,3.72562890e-01
8.67372800e-06,3.72570500e-01
8.67382800e-06,3.72579610e-01
8.67392800e-06,3.72587267e-01
8.67402800e-06,3.72596424e-01
8.67412800e-06,3.72604127e-01
8.67422800e-06,3.72613332e-01
8.67432800e-06,3.72621081e-01
8.67442800e-06,3.72630334e-01
8.67452800e-06,3.72638129e-01
8.67462800e-06,3.72647430e-01
8.67472800e-06,3.72655272e-01
8.67482800e-06,3.72664620e-01
8.67492800e-06,3.72672509e-01
8.67502800e-06,3.72681906e-01
8.67512800e-06,3.72689842e-01
8.67522800e-06,3.72699286e-01
8.67532800e-06,3.72707269e-01
8.67542800e-06,3.72716761e-01
8.67552800e-06,3.72724792e-01
8.67562800e-06,3.72734333e-01
8.67572800e-06,3.72742410e-01
8.67582800e-06,3.72751999e-01
8.67592800e-06,3.72760125e-01
8.67602800e-06,3.72769762e-01
8.67612800e-06,3.72777935e-01
8.67622800e-06,3.72787621e-01
8.67632800e-06,3.72795842e-01
8.67642800e-06,3.72805577e-01
8.67652800e-06,3.72813845e-01
8.67662800e-06,3.72823630e-01
8.67672800e-06,3.72831946e-01
8.67682800e-06,3.72841779e-01
8.67692800e-06,3.72850143e-01
8.67702800e-06,3.72860026e-01
8.67712800e-06,3.72868438e-01
8.67722800e-06,3.72878370e-01
8.67732800e-06,3.72886831e-01
8.67742800e-06,3.72896812e-01
8.67752800e-06,3.72905322e-01
8.67762800e-06,3.72915352e-01
8.67772800e-06,3.72923910e-01
8.67782800e-06,3.72933991e-01
8.67792800e-06,3.72942597e-01
8.67802800e-06,3.72952728e-01
8.67812800e-06,3.72961383e-01
8.67822800e-06,3.72971563e-01
8.67832800e-06,3.72980268e-01
8.67842800e-06,3.72990498e-01
8.67852800e-06,3.72999252e-01
8.67862800e-06,3.73009532e-01
8.67872800e-06,3.73018335e-01
8.67882800e-06,3.73028666e-01
8.67892800e-06,3.73037518e-01
8.67902800e-06,3.73047900e-01
8.67912800e-06,3.73056801e-01
8.67922800e-06,3.73067233e-01
8.67932800e-06,3.73076185e-01
8.67942800e-06,3.73086667e-01
8.67952800e-06,3.73095668e-01
8.67962800e-06,3.73106202e-01
8.67972800e-06,3.73115253e-01
8.67982800e-06,3.73125837e-01
8.67992800e-06,3.73134938e-01
8.68002800e-06,3.73145574e-01
8.68012800e-06,3.73154725e-01
8.68022800e-06,3.73165412e-01
8.68032800e-06,3.73174613e-01
8.68042800e-06,3.73185351e-01
8.68052800e-06,3.73194603e-01
8.68062800e-06,3.73205393e-01
8.68072800e-06,3.73214695e-01
8.68082800e-06,3.73225536e-01
8.68092800e-06,3.73234890e-01
8.68102800e-06,3.73245782e-01
8.68112800e-06,3.73255186e-01
8.68122800e-06,3.73266131e-01
8.68132800e-06,3.73275586e-01
8.68142800e-06,3.73286583e-01
8.68152800e-06,3.73296089e-01
8.68162800e-06,3.73307138e-01
8.68172800e-06,3.73316695e-01
8.68182800e-06,3.73327796e-01
8.68192800e-06,3.73337405e-01
8.68202800e-06,3.73348558e-01
8.68212800e-06,3.73358218e-01
8.68222800e-06,3.73369424e-01
8.68232800e-06,3.73379136e-01
8.68242800e-06,3.73390395e-01
8.68252800e-06,3.73400158e-01
8.68262800e-06,3.73411469e-01
8.68272800e-06,3.73421284e-01
8.68282800e-06,3.73432649e-01
8.68292800e-06,3.73442516e-01
8.68302800e-06,3.73453934e-01
8.68312800e-06,3.73463853e-01
8.68322800e-06,3.73475323e-01
8.68332800e-06,3.73485295e-01
8.68342800e-06,3.73496819e-01
8.68352800e-06,3.73506843e-01
8.68362800e-06,3.73518420e-01
8.68372800e-06,3.73528496e-01
8.68382800e-06,3.73540128e-01
8.68392800e-06,3.73550256e-01
8.68402800e-06,3.73561941e-01
8.68412800e-06,3.73572123e-01
8.68422800e-06,3.73583862e-01
8.68432800e-06,3.73594096e-01
8.68442800e-06,3.73605889e-01
8.68452800e-06,3.73616176e-01
8.68462800e-06,3.73628023e-01
8.68472800e-06,3.73638364e-01
8.68482800e-06,3.73650265e-01
8.68492800e-06,3.73660659e-01
8.68502800e-06,3.73672615e-01
8.68512800e-06,3.73683062e-01
8.68522800e-06,3.73695072e-01
8.68532800e-06,3.73705573e-01
8.68542800e-06,3.73717638e-01
8.68552800e-06,3.73728193e-01
8.68562800e-06,3.73740312e-01
8.68572800e-06,3.73750921e-01
8.68582800e-06,3.73763095e-01
8.68592800e-06,3.73773757e-01
8.68602800e-06,3.73785987e-01
8.68612800e-06,3.73796703e-01
8.68622800e-06,3.73808988e-01
8.68632800e-06,3.73819759e-01
8.68642800e-06,3.73832099e-01
8.68652800e-06,3.73842924e-01
8.68662800e-06,3.73855319e-01
8.68672800e-06,3.73866199e-01
8.68682800e-06,3.73878650e-01
8.68692800e-06,3.73889584e-01
8.68702800e-06,3.73902091e-01
8.68712800e-06,3.73913080e-01
8.68722800e-06,3.73925643e-01
8.68732800e-06,3.73936687e-01
8.68742800e-06,3.73949305e-01
8.68752800e-06,3.73960405e-01
8.68762800e-06,3.73973079e-01
8.68772800e-06,3.73984234e-01
8.68782800e-06,3.73996964e-01
8.68792800e-06,3.74008174e-01
8.68802800e-06,3.74020961e-01
8.68812800e-06,3.74032226e-01
8.68822800e-06,3.74045070e-01
8.68832800e-06,3.74056391e-01
8.68842800e-06,3.74069291e-01
8.68852800e-06,3.74080668e-01
8.68862800e-06,3.74093625e-01
8.68872800e-06,3.74105057e-01
8.68882800e-06,3.74118072e-01
8.68892800e-06,3.74129560e-01
8.68902800e-06,3.74142631e-01
8.68912800e-06,3.74154175e-01
8.68922800e-06,3.74167304e-01
8.68932800e-06,3.74178905e-01
8.68942800e-06,3.74192090e-01
8.68952800e-06,3.74203747e-01
8.68962800e-06,3.74216991e-01
8.68972800e-06,3.74228704e-01
8.68982800e-06,3.74242005e-01
8.68992800e-06,3.74253775e-01
8.69002800e-06,3.74267134e-01
8.69012800e-06,3.74278961e-01
8.69022800e-06,3.74292378e-01
8.69032800e-06,3.74304262e-01
8.69042800e-06,3.74317736e-01
8.69052800e-06,3.74329677e-01
8.69062800e-06,3.74343210e-01
8.69072800e-06,3.74355208e-01
8.69082800e-06,3.74368799e-01
8.69092800e-06,3.74380855e-01
8.69102800e-06,3.74394504e-01
8.69112800e-06,3.74406617e-01
8.69122800e-06,3.74420326e-01
8.69132800e-06,3.74432496e-01
8.69142800e-06,3.74446263e-01
8.69152800e-06,3.74458491e-01
8.69162800e-06,3.74472317e-01
8.69172800e-06,3.74484603e-01
8.69182800e-06,3.74498488e-01
8.69192800e-06,3.74510832e-01
8.69202800e-06,3.74524776e-01
8.69212800e-06,3.74537179e-01
8.69222800e-06,3.74551181e-01
8.69232800e-06,3.74563642e-01
8.69242800e-06,3.74577705e-01
8.69252800e-06,3.74590224e-01
8.69262800e-06,3.74604346e-01
8.69272800e-06,3.74616924e-01
8.69282800e-06,3.74631105e-01
8.69292800e-06,3.74643742e-01
8.69302800e-06,3.74657983e-01
8.69312800e-06,3.74670678e-01
8.69322800e-06,3.74684979e-01
8.69332800e-06,3.74697734e-01
8.69342800e-06,3.74712095e-01
8.69352800e-06,3.74724909e-01
8.69362800e-06,3.74739330e-01
8.69372800e-06,3.74752203e-01
8.69382800e-06,3.74766685e-01
8.69392800e-06,3.74779617e-01
8.69402800e-06,3.74794159e-01
8.69412800e-06,3.74807151e-01
8.69422800e-06,3.74821754e-01
8.69432800e-06,3.74834805e-01
8.69442800e-06,3.74849469e-01
8.69452800e-06,3.74862580e-01
8.69462800e-06,3.74877305e-01
8.69472800e-06,3.74890476e-01
8.69482800e-06,3.74905262e-01
8.69492800e-06,3.74918493e-01
8.69502800e-06,3.74933340e-01
8.69512800e-06,3.74946631e-01
8.69522800e-06,3.74961539e-01
8.69532800e-06,3.74974891e-01
8.69542800e-06,3.74989860e-01
8.69552800e-06,3.75003273e-01
8.69562800e-06,3.75018304e-01
8.69572800e-06,3.75031777e-01
8.69582800e-06,3.75046870e-01
8.69592800e-06,3.75060403e-01
8.69602800e-06,3.75075558e-01
8.69612800e-06,3.75089153e-01
8.69622800e-06,3.75104369e-01
8.69632800e-06,3.75118025e-01
8.69642800e-06,3.75133304e-01
8.69652800e-06,3.75147021e-01
8.69662800e-06,3.75162361e-01
8.69672800e-06,3.75176140e-01
8.69682800e-06,3.75191543e-01
8.69692800e-06,3.75205383e-01
8.69702800e-06,3.75220849e-01
8.69712800e-06,3.75234750e-01
8.69722800e-06,3.75250278e-01
8.69732800e-06,3.75264241e-01
8.69742800e-06,3.75279833e-01
8.69752800e-06,3.75293858e-01
8.69762800e-06,3.75309512e-01
8.69772800e-06,3.75323599e-01
8.69782800e-06,3.75339316e-01
8.69792800e-06,3.75353465e-01
8.69802800e-06,3.75369246e-01
8.69812800e-06,3.75383457e-01
8.69822800e-06,3.75399301e-01
8.69832800e-06,3.75413575e-01
8.69842800e-06,3.75429482e-01
8.69852800e-06,3.75443818e-01
8.69862800e-06,3.75459789e-01
8.69872800e-06,3.75474188e-01
8.69882800e-06,3.75490223e-01
8.69892800e-06,3.75504685e-01
8.69902800e-06,3.75520783e-01
8.69912800e-06,3.75535308e-01
8.69922800e-06,3.75551471e-01
8.69932800e-06,3.75566059e-01
8.69942800e-06,3.75582286e-01
8.69952800e-06,3.75596937e-01
8.69962800e-06,3.75613228e-01
8.69972800e-06,3.75627943e-01
8.69982800e-06,3.75644298e-01
8.69992800e-06,3.75659076e-01
8.70002800e-06,3.75675496e-01
8.70012800e-06,3.75690338e-01
8.70022800e-06,3.75706823e-01
8.70032800e-06,3.75721728e-01
8.70042800e-06,3.75738278e-01
8.70052800e-06,3.75753247e-01
8.70062800e-06,3.75769862e-01
8.70072800e-06,3.75784896e-01
8.70082800e-06,3.75801575e-01
8.70092800e-06,3.75816673e-01
8.70102800e-06,3.75833418e-01
8.70112800e-06,3.75848580e-01
8.70122800e-06,3.75865391e-01
8.70132800e-06,3.75880617e-01
8.70142800e-06,3.75897493e-01
8.70152800e-06,3.75912784e-01
8.70162800e-06,3.75929726e-01
8.70172800e-06,3.75945082e-01
8.70182800e-06,3.75962089e-01
8.70192800e-06,3.75977510e-01
8.70202800e-06,3.75994583e-01
8.70212800e-06,3.76010069e-01
8.70222800e-06,3.76027208e-01
8.70232800e-06,3.76042759e-01
8.70242800e-06,3.76059965e-01
8.70252800e-06,3.76075581e-01
8.70262800e-06,3.76092853e-01
8.70272800e-06,3.76108535e-01
8.70282800e-06,3.76125873e-01
8.70292800e-06,3.76141620e-01
8.70302800e-06,3.76159025e-01
8.70312800e-06,3.76174838e-01
8.70322800e-06,3.76192310e-01
8.70332800e-06,3.76208188e-01
8.70342800e-06,3.76225727e-01
8.70352800e-06,3.76241672e-01
8.70362800e-06,3.76259277e-01
8.70372800e-06,3.76275288e-01
8.70382800e-06,3.76292961e-01
8.70392800e-06,3.76309038e-01
8.70402800e-06,3.76326778e-01
8.70412800e-06,3.76342921e-01
8.70422800e-06,3.76360729e-01
8.70432800e-06,3.76376938e-01
8.70442800e-06,3.76394813e-01
8.70452800e-06,3.76411090e-01
8.70462800e-06,3.76429032e-01
8.70472800e-06,3.76445376e-01
8.70482800e-06,3.76463386e-01
8.70492800e-06,3.76479796e-01
8.70502800e-06,3.76497875e-01
8.70512800e-06,3.76514352e-01
8.70522800e-06,3.76532499e-01
8.70532800e-06,3.76549043e-01
8.70542800e-06,3.76567258e-01
8.70552800e-06,3.76583869e-01
8.70562800e-06,3.76602152e-01
8.70572800e-06,3.76618832e-01
8.70582800e-06,3.76637183e-01
8.70592800e-06,3.76653930e-01
8.70602800e-06,3.76672350e-01
8.70612800e-06,3.76689164e-01
8.70622800e-06,3.76707653e-01
8.70632800e-06,3.76724535e-01
8.70642800e-06,3.76743093e-01
8.70652800e-06,3.76760043e-01
8.70662800e-06,3.76778670e-01
8.70672800e-06,3.76795688e-01
8.70682800e-06,3.76814384e-01
8.70692800e-06,3.76831471e-01
8.70702800e-06,3.76850236e-01
8.70712800e-06,3.76867391e-01
8.70722800e-06,3.76886226e-01
8.70732800e-06,3.76903449e-01
8.70742800e-06,3.76922353e-01
8.70752800e-06,3.76939645e-01
8.70762800e-06,3.76958619e-01
8.70772800e-06,3.76975980e-01
8.70782800e-06,3.76995023e-01
8.70792800e-06,3.77012453e-01
8.70802800e-06,3.77031566e-01
8.70812800e-06,3.77049065e-01
8.70822800e-06,3.77068249e-01
8.70832800e-06,3.77085816e-01
8.70842800e-06,3.77105070e-01
8.70852800e-06,3.77122707e-01
8.70862800e-06,3.77142031e-01
8.70872800e-06,3.77159738e-01
8.70882800e-06,3.77179132e-01
8.70892800e-06,3.77196909e-01
8.70902800e-06,3.77216374e-01
8.70912800e-06,3.77234219e-01
8.70922800e-06,3.77253755e-01
8.70932800e-06,3.77271671e-01
8.70942800e-06,3.77291277e-01
8.70952800e-06,3.77309263e-01
8.70962800e-06,3.77328940e-01
8.70972800e-06,3.77346996e-01
8.70982800e-06,3.77366745e-01
8.70992800e-06,3.77384870e-01
8.71002800e-06,3.77404690e-01
8.71012800e-06,3.77422886e-01
8.71022800e-06,3.77442778e-01
8.71032800e-06,3.77461044e-01
8.71042800e-06,3.77481007e-01
8.71052800e-06,3.77499344e-01
8.71062800e-06,3.77519378e-01
8.71072800e-06,3.77537786e-01
8.71082800e-06,3.77557892e-01
8.71092800e-06,3.77576371e-01
8.71102800e-06,3.77596549e-01
8.71112800e-06,3.77615098e-01
8.71122800e-06,3.77635348e-01
8.71132800e-06,3.77653969e-01
8.71142800e-06,3.77674291e-01
8.71152800e-06,3.77692983e-01
8.71162800e-06,3.77713377e-01
8.71172800e-06,3.77732140e-01
8.71182800e-06,3.77752607e-01
8.71192800e-06,3.77771442e-01
8.71202800e-06,3.77791981e-01
8.71212800e-06,3.77810887e-01
8.71222800e-06,3.77831499e-01
8.71232800e-06,3.77850477e-01
8.71242800e-06,3.77871162e-01
8.71252800e-06,3.77890211e-01
8.71262800e-06,3.77910969e-01
8.71272800e-06,3.77930090e-01
8.71282800e-06,3.77950921e-01
8.71292800e-06,3.77970115e-01
8.71302800e-06,3.77991018e-01
8.71312800e-06,3.78010284e-01
8.71322800e-06,3.78031261e-01
8.71332800e-06,3.78050599e-01
8.71342800e-06,3.78071650e-01
8.71352800e-06,3.78091060e-01
8.71362800e-06,3.78112184e-01
8.71372800e-06,3.78131667e-01
8.71382800e-06,3.78152865e-01
8.71392800e-06,3.78172421e-01
8.71402800e-06,3.78193692e-01
8.71412800e-06,3.78213321e-01
8.71422800e-06,3.78234666e-01
8.71432800e-06,3.78254368e-01
8.71442800e-06,3.78275786e-01
8.71452800e-06,3.78295561e-01
8.71462800e-06,3.78317054e-01
8.71472800e-06,3.78336902e-01
8.71482800e-06,3.78358470e-01
8.71492800e-06,3.78378391e-01
8.71502800e-06,3.78400033e-01
8.71512800e-06,3.78420028e-01
8.71522800e-06,3.78441744e-01
8.71532800e-06,3.78461812e-01
8.71542800e-06,3.78483603e-01
8.71552800e-06,3.78503745e-01
8.71562800e-06,3.78525610e-01
8.71572800e-06,3.78545826e-01
8.71582800e-06,3.78567766e-01
8.71592800e-06,3.78588056e-01
8.71602800e-06,3.78610071e-01
8.71612800e-06,3.78630435e-01
8.71622800e-06,3.78652525e-01
8.71632800e-06,3.78672963e-01
8.71642800e-06,3.78695128e-01
8.71652800e-06,3.78715640e-01
8.71662800e-06,3.78737881e-01
8.71672800e-06,3.78758468e-01
8.71682800e-06,3.78780784e-01
8.71692800e-06,3.78801445e-01
8.71702800e-06,3.78823836e-01
8.71712800e-06,3.78844572e-01
8.71722800e-06,3.78867039e-01
8.71732800e-06,3.78887850e-01
8.71742800e-06,3.78910393e-01
8.71752800e-06,3.78931278e-01
8.71762800e-06,3.78953897e-01
8.71772800e-06,3.78974857e-01
8.71782800e-06,3.78997552e-01
8.71792800e-06,3.79018587e-01
8.71802800e-06,3.79041358e-01
8.71812800e-06,3.79062469e-01
8.71822800e-06,3.79085316e-01
8.71832800e-06,3.79106502e-01
8.71842800e-06,3.79129426e-01
8.71852800e-06,3.79150687e-01
8.71862800e-06,3.79173687e-01
8.71872800e-06,3.79195024e-01
8.71882800e-06,3.79218100e-01
8.71892800e-06,3.79239513e-01
8.71902800e-06,3.79262666e-01
8.71912800e-06,3.79284154e-01
8.71922800e-06,3.79307384e-01
8.71932800e-06,3.79328949e-01
8.71942800e-06,3.79352255e-01
8.71952800e-06,3.79373896e-01
8.71962800e-06,3.79397280e-01
8.71972800e-06,3.79418996e-01
8.71982800e-06,3.79442457e-01
8.71992800e-06,3.79464250e-01
8.72002800e-06,3.79487788e-01
8.72012800e-06,3.79509657e-01
8.72022800e-06,3.79533272e-01
8.72032800e-06,3.79555218e-01
8.72042800e-06,3.79578911e-01
8.72052800e-06,3.79600932e-01
8.72062800e-06,3.79624703e-01
8.72072800e-06,3.79646802e-01
8.72082800e-06,3.79670650e-01
8.72092800e-06,3.79692825e-01
8.72102800e-06,3.79716751e-01
8.72112800e-06,3.79739003e-01
8.72122800e-06,3.79763007e-01
8.72132800e-06,3.79785336e-01
8.72142800e-06,3.79809418e-01
8.72152800e-06,3.79831824e-01
8.72162800e-06,3.79855984e-01
8.72172800e-06,3.79878468e-01
8.72182800e-06,3.79902706e-01
8.72192800e-06,3.79925267e-01
8.72202800e-06,3.79949583e-01
8.72212800e-06,3.79972221e-01
8.72222800e-06,3.79996616e-01
8.72232800e-06,3.80019332e-01
8.72242800e-06,3.80043805e-01
8.72252800e-06,3.80066599e-01
8.72262800e-06,3.80091151e-01
8.72272800e-06,3.80114022e-01
8.72282800e-06,3.80138652e-01
8.72292800e-06,3.80161601e-01
8.72302800e-06,3.80186311e-01
8.72312800e-06,3.80209337e-01
8.72322800e-06,3.80234126e-01
8.72332800e-06,3.80257231e-01
8.72342800e-06,3.80282098e-01
8.72352800e-06,3.80305281e-01
8.72362800e-06,3.80330228e-01
8.72372800e-06,3.80353489e-01
8.72382800e-06,3.80378515e-01
8.72392800e-06,3.80401854e-01
8.72402800e-06,3.80426959e-01
8.72412800e-06,3.80450377e-01
8.72422800e-06,3.80475562e-01
8.72432800e-06,3.80499058e-01
8.72442800e-06,3.80524322e-01
8.72452800e-06,3.80547897e-01
8.72462800e-06,3.80573241e-01
8.72472800e-06,3.80596895e-01
8.72482800e-06,3.80622318e-01
8.72492800e-06,3.80646051e-01
8.72502800e-06,3.80671554e-01
8.72512800e-06,3.80695366e-01
8.72522800e-06,3.80720949e-01
8.72532800e-06,3.80744839e-01
8.72542800e-06,3.80770503e-01
8.72552800e-06,3.80794472e-01
8.72562800e-06,3.80820216e-01
8.72572800e-06,3.80844265e-01
8.72582800e-06,3.80870088e-01
8.72592800e-06,3.80894216e-01
8.72602800e-06,3.80920120e-01
8.72612800e-06,3.80944328e-01
8.72622800e-06,3.80970312e-01
8.72632800e-06,3.80994599e-01
8.72642800e-06,3.81020664e-01
8.72652800e-06,3.81045030e-01
8.72662800e-06,3.81071176e-01
8.72672800e-06,3.81095622e-01
8.72682800e-06,3.81121848e-01
8.72692800e-06,3.81146374e-01
8.72702800e-06,3.81172681e-01
8.72712800e-06,3.81197287e-01
8.72722800e-06,3.81223674e-01
8.72732800e-06,3.81248360e-01
8.72742800e-06,3.81274829e-01
8.72752800e-06,3.81299594e-01
8.72762800e-06,3.81326144e-01
8.72772800e-06,3.81350990e-01
8.72782800e-06,3.81377621e-01
8.72792800e-06,3.81402547e-01
8.72802800e-06,3.81429259e-01
8.72812800e-06,3.81454265e-01
8.72822800e-06,3.81481058e-01
8.72832800e-06,3.81506145e-01
8.72842800e-06,3.81533020e-01
8.72852800e-06,3.81558187e-01
8.72862800e-06,3.81585143e-01
8.72872800e-06,3.81610391e-01
8.72882800e-06,3.81637429e-01
8.72892800e-06,3.81662757e-01
8.72902800e-06,3.81689876e-01
8.72912800e-06,3.81715285e-01
8.72922800e-06,3.81742486e-01
8.72932800e-06,3.81767976e-01
8.72942800e-06,3.81795259e-01
8.72952800e-06,3.81820830e-01
8.72962800e-06,3.81848195e-01
8.72972800e-06,3.81873847e-01
8.72982800e-06,3.81901293e-01
8.72992800e-06,3.81927026e-01
8.73002800e-06,3.81954555e-01
8.73012800e-06,3.81980369e-01
8.73022800e-06,3.82007980e-01
8.73032800e-06,3.82033875e-01
8.73042800e-06,3.82061568e-01
8.73052800e-06,3.82087544e-01
8.73062800e-06,3.82115320e-01
8.73072800e-06,3.82141378e-01
8.73082800e-06,3.82169235e-01
8.73092800e-06,3.82195375e-01
8.73102800e-06,3.82223315e-01
8.73112800e-06,3.82249536e-01
8.73122800e-06,3.82277558e-01
8.73132800e-06,3.82303861e-01
8.73142800e-06,3.82331966e-01
8.73152800e-06,3.82358350e-01
8.73162800e-06,3.82386538e-01
8.73172800e-06,3.82413004e-01
8.73182800e-06,3.82441274e-01
8.73192800e-06,3.82467822e-01
8.73202800e-06,3.82496175e-01
8.73212800e-06,3.82522805e-01
8.73222800e-06,3.82551241e-01
8.73232800e-06,3.82577953e-01
8.73242800e-06,3.82606472e-01
8.73252800e-06,3.82633266e-01
8.73262800e-06,3.82661868e-01
8.73272800e-06,3.82688744e-01
8.73282800e-06,3.82717429e-01
8.73292800e-06,3.82744387e-01
8.73302800e-06,3.82773156e-01
8.73312800e-06,3.82800196e-01
8.73322800e-06,3.82829048e-01
8.73332800e-06,3.82856170e-01
8.73342800e-06,3.82885105e-01
8.73352800e-06,3.82912310e-01
8.73362800e-06,3.82941328e-01
8.73372800e-06,3.82968616e-01
8.73382800e-06,3.82997718e-01
8.73392800e-06,3.83025088e-01
8.73402800e-06,3.83054273e-01
8.73412800e-06,3.83081726e-01
8.73422800e-06,3.83110994e-01
8.73432800e-06,3.83138530e-01
8.73442800e-06,3.83167882e-01
8.73452800e-06,3.83195500e-01
8.73462800e-06,3.83224936e-01
8.73472800e-06,3.83252637e-01
8.73482800e-06,3.83282157e-01
8.73492800e-06,3.83309940e-01
8.73502800e-06,3.83339544e-01
8.73512800e-06,3.83367411e-01
8.73522800e-06,3.83397098e-01
8.73532800e-06,3.83425048e-01
8.73542800e-06,3.83454819e-01
8.73552800e-06,3.83482852e-01
8.73562800e-06,3.83512707e-01
8.73572800e-06,3.83540823e-01
8.73582800e-06,3.83570762e-01
8.73592800e-06,3.83598961e-01
8.73602800e-06,3.83628985e-01
8.73612800e-06,3.83657267e-01
8.73622800e-06,3.83687375e-01
8.73632800e-06,3.83715740e-01
8.73642800e-06,3.83745932e-01
8.73652800e-06,3.83774381e-01
8.73662800e-06,3.83804657e-01
8.73672800e-06,3.83833189e-01
8.73682800e-06,3.83863550e-01
8.73692800e-06,3.83892165e-01
8.73702800e-06,3.83922610e-01
8.73712800e-06,3.83951309e-01
8.73722800e-06,3.83981838e-01
8.73732800e-06,3.84010621e-01
8.73742800e-06,3.84041235e-01
8.73752800e-06,3.84070101e-01
8.73762800e-06,3.84100799e-01
8.73772800e-06,3.84129749e-01
8.73782800e-06,3.84160532e-01
8.73792800e-06,3.84189565e-01
8.73802800e-06,3.84220433e-01
8.73812800e-06,3.84249550e-01
8.73822800e-06,3.84280502e-01
8.73832800e-06,3.84309703e-01
8.73842800e-06,3.84340740e-01
8.73852800e-06,3.84370025e-01
8.73862800e-06,3.84401147e-01
8.73872800e-06,3.84430515e-01
8.73882800e-06,3.84461722e-01
8.73892800e-06,3.84491174e-01
8.73902800e-06,3.84522466e-01
8.73912800e-06,3.84552002e-01
8.73922800e-06,3.84583379e-01
8.73932800e-06,3.84612999e-01
8.73942800e-06,3.84644461e-01
8.73952800e-06,3.84674165e-01
8.73962800e-06,3.84705712e-01
8.73972800e-06,3.84735500e-01
8.73982800e-06,3.84767132e-01
8.73992800e-06,3.84797004e-01
8.74002800e-06,3.84828721e-01
8.74012800e-06,3.84858678e-01
8.74022800e-06,3.84890480e-01
8.74032800e-06,3.84920521e-01
8.74042800e-06,3.84952408e-01
8.74052800e-06,3.84982533e-01
8.74062800e-06,3.85014505e-01
8.74072800e-06,3.85044714e-01
8.74082800e-06,3.85076772e-01
8.74092800e-06,3.85107066e-01
8.74102800e-06,3.85139208e-01
8.74112800e-06,3.85169586e-01
8.74122800e-06,3.85201814e-01
8.74132800e-06,3.85232277e-01
8.74142800e-06,3.85264590e-01
8.74152800e-06,3.85295137e-01
8.74162800e-06,3.85327536e-01
8.74172800e-06,3.85358167e-01
8.74182800e-06,3.85390651e-01
8.74192800e-06,3.85421367e-01
8.74202800e-06,3.85453937e-01
8.74212800e-06,3.85484737e-01
8.74222800e-06,3.85517392e-01
8.74232800e-06,3.85548277e-01
8.74242800e-06,3.85581017e-01
8.74252800e-06,3.85611987e-01
8.74262800e-06,3.85644813e-01
8.74272800e-06,3.85675867e-01
8.74282800e-06,3.85708779e-01
8.74292800e-06,3.85739917e-01
8.74302800e-06,3.85772914e-01
8.74312800e-06,3.85804138e-01
8.74322800e-06,3.85837220e-01
8.74332800e-06,3.85868528e-01
8.74342800e-06,3.85901697e-01
8.74352800e-06,3.85933089e-01
8.74362800e-06,3.85966343e-01
8.74372800e-06,3.85997821e-01
8.74382800e-06,3.86031160e-01
8.74392800e-06,3.86062722e-01
8.74402800e-06,3.86096148e-01
8.74412800e-06,3.86127795e-01
8.74422800e-06,3.86161306e-01
8.74432800e-06,3.86193037e-01
8.74442800e-06,3.86226634e-01
8.74452800e-06,3.86258451e-01
8.74462800e-06,3.86292133e-01
8.74472800e-06,3.86324034e-01
8.74482800e-06,3.86357803e-01
8.74492800e-06,3.86389789e-01
8.74502800e-06,3.86423643e-01
8.74512800e-06,3.86455714e-01
8.74522800e-06,3.86489654e-01
8.74532800e-06,3.86521810e-01
8.74542800e-06,3.86555835e-01
8.74552800e-06,3.86588076e-01
8.74562800e-06,3.86622187e-01
8.74572800e-06,3.86654513e-01
8.74582800e-06,3.86688710e-01
8.74592800e-06,3.86721121e-01
8.74602800e-06,3.86755404e-01
8.74612800e-06,3.86787899e-01
8.74622800e-06,3.86822268e-01
8.74632800e-06,3.86854849e-01
8.74642800e-06,3.86889303e-01
8.74652800e-06,3.86921969e-01
8.74662800e-06,3.86956509e-01
8.74672800e-06,3.86989260e-01
8.74682800e-06,3.87023886e-01
8.74692800e-06,3.87056721e-01
8.74702800e-06,3.87091434e-01
8.74712800e-06,3.87124354e-01
8.74722800e-06,3.87159152e-01
8.74732800e-06,3.87192157e-01
8.74742800e-06,3.87227042e-01
8.74752800e-06,3.87260132e-01
8.74762800e-06,3.87295102e-01
8.74772800e-06,3.87328277e-01
8.74782800e-06,3.87363333e-01
8.74792800e-06,3.87396593e-01
8.74802800e-06,3.87431734e-01
8.74812800e-06,3.87465079e-01
8.74822800e-06,3.87500307e-01
8.74832800e-06,3.87533737e-01
8.74842800e-06,3.87569051e-01
8.74852800e-06,3.87602565e-01
8.74862800e-06,3.87637965e-01
8.74872800e-06,3.87671565e-01
8.74882800e-06,3.87707050e-01
8.74892800e-06,3.87740735e-01
8.74902800e-06,3.87776306e-01
8.74912800e-06,3.87810076e-01
8.74922800e-06,3.87845733e-01
8.74932800e-06,3.87879588e-01
8.74942800e-06,3.87915331e-01
8.74952800e-06,3.87949270e-01
8.74962800e-06,3.87985099e-01
8.74972800e-06,3.88019124e-01
8.74982800e-06,3.88055038e-01
8.74992800e-06,3.88089148e-01
8.75002800e-06,3.88125148e-01
8.75012800e-06,3.88159343e-01
8.75022800e-06,3.88195429e-01
8.75032800e-06,3.88229708e-01
8.75042800e-06,3.88265880e-01
8.75052800e-06,3.88300245e-01
8.75062800e-06,3.88336503e-01
8.75072800e-06,3.88370952e-01
8.75082800e-06,3.88407295e-01
8.75092800e-06,3.88441829e-01
8.75102800e-06,3.88478259e-01
8.75112800e-06,3.88512877e-01
8.75122800e-06,3.88549393e-01
8.75132800e-06,3.88584096e-01
8.75142800e-06,3.88620697e-01
8.75152800e-06,3.88655486e-01
8.75162800e-06,3.88692172e-01
8.75172800e-06,3.88727045e-01
8.75182800e-06,3.88763818e-01
8.75192800e-06,3.88798776e-01
8.75202800e-06,3.88835634e-01
8.75212800e-06,3.88870676e-01
8.75222800e-06,3.88907620e-01
8.75232800e-06,3.88942747e-01
8.75242800e-06,3.88979777e-01
8.75252800e-06,3.89014989e-01
8.75262800e-06,3.89052104e-01
8.75272800e-06,3.89087401e-01
8.75282800e-06,3.89124601e-01
8.75292800e-06,3.89159983e-01
8.75302800e-06,3.89197269e-01
8.75312800e-06,3.89232735e-01
8.75322800e-06,3.89270107e-01
8.75332800e-06,3.89305657e-01
8.75342800e-06,3.89343114e-01
8.75352800e-06,3.89378749e-01
8.75362800e-06,3.89416292e-01
8.75372800e-06,3.89452012e-01
8.75382800e-06,3.89489640e-01
8.75392800e-06,3.89525444e-01
8.75402800e-06,3.89563158e-01
8.75412800e-06,3.89599046e-01
8.75422800e-06,3.89636845e-01
8.75432800e-06,3.89672818e-01
8.75442800e-06,3.89710703e-01
8.75452800e-06,3.89746760e-01
8.75462800e-06,3.89784730e-01
8.75472800e-06,3.89820871e-01
8.75482800e-06,3.89858926e-01
8.75492800e-06,3.89895152e-01
8.75502800e-06,3.89933292e-01
8.75512800e-06,3.89969603e-01
8.75522800e-06,3.90007828e-01
8.75532800e-06,3.90044223e-01
8.75542800e-06,3.90082533e-01
8.75552800e-06,3.90119012e-01
8.75562800e-06,3.90157408e-01
8.75572800e-06,3.90193971e-01
8.75582800e-06,3.90232452e-01
8.75592800e-06,3.90269099e-01
8.75602800e-06,3.90307665e-01
8.75612800e-06,3.90344396e-01
8.75622800e-06,3.90383047e-01
8.75632800e-06,3.90419862e-01
8.75642800e-06,3.90458598e-01
8.75652800e-06,3.90495497e-01
8.75662800e-06,3.90534317e-01
8.75672800e-06,3.90571301e-01
8.75682800e-06,3.90610206e-01
8.75692800e-06,3.90647273e-01
8.75702800e-06,3.90686263e-01
8.75712800e-06,3.90723414e-01
8.75722800e-06,3.90762489e-01
8.75732800e-06,3.90799724e-01
8.75742800e-06,3.90838884e-01
8.75752800e-06,3.90876203e-01
8.75762800e-06,3.90915447e-01
8.75772800e-06,3.90952849e-01
8.75782800e-06,3.90992178e-01
8.75792800e-06,3.91029664e-01
8.75802800e-06,3.91069077e-01
8.75812800e-06,3.91106647e-01
8.75822800e-06,3.91146145e-01
8.75832800e-06,3.91183798e-01
8.75842800e-06,3.91223380e-01
8.75852800e-06,3.91261117e-01
8.75862800e-06,3.91300784e-01
8.75872800e-06,3.91338604e-01
8.75882800e-06,3.91378355e-01
8.75892800e-06,3.91416258e-01
8.75902800e-06,3.91456093e-01
8.75912800e-06,3.91494080e-01
8.75922800e-06,3.91534000e-01
8.75932800e-06,3.91572069e-01
8.75942800e-06,3.91612073e-01
8.75952800e-06,3.91650226e-01
8.75962800e-06,3.91690314e-01
8.75972800e-06,3.91728550e-01
8.75982800e-06,3.91768722e-01
8.75992800e-06,3.91807041e-01
8.76002800e-06,3.91847297e-01
8.76012800e-06,3.91885699e-01
8.76022800e-06,3.91926038e-01
8.76032800e-06,3.91964524e-01
8.76042800e-06,3.92004947e-01
8.76052800e-06,3.92043515e-01
8.76062800e-06,3.92084022e-01
8.76072800e-06,3.92122673e-01
8.76082800e-06,3.92163264e-01
8.76092800e-06,3.92201997e-01
8.76102800e-06,3.92242671e-01
8.76112800e-06,3.92281488e-01
8.76122800e-06,3.92322246e-01
8.76132800e-06,3.92361144e-01
8.76142800e-06,3.92401986e-01
8.76152800e-06,3.92440967e-01
8.76162800e-06,3.92481891e-01
8.76172800e-06,3.92520955e-01
8.76182800e-06,3.92561963e-01
8.76192800e-06,3.92601109e-01
8.76202800e-06,3.92642200e-01
8.76212800e-06,3.92681429e-01
8.76222800e-06,3.92722603e-01
8.76232800e-06,3.92761913e-01
8.76242800e-06,3.92803171e-01
8.76252800e-06,3.92842563e-01
8.76262800e-06,3.92883904e-01
8.76272800e-06,3.92923378e-01
8.76282800e-06,3.92964802e-01
8.76292800e-06,3.93004358e-01
8.76302800e-06,3.93045864e-01
8.76312800e-06,3.93085503e-01
8.76322800e-06,3.93127092e-01
8.76332800e-06,3.93166812e-01
8.76342800e-06,3.93208483e-01
8.76352800e-06,3.93248285e-01
8.76362800e-06,3.93290039e-01
8.76372800e-06,3.93329923e-01
8.76382800e-06,3.93371759e-01
8.76392800e-06,3.93411724e-01
8.76402800e-06,3.93453643e-01
8.76412800e-06,3.93493690e-01
8.76422800e-06,3.93535691e-01
8.76432800e-06,3.93575819e-01
8.76442800e-06,3.93617903e-01
8.76452800e-06,3.93658112e-01
8.76462800e-06,3.93700277e-01
8.76472800e-06,3.93740568e-01
8.76482800e-06,3.93782815e-01
8.76492800e-06,3.93823187e-01
8.76502800e-06,3.93865516e-01
8.76512800e-06,3.93905968e-01
8.76522800e-06,3.93948380e-01
8.76532800e-06,3.93988913e-01
8.76542800e-06,3.94031406e-01
8.76552800e-06,3.94072020e-01
8.76562800e-06,3.94114595e-01
8.76572800e-06,3.94155290e-01
8.76582800e-06,3.94197946e-01
8.76592800e-06,3.94238721e-01
8.76602800e-06,3.94281459e-01
8.76612800e-06,3.94322315e-01
8.76622800e-06,3.94365134e-01
8.76632800e-06,3.94406070e-01
8.76642800e-06,3.94448971e-01
8.76652800e-06,3.94489987e-01
8.76662800e-06,3.94532969e-01
8.76672800e-06,3.94574065e-01
8.76682800e-06,3.94617128e-01
8.76692800e-06,3.94658305e-01
8.76702800e-06,3.94701448e-01
8.76712800e-06,3.94742705e-01
8.76722800e-06,3.94785929e-01
8.76732800e-06,3.94827266e-01
8.76742800e-06,3.94870571e-01
8.76752800e-06,3.94911987e-01
8.76762800e-06,3.94955373e-01
8.76772800e-06,3.94996869e-01
8.76782800e-06,3.95040335e-01
8.76792800e-06,3.95081911e-01
8.76802800e-06,3.95125458e-01
8.76812800e-06,3.95167113e-01
8.76822800e-06,3.95210740e-01
8.76832800e-06,3.95252474e-01
8.76842800e-06,3.95296181e-01
8.76852800e-06,3.95337994e-01
8.76862800e-06,3.95381782e-01
8.76872800e-06,3.95423674e-01
8.76882800e-06,3.95467541e-01
8.76892800e-06,3.95509513e-01
8.76902800e-06,3.95553460e-01
8.76912800e-06,3.95595510e-01
8.76922800e-06,3.95639537e-01
8.76932800e-06,3.95681666e-01
8.76942800e-06,3.95725773e-01
8.76952800e-06,3.95767980e-01
8.76962800e-06,3.95812166e-01
8.76972800e-06,3.95854453e-01
8.76982800e-06,3.95898718e-01
8.76992800e-06,3.95941082e-01
8.77002800e-06,3.95985427e-01
8.77012800e-06,3.96027870e-01
8.77022800e-06,3.96072293e-01
8.77032800e-06,3.96114814e-01
8.77042800e-06,3.96159317e-01
8.77052800e-06,3.96201916e-01
8.77062800e-06,3.96246497e-01
8.77072800e-06,3.96289174e-01
8.77082800e-06,3.96333835e-01
8.77092800e-06,3.96376589e-01
8.77102800e-06,3.96421328e-01
8.77112800e-06,3.96464161e-01
8.77122800e-06,3.96508978e-01
8.77132800e-06,3.96551888e-01
8.77142800e-06,3.96596783e-01
8.77152800e-06,3.96639771e-01
8.77162800e-06,3.96684744e-01
8.77172800e-06,3.96727809e-01
8.77182800e-06,3.96772861e-01
8.77192800e-06,3.96816003e-01
8.77202800e-06,3.96861133e-01
8.77212800e-06,3.96904351e-01
8.77222800e-06,3.96949559e-01
8.77232800e-06,3.96992855e-01
8.77242800e-06,3.97038140e-01
8.77252800e-06,3.97081512e-01
8.77262800e-06,3.97126875e-01
8.77272800e-06,3.97170324e-01
8.77282800e-06,3.97215765e-01
8.77292800e-06,3.97259290e-01
8.77302800e-06,3.97304808e-01
8.77312800e-06,3.97348409e-01
8.77322800e-06,3.97394004e-01
8.77332800e-06,3.97437682e-01
8.77342800e-06,3.97483354e-01
8.77352800e-06,3.97527108e-01
8.77362800e-06,3.97572857e-01
8.77372800e-06,3.97616686e-01
8.77382800e-06,3.97662512e-01
8.77392800e-06,3.97706417e-01
8.77402800e-06,3.97752320e-01
8.77412800e-06,3.97796301e-01
8.77422800e-06,3.97842279e-01
8.77432800e-06,3.97886336e-01
8.77442800e-06,3.97932391e-01
8.77452800e-06,3.97976523e-01
8.77462800e-06,3.98022654e-01
8.77472800e-06,3.98066861e-01
8.77482800e-06,3.98113068e-01
8.77492800e-06,3.98157350e-01
8.77502800e-06,3.98203633e-01
8.77512800e-06,3.98247990e-01
8.77522800e-06,3.98294348e-01
8.77532800e-06,3.98338780e-01
8.77542800e-06,3.98385214e-01
8.77552800e-06,3.98429721e-01
8.77562800e-06,3.98476230e-01
8.77572800e-06,3.98520811e-01
8.77582800e-06,3.98567396e-01
8.77592800e-06,3.98612051e-01
8.77602800e-06,3.98658711e-01
8.77612800e-06,3.98703440e-01
8.77622800e-06,3.98750175e-01
8.77632800e-06,3.98794978e-01
8.77642800e-06,3.98841788e-01
8.77652800e-06,3.98886665e-01
8.77662800e-06,3.98933549e-01
8.77672800e-06,3.98978500e-01
8.77682800e-06,3.99025459e-01
8.77692800e-06,3.99070483e-01
8.77702800e-06,3.99117516e-01
8.77712800e-06,3.99162613e-01
8.77722800e-06,3.99209721e-01
8.77732800e-06,3.99254891e-01
8.77742800e-06,3.99302073e-01
8.77752800e-06,3.99347316e-01
8.77762800e-06,3.99394572e-01
8.77772800e-06,3.99439888e-01
8.77782800e-06,3.99487217e-01
8.77792800e-06,3.99532606e-01
8.77802800e-06,3.99580009e-01
8.77812800e-06,3.99625471e-01
8.77822800e-06,3.99672947e-01
8.77832800e-06,3.99718481e-01
8.77842800e-06,3.99766030e-01
8.77852800e-06,3.99811636e-01
8.77862800e-06,3.99859258e-01
8.77872800e-06,3.99904937e-01
8.77882800e-06,3.99952632e-01
8.77892800e-06,3.99998382e-01
8.77902800e-06,4.00046150e-01
8.77912800e-06,4.00091972e-01
8.77922800e-06,4.00139812e-01
8.77932800e-06,4.00185705e-01
8.77942800e-06,4.00233618e-01
8.77952800e-06,4.00279583e-01
8.77962800e-06,4.00327568e-01
8.77972800e-06,4.00373604e-01
8.77982800e-06,4.00421661e-01
8.77992800e-06,4.00467768e-01
8.78002800e-06,4.00515896e-01
8.78012800e-06,4.00562074e-01
8.78022800e-06,4.00610275e-01
8.78032800e-06,4.00656523e-01
8.78042800e-06,4.00704795e-01
8.78052800e-06,4.00751115e-01
8.78062800e-06,4.00799458e-01
8.78072800e-06,4.00845847e-01
8.78082800e-06,4.00894262e-01
8.78092800e-06,4.00940721e-01
8.78102800e-06,4.00989207e-01
8.78112800e-06,4.01035736e-01
8.78122800e-06,4.01084293e-01
8.78132800e-06,4.01130892e-01
8.78142800e-06,4.01179519e-01
8.78152800e-06,4.01226188e-01
8.78162800e-06,4.01274885e-01
8.78172800e-06,4.01321624e-01
8.78182800e-06,4.01370391e-01
8.78192800e-06,4.01417199e-01
8.78202800e-06,4.01466036e-01
8.78212800e-06,4.01512913e-01
8.78222800e-06,4.01561821e-01
8.78232800e-06,4.01608767e-01
8.78242800e-06,4.01657744e-01
8.78252800e-06,4.01704758e-01
8.78262800e-06,4.01753805e-01
8.78272800e-06,4.01800888e-01
8.78282800e-06,4.01850004e-01
8.78292800e-06,4.01897156e-01
8.78302800e-06,4.01946341e-01
8.78312800e-06,4.01993560e-01
8.78322800e-06,4.02042815e-01
8.78332800e-06,4.02090102e-01
8.78342800e-06,4.02139425e-01
8.78352800e-06,4.02186781e-01
8.78362800e-06,4.02236172e-01
8.78372800e-06,4.02283595e-01
8.78382800e-06,4.02333055e-01
8.78392800e-06,4.02380545e-01
8.78402800e-06,4.02430074e-01
8.78412800e-06,4.02477631e-01
8.78422800e-06,4.02527227e-01
8.78432800e-06,4.02574852e-01
8.78442800e-06,4.02624516e-01
8.78452800e-06,4.02672208e-01
8.78462800e-06,4.02721939e-01
8.78472800e-06,4.02769698e-01
8.78482800e-06,4.02819497e-01
8.78492800e-06,4.02867321e-01
8.78502800e-06,4.02917188e-01
8.78512800e-06,4.02965079e-01
8.78522800e-06,4.03015012e-01
8.78532800e-06,4.03062969e-01
8.78542800e-06,4.03112969e-01
8.78552800e-06,4.03160992e-01
8.78562800e-06,4.03211059e-01
8.78572800e-06,4.03259148e-01
8.78582800e-06,4.03309281e-01
8.78592800e-06,4.03357435e-01
8.78602800e-06,4.03407635e-01
8.78612800e-06,4.03455854e-01
8.78622800e-06,4.03506120e-01
8.78632800e-06,4.03554404e-01
8.78642800e-06,4.03604736e-01
8.78652800e-06,4.03653085e-01
8.78662800e-06,4.03703483e-01
8.78672800e-06,4.03751897e-01
8.78682800e-06,4.03802359e-01
8.78692800e-06,4.03850838e-01
8.78702800e-06,4.03901366e-01
8.78712800e-06,4.03949909e-01
8.78722800e-06,4.04000502e-01
8.78732800e-06,4.04049109e-01
8.78742800e-06,4.04099767e-01
8.78752800e-06,4.04148437e-01
8.78762800e-06,4.04199160e-01
8.78772800e-06,4.04247894e-01
8.78782800e-06,4.04298681e-01
8.78792800e-06,4.04347479e-01
8.78802800e-06,4.04398331e-01
8.78812800e-06,4.04447192e-01
8.78822800e-06,4.04498107e-01
8.78832800e-06,4.04547031e-01
8.78842800e-06,4.04598010e-01
8.78852800e-06,4.04646997e-01
8.78862800e-06,4.04698040e-01
8.78872800e-06,4.04747090e-01
8.78882800e-06,4.04798196e-01
8.78892800e-06,4.04847308e-01
8.78902800e-06,4.04898478e-01
8.78912800e-06,4.04947652e-01
8.78922800e-06,4.04998884e-01
8.78932800e-06,4.05048121e-01
8.78942800e-06,4.05099416e-01
8.78952800e-06,4.05148714e-01
8.78962800e-06,4.05200072e-01
8.78972800e-06,4.05249431e-01
8.78982800e-06,4.05300852e-01
8.78992800e-06,4.05350272e-01
8.79002800e-06,4.05401755e-01
8.79012800e-06,4.05451237e-01
8.79022800e-06,4.05502781e-01
8.79032800e-06,4.05552324e-01
8.79042800e-06,4.05603930e-01
8.79052800e-06,4.05653534e-01
8.79062800e-06,4.05705202e-01
8.79072800e-06,4.05754866e-01
8.79082800e-06,4.05806595e-01
8.79092800e-06,4.05856319e-01
8.79102800e-06,4.05908110e-01
8.79112800e-06,4.05957894e-01
8.79122800e-06,4.06009745e-01
8.79132800e-06,4.06059589e-01
8.79142800e-06,4.06111501e-01
8.79152800e-06,4.06161405e-01
8.79162800e-06,4.06213377e-01
8.79172800e-06,4.06263340e-01
8.79182800e-06,4.06315373e-01
8.79192800e-06,4.06365395e-01
8.79202800e-06,4.06417488e-01
8.79212800e-06,4.06467569e-01
8.79222800e-06,4.06519721e-01
8.79232800e-06,4.06569862e-01
8.79242800e-06,4.06622073e-01
8.79252800e-06,4.06672272e-01
8.79262800e-06,4.06724543e-01
8.79272800e-06,4.06774800e-01
8.79282800e-06,4.06827130e-01
8.79292800e-06,4.06877445e-01
8.79302800e-06,4.06929834e-01
8.79312800e-06,4.06980208e-01
8.79322800e-06,4.07032655e-01
8.79332800e-06,4.07083086e-01
8.79342800e-06,4.07135592e-01
8.79352800e-06,4.07186080e-01
8.79362800e-06,4.07238644e-01
8.79372800e-06,4.07289190e-01
8.79382800e-06,4.07341812e-01
8.79392800e-06,4.07392415e-01
8.79402800e-06,4.07445095e-01
8.79412800e-06,4.07495754e-01
8.79422800e-06,4.07548491e-01
8.79432800e-06,4.07599207e-01
8.79442800e-06,4.07652002e-01
8.79452800e-06,4.07702774e-01
8.79462800e-06,4.07755626e-01
8.79472800e-06,4.07806454e-01
8.79482800e-06,4.07859362e-01
8.79492800e-06,4.07910246e-01
8.79502800e-06,4.07963212e-01
8.79512800e-06,4.08014151e-01
8.79522800e-06,4.08067173e-01
8.79532800e-06,4.08118168e-01
8.79542800e-06,4.08171246e-01
8.79552800e-06,4.08222296e-01
8.79562800e-06,4.08275430e-01
8.79572800e-06,4.08326535e-01
8.79582800e-06,4.08379724e-01
8.79592800e-06,4.08430884e-01
8.79602800e-06,4.08484129e-01
8.79612800e-06,4.08535343e-01
8.79622800e-06,4.08588644e-01
8.79632800e-06,4.08639912e-01
8.79642800e-06,4.08693267e-01
8.79652800e-06,4.08744590e-01
8.79662800e-06,4.08798000e-01
8.79672800e-06,4.08849376e-01
8.79682800e-06,4.08902840e-01
8.79692800e-06,4.08954270e-01
8.79702800e-06,4.09007789e-01
8.79712800e-06,4.09059272e-01
8.79722800e-06,4.09112845e-01
8.79732800e-06,4.09164381e-01
8.79742800e-06,4.09218008e-01
8.79752800e-06,4.09269597e-01
8.79762800e-06,4.09323277e-01
8.79772800e-06,4.09374919e-01
8.79782800e-06,4.09428653e-01
8.79792800e-06,4.09480347e-01
8.79802800e-06,4.09534134e-01
8.79812800e-06,4.09585879e-01
8.79822800e-06,4.09639719e-01
8.79832800e-06,4.09691517e-01
8.79842800e-06,4.09745410e-01
8.79852800e-06,4.09797259e-01
8.79862800e-06,4.09851204e-01
8.79872800e-06,4.09903105e-01
8.79882800e-06,4.09957102e-01
8.79892800e-06,4.10009055e-01
8.79902800e-06,4.10063104e-01
8.79912800e-06,4.10115107e-01
8.79922800e-06,4.10169208e-01
8.79932800e-06,4.10221261e-01
8.79942800e-06,4.10275414e-01
8.79952800e-06,4.10327518e-01
8.79962800e-06,4.10381721e-01
8.79972800e-06,4.10433876e-01
8.79982800e-06,4.10488130e-01
8.79992800e-06,4.10540335e-01
8.80002800e-06,4.10594640e-01
8.80012800e-06,4.10646894e-01
8.80022800e-06,4.10701250e-01
8.80032800e-06,4.10753554e-01
8.80042800e-06,4.10807960e-01
8.80052800e-06,4.10860313e-01
8.80062800e-06,4.10914769e-01
8.80072800e-06,4.10967171e-01
8.80082800e-06,4.11021677e-01
8.80092800e-06,4.11074127e-01
8.80102800e-06,4.11128683e-01
8.80112800e-06,4.11181182e-01
8.80122800e-06,4.11235787e-01
8.80132800e-06,4.11288335e-01
8.80142800e-06,4.11342988e-01
8.80152800e-06,4.11395584e-01
8.80162800e-06,4.11450287e-01
8.80172800e-06,4.11502930e-01
8.80182800e-06,4.11557681e-01
8.80192800e-06,4.11610372e-01
8.80202800e-06,4.11665172e-01
8.80212800e-06,4.11717910e-01
8.80222800e-06,4.11772758e-01
8.80232800e-06,4.11825543e-01
8.80242800e-06,4.11880439e-01
8.80252800e-06,4.11933271e-01
8.80262800e-06,4.11988214e-01
8.80272800e-06,4.12041093e-01
8.80282800e-06,4.12096084e-01
8.80292800e-06,4.12149009e-01
8.80302800e-06,4.12204046e-01
8.80312800e-06,4.12257018e-01
8.80322800e-06,4.12312102e-01
8.80332800e-06,4.12365119e-01
8.80342800e-06,4.12420251e-01
8.80352800e-06,4.12473313e-01
8.80362800e-06,4.12528491e-01
8.80372800e-06,4.12581599e-01
8.80382800e-06,4.12636823e-01
8.80392800e-06,4.12689976e-01
8.80402800e-06,4.12745245e-01
8.80412800e-06,4.12798443e-01
8.80422800e-06,4.12853759e-01
8.80432800e-06,4.12907001e-01
8.80442800e-06,4.12962362e-01
8.80452800e-06,4.13015649e-01
8.80462800e-06,4.13071055e-01
8.80472800e-06,4.13124386e-01
8.80482800e-06,4.13179837e-01
8.80492800e-06,4.13233212e-01
8.80502800e-06,4.13288707e-01
8.80512800e-06,4.13342126e-01
8.80522800e-06,4.13397665e-01
8.80532800e-06,4.13451128e-01
8.80542800e-06,4.13506712e-01
8.80552800e-06,4.13560217e-01
8.80562800e-06,4.13615845e-01
8.80572800e-06,4.13669393e-01
8.80582800e-06,4.13725064e-01
8.80592800e-06,4.13778655e-01
8.80602800e-06,4.13834370e-01
8.80612800e-06,4.13888003e-01
8.80622800e-06,4.13943761e-01
8.80632800e-06,4.13997436e-01
8.80642800e-06,4.14053238e-01
8.80652800e-06,4.14106955e-01
8.80662800e-06,4.14162798e-01
8.80672800e-06,4.14216557e-01
8.80682800e-06,4.14272443e-01
8.80692800e-06,4.14326244e-01
8.80702800e-06,4.14382172e-01
8.80712800e-06,4.14436013e-01
8.80722800e-06,4.14491984e-01
8.80732800e-06,4.14545866e-01
8.80742800e-06,4.14601878e-01
8.80752800e-06,4.14655801e-01
8.80762800e-06,4.14711854e-01
8.80772800e-06,4.14765818e-01
8.80782800e-06,4.14821912e-01
8.80792800e-06,4.14875916e-01
8.80802800e-06,4.14932051e-01
8.80812800e-06,4.14986095e-01
8.80822800e-06,4.15042271e-01
8.80832800e-06,4.15096354e-01
8.80842800e-06,4.15152570e-01
8.80852800e-06,4.15206693e-01
8.80862800e-06,4.15262950e-01
8.80872800e-06,4.15317111e-01
8.80882800e-06,4.15373408e-01
8.80892800e-06,4.15427609e-01
8.80902800e-06,4.15483945e-01
8.80912800e-06,4.15538184e-01
8.80922800e-06,4.15594560e-01
8.80932800e-06,4.15648838e-01
8.80942800e-06,4.15705253e-01
8.80952800e-06,4.15759569e-01
8.80962800e-06,4.15816022e-01
8.80972800e-06,4.15870376e-01
8.80982800e-06,4.15926869e-01
8.80992800e-06,4.15981260e-01
8.81002800e-06,4.16037791e-01
8.81012800e-06,4.16092220e-01
8.81022800e-06,4.16148789e-01
8.81032800e-06,4.16203255e-01
8.81042800e-06,4.16259862e-01
8.81052800e-06,4.16314365e-01
8.81062800e-06,4.16371010e-01
8.81072800e-06,4.16425550e-01
8.81082800e-06,4.16482232e-01
8.81092800e-06,4.16536808e-01
8.81102800e-06,4.16593527e-01
8.81112800e-06,4.16648139e-01
8.81122800e-06,4.16704895e-01
8.81132800e-06,4.16759544e-01
8.81142800e-06,4.16816336e-01
8.81152800e-06,4.16871020e-01
8.81162800e-06,4.16927850e-01
8.81172800e-06,4.16982569e-01
8.81182800e-06,4.17039434e-01
8.81192800e-06,4.17094189e-01
8.81202800e-06,4.17151090e-01
8.81212800e-06,4.17205879e-01
8.81222800e-06,4.17262817e-01
8.81232800e-06,4.17317640e-01
8.81242800e-06,4.17374613e-01
8.81252800e-06,4.17429471e-01
8.81262800e-06,4.17486479e-01
8.81272800e-06,4.17541372e-01
8.81282800e-06,4.17598414e-01
8.81292800e-06,4.17653341e-01
8.81302800e-06,4.17710418e-01
8.81312800e-06,4.17765378e-01
8.81322800e-06,4.17822490e-01
8.81332800e-06,4.17877483e-01
8.81342800e-06,4.17934629e-01
8.81352800e-06,4.17989656e-01
8.81362800e-06,4.18046836e-01
8.81372800e-06,4.18101895e-01
8.81382800e-06,4.18159109e-01
8.81392800e-06,4.18214201e-01
8.81402800e-06,4.18271448e-01
8.81412800e-06,4.18326573e-01
8.81422800e-06,4.18383853e-01
8.81432800e-06,4.18439009e-01
8.81442800e-06,4.18496322e-01
8.81452800e-06,4.18551511e-01
8.81462800e-06,4.18608857e-01
8.81472800e-06,4.18664077e-01
8.81482800e-06,4.18721455e-01
8.81492800e-06,4.18776707e-01
8.81502800e-06,4.18834118e-01
8.81512800e-06,4.18889401e-01
8.81522800e-06,4.18946843e-01
8.81532800e-06,4.19002157e-01
8.81542800e-06,4.19059631e-01
8.81552800e-06,4.19114975e-01
8.81562800e-06,4.19172481e-01
8.81572800e-06,4.19227856e-01
8.81582800e-06,4.19285392e-01
8.81592800e-06,4.19340798e-01
8.81602800e-06,4.19398365e-01
8.81612800e-06,4.19453800e-01
8.81622800e-06,4.19511398e-01
8.81632800e-06,4.19566863e-01
8.81642800e-06,4.19624492e-01
8.81652800e-06,4.19679986e-01
8.81662800e-06,4.19737645e-01
8.81672800e-06,4.19793169e-01
8.81682800e-06,4.19850857e-01
8.81692800e-06,4.19906410e-01
8.81702800e-06,4.19964128e-01
8.81712800e-06,4.20019709e-01
8.81722800e-06,4.20077457e-01
8.81732800e-06,4.20133067e-01
8.81742800e-06,4.20190844e-01
8.81752800e-06,4.20246482e-01
8.81762800e-06,4.20304288e-01
8.81772800e-06,4.20359954e-01
8.81782800e-06,4.20417789e-01
8.81792800e-06,4.20473482e-01
8.81802800e-06,4.20531345e-01
8.81812800e-06,4.20587066e-01
8.81822800e-06,4.20644958e-01
8.81832800e-06,4.20700706e-01
8.81842800e-06,4.20758626e-01
8.81852800e-06,4.20814401e-01
8.81862800e-06,4.20872348e-01
8.81872800e-06,4.20928150e-01
8.81882800e-06,4.20986125e-01
8.81892800e-06,4.21041953e-01
8.81902800e-06,4.21099955e-01
8.81912800e-06,4.21155810e-01
8.81922800e-06,4.21213839e-01
8.81932800e-06,4.21269719e-01
8.81942800e-06,4.21327775e-01
8.81952800e-06,4.21383681e-01
8.81962800e-06,4.21441764e-01
8.81972800e-06,4.21497696e-01
8.81982800e-06,4.21555804e-01
8.81992800e-06,4.21611761e-01
8.82002800e-06,4.21669896e-01
8.82012800e-06,4.21725878e-01
8.82022800e-06,4.21784039e-01
8.82032800e-06,4.21840046e-01
8.82042800e-06,4.21898232e-01
8.82052800e-06,4.21954263e-01
8.82062800e-06,4.22012474e-01
8.82072800e-06,4.22068530e-01
8.82082800e-06,4.22126766e-01
8.82092800e-06,4.22182846e-01
8.82102800e-06,4.22241107e-01
8.82112800e-06,4.22297211e-01
8.82122800e-06,4.22355497e-01
8.82132800e-06,4.22411624e-01
8.82142800e-06,4.22469934e-01
8.82152800e-06,4.22526085e-01
8.82162800e-06,4.22584419e-01
8.82172800e-06,4.22640593e-01
8.82182800e-06,4.22698951e-01
8.82192800e-06,4.22755148e-01
8.82202800e-06,4.22813529e-01
8.82212800e-06,4.22869749e-01
8.82222800e-06,4.22928154e-01
8.82232800e-06,4.22984395e-01
8.82242800e-06,4.23042824e-01
8.82252800e-06,4.23099087e-01
8.82262800e-06,4.23157539e-01
8.82272800e-06,4.23213824e-01
8.82282800e-06,4.23272298e-01
8.82292800e-06,4.23328605e-01
8.82302800e-06,4.23387102e-01
8.82312800e-06,4.23443431e-01
8.82322800e-06,4.23501949e-01
8.82332800e-06,4.23558299e-01
8.82342800e-06,4.23616840e-01
8.82352800e-06,4.23673210e-01
8.82362800e-06,4.23731773e-01
8.82372800e-06,4.23788164e-01
8.82382800e-06,4.23846748e-01
8.82392800e-06,4.23903160e-01
8.82402800e-06,4.23961765e-01
8.82412800e-06,4.24018198e-01
8.82422800e-06,4.24076824e-01
8.82432800e-06,4.24133276e-01
8.82442800e-06,4.24191923e-01
8.82452800e-06,4.24248395e-01
8.82462800e-06,4.24307063e-01
8.82472800e-06,4.24363554e-01
8.82482800e-06,4.24422242e-01
8.82492800e-06,4.24478753e-01
8.82502800e-06,4.24537461e-01
8.82512800e-06,4.24593991e-01
8.82522800e-06,4.24652719e-01
8.82532800e-06,4.24709268e-01
8.82542800e-06,4.24768015e-01
8.82552800e-06,4.24824583e-01
8.82562800e-06,4.24883350e-01
8.82572800e-06,4.24939936e-01
8.82582800e-06,4.24998722e-01
8.82592800e-06,4.25055326e-01
8.82602800e-06,4.25114131e-01
8.82612800e-06,4.25170753e-01
8.82622800e-06,4.25229577e-01
8.82632800e-06,4.25286217e-01
8.82642800e-06,4.25345059e-01
8.82652800e-06,4.25401716e-01
8.82662800e-06,4.25460576e-01
8.82672800e-06,4.25517251e-01
8.82682800e-06,4.25576129e-01
8.82692800e-06,4.25632821e-01
8.82702800e-06,4.25691717e-01
8.82712800e-06,4.25748426e-01
8.82722800e-06,4.25807339e-01
8.82732800e-06,4.25864065e-01
8.82742800e-06,4.25922996e-01
8.82752800e-06,4.25979737e-01
8.82762800e-06,4.26038685e-01
8.82772800e-06,4.26095443e-01
8.82782800e-06,4.26154408e-01
8.82792800e-06,4.26211181e-01
8.82802800e-06,4.26270163e-01
8.82812800e-06,4.26326952e-01
8.82822800e-06,4.26385951e-01
8.82832800e-06,4.26442755e-01
8.82842800e-06,4.26501770e-01
8.82852800e-06,4.26558590e-01
8.82862800e-06,4.26617620e-01
8.82872800e-06,4.26674455e-01
8.82882800e-06,4.26733501e-01
8.82892800e-06,4.26790351e-01
8.82902800e-06,4.26849413e-01
8.82912800e-06,4.26906277e-01
8.82922800e-06,4.26965354e-01
8.82932800e-06,4.27022233e-01
8.82942800e-06,4.27081325e-01
8.82952800e-06,4.27138218e-01
8.82962800e-06,4.27197325e-01
8.82972800e-06,4.27254232e-01
8.82982800e-06,4.27313354e-01
8.82992800e-06,4.27370274e-01
8.83002800e-06,4.27429410e-01
8.83012800e-06,4.27486344e-01
8.83022800e-06,4.27545495e-01
8.83032800e-06,4.27602442e-01
8.83042800e-06,4.27661607e-01
8.83052800e-06,4.27718567e-01
8.83062800e-06,4.27777745e-01
8.83072800e-06,4.27834718e-01
8.83082800e-06,4.27893910e-01
8.83092800e-06,4.27950896e-01
8.83102800e-06,4.28010101e-01
8.83112800e-06,4.28067100e-01
8.83122800e-06,4.28126318e-01
8.83132800e-06,4.28183328e-01
8.83142800e-06,4.28242560e-01
8.83152800e-06,4.28299582e-01
8.83162800e-06,4.28358827e-01
8.83172800e-06,4.28415861e-01
8.83182800e-06,4.28475117e-01
8.83192800e-06,4.28532163e-01
8.83202800e-06,4.28591432e-01
8.83212800e-06,4.28648489e-01
8.83222800e-06,4.28707770e-01
8.83232800e-06,4.28764838e-01
8.83242800e-06,4.28824132e-01
8.83252800e-06,4.28881211e-01
8.83262800e-06,4.28940516e-01
8.83272800e-06,4.28997605e-01
8.83282800e-06,4.29056922e-01
8.83292800e-06,4.29114022e-01
8.83302800e-06,4.29173350e-01
8.83312800e-06,4.29230460e-01
8.83322800e-06,4.29289799e-01
8.83332800e-06,4.29346920e-01
8.83342800e-06,4.29406269e-01
8.83352800e-06,4.29463400e-01
8.83362800e-06,4.29522760e-01
8.83372800e-06,4.29579900e-01
8.83382800e-06,4.29639271e-01
8.83392800e-06,4.29696421e-01
8.83402800e-06,4.29755802e-01
8.83412800e-06,4.29812961e-01
8.83422800e-06,4.29872352e-01
8.83432800e-06,4.29929520e-01
8.83442800e-06,4.29988921e-01
8.83452800e-06,4.30046098e-01
8.83462800e-06,4.30105508e-01
8.83472800e-06,4.30162694e-01
8.83482800e-06,4.30222114e-01
8.83492800e-06,4.30279308e-01
8.83502800e-06,4.30338737e-01
8.83512800e-06,4.30395940e-01
8.83522800e-06,4.30455378e-01
8.83532800e-06,4.30512588e-01
8.83542800e-06,4.30572035e-01
8.83552800e-06,4.30629254e-01
8.83562800e-06,4.30688710e-01
8.83572800e-06,4.30745936e-01
8.83582800e-06,4.30805400e-01
8.83592800e-06,4.30862634e-01
8.83602800e-06,4.30922106e-01
8.83612800e-06,4.30979347e-01
8.83622800e-06,4.31038828e-01
8.83632800e-06,4.31096076e-01
8.83642800e-06,4.31155564e-01
8.83652800e-06,4.31212819e-01
8.83662800e-06,4.31272315e-01
8.83672800e-06,4.31329577e-01
8.83682800e-06,4.31389080e-01
8.83692800e-06,4.31446348e-01
8.83702800e-06,4.31505859e-01
8.83712800e-06,4.31563134e-01
8.83722800e-06,4.31622652e-01
8.83732800e-06,4.31679932e-01
8.83742800e-06,4.31739457e-01
8.83752800e-06,4.31796744e-01
8.83762800e-06,4.31856276e-01
8.83772800e-06,4.31913568e-01
8.83782800e-06,4.31973106e-01
8.83792800e-06,4.32030404e-01
8.83802800e-06,4.32089949e-01
8.83812800e-06,4.32147252e-01
8.83822800e-06,4.32206803e-01
8.83832800e-06,4.32264111e-01
8.83842800e-06,4.32323668e-01
8.83852800e-06,4.32380982e-01
8.83862800e-06,4.32440544e-01
8.83872800e-06,4.32497863e-01
8.83882800e-06,4.32557431e-01
8.83892800e-06,4.32614754e-01
8.83902800e-06,4.32674327e-01
8.83912800e-06,4.32731655e-01
8.83922800e-06,4.32791234e-01
8.83932800e-06,4.32848566e-01
8.83942800e-06,4.32908150e-01
8.83952800e-06,4.32965485e-01
8.83962800e-06,4.33025074e-01
8.83972800e-06,4.33082414e-01
8.83982800e-06,4.33142008e-01
8.83992800e-06,4.33199351e-01
8.84002800e-06,4.33258949e-01
8.84012800e-06,4.33316296e-01
8.84022800e-06,4.33375899e-01
8.84032800e-06,4.33433249e-01
8.84042800e-06,4.33492856e-01
8.84052800e-06,4.33550210e-01
8.84062800e-06,4.33609820e-01
8.84072800e-06,4.33667177e-01
8.84082800e-06,4.33726792e-01
8.84092800e-06,4.33784151e-01
8.84102800e-06,4.33843769e-01
8.84112800e-06,4.33901132e-01
8.84122800e-06,4.33960753e-01
8.84132800e-06,4.34018118e-01
8.84142800e-06,4.34077743e-01
8.84152800e-06,4.34135110e-01
8.84162800e-06,4.34194738e-01
8.84172800e-06,4.34252108e-01
8.84182800e-06,4.34311739e-01
8.84192800e-06,4.34369110e-01
8.84202800e-06,4.34428744e-01
8.84212800e-06,4.34486118e-01
8.84222800e-06,4.34545754e-01
8.84232800e-06,4.34603129e-01
8.84242800e-06,4.34662768e-01
8.84252800e-06,4.34720144e-01
8.84262800e-06,4.34779786e-01
8.84272800e-06,4.34837164e-01
8.84282800e-06,4.34896807e-01
8.84292800e-06,4.34954186e-01
8.84302800e-06,4.35013831e-01
8.84312800e-06,4.35071211e-01
8.84322800e-06,4.35130858e-01
8.84332800e-06,4.35188239e-01
8.84342800e-06,4.35247888e-01
8.84352800e-06,4.35305270e-01
8.84362800e-06,4.35364920e-01
8.84372800e-06,4.35422302e-01
8.84382800e-06,4.35481954e-01
8.84392800e-06,4.35539336e-01
8.84402800e-06,4.35598989e-01
8.84412800e-06,4.35656372e-01
8.84422800e-06,4.35716025e-01
8.84432800e-06,4.35773408e-01
8.84442800e-06,4.35833063e-01
8.84452800e-06,4.35890445e-01
8.84462800e-06,4.35950101e-01
8.84472800e-06,4.36007483e-01
8.84482800e-06,4.36067139e-01
8.84492800e-06,4.36124521e-01
8.84502800e-06,4.36184177e-01
8.84512800e-06,4.36241559e-01
8.84522800e-06,4.36301215e-01
8.84532800e-06,4.36358596e-01
8.84542800e-06,4.36418252e-01
8.84552800e-06,4.36475632e-01
8.84562800e-06,4.36535289e-01
8.84572800e-06,4.36592667e-01
8.84582800e-06,4.36652324e-01
8.84592800e-06,4.36709701e-01
8.84602800e-06,4.36769357e-01
8.84612800e-06,4.36826734e-01
8.84622800e-06,4.36886389e-01
8.84632800e-06,4.36943764e-01
8.84642800e-06,4.37003418e-01
8.84652800e-06,4.37060792e-01
8.84662800e-06,4.37120445e-01
8.84672800e-06,4.37177817e-01
8.84682800e-06,4.37237470e-01
8.84692800e-06,4.37294839e-01
8.84702800e-06,4.37354491e-01
8.84712800e-06,4.37411859e-01
8.84722800e-06,4.37471509e-01
8.84732800e-06,4.37528875e-01
8.84742800e-06,4.37588524e-01
8.84752800e-06,4.37645887e-01
8.84762800e-06,4.37705534e-01
8.84772800e-06,4.37762895e-01
8.84782800e-06,4.37822541e-01
8.84792800e-06,4.37879899e-01
8.84802800e-06,4.37939543e-01
8.84812800e-06,4.37996898e-01
8.84822800e-06,4.38056540e-01
8.84832800e-06,4.38113892e-01
8.84842800e-06,4.38173532e-01
8.84852800e-06,4.38230882e-01
8.84862800e-06,4.38290519e-01
8.84872800e-06,4.38347866e-01
8.84882800e-06,4.38407501e-01
8.84892800e-06,4.38464844e-01
8.84902800e-06,4.38524477e-01
8.84912800e-06,4.38581816e-01
8.84922800e-06,4.38641446e-01
8.84932800e-06,4.38698782e-01
8.84942800e-06,4.38758410e-01
8.84952800e-06,4.38815742e-01
8.84962800e-06,4.38875366e-01
8.84972800e-06,4.38932695e-01
8.84982800e-06,4.38992316e-01
8.84992800e-06,4.39049641e-01
8.85002800e-06,4.39109259e-01
8.85012800e-06,4.39166579e-01
8.85022800e-06,4.39226194e-01
8.85032800e-06,4.39283511e-01
8.85042800e-06,4.39343122e-01
8.85052800e-06,4.39400434e-01
8.85062800e-06,4.39460042e-01
8.85072800e-06,4.39517350e-01
8.85082800e-06,4.39576954e-01
8.85092800e-06,4.39634257e-01
8.85102800e-06,4.39693857e-01
8.85112800e-06,4.39751156e-01
8.85122800e-06,4.39810752e-01
8.85132800e-06,4.39868045e-01
8.85142800e-06,4.39927638e-01
8.85152800e-06,4.39984927e-01
8.85162800e-06,4.40044515e-01
8.85172800e-06,4.40101798e-01
8.85182800e-06,4.40161383e-01
8.85192800e-06,4.40218661e-01
8.85202800e-06,4.40278240e-01
8.85212800e-06,4.40335513e-01
8.85222800e-06,4.40395089e-01
8.85232800e-06,4.40452356e-01
8.85242800e-06,4.40511927e-01
8.85252800e-06,4.40569188e-01
8.85262800e-06,4.40628754e-01
8.85272800e-06,4.40686010e-01
8.85282800e-06,4.40745572e-01
8.85292800e-06,4.40802822e-01
8.85302800e-06,4.40862378e-01
8.85312800e-06,4.40919623e-01
8.85322800e-06,4.40979174e-01
8.85332800e-06,4.41036412e-01
8.85342800e-06,4.41095958e-01
8.85352800e-06,4.41153190e-01
8.85362800e-06,4.41212731e-01
8.85372800e-06,4.41269957e-01
8.85382800e-06,4.41329492e-01
8.85392800e-06,4.41386712e-01
8.85402800e-06,4.41446242e-01
8.85412800e-06,4.41503455e-01
8.85422800e-06,4.41562979e-01
8.85432800e-06,4.41620186e-01
8.85442800e-06,4.41679704e-01
8.85452800e-06,4.41736904e-01
8.85462800e-06,4.41796417e-01
8.85472800e-06,4.41853610e-01
8.85482800e-06,4.41913117e-01
8.85492800e-06,4.41970303e-01
8.85502800e-06,4.42029804e-01
8.85512800e-06,4.42086983e-01
8.85522800e-06,4.42146478e-01
8.85532800e-06,4.42203650e-01
8.85542800e-06,4.42263138e-01
8.85552800e-06,4.42320304e-01
8.85562800e-06,4.42379785e-01
8.85572800e-06,4.42436944e-01
8.85582800e-06,4.42496419e-01
8.85592800e-06,4.42553570e-01
8.85602800e-06,4.42613038e-01
8.85612800e-06,4.42670182e-01
8.85622800e-06,4.42729644e-01
8.85632800e-06,4.42786780e-01
8.85642800e-06,4.42846235e-01
8.85652800e-06,4.42903363e-01
8.85662800e-06,4.42962812e-01
8.85672800e-06,4.43019932e-01
8.85682800e-06,4.43079373e-01
8.85692800e-06,4.43136486e-01
8.85702800e-06,4.43195921e-01
8.85712800e-06,4.43253025e-01
8.85722800e-06,4.43312453e-01
8.85732800e-06,4.43369549e-01
8.85742800e-06,4.43428969e-01
8.85752800e-06,4.43486058e-01
8.85762800e-06,4.43545471e-01
8.85772800e-06,4.43602551e-01
8.85782800e-06,4.43661957e-01
8.85792800e-06,4.43719029e-01
8.85802800e-06,4.43778427e-01
8.85812800e-06,4.43835491e-01
8.85822800e-06,4.43894881e-01
8.85832800e-06,4.43951936e-01
8.85842800e-06,4.44011319e-01
8.85852800e-06,4.44068366e-01
8.85862800e-06,4.44127741e-01
8.85872800e-06,4.44184779e-01
8.85882800e-06,4.44244147e-01
8.85892800e-06,4.44301176e-01
8.85902800e-06,4.44360535e-01
8.85912800e-06,4.44417556e-01
8.85922800e-06,4.44476907e-01
8.85932800e-06,4.44533919e-01
8.85942800e-06,4.44593262e-01
8.85952800e-06,4.44650265e-01
8.85962800e-06,4.44709601e-01
8.85972800e-06,4.44766594e-01
8.85982800e-06,4.44825921e-01
8.85992800e-06,4.44882906e-01
8.86002800e-06,4.44942225e-01
8.86012800e-06,4.44999200e-01
8.86022800e-06,4.45058511e-01
8.86032800e-06,4.45115477e-01
8.86042800e-06,4.45174779e-01
8.86052800e-06,4.45231736e-01
8.86062800e-06,4.45291029e-01
8.86072800e-06,4.45347977e-01
8.86082800e-06,4.45407261e-01
8.86092800e-06,4.45464199e-01
8.86102800e-06,4.45523476e-01
8.86112800e-06,4.45580404e-01
8.86122800e-06,4.45639672e-01
8.86132800e-06,4.45696590e-01
8.86142800e-06,4.45755849e-01
8.86152800e-06,4.45812758e-01
8.86162800e-06,4.45872008e-01
8.86172800e-06,4.45928907e-01
8.86182800e-06,4.45988148e-01
8.86192800e-06,4.46045038e-01
8.86202800e-06,4.46104270e-01
8.86212800e-06,4.46161149e-01
8.86222800e-06,4.46220372e-01
8.86232800e-06,4.46277242e-01
8.86242800e-06,4.46336455e-01
8.86252800e-06,4.46393315e-01
8.86262800e-06,4.46452519e-01
8.86272800e-06,4.46509369e-01
8.86282800e-06,4.46568564e-01
8.86292800e-06,4.46625403e-01
8.86302800e-06,4.46684589e-01
8.86312800e-06,4.46741419e-01
8.86322800e-06,4.46800595e-01
8.86332800e-06,4.46857414e-01
8.86342800e-06,4.46916581e-01
8.86352800e-06,4.46973389e-01
8.86362800e-06,4.47032547e-01
8.86372800e-06,4.47089345e-01
8.86382800e-06,4.47148493e-01
8.86392800e-06,4.47205281e-01
8.86402800e-06,4.47264419e-01
8.86412800e-06,4.47321196e-01
8.86422800e-06,4.47380325e-01
8.86432800e-06,4.47437092e-01
8.86442800e-06,4.47496211e-01
8.86452800e-06,4.47552967e-01
8.86462800e-06,4.47612076e-01
8.86472800e-06,4.47668821e-01
8.86482800e-06,4.47727920e-01
8.86492800e-06,4.47784655e-01
8.86502800e-06,4.47843744e-01
8.86512800e-06,4.47900468e-01
8.86522800e-06,4.47959548e-01
8.86532800e-06,4.48016261e-01
8.86542800e-06,4.48075330e-01
8.86552800e-06,4.48132032e-01
8.86562800e-06,4.48191092e-01
8.86572800e-06,4.48247783e-01
8.86582800e-06,4.48306832e-01
8.86592800e-06,4.48363512e-01
8.86602800e-06,4.48422551e-01
8.86612800e-06,4.48479221e-01
8.86622800e-06,4.48538250e-01
8.86632800e-06,4.48594908e-01
8.86642800e-06,4.48653926e-01
8.86652800e-06,4.48710573e-01
8.86662800e-06,4.48769582e-01
8.86672800e-06,4.48826218e-01
8.86682800e-06,4.48885216e-01
8.86692800e-06,4.48941840e-01
8.86702800e-06,4.49000828e-01
8.86712800e-06,4.49057441e-01
8.86722800e-06,4.49116418e-01
8.86732800e-06,4.49173021e-01
8.86742800e-06,4.49231987e-01
8.86752800e-06,4.49288578e-01
8.86762800e-06,4.49347534e-01
8.86772800e-06,4.49404114e-01
8.86782800e-06,4.49463060e-01
8.86792800e-06,4.49519628e-01
8.86802800e-06,4.49578563e-01
8.86812800e-06,4.49635119e-01
8.86822800e-06,4.49694044e-01
8.86832800e-06,4.49750589e-01
8.86842800e-06,4.49809503e-01
8.86852800e-06,4.49866036e-01
8.86862800e-06,4.49924939e-01
8.86872800e-06,4.49981461e-01
8.86882800e-06,4.50040354e-01
8.86892800e-06,4.50096864e-01
8.86902800e-06,4.50155746e-01
8.86912800e-06,4.50212245e-01
8.86922800e-06,4.50271115e-01
8.86932800e-06,4.50327603e-01
8.86942800e-06,4.50386463e-01
8.86952800e-06,4.50442938e-01
8.86962800e-06,4.50501787e-01
8.86972800e-06,4.50558251e-01
8.86982800e-06,4.50617089e-01
8.86992800e-06,4.50673541e-01
8.87002800e-06,4.50732368e-01
8.87012800e-06,4.50788808e-01
8.87022800e-06,4.50847625e-01
8.87032800e-06,4.50904053e-01
8.87042800e-06,4.50962859e-01
8.87052800e-06,4.51019275e-01
8.87062800e-06,4.51078069e-01
8.87072800e-06,4.51134474e-01
8.87082800e-06,4.51193257e-01
8.87092800e-06,4.51249650e-01
8.87102800e-06,4.51308422e-01
8.87112800e-06,4.51364803e-01
8.87122800e-06,4.51423564e-01
8.87132800e-06,4.51479933e-01
8.87142800e-06,4.51538683e-01
8.87152800e-06,4.51595040e-01
8.87162800e-06,4.51653779e-01
8.87172800e-06,4.51710124e-01
8.87182800e-06,4.51768852e-01
8.87192800e-06,4.51825184e-01
8.87202800e-06,4.51883901e-01
8.87212800e-06,4.51940222e-01
8.87222800e-06,4.51998927e-01
8.87232800e-06,4.52055236e-01
8.87242800e-06,4.52113930e-01
8.87252800e-06,4.52170227e-01
8.87262800e-06,4.52228909e-01
8.87272800e-06,4.52285194e-01
8.87282800e-06,4.52343866e-01
8.87292800e-06,4.52400138e-01
8.87302800e-06,4.52458798e-01
8.87312800e-06,4.52515059e-01
8.87322800e-06,4.52573708e-01
8.87332800e-06,4.52629956e-01
8.87342800e-06,4.52688594e-01
8.87352800e-06,4.52744830e-01
8.87362800e-06,4.52803456e-01
8.87372800e-06,4.52859680e-01
8.87382800e-06,4.52918295e-01
8.87392800e-06,4.52974507e-01
8.87402800e-06,4.53033110e-01
8.87412800e-06,4.53089310e-01
8.87422800e-06,4.53147902e-01
8.87432800e-06,4.53204089e-01
8.87442800e-06,4.53262670e-01
8.87452800e-06,4.53318845e-01
8.87462800e-06,4.53377414e-01
8.87472800e-06,4.53433577e-01
8.87482800e-06,4.53492135e-01
8.87492800e-06,4.53548285e-01
8.87502800e-06,4.53606832e-01
8.87512800e-06,4.53662970e-01
8.87522800e-06,4.53721505e-01
8.87532800e-06,4.53777631e-01
8.87542800e-06,4.53836155e-01
8.87552800e-06,4.53892268e-01
8.87562800e-06,4.53950780e-01
8.87572800e-06,4.54006882e-01
8.87582800e-06,4.54065383e-01
8.87592800e-06,4.54121472e-01
8.87602800e-06,4.54179961e-01
8.87612800e-06,4.54236037e-01
8.87622800e-06,4.54294515e-01
8.87632800e-06,4.54350580e-01
8.87642800e-06,4.54409046e-01
8.87652800e-06,4.54465098e-01
8.87662800e-06,4.54523553e-01
8.87672800e-06,4.54579593e-01
8.87682800e-06,4.54638036e-01
8.87692800e-06,4.54694063e-01
8.87702800e-06,4.54752495e-01
8.87712800e-06,4.54808510e-01
8.87722800e-06,4.54866930e-01
8.87732800e-06,4.54922933e-01
8.87742800e-06,4.54981342e-01
8.87752800e-06,4.55037332e-01
8.87762800e-06,4.55095729e-01
8.87772800e-06,4.55151707e-01
8.87782800e-06,4.55210093e-01
8.87792800e-06,4.55266059e-01
8.87802800e-06,4.55324433e-01
8.87812800e-06,4.55380386e-01
8.87822800e-06,4.55438749e-01
8.87832800e-06,4.55494690e-01
8.87842800e-06,4.55553041e-01
8.87852800e-06,4.55608970e-01
8.87862800e-06,4.55667310e-01
8.87872800e-06,4.55723226e-01
8.87882800e-06,4.55781554e-01
8.87892800e-06,4.55837458e-01
8.87902800e-06,4.55895775e-01
8.87912800e-06,4.55951667e-01
8.87922800e-06,4.56009972e-01
8.87932800e-06,4.56065851e-01
8.87942800e-06,4.56124145e-01
8.87952800e-06,4.56180012e-01
8.87962800e-06,4.56238294e-01
8.87972800e-06,4.56294148e-01
8.87982800e-06,4.56352419e-01
8.87992800e-06,4.56408261e-01
8.88002800e-06,4.56466521e-01
8.88012800e-06,4.56522351e-01
8.88022800e-06,4.56580598e-01
8.88032800e-06,4.56636416e-01
8.88042800e-06,4.56694652e-01
8.88052800e-06,4.56750458e-01
8.88062800e-06,4.56808682e-01
8.88072800e-06,4.56864475e-01
8.88082800e-06,4.56922689e-01
8.88092800e-06,4.56978470e-01
8.88102800e-06,4.57036671e-01
8.88112800e-06,4.57092440e-01
8.88122800e-06,4.57150630e-01
8.88132800e-06,4.57206387e-01
8.88142800e-06,4.57264566e-01
8.88152800e-06,4.57320310e-01
8.88162800e-06,4.57378477e-01
8.88172800e-06,4.57434209e-01
8.88182800e-06,4.57492365e-01
8.88192800e-06,4.57548085e-01
8.88202800e-06,4.57606229e-01
8.88212800e-06,4.57661937e-01
8.88222800e-06,4.57720070e-01
8.88232800e-06,4.57775765e-01
8.88242800e-06,4.57833887e-01
8.88252800e-06,4.57889570e-01
8.88262800e-06,4.57947681e-01
8.88272800e-06,4.58003351e-01
8.88282800e-06,4.58061451e-01
8.88292800e-06,4.58117109e-01
8.88302800e-06,4.58175197e-01
8.88312800e-06,4.58230843e-01
8.88322800e-06,4.58288920e-01
8.88332800e-06,4.58344554e-01
8.88342800e-06,4.58402619e-01
8.88352800e-06,4.58458241e-01
8.88362800e-06,4.58516295e-01
8.88372800e-06,4.58571905e-01
8.88382800e-06,4.58629948e-01
8.88392800e-06,4.58685546e-01
8.88402800e-06,4.58743577e-01
8.88412800e-06,4.58799163e-01
8.88422800e-06,4.58857183e-01
8.88432800e-06,4.58912757e-01
8.88442800e-06,4.58970766e-01
8.88452800e-06,4.59026327e-01
8.88462800e-06,4.59084325e-01
8.88472800e-06,4.59139874e-01
8.88482800e-06,4.59197861e-01
8.88492800e-06,4.59253398e-01
8.88502800e-06,4.59311374e-01
8.88512800e-06,4.59366899e-01
8.88522800e-06,4.59424864e-01
8.88532800e-06,4.59480377e-01
8.88542800e-06,4.59538330e-01
8.88552800e-06,4.59593832e-01
8.88562800e-06,4.59651774e-01
8.88572800e-06,4.59707263e-01
8.88582800e-06,4.59765194e-01
8.88592800e-06,4.59820672e-01
8.88602800e-06,4.59878591e-01
8.88612800e-06,4.59934057e-01
8.88622800e-06,4.59991966e-01
8.88632800e-06,4.60047420e-01
8.88642800e-06,4.60105317e-01
8.88652800e-06,4.60160759e-01
8.88662800e-06,4.60218646e-01
8.88672800e-06,4.60274076e-01
8.88682800e-06,4.60331952e-01
8.88692800e-06,4.60387370e-01
8.88702800e-06,4.60445235e-01
8.88712800e-06,4.60500641e-01
8.88722800e-06,4.60558495e-01
8.88732800e-06,4.60613890e-01
8.88742800e-06,4.60671732e-01
8.88752800e-06,4.60727115e-01
8.88762800e-06,4.60784947e-01
8.88772800e-06,4.60840319e-01
8.88782800e-06,4.60898140e-01
8.88792800e-06,4.60953499e-01
8.88802800e-06,4.61011309e-01
8.88812800e-06,4.61066657e-01
8.88822800e-06,4.61124456e-01
8.88832800e-06,4.61179793e-01
8.88842800e-06,4.61237581e-01
8.88852800e-06,4.61292906e-01
8.88862800e-06,4.61350683e-01
8.88872800e-06,4.61405996e-01
8.88882800e-06,4.61463763e-01
8.88892800e-06,4.61519064e-01
8.88902800e-06,4.61576821e-01
8.88912800e-06,4.61632110e-01
8.88922800e-06,4.61689856e-01
8.88932800e-06,4.61745134e-01
8.88942800e-06,4.61802869e-01
8.88952800e-06,4.61858136e-01
8.88962800e-06,4.61915860e-01
8.88972800e-06,4.61971115e-01
8.88982800e-06,4.62028828e-01
8.88992800e-06,4.62084072e-01
8.89002800e-06,4.62141775e-01
8.89012800e-06,4.62197008e-01
8.89022800e-06,4.62254700e-01
8.89032800e-06,4.62309921e-01
8.89042800e-06,4.62367603e-01
8.89052800e-06,4.62422812e-01
8.89062800e-06,4.62480484e-01
8.89072800e-06,4.62535682e-01
8.89082800e-06,4.62593343e-01
8.89092800e-06,4.62648530e-01
8.89102800e-06,4.62706180e-01
8.89112800e-06,4.62761356e-01
8.89122800e-06,4.62818995e-01
8.89132800e-06,4.62874160e-01
8.89142800e-06,4.62931789e-01
8.89152800e-06,4.62986942e-01
8.89162800e-06,4.63044561e-01
8.89172800e-06,4.63099703e-01
8.89182800e-06,4.63157312e-01
8.89192800e-06,4.63212443e-01
8.89202800e-06,4.63270041e-01
8.89212800e-06,4.63325161e-01
8.89222800e-06,4.63382749e-01
8.89232800e-06,4.63437858e-01
8.89242800e-06,4.63495435e-01
8.89252800e-06,4.63550533e-01
8.89262800e-06,4.63608100e-01
8.89272800e-06,4.63663187e-01
8.89282800e-06,4.63720744e-01
8.89292800e-06,4.63775820e-01
8.89302800e-06,4.63833367e-01
8.89312800e-06,4.63888431e-01
8.89322800e-06,4.63945968e-01
8.89332800e-06,4.64001022e-01
8.89342800e-06,4.64058549e-01
8.89352800e-06,4.64113592e-01
8.89362800e-06,4.64171108e-01
8.89372800e-06,4.64226140e-01
8.89382800e-06,4.64283647e-01
8.89392800e-06,4.64338668e-01
8.89402800e-06,4.64396164e-01
8.89412800e-06,4.64451175e-01
8.89422800e-06,4.64508661e-01
8.89432800e-06,4.64563661e-01
8.89442800e-06,4.64621137e-01
8.89452800e-06,4.64676126e-01
8.89462800e-06,4.64733593e-01
8.89472800e-06,4.64788571e-01
8.89482800e-06,4.64846027e-01
8.89492800e-06,4.64900995e-01
8.89502800e-06,4.64958442e-01
8.89512800e-06,4.65013398e-01
8.89522800e-06,4.65070835e-01
8.89532800e-06,4.65125781e-01
8.89542800e-06,4.65183209e-01
8.89552800e-06,4.65238144e-01
8.89562800e-06,4.65295562e-01
8.89572800e-06,4.65350487e-01
8.89582800e-06,4.65407895e-01
8.89592800e-06,4.65462809e-01
8.89602800e-06,4.65520207e-01
8.89612800e-06,4.65575111e-01
8.89622800e-06,4.65632499e-01
8.89632800e-06,4.65687393e-01
8.89642800e-06,4.65744772e-01
8.89652800e-06,4.65799655e-01
8.89662800e-06,4.65857024e-01
8.89672800e-06,4.65911897e-01
8.89682800e-06,4.65969256e-01
8.89692800e-06,4.66024119e-01
8.89702800e-06,4.66081469e-01
8.89712800e-06,4.66136321e-01
8.89722800e-06,4.66193661e-01
8.89732800e-06,4.66248503e-01
8.89742800e-06,4.66305834e-01
8.89752800e-06,4.66360666e-01
8.89762800e-06,4.66417987e-01
8.89772800e-06,4.66472809e-01
8.89782800e-06,4.66530121e-01
8.89792800e-06,4.66584932e-01
8.89802800e-06,4.66642235e-01
8.89812800e-06,4.66697036e-01
8.89822800e-06,4.66754330e-01
8.89832800e-06,4.66809121e-01
8.89842800e-06,4.66866405e-01
8.89852800e-06,4.66921186e-01
8.89862800e-06,4.66978461e-01
8.89872800e-06,4.67033232e-01
8.89882800e-06,4.67090498e-01
8.89892800e-06,4.67145258e-01
8.89902800e-06,4.67202515e-01
8.89912800e-06,4.67257266e-01
8.89922800e-06,4.67314514e-01
8.89932800e-06,4.67369254e-01
8.89942800e-06,4.67426493e-01
8.89952800e-06,4.67481224e-01
8.89962800e-06,4.67538453e-01
8.89972800e-06,4.67593174e-01
8.89982800e-06,4.67650395e-01
8.89992800e-06,4.67705106e-01
8.90002800e-06,4.67762317e-01
8.90012800e-06,4.67817019e-01
8.90022800e-06,4.67874221e-01
8.90032800e-06,4.67928913e-01
8.90042800e-06,4.67986107e-01
8.90052800e-06,4.68040788e-01
8.90062800e-06,4.68097973e-01
8.90072800e-06,4.68152645e-01
8.90082800e-06,4.68209821e-01
8.90092800e-06,4.68264484e-01
8.90102800e-06,4.68321651e-01
8.90112800e-06,4.68376304e-01
8.90122800e-06,4.68433462e-01
8.90132800e-06,4.68488105e-01
8.90142800e-06,4.68545255e-01
8.90152800e-06,4.68599889e-01
8.90162800e-06,4.68657030e-01
8.90172800e-06,4.68711654e-01
8.90182800e-06,4.68768786e-01
8.90192800e-06,4.68823401e-01
8.90202800e-06,4.68880524e-01
8.90212800e-06,4.68935130e-01
8.90222800e-06,4.68992245e-01
8.90232800e-06,4.69046841e-01
8.90242800e-06,4.69103947e-01
8.90252800e-06,4.69158534e-01
8.90262800e-06,4.69215632e-01
8.90272800e-06,4.69270209e-01
8.90282800e-06,4.69327298e-01
8.90292800e-06,4.69381866e-01
8.90302800e-06,4.69438947e-01
8.90312800e-06,4.69493506e-01
8.90322800e-06,4.69550579e-01
8.90332800e-06,4.69605128e-01
8.90342800e-06,4.69662192e-01
8.90352800e-06,4.69716733e-01
8.90362800e-06,4.69773788e-01
8.90372800e-06,4.69828320e-01
8.90382800e-06,4.69885367e-01
8.90392800e-06,4.69939889e-01
8.90402800e-06,4.69996928e-01
8.90412800e-06,4.70051441e-01
8.90422800e-06,4.70108472e-01
8.90432800e-06,4.70162976e-01
8.90442800e-06,4.70219999e-01
8.90452800e-06,4.70274494e-01
8.90462800e-06,4.70331509e-01
8.90472800e-06,4.70385995e-01
8.90482800e-06,4.70443001e-01
8.90492800e-06,4.70497478e-01
8.90502800e-06,4.70554477e-01
8.90512800e-06,4.70608945e-01
8.90522800e-06,4.70665935e-01
8.90532800e-06,4.70720395e-01
8.90542800e-06,4.70777377e-01
8.90552800e-06,4.70831828e-01
8.90562800e-06,4.70888802e-01
8.90572800e-06,4.70943244e-01
8.90582800e-06,4.71000210e-01
8.90592800e-06,4.71054643e-01
8.90602800e-06,4.71111602e-01
8.90612800e-06,4.71166026e-01
8.90622800e-06,4.71222977e-01
8.90632800e-06,4.71277392e-01
8.90642800e-06,4.71334335e-01
8.90652800e-06,4.71388742e-01
8.90662800e-06,4.71445677e-01
8.90672800e-06,4.71500076e-01
8.90682800e-06,4.71557003e-01
8.90692800e-06,4.71611393e-01
8.90702800e-06,4.71668312e-01
8.90712800e-06,4.71722693e-01
8.90722800e-06,4.71779605e-01
8.90732800e-06,4.71833978e-01
8.90742800e-06,4.71890882e-01
8.90752800e-06,4.71945246e-01
8.90762800e-06,4.72002143e-01
8.90772800e-06,4.72056499e-01
8.90782800e-06,4.72113388e-01
8.90792800e-06,4.72167735e-01
8.90802800e-06,4.72224617e-01
8.90812800e-06,4.72278956e-01
8.90822800e-06,4.72335830e-01
8.90832800e-06,4.72390161e-01
8.90842800e-06,4.72447027e-01
8.90852800e-06,4.72501350e-01
8.90862800e-06,4.72558209e-01
8.90872800e-06,4.72612523e-01
8.90882800e-06,4.72669375e-01
8.90892800e-06,4.72723681e-01
8.90902800e-06,4.72780525e-01
8.90912800e-06,4.72834823e-01
8.90922800e-06,4.72891660e-01
8.90932800e-06,4.72945950e-01
8.90942800e-06,4.73002779e-01
8.90952800e-06,4.73057061e-01
8.90962800e-06,4.73113883e-01
8.90972800e-06,4.73168157e-01
8.90982800e-06,4.73224972e-01
8.90992800e-06,4.73279238e-01
8.91002800e-06,4.73336046e-01
8.91012800e-06,4.73390304e-01
8.91022800e-06,4.73447104e-01
8.91032800e-06,4.73501354e-01
8.91042800e-06,4.73558147e-01
8.91052800e-06,4.73612389e-01
8.91062800e-06,4.73669176e-01
8.91072800e-06,4.73723410e-01
8.91082800e-06,4.73780189e-01
8.91092800e-06,4.73834415e-01
8.91102800e-06,4.73891187e-01
8.91112800e-06,4.73945406e-01
8.91122800e-06,4.74002171e-01
8.91132800e-06,4.74056382e-01
8.91142800e-06,4.74113140e-01
8.91152800e-06,4.74167343e-01
8.91162800e-06,4.74224094e-01
8.91172800e-06,4.74278289e-01
8.91182800e-06,4.74335034e-01
8.91192800e-06,4.74389221e-01
8.91202800e-06,4.74445959e-01
8.91212800e-06,4.74500139e-01
8.91222800e-06,4.74556870e-01
8.91232800e-06,4.74611042e-01
8.91242800e-06,4.74667766e-01
8.91252800e-06,4.74721931e-01
8.91262800e-06,4.74778648e-01
8.91272800e-06,4.74832805e-01
8.91282800e-06,4.74889516e-01
8.91292800e-06,4.74943665e-01
8.91302800e-06,4.75000369e-01
8.91312800e-06,4.75054511e-01
8.91322800e-06,4.75111208e-01
8.91332800e-06,4.75165343e-01
8.91342800e-06,4.75222034e-01
8.91352800e-06,4.75276161e-01
8.91362800e-06,4.75332845e-01
8.91372800e-06,4.75386965e-01
8.91382800e-06,4.75443642e-01
8.91392800e-06,4.75497755e-01
8.91402800e-06,4.75554426e-01
8.91412800e-06,4.75608531e-01
8.91422800e-06,4.75665196e-01
8.91432800e-06,4.75719294e-01
8.91442800e-06,4.75775952e-01
8.91452800e-06,4.75830043e-01
8.91462800e-06,4.75886694e-01
8.91472800e-06,4.75940778e-01
8.91482800e-06,4.75997423e-01
8.91492800e-06,4.76051500e-01
8.91502800e-06,4.76108138e-01
8.91512800e-06,4.76162208e-01
8.91522800e-06,4.76218840e-01
8.91532800e-06,4.76272902e-01
8.91542800e-06,4.76329529e-01
8.91552800e-06,4.76383584e-01
8.91562800e-06,4.76440204e-01
8.91572800e-06,4.76494252e-01
8.91582800e-06,4.76550866e-01
8.91592800e-06,4.76604907e-01
8.91602800e-06,4.76661514e-01
8.91612800e-06,4.76715549e-01
8.91622800e-06,4.76772150e-01
8.91632800e-06,4.76826177e-01
8.91642800e-06,4.76882772e-01
8.91652800e-06,4.76936793e-01
8.91662800e-06,4.76993382e-01
8.91672800e-06,4.77047395e-01
8.91682800e-06,4.77103978e-01
8.91692800e-06,4.77157985e-01
8.91702800e-06,4.77214562e-01
8.91712800e-06,4.77268562e-01
8.91722800e-06,4.77325133e-01
8.91732800e-06,4.77379126e-01
8.91742800e-06,4.77435691e-01
8.91752800e-06,4.77489677e-01
8.91762800e-06,4.77546237e-01
8.91772800e-06,4.77600216e-01
8.91782800e-06,4.77656769e-01
8.91792800e-06,4.77710742e-01
8.91802800e-06,4.77767290e-01
8.91812800e-06,4.77821256e-01
8.91822800e-06,4.77877797e-01
8.91832800e-06,4.77931757e-01
8.91842800e-06,4.77988293e-01
8.91852800e-06,4.78042246e-01
8.91862800e-06,4.78098776e-01
8.91872800e-06,4.78152722e-01
8.91882800e-06,4.78209246e-01
8.91892800e-06,4.78263186e-01
8.91902800e-06,4.78319705e-01
8.91912800e-06,4.78373638e-01
8.91922800e-06,4.78430151e-01
8.91932800e-06,4.78484078e-01
8.91942800e-06,4.78540585e-01
8.91952800e-06,4.78594506e-01
8.91962800e-06,4.78651007e-01
8.91972800e-06,4.78704921e-01
8.91982800e-06,4.78761417e-01
8.91992800e-06,4.78815325e-01
8.92002800e-06,4.78871815e-01
8.92012800e-06,4.78925717e-01
8.92022800e-06,4.78982201e-01
8.92032800e-06,4.79036096e-01
8.92042800e-06,4.79092576e-01
8.92052800e-06,4.79146464e-01
8.92062800e-06,4.79202938e-01
8.92072800e-06,4.79256821e-01
8.92082800e-06,4.79313289e-01
8.92092800e-06,4.79367165e-01
8.92102800e-06,4.79423628e-01
8.92112800e-06,4.79477498e-01
8.92122800e-06,4.79533956e-01
8.92132800e-06,4.79587820e-01
8.92142800e-06,4.79644272e-01
8.92152800e-06,4.79698130e-01
8.92162800e-06,4.79754577e-01
8.92172800e-06,4.79808428e-01
8.92182800e-06,4.79864870e-01
8.92192800e-06,4.79918715e-01
8.92202800e-06,4.79975152e-01
8.92212800e-06,4.80028991e-01
8.92222800e-06,4.80085422e-01
8.92232800e-06,4.80139256e-01
8.92242800e-06,4.80195682e-01
8.92252800e-06,4.80249509e-01
8.92262800e-06,4.80305930e-01
8.92272800e-06,4.80359751e-01
8.92282800e-06,4.80416167e-01
8.92292800e-06,4.80469982e-01
8.92302800e-06,4.80526393e-01
8.92312800e-06,4.80580202e-01
8.92322800e-06,4.80636608e-01
8.92332800e-06,4.80690411e-01
8.92342800e-06,4.80746811e-01
8.92352800e-06,4.80800609e-01
8.92362800e-06,4.80857004e-01
8.92372800e-06,4.80910796e-01
8.92382800e-06,4.80967187e-01
8.92392800e-06,4.81020973e-01
8.92402800e-06,4.81077358e-01
8.92412800e-06,4.81131138e-01
8.92422800e-06,4.81187519e-01
8.92432800e-06,4.81241293e-01
8.92442800e-06,4.81297668e-01
8.92452800e-06,4.81351437e-01
8.92462800e-06,4.81407808e-01
8.92472800e-06,4.81461571e-01
8.92482800e-06,4.81517936e-01
8.92492800e-06,4.81571694e-01
8.92502800e-06,4.81628055e-01
8.92512800e-06,4.81681807e-01
8.92522800e-06,4.81738162e-01
8.92532800e-06,4.81791909e-01
8.92542800e-06,4.81848260e-01
8.92552800e-06,4.81902000e-01
8.92562800e-06,4.81958347e-01
8.92572800e-06,4.82012082e-01
8.92582800e-06,4.82068423e-01
8.92592800e-06,4.82122153e-01
8.92602800e-06,4.82178489e-01
8.92612800e-06,4.82232214e-01
8.92622800e-06,4.82288546e-01
8.92632800e-06,4.82342264e-01
8.92642800e-06,4.82398592e-01
8.92652800e-06,4.82452305e-01
8.92662800e-06,4.82508627e-01
8.92672800e-06,4.82562335e-01
8.92682800e-06,4.82618653e-01
8.92692800e-06,4.82672356e-01
8.92702800e-06,4.82728669e-01
8.92712800e-06,4.82782366e-01
8.92722800e-06,4.82838675e-01
8.92732800e-06,4.82892366e-01
8.92742800e-06,4.82948671e-01
8.92752800e-06,4.83002357e-01
8.92762800e-06,4.83058657e-01
8.92772800e-06,4.83112338e-01
8.92782800e-06,4.83168633e-01
8.92792800e-06,4.83222309e-01
8.92802800e-06,4.83278599e-01
8.92812800e-06,4.83332270e-01
8.92822800e-06,4.83388556e-01
8.92832800e-06,4.83442221e-01
8.92842800e-06,4.83498503e-01
8.92852800e-06,4.83552163e-01
8.92862800e-06,4.83608441e-01
8.92872800e-06,4.83662096e-01
8.92882800e-06,4.83718369e-01
8.92892800e-06,4.83772019e-01
8.92902800e-06,4.83828287e-01
8.92912800e-06,4.83881932e-01
8.92922800e-06,4.83938196e-01
8.92932800e-06,4.83991836e-01
8.92942800e-06,4.84048096e-01
8.92952800e-06,4.84101730e-01
8.92962800e-06,4.84157986e-01
8.92972800e-06,4.84211616e-01
8.92982800e-06,4.84267867e-01
8.92992800e-06,4.84321491e-01
8.93002800e-06,4.84377739e-01
8.93012800e-06,4.84431358e-01
8.93022800e-06,4.84487601e-01
8.93032800e-06,4.84541215e-01
8.93042800e-06,4.84597454e-01
8.93052800e-06,4.84651064e-01
8.93062800e-06,4.84707298e-01
8.93072800e-06,4.84760903e-01
8.93082800e-06,4.84817133e-01
8.93092800e-06,4.84870733e-01
8.93102800e-06,4.84926959e-01
8.93112800e-06,4.84980554e-01
8.93122800e-06,4.85036776e-01
8.93132800e-06,4.85090366e-01
8.93142800e-06,4.85146584e-01
8.93152800e-06,4.85200169e-01
8.93162800e-06,4.85256383e-01
8.93172800e-06,4.85309963e-01
8.93182800e-06,4.85366174e-01
8.93192800e-06,4.85419749e-01
8.93202800e-06,4.85475955e-01
8.93212800e-06,4.85529526e-01
8.93222800e-06,4.85585728e-01
8.93232800e-06,4.85639293e-01
8.93242800e-06,4.85695492e-01
8.93252800e-06,4.85749053e-01
8.93262800e-06,4.85805247e-01
8.93272800e-06,4.85858803e-01
8.93282800e-06,4.85914994e-01
8.93292800e-06,4.85968545e-01
8.93302800e-06,4.86024732e-01
8.93312800e-06,4.86078279e-01
8.93322800e-06,4.86134461e-01
8.93332800e-06,4.86188003e-01
8.93342800e-06,4.86244182e-01
8.93352800e-06,4.86297720e-01
8.93362800e-06,4.86353895e-01
8.93372800e-06,4.86407428e-01
8.93382800e-06,4.86463599e-01
8.93392800e-06,4.86517127e-01
8.93402800e-06,4.86573294e-01
8.93412800e-06,4.86626818e-01
8.93422800e-06,4.86682982e-01
8.93432800e-06,4.86736501e-01
8.93442800e-06,4.86792661e-01
8.93452800e-06,4.86846175e-01
8.93462800e-06,4.86902332e-01
8.93472800e-06,4.86955842e-01
8.93482800e-06,4.87011994e-01
8.93492800e-06,4.87065500e-01
8.93502800e-06,4.87121649e-01
8.93512800e-06,4.87175150e-01
8.93522800e-06,4.87231295e-01
8.93532800e-06,4.87284792e-01
8.93542800e-06,4.87340933e-01
8.93552800e-06,4.87394425e-01
8.93562800e-06,4.87450563e-01
8.93572800e-06,4.87504051e-01
8.93582800e-06,4.87560185e-01
8.93592800e-06,4.87613669e-01
8.93602800e-06,4.87669799e-01
8.93612800e-06,4.87723279e-01
8.93622800e-06,4.87779406e-01
8.93632800e-06,4.87832881e-01
8.93642800e-06,4.87889004e-01
8.93652800e-06,4.87942475e-01
8.93662800e-06,4.87998594e-01
8.93672800e-06,4.88052061e-01
8.93682800e-06,4.88108177e-01
8.93692800e-06,4.88161639e-01
8.93702800e-06,4.88217752e-01
8.93712800e-06,4.88271210e-01
8.93722800e-06,4.88327319e-01
8.93732800e-06,4.88380773e-01
8.93742800e-06,4.88436879e-01
8.93752800e-06,4.88490328e-01
8.93762800e-06,4.88546430e-01
8.93772800e-06,4.88599875e-01
8.93782800e-06,4.88655975e-01
8.93792800e-06,4.88709415e-01
8.93802800e-06,4.88765511e-01
8.93812800e-06,4.88818948e-01
8.93822800e-06,4.88875040e-01
8.93832800e-06,4.88928473e-01
8.93842800e-06,4.88984562e-01
8.93852800e-06,4.89037990e-01
8.93862800e-06,4.89094076e-01
8.93872800e-06,4.89147500e-01
8.93882800e-06,4.89203582e-01
8.93892800e-06,4.89257002e-01
8.93902800e-06,4.89313081e-01
8.93912800e-06,4.89366498e-01
8.93922800e-06,4.89422573e-01
8.93932800e-06,4.89475985e-01
8.93942800e-06,4.89532058e-01
8.93952800e-06,4.89585466e-01
8.93962800e-06,4.89641535e-01
8.93972800e-06,4.89694939e-01
8.93982800e-06,4.89751005e-01
8.93992800e-06,4.89804405e-01
8.94002800e-06,4.89860468e-01
8.94012800e-06,4.89913864e-01
8.94022800e-06,4.89969923e-01
8.94032800e-06,4.90023315e-01
8.94042800e-06,4.90079372e-01
8.94052800e-06,4.90132760e-01
8.94062800e-06,4.90188813e-01
8.94072800e-06,4.90242197e-01
8.94082800e-06,4.90298247e-01
8.94092800e-06,4.90351627e-01
8.94102800e-06,4.90407674e-01
8.94112800e-06,4.90461050e-01
8.94122800e-06,4.90517094e-01
8.94132800e-06,4.90570467e-01
8.94142800e-06,4.90626507e-01
8.94152800e-06,4.90679876e-01
8.94162800e-06,4.90735913e-01
8.94172800e-06,4.90789278e-01
8.94182800e-06,4.90845313e-01
8.94192800e-06,4.90898674e-01
8.94202800e-06,4.90954705e-01
8.94212800e-06,4.91008062e-01
8.94222800e-06,4.91064091e-01
8.94232800e-06,4.91117444e-01
8.94242800e-06,4.91173469e-01
8.94252800e-06,4.91226819e-01
8.94262800e-06,4.91282841e-01
8.94272800e-06,4.91336187e-01
8.94282800e-06,4.91392206e-01
8.94292800e-06,4.91445548e-01
8.94302800e-06,4.91501565e-01
8.94312800e-06,4.91554903e-01
8.94322800e-06,4.91610917e-01
8.94332800e-06,4.91664251e-01
8.94342800e-06,4.91720262e-01
8.94352800e-06,4.91773592e-01
8.94362800e-06,4.91829600e-01
8.94372800e-06,4.91882927e-01
8.94382800e-06,4.91938932e-01
8.94392800e-06,4.91992255e-01
8.94402800e-06,4.92048257e-01
8.94412800e-06,4.92101577e-01
8.94422800e-06,4.92157576e-01
8.94432800e-06,4.92210892e-01
8.94442800e-06,4.92266888e-01
8.94452800e-06,4.92320201e-01
8.94462800e-06,4.92376194e-01
8.94472800e-06,4.92429503e-01
8.94482800e-06,4.92485494e-01
8.94492800e-06,4.92538799e-01
8.94502800e-06,4.92594787e-01
8.94512800e-06,4.92648088e-01
8.94522800e-06,4.92704073e-01
8.94532800e-06,4.92757371e-01
8.94542800e-06,4.92813353e-01
8.94552800e-06,4.92866648e-01
8.94562800e-06,4.92922627e-01
8.94572800e-06,4.92975918e-01
8.94582800e-06,4.93031895e-01
8.94592800e-06,4.93085183e-01
8.94602800e-06,4.93141156e-01
8.94612800e-06,4.93194440e-01
8.94622800e-06,4.93250411e-01
8.94632800e-06,4.93303692e-01
8.94642800e-06,4.93359660e-01
8.94652800e-06,4.93412937e-01
8.94662800e-06,4.93468903e-01
8.94672800e-06,4.93522177e-01
8.94682800e-06,4.93578140e-01
8.94692800e-06,4.93631410e-01
8.94702800e-06,4.93687370e-01
8.94712800e-06,4.93740637e-01
8.94722800e-06,4.93796594e-01
8.94732800e-06,4.93849858e-01
8.94742800e-06,4.93905813e-01
8.94752800e-06,4.93959073e-01
8.94762800e-06,4.94015025e-01
8.94772800e-06,4.94068282e-01
8.94782800e-06,4.94124231e-01
8.94792800e-06,4.94177484e-01
8.94802800e-06,4.94233432e-01
8.94812800e-06,4.94286681e-01
8.94822800e-06,4.94342626e-01
8.94832800e-06,4.94395872e-01
8.94842800e-06,4.94451814e-01
8.94852800e-06,4.94505057e-01
8.94862800e-06,4.94560997e-01
8.94872800e-06,4.94614237e-01
8.94882800e-06,4.94670173e-01
8.94892800e-06,4.94723410e-01
8.94902800e-06,4.94779344e-01
8.94912800e-06,4.94832577e-01
8.94922800e-06,4.94888509e-01
8.94932800e-06,4.94941739e-01
8.94942800e-06,4.94997668e-01
8.94952800e-06,4.95050895e-01
8.94962800e-06,4.95106821e-01
8.94972800e-06,4.95160045e-01
8.94982800e-06,4.95215969e-01
8.94992800e-06,4.95269189e-01
8.95002800e-06,4.95325111e-01
8.95012800e-06,4.95378328e-01
8.95022800e-06,4.95434247e-01
8.95032800e-06,4.95487461e-01
8.95042800e-06,4.95543377e-01
8.95052800e-06,4.95596588e-01
8.95062800e-06,4.95652502e-01
8.95072800e-06,4.95705709e-01
8.95082800e-06,4.95761621e-01
8.95092800e-06,4.95814825e-01
8.95102800e-06,4.95870735e-01
8.95112800e-06,4.95923936e-01
8.95122800e-06,4.95979843e-01
8.95132800e-06,4.96033041e-01
8.95142800e-06,4.96088946e-01
8.95152800e-06,4.96142140e-01
8.95162800e-06,4.96198043e-01
8.95172800e-06,4.96251234e-01
8.95182800e-06,4.96307134e-01
8.95192800e-06,4.96360322e-01
8.95202800e-06,4.96416220e-01
8.95212800e-06,4.96469405e-01
8.95222800e-06,4.96525300e-01
8.95232800e-06,4.96578482e-01
8.95242800e-06,4.96634375e-01
8.95252800e-06,4.96687554e-01
8.95262800e-06,4.96743445e-01
8.95272800e-06,4.96796621e-01
8.95282800e-06,4.96852509e-01
8.95292800e-06,4.96905682e-01
8.95302800e-06,4.96961568e-01
8.95312800e-06,4.97014738e-01
8.95322800e-06,4.97070622e-01
8.95332800e-06,4.97123788e-01
8.95342800e-06,4.97179670e-01
8.95352800e-06,4.97232833e-01
8.95362800e-06,4.97288713e-01
8.95372800e-06,4.97341873e-01
8.95382800e-06,4.97397750e-01
8.95392800e-06,4.97450908e-01
8.95402800e-06,4.97506783e-01
8.95412800e-06,4.97559937e-01
8.95422800e-06,4.97615810e-01
8.95432800e-06,4.97668961e-01
8.95442800e-06,4.97724832e-01
8.95452800e-06,4.97777980e-01
8.95462800e-06,4.97833848e-01
8.95472800e-06,4.97886994e-01
8.95482800e-06,4.97942860e-01
8.95492800e-06,4.97996003e-01
8.95502800e-06,4.98051866e-01
8.95512800e-06,4.98105006e-01
8.95522800e-06,4.98160868e-01
8.95532800e-06,4.98214004e-01
8.95542800e-06,4.98269864e-01
8.95552800e-06,4.98322998e-01
8.95562800e-06,4.98378855e-01
8.95572800e-06,4.98431986e-01
8.95582800e-06,4.98487841e-01
8.95592800e-06,4.98540969e-01
8.95602800e-06,4.98596822e-01
8.95612800e-06,4.98649947e-01
8.95622800e-06,4.98705797e-01
8.95632800e-06,4.98758920e-01
8.95642800e-06,4.98814768e-01
8.95652800e-06,4.98867888e-01
8.95662800e-06,4.98923734e-01
8.95672800e-06,4.98976851e-01
8.95682800e-06,4.99032695e-01
8.95692800e-06,4.99085809e-01
8.95702800e-06,4.99141651e-01
8.95712800e-06,4.99194762e-01
8.95722800e-06,4.99250602e-01
8.95732800e-06,4.99303710e-01
8.95742800e-06,4.99359548e-01
8.95752800e-06,4.99412653e-01
8.95762800e-06,4.99468489e-01
8.95772800e-06,4.99521591e-01
8.95782800e-06,4.99577425e-01
8.95792800e-06,4.99630525e-01
8.95802800e-06,4.99686357e-01
8.95812800e-06,4.99739453e-01
8.95822800e-06,4.99795283e-01
8.95832800e-06,4.99848377e-01
8.95842800e-06,4.99904205e-01
8.95852800e-06,4.99957296e-01
8.95862800e-06,5.00013122e-01
8.95872800e-06,5.00066210e-01
8.95882800e-06,5.00122034e-01
8.95892800e-06,5.00175120e-01
8.95902800e-06,5.00230941e-01
8.95912800e-06,5.00284024e-01
8.95922800e-06,5.00339844e-01
8.95932800e-06,5.00392924e-01
8.95942800e-06,5.00448742e-01
8.95952800e-06,5.00501819e-01
8.95962800e-06,5.00557635e-01
8.95972800e-06,5.00610710e-01
8.95982800e-06,5.00666523e-01
8.95992800e-06,5.00719595e-01
8.96002800e-06,5.00775407e-01
8.96012800e-06,5.00828476e-01
8.96022800e-06,5.00884286e-01
8.96032800e-06,5.00937353e-01
8.96042800e-06,5.00993161e-01
8.96052800e-06,5.01046224e-01
8.96062800e-06,5.01102030e-01
8.96072800e-06,5.01155091e-01
8.96082800e-06,5.01210895e-01
8.96092800e-06,5.01263954e-01
8.96102800e-06,5.01319756e-01
8.96112800e-06,5.01372812e-01
8.96122800e-06,5.01428612e-01
8.96132800e-06,5.01481665e-01
8.96142800e-06,5.01537463e-01
8.96152800e-06,5.01590513e-01
8.96162800e-06,5.01646310e-01
8.96172800e-06,5.01699357e-01
8.96182800e-06,5.01755152e-01
8.96192800e-06,5.01808197e-01
8.96202800e-06,5.01863990e-01
8.96212800e-06,5.01917032e-01
8.96222800e-06,5.01972823e-01
8.96232800e-06,5.02025862e-01
8.96242800e-06,5.02081651e-01
8.96252800e-06,5.02134688e-01
8.96262800e-06,5.02190476e-01
8.96272800e-06,5.02243510e-01
8.96282800e-06,5.02299295e-01
8.96292800e-06,5.02352327e-01
8.96302800e-06,5.02408110e-01
8.96312800e-06,5.02461140e-01
8.96322800e-06,5.02516921e-01
8.96332800e-06,5.02569948e-01
8.96342800e-06,5.02625728e-01
8.96352800e-06,5.02678752e-01
8.96362800e-06,5.02734529e-01
8.96372800e-06,5.02787551e-01
8.96382800e-06,5.02843327e-01
8.96392800e-06,5.02896346e-01
8.96402800e-06,5.02952120e-01
8.96412800e-06,5.03005136e-01
8.96422800e-06,5.03060909e-01
8.96432800e-06,5.03113922e-01
8.96442800e-06,5.03169693e-01
8.96452800e-06,5.03222704e-01
8.96462800e-06,5.03278473e-01
8.96472800e-06,5.03331481e-01
8.96482800e-06,5.03387249e-01
8.96492800e-06,5.03440255e-01
8.96502800e-06,5.03496020e-01
8.96512800e-06,5.03549023e-01
8.96522800e-06,5.03604787e-01
8.96532800e-06,5.03657788e-01
8.96542800e-06,5.03713549e-01
8.96552800e-06,5.03766548e-01
8.96562800e-06,5.03822308e-01
8.96572800e-06,5.03875304e-01
8.96582800e-06,5.03931062e-01
8.96592800e-06,5.03984055e-01
8.96602800e-06,5.04039812e-01
8.96612800e-06,5.04092802e-01
8.96622800e-06,5.04148557e-01
8.96632800e-06,5.04201545e-01
8.96642800e-06,5.04257298e-01
8.96652800e-06,5.04310284e-01
8.96662800e-06,5.04366035e-01
8.96672800e-06,5.04419019e-01
8.96682800e-06,5.04474768e-01
8.96692800e-06,5.04527749e-01
8.96702800e-06,5.04583497e-01
8.96712800e-06,5.04636475e-01
8.96722800e-06,5.04692221e-01
8.96732800e-06,5.04745197e-01
8.96742800e-06,5.04800941e-01
8.96752800e-06,5.04853915e-01
8.96762800e-06,5.04909658e-01
8.96772800e-06,5.04962629e-01
8.96782800e-06,5.05018369e-01
8.96792800e-06,5.05071338e-01
8.96802800e-06,5.05127077e-01
8.96812800e-06,5.05180043e-01
8.96822800e-06,5.05235781e-01
8.96832800e-06,5.05288744e-01
8.96842800e-06,5.05344480e-01
8.96852800e-06,5.05397441e-01
8.96862800e-06,5.05453175e-01
8.96872800e-06,5.05506134e-01
8.96882800e-06,5.05561866e-01
8.96892800e-06,5.05614823e-01
8.96902800e-06,5.05670553e-01
8.96912800e-06,5.05723507e-01
8.96922800e-06,5.05779236e-01
8.96932800e-06,5.05832188e-01
8.96942800e-06,5.05887915e-01
8.96952800e-06,5.05940864e-01
8.96962800e-06,5.05996590e-01
8.96972800e-06,5.06049536e-01
8.96982800e-06,5.06105261e-01
8.96992800e-06,5.06158205e-01
8.97002800e-06,5.06213927e-01
8.97012800e-06,5.06266869e-01
8.97022800e-06,5.06322590e-01
8.97032800e-06,5.06375529e-01
8.97042800e-06,5.06431248e-01
8.97052800e-06,5.06484185e-01
8.97062800e-06,5.06539903e-01
8.97072800e-06,5.06592837e-01
8.97082800e-06,5.06648553e-01
8.97092800e-06,5.06701485e-01
8.97102800e-06,5.06757199e-01
8.97112800e-06,5.06810129e-01
8.97122800e-06,5.06865842e-01
8.97132800e-06,5.06918769e-01
8.97142800e-06,5.06974480e-01
8.97152800e-06,5.07027405e-01
8.97162800e-06,5.07083114e-01
8.97172800e-06,5.07136037e-01
8.97182800e-06,5.07191745e-01
8.97192800e-06,5.07244665e-01
8.97202800e-06,5.07300371e-01
8.97212800e-06,5.07353289e-01
8.97222800e-06,5.07408993e-01
8.97232800e-06,5.07461909e-01
8.97242800e-06,5.07517612e-01
8.97252800e-06,5.07570525e-01
8.97262800e-06,5.07626226e-01
8.97272800e-06,5.07679137e-01
8.97282800e-06,5.07734837e-01
8.97292800e-06,5.07787745e-01
8.97302800e-06,5.07843443e-01
8.97312800e-06,5.07896349e-01
8.97322800e-06,5.07952046e-01
8.97332800e-06,5.08004949e-01
8.97342800e-06,5.08060644e-01
8.97352800e-06,5.08113546e-01
8.97362800e-06,5.08169239e-01
8.97372800e-06,5.08222138e-01
8.97382800e-06,5.08277829e-01
8.97392800e-06,5.08330726e-01
8.97402800e-06,5.08386416e-01
8.97412800e-06,5.08439311e-01
8.97422800e-06,5.08494999e-01
8.97432800e-06,5.08547891e-01
8.97442800e-06,5.08603578e-01
8.97452800e-06,5.08656468e-01
8.97462800e-06,5.08712153e-01
8.97472800e-06,5.08765040e-01
8.97482800e-06,5.08820724e-01
8.97492800e-06,5.08873609e-01
8.97502800e-06,5.08929291e-01
8.97512800e-06,5.08982174e-01
8.97522800e-06,5.09037854e-01
8.97532800e-06,5.09090735e-01
8.97542800e-06,5.09146414e-01
8.97552800e-06,5.09199292e-01
8.97562800e-06,5.09254969e-01
8.97572800e-06,5.09307845e-01
8.97582800e-06,5.09363521e-01
8.97592800e-06,5.09416395e-01
8.97602800e-06,5.09472069e-01
8.97612800e-06,5.09524940e-01
8.97622800e-06,5.09580613e-01
8.97632800e-06,5.09633482e-01
8.97642800e-06,5.09689153e-01
8.97652800e-06,5.09742019e-01
8.97662800e-06,5.09797689e-01
8.97672800e-06,5.09850553e-01
8.97682800e-06,5.09906221e-01
8.97692800e-06,5.09959083e-01
8.97702800e-06,5.10014750e-01
8.97712800e-06,5.10067609e-01
8.97722800e-06,5.10123274e-01
8.97732800e-06,5.10176132e-01
8.97742800e-06,5.10231795e-01
8.97752800e-06,5.10284650e-01
8.97762800e-06,5.10340312e-01
8.97772800e-06,5.10393164e-01
8.97782800e-06,5.10448825e-01
8.97792800e-06,5.10501675e-01
8.97802800e-06,5.10557334e-01
8.97812800e-06,5.10610182e-01
8.97822800e-06,5.10665839e-01
8.97832800e-06,5.10718685e-01
8.97842800e-06,5.10774341e-01
8.97852800e-06,5.10827184e-01
8.97862800e-06,5.10882838e-01
8.97872800e-06,5.10935680e-01
8.97882800e-06,5.10991332e-01
8.97892800e-06,5.11044171e-01
8.97902800e-06,5.11099822e-01
8.97912800e-06,5.11152659e-01
8.97922800e-06,5.11208308e-01
8.97932800e-06,5.11261142e-01
8.97942800e-06,5.11316790e-01
8.97952800e-06,5.11369622e-01
8.97962800e-06,5.11425269e-01
8.97972800e-06,5.11478099e-01
8.97982800e-06,5.11533743e-01
8.97992800e-06,5.11586571e-01
8.98002800e-06,5.11642214e-01
8.98012800e-06,5.11695039e-01
8.98022800e-06,5.11750681e-01
8.98032800e-06,5.11803504e-01
8.98042800e-06,5.11859144e-01
8.98052800e-06,5.11911965e-01
8.98062800e-06,5.11967603e-01
8.98072800e-06,5.12020422e-01
8.98082800e-06,5.12076059e-01
8.98092800e-06,5.12128875e-01
8.98102800e-06,5.12184511e-01
8.98112800e-06,5.12237325e-01
8.98122800e-06,5.12292958e-01
8.98132800e-06,5.12345770e-01
8.98142800e-06,5.12401402e-01
8.98152800e-06,5.12454212e-01
8.98162800e-06,5.12509842e-01
8.98172800e-06,5.12562650e-01
8.98182800e-06,5.12618279e-01
8.98192800e-06,5.12671084e-01
8.98202800e-06,5.12726711e-01
8.98212800e-06,5.12779514e-01
8.98222800e-06,5.12835140e-01
8.98232800e-06,5.12887940e-01
8.98242800e-06,5.12943565e-01
8.98252800e-06,5.12996363e-01
8.98262800e-06,5.13051986e-01
8.98272800e-06,5.13104782e-01
8.98282800e-06,5.13160403e-01
8.98292800e-06,5.13213196e-01
8.98302800e-06,5.13268816e-01
8.98312800e-06,5.13321608e-01
8.98322800e-06,5.13377226e-01
8.98332800e-06,5.13430015e-01
8.98342800e-06,5.13485632e-01
8.98352800e-06,5.13538418e-01
8.98362800e-06,5.13594033e-01
8.98372800e-06,5.13646818e-01
8.98382800e-06,5.13702431e-01
8.98392800e-06,5.13755213e-01
8.98402800e-06,5.13810826e-01
8.98412800e-06,5.13863605e-01
8.98422800e-06,5.13919216e-01
8.98432800e-06,5.13971993e-01
8.98442800e-06,5.14027602e-01
8.98452800e-06,5.14080378e-01
8.98462800e-06,5.14135985e-01
8.98472800e-06,5.14188758e-01
8.98482800e-06,5.14244364e-01
8.98492800e-06,5.14297134e-01
8.98502800e-06,5.14352739e-01
8.98512800e-06,5.14405507e-01
8.98522800e-06,5.14461110e-01
8.98532800e-06,5.14513876e-01
8.98542800e-06,5.14569477e-01
8.98552800e-06,5.14622241e-01
8.98562800e-06,5.14677840e-01
8.98572800e-06,5.14730602e-01
8.98582800e-06,5.14786200e-01
8.98592800e-06,5.14838959e-01
8.98602800e-06,5.14894555e-01
8.98612800e-06,5.14947312e-01
8.98622800e-06,5.15002907e-01
8.98632800e-06,5.15055662e-01
8.98642800e-06,5.15111255e-01
8.98652800e-06,5.15164007e-01
8.98662800e-06,5.15219599e-01
8.98672800e-06,5.15272349e-01
8.98682800e-06,5.15327939e-01
8.98692800e-06,5.15380687e-01
8.98702800e-06,5.15436275e-01
8.98712800e-06,5.15489020e-01
8.98722800e-06,5.15544607e-01
8.98732800e-06,5.15597350e-01
8.98742800e-06,5.15652936e-01
8.98752800e-06,5.15705676e-01
8.98762800e-06,5.15761260e-01
8.98772800e-06,5.15813999e-01
8.98782800e-06,5.15869581e-01
8.98792800e-06,5.15922317e-01
8.98802800e-06,5.15977897e-01
8.98812800e-06,5.16030631e-01
8.98822800e-06,5.16086210e-01
8.98832800e-06,5.16138942e-01
8.98842800e-06,5.16194519e-01
8.98852800e-06,5.16247248e-01
8.98862800e-06,5.16302824e-01
8.98872800e-06,5.16355551e-01
8.98882800e-06,5.16411125e-01
8.98892800e-06,5.16463849e-01
8.98902800e-06,5.16519422e-01
8.98912800e-06,5.16572144e-01
8.98922800e-06,5.16627715e-01
8.98932800e-06,5.16680435e-01
8.98942800e-06,5.16736004e-01
8.98952800e-06,5.16788721e-01
8.98962800e-06,5.16844289e-01
8.98972800e-06,5.16897004e-01
8.98982800e-06,5.16952570e-01
8.98992800e-06,5.17005283e-01
8.99002800e-06,5.17060848e-01
8.99012800e-06,5.17113558e-01
8.99022800e-06,5.17169121e-01
8.99032800e-06,5.17221829e-01
8.99042800e-06,5.17277390e-01
8.99052800e-06,5.17330096e-01
8.99062800e-06,5.17385655e-01
8.99072800e-06,5.17438358e-01
8.99082800e-06,5.17493916e-01
8.99092800e-06,5.17546617e-01
8.99102800e-06,5.17602174e-01
8.99112800e-06,5.17654872e-01
8.99122800e-06,5.17710427e-01
8.99132800e-06,5.17763123e-01
8.99142800e-06,5.17818676e-01
8.99152800e-06,5.17871369e-01
8.99162800e-06,5.17926921e-01
8.99172800e-06,5.17979612e-01
8.99182800e-06,5.18035162e-01
8.99192800e-06,5.18087851e-01
8.99202800e-06,5.18143399e-01
8.99212800e-06,5.18196085e-01
8.99222800e-06,5.18251632e-01
8.99232800e-06,5.18304316e-01
8.99242800e-06,5.18359861e-01
8.99252800e-06,5.18412542e-01
8.99262800e-06,5.18468085e-01
8.99272800e-06,5.18520765e-01
8.99282800e-06,5.18576306e-01
8.99292800e-06,5.18628983e-01
8.99302800e-06,5.18684523e-01
8.99312800e-06,5.18737197e-01
8.99322800e-06,5.18792735e-01
8.99332800e-06,5.18845407e-01
8.99342800e-06,5.18900943e-01
8.99352800e-06,5.18953613e-01
8.99362800e-06,5.19009148e-01
8.99372800e-06,5.19061815e-01
8.99382800e-06,5.19117348e-01
8.99392800e-06,5.19170013e-01
8.99402800e-06,5.19225544e-01
8.99412800e-06,5.19278206e-01
8.99422800e-06,5.19333735e-01
8.99432800e-06,5.19386395e-01
8.99442800e-06,5.19441923e-01
8.99452800e-06,5.19494580e-01
8.99462800e-06,5.19550106e-01
8.99472800e-06,5.19602761e-01
8.99482800e-06,5.19658286e-01
8.99492800e-06,5.19710938e-01
8.99502800e-06,5.19766460e-01
8.99512800e-06,5.19819110e-01
8.99522800e-06,5.19874631e-01
8.99532800e-06,5.19927279e-01
8.99542800e-06,5.19982798e-01
8.99552800e-06,5.20035443e-01
8.99562800e-06,5.20090960e-01
8.99572800e-06,5.20143603e-01
8.99582800e-06,5.20199118e-01
8.99592800e-06,5.20251758e-01
8.99602800e-06,5.20307272e-01
8.99612800e-06,5.20359909e-01
8.99622800e-06,5.20415421e-01
8.99632800e-06,5.20468056e-01
8.99642800e-06,5.20523566e-01
8.99652800e-06,5.20576199e-01
8.99662800e-06,5.20631707e-01
8.99672800e-06,5.20684337e-01
8.99682800e-06,5.20739844e-01
8.99692800e-06,5.20792471e-01
8.99702800e-06,5.20847976e-01
8.99712800e-06,5.20900601e-01
8.99722800e-06,5.20956104e-01
8.99732800e-06,5.21008726e-01
8.99742800e-06,5.21064227e-01
8.99752800e-06,5.21116847e-01
8.99762800e-06,5.21172347e-01
8.99772800e-06,5.21224964e-01
8.99782800e-06,5.21280461e-01
8.99792800e-06,5.21333076e-01
8.99802800e-06,5.21388572e-01
8.99812800e-06,5.21441184e-01
8.99822800e-06,5.21496678e-01
8.99832800e-06,5.21549287e-01
8.99842800e-06,5.21604779e-01
8.99852800e-06,5.21657386e-01
8.99862800e-06,5.21712876e-01
8.99872800e-06,5.21765481e-01
8.99882800e-06,5.21820969e-01
8.99892800e-06,5.21873571e-01
8.99902800e-06,5.21929057e-01
8.99912800e-06,5.21981656e-01
8.99922800e-06,5.22037141e-01
8.99932800e-06,5.22089737e-01
8.99942800e-06,5.22145220e-01
8.99952800e-06,5.22197814e-01
8.99962800e-06,5.22253295e-01
8.99972800e-06,5.22305886e-01
8.99982800e-06,5.22361365e-01
8.99992800e-06,5.22413954e-01
9.00002800e-06,5.22469430e-01
9.00012800e-06,5.22522016e-01
9.00022800e-06,5.22577491e-01
9.00032800e-06,5.22630075e-01
9.00042800e-06,5.22685548e-01
9.00052800e-06,5.22738128e-01
9.00062800e-06,5.22793599e-01
9.00072800e-06,5.22846178e-01
9.00082800e-06,5.22901646e-01
9.00092800e-06,5.22954222e-01
9.00102800e-06,5.23009689e-01
9.00112800e-06,5.23062262e-01
9.00122800e-06,5.23117727e-01
9.00132800e-06,5.23170297e-01
9.00142800e-06,5.23225760e-01
9.00152800e-06,5.23278328e-01
9.00162800e-06,5.23333789e-01
9.00172800e-06,5.23386353e-01
9.00182800e-06,5.23441812e-01
9.00192800e-06,5.23494374e-01
9.00202800e-06,5.23549831e-01
9.00212800e-06,5.23602391e-01
9.00222800e-06,5.23657846e-01
9.00232800e-06,5.23710402e-01
9.00242800e-06,5.23765855e-01
9.00252800e-06,5.23818409e-01
9.00262800e-06,5.23873860e-01
9.00272800e-06,5.23926411e-01
9.00282800e-06,5.23981860e-01
9.00292800e-06,5.24034409e-01
9.00302800e-06,5.24089855e-01
9.00312800e-06,5.24142401e-01
9.00322800e-06,5.24197846e-01
9.00332800e-06,5.24250389e-01
9.00342800e-06,5.24305831e-01
9.00352800e-06,5.24358371e-01
9.00362800e-06,5.24413812e-01
9.00372800e-06,5.24466349e-01
9.00382800e-06,5.24521788e-01
9.00392800e-06,5.24574322e-01
9.00402800e-06,5.24629758e-01
9.00412800e-06,5.24682290e-01
9.00422800e-06,5.24737724e-01
9.00432800e-06,5.24790253e-01
9.00442800e-06,5.24845685e-01
9.00452800e-06,5.24898211e-01
9.00462800e-06,5.24953641e-01
9.00472800e-06,5.25006164e-01
9.00482800e-06,5.25061592e-01
9.00492800e-06,5.25114112e-01
9.00502800e-06,5.25169538e-01
9.00512800e-06,5.25222055e-01
9.00522800e-06,5.25277479e-01
9.00532800e-06,5.25329993e-01
9.00542800e-06,5.25385414e-01
9.00552800e-06,5.25437926e-01
9.00562800e-06,5.25493345e-01
9.00572800e-06,5.25545854e-01
9.00582800e-06,5.25601271e-01
9.00592800e-06,5.25653776e-01
9.00602800e-06,5.25709191e-01
9.00612800e-06,5.25761694e-01
9.00622800e-06,5.25817106e-01
9.00632800e-06,5.25869606e-01
9.00642800e-06,5.25925016e-01
9.00652800e-06,5.25977513e-01
9.00662800e-06,5.26032921e-01
9.00672800e-06,5.26085415e-01
9.00682800e-06,5.26140821e-01
9.00692800e-06,5.26193312e-01
9.00702800e-06,5.26248716e-01
9.00712800e-06,5.26301204e-01
9.00722800e-06,5.26356605e-01
9.00732800e-06,5.26409090e-01
9.00742800e-06,5.26464489e-01
9.00752800e-06,5.26516971e-01
9.00762800e-06,5.26572367e-01
9.00772800e-06,5.26624846e-01
9.00782800e-06,5.26680240e-01
9.00792800e-06,5.26732716e-01
9.00802800e-06,5.26788108e-01
9.00812800e-06,5.26840581e-01
9.00822800e-06,5.26895970e-01
9.00832800e-06,5.26948440e-01
9.00842800e-06,5.27003827e-01
9.00852800e-06,5.27056294e-01
9.00862800e-06,5.27111679e-01
9.00872800e-06,5.27164143e-01
9.00882800e-06,5.27219525e-01
9.00892800e-06,5.27271985e-01
9.00902800e-06,5.27327365e-01
9.00912800e-06,5.27379823e-01
9.00922800e-06,5.27435200e-01
9.00932800e-06,5.27487655e-01
9.00942800e-06,5.27543030e-01
9.00952800e-06,5.27595481e-01
9.00962800e-06,5.27650854e-01
9.00972800e-06,5.27703302e-01
9.00982800e-06,5.27758672e-01
9.00992800e-06,5.27811117e-01
9.01002800e-06,5.27866485e-01
9.01012800e-06,5.27918926e-01
9.01022800e-06,5.27974292e-01
9.01032800e-06,5.28026730e-01
9.01042800e-06,5.28082093e-01
9.01052800e-06,5.28134528e-01
9.01062800e-06,5.28189888e-01
9.01072800e-06,5.28242321e-01
9.01082800e-06,5.28297678e-01
9.01092800e-06,5.28350107e-01
9.01102800e-06,5.28405462e-01
9.01112800e-06,5.28457888e-01
9.01122800e-06,5.28513240e-01
9.01132800e-06,5.28565663e-01
9.01142800e-06,5.28621013e-01
9.01152800e-06,5.28673432e-01
9.01162800e-06,5.28728779e-01
9.01172800e-06,5.28781195e-01
9.01182800e-06,5.28836540e-01
9.01192800e-06,5.28888952e-01
9.01202800e-06,5.28944295e-01
9.01212800e-06,5.28996704e-01
9.01222800e-06,5.29052043e-01
9.01232800e-06,5.29104449e-01
9.01242800e-06,5.29159786e-01
9.01252800e-06,5.29212188e-01
9.01262800e-06,5.29267523e-01
9.01272800e-06,5.29319922e-01
9.01282800e-06,5.29375253e-01
9.01292800e-06,5.29427649e-01
9.01302800e-06,5.29482978e-01
9.01312800e-06,5.29535370e-01
9.01322800e-06,5.29590696e-01
9.01332800e-06,5.29643085e-01
9.01342800e-06,5.29698409e-01
9.01352800e-06,5.29750794e-01
9.01362800e-06,5.29806115e-01
9.01372800e-06,5.29858497e-01
9.01382800e-06,5.29913815e-01
9.01392800e-06,5.29966193e-01
9.01402800e-06,5.30021508e-01
9.01412800e-06,5.30073884e-01
9.01422800e-06,5.30129196e-01
9.01432800e-06,5.30181567e-01
9.01442800e-06,5.30236877e-01
9.01452800e-06,5.30289245e-01
9.01462800e-06,5.30344552e-01
9.01472800e-06,5.30396916e-01
9.01482800e-06,5.30452220e-01
9.01492800e-06,5.30504581e-01
9.01502800e-06,5.30559882e-01
9.01512800e-06,5.30612239e-01
9.01522800e-06,5.30667537e-01
9.01532800e-06,5.30719891e-01
9.01542800e-06,5.30775187e-01
9.01552800e-06,5.30827537e-01
9.01562800e-06,5.30882829e-01
9.01572800e-06,5.30935176e-01
9.01582800e-06,5.30990465e-01
9.01592800e-06,5.31042808e-01
9.01602800e-06,5.31098094e-01
9.01612800e-06,5.31150434e-01
9.01622800e-06,5.31205717e-01
9.01632800e-06,5.31258053e-01
9.01642800e-06,5.31313333e-01
9.01652800e-06,5.31365665e-01
9.01662800e-06,5.31420942e-01
9.01672800e-06,5.31473271e-01
9.01682800e-06,5.31528545e-01
9.01692800e-06,5.31580870e-01
9.01702800e-06,5.31636141e-01
9.01712800e-06,5.31688462e-01
9.01722800e-06,5.31743730e-01
9.01732800e-06,5.31796047e-01
9.01742800e-06,5.31851312e-01
9.01752800e-06,5.31903625e-01
9.01762800e-06,5.31958887e-01
9.01772800e-06,5.32011197e-01
9.01782800e-06,5.32066456e-01
9.01792800e-06,5.32118761e-01
9.01802800e-06,5.32174017e-01
9.01812800e-06,5.32226319e-01
9.01822800e-06,5.32281571e-01
9.01832800e-06,5.32333869e-01
9.01842800e-06,5.32389118e-01
9.01852800e-06,5.32441413e-01
9.01862800e-06,5.32496659e-01
9.01872800e-06,5.32548949e-01
9.01882800e-06,5.32604192e-01
9.01892800e-06,5.32656478e-01
9.01902800e-06,5.32711718e-01
9.01912800e-06,5.32764000e-01
9.01922800e-06,5.32819236e-01
9.01932800e-06,5.32871515e-01
9.01942800e-06,5.32926748e-01
9.01952800e-06,5.32979022e-01
9.01962800e-06,5.33034252e-01
9.01972800e-06,5.33086522e-01
9.01982800e-06,5.33141749e-01
9.01992800e-06,5.33194015e-01
9.02002800e-06,5.33249238e-01
9.02012800e-06,5.33301500e-01
9.02022800e-06,5.33356720e-01
9.02032800e-06,5.33408978e-01
9.02042800e-06,5.33464195e-01
9.02052800e-06,5.33516449e-01
9.02062800e-06,5.33571661e-01
9.02072800e-06,5.33623911e-01
9.02082800e-06,5.33679121e-01
9.02092800e-06,5.33731367e-01
9.02102800e-06,5.33786573e-01
9.02112800e-06,5.33838814e-01
9.02122800e-06,5.33894017e-01
9.02132800e-06,5.33946254e-01
9.02142800e-06,5.34001453e-01
9.02152800e-06,5.34053687e-01
9.02162800e-06,5.34108882e-01
9.02172800e-06,5.34161111e-01
9.02182800e-06,5.34216303e-01
9.02192800e-06,5.34268528e-01
9.02202800e-06,5.34323716e-01
9.02212800e-06,5.34375937e-01
9.02222800e-06,5.34431121e-01
9.02232800e-06,5.34483338e-01
9.02242800e-06,5.34538519e-01
9.02252800e-06,5.34590731e-01
9.02262800e-06,5.34645908e-01
9.02272800e-06,5.34698116e-01
9.02282800e-06,5.34753289e-01
9.02292800e-06,5.34805493e-01
9.02302800e-06,5.34860663e-01
9.02312800e-06,5.34912861e-01
9.02322800e-06,5.34968028e-01
9.02332800e-06,5.35020222e-01
9.02342800e-06,5.35075385e-01
9.02352800e-06,5.35127575e-01
9.02362800e-06,5.35182733e-01
9.02372800e-06,5.35234919e-01
9.02382800e-06,5.35290074e-01
9.02392800e-06,5.35342255e-01
9.02402800e-06,5.35397406e-01
9.02412800e-06,5.35449582e-01
9.02422800e-06,5.35504730e-01
9.02432800e-06,5.35556902e-01
9.02442800e-06,5.35612045e-01
9.02452800e-06,5.35664213e-01
9.02462800e-06,5.35719352e-01
9.02472800e-06,5.35771515e-01
9.02482800e-06,5.35826650e-01
9.02492800e-06,5.35878809e-01
9.02502800e-06,5.35933940e-01
9.02512800e-06,5.35986094e-01
9.02522800e-06,5.36041221e-01
9.02532800e-06,5.36093370e-01
9.02542800e-06,5.36148494e-01
9.02552800e-06,5.36200638e-01
9.02562800e-06,5.36255757e-01
9.02572800e-06,5.36307897e-01
9.02582800e-06,5.36363012e-01
9.02592800e-06,5.36415147e-01
9.02602800e-06,5.36470258e-01
9.02612800e-06,5.36522388e-01
9.02622800e-06,5.36577496e-01
9.02632800e-06,5.36629621e-01
9.02642800e-06,5.36684724e-01
9.02652800e-06,5.36736844e-01
9.02662800e-06,5.36791943e-01
9.02672800e-06,5.36844058e-01
9.02682800e-06,5.36899153e-01
9.02692800e-06,5.36951264e-01
9.02702800e-06,5.37006354e-01
9.02712800e-06,5.37058460e-01
9.02722800e-06,5.37113546e-01
9.02732800e-06,5.37165646e-01
9.02742800e-06,5.37220728e-01
9.02752800e-06,5.37272824e-01
9.02762800e-06,5.37327902e-01
9.02772800e-06,5.37379992e-01
9.02782800e-06,5.37435065e-01
9.02792800e-06,5.37487151e-01
9.02802800e-06,5.37542220e-01
9.02812800e-06,5.37594300e-01
9.02822800e-06,5.37649365e-01
9.02832800e-06,5.37701440e-01
9.02842800e-06,5.37756500e-01
9.02852800e-06,5.37808571e-01
9.02862800e-06,5.37863626e-01
9.02872800e-06,5.37915691e-01
9.02882800e-06,5.37970742e-01
9.02892800e-06,5.38022802e-01
9.02902800e-06,5.38077849e-01
9.02912800e-06,5.38129903e-01
9.02922800e-06,5.38184945e-01
9.02932800e-06,5.38236995e-01
9.02942800e-06,5.38292032e-01
9.02952800e-06,5.38344076e-01
9.02962800e-06,5.38399109e-01
9.02972800e-06,5.38451148e-01
9.02982800e-06,5.38506176e-01
9.02992800e-06,5.38558209e-01
9.03002800e-06,5.38613232e-01
9.03012800e-06,5.38665261e-01
9.03022800e-06,5.38720279e-01
9.03032800e-06,5.38772302e-01
9.03042800e-06,5.38827316e-01
9.03052800e-06,5.38879333e-01
9.03062800e-06,5.38934342e-01
9.03072800e-06,5.38986354e-01
9.03082800e-06,5.39041358e-01
9.03092800e-06,5.39093364e-01
9.03102800e-06,5.39148363e-01
9.03112800e-06,5.39200364e-01
9.03122800e-06,5.39255358e-01
9.03132800e-06,5.39307354e-01
9.03142800e-06,5.39362343e-01
9.03152800e-06,5.39414333e-01
9.03162800e-06,5.39469317e-01
9.03172800e-06,5.39521301e-01
9.03182800e-06,5.39576280e-01
9.03192800e-06,5.39628259e-01
9.03202800e-06,5.39683233e-01
9.03212800e-06,5.39735206e-01
9.03222800e-06,5.39790175e-01
9.03232800e-06,5.39842142e-01
9.03242800e-06,5.39897106e-01
9.03252800e-06,5.39949067e-01
9.03262800e-06,5.40004026e-01
9.03272800e-06,5.40055981e-01
9.03282800e-06,5.40110935e-01
9.03292800e-06,5.40162884e-01
9.03302800e-06,5.40217833e-01
9.03312800e-06,5.40269776e-01
9.03322800e-06,5.40324720e-01
9.03332800e-06,5.40376657e-01
9.03342800e-06,5.40431595e-01
9.03352800e-06,5.40483527e-01
9.03362800e-06,5.40538459e-01
9.03372800e-06,5.40590385e-01
9.03382800e-06,5.40645312e-01
9.03392800e-06,5.40697232e-01
9.03402800e-06,5.40752154e-01
9.03412800e-06,5.40804067e-01
9.03422800e-06,5.40858983e-01
9.03432800e-06,5.40910891e-01
9.03442800e-06,5.40965802e-01
9.03452800e-06,5.41017703e-01
9.03462800e-06,5.41072608e-01
9.03472800e-06,5.41124503e-01
9.03482800e-06,5.41179403e-01
9.03492800e-06,5.41231292e-01
9.03502800e-06,5.41286186e-01
9.03512800e-06,5.41338068e-01
9.03522800e-06,5.41392957e-01
9.03532800e-06,5.41444833e-01
9.03542800e-06,5.41499716e-01
9.03552800e-06,5.41551585e-01
9.03562800e-06,5.41606462e-01
9.03572800e-06,5.41658326e-01
9.03582800e-06,5.41713197e-01
9.03592800e-06,5.41765054e-01
9.03602800e-06,5.41819919e-01
9.03612800e-06,5.41871770e-01
9.03622800e-06,5.41926629e-01
9.03632800e-06,5.41978473e-01
9.03642800e-06,5.42033327e-01
9.03652800e-06,5.42085164e-01
9.03662800e-06,5.42140012e-01
9.03672800e-06,5.42191843e-01
9.03682800e-06,5.42246685e-01
9.03692800e-06,5.42298509e-01
9.03702800e-06,5.42353345e-01
9.03712800e-06,5.42405162e-01
9.03722800e-06,5.42459992e-01
9.03732800e-06,5.42511802e-01
9.03742800e-06,5.42566626e-01
9.03752800e-06,5.42618430e-01
9.03762800e-06,5.42673247e-01
9.03772800e-06,5.42725044e-01
9.03782800e-06,5.42779855e-01
9.03792800e-06,5.42831646e-01
9.03802800e-06,5.42886450e-01
9.03812800e-06,5.42938234e-01
9.03822800e-06,5.42993032e-01
9.03832800e-06,5.43044809e-01
9.03842800e-06,5.43099601e-01
9.03852800e-06,5.43151370e-01
9.03862800e-06,5.43206156e-01
9.03872800e-06,5.43257918e-01
9.03882800e-06,5.43312698e-01
9.03892800e-06,5.43364453e-01
9.03902800e-06,5.43419226e-01
9.03912800e-06,5.43470974e-01
9.03922800e-06,5.43525740e-01
9.03932800e-06,5.43577481e-01
9.03942800e-06,5.43632241e-01
9.03952800e-06,5.43683975e-01
9.03962800e-06,5.43738728e-01
9.03972800e-06,5.43790454e-01
9.03982800e-06,5.43845200e-01
9.03992800e-06,5.43896919e-01
9.04002800e-06,5.43951659e-01
9.04012800e-06,5.44003371e-01
9.04022800e-06,5.44058104e-01
9.04032800e-06,5.44109808e-01
9.04042800e-06,5.44164534e-01
9.04052800e-06,5.44216231e-01
9.04062800e-06,5.44270950e-01
9.04072800e-06,5.44322639e-01
9.04082800e-06,5.44377351e-01
9.04092800e-06,5.44429033e-01
9.04102800e-06,5.44483738e-01
9.04112800e-06,5.44535412e-01
9.04122800e-06,5.44590110e-01
9.04132800e-06,5.44641777e-01
9.04142800e-06,5.44696468e-01
9.04152800e-06,5.44748126e-01
9.04162800e-06,5.44802810e-01
9.04172800e-06,5.44854461e-01
9.04182800e-06,5.44909138e-01
9.04192800e-06,5.44960781e-01
9.04202800e-06,5.45015450e-01
9.04212800e-06,5.45067085e-01
9.04222800e-06,5.45121748e-01
9.04232800e-06,5.45173375e-01
9.04242800e-06,5.45228030e-01
9.04252800e-06,5.45279649e-01
9.04262800e-06,5.45334296e-01
9.04272800e-06,5.45385907e-01
9.04282800e-06,5.45440547e-01
9.04292800e-06,5.45492150e-01
9.04302800e-06,5.45546783e-01
9.04312800e-06,5.45598377e-01
9.04322800e-06,5.45653002e-01
9.04332800e-06,5.45704589e-01
9.04342800e-06,5.45759206e-01
9.04352800e-06,5.45810784e-01
9.04362800e-06,5.45865394e-01
9.04372800e-06,5.45916964e-01
9.04382800e-06,5.45971566e-01
9.04392800e-06,5.46023127e-01
9.04402800e-06,5.46077721e-01
9.04412800e-06,5.46129274e-01
9.04422800e-06,5.46183860e-01
9.04432800e-06,5.46235405e-01
9.04442800e-06,5.46289983e-01
9.04452800e-06,5.46341519e-01
9.04462800e-06,5.46396089e-01
9.04472800e-06,5.46447617e-01
9.04482800e-06,5.46502179e-01
9.04492800e-06,5.46553698e-01
9.04502800e-06,5.46608252e-01
9.04512800e-06,5.46659762e-01
9.04522800e-06,5.46714308e-01
9.04532800e-06,5.46765809e-01
9.04542800e-06,5.46820346e-01
9.04552800e-06,5.46871839e-01
9.04562800e-06,5.46926368e-01
9.04572800e-06,5.46977851e-01
9.04582800e-06,5.47032372e-01
9.04592800e-06,5.47083847e-01
9.04602800e-06,5.47138359e-01
9.04612800e-06,5.47189824e-01
9.04622800e-06,5.47244329e-01
9.04632800e-06,5.47295785e-01
9.04642800e-06,5.47350280e-01
9.04652800e-06,5.47401727e-01
9.04662800e-06,5.47456214e-01
9.04672800e-06,5.47507652e-01
9.04682800e-06,5.47562130e-01
9.04692800e-06,5.47613559e-01
9.04702800e-06,5.47668028e-01
9.04712800e-06,5.47719447e-01
9.04722800e-06,5.47773908e-01
9.04732800e-06,5.47825318e-01
9.04742800e-06,5.47879770e-01
9.04752800e-06,5.47931170e-01
9.04762800e-06,5.47985613e-01
9.04772800e-06,5.48037003e-01
9.04782800e-06,5.48091437e-01
9.04792800e-06,5.48142818e-01
9.04802800e-06,5.48197243e-01
9.04812800e-06,5.48248614e-01
9.04822800e-06,5.48303030e-01
9.04832800e-06,5.48354391e-01
9.04842800e-06,5.48408798e-01
9.04852800e-06,5.48460149e-01
9.04862800e-06,5.48514546e-01
9.04872800e-06,5.48565888e-01
9.04882800e-06,5.48620276e-01
9.04892800e-06,5.48671607e-01
9.04902800e-06,5.48725986e-01
9.04912800e-06,5.48777307e-01
9.04922800e-06,5.48831676e-01
9.04932800e-06,5.48882988e-01
9.04942800e-06,5.48937347e-01
9.04952800e-06,5.48988648e-01
9.04962800e-06,5.49042998e-01
9.04972800e-06,5.49094289e-01
9.04982800e-06,5.49148629e-01
9.04992800e-06,5.49199909e-01
9.05002800e-06,5.49254240e-01
9.05012800e-06,5.49305510e-01
9.05022800e-06,5.49359830e-01
9.05032800e-06,5.49411090e-01
9.05042800e-06,5.49465400e-01
9.05052800e-06,5.49516649e-01
9.05062800e-06,5.49570949e-01
9.05072800e-06,5.49622188e-01
9.05082800e-06,5.49676478e-01
9.05092800e-06,5.49727706e-01
9.05102800e-06,5.49781986e-01
9.05112800e-06,5.49833203e-01
9.05122800e-06,5.49887473e-01
9.05132800e-06,5.49938679e-01
9.05142800e-06,5.49992938e-01
9.05152800e-06,5.50044133e-01
9.05162800e-06,5.50098382e-01
9.05172800e-06,5.50149566e-01
9.05182800e-06,5.50203805e-01
9.05192800e-06,5.50254978e-01
9.05202800e-06,5.50309205e-01
9.05212800e-06,5.50360367e-01
9.05222800e-06,5.50414584e-01
9.05232800e-06,5.50465735e-01
9.05242800e-06,5.50519941e-01
9.05252800e-06,5.50571081e-01
9.05262800e-06,5.50625276e-01
9.05272800e-06,5.50676404e-01
9.05282800e-06,5.50730589e-01
9.05292800e-06,5.50781705e-01
9.05302800e-06,5.50835879e-01
9.05312800e-06,5.50886983e-01
9.05322800e-06,5.50941146e-01
9.05332800e-06,5.50992239e-01
9.05342800e-06,5.51046390e-01
9.05352800e-06,5.51097471e-01
9.05362800e-06,5.51151612e-01
9.05372800e-06,5.51202681e-01
9.05382800e-06,5.51256810e-01
9.05392800e-06,5.51307867e-01
9.05402800e-06,5.51361985e-01
9.05412800e-06,5.51413030e-01
9.05422800e-06,5.51467136e-01
9.05432800e-06,5.51518169e-01
9.05442800e-06,5.51572263e-01
9.05452800e-06,5.51623284e-01
9.05462800e-06,5.51677367e-01
9.05472800e-06,5.51728375e-01
9.05482800e-06,5.51782446e-01
9.05492800e-06,5.51833443e-01
9.05502800e-06,5.51887502e-01
9.05512800e-06,5.51938485e-01
9.05522800e-06,5.51992533e-01
9.05532800e-06,5.52043504e-01
9.05542800e-06,5.52097539e-01
9.05552800e-06,5.52148497e-01
9.05562800e-06,5.52202520e-01
9.05572800e-06,5.52253466e-01
9.05582800e-06,5.52307477e-01
9.05592800e-06,5.52358410e-01
9.05602800e-06,5.52412408e-01
9.05612800e-06,5.52463328e-01
9.05622800e-06,5.52517314e-01
9.05632800e-06,5.52568221e-01
9.05642800e-06,5.52622194e-01
9.05652800e-06,5.52673088e-01
9.05662800e-06,5.52727049e-01
9.05672800e-06,5.52777929e-01
9.05682800e-06,5.52831877e-01
9.05692800e-06,5.52882744e-01
9.05702800e-06,5.52936680e-01
9.05712800e-06,5.52987533e-01
9.05722800e-06,5.53041456e-01
9.05732800e-06,5.53092296e-01
9.05742800e-06,5.53146205e-01
9.05752800e-06,5.53197032e-01
9.05762800e-06,5.53250928e-01
9.05772800e-06,5.53301741e-01
9.05782800e-06,5.53355624e-01
9.05792800e-06,5.53406423e-01
9.05802800e-06,5.53460293e-01
9.05812800e-06,5.53511078e-01
9.05822800e-06,5.53564934e-01
9.05832800e-06,5.53615705e-01
9.05842800e-06,5.53669548e-01
9.05852800e-06,5.53720305e-01
9.05862800e-06,5.53774134e-01
9.05872800e-06,5.53824877e-01
9.05882800e-06,5.53878692e-01
9.05892800e-06,5.53929421e-01
9.05902800e-06,5.53983222e-01
9.05912800e-06,5.54033936e-01
9.05922800e-06,5.54087724e-01
9.05932800e-06,5.54138423e-01
9.05942800e-06,5.54192197e-01
9.05952800e-06,5.54242882e-01
9.05962800e-06,5.54296641e-01
9.05972800e-06,5.54347311e-01
9.05982800e-06,5.54401056e-01
9.05992800e-06,5.54451711e-01
9.06002800e-06,5.54505442e-01
9.06012800e-06,5.54556082e-01
9.06022800e-06,5.54609799e-01
9.06032800e-06,5.54660424e-01
9.06042800e-06,5.54714125e-01
9.06052800e-06,5.54764735e-01
9.06062800e-06,5.54818422e-01
9.06072800e-06,5.54869017e-01
9.06082800e-06,5.54922689e-01
9.06092800e-06,5.54973268e-01
9.06102800e-06,5.55026925e-01
9.06112800e-06,5.55077489e-01
9.06122800e-06,5.55131131e-01
9.06132800e-06,5.55181679e-01
9.06142800e-06,5.55235306e-01
9.06152800e-06,5.55285839e-01
9.06162800e-06,5.55339450e-01
9.06172800e-06,5.55389967e-01
9.06182800e-06,5.55443563e-01
9.06192800e-06,5.55494064e-01
9.06202800e-06,5.55547644e-01
9.06212800e-06,5.55598129e-01
9.06222800e-06,5.55651694e-01
9.06232800e-06,5.55702162e-01
9.06242800e-06,5.55755712e-01
9.06252800e-06,5.55806163e-01
9.06262800e-06,5.55859697e-01
9.06272800e-06,5.55910132e-01
9.06282800e-06,5.55963650e-01
9.06292800e-06,5.56014069e-01
9.06302800e-06,5.56067570e-01
9.06312800e-06,5.56117972e-01
9.06322800e-06,5.56171458e-01
9.06332800e-06,5.56221843e-01
9.06342800e-06,5.56275312e-01
9.06352800e-06,5.56325680e-01
9.06362800e-06,5.56379133e-01
9.06372800e-06,5.56429484e-01
9.06382800e-06,5.56482920e-01
9.06392800e-06,5.56533255e-01
9.06402800e-06,5.56586674e-01
9.06412800e-06,5.56636991e-01
9.06422800e-06,5.56690393e-01
9.06432800e-06,5.56740693e-01
9.06442800e-06,5.56794078e-01
9.06452800e-06,5.56844360e-01
9.06462800e-06,5.56897728e-01
9.06472800e-06,5.56947993e-01
9.06482800e-06,5.57001344e-01
9.06492800e-06,5.57051590e-01
9.06502800e-06,5.57104924e-01
9.06512800e-06,5.57155153e-01
9.06522800e-06,5.57208469e-01
9.06532800e-06,5.57258680e-01
9.06542800e-06,5.57311979e-01
9.06552800e-06,5.57362171e-01
9.06562800e-06,5.57415452e-01
9.06572800e-06,5.57465626e-01
9.06582800e-06,5.57518890e-01
9.06592800e-06,5.57569045e-01
9.06602800e-06,5.57622291e-01
9.06612800e-06,5.57672428e-01
9.06622800e-06,5.57725655e-01
9.06632800e-06,5.57775774e-01
9.06642800e-06,5.57828983e-01
9.06652800e-06,5.57879083e-01
9.06662800e-06,5.57932273e-01
9.06672800e-06,5.57982354e-01
9.06682800e-06,5.58035526e-01
9.06692800e-06,5.58085588e-01
9.06702800e-06,5.58138742e-01
9.06712800e-06,5.58188784e-01
9.06722800e-06,5.58241919e-01
9.06732800e-06,5.58291943e-01
9.06742800e-06,5.58345058e-01
9.06752800e-06,5.58395062e-01
9.06762800e-06,5.58448159e-01
9.06772800e-06,5.58498144e-01
9.06782800e-06,5.58551221e-01
9.06792800e-06,5.58601186e-01
9.06802800e-06,5.58654245e-01
9.06812800e-06,5.58704190e-01
9.06822800e-06,5.58757228e-01
9.06832800e-06,5.58807154e-01
9.06842800e-06,5.58860173e-01
9.06852800e-06,5.58910078e-01
9.06862800e-06,5.58963078e-01
9.06872800e-06,5.59012962e-01
9.06882800e-06,5.59065942e-01
9.06892800e-06,5.59115807e-01
9.06902800e-06,5.59168767e-01
9.06912800e-06,5.59218610e-01
9.06922800e-06,5.59271550e-01
9.06932800e-06,5.59321374e-01
9.06942800e-06,5.59374293e-01
9.06952800e-06,5.59424096e-01
9.06962800e-06,5.59476995e-01
9.06972800e-06,5.59526777e-01
9.06982800e-06,5.59579656e-01
9.06992800e-06,5.59629416e-01
9.07002800e-06,5.59682275e-01
9.07012800e-06,5.59732014e-01
9.07022800e-06,5.59784852e-01
9.07032800e-06,5.59834570e-01
9.07042800e-06,5.59887387e-01
9.07052800e-06,5.59937083e-01
9.07062800e-06,5.59989879e-01
9.07072800e-06,5.60039554e-01
9.07082800e-06,5.60092329e-01
9.07092800e-06,5.60141982e-01
9.07102800e-06,5.60194735e-01
9.07112800e-06,5.60244367e-01
9.07122800e-06,5.60297099e-01
9.07132800e-06,5.60346709e-01
9.07142800e-06,5.60399419e-01
9.07152800e-06,5.60449007e-01
9.07162800e-06,5.60501695e-01
9.07172800e-06,5.60551260e-01
9.07182800e-06,5.60603927e-01
9.07192800e-06,5.60653470e-01
9.07202800e-06,5.60706115e-01
9.07212800e-06,5.60755636e-01
9.07222800e-06,5.60808258e-01
9.07232800e-06,5.60857756e-01
9.07242800e-06,5.60910357e-01
9.07252800e-06,5.60959832e-01
9.07262800e-06,5.61012410e-01
9.07272800e-06,5.61061863e-01
9.07282800e-06,5.61114418e-01
9.07292800e-06,5.61163848e-01
9.07302800e-06,5.61216380e-01
9.07312800e-06,5.61265787e-01
9.07322800e-06,5.61318297e-01
9.07332800e-06,5.61367680e-01
9.07342800e-06,5.61420167e-01
9.07352800e-06,5.61469527e-01
9.07362800e-06,5.61521991e-01
9.07372800e-06,5.61571327e-01
9.07382800e-06,5.61623768e-01
9.07392800e-06,5.61673081e-01
9.07402800e-06,5.61725498e-01
9.07412800e-06,5.61774787e-01
9.07422800e-06,5.61827181e-01
9.07432800e-06,5.61876446e-01
9.07442800e-06,5.61928817e-01
9.07452800e-06,5.61978058e-01
9.07462800e-06,5.62030405e-01
9.07472800e-06,5.62079621e-01
9.07482800e-06,5.62131945e-01
9.07492800e-06,5.62181137e-01
9.07502800e-06,5.62233436e-01
9.07512800e-06,5.62282604e-01
9.07522800e-06,5.62334879e-01
9.07532800e-06,5.62384023e-01
9.07542800e-06,5.62436274e-01
9.07552800e-06,5.62485392e-01
9.07562800e-06,5.62537619e-01
9.07572800e-06,5.62586713e-01
9.07582800e-06,5.62638915e-01
9.07592800e-06,5.62687984e-01
9.07602800e-06,5.62740162e-01
9.07612800e-06,5.62789206e-01
9.07622800e-06,5.62841359e-01
9.07632800e-06,5.62890377e-01
9.07642800e-06,5.62942506e-01
9.07652800e-06,5.62991499e-01
9.07662800e-06,5.63043602e-01
9.07672800e-06,5.63092570e-01
9.07682800e-06,5.63144648e-01
9.07692800e-06,5.63193591e-01
9.07702800e-06,5.63245644e-01
9.07712800e-06,5.63294561e-01
9.07722800e-06,5.63346588e-01
9.07732800e-06,5.63395479e-01
9.07742800e-06,5.63447482e-01
9.07752800e-06,5.63496347e-01
9.07762800e-06,5.63548324e-01
9.07772800e-06,5.63597163e-01
9.07782800e-06,5.63649114e-01
9.07792800e-06,5.63697927e-01
9.07802800e-06,5.63749852e-01
9.07812800e-06,5.63798639e-01
9.07822800e-06,5.63850538e-01
9.07832800e-06,5.63899299e-01
9.07842800e-06,5.63951172e-01
9.07852800e-06,5.63999906e-01
9.07862800e-06,5.64051753e-01
9.07872800e-06,5.64100461e-01
9.07882800e-06,5.64152282e-01
9.07892800e-06,5.64200963e-01
9.07902800e-06,5.64252757e-01
9.07912800e-06,5.64301411e-01
9.07922800e-06,5.64353179e-01
9.07932800e-06,5.64401806e-01
9.07942800e-06,5.64453548e-01
9.07952800e-06,5.64502148e-01
9.07962800e-06,5.64553863e-01
9.07972800e-06,5.64602436e-01
9.07982800e-06,5.64654124e-01
9.07992800e-06,5.64702670e-01
9.08002800e-06,5.64754331e-01
9.08012800e-06,5.64802850e-01
9.08022800e-06,5.64854484e-01
9.08032800e-06,5.64902975e-01
9.08042800e-06,5.64954582e-01
9.08052800e-06,5.65003046e-01
9.08062800e-06,5.65054626e-01
9.08072800e-06,5.65103062e-01
9.08082800e-06,5.65154614e-01
9.08092800e-06,5.65203022e-01
9.08102800e-06,5.65254548e-01
9.08112800e-06,5.65302928e-01
9.08122800e-06,5.65354426e-01
9.08132800e-06,5.65402778e-01
9.08142800e-06,5.65454248e-01
9.08152800e-06,5.65502573e-01
9.08162800e-06,5.65554015e-01
9.08172800e-06,5.65602311e-01
9.08182800e-06,5.65653726e-01
9.08192800e-06,5.65701994e-01
9.08202800e-06,5.65753381e-01
9.08212800e-06,5.65801620e-01
9.08222800e-06,5.65852979e-01
9.08232800e-06,5.65901190e-01
9.08242800e-06,5.65952521e-01
9.08252800e-06,5.66000704e-01
9.08262800e-06,5.66052006e-01
9.08272800e-06,5.66100160e-01
9.08282800e-06,5.66151435e-01
9.08292800e-06,5.66199560e-01
9.08302800e-06,5.66250806e-01
9.08312800e-06,5.66298903e-01
9.08322800e-06,5.66350120e-01
9.08332800e-06,5.66398188e-01
9.08342800e-06,5.66449377e-01
9.08352800e-06,5.66497416e-01
9.08362800e-06,5.66548576e-01
9.08372800e-06,5.66596586e-01
9.08382800e-06,5.66647717e-01
9.08392800e-06,5.66695698e-01
9.08402800e-06,5.66746801e-01
9.08412800e-06,5.66794752e-01
9.08422800e-06,5.66845826e-01
9.08432800e-06,5.66893749e-01
9.08442800e-06,5.66944793e-01
9.08452800e-06,5.66992686e-01
9.08462800e-06,5.67043702e-01
9.08472800e-06,5.67091565e-01
9.08482800e-06,5.67142552e-01
9.08492800e-06,5.67190386e-01
9.08502800e-06,5.67241343e-01
9.08512800e-06,5.67289148e-01
9.08522800e-06,5.67340075e-01
9.08532800e-06,5.67387850e-01
9.08542800e-06,5.67438749e-01
9.08552800e-06,5.67486494e-01
9.08562800e-06,5.67537363e-01
9.08572800e-06,5.67585078e-01
9.08582800e-06,5.67635917e-01
9.08592800e-06,5.67683602e-01
9.08602800e-06,5.67734412e-01
9.08612800e-06,5.67782067e-01
9.08622800e-06,5.67832847e-01
9.08632800e-06,5.67880473e-01
9.08642800e-06,5.67931223e-01
9.08652800e-06,5.67978818e-01
9.08662800e-06,5.68029538e-01
9.08672800e-06,5.68077103e-01
9.08682800e-06,5.68127793e-01
9.08692800e-06,5.68175328e-01
9.08702800e-06,5.68225988e-01
9.08712800e-06,5.68273492e-01
9.08722800e-06,5.68324122e-01
9.08732800e-06,5.68371596e-01
9.08742800e-06,5.68422196e-01
9.08752800e-06,5.68469639e-01
9.08762800e-06,5.68520208e-01
9.08772800e-06,5.68567621e-01
9.08782800e-06,5.68618160e-01
9.08792800e-06,5.68665542e-01
9.08802800e-06,5.68716051e-01
9.08812800e-06,5.68763402e-01
9.08822800e-06,5.68813880e-01
9.08832800e-06,5.68861201e-01
9.08842800e-06,5.68911649e-01
9.08852800e-06,5.68958938e-01
9.08862800e-06,5.69009355e-01
9.08872800e-06,5.69056614e-01
9.08882800e-06,5.69107000e-01
9.08892800e-06,5.69154227e-01
9.08902800e-06,5.69204583e-01
9.08912800e-06,5.69251779e-01
9.08922800e-06,5.69302104e-01
9.08932800e-06,5.69349269e-01
9.08942800e-06,5.69399563e-01
9.08952800e-06,5.69446697e-01
9.08962800e-06,5.69496959e-01
9.08972800e-06,5.69544062e-01
9.08982800e-06,5.69594294e-01
9.08992800e-06,5.69641365e-01
9.09002800e-06,5.69691565e-01
9.09012800e-06,5.69738605e-01
9.09022800e-06,5.69788774e-01
9.09032800e-06,5.69835783e-01
9.09042800e-06,5.69885921e-01
9.09052800e-06,5.69932898e-01
9.09062800e-06,5.69983004e-01
9.09072800e-06,5.70029949e-01
9.09082800e-06,5.70080024e-01
9.09092800e-06,5.70126938e-01
9.09102800e-06,5.70176981e-01
9.09112800e-06,5.70223863e-01
9.09122800e-06,5.70273874e-01
9.09132800e-06,5.70320724e-01
9.09142800e-06,5.70370704e-01
9.09152800e-06,5.70417522e-01
9.09162800e-06,5.70467470e-01
9.09172800e-06,5.70514256e-01
9.09182800e-06,5.70564173e-01
9.09192800e-06,5.70610927e-01
9.09202800e-06,5.70660811e-01
9.09212800e-06,5.70707533e-01
9.09222800e-06,5.70757385e-01
9.09232800e-06,5.70804075e-01
9.09242800e-06,5.70853895e-01
9.09252800e-06,5.70900553e-01
9.09262800e-06,5.70950341e-01
9.09272800e-06,5.70996966e-01
9.09282800e-06,5.71046722e-01
9.09292800e-06,5.71093315e-01
9.09302800e-06,5.71143039e-01
9.09312800e-06,5.71189599e-01
9.09322800e-06,5.71239291e-01
9.09332800e-06,5.71285818e-01
9.09342800e-06,5.71335477e-01
9.09352800e-06,5.71381972e-01
9.09362800e-06,5.71431599e-01
9.09372800e-06,5.71478061e-01
9.09382800e-06,5.71527655e-01
9.09392800e-06,5.71574085e-01
9.09402800e-06,5.71623647e-01
9.09412800e-06,5.71670043e-01
9.09422800e-06,5.71719572e-01
9.09432800e-06,5.71765936e-01
9.09442800e-06,5.71815432e-01
9.09452800e-06,5.71861763e-01
9.09462800e-06,5.71911226e-01
9.09472800e-06,5.71957524e-01
9.09482800e-06,5.72006955e-01
9.09492800e-06,5.72053220e-01
9.09502800e-06,5.72102617e-01
9.09512800e-06,5.72148849e-01
9.09522800e-06,5.72198213e-01
9.09532800e-06,5.72244412e-01
9.09542800e-06,5.72293743e-01
9.09552800e-06,5.72339908e-01
9.09562800e-06,5.72389206e-01
9.09572800e-06,5.72435338e-01
9.09582800e-06,5.72484603e-01
9.09592800e-06,5.72530702e-01
9.09602800e-06,5.72579933e-01
9.09612800e-06,5.72625998e-01
9.09622800e-06,5.72675196e-01
9.09632800e-06,5.72721228e-01
9.09642800e-06,5.72770392e-01
9.09652800e-06,5.72816390e-01
9.09662800e-06,5.72865521e-01
9.09672800e-06,5.72911486e-01
9.09682800e-06,5.72960583e-01
9.09692800e-06,5.73006514e-01
9.09702800e-06,5.73055578e-01
9.09712800e-06,5.73101474e-01
9.09722800e-06,5.73150504e-01
9.09732800e-06,5.73196367e-01
9.09742800e-06,5.73245364e-01
9.09752800e-06,5.73291193e-01
9.09762800e-06,5.73340155e-01
9.09772800e-06,5.73385950e-01
9.09782800e-06,5.73434879e-01
9.09792800e-06,5.73480640e-01
9.09802800e-06,5.73529534e-01
9.09812800e-06,5.73575261e-01
9.09822800e-06,5.73624121e-01
9.09832800e-06,5.73669814e-01
9.09842800e-06,5.73718640e-01
9.09852800e-06,5.73764299e-01
9.09862800e-06,5.73813091e-01
9.09872800e-06,5.73858715e-01
9.09882800e-06,5.73907473e-01
9.09892800e-06,5.73953063e-01
9.09902800e-06,5.74001786e-01
9.09912800e-06,5.74047342e-01
9.09922800e-06,5.74096031e-01
9.09932800e-06,5.74141552e-01
9.09942800e-06,5.74190206e-01
9.09952800e-06,5.74235693e-01
9.09962800e-06,5.74284313e-01
9.09972800e-06,5.74329765e-01
9.09982800e-06,5.74378350e-01
9.09992800e-06,5.74423768e-01
9.10002800e-06,5.74472318e-01
9.10012800e-06,5.74517701e-01
9.10022800e-06,5.74566217e-01
9.10032800e-06,5.74611565e-01
9.10042800e-06,5.74660046e-01
9.10052800e-06,5.74705359e-01
9.10062800e-06,5.74753805e-01
9.10072800e-06,5.74799084e-01
9.10082800e-06,5.74847495e-01
9.10092800e-06,5.74892739e-01
9.10102800e-06,5.74941115e-01
9.10112800e-06,5.74986324e-01
9.10122800e-06,5.75034665e-01
9.10132800e-06,5.75079839e-01
9.10142800e-06,5.75128145e-01
9.10152800e-06,5.75173284e-01
9.10162800e-06,5.75221555e-01
9.10172800e-06,5.75266658e-01
9.10182800e-06,5.75314894e-01
9.10192800e-06,5.75359962e-01
9.10202800e-06,5.75408163e-01
9.10212800e-06,5.75453196e-01
9.10222800e-06,5.75501362e-01
9.10232800e-06,5.75546360e-01
9.10242800e-06,5.75594490e-01
9.10252800e-06,5.75639452e-01
9.10262800e-06,5.75687547e-01
9.10272800e-06,5.75732474e-01
9.10282800e-06,5.75780534e-01
9.10292800e-06,5.75825426e-01
9.10302800e-06,5.75873450e-01
9.10312800e-06,5.75918306e-01
9.10322800e-06,5.75966295e-01
9.10332800e-06,5.76011116e-01
9.10342800e-06,5.76059068e-01
9.10352800e-06,5.76103854e-01
9.10362800e-06,5.76151771e-01
9.10372800e-06,5.76196521e-01
9.10382800e-06,5.76244403e-01
9.10392800e-06,5.76289117e-01
9.10402800e-06,5.76336963e-01
9.10412800e-06,5.76381642e-01
9.10422800e-06,5.76429452e-01
9.10432800e-06,5.76474095e-01
9.10442800e-06,5.76521870e-01
9.10452800e-06,5.76566477e-01
9.10462800e-06,5.76614216e-01
9.10472800e-06,5.76658788e-01
9.10482800e-06,5.76706491e-01
9.10492800e-06,5.76751027e-01
9.10502800e-06,5.76798694e-01
9.10512800e-06,5.76843194e-01
9.10522800e-06,5.76890825e-01
9.10532800e-06,5.76935290e-01
9.10542800e-06,5.76982885e-01
9.10552800e-06,5.77027314e-01
9.10562800e-06,5.77074873e-01
9.10572800e-06,5.77119267e-01
9.10582800e-06,5.77166790e-01
9.10592800e-06,5.77211147e-01
9.10602800e-06,5.77258634e-01
9.10612800e-06,5.77302956e-01
9.10622800e-06,5.77350407e-01
9.10632800e-06,5.77394693e-01
9.10642800e-06,5.77442108e-01
9.10652800e-06,5.77486358e-01
9.10662800e-06,5.77533737e-01
9.10672800e-06,5.77577951e-01
9.10682800e-06,5.77625294e-01
9.10692800e-06,5.77669472e-01
9.10702800e-06,5.77716779e-01
9.10712800e-06,5.77760921e-01
9.10722800e-06,5.77808192e-01
9.10732800e-06,5.77852299e-01
9.10742800e-06,5.77899533e-01
9.10752800e-06,5.77943604e-01
9.10762800e-06,5.77990803e-01
9.10772800e-06,5.78034838e-01
9.10782800e-06,5.78082000e-01
9.10792800e-06,5.78125999e-01
9.10802800e-06,5.78173125e-01
9.10812800e-06,5.78217089e-01
9.10822800e-06,5.78264179e-01
9.10832800e-06,5.78308107e-01
9.10842800e-06,5.78355161e-01
9.10852800e-06,5.78399053e-01
9.10862800e-06,5.78446070e-01
9.10872800e-06,5.78489927e-01
9.10882800e-06,5.78536908e-01
9.10892800e-06,5.78580729e-01
9.10902800e-06,5.78627675e-01
9.10912800e-06,5.78671459e-01
9.10922800e-06,5.78718369e-01
9.10932800e-06,5.78762118e-01
9.10942800e-06,5.78808992e-01
9.10952800e-06,5.78852705e-01
9.10962800e-06,5.78899543e-01
9.10972800e-06,5.78943221e-01
9.10982800e-06,5.78990023e-01
9.10992800e-06,5.79033665e-01
9.11002800e-06,5.79080431e-01
9.11012800e-06,5.79124038e-01
9.11022800e-06,5.79170768e-01
9.11032800e-06,5.79214339e-01
9.11042800e-06,5.79261033e-01
9.11052800e-06,5.79304569e-01
9.11062800e-06,5.79351227e-01
9.11072800e-06,5.79394728e-01
9.11082800e-06,5.79441350e-01
9.11092800e-06,5.79484815e-01
9.11102800e-06,5.79531402e-01
9.11112800e-06,5.79574832e-01
9.11122800e-06,5.79621384e-01
9.11132800e-06,5.79664778e-01
9.11142800e-06,5.79711294e-01
9.11152800e-06,5.79754654e-01
9.11162800e-06,5.79801134e-01
9.11172800e-06,5.79844459e-01
9.11182800e-06,5.79890904e-01
9.11192800e-06,5.79934193e-01
9.11202800e-06,5.79980603e-01
9.11212800e-06,5.80023858e-01
9.11222800e-06,5.80070232e-01
9.11232800e-06,5.80113452e-01
9.11242800e-06,5.80159791e-01
9.11252800e-06,5.80202976e-01
9.11262800e-06,5.80249280e-01
9.11272800e-06,5.80292431e-01
9.11282800e-06,5.80338700e-01
9.11292800e-06,5.80381817e-01
9.11302800e-06,5.80428050e-01
9.11312800e-06,5.80471133e-01
9.11322800e-06,5.80517332e-01
9.11332800e-06,5.80560380e-01
9.11342800e-06,5.80606544e-01
9.11352800e-06,5.80649558e-01
9.11362800e-06,5.80695688e-01
9.11372800e-06,5.80738668e-01
9.11382800e-06,5.80784763e-01
9.11392800e-06,5.80827709e-01
9.11402800e-06,5.80873770e-01
9.11412800e-06,5.80916683e-01
9.11422800e-06,5.80962710e-01
9.11432800e-06,5.81005589e-01
9.11442800e-06,5.81051582e-01
9.11452800e-06,5.81094427e-01
9.11462800e-06,5.81140386e-01
9.11472800e-06,5.81183199e-01
9.11482800e-06,5.81229124e-01
9.11492800e-06,5.81271904e-01
9.11502800e-06,5.81317795e-01
9.11512800e-06,5.81360542e-01
9.11522800e-06,5.81406400e-01
9.11532800e-06,5.81449114e-01
9.11542800e-06,5.81494939e-01
9.11552800e-06,5.81537620e-01
9.11562800e-06,5.81583412e-01
9.11572800e-06,5.81626062e-01
9.11582800e-06,5.81671821e-01
9.11592800e-06,5.81714438e-01
9.11602800e-06,5.81760164e-01
9.11612800e-06,5.81802750e-01
9.11622800e-06,5.81848444e-01
9.11632800e-06,5.81890997e-01
9.11642800e-06,5.81936659e-01
9.11652800e-06,5.81979182e-01
9.11662800e-06,5.82024811e-01
9.11672800e-06,5.82067303e-01
9.11682800e-06,5.82112900e-01
9.11692800e-06,5.82155361e-01
9.11702800e-06,5.82200927e-01
9.11712800e-06,5.82243357e-01
9.11722800e-06,5.82288892e-01
9.11732800e-06,5.82331292e-01
9.11742800e-06,5.82376796e-01
9.11752800e-06,5.82419165e-01
9.11762800e-06,5.82464638e-01
9.11772800e-06,5.82506978e-01
9.11782800e-06,5.82552421e-01
9.11792800e-06,5.82594731e-01
9.11802800e-06,5.82640144e-01
9.11812800e-06,5.82682425e-01
9.11822800e-06,5.82727808e-01
9.11832800e-06,5.82770060e-01
9.11842800e-06,5.82815413e-01
9.11852800e-06,5.82857637e-01
9.11862800e-06,5.82902961e-01
9.11872800e-06,5.82945156e-01
9.11882800e-06,5.82990451e-01
9.11892800e-06,5.83032619e-01
9.11902800e-06,5.83077885e-01
9.11912800e-06,5.83120026e-01
9.11922800e-06,5.83165264e-01
9.11932800e-06,5.83207378e-01
9.11942800e-06,5.83252588e-01
9.11952800e-06,5.83294675e-01
9.11962800e-06,5.83339857e-01
9.11972800e-06,5.83381918e-01
9.11982800e-06,5.83427073e-01
9.11992800e-06,5.83469108e-01
9.12002800e-06,5.83514237e-01
9.12012800e-06,5.83556247e-01
9.12022800e-06,5.83601349e-01
9.12032800e-06,5.83643334e-01
9.12042800e-06,5.83688411e-01
9.12052800e-06,5.83730371e-01
9.12062800e-06,5.83775422e-01
9.12072800e-06,5.83817359e-01
9.12082800e-06,5.83862385e-01
9.12092800e-06,5.83904298e-01
9.12102800e-06,5.83949300e-01
9.12112800e-06,5.83991190e-01
9.12122800e-06,5.84036168e-01
9.12132800e-06,5.84078035e-01
9.12142800e-06,5.84122990e-01
9.12152800e-06,5.84164835e-01
9.12162800e-06,5.84209767e-01
9.12172800e-06,5.84251591e-01
9.12182800e-06,5.84296500e-01
9.12192800e-06,5.84338303e-01
9.12202800e-06,5.84383191e-01
9.12212800e-06,5.84424974e-01
9.12222800e-06,5.84469841e-01
9.12232800e-06,5.84511604e-01
9.12242800e-06,5.84556450e-01
9.12252800e-06,5.84598194e-01
9.12262800e-06,5.84643020e-01
9.12272800e-06,5.84684746e-01
9.12282800e-06,5.84729553e-01
9.12292800e-06,5.84771261e-01
9.12302800e-06,5.84816049e-01
9.12312800e-06,5.84857740e-01
9.12322800e-06,5.84902511e-01
9.12332800e-06,5.84944185e-01
9.12342800e-06,5.84988938e-01
9.12352800e-06,5.85030598e-01
9.12362800e-06,5.85075334e-01
9.12372800e-06,5.85116978e-01
9.12382800e-06,5.85161699e-01
9.12392800e-06,5.85203329e-01
9.12402800e-06,5.85248035e-01
9.12412800e-06,5.85289652e-01
9.12422800e-06,5.85334343e-01
9.12432800e-06,5.85375948e-01
9.12442800e-06,5.85420625e-01
9.12452800e-06,5.85462219e-01
9.12462800e-06,5.85506883e-01
9.12472800e-06,5.85548466e-01
9.12482800e-06,5.85593119e-01
9.12492800e-06,5.85634692e-01
9.12502800e-06,5.85679334e-01
9.12512800e-06,5.85720898e-01
9.12522800e-06,5.85765530e-01
9.12532800e-06,5.85807086e-01
9.12542800e-06,5.85851709e-01
9.12552800e-06,5.85893258e-01
9.12562800e-06,5.85937873e-01
9.12572800e-06,5.85979416e-01
9.12582800e-06,5.86024024e-01
9.12592800e-06,5.86065563e-01
9.12602800e-06,5.86110164e-01
9.12612800e-06,5.86151699e-01
9.12622800e-06,5.86196295e-01
9.12632800e-06,5.86237827e-01
9.12642800e-06,5.86282420e-01
9.12652800e-06,5.86323950e-01
9.12662800e-06,5.86368540e-01
9.12672800e-06,5.86410069e-01
9.12682800e-06,5.86454657e-01
9.12692800e-06,5.86496188e-01
9.12702800e-06,5.86540775e-01
9.12712800e-06,5.86582308e-01
9.12722800e-06,5.86626896e-01
9.12732800e-06,5.86668432e-01
9.12742800e-06,5.86713022e-01
9.12752800e-06,5.86754562e-01
9.12762800e-06,5.86799156e-01
9.12772800e-06,5.86840702e-01
9.12782800e-06,5.86885300e-01
9.12792800e-06,5.86926853e-01
9.12802800e-06,5.86971457e-01
9.12812800e-06,5.87013019e-01
9.12822800e-06,5.87057631e-01
9.12832800e-06,5.87099203e-01
9.12842800e-06,5.87143823e-01
9.12852800e-06,5.87185407e-01
9.12862800e-06,5.87230038e-01
9.12872800e-06,5.87271635e-01
9.12882800e-06,5.87316277e-01
9.12892800e-06,5.87357889e-01
9.12902800e-06,5.87402545e-01
9.12912800e-06,5.87444173e-01
9.12922800e-06,5.87488843e-01
9.12932800e-06,5.87530490e-01
9.12942800e-06,5.87575177e-01
9.12952800e-06,5.87616843e-01
9.12962800e-06,5.87661549e-01
9.12972800e-06,5.87703237e-01
9.12982800e-06,5.87747963e-01
9.12992800e-06,5.87789674e-01
9.13002800e-06,5.87834422e-01
9.13012800e-06,5.87876158e-01
9.13022800e-06,5.87920931e-01
9.13032800e-06,5.87962694e-01
9.13042800e-06,5.88007492e-01
9.13052800e-06,5.88049285e-01
9.13062800e-06,5.88094111e-01
9.13072800e-06,5.88135935e-01
9.13082800e-06,5.88180791e-01
9.13092800e-06,5.88222648e-01
9.13102800e-06,5.88267536e-01
9.13112800e-06,5.88309429e-01
9.13122800e-06,5.88354351e-01
9.13132800e-06,5.88396282e-01
9.13142800e-06,5.88441240e-01
9.13152800e-06,5.88483281e-01
9.13162800e-06,5.88528336e-01
9.13172800e-06,5.88570392e-01
9.13182800e-06,5.88615402e-01
9.13192800e-06,5.88657573e-01
9.13202800e-06,5.88702497e-01
9.13212800e-06,5.88744605e-01
9.13222800e-06,5.88789606e-01
9.13232800e-06,5.88831787e-01
9.13242800e-06,5.88876856e-01
9.13252800e-06,5.88919104e-01
9.13262800e-06,5.88964236e-01
9.13272800e-06,5.89006549e-01
9.13282800e-06,5.89051743e-01
9.13292800e-06,5.89094119e-01
9.13302800e-06,5.89139374e-01
9.13312800e-06,5.89181815e-01
9.13322800e-06,5.89227133e-01
9.13332800e-06,5.89269640e-01
9.13342800e-06,5.89315022e-01
9.13352800e-06,5.89357598e-01
9.13362800e-06,5.89403047e-01
9.13372800e-06,5.89445694e-01
9.13382800e-06,5.89491212e-01
9.13392800e-06,5.89533932e-01
9.13402800e-06,5.89579523e-01
9.13412800e-06,5.89622321e-01
9.13422800e-06,5.89667986e-01
9.13432800e-06,5.89710864e-01
9.13442800e-06,5.89756609e-01
9.13452800e-06,5.89799571e-01
9.13462800e-06,5.89845398e-01
9.13472800e-06,5.89888447e-01
9.13482800e-06,5.89934360e-01
9.13492800e-06,5.89977500e-01
9.13502800e-06,5.90023503e-01
9.13512800e-06,5.90066738e-01
9.13522800e-06,5.90112834e-01
9.13532800e-06,5.90156168e-01
9.13542800e-06,5.90202362e-01
9.13552800e-06,5.90245799e-01
9.13562800e-06,5.90292094e-01
9.13572800e-06,5.90335638e-01
9.13582800e-06,5.90382039e-01
9.13592800e-06,5.90425695e-01
9.13602800e-06,5.90472206e-01
9.13612800e-06,5.90515977e-01
9.13622800e-06,5.90562603e-01
9.13632800e-06,5.90606496e-01
9.13642800e-06,5.90653241e-01
9.13652800e-06,5.90697259e-01
9.13662800e-06,5.90744128e-01
9.13672800e-06,5.90788276e-01
9.13682800e-06,5.90835275e-01
9.13692800e-06,5.90879558e-01
9.13702800e-06,5.90926690e-01
9.13712800e-06,5.90971114e-01
9.13722800e-06,5.91018386e-01
9.13732800e-06,5.91062956e-01
9.13742800e-06,5.91110373e-01
9.13752800e-06,5.91155094e-01
9.13762800e-06,5.91202662e-01
9.13772800e-06,5.91247540e-01
9.13782800e-06,5.91295263e-01
9.13792800e-06,5.91340305e-01
9.13802800e-06,5.91388190e-01
9.13812800e-06,5.91433401e-01
9.13822800e-06,5.91481455e-01
9.13832800e-06,5.91526841e-01
9.13842800e-06,5.91575069e-01
9.13852800e-06,5.91620637e-01
9.13862800e-06,5.91669047e-01
9.13872800e-06,5.91714803e-01
9.13882800e-06,5.91763401e-01
9.13892800e-06,5.91809353e-01
9.13902800e-06,5.91858145e-01
9.13912800e-06,5.91904299e-01
9.13922800e-06,5.91953293e-01
9.13932800e-06,5.91999658e-01
9.13942800e-06,5.92048862e-01
9.13952800e-06,5.92095444e-01
9.13962800e-06,5.92144864e-01
9.13972800e-06,5.92191672e-01
9.13982800e-06,5.92241318e-01
9.13992800e-06,5.92288359e-01
9.14002800e-06,5.92338238e-01
9.14012800e-06,5.92385521e-01
9.14022800e-06,5.92435641e-01
9.14032800e-06,5.92483175e-01
9.14042800e-06,5.92533546e-01
9.14052800e-06,5.92581339e-01
9.14062800e-06,5.92631969e-01
9.14072800e-06,5.92680031e-01
9.14082800e-06,5.92730930e-01
9.14092800e-06,5.92779270e-01
9.14102800e-06,5.92830448e-01
9.14112800e-06,5.92879077e-01
9.14122800e-06,5.92930542e-01
9.14132800e-06,5.92979469e-01
9.14142800e-06,5.93031234e-01
9.14152800e-06,5.93080470e-01
9.14162800e-06,5.93132544e-01
9.14172800e-06,5.93182101e-01
9.14182800e-06,5.93234495e-01
9.14192800e-06,5.93284383e-01
9.14202800e-06,5.93337110e-01
9.14212800e-06,5.93387341e-01
9.14222800e-06,5.93440412e-01
9.14232800e-06,5.93490999e-01
9.14242800e-06,5.93544426e-01
9.14252800e-06,5.93595380e-01
9.14262800e-06,5.93649177e-01
9.14272800e-06,5.93700512e-01
9.14282800e-06,5.93754691e-01
9.14292800e-06,5.93806421e-01
9.14302800e-06,5.93860996e-01
9.14312800e-06,5.93913135e-01
9.14322800e-06,5.93968120e-01
9.14332800e-06,5.94020683e-01
9.14342800e-06,5.94076093e-01
9.14352800e-06,5.94129094e-01
9.14362800e-06,5.94184945e-01
9.14372800e-06,5.94238400e-01
9.14382800e-06,5.94294708e-01
9.14392800e-06,5.94348633e-01
9.14402800e-06,5.94405414e-01
9.14412800e-06,5.94459826e-01
9.14422800e-06,5.94517097e-01
9.14432800e-06,5.94572015e-01
9.14442800e-06,5.94629794e-01
9.14452800e-06,5.94685235e-01
9.14462800e-06,5.94743540e-01
9.14472800e-06,5.94799523e-01
9.14482800e-06,5.94858375e-01
9.14492800e-06,5.94914920e-01
9.14502800e-06,5.94974337e-01
9.14512800e-06,5.95031465e-01
9.14522800e-06,5.95091470e-01
9.14532800e-06,5.95149201e-01
9.14542800e-06,5.95209814e-01
9.14552800e-06,5.95268172e-01
9.14562800e-06,5.95329416e-01
9.14572800e-06,5.95388424e-01
9.14582800e-06,5.95450323e-01
9.14592800e-06,5.95510004e-01
9.14602800e-06,5.95572582e-01
9.14612800e-06,5.95632962e-01
9.14622800e-06,5.95696245e-01
9.14632800e-06,5.95757349e-01
9.14642800e-06,5.95821365e-01
9.14652800e-06,5.95883221e-01
9.14662800e-06,5.95947996e-01
9.14672800e-06,5.96010634e-01
9.14682800e-06,5.96076197e-01
9.14692800e-06,5.96139645e-01
9.14702800e-06,5.96206028e-01
9.14712800e-06,5.96270317e-01
9.14722800e-06,5.96337550e-01
9.14732800e-06,5.96402714e-01
9.14742800e-06,5.96470831e-01
9.14752800e-06,5.96536903e-01
9.14762800e-06,5.96605938e-01
9.14772800e-06,5.96672953e-01
9.14782800e-06,5.96742944e-01
9.14792800e-06,5.96810939e-01
9.14802800e-06,5.96881922e-01
9.14812800e-06,5.96950938e-01
9.14822800e-06,5.97022953e-01
9.14832800e-06,5.97093028e-01
9.14842800e-06,5.97166117e-01
9.14852800e-06,5.97237296e-01
9.14862800e-06,5.97311502e-01
9.14872800e-06,5.97383828e-01
9.14882800e-06,5.97459197e-01
9.14892800e-06,5.97532717e-01
9.14902800e-06,5.97609297e-01
9.14912800e-06,5.97684060e-01
9.14922800e-06,5.97761901e-01
9.14932800e-06,5.97837959e-01
9.14942800e-06,5.97917114e-01
9.14952800e-06,5.97994520e-01
9.14962800e-06,5.98075044e-01
9.14972800e-06,5.98153857e-01
9.14982800e-06,5.98235808e-01
9.14992800e-06,5.98316086e-01
9.15002800e-06,5.98399526e-01
9.15012800e-06,5.98481333e-01
9.15022800e-06,5.98566325e-01
9.15032800e-06,5.98649726e-01
9.15042800e-06,5.98736339e-01
9.15052800e-06,5.98821405e-01
9.15062800e-06,5.98909710e-01
9.15072800e-06,5.98996513e-01
9.15082800e-06,5.99086585e-01
9.15092800e-06,5.99175203e-01
9.15102800e-06,5.99267122e-01
9.15112800e-06,5.99357637e-01
9.15122800e-06,5.99451486e-01
9.15132800e-06,5.99543983e-01
9.15142800e-06,5.99639852e-01
9.15152800e-06,5.99734422e-01
9.15162800e-06,5.99832403e-01
9.15172800e-06,5.99929144e-01
9.15182800e-06,6.00029336e-01
9.15192800e-06,6.00128348e-01
9.15202800e-06,6.00230856e-01
9.15212800e-06,6.00332247e-01
9.15222800e-06,6.00437181e-01
9.15232800e-06,6.00541065e-01
9.15242800e-06,6.00648543e-01
9.15252800e-06,6.00755042e-01
9.15262800e-06,6.00865188e-01
9.15272800e-06,6.00974429e-01
9.15282800e-06,6.01087376e-01
9.15292800e-06,6.01199495e-01
9.15302800e-06,6.01315383e-01
9.15312800e-06,6.01430525e-01
9.15322800e-06,6.01549502e-01
9.15332800e-06,6.01667822e-01
9.15342800e-06,6.01790048e-01
9.15352800e-06,6.01911709e-01
9.15362800e-06,6.02037352e-01
9.15372800e-06,6.02162528e-01
9.15382800e-06,6.02291769e-01
9.15392800e-06,6.02420647e-01
9.15402800e-06,6.02553678e-01
9.15412800e-06,6.02686457e-01
9.15422800e-06,6.02823483e-01
9.15432800e-06,6.02960375e-01
9.15442800e-06,6.03101616e-01
9.15452800e-06,6.03242849e-01
9.15462800e-06,6.03388541e-01
9.15472800e-06,6.03534358e-01
9.15482800e-06,6.03684752e-01
9.15492800e-06,6.03835414e-01
9.15502800e-06,6.03990782e-01
9.15512800e-06,6.04146570e-01
9.15522800e-06,6.04307202e-01
9.15532800e-06,6.04468418e-01
9.15542800e-06,6.04634627e-01
9.15552800e-06,6.04801597e-01
9.15562800e-06,6.04973721e-01
9.15572800e-06,6.05146794e-01
9.15582800e-06,6.05325197e-01
9.15592800e-06,6.05504753e-01
9.15602800e-06,6.05689829e-01
9.15612800e-06,6.05876278e-01
9.15622800e-06,6.06068455e-01
9.15632800e-06,6.06262241e-01
9.15642800e-06,6.06461981e-01
9.15652800e-06,6.06663587e-01
9.15662800e-06,6.06871395e-01
9.15672800e-06,6.07081348e-01
9.15682800e-06,6.07297772e-01
9.15692800e-06,6.07516644e-01
9.15702800e-06,6.07742284e-01
9.15712800e-06,6.07970704e-01
9.15722800e-06,6.08206217e-01
9.15732800e-06,6.08444871e-01
9.15742800e-06,6.08690976e-01
9.15752800e-06,6.08940620e-01
9.15762800e-06,6.09198110e-01
9.15772800e-06,6.09459576e-01
9.15782800e-06,6.09729326e-01
9.15792800e-06,6.10003534e-01
9.15802800e-06,6.10286512e-01
9.15812800e-06,6.10574481e-01
9.15822800e-06,6.10871761e-01
9.15832800e-06,6.11174625e-01
9.15842800e-06,6.11487404e-01
9.15852800e-06,6.11806427e-01
9.15862800e-06,6.12136043e-01
9.15872800e-06,6.12472642e-01
9.15882800e-06,6.12820595e-01
9.15892800e-06,6.13176362e-01
9.15902800e-06,6.13544343e-01
9.15912800e-06,6.13921074e-01
9.15922800e-06,6.14310994e-01
9.15932800e-06,6.14710723e-01
9.15942800e-06,6.15124751e-01
9.15952800e-06,6.15549794e-01
9.15962800e-06,6.15990402e-01
9.15972800e-06,6.16443404e-01
9.15982800e-06,6.16913424e-01
9.15992800e-06,6.17397417e-01
9.16002800e-06,6.17900107e-01
9.16012800e-06,6.18418593e-01
9.16022800e-06,6.18957707e-01
9.16032800e-06,6.19514716e-01
9.16042800e-06,6.20094599e-01
9.16052800e-06,6.20694818e-01
9.16062800e-06,6.21320522e-01
9.16072800e-06,6.21969401e-01
9.16082800e-06,6.22646808e-01
9.16092800e-06,6.23350699e-01
9.16102800e-06,6.24086668e-01
9.16112800e-06,6.24852973e-01
9.16122800e-06,6.25655495e-01
9.16132800e-06,6.26492836e-01
9.16142800e-06,6.27371205e-01
9.16152800e-06,6.28289594e-01
9.16162800e-06,6.29254579e-01
9.16172800e-06,6.30265584e-01
9.16182800e-06,6.31329595e-01
9.16192800e-06,6.32446508e-01
9.16202800e-06,6.33623761e-01
9.16212800e-06,6.34861769e-01
9.16222800e-06,6.36168478e-01
9.16232800e-06,6.37544895e-01
9.16242800e-06,6.38999567e-01
9.16252800e-06,6.40534227e-01
9.16262800e-06,6.42158202e-01
9.16272800e-06,6.43874198e-01
9.16282800e-06,6.45692640e-01
9.16292800e-06,6.47617624e-01
9.16302800e-06,6.49661202e-01
9.16312800e-06,6.51829525e-01
9.16322800e-06,6.54137094e-01
9.16332800e-06,6.56593128e-01
9.16342800e-06,6.59215811e-01
9.16352800e-06,6.62018971e-01
9.16362800e-06,6.65026384e-01
9.16372800e-06,6.68258904e-01
9.16382800e-06,6.71748981e-01
9.16392800e-06,6.75528531e-01
9.16402800e-06,6.79644022e-01
9.16412800e-06,6.84145674e-01
9.16422800e-06,6.89103978e-01
9.16432800e-06,6.94601648e-01
9.16442800e-06,7.00753806e-01
9.16452800e-06,7.07706561e-01
9.16462800e-06,7.15667633e-01
9.16472800e-06,7.24924262e-01
9.16482800e-06,7.35909331e-01
9.16492800e-06,7.49292425e-01
9.16502800e-06,7.66208273e-01
9.16512800e-06,7.88786324e-01
9.16522800e-06,8.21659493e-01
9.16532800e-06,8.77719109e-01
9.16542800e-06,1.01077768e+00
9.16552800e-06,1.40608877e+00
9.16562800e-06,1.76252175e+00
9.16572800e-06,1.80191066e+00
9.16582800e-06,1.79095737e+00
9.16592800e-06,1.79966057e+00
9.16602800e-06,1.79602259e+00
9.16612800e-06,1.80032585e+00
9.16622800e-06,1.79821789e+00
9.16632800e-06,1.80058307e+00
9.16642800e-06,1.79908453e+00
9.16652800e-06,1.80051664e+00
9.16662800e-06,1.79945573e+00
9.16672800e-06,1.80038863e+00
9.16682800e-06,1.79964536e+00
9.16692800e-06,1.80027965e+00
9.16702800e-06,1.79975703e+00
9.16712800e-06,1.80020002e+00
9.16722800e-06,1.79982825e+00
9.16732800e-06,1.80014462e+00
9.16742800e-06,1.79987543e+00
9.16752800e-06,1.80010654e+00
9.16762800e-06,1.79990741e+00
9.16772800e-06,1.80008023e+00
9.16782800e-06,1.79992950e+00
9.16792800e-06,1.80006183e+00
9.16802800e-06,1.79994510e+00
9.16812800e-06,1.80004862e+00
9.16822800e-06,1.79995640e+00
9.16832800e-06,1.80003894e+00
9.16842800e-06,1.79996478e+00
9.16852800e-06,1.80003168e+00
9.16862800e-06,1.79997113e+00
9.16872800e-06,1.80002610e+00
9.16882800e-06,1.79997607e+00
9.16892800e-06,1.80002172e+00
9.16902800e-06,1.79997964e+00
9.16912800e-06,1.80001814e+00
9.16922800e-06,1.79998293e+00
9.16932800e-06,1.80001523e+00
9.16942800e-06,1.79998562e+00
9.16952800e-06,1.80001184e+00
9.16962800e-06,1.79998765e+00
9.16972800e-06,1.80001003e+00
9.16982800e-06,1.79998942e+00
9.16992800e-06,1.80000920e+00
9.17002800e-06,1.79999113e+00
9.17012800e-06,1.80000770e+00
9.17022800e-06,1.79999258e+00
9.17032800e-06,1.80000643e+00
9.17042800e-06,1.79999381e+00
9.17052800e-06,1.80000533e+00
9.17062800e-06,1.79999488e+00
9.17072800e-06,1.80000438e+00
9.17082800e-06,1.79999580e+00
9.17092800e-06,1.80000356e+00
9.17102800e-06,1.79999660e+00
9.17112800e-06,1.80000284e+00
9.17122800e-06,1.79999729e+00
9.17132800e-06,1.80000222e+00
9.17142800e-06,1.79999790e+00
9.17152800e-06,1.80000167e+00
9.17162800e-06,1.79999843e+00
9.17172800e-06,1.80000120e+00
9.17182800e-06,1.79999890e+00
9.17192800e-06,1.80000078e+00
9.17202800e-06,1.79999930e+00
9.17212800e-06,1.80000042e+00
9.17222800e-06,1.79999963e+00
9.17232800e-06,1.80000009e+00
9.17242800e-06,1.79999992e+00
9.17252800e-06,1.79999981e+00
9.17262800e-06,1.80000018e+00
9.17272800e-06,1.79999957e+00
9.17282800e-06,1.80000040e+00
9.17292800e-06,1.79999935e+00
9.17302800e-06,1.80000059e+00
9.17312800e-06,1.79999917e+00
9.17322800e-06,1.80000075e+00
9.17332800e-06,1.79999902e+00
9.17342800e-06,1.80000089e+00
9.17352800e-06,1.79999888e+00
9.17362800e-06,1.80000101e+00
9.17372800e-06,1.79999877e+00
9.17382800e-06,1.80000111e+00
9.17392800e-06,1.79999867e+00
9.17402800e-06,1.80000119e+00
9.17412800e-06,1.79999859e+00
9.17422800e-06,1.80000126e+00
9.17432800e-06,1.79999853e+00
9.17442800e-06,1.80000132e+00
9.17452800e-06,1.79999847e+00
9.17462800e-06,1.80000137e+00
9.17472800e-06,1.79999843e+00
9.17482800e-06,1.80000141e+00
9.17492800e-06,1.79999840e+00
9.17502800e-06,1.80000144e+00
9.17512800e-06,1.79999837e+00
9.17522800e-06,1.80000146e+00
9.17532800e-06,1.79999836e+00
9.17542800e-06,1.80000147e+00
9.17552800e-06,1.79999835e+00
9.17562800e-06,1.80000148e+00
9.17572800e-06,1.79999834e+00
9.17582800e-06,1.80000148e+00
9.17592800e-06,1.79999834e+00
9.17602800e-06,1.80000148e+00
9.17612800e-06,1.79999835e+00
9.17622800e-06,1.80000147e+00
9.17632800e-06,1.79999835e+00
9.17642800e-06,1.80000147e+00
9.17652800e-06,1.79999837e+00
9.17662800e-06,1.80000145e+00
9.17672800e-06,1.79999838e+00
9.17682800e-06,1.80000144e+00
9.17692800e-06,1.79999840e+00
9.17702800e-06,1.80000142e+00
9.17712800e-06,1.79999842e+00
9.17722800e-06,1.80000140e+00
9.17732800e-06,1.79999844e+00
9.17742800e-06,1.80000138e+00
9.17752800e-06,1.79999846e+00
9.17762800e-06,1.80000136e+00
9.17772800e-06,1.79999849e+00
9.17782800e-06,1.80000133e+00
9.17792800e-06,1.79999851e+00
9.17802800e-06,1.80000131e+00
9.17812800e-06,1.79999858e+00
9.17822800e-06,1.80000129e+00
9.17832800e-06,1.79999860e+00
9.17842800e-06,1.80000127e+00
9.17852800e-06,1.79999863e+00
9.17862800e-06,1.80000125e+00
9.17872800e-06,1.79999862e+00
9.17882800e-06,1.80000121e+00
9.17892800e-06,1.79999865e+00
9.17902800e-06,1.80000118e+00
9.17912800e-06,1.79999868e+00
9.17922800e-06,1.80000115e+00
9.17932800e-06,1.79999872e+00
9.17942800e-06,1.80000112e+00
9.17952800e-06,1.79999875e+00
9.17962800e-06,1.80000109e+00
9.17972800e-06,1.79999878e+00
9.17982800e-06,1.80000106e+00
9.17992800e-06,1.79999882e+00
9.18002800e-06,1.80000102e+00
9.18012800e-06,1.79999885e+00
9.18022800e-06,1.80000099e+00
9.18032800e-06,1.79999888e+00
9.18042800e-06,1.80000096e+00
9.18052800e-06,1.79999891e+00
9.18062800e-06,1.80000093e+00
9.18072800e-06,1.79999895e+00
9.18082800e-06,1.80000090e+00
9.18092800e-06,1.79999898e+00
9.18102800e-06,1.80000087e+00
9.18112800e-06,1.79999901e+00
9.18122800e-06,1.80000084e+00
9.18132800e-06,1.79999904e+00
9.18142800e-06,1.80000081e+00
9.18152800e-06,1.79999907e+00
9.18162800e-06,1.80000078e+00
9.18172800e-06,1.79999911e+00
9.18182800e-06,1.80000075e+00
9.18192800e-06,1.79999914e+00
9.18202800e-06,1.80000072e+00
9.18212800e-06,1.79999917e+00
9.18222800e-06,1.80000069e+00
9.18232800e-06,1.79999920e+00
9.18242800e-06,1.80000067e+00
9.18252800e-06,1.79999923e+00
9.18262800e-06,1.80000064e+00
9.18272800e-06,1.79999926e+00
9.18282800e-06,1.80000061e+00
9.18292800e-06,1.79999929e+00
9.18302800e-06,1.80000058e+00
9.18312800e-06,1.79999932e+00
9.18322800e-06,1.80000055e+00
9.18332800e-06,1.79999935e+00
9.18342800e-06,1.80000052e+00
9.18352800e-06,1.79999938e+00
9.18362800e-06,1.80000049e+00
9.18372800e-06,1.79999941e+00
9.18382800e-06,1.80000047e+00
9.18392800e-06,1.79999944e+00
9.18402800e-06,1.80000044e+00
9.18412800e-06,1.79999947e+00
9.18422800e-06,1.80000041e+00
9.18432800e-06,1.79999950e+00
9.18442800e-06,1.80000038e+00
9.18452800e-06,1.79999953e+00
9.18462800e-06,1.80000036e+00
9.18472800e-06,1.79999956e+00
9.18482800e-06,1.80000033e+00
9.18492800e-06,1.79999959e+00
9.18502800e-06,1.80000030e+00
9.18512800e-06,1.79999962e+00
9.18522800e-06,1.80000027e+00
9.18532800e-06,1.79999964e+00
9.18542800e-06,1.80000025e+00
9.18552800e-06,1.79999967e+00
9.18562800e-06,1.80000022e+00
9.18572800e-06,1.79999970e+00
9.18582800e-06,1.80000020e+00
9.18592800e-06,1.79999973e+00
9.18602800e-06,1.80000017e+00
9.18612800e-06,1.79999975e+00
9.18622800e-06,1.80000015e+00
9.18632800e-06,1.79999978e+00
9.18642800e-06,1.80000012e+00
9.18652800e-06,1.79999981e+00
9.18662800e-06,1.80000009e+00
9.18672800e-06,1.79999983e+00
9.18682800e-06,1.80000007e+00
9.18692800e-06,1.79999986e+00
9.18702800e-06,1.80000005e+00
9.18712800e-06,1.79999989e+00
9.18722800e-06,1.80000002e+00
9.18732800e-06,1.79999991e+00
9.18742800e-06,1.80000000e+00
9.18752800e-06,1.79999994e+00
9.18762800e-06,1.79999997e+00
9.18772800e-06,1.79999996e+00
9.18782800e-06,1.79999995e+00
9.18792800e-06,1.79999999e+00
9.18802800e-06,1.79999992e+00
9.18812800e-06,1.80000001e+00
9.18822800e-06,1.79999990e+00
9.18832800e-06,1.80000004e+00
9.18842800e-06,1.79999988e+00
9.18852800e-06,1.80000006e+00
9.18862800e-06,1.79999986e+00
9.18872800e-06,1.80000009e+00
9.18882800e-06,1.79999983e+00
9.18892800e-06,1.80000011e+00
9.18902800e-06,1.79999981e+00
9.18912800e-06,1.80000014e+00
9.18922800e-06,1.79999979e+00
9.18932800e-06,1.80000016e+00
9.18942800e-06,1.79999976e+00
9.18952800e-06,1.80000018e+00
9.18962800e-06,1.79999974e+00
9.18972800e-06,1.80000021e+00
9.18982800e-06,1.79999972e+00
9.18992800e-06,1.80000023e+00
9.19002800e-06,1.79999970e+00
9.19012800e-06,1.80000025e+00
9.19022800e-06,1.79999968e+00
9.19032800e-06,1.80000028e+00
9.19042800e-06,1.79999966e+00
9.19052800e-06,1.80000030e+00
9.19062800e-06,1.79999963e+00
9.19072800e-06,1.80000032e+00
9.19082800e-06,1.79999961e+00
9.19092800e-06,1.80000034e+00
9.19102800e-06,1.79999959e+00
9.19112800e-06,1.80000037e+00
9.19122800e-06,1.79999957e+00
9.19132800e-06,1.80000039e+00
9.19142800e-06,1.79999955e+00
9.19152800e-06,1.80000041e+00
9.19162800e-06,1.79999953e+00
9.19172800e-06,1.80000043e+00
9.19182800e-06,1.79999951e+00
9.19192800e-06,1.80000045e+00
9.19202800e-06,1.79999949e+00
9.19212800e-06,1.80000047e+00
9.19222800e-06,1.79999947e+00
9.19232800e-06,1.80000049e+00
9.19242800e-06,1.79999945e+00
9.19252800e-06,1.80000051e+00
9.19262800e-06,1.79999943e+00
9.19272800e-06,1.80000054e+00
9.19282800e-06,1.79999941e+00
9.19292800e-06,1.80000056e+00
9.19302800e-06,1.79999939e+00
9.19312800e-06,1.80000058e+00
9.19322800e-06,1.79999937e+00
9.19332800e-06,1.80000060e+00
9.19342800e-06,1.79999936e+00
9.19352800e-06,1.80000062e+00
9.19362800e-06,1.79999934e+00
9.19372800e-06,1.80000064e+00
9.19382800e-06,1.79999932e+00
9.19392800e-06,1.80000066e+00
9.19402800e-06,1.79999930e+00
9.19412800e-06,1.80000067e+00
9.19422800e-06,1.79999928e+00
9.19432800e-06,1.80000069e+00
9.19442800e-06,1.79999926e+00
9.19452800e-06,1.80000071e+00
9.19462800e-06,1.79999925e+00
9.19472800e-06,1.80000073e+00
9.19482800e-06,1.79999923e+00
9.19492800e-06,1.80000075e+00
9.19502800e-06,1.79999921e+00
9.19512800e-06,1.80000077e+00
9.19522800e-06,1.79999919e+00
9.19532800e-06,1.80000078e+00
9.19542800e-06,1.79999918e+00
9.19552800e-06,1.80000080e+00
9.19562800e-06,1.79999916e+00
9.19572800e-06,1.80000082e+00
9.19582800e-06,1.79999914e+00
9.19592800e-06,1.80000084e+00
9.19602800e-06,1.79999912e+00
9.19612800e-06,1.80000085e+00
9.19622800e-06,1.79999911e+00
9.19632800e-06,1.80000087e+00
9.19642800e-06,1.79999909e+00
9.19652800e-06,1.80000089e+00
9.19662800e-06,1.79999907e+00
9.19672800e-06,1.80000090e+00
9.19682800e-06,1.79999905e+00
9.19692800e-06,1.80000092e+00
9.19702800e-06,1.79999904e+00
9.19712800e-06,1.80000094e+00
9.19722800e-06,1.79999902e+00
9.19732800e-06,1.80000095e+00
9.19742800e-06,1.79999900e+00
9.19752800e-06,1.80000097e+00
9.19762800e-06,1.79999899e+00
9.19772800e-06,1.80000098e+00
9.19782800e-06,1.79999897e+00
9.19792800e-06,1.80000100e+00
9.19802800e-06,1.79999896e+00
9.19812800e-06,1.80000102e+00
9.19822800e-06,1.79999894e+00
9.19832800e-06,1.80000103e+00
9.19842800e-06,1.79999892e+00
9.19852800e-06,1.80000105e+00
9.19862800e-06,1.79999891e+00
9.19872800e-06,1.80000106e+00
9.19882800e-06,1.79999889e+00
9.19892800e-06,1.80000108e+00
9.19902800e-06,1.79999888e+00
9.19912800e-06,1.80000109e+00
9.19922800e-06,1.79999886e+00
9.19932800e-06,1.80000111e+00
9.19942800e-06,1.79999885e+00
9.19952800e-06,1.80000112e+00
9.19962800e-06,1.79999883e+00
9.19972800e-06,1.80000114e+00
9.19982800e-06,1.79999882e+00
9.19992800e-06,1.80000115e+00
9.20002800e-06,1.79999880e+00
9.20012800e-06,1.80000117e+00
9.20022800e-06,1.79999879e+00
9.20032800e-06,1.80000118e+00
9.20042800e-06,1.79999877e+00
9.20052800e-06,1.80000120e+00
9.20062800e-06,1.79999876e+00
9.20072800e-06,1.80000121e+00
9.20082800e-06,1.79999874e+00
9.20092800e-06,1.80000122e+00
9.20102800e-06,1.79999873e+00
9.20112800e-06,1.80000124e+00
9.20122800e-06,1.79999871e+00
9.20132800e-06,1.80000125e+00
9.20142800e-06,1.79999870e+00
9.20152800e-06,1.80000127e+00
9.20162800e-06,1.79999869e+00
9.20172800e-06,1.80000128e+00
9.20182800e-06,1.79999867e+00
9.20192800e-06,1.80000129e+00
9.20202800e-06,1.79999866e+00
9.20212800e-06,1.80000131e+00
9.20222800e-06,1.79999865e+00
9.20232800e-06,1.80000132e+00
9.20242800e-06,1.79999863e+00
9.20252800e-06,1.80000133e+00
9.20262800e-06,1.79999862e+00
9.20272800e-06,1.80000135e+00
9.20282800e-06,1.79999861e+00
9.20292800e-06,1.80000136e+00
9.20302800e-06,1.79999859e+00
9.20312800e-06,1.80000137e+00
9.20322800e-06,1.79999858e+00
9.20332800e-06,1.80000138e+00
9.20342800e-06,1.79999857e+00
9.20352800e-06,1.80000140e+00
9.20362800e-06,1.79999855e+00
9.20372800e-06,1.80000141e+00
9.20382800e-06,1.79999854e+00
9.20392800e-06,1.80000142e+00
9.20402800e-06,1.79999853e+00
9.20412800e-06,1.80000143e+00
9.20422800e-06,1.79999852e+00
9.20432800e-06,1.80000145e+00
9.20442800e-06,1.79999850e+00
9.20452800e-06,1.80000146e+00
9.20462800e-06,1.79999849e+00
9.20472800e-06,1.80000147e+00
9.20482800e-06,1.79999848e+00
9.20492800e-06,1.80000148e+00
9.20502800e-06,1.79999847e+00
9.20512800e-06,1.80000149e+00
9.20522800e-06,1.79999846e+00
9.20532800e-06,1.80000150e+00
9.20542800e-06,1.79999844e+00
9.20552800e-06,1.80000152e+00
9.20562800e-06,1.79999843e+00
9.20572800e-06,1.80000153e+00
9.20582800e-06,1.79999842e+00
9.20592800e-06,1.80000154e+00
9.20602800e-06,1.79999841e+00
9.20612800e-06,1.80000155e+00
9.20622800e-06,1.79999840e+00
9.20632800e-06,1.80000156e+00
9.20642800e-06,1.79999839e+00
9.20652800e-06,1.80000157e+00
9.20662800e-06,1.79999838e+00
9.20672800e-06,1.80000158e+00
9.20682800e-06,1.79999837e+00
9.20692800e-06,1.80000159e+00
9.20702800e-06,1.79999835e+00
9.20712800e-06,1.80000160e+00
9.20722800e-06,1.79999834e+00
9.20732800e-06,1.80000162e+00
9.20742800e-06,1.79999833e+00
9.20752800e-06,1.80000163e+00
9.20762800e-06,1.79999832e+00
9.20772800e-06,1.80000164e+00
9.20782800e-06,1.79999831e+00
9.20792800e-06,1.80000165e+00
9.20802800e-06,1.79999830e+00
9.20812800e-06,1.80000166e+00
9.20822800e-06,1.79999829e+00
9.20832800e-06,1.80000167e+00
9.20842800e-06,1.79999828e+00
9.20852800e-06,1.80000168e+00
9.20862800e-06,1.79999827e+00
9.20872800e-06,1.80000169e+00
9.20882800e-06,1.79999826e+00
9.20892800e-06,1.80000170e+00
9.20902800e-06,1.79999825e+00
9.20912800e-06,1.80000171e+00
9.20922800e-06,1.79999824e+00
9.20932800e-06,1.80000172e+00
9.20942800e-06,1.79999823e+00
9.20952800e-06,1.80000173e+00
9.20962800e-06,1.79999822e+00
9.20972800e-06,1.80000174e+00
9.20982800e-06,1.79999821e+00
9.20992800e-06,1.80000175e+00
9.21002800e-06,1.79999820e+00
9.21012800e-06,1.80000176e+00
9.21022800e-06,1.79999819e+00
9.21032800e-06,1.80000176e+00
9.21042800e-06,1.79999818e+00
9.21052800e-06,1.80000177e+00
9.21062800e-06,1.79999817e+00
9.21072800e-06,1.80000178e+00
9.21082800e-06,1.79999816e+00
9.21092800e-06,1.80000179e+00
9.21102800e-06,1.79999815e+00
9.21112800e-06,1.80000180e+00
9.21122800e-06,1.79999814e+00
9.21132800e-06,1.80000181e+00
9.21142800e-06,1.79999813e+00
9.21152800e-06,1.80000182e+00
9.21162800e-06,1.79999813e+00
9.21172800e-06,1.80000183e+00
9.21182800e-06,1.79999812e+00
9.21192800e-06,1.80000184e+00
9.21202800e-06,1.79999811e+00
9.21212800e-06,1.80000185e+00
9.21222800e-06,1.79999810e+00
9.21232800e-06,1.80000185e+00
9.21242800e-06,1.79999809e+00
9.21252800e-06,1.80000186e+00
9.21262800e-06,1.79999808e+00
9.21272800e-06,1.80000187e+00
9.21282800e-06,1.79999807e+00
9.21292800e-06,1.80000188e+00
9.21302800e-06,1.79999806e+00
9.21312800e-06,1.80000189e+00
9.21322800e-06,1.79999806e+00
9.21332800e-06,1.80000190e+00
9.21342800e-06,1.79999805e+00
9.21352800e-06,1.80000190e+00
9.21362800e-06,1.79999804e+00
9.21372800e-06,1.80000191e+00
9.21382800e-06,1.79999803e+00
9.21392800e-06,1.80000192e+00
9.21402800e-06,1.79999802e+00
9.21412800e-06,1.80000193e+00
9.21422800e-06,1.79999802e+00
9.21432800e-06,1.80000194e+00
9.21442800e-06,1.79999801e+00
9.21452800e-06,1.80000194e+00
9.21462800e-06,1.79999800e+00
9.21472800e-06,1.80000195e+00
9.21482800e-06,1.79999799e+00
9.21492800e-06,1.80000196e+00
9.21502800e-06,1.79999798e+00
9.21512800e-06,1.80000197e+00
9.21522800e-06,1.79999798e+00
9.21532800e-06,1.80000197e+00
9.21542800e-06,1.79999797e+00
9.21552800e-06,1.80000198e+00
9.21562800e-06,1.79999796e+00
9.21572800e-06,1.80000199e+00
9.21582800e-06,1.79999795e+00
9.21592800e-06,1.80000200e+00
9.21602800e-06,1.79999795e+00
9.21612800e-06,1.80000200e+00
9.21622800e-06,1.79999794e+00
9.21632800e-06,1.80000201e+00
9.21642800e-06,1.79999793e+00
9.21652800e-06,1.80000202e+00
9.21662800e-06,1.79999792e+00
9.21672800e-06,1.80000203e+00
9.21682800e-06,1.79999792e+00
9.21692800e-06,1.80000203e+00
9.21702800e-06,1.79999791e+00
9.21712800e-06,1.80000204e+00
9.21722800e-06,1.79999790e+00
9.21732800e-06,1.80000205e+00
9.21742800e-06,1.79999790e+00
9.21752800e-06,1.80000205e+00
9.21762800e-06,1.79999789e+00
9.21772800e-06,1.80000206e+00
9.21782800e-06,1.79999788e+00
9.21792800e-06,1.80000207e+00
9.21802800e-06,1.79999787e+00
9.21812800e-06,1.80000207e+00
9.21822800e-06,1.79999787e+00
9.21832800e-06,1.80000208e+00
9.21842800e-06,1.79999786e+00
9.21852800e-06,1.80000209e+00
9.21862800e-06,1.79999785e+00
9.21872800e-06,1.80000209e+00
9.21882800e-06,1.79999785e+00
9.21892800e-06,1.80000210e+00
9.21902800e-06,1.79999784e+00
9.21912800e-06,1.80000211e+00
9.21922800e-06,1.79999783e+00
9.21932800e-06,1.80000211e+00
9.21942800e-06,1.79999783e+00
9.21952800e-06,1.80000212e+00
9.21962800e-06,1.79999782e+00
9.21972800e-06,1.80000213e+00
9.21982800e-06,1.79999782e+00
9.21992800e-06,1.80000213e+00
9.22002800e-06,1.79999781e+00
9.22012800e-06,1.80000214e+00
9.22022800e-06,1.79999780e+00
9.22032800e-06,1.80000214e+00
9.22042800e-06,1.79999780e+00
9.22052800e-06,1.80000215e+00
9.22062800e-06,1.79999779e+00
9.22072800e-06,1.80000216e+00
9.22082800e-06,1.79999779e+00
9.22092800e-06,1.80000216e+00
9.22102800e-06,1.79999778e+00
9.22112800e-06,1.80000217e+00
9.22122800e-06,1.79999777e+00
9.22132800e-06,1.80000217e+00
9.22142800e-06,1.79999777e+00
9.22152800e-06,1.80000218e+00
9.22162800e-06,1.79999776e+00
9.22172800e-06,1.80000218e+00
9.22182800e-06,1.79999776e+00
9.22192800e-06,1.80000219e+00
9.22202800e-06,1.79999775e+00
9.22212800e-06,1.80000220e+00
9.22222800e-06,1.79999774e+00
9.22232800e-06,1.80000220e+00
9.22242800e-06,1.79999774e+00
9.22252800e-06,1.80000221e+00
9.22262800e-06,1.79999773e+00
9.22272800e-06,1.80000221e+00
9.22282800e-06,1.79999773e+00
9.22292800e-06,1.80000222e+00
9.22302800e-06,1.79999772e+00
9.22312800e-06,1.80000222e+00
9.22322800e-06,1.79999772e+00
9.22332800e-06,1.80000223e+00
9.22342800e-06,1.79999771e+00
9.22352800e-06,1.80000223e+00
9.22362800e-06,1.79999771e+00
9.22372800e-06,1.80000224e+00
9.22382800e-06,1.79999770e+00
9.22392800e-06,1.80000224e+00
9.22402800e-06,1.79999770e+00
9.22412800e-06,1.80000225e+00
9.22422800e-06,1.79999769e+00
9.22432800e-06,1.80000225e+00
9.22442800e-06,1.79999769e+00
9.22452800e-06,1.80000226e+00
9.22462800e-06,1.79999768e+00
9.22472800e-06,1.80000226e+00
9.22482800e-06,1.79999768e+00
9.22492800e-06,1.80000227e+00
9.22502800e-06,1.79999767e+00
9.22512800e-06,1.80000227e+00
9.22522800e-06,1.79999767e+00
9.22532800e-06,1.80000228e+00
9.22542800e-06,1.79999766e+00
9.22552800e-06,1.80000228e+00
9.22562800e-06,1.79999766e+00
9.22572800e-06,1.80000229e+00
9.22582800e-06,1.79999765e+00
9.22592800e-06,1.80000229e+00
9.22602800e-06,1.79999765e+00
9.22612800e-06,1.80000230e+00
9.22622800e-06,1.79999764e+00
9.22632800e-06,1.80000230e+00
9.22642800e-06,1.79999764e+00
9.22652800e-06,1.80000231e+00
9.22662800e-06,1.79999763e+00
9.22672800e-06,1.80000231e+00
9.22682800e-06,1.79999763e+00
9.22692800e-06,1.80000232e+00
9.22702800e-06,1.79999762e+00
9.22712800e-06,1.80000232e+00
9.22722800e-06,1.79999762e+00
9.22732800e-06,1.80000232e+00
9.22742800e-06,1.79999761e+00
9.22752800e-06,1.80000233e+00
9.22762800e-06,1.79999761e+00
9.22772800e-06,1.80000233e+00
9.22782800e-06,1.79999761e+00
9.22792800e-06,1.80000234e+00
9.22802800e-06,1.79999760e+00
9.22812800e-06,1.80000234e+00
9.22822800e-06,1.79999760e+00
9.22832800e-06,1.80000235e+00
9.22842800e-06,1.79999759e+00
9.22852800e-06,1.80000235e+00
9.22862800e-06,1.79999759e+00
9.22872800e-06,1.80000235e+00
9.22882800e-06,1.79999758e+00
9.22892800e-06,1.80000236e+00
9.22902800e-06,1.79999758e+00
9.22912800e-06,1.80000236e+00
9.22922800e-06,1.79999758e+00
9.22932800e-06,1.80000237e+00
9.22942800e-06,1.79999757e+00
9.22952800e-06,1.80000237e+00
9.22962800e-06,1.79999757e+00
9.22972800e-06,1.80000238e+00
9.22982800e-06,1.79999756e+00
9.22992800e-06,1.80000238e+00
9.23002800e-06,1.79999756e+00
9.23012800e-06,1.80000238e+00
9.23022800e-06,1.79999756e+00
9.23032800e-06,1.80000239e+00
9.23042800e-06,1.79999755e+00
9.23052800e-06,1.80000239e+00
9.23062800e-06,1.79999755e+00
9.23072800e-06,1.80000239e+00
9.23082800e-06,1.79999754e+00
9.23092800e-06,1.80000240e+00
9.23102800e-06,1.79999754e+00
9.23112800e-06,1.80000240e+00
9.23122800e-06,1.79999754e+00
9.23132800e-06,1.80000241e+00
9.23142800e-06,1.79999753e+00
9.23152800e-06,1.80000241e+00
9.23162800e-06,1.79999753e+00
9.23172800e-06,1.80000241e+00
9.23182800e-06,1.79999753e+00
9.23192800e-06,1.80000242e+00
9.23202800e-06,1.79999752e+00
9.23212800e-06,1.80000242e+00
9.23222800e-06,1.79999752e+00
9.23232800e-06,1.80000242e+00
9.23242800e-06,1.79999751e+00
9.23252800e-06,1.80000243e+00
9.23262800e-06,1.79999751e+00
9.23272800e-06,1.80000243e+00
9.23282800e-06,1.79999751e+00
9.23292800e-06,1.80000243e+00
9.23302800e-06,1.79999750e+00
9.23312800e-06,1.80000244e+00
9.23322800e-06,1.79999750e+00
9.23332800e-06,1.80000244e+00
9.23342800e-06,1.79999750e+00
9.23352800e-06,1.80000244e+00
9.23362800e-06,1.79999749e+00
9.23372800e-06,1.80000245e+00
9.23382800e-06,1.79999749e+00
9.23392800e-06,1.80000245e+00
9.23402800e-06,1.79999749e+00
9.23412800e-06,1.80000245e+00
9.23422800e-06,1.79999748e+00
9.23432800e-06,1.80000246e+00
9.23442800e-06,1.79999748e+00
9.23452800e-06,1.80000246e+00
9.23462800e-06,1.79999748e+00
9.23472800e-06,1.80000246e+00
9.23482800e-06,1.79999748e+00
9.23492800e-06,1.80000247e+00
9.23502800e-06,1.79999747e+00
9.23512800e-06,1.80000247e+00
9.23522800e-06,1.79999747e+00
9.23532800e-06,1.80000247e+00
9.23542800e-06,1.79999747e+00
9.23552800e-06,1.80000248e+00
9.23562800e-06,1.79999746e+00
9.23572800e-06,1.80000248e+00
9.23582800e-06,1.79999746e+00
9.23592800e-06,1.80000248e+00
9.23602800e-06,1.79999746e+00
9.23612800e-06,1.80000248e+00
9.23622800e-06,1.79999745e+00
9.23632800e-06,1.80000249e+00
9.23642800e-06,1.79999745e+00
9.23652800e-06,1.80000249e+00
9.23662800e-06,1.79999745e+00
9.23672800e-06,1.80000249e+00
9.23682800e-06,1.79999745e+00
9.23692800e-06,1.80000250e+00
9.23702800e-06,1.79999744e+00
9.23712800e-06,1.80000250e+00
9.23722800e-06,1.79999744e+00
9.23732800e-06,1.80000250e+00
9.23742800e-06,1.79999744e+00
9.23752800e-06,1.80000250e+00
9.23762800e-06,1.79999743e+00
9.23772800e-06,1.80000251e+00
9.23782800e-06,1.79999743e+00
9.23792800e-06,1.80000251e+00
9.23802800e-06,1.79999743e+00
9.23812800e-06,1.80000251e+00
9.23822800e-06,1.79999743e+00
9.23832800e-06,1.80000251e+00
9.23842800e-06,1.79999742e+00
9.23852800e-06,1.80000252e+00
9.23862800e-06,1.79999742e+00
9.23872800e-06,1.80000252e+00
9.23882800e-06,1.79999742e+00
9.23892800e-06,1.80000252e+00
9.23902800e-06,1.79999742e+00
9.23912800e-06,1.80000252e+00
9.23922800e-06,1.79999741e+00
9.23932800e-06,1.80000253e+00
9.23942800e-06,1.79999741e+00
9.23952800e-06,1.80000253e+00
9.23962800e-06,1.79999741e+00
9.23972800e-06,1.80000253e+00
9.23982800e-06,1.79999741e+00
9.23992800e-06,1.80000253e+00
9.24002800e-06,1.79999740e+00
9.24012800e-06,1.80000254e+00
9.24022800e-06,1.79999740e+00
9.24032800e-06,1.80000254e+00
9.24042800e-06,1.79999740e+00
9.24052800e-06,1.80000254e+00
9.24062800e-06,1.79999740e+00
9.24072800e-06,1.80000254e+00
9.24082800e-06,1.79999739e+00
9.24092800e-06,1.80000255e+00
9.24102800e-06,1.79999739e+00
9.24112800e-06,1.80000255e+00
9.24122800e-06,1.79999739e+00
9.24132800e-06,1.80000255e+00
9.24142800e-06,1.79999739e+00
9.24152800e-06,1.80000255e+00
9.24162800e-06,1.79999739e+00
9.24172800e-06,1.80000256e+00
9.24182800e-06,1.79999738e+00
9.24192800e-06,1.80000256e+00
9.24202800e-06,1.79999738e+00
9.24212800e-06,1.80000256e+00
9.24222800e-06,1.79999738e+00
9.24232800e-06,1.80000256e+00
9.24242800e-06,1.79999738e+00
9.24252800e-06,1.80000256e+00
9.24262800e-06,1.79999737e+00
9.24272800e-06,1.80000257e+00
9.24282800e-06,1.79999737e+00
9.24292800e-06,1.80000257e+00
9.24302800e-06,1.79999737e+00
9.24312800e-06,1.80000257e+00
9.24322800e-06,1.79999737e+00
9.24332800e-06,1.80000257e+00
9.24342800e-06,1.79999737e+00
9.24352800e-06,1.80000257e+00
9.24362800e-06,1.79999736e+00
9.24372800e-06,1.80000258e+00
9.24382800e-06,1.79999736e+00
9.24392800e-06,1.80000258e+00
9.24402800e-06,1.79999736e+00
9.24412800e-06,1.80000258e+00
9.24422800e-06,1.79999736e+00
9.24432800e-06,1.80000258e+00
9.24442800e-06,1.79999736e+00
9.24452800e-06,1.80000258e+00
9.24462800e-06,1.79999735e+00
9.24472800e-06,1.80000259e+00
9.24482800e-06,1.79999735e+00
9.24492800e-06,1.80000259e+00
9.24502800e-06,1.79999735e+00
9.24512800e-06,1.80000259e+00
9.24522800e-06,1.79999735e+00
9.24532800e-06,1.80000259e+00
9.24542800e-06,1.79999735e+00
9.24552800e-06,1.80000259e+00
9.24562800e-06,1.79999735e+00
9.24572800e-06,1.80000260e+00
9.24582800e-06,1.79999734e+00
9.24592800e-06,1.80000260e+00
9.24602800e-06,1.79999734e+00
9.24612800e-06,1.80000260e+00
9.24622800e-06,1.79999734e+00
9.24632800e-06,1.80000260e+00
9.24642800e-06,1.79999734e+00
9.24652800e-06,1.80000260e+00
9.24662800e-06,1.79999734e+00
9.24672800e-06,1.80000260e+00
9.24682800e-06,1.79999734e+00
9.24692800e-06,1.80000261e+00
9.24702800e-06,1.79999733e+00
9.24712800e-06,1.80000261e+00
9.24722800e-06,1.79999733e+00
9.24732800e-06,1.80000261e+00
9.24742800e-06,1.79999733e+00
9.24752800e-06,1.80000261e+00
9.24762800e-06,1.79999733e+00
9.24772800e-06,1.80000261e+00
9.24782800e-06,1.79999733e+00
9.24792800e-06,1.80000261e+00
9.24802800e-06,1.79999733e+00
9.24812800e-06,1.80000262e+00
9.24822800e-06,1.79999732e+00
9.24832800e-06,1.80000262e+00
9.24842800e-06,1.79999732e+00
9.24852800e-06,1.80000262e+00
9.24862800e-06,1.79999732e+00
9.24872800e-06,1.80000262e+00
9.24882800e-06,1.79999732e+00
9.24892800e-06,1.80000262e+00
9.24902800e-06,1.79999732e+00
9.24912800e-06,1.80000262e+00
9.24922800e-06,1.79999732e+00
9.24932800e-06,1.80000262e+00
9.24942800e-06,1.79999732e+00
9.24952800e-06,1.80000263e+00
9.24962800e-06,1.79999731e+00
9.24972800e-06,1.80000263e+00
9.24982800e-06,1.79999731e+00
9.24992800e-06,1.80000263e+00
9.25002800e-06,1.79999731e+00
9.25012800e-06,1.80000263e+00
9.25022800e-06,1.79999731e+00
9.25032800e-06,1.80000263e+00
9.25042800e-06,1.79999731e+00
9.25052800e-06,1.80000263e+00
9.25062800e-06,1.79999731e+00
9.25072800e-06,1.80000263e+00
9.25082800e-06,1.79999731e+00
9.25092800e-06,1.80000264e+00
9.25102800e-06,1.79999730e+00
9.25112800e-06,1.80000264e+00
9.25122800e-06,1.79999730e+00
9.25132800e-06,1.80000264e+00
9.25142800e-06,1.79999730e+00
9.25152800e-06,1.80000264e+00
9.25162800e-06,1.79999730e+00
9.25172800e-06,1.80000264e+00
9.25182800e-06,1.79999730e+00
9.25192800e-06,1.80000264e+00
9.25202800e-06,1.79999730e+00
9.25212800e-06,1.80000264e+00
9.25222800e-06,1.79999730e+00
9.25232800e-06,1.80000264e+00
9.25242800e-06,1.79999730e+00
9.25252800e-06,1.80000265e+00
9.25262800e-06,1.79999730e+00
9.25272800e-06,1.80000265e+00
9.25282800e-06,1.79999729e+00
9.25292800e-06,1.80000265e+00
9.25302800e-06,1.79999729e+00
9.25312800e-06,1.80000265e+00
9.25322800e-06,1.79999729e+00
9.25332800e-06,1.80000265e+00
9.25342800e-06,1.79999729e+00
9.25352800e-06,1.80000265e+00
9.25362800e-06,1.79999729e+00
9.25372800e-06,1.80000265e+00
9.25382800e-06,1.79999729e+00
9.25392800e-06,1.80000265e+00
9.25402800e-06,1.79999729e+00
9.25412800e-06,1.80000266e+00
9.25422800e-06,1.79999729e+00
9.25432800e-06,1.80000266e+00
9.25442800e-06,1.79999729e+00
9.25452800e-06,1.80000266e+00
9.25462800e-06,1.79999728e+00
9.25472800e-06,1.80000266e+00
9.25482800e-06,1.79999728e+00
9.25492800e-06,1.80000266e+00
9.25502800e-06,1.79999728e+00
9.25512800e-06,1.80000266e+00
9.25522800e-06,1.79999728e+00
9.25532800e-06,1.80000266e+00
9.25542800e-06,1.79999728e+00
9.25552800e-06,1.80000266e+00
9.25562800e-06,1.79999728e+00
9.25572800e-06,1.80000266e+00
9.25582800e-06,1.79999728e+00
9.25592800e-06,1.80000266e+00
9.25602800e-06,1.79999728e+00
9.25612800e-06,1.80000267e+00
9.25622800e-06,1.79999728e+00
9.25632800e-06,1.80000267e+00
9.25642800e-06,1.79999728e+00
9.25652800e-06,1.80000267e+00
9.25662800e-06,1.79999728e+00
9.25672800e-06,1.80000267e+00
9.25682800e-06,1.79999727e+00
9.25692800e-06,1.80000267e+00
9.25702800e-06,1.79999727e+00
9.25712800e-06,1.80000267e+00
9.25722800e-06,1.79999727e+00
9.25732800e-06,1.80000267e+00
9.25742800e-06,1.79999727e+00
9.25752800e-06,1.80000267e+00
9.25762800e-06,1.79999727e+00
9.25772800e-06,1.80000267e+00
9.25782800e-06,1.79999727e+00
9.25792800e-06,1.80000267e+00
9.25802800e-06,1.79999727e+00
9.25812800e-06,1.80000267e+00
9.25822800e-06,1.79999727e+00
9.25832800e-06,1.80000268e+00
9.25842800e-06,1.79999727e+00
9.25852800e-06,1.80000268e+00
9.25862800e-06,1.79999727e+00
9.25872800e-06,1.80000268e+00
9.25882800e-06,1.79999727e+00
9.25892800e-06,1.80000268e+00
9.25902800e-06,1.79999727e+00
9.25912800e-06,1.80000268e+00
9.25922800e-06,1.79999727e+00
9.25932800e-06,1.80000268e+00
9.25942800e-06,1.79999726e+00
9.25952800e-06,1.80000268e+00
9.25962800e-06,1.79999726e+00
9.25972800e-06,1.80000268e+00
9.25982800e-06,1.79999726e+00
9.25992800e-06,1.80000268e+00
9.26002800e-06,1.79999726e+00
9.26012800e-06,1.80000268e+00
9.26022800e-06,1.79999726e+00
9.26032800e-06,1.80000268e+00
9.26042800e-06,1.79999726e+00
9.26052800e-06,1.80000268e+00
9.26062800e-06,1.79999726e+00
9.26072800e-06,1.80000268e+00
9.26082800e-06,1.79999726e+00
9.26092800e-06,1.80000269e+00
9.26102800e-06,1.79999726e+00
9.26112800e-06,1.80000269e+00
9.26122800e-06,1.79999726e+00
9.26132800e-06,1.80000269e+00
9.26142800e-06,1.79999726e+00
9.26152800e-06,1.80000269e+00
9.26162800e-06,1.79999726e+00
9.26172800e-06,1.80000269e+00
9.26182800e-06,1.79999726e+00
9.26192800e-06,1.80000269e+00
9.26202800e-06,1.79999726e+00
9.26212800e-06,1.80000269e+00
9.26222800e-06,1.79999726e+00
9.26232800e-06,1.80000269e+00
9.26242800e-06,1.79999726e+00
9.26252800e-06,1.80000269e+00
9.26262800e-06,1.79999726e+00
9.26272800e-06,1.80000269e+00
9.26282800e-06,1.79999726e+00
9.26292800e-06,1.80000269e+00
9.26302800e-06,1.79999725e+00
9.26312800e-06,1.80000269e+00
9.26322800e-06,1.79999725e+00
9.26332800e-06,1.80000269e+00
9.26342800e-06,1.79999725e+00
9.26352800e-06,1.80000269e+00
9.26362800e-06,1.79999725e+00
9.26372800e-06,1.80000269e+00
9.26382800e-06,1.79999725e+00
9.26392800e-06,1.80000270e+00
9.26402800e-06,1.79999725e+00
9.26412800e-06,1.80000270e+00
9.26422800e-06,1.79999725e+00
9.26432800e-06,1.80000270e+00
9.26442800e-06,1.79999725e+00
9.26452800e-06,1.80000270e+00
9.26462800e-06,1.79999725e+00
9.26472800e-06,1.80000270e+00
9.26482800e-06,1.79999725e+00
9.26492800e-06,1.80000270e+00
9.26502800e-06,1.79999725e+00
9.26512800e-06,1.80000270e+00
9.26522800e-06,1.79999725e+00
9.26532800e-06,1.80000270e+00
9.26542800e-06,1.79999725e+00
9.26552800e-06,1.80000270e+00
9.26562800e-06,1.79999725e+00
9.26572800e-06,1.80000270e+00
9.26582800e-06,1.79999725e+00
9.26592800e-06,1.80000270e+00
9.26602800e-06,1.79999725e+00
9.26612800e-06,1.80000270e+00
9.26622800e-06,1.79999725e+00
9.26632800e-06,1.80000270e+00
9.26642800e-06,1.79999725e+00
9.26652800e-06,1.80000270e+00
9.26662800e-06,1.79999725e+00
9.26672800e-06,1.80000270e+00
9.26682800e-06,1.79999725e+00
9.26692800e-06,1.80000270e+00
9.26702800e-06,1.79999725e+00
9.26712800e-06,1.80000270e+00
9.26722800e-06,1.79999725e+00
9.26732800e-06,1.80000270e+00
9.26742800e-06,1.79999725e+00
9.26752800e-06,1.80000270e+00
9.26762800e-06,1.79999725e+00
9.26772800e-06,1.80000270e+00
9.26782800e-06,1.79999725e+00
9.26792800e-06,1.80000270e+00
9.26802800e-06,1.79999725e+00
9.26812800e-06,1.80000271e+00
9.26822800e-06,1.79999725e+00
9.26832800e-06,1.80000271e+00
9.26842800e-06,1.79999725e+00
9.26852800e-06,1.80000271e+00
9.26862800e-06,1.79999725e+00
9.26872800e-06,1.80000271e+00
9.26882800e-06,1.79999725e+00
9.26892800e-06,1.80000271e+00
9.26902800e-06,1.79999725e+00
9.26912800e-06,1.80000271e+00
9.26922800e-06,1.79999725e+00
9.26932800e-06,1.80000271e+00
9.26942800e-06,1.79999725e+00
9.26952800e-06,1.80000271e+00
9.26962800e-06,1.79999725e+00
9.26972800e-06,1.80000271e+00
9.26982800e-06,1.79999725e+00
9.26992800e-06,1.80000271e+00
9.27002800e-06,1.79999724e+00
9.27012800e-06,1.80000271e+00
9.27022800e-06,1.79999724e+00
9.27032800e-06,1.80000271e+00
9.27042800e-06,1.79999724e+00
9.27052800e-06,1.80000271e+00
9.27062800e-06,1.79999724e+00
9.27072800e-06,1.80000271e+00
9.27082800e-06,1.79999724e+00
9.27092800e-06,1.80000271e+00
9.27102800e-06,1.79999724e+00
9.27112800e-06,1.80000271e+00
9.27122800e-06,1.79999724e+00
9.27132800e-06,1.80000271e+00
9.27142800e-06,1.79999724e+00
9.27152800e-06,1.80000271e+00
9.27162800e-06,1.79999724e+00
9.27172800e-06,1.80000271e+00
9.27182800e-06,1.79999724e+00
9.27192800e-06,1.80000271e+00
9.27202800e-06,1.79999724e+00
9.27212800e-06,1.80000271e+00
9.27222800e-06,1.79999724e+00
9.27232800e-06,1.80000271e+00
9.27242800e-06,1.79999724e+00
9.27252800e-06,1.80000271e+00
9.27262800e-06,1.79999724e+00
9.27272800e-06,1.80000271e+00
9.27282800e-06,1.79999724e+00
9.27292800e-06,1.80000271e+00
9.27302800e-06,1.79999724e+00
9.27312800e-06,1.80000271e+00
9.27322800e-06,1.79999724e+00
9.27332800e-06,1.80000271e+00
9.27342800e-06,1.79999724e+00
9.27352800e-06,1.80000271e+00
9.27362800e-06,1.79999724e+00
9.27372800e-06,1.80000271e+00
9.27382800e-06,1.79999724e+00
9.27392800e-06,1.80000271e+00
9.27402800e-06,1.79999724e+00
9.27412800e-06,1.80000271e+00
9.27422800e-06,1.79999724e+00
9.27432800e-06,1.80000271e+00
9.27442800e-06,1.79999724e+00
9.27452800e-06,1.80000271e+00
9.27462800e-06,1.79999724e+00
9.27472800e-06,1.80000272e+00
9.27482800e-06,1.79999724e+00
9.27492800e-06,1.80000272e+00
9.27502800e-06,1.79999724e+00
9.27512800e-06,1.80000272e+00
9.27522800e-06,1.79999724e+00
9.27532800e-06,1.80000272e+00
9.27542800e-06,1.79999724e+00
9.27552800e-06,1.80000272e+00
9.27562800e-06,1.79999725e+00
9.27572800e-06,1.80000272e+00
9.27582800e-06,1.79999725e+00
9.27592800e-06,1.80000272e+00
9.27602800e-06,1.79999725e+00
9.27612800e-06,1.80000272e+00
9.27622800e-06,1.79999725e+00
9.27632800e-06,1.80000272e+00
9.27642800e-06,1.79999725e+00
9.27652800e-06,1.80000272e+00
9.27662800e-06,1.79999725e+00
9.27672800e-06,1.80000272e+00
9.27682800e-06,1.79999725e+00
9.27692800e-06,1.80000272e+00
9.27702800e-06,1.79999725e+00
9.27712800e-06,1.80000272e+00
9.27722800e-06,1.79999725e+00
9.27732800e-06,1.80000272e+00
9.27742800e-06,1.79999725e+00
9.27752800e-06,1.80000272e+00
9.27762800e-06,1.79999725e+00
9.27772800e-06,1.80000272e+00
9.27782800e-06,1.79999725e+00
9.27792800e-06,1.80000272e+00
9.27802800e-06,1.79999725e+00
9.27812800e-06,1.80000272e+00
9.27822800e-06,1.79999725e+00
9.27832800e-06,1.80000272e+00
9.27842800e-06,1.79999725e+00
9.27852800e-06,1.80000272e+00
9.27862800e-06,1.79999725e+00
9.27872800e-06,1.80000272e+00
9.27882800e-06,1.79999725e+00
9.27892800e-06,1.80000272e+00
9.27902800e-06,1.79999725e+00
9.27912800e-06,1.80000272e+00
9.27922800e-06,1.79999725e+00
9.27932800e-06,1.80000272e+00
9.27942800e-06,1.79999725e+00
9.27952800e-06,1.80000272e+00
9.27962800e-06,1.79999725e+00
9.27972800e-06,1.80000272e+00
9.27982800e-06,1.79999725e+00
9.27992800e-06,1.80000272e+00
9.28002800e-06,1.79999725e+00
9.28012800e-06,1.80000272e+00
9.28022800e-06,1.79999725e+00
9.28032800e-06,1.80000272e+00
9.28042800e-06,1.79999725e+00
9.28052800e-06,1.80000272e+00
9.28062800e-06,1.79999725e+00
9.28072800e-06,1.80000272e+00
9.28082800e-06,1.79999725e+00
9.28092800e-06,1.80000272e+00
9.28102800e-06,1.79999725e+00
9.28112800e-06,1.80000272e+00
9.28122800e-06,1.79999725e+00
9.28132800e-06,1.80000272e+00
9.28142800e-06,1.79999725e+00
9.28152800e-06,1.80000272e+00
9.28162800e-06,1.79999725e+00
9.28172800e-06,1.80000272e+00
9.28182800e-06,1.79999725e+00
9.28192800e-06,1.80000272e+00
9.28202800e-06,1.79999725e+00
9.28212800e-06,1.80000272e+00
9.28222800e-06,1.79999725e+00
9.28232800e-06,1.80000272e+00
9.28242800e-06,1.79999725e+00
9.28252800e-06,1.80000272e+00
9.28262800e-06,1.79999725e+00
9.28272800e-06,1.80000272e+00
9.28282800e-06,1.79999725e+00
9.28292800e-06,1.80000272e+00
9.28302800e-06,1.79999725e+00
9.28312800e-06,1.80000272e+00
9.28322800e-06,1.79999725e+00
9.28332800e-06,1.80000272e+00
9.28342800e-06,1.79999725e+00
9.28352800e-06,1.80000272e+00
9.28362800e-06,1.79999726e+00
9.28372800e-06,1.80000272e+00
9.28382800e-06,1.79999726e+00
9.28392800e-06,1.80000272e+00
9.28402800e-06,1.79999726e+00
9.28412800e-06,1.80000272e+00
9.28422800e-06,1.79999726e+00
9.28432800e-06,1.80000272e+00
9.28442800e-06,1.79999726e+00
9.28452800e-06,1.80000272e+00
9.28462800e-06,1.79999726e+00
9.28472800e-06,1.80000272e+00
9.28482800e-06,1.79999726e+00
9.28492800e-06,1.80000272e+00
9.28502800e-06,1.79999726e+00
9.28512800e-06,1.80000272e+00
9.28522800e-06,1.79999726e+00
9.28532800e-06,1.80000272e+00
9.28542800e-06,1.79999726e+00
9.28552800e-06,1.80000272e+00
9.28562800e-06,1.79999726e+00
9.28572800e-06,1.80000272e+00
9.28582800e-06,1.79999726e+00
9.28592800e-06,1.80000272e+00
9.28602800e-06,1.79999726e+00
9.28612800e-06,1.80000272e+00
9.28622800e-06,1.79999726e+00
9.28632800e-06,1.80000272e+00
9.28642800e-06,1.79999726e+00
9.28652800e-06,1.80000272e+00
9.28662800e-06,1.79999726e+00
9.28672800e-06,1.80000272e+00
9.28682800e-06,1.79999726e+00
9.28692800e-06,1.80000272e+00
9.28702800e-06,1.79999726e+00
9.28712800e-06,1.80000272e+00
9.28722800e-06,1.79999726e+00
9.28732800e-06,1.80000272e+00
9.28742800e-06,1.79999726e+00
9.28752800e-06,1.80000272e+00
9.28762800e-06,1.79999726e+00
9.28772800e-06,1.80000272e+00
9.28782800e-06,1.79999726e+00
9.28792800e-06,1.80000272e+00
9.28802800e-06,1.79999727e+00
9.28812800e-06,1.80000272e+00
9.28822800e-06,1.79999727e+00
9.28832800e-06,1.80000272e+00
9.28842800e-06,1.79999727e+00
9.28852800e-06,1.80000272e+00
9.28862800e-06,1.79999727e+00
9.28872800e-06,1.80000272e+00
9.28882800e-06,1.79999727e+00
9.28892800e-06,1.80000272e+00
9.28902800e-06,1.79999727e+00
9.28912800e-06,1.80000272e+00
9.28922800e-06,1.79999727e+00
9.28932800e-06,1.80000272e+00
9.28942800e-06,1.79999727e+00
9.28952800e-06,1.80000272e+00
9.28962800e-06,1.79999727e+00
9.28972800e-06,1.80000272e+00
9.28982800e-06,1.79999727e+00
9.28992800e-06,1.80000272e+00
9.29002800e-06,1.79999727e+00
9.29012800e-06,1.80000272e+00
9.29022800e-06,1.79999727e+00
9.29032800e-06,1.80000272e+00
9.29042800e-06,1.79999727e+00
9.29052800e-06,1.80000272e+00
9.29062800e-06,1.79999727e+00
9.29072800e-06,1.80000272e+00
9.29082800e-06,1.79999727e+00
9.29092800e-06,1.80000272e+00
9.29102800e-06,1.79999727e+00
9.29112800e-06,1.80000272e+00
9.29122800e-06,1.79999727e+00
9.29132800e-06,1.80000272e+00
9.29142800e-06,1.79999727e+00
9.29152800e-06,1.80000272e+00
9.29162800e-06,1.79999728e+00
9.29172800e-06,1.80000272e+00
9.29182800e-06,1.79999728e+00
9.29192800e-06,1.80000272e+00
9.29202800e-06,1.79999728e+00
9.29212800e-06,1.80000272e+00
9.29222800e-06,1.79999728e+00
9.29232800e-06,1.80000272e+00
9.29242800e-06,1.79999728e+00
9.29252800e-06,1.80000272e+00
9.29262800e-06,1.79999728e+00
9.29272800e-06,1.80000272e+00
9.29282800e-06,1.79999728e+00
9.29292800e-06,1.80000272e+00
9.29302800e-06,1.79999728e+00
9.29312800e-06,1.80000272e+00
9.29322800e-06,1.79999728e+00
9.29332800e-06,1.80000272e+00
9.29342800e-06,1.79999728e+00
9.29352800e-06,1.80000272e+00
9.29362800e-06,1.79999728e+00
9.29372800e-06,1.80000272e+00
9.29382800e-06,1.79999728e+00
9.29392800e-06,1.80000272e+00
9.29402800e-06,1.79999728e+00
9.29412800e-06,1.80000272e+00
9.29422800e-06,1.79999728e+00
9.29432800e-06,1.80000272e+00
9.29442800e-06,1.79999728e+00
9.29452800e-06,1.80000272e+00
9.29462800e-06,1.79999729e+00
9.29472800e-06,1.80000272e+00
9.29482800e-06,1.79999729e+00
9.29492800e-06,1.80000272e+00
9.29502800e-06,1.79999729e+00
9.29512800e-06,1.80000272e+00
9.29522800e-06,1.79999729e+00
9.29532800e-06,1.80000272e+00
9.29542800e-06,1.79999729e+00
9.29552800e-06,1.80000272e+00
9.29562800e-06,1.79999729e+00
9.29572800e-06,1.80000272e+00
9.29582800e-06,1.79999729e+00
9.29592800e-06,1.80000272e+00
9.29602800e-06,1.79999729e+00
9.29612800e-06,1.80000272e+00
9.29622800e-06,1.79999729e+00
9.29632800e-06,1.80000272e+00
9.29642800e-06,1.79999729e+00
9.29652800e-06,1.80000272e+00
9.29662800e-06,1.79999729e+00
9.29672800e-06,1.80000272e+00
9.29682800e-06,1.79999729e+00
9.29692800e-06,1.80000272e+00
9.29702800e-06,1.79999729e+00
9.29712800e-06,1.80000272e+00
9.29722800e-06,1.79999729e+00
9.29732800e-06,1.80000272e+00
9.29742800e-06,1.79999730e+00
9.29752800e-06,1.80000272e+00
9.29762800e-06,1.79999730e+00
9.29772800e-06,1.80000272e+00
9.29782800e-06,1.79999730e+00
9.29792800e-06,1.80000272e+00
9.29802800e-06,1.79999730e+00
9.29812800e-06,1.80000272e+00
9.29822800e-06,1.79999730e+00
9.29832800e-06,1.80000272e+00
9.29842800e-06,1.79999730e+00
9.29852800e-06,1.80000272e+00
9.29862800e-06,1.79999730e+00
9.29872800e-06,1.80000272e+00
9.29882800e-06,1.79999730e+00
9.29892800e-06,1.80000272e+00
9.29902800e-06,1.79999730e+00
9.29912800e-06,1.80000272e+00
9.29922800e-06,1.79999730e+00
9.29932800e-06,1.80000272e+00
9.29942800e-06,1.79999730e+00
9.29952800e-06,1.80000272e+00
9.29962800e-06,1.79999730e+00
9.29972800e-06,1.80000272e+00
9.29982800e-06,1.79999731e+00
9.29992800e-06,1.80000272e+00
9.30002800e-06,1.79999731e+00
9.30012800e-06,1.80000272e+00
9.30022800e-06,1.79999731e+00
9.30032800e-06,1.80000272e+00
9.30042800e-06,1.79999731e+00
9.30052800e-06,1.80000272e+00
9.30062800e-06,1.79999731e+00
9.30072800e-06,1.80000272e+00
9.30082800e-06,1.79999731e+00
9.30092800e-06,1.80000272e+00
9.30102800e-06,1.79999731e+00
9.30112800e-06,1.80000272e+00
9.30122800e-06,1.79999731e+00
9.30132800e-06,1.80000272e+00
9.30142800e-06,1.79999731e+00
9.30152800e-06,1.80000272e+00
9.30162800e-06,1.79999731e+00
9.30172800e-06,1.80000272e+00
9.30182800e-06,1.79999731e+00
9.30192800e-06,1.80000272e+00
9.30202800e-06,1.79999731e+00
9.30212800e-06,1.80000272e+00
9.30222800e-06,1.79999732e+00
9.30232800e-06,1.80000272e+00
9.30242800e-06,1.79999732e+00
9.30252800e-06,1.80000272e+00
9.30262800e-06,1.79999732e+00
9.30272800e-06,1.80000272e+00
9.30282800e-06,1.79999732e+00
9.30292800e-06,1.80000272e+00
9.30302800e-06,1.79999732e+00
9.30312800e-06,1.80000272e+00
9.30322800e-06,1.79999732e+00
9.30332800e-06,1.80000272e+00
9.30342800e-06,1.79999732e+00
9.30352800e-06,1.80000272e+00
9.30362800e-06,1.79999732e+00
9.30372800e-06,1.80000272e+00
9.30382800e-06,1.79999732e+00
9.30392800e-06,1.80000272e+00
9.30402800e-06,1.79999732e+00
9.30412800e-06,1.80000272e+00
9.30422800e-06,1.79999733e+00
9.30432800e-06,1.80000272e+00
9.30442800e-06,1.79999733e+00
9.30452800e-06,1.80000272e+00
9.30462800e-06,1.79999733e+00
9.30472800e-06,1.80000272e+00
9.30482800e-06,1.79999733e+00
9.30492800e-06,1.80000272e+00
9.30502800e-06,1.79999733e+00
9.30512800e-06,1.80000272e+00
9.30522800e-06,1.79999733e+00
9.30532800e-06,1.80000272e+00
9.30542800e-06,1.79999733e+00
9.30552800e-06,1.80000272e+00
9.30562800e-06,1.79999733e+00
9.30572800e-06,1.80000272e+00
9.30582800e-06,1.79999733e+00
9.30592800e-06,1.80000272e+00
9.30602800e-06,1.79999733e+00
9.30612800e-06,1.80000272e+00
9.30622800e-06,1.79999734e+00
9.30632800e-06,1.80000272e+00
9.30642800e-06,1.79999734e+00
9.30652800e-06,1.80000272e+00
9.30662800e-06,1.79999734e+00
9.30672800e-06,1.80000272e+00
9.30682800e-06,1.79999734e+00
9.30692800e-06,1.80000272e+00
9.30702800e-06,1.79999734e+00
9.30712800e-06,1.80000272e+00
9.30722800e-06,1.79999734e+00
9.30732800e-06,1.80000272e+00
9.30742800e-06,1.79999734e+00
9.30752800e-06,1.80000272e+00
9.30762800e-06,1.79999734e+00
9.30772800e-06,1.80000272e+00
9.30782800e-06,1.79999734e+00
9.30792800e-06,1.80000272e+00
9.30802800e-06,1.79999734e+00
9.30812800e-06,1.80000272e+00
9.30822800e-06,1.79999735e+00
9.30832800e-06,1.80000272e+00
9.30842800e-06,1.79999735e+00
9.30852800e-06,1.80000272e+00
9.30862800e-06,1.79999735e+00
9.30872800e-06,1.80000272e+00
9.30882800e-06,1.79999735e+00
9.30892800e-06,1.80000272e+00
9.30902800e-06,1.79999735e+00
9.30912800e-06,1.80000272e+00
9.30922800e-06,1.79999735e+00
9.30932800e-06,1.80000272e+00
9.30942800e-06,1.79999735e+00
9.30952800e-06,1.80000272e+00
9.30962800e-06,1.79999735e+00
9.30972800e-06,1.80000272e+00
9.30982800e-06,1.79999735e+00
9.30992800e-06,1.80000272e+00
9.31002800e-06,1.79999736e+00
9.31012800e-06,1.80000272e+00
9.31022800e-06,1.79999736e+00
9.31032800e-06,1.80000272e+00
9.31042800e-06,1.79999736e+00
9.31052800e-06,1.80000272e+00
9.31062800e-06,1.79999736e+00
9.31072800e-06,1.80000272e+00
9.31082800e-06,1.79999736e+00
9.31092800e-06,1.80000272e+00
9.31102800e-06,1.79999736e+00
9.31112800e-06,1.80000272e+00
9.31122800e-06,1.79999736e+00
9.31132800e-06,1.80000272e+00
9.31142800e-06,1.79999736e+00
9.31152800e-06,1.80000272e+00
9.31162800e-06,1.79999736e+00
9.31172800e-06,1.80000272e+00
9.31182800e-06,1.79999737e+00
9.31192800e-06,1.80000272e+00
9.31202800e-06,1.79999737e+00
9.31212800e-06,1.80000272e+00
9.31222800e-06,1.79999737e+00
9.31232800e-06,1.80000272e+00
9.31242800e-06,1.79999737e+00
9.31252800e-06,1.80000272e+00
9.31262800e-06,1.79999737e+00
9.31272800e-06,1.80000272e+00
9.31282800e-06,1.79999737e+00
9.31292800e-06,1.80000272e+00
9.31302800e-06,1.79999737e+00
9.31312800e-06,1.80000272e+00
9.31322800e-06,1.79999737e+00
9.31332800e-06,1.80000272e+00
9.31342800e-06,1.79999738e+00
9.31352800e-06,1.80000272e+00
9.31362800e-06,1.79999738e+00
9.31372800e-06,1.80000272e+00
9.31382800e-06,1.79999738e+00
9.31392800e-06,1.80000272e+00
9.31402800e-06,1.79999738e+00
9.31412800e-06,1.80000272e+00
9.31422800e-06,1.79999738e+00
9.31432800e-06,1.80000272e+00
9.31442800e-06,1.79999738e+00
9.31452800e-06,1.80000272e+00
9.31462800e-06,1.79999738e+00
9.31472800e-06,1.80000272e+00
9.31482800e-06,1.79999738e+00
9.31492800e-06,1.80000272e+00
9.31502800e-06,1.79999739e+00
9.31512800e-06,1.80000272e+00
9.31522800e-06,1.79999739e+00
9.31532800e-06,1.80000272e+00
9.31542800e-06,1.79999739e+00
9.31552800e-06,1.80000272e+00
9.31562800e-06,1.79999739e+00
9.31572800e-06,1.80000272e+00
9.31582800e-06,1.79999739e+00
9.31592800e-06,1.80000272e+00
9.31602800e-06,1.79999739e+00
9.31612800e-06,1.80000272e+00
9.31622800e-06,1.79999739e+00
9.31632800e-06,1.80000272e+00
9.31642800e-06,1.79999739e+00
9.31652800e-06,1.80000272e+00
9.31662800e-06,1.79999740e+00
9.31672800e-06,1.80000273e+00
9.31682800e-06,1.79999740e+00
9.31692800e-06,1.80000273e+00
9.31702800e-06,1.79999740e+00
9.31712800e-06,1.80000273e+00
9.31722800e-06,1.79999740e+00
9.31732800e-06,1.80000273e+00
9.31742800e-06,1.79999740e+00
9.31752800e-06,1.80000273e+00
9.31762800e-06,1.79999740e+00
9.31772800e-06,1.80000276e+00
9.31782800e-06,1.79999741e+00
9.31792800e-06,1.80000272e+00
9.31802800e-06,1.79999741e+00
9.31812800e-06,1.80000272e+00
9.31822800e-06,1.79999741e+00
9.31832800e-06,1.80000273e+00
9.31842800e-06,1.79999741e+00
9.31852800e-06,1.80000273e+00
9.31862800e-06,1.79999741e+00
9.31872800e-06,1.80000273e+00
9.31882800e-06,1.79999741e+00
9.31892800e-06,1.80000273e+00
9.31902800e-06,1.79999741e+00
9.31912800e-06,1.80000273e+00
9.31922800e-06,1.79999741e+00
9.31932800e-06,1.80000273e+00
9.31942800e-06,1.79999742e+00
9.31952800e-06,1.80000273e+00
9.31962800e-06,1.79999742e+00
9.31972800e-06,1.80000273e+00
9.31982800e-06,1.79999742e+00
9.31992800e-06,1.80000273e+00
9.32002800e-06,1.79999742e+00
9.32012800e-06,1.80000273e+00
9.32022800e-06,1.79999742e+00
9.32032800e-06,1.80000273e+00
9.32042800e-06,1.79999742e+00
9.32052800e-06,1.80000273e+00
9.32062800e-06,1.79999742e+00
9.32072800e-06,1.80000273e+00
9.32082800e-06,1.79999742e+00
9.32092800e-06,1.80000273e+00
9.32102800e-06,1.79999743e+00
9.32112800e-06,1.80000273e+00
9.32122800e-06,1.79999743e+00
9.32132800e-06,1.80000273e+00
9.32142800e-06,1.79999743e+00
9.32152800e-06,1.80000273e+00
9.32162800e-06,1.79999743e+00
9.32172800e-06,1.80000273e+00
9.32182800e-06,1.79999743e+00
9.32192800e-06,1.80000273e+00
9.32202800e-06,1.79999743e+00
9.32212800e-06,1.80000273e+00
9.32222800e-06,1.79999744e+00
9.32232800e-06,1.80000273e+00
9.32242800e-06,1.79999744e+00
9.32252800e-06,1.80000273e+00
9.32262800e-06,1.79999744e+00
9.32272800e-06,1.80000273e+00
9.32282800e-06,1.79999744e+00
9.32292800e-06,1.80000274e+00
9.32302800e-06,1.79999744e+00
9.32312800e-06,1.80000274e+00
9.32322800e-06,1.79999744e+00
9.32332800e-06,1.80000274e+00
9.32342800e-06,1.79999744e+00
9.32352800e-06,1.80000274e+00
9.32362800e-06,1.79999745e+00
9.32372800e-06,1.80000274e+00
9.32382800e-06,1.79999745e+00
9.32392800e-06,1.80000274e+00
9.32402800e-06,1.79999745e+00
9.32412800e-06,1.80000274e+00
9.32422800e-06,1.79999745e+00
9.32432800e-06,1.80000274e+00
9.32442800e-06,1.79999745e+00
9.32452800e-06,1.80000274e+00
9.32462800e-06,1.79999745e+00
9.32472800e-06,1.80000274e+00
9.32482800e-06,1.79999746e+00
9.32492800e-06,1.80000274e+00
9.32502800e-06,1.79999746e+00
9.32512800e-06,1.80000274e+00
9.32522800e-06,1.79999746e+00
9.32532800e-06,1.80000274e+00
9.32542800e-06,1.79999746e+00
9.32552800e-06,1.80000274e+00
9.32562800e-06,1.79999746e+00
9.32572800e-06,1.80000274e+00
9.32582800e-06,1.79999746e+00
9.32592800e-06,1.80000274e+00
9.32602800e-06,1.79999747e+00
9.32612800e-06,1.80000274e+00
9.32622800e-06,1.79999747e+00
9.32632800e-06,1.80000274e+00
9.32642800e-06,1.79999747e+00
9.32652800e-06,1.80000274e+00
9.32662800e-06,1.79999747e+00
9.32672800e-06,1.80000274e+00
9.32682800e-06,1.79999747e+00
9.32692800e-06,1.80000274e+00
9.32702800e-06,1.79999747e+00
9.32712800e-06,1.80000275e+00
9.32722800e-06,1.79999748e+00
9.32732800e-06,1.80000275e+00
9.32742800e-06,1.79999748e+00
9.32752800e-06,1.80000275e+00
9.32762800e-06,1.79999748e+00
9.32772800e-06,1.80000275e+00
9.32782800e-06,1.79999748e+00
9.32792800e-06,1.80000275e+00
9.32802800e-06,1.79999748e+00
9.32812800e-06,1.80000275e+00
9.32822800e-06,1.79999748e+00
9.32832800e-06,1.80000275e+00
9.32842800e-06,1.79999749e+00
9.32852800e-06,1.80000275e+00
9.32862800e-06,1.79999749e+00
9.32872800e-06,1.80000275e+00
9.32882800e-06,1.79999749e+00
9.32892800e-06,1.80000275e+00
9.32902800e-06,1.79999749e+00
9.32912800e-06,1.80000275e+00
9.32922800e-06,1.79999749e+00
9.32932800e-06,1.80000275e+00
9.32942800e-06,1.79999749e+00
9.32952800e-06,1.80000275e+00
9.32962800e-06,1.79999750e+00
9.32972800e-06,1.80000275e+00
9.32982800e-06,1.79999750e+00
9.32992800e-06,1.80000275e+00
9.33002800e-06,1.79999750e+00
9.33012800e-06,1.80000275e+00
9.33022800e-06,1.79999750e+00
9.33032800e-06,1.80000276e+00
9.33042800e-06,1.79999750e+00
9.33052800e-06,1.80000276e+00
9.33062800e-06,1.79999750e+00
9.33072800e-06,1.80000276e+00
9.33082800e-06,1.79999751e+00
9.33092800e-06,1.80000276e+00
9.33102800e-06,1.79999751e+00
9.33112800e-06,1.80000276e+00
9.33122800e-06,1.79999751e+00
9.33132800e-06,1.80000276e+00
9.33142800e-06,1.79999751e+00
9.33152800e-06,1.80000276e+00
9.33162800e-06,1.79999751e+00
9.33172800e-06,1.80000276e+00
9.33182800e-06,1.79999752e+00
9.33192800e-06,1.80000276e+00
9.33202800e-06,1.79999752e+00
9.33212800e-06,1.80000276e+00
9.33222800e-06,1.79999752e+00
9.33232800e-06,1.80000276e+00
9.33242800e-06,1.79999752e+00
9.33252800e-06,1.80000276e+00
9.33262800e-06,1.79999752e+00
9.33272800e-06,1.80000276e+00
9.33282800e-06,1.79999753e+00
9.33292800e-06,1.80000276e+00
9.33302800e-06,1.79999753e+00
9.33312800e-06,1.80000277e+00
9.33322800e-06,1.79999753e+00
9.33332800e-06,1.80000277e+00
9.33342800e-06,1.79999753e+00
9.33352800e-06,1.80000277e+00
9.33362800e-06,1.79999753e+00
9.33372800e-06,1.80000277e+00
9.33382800e-06,1.79999754e+00
9.33392800e-06,1.80000277e+00
9.33402800e-06,1.79999754e+00
9.33412800e-06,1.80000277e+00
9.33422800e-06,1.79999754e+00
9.33432800e-06,1.80000277e+00
9.33442800e-06,1.79999754e+00
9.33452800e-06,1.80000277e+00
9.33462800e-06,1.79999754e+00
9.33472800e-06,1.80000277e+00
9.33482800e-06,1.79999754e+00
9.33492800e-06,1.80000277e+00
9.33502800e-06,1.79999755e+00
9.33512800e-06,1.80000277e+00
9.33522800e-06,1.79999755e+00
9.33532800e-06,1.80000277e+00
9.33542800e-06,1.79999755e+00
9.33552800e-06,1.80000278e+00
9.33562800e-06,1.79999755e+00
9.33572800e-06,1.80000278e+00
9.33582800e-06,1.79999755e+00
9.33592800e-06,1.80000278e+00
9.33602800e-06,1.79999756e+00
9.33612800e-06,1.80000278e+00
9.33622800e-06,1.79999756e+00
9.33632800e-06,1.80000278e+00
9.33642800e-06,1.79999756e+00
9.33652800e-06,1.80000278e+00
9.33662800e-06,1.79999756e+00
9.33672800e-06,1.80000278e+00
9.33682800e-06,1.79999757e+00
9.33692800e-06,1.80000278e+00
9.33702800e-06,1.79999757e+00
9.33712800e-06,1.80000278e+00
9.33722800e-06,1.79999757e+00
9.33732800e-06,1.80000278e+00
9.33742800e-06,1.79999757e+00
9.33752800e-06,1.80000278e+00
9.33762800e-06,1.79999757e+00
9.33772800e-06,1.80000279e+00
9.33782800e-06,1.79999758e+00
9.33792800e-06,1.80000279e+00
9.33802800e-06,1.79999758e+00
9.33812800e-06,1.80000279e+00
9.33822800e-06,1.79999758e+00
9.33832800e-06,1.80000279e+00
9.33842800e-06,1.79999758e+00
9.33852800e-06,1.80000279e+00
9.33862800e-06,1.79999758e+00
9.33872800e-06,1.80000279e+00
9.33882800e-06,1.79999759e+00
9.33892800e-06,1.80000279e+00
9.33902800e-06,1.79999759e+00
9.33912800e-06,1.80000279e+00
9.33922800e-06,1.79999759e+00
9.33932800e-06,1.80000279e+00
9.33942800e-06,1.79999759e+00
9.33952800e-06,1.80000280e+00
9.33962800e-06,1.79999759e+00
9.33972800e-06,1.80000280e+00
9.33982800e-06,1.79999760e+00
9.33992800e-06,1.80000280e+00
9.34002800e-06,1.79999760e+00
9.34012800e-06,1.80000280e+00
9.34022800e-06,1.79999760e+00
9.34032800e-06,1.80000280e+00
9.34042800e-06,1.79999760e+00
9.34052800e-06,1.80000280e+00
9.34062800e-06,1.79999761e+00
9.34072800e-06,1.80000280e+00
9.34082800e-06,1.79999761e+00
9.34092800e-06,1.80000280e+00
9.34102800e-06,1.79999761e+00
9.34112800e-06,1.80000280e+00
9.34122800e-06,1.79999761e+00
9.34132800e-06,1.80000281e+00
9.34142800e-06,1.79999762e+00
9.34152800e-06,1.80000281e+00
9.34162800e-06,1.79999762e+00
9.34172800e-06,1.80000281e+00
9.34182800e-06,1.79999762e+00
9.34192800e-06,1.80000281e+00
9.34202800e-06,1.79999762e+00
9.34212800e-06,1.80000281e+00
9.34222800e-06,1.79999762e+00
9.34232800e-06,1.80000281e+00
9.34242800e-06,1.79999763e+00
9.34252800e-06,1.80000281e+00
9.34262800e-06,1.79999763e+00
9.34272800e-06,1.80000281e+00
9.34282800e-06,1.79999763e+00
9.34292800e-06,1.80000282e+00
9.34302800e-06,1.79999763e+00
9.34312800e-06,1.80000282e+00
9.34322800e-06,1.79999764e+00
9.34332800e-06,1.80000282e+00
9.34342800e-06,1.79999764e+00
9.34352800e-06,1.80000282e+00
9.34362800e-06,1.79999764e+00
9.34372800e-06,1.80000282e+00
9.34382800e-06,1.79999764e+00
9.34392800e-06,1.80000282e+00
9.34402800e-06,1.79999765e+00
9.34412800e-06,1.80000282e+00
9.34422800e-06,1.79999765e+00
9.34432800e-06,1.80000282e+00
9.34442800e-06,1.79999765e+00
9.34452800e-06,1.80000283e+00
9.34462800e-06,1.79999765e+00
9.34472800e-06,1.80000283e+00
9.34482800e-06,1.79999766e+00
9.34492800e-06,1.80000283e+00
9.34502800e-06,1.79999766e+00
9.34512800e-06,1.80000283e+00
9.34522800e-06,1.79999766e+00
9.34532800e-06,1.80000283e+00
9.34542800e-06,1.79999766e+00
9.34552800e-06,1.80000283e+00
9.34562800e-06,1.79999766e+00
9.34572800e-06,1.80000283e+00
9.34582800e-06,1.79999767e+00
9.34592800e-06,1.80000284e+00
9.34602800e-06,1.79999767e+00
9.34612800e-06,1.80000284e+00
9.34622800e-06,1.79999767e+00
9.34632800e-06,1.80000284e+00
9.34642800e-06,1.79999767e+00
9.34652800e-06,1.80000284e+00
9.34662800e-06,1.79999768e+00
9.34672800e-06,1.80000284e+00
9.34682800e-06,1.79999768e+00
9.34692800e-06,1.80000284e+00
9.34702800e-06,1.79999768e+00
9.34712800e-06,1.80000284e+00
9.34722800e-06,1.79999769e+00
9.34732800e-06,1.80000285e+00
9.34742800e-06,1.79999769e+00
9.34752800e-06,1.80000285e+00
9.34762800e-06,1.79999769e+00
9.34772800e-06,1.80000285e+00
9.34782800e-06,1.79999769e+00
9.34792800e-06,1.80000285e+00
9.34802800e-06,1.79999770e+00
9.34812800e-06,1.80000285e+00
9.34822800e-06,1.79999770e+00
9.34832800e-06,1.80000285e+00
9.34842800e-06,1.79999770e+00
9.34852800e-06,1.80000285e+00
9.34862800e-06,1.79999770e+00
9.34872800e-06,1.80000286e+00
9.34882800e-06,1.79999771e+00
9.34892800e-06,1.80000286e+00
9.34902800e-06,1.79999771e+00
9.34912800e-06,1.80000286e+00
9.34922800e-06,1.79999771e+00
9.34932800e-06,1.80000286e+00
9.34942800e-06,1.79999771e+00
9.34952800e-06,1.80000286e+00
9.34962800e-06,1.79999772e+00
9.34972800e-06,1.80000286e+00
9.34982800e-06,1.79999772e+00
9.34992800e-06,1.80000287e+00
9.35002800e-06,1.79999772e+00
9.35012800e-06,1.80000287e+00
9.35022800e-06,1.79999772e+00
9.35032800e-06,1.80000287e+00
9.35042800e-06,1.79999773e+00
9.35052800e-06,1.80000287e+00
9.35062800e-06,1.79999773e+00
9.35072800e-06,1.80000287e+00
9.35082800e-06,1.79999773e+00
9.35092800e-06,1.80000287e+00
9.35102800e-06,1.79999774e+00
9.35112800e-06,1.80000288e+00
9.35122800e-06,1.79999774e+00
9.35132800e-06,1.80000288e+00
9.35142800e-06,1.79999774e+00
9.35152800e-06,1.80000288e+00
9.35162800e-06,1.79999774e+00
9.35172800e-06,1.80000288e+00
9.35182800e-06,1.79999775e+00
9.35192800e-06,1.80000288e+00
9.35202800e-06,1.79999775e+00
9.35212800e-06,1.80000288e+00
9.35222800e-06,1.79999775e+00
9.35232800e-06,1.80000289e+00
9.35242800e-06,1.79999775e+00
9.35252800e-06,1.80000289e+00
9.35262800e-06,1.79999776e+00
9.35272800e-06,1.80000289e+00
9.35282800e-06,1.79999776e+00
9.35292800e-06,1.80000289e+00
9.35302800e-06,1.79999776e+00
9.35312800e-06,1.80000289e+00
9.35322800e-06,1.79999777e+00
9.35332800e-06,1.80000290e+00
9.35342800e-06,1.79999777e+00
9.35352800e-06,1.80000290e+00
9.35362800e-06,1.79999777e+00
9.35372800e-06,1.80000290e+00
9.35382800e-06,1.79999777e+00
9.35392800e-06,1.80000290e+00
9.35402800e-06,1.79999778e+00
9.35412800e-06,1.80000290e+00
9.35422800e-06,1.79999778e+00
9.35432800e-06,1.80000291e+00
9.35442800e-06,1.79999778e+00
9.35452800e-06,1.80000291e+00
9.35462800e-06,1.79999779e+00
9.35472800e-06,1.80000291e+00
9.35482800e-06,1.79999779e+00
9.35492800e-06,1.80000291e+00
9.35502800e-06,1.79999779e+00
9.35512800e-06,1.80000291e+00
9.35522800e-06,1.79999780e+00
9.35532800e-06,1.80000291e+00
9.35542800e-06,1.79999780e+00
9.35552800e-06,1.80000292e+00
9.35562800e-06,1.79999780e+00
9.35572800e-06,1.80000292e+00
9.35582800e-06,1.79999780e+00
9.35592800e-06,1.80000292e+00
9.35602800e-06,1.79999781e+00
9.35612800e-06,1.80000292e+00
9.35622800e-06,1.79999781e+00
9.35632800e-06,1.80000292e+00
9.35642800e-06,1.79999781e+00
9.35652800e-06,1.80000293e+00
9.35662800e-06,1.79999782e+00
9.35672800e-06,1.80000293e+00
9.35682800e-06,1.79999782e+00
9.35692800e-06,1.80000293e+00
9.35702800e-06,1.79999782e+00
9.35712800e-06,1.80000293e+00
9.35722800e-06,1.79999783e+00
9.35732800e-06,1.80000294e+00
9.35742800e-06,1.79999783e+00
9.35752800e-06,1.80000294e+00
9.35762800e-06,1.79999783e+00
9.35772800e-06,1.80000294e+00
9.35782800e-06,1.79999783e+00
9.35792800e-06,1.80000294e+00
9.35802800e-06,1.79999784e+00
9.35812800e-06,1.80000294e+00
9.35822800e-06,1.79999784e+00
9.35832800e-06,1.80000295e+00
9.35842800e-06,1.79999784e+00
9.35852800e-06,1.80000295e+00
9.35862800e-06,1.79999785e+00
9.35872800e-06,1.80000295e+00
9.35882800e-06,1.79999785e+00
9.35892800e-06,1.80000295e+00
9.35902800e-06,1.79999785e+00
9.35912800e-06,1.80000295e+00
9.35922800e-06,1.79999786e+00
9.35932800e-06,1.80000296e+00
9.35942800e-06,1.79999786e+00
9.35952800e-06,1.80000296e+00
9.35962800e-06,1.79999786e+00
9.35972800e-06,1.80000296e+00
9.35982800e-06,1.79999787e+00
9.35992800e-06,1.80000296e+00
9.36002800e-06,1.79999787e+00
9.36012800e-06,1.80000297e+00
9.36022800e-06,1.79999787e+00
9.36032800e-06,1.80000297e+00
9.36042800e-06,1.79999788e+00
9.36052800e-06,1.80000297e+00
9.36062800e-06,1.79999788e+00
9.36072800e-06,1.80000297e+00
9.36082800e-06,1.79999788e+00
9.36092800e-06,1.80000298e+00
9.36102800e-06,1.79999789e+00
9.36112800e-06,1.80000298e+00
9.36122800e-06,1.79999789e+00
9.36132800e-06,1.80000298e+00
9.36142800e-06,1.79999789e+00
9.36152800e-06,1.80000298e+00
9.36162800e-06,1.79999790e+00
9.36172800e-06,1.80000299e+00
9.36182800e-06,1.79999790e+00
9.36192800e-06,1.80000299e+00
9.36202800e-06,1.79999790e+00
9.36212800e-06,1.80000299e+00
9.36222800e-06,1.79999791e+00
9.36232800e-06,1.80000299e+00
9.36242800e-06,1.79999791e+00
9.36252800e-06,1.80000299e+00
9.36262800e-06,1.79999791e+00
9.36272800e-06,1.80000300e+00
9.36282800e-06,1.79999792e+00
9.36292800e-06,1.80000300e+00
9.36302800e-06,1.79999792e+00
9.36312800e-06,1.80000300e+00
9.36322800e-06,1.79999792e+00
9.36332800e-06,1.80000300e+00
9.36342800e-06,1.79999793e+00
9.36352800e-06,1.80000301e+00
9.36362800e-06,1.79999793e+00
9.36372800e-06,1.80000301e+00
9.36382800e-06,1.79999793e+00
9.36392800e-06,1.80000301e+00
9.36402800e-06,1.79999794e+00
9.36412800e-06,1.80000302e+00
9.36422800e-06,1.79999794e+00
9.36432800e-06,1.80000302e+00
9.36442800e-06,1.79999794e+00
9.36452800e-06,1.80000302e+00
9.36462800e-06,1.79999795e+00
9.36472800e-06,1.80000302e+00
9.36482800e-06,1.79999795e+00
9.36492800e-06,1.80000303e+00
9.36502800e-06,1.79999795e+00
9.36512800e-06,1.80000303e+00
9.36522800e-06,1.79999796e+00
9.36532800e-06,1.80000303e+00
9.36542800e-06,1.79999796e+00
9.36552800e-06,1.80000303e+00
9.36562800e-06,1.79999797e+00
9.36572800e-06,1.80000304e+00
9.36582800e-06,1.79999797e+00
9.36592800e-06,1.80000304e+00
9.36602800e-06,1.79999797e+00
9.36612800e-06,1.80000304e+00
9.36622800e-06,1.79999798e+00
9.36632800e-06,1.80000304e+00
9.36642800e-06,1.79999798e+00
9.36652800e-06,1.80000305e+00
9.36662800e-06,1.79999798e+00
9.36672800e-06,1.80000305e+00
9.36682800e-06,1.79999799e+00
9.36692800e-06,1.80000305e+00
9.36702800e-06,1.79999799e+00
9.36712800e-06,1.80000306e+00
9.36722800e-06,1.79999799e+00
9.36732800e-06,1.80000306e+00
9.36742800e-06,1.79999800e+00
9.36752800e-06,1.80000306e+00
9.36762800e-06,1.79999800e+00
9.36772800e-06,1.80000306e+00
9.36782800e-06,1.79999801e+00
9.36792800e-06,1.80000307e+00
9.36802800e-06,1.79999801e+00
9.36812800e-06,1.80000307e+00
9.36822800e-06,1.79999801e+00
9.36832800e-06,1.80000307e+00
9.36842800e-06,1.79999802e+00
9.36852800e-06,1.80000308e+00
9.36862800e-06,1.79999802e+00
9.36872800e-06,1.80000308e+00
9.36882800e-06,1.79999802e+00
9.36892800e-06,1.80000308e+00
9.36902800e-06,1.79999803e+00
9.36912800e-06,1.80000308e+00
9.36922800e-06,1.79999803e+00
9.36932800e-06,1.80000309e+00
9.36942800e-06,1.79999804e+00
9.36952800e-06,1.80000309e+00
9.36962800e-06,1.79999804e+00
9.36972800e-06,1.80000309e+00
9.36982800e-06,1.79999804e+00
9.36992800e-06,1.80000310e+00
9.37002800e-06,1.79999805e+00
9.37012800e-06,1.80000310e+00
9.37022800e-06,1.79999805e+00
9.37032800e-06,1.80000310e+00
9.37042800e-06,1.79999806e+00
9.37052800e-06,1.80000311e+00
9.37062800e-06,1.79999806e+00
9.37072800e-06,1.80000311e+00
9.37082800e-06,1.79999806e+00
9.37092800e-06,1.80000311e+00
9.37102800e-06,1.79999807e+00
9.37112800e-06,1.80000312e+00
9.37122800e-06,1.79999807e+00
9.37132800e-06,1.80000312e+00
9.37142800e-06,1.79999808e+00
9.37152800e-06,1.80000312e+00
9.37162800e-06,1.79999808e+00
9.37172800e-06,1.80000312e+00
9.37182800e-06,1.79999808e+00
9.37192800e-06,1.80000313e+00
9.37202800e-06,1.79999809e+00
9.37212800e-06,1.80000313e+00
9.37222800e-06,1.79999809e+00
9.37232800e-06,1.80000313e+00
9.37242800e-06,1.79999810e+00
9.37252800e-06,1.80000314e+00
9.37262800e-06,1.79999810e+00
9.37272800e-06,1.80000314e+00
9.37282800e-06,1.79999810e+00
9.37292800e-06,1.80000314e+00
9.37302800e-06,1.79999811e+00
9.37312800e-06,1.80000315e+00
9.37322800e-06,1.79999811e+00
9.37332800e-06,1.80000315e+00
9.37342800e-06,1.79999812e+00
9.37352800e-06,1.80000315e+00
9.37362800e-06,1.79999812e+00
9.37372800e-06,1.80000316e+00
9.37382800e-06,1.79999812e+00
9.37392800e-06,1.80000316e+00
9.37402800e-06,1.79999813e+00
9.37412800e-06,1.80000316e+00
9.37422800e-06,1.79999813e+00
9.37432800e-06,1.80000317e+00
9.37442800e-06,1.79999814e+00
9.37452800e-06,1.80000317e+00
9.37462800e-06,1.79999814e+00
9.37472800e-06,1.80000317e+00
9.37482800e-06,1.79999815e+00
9.37492800e-06,1.80000318e+00
9.37502800e-06,1.79999815e+00
9.37512800e-06,1.80000318e+00
9.37522800e-06,1.79999815e+00
9.37532800e-06,1.80000318e+00
9.37542800e-06,1.79999816e+00
9.37552800e-06,1.80000319e+00
9.37562800e-06,1.79999816e+00
9.37572800e-06,1.80000319e+00
9.37582800e-06,1.79999817e+00
9.37592800e-06,1.80000320e+00
9.37602800e-06,1.79999817e+00
9.37612800e-06,1.80000320e+00
9.37622800e-06,1.79999818e+00
9.37632800e-06,1.80000320e+00
9.37642800e-06,1.79999818e+00
9.37652800e-06,1.80000321e+00
9.37662800e-06,1.79999818e+00
9.37672800e-06,1.80000321e+00
9.37682800e-06,1.79999819e+00
9.37692800e-06,1.80000321e+00
9.37702800e-06,1.79999819e+00
9.37712800e-06,1.80000322e+00
9.37722800e-06,1.79999820e+00
9.37732800e-06,1.80000322e+00
9.37742800e-06,1.79999820e+00
9.37752800e-06,1.80000322e+00
9.37762800e-06,1.79999821e+00
9.37772800e-06,1.80000323e+00
9.37782800e-06,1.79999821e+00
9.37792800e-06,1.80000323e+00
9.37802800e-06,1.79999822e+00
9.37812800e-06,1.80000324e+00
9.37822800e-06,1.79999822e+00
9.37832800e-06,1.80000324e+00
9.37842800e-06,1.79999822e+00
9.37852800e-06,1.80000324e+00
9.37862800e-06,1.79999823e+00
9.37872800e-06,1.80000325e+00
9.37882800e-06,1.79999823e+00
9.37892800e-06,1.80000325e+00
9.37902800e-06,1.79999824e+00
9.37912800e-06,1.80000326e+00
9.37922800e-06,1.79999824e+00
9.37932800e-06,1.80000326e+00
9.37942800e-06,1.79999825e+00
9.37952800e-06,1.80000326e+00
9.37962800e-06,1.79999825e+00
9.37972800e-06,1.80000327e+00
9.37982800e-06,1.79999826e+00
9.37992800e-06,1.80000327e+00
9.38002800e-06,1.79999826e+00
9.38012800e-06,1.80000328e+00
9.38022800e-06,1.79999827e+00
9.38032800e-06,1.80000328e+00
9.38042800e-06,1.79999827e+00
9.38052800e-06,1.80000328e+00
9.38062800e-06,1.79999828e+00
9.38072800e-06,1.80000329e+00
9.38082800e-06,1.79999828e+00
9.38092800e-06,1.80000329e+00
9.38102800e-06,1.79999828e+00
9.38112800e-06,1.80000330e+00
9.38122800e-06,1.79999829e+00
9.38132800e-06,1.80000330e+00
9.38142800e-06,1.79999829e+00
9.38152800e-06,1.80000330e+00
9.38162800e-06,1.79999830e+00
9.38172800e-06,1.80000331e+00
9.38182800e-06,1.79999830e+00
9.38192800e-06,1.80000331e+00
9.38202800e-06,1.79999831e+00
9.38212800e-06,1.80000332e+00
9.38222800e-06,1.79999831e+00
9.38232800e-06,1.80000332e+00
9.38242800e-06,1.79999832e+00
9.38252800e-06,1.80000332e+00
9.38262800e-06,1.79999832e+00
9.38272800e-06,1.80000333e+00
9.38282800e-06,1.79999833e+00
9.38292800e-06,1.80000333e+00
9.38302800e-06,1.79999833e+00
9.38312800e-06,1.80000334e+00
9.38322800e-06,1.79999834e+00
9.38332800e-06,1.80000334e+00
9.38342800e-06,1.79999834e+00
9.38352800e-06,1.80000335e+00
9.38362800e-06,1.79999835e+00
9.38372800e-06,1.80000335e+00
9.38382800e-06,1.79999835e+00
9.38392800e-06,1.80000336e+00
9.38402800e-06,1.79999836e+00
9.38412800e-06,1.80000336e+00
9.38422800e-06,1.79999836e+00
9.38432800e-06,1.80000336e+00
9.38442800e-06,1.79999837e+00
9.38452800e-06,1.80000337e+00
9.38462800e-06,1.79999837e+00
9.38472800e-06,1.80000337e+00
9.38482800e-06,1.79999838e+00
9.38492800e-06,1.80000338e+00
9.38502800e-06,1.79999838e+00
9.38512800e-06,1.80000338e+00
9.38522800e-06,1.79999839e+00
9.38532800e-06,1.80000339e+00
9.38542800e-06,1.79999839e+00
9.38552800e-06,1.80000339e+00
9.38562800e-06,1.79999840e+00
9.38572800e-06,1.80000340e+00
9.38582800e-06,1.79999840e+00
9.38592800e-06,1.80000340e+00
9.38602800e-06,1.79999841e+00
9.38612800e-06,1.80000341e+00
9.38622800e-06,1.79999842e+00
9.38632800e-06,1.80000341e+00
9.38642800e-06,1.79999842e+00
9.38652800e-06,1.80000341e+00
9.38662800e-06,1.79999843e+00
9.38672800e-06,1.80000342e+00
9.38682800e-06,1.79999843e+00
9.38692800e-06,1.80000342e+00
9.38702800e-06,1.79999844e+00
9.38712800e-06,1.80000343e+00
9.38722800e-06,1.79999844e+00
9.38732800e-06,1.80000343e+00
9.38742800e-06,1.79999845e+00
9.38752800e-06,1.80000344e+00
9.38762800e-06,1.79999845e+00
9.38772800e-06,1.80000344e+00
9.38782800e-06,1.79999846e+00
9.38792800e-06,1.80000345e+00
9.38802800e-06,1.79999846e+00
9.38812800e-06,1.80000345e+00
9.38822800e-06,1.79999847e+00
9.38832800e-06,1.80000346e+00
9.38842800e-06,1.79999848e+00
9.38852800e-06,1.80000346e+00
9.38862800e-06,1.79999848e+00
9.38872800e-06,1.80000347e+00
9.38882800e-06,1.79999849e+00
9.38892800e-06,1.80000347e+00
9.38902800e-06,1.79999849e+00
9.38912800e-06,1.80000348e+00
9.38922800e-06,1.79999850e+00
9.38932800e-06,1.80000348e+00
9.38942800e-06,1.79999850e+00
9.38952800e-06,1.80000349e+00
9.38962800e-06,1.79999851e+00
9.38972800e-06,1.80000349e+00
9.38982800e-06,1.79999851e+00
9.38992800e-06,1.80000350e+00
9.39002800e-06,1.79999852e+00
9.39012800e-06,1.80000350e+00
9.39022800e-06,1.79999853e+00
9.39032800e-06,1.80000351e+00
9.39042800e-06,1.79999853e+00
9.39052800e-06,1.80000352e+00
9.39062800e-06,1.79999854e+00
9.39072800e-06,1.80000352e+00
9.39082800e-06,1.79999854e+00
9.39092800e-06,1.80000353e+00
9.39102800e-06,1.79999855e+00
9.39112800e-06,1.80000353e+00
9.39122800e-06,1.79999856e+00
9.39132800e-06,1.80000354e+00
9.39142800e-06,1.79999856e+00
9.39152800e-06,1.80000354e+00
9.39162800e-06,1.79999857e+00
9.39172800e-06,1.80000355e+00
9.39182800e-06,1.79999857e+00
9.39192800e-06,1.80000355e+00
9.39202800e-06,1.79999858e+00
9.39212800e-06,1.80000356e+00
9.39222800e-06,1.79999858e+00
9.39232800e-06,1.80000356e+00
9.39242800e-06,1.79999859e+00
9.39252800e-06,1.80000357e+00
9.39262800e-06,1.79999860e+00
9.39272800e-06,1.80000358e+00
9.39282800e-06,1.79999860e+00
9.39292800e-06,1.80000358e+00
9.39302800e-06,1.79999861e+00
9.39312800e-06,1.80000359e+00
9.39322800e-06,1.79999862e+00
9.39332800e-06,1.80000359e+00
9.39342800e-06,1.79999862e+00
9.39352800e-06,1.80000360e+00
9.39362800e-06,1.79999863e+00
9.39372800e-06,1.80000360e+00
9.39382800e-06,1.79999863e+00
9.39392800e-06,1.80000361e+00
9.39402800e-06,1.79999864e+00
9.39412800e-06,1.80000362e+00
9.39422800e-06,1.79999865e+00
9.39432800e-06,1.80000362e+00
9.39442800e-06,1.79999865e+00
9.39452800e-06,1.80000363e+00
9.39462800e-06,1.79999866e+00
9.39472800e-06,1.80000363e+00
9.39482800e-06,1.79999867e+00
9.39492800e-06,1.80000364e+00
9.39502800e-06,1.79999867e+00
9.39512800e-06,1.80000365e+00
9.39522800e-06,1.79999868e+00
9.39532800e-06,1.80000365e+00
9.39542800e-06,1.79999868e+00
9.39552800e-06,1.80000366e+00
9.39562800e-06,1.79999869e+00
9.39572800e-06,1.80000366e+00
9.39582800e-06,1.79999870e+00
9.39592800e-06,1.80000367e+00
9.39602800e-06,1.79999870e+00
9.39612800e-06,1.80000368e+00
9.39622800e-06,1.79999871e+00
9.39632800e-06,1.80000368e+00
9.39642800e-06,1.79999872e+00
9.39652800e-06,1.80000369e+00
9.39662800e-06,1.79999872e+00
9.39672800e-06,1.80000370e+00
9.39682800e-06,1.79999873e+00
9.39692800e-06,1.80000370e+00
9.39702800e-06,1.79999874e+00
9.39712800e-06,1.80000371e+00
9.39722800e-06,1.79999874e+00
9.39732800e-06,1.80000371e+00
9.39742800e-06,1.79999875e+00
9.39752800e-06,1.80000372e+00
9.39762800e-06,1.79999876e+00
9.39772800e-06,1.80000373e+00
9.39782800e-06,1.79999876e+00
9.39792800e-06,1.80000373e+00
9.39802800e-06,1.79999877e+00
9.39812800e-06,1.80000374e+00
9.39822800e-06,1.79999878e+00
9.39832800e-06,1.80000375e+00
9.39842800e-06,1.79999879e+00
9.39852800e-06,1.80000375e+00
9.39862800e-06,1.79999879e+00
9.39872800e-06,1.80000376e+00
9.39882800e-06,1.79999880e+00
9.39892800e-06,1.80000377e+00
9.39902800e-06,1.79999881e+00
9.39912800e-06,1.80000377e+00
9.39922800e-06,1.79999881e+00
9.39932800e-06,1.80000378e+00
9.39942800e-06,1.79999882e+00
9.39952800e-06,1.80000379e+00
9.39962800e-06,1.79999883e+00
9.39972800e-06,1.80000379e+00
9.39982800e-06,1.79999884e+00
9.39992800e-06,1.80000380e+00
9.40002800e-06,1.79999884e+00
9.40012800e-06,1.80000381e+00
9.40022800e-06,1.79999885e+00
9.40032800e-06,1.80000382e+00
9.40042800e-06,1.79999886e+00
9.40052800e-06,1.80000382e+00
9.40062800e-06,1.79999886e+00
9.40072800e-06,1.80000383e+00
9.40082800e-06,1.79999887e+00
9.40092800e-06,1.80000384e+00
9.40102800e-06,1.79999888e+00
9.40112800e-06,1.80000384e+00
9.40122800e-06,1.79999889e+00
9.40132800e-06,1.80000385e+00
9.40142800e-06,1.79999889e+00
9.40152800e-06,1.80000386e+00
9.40162800e-06,1.79999890e+00
9.40172800e-06,1.80000387e+00
9.40182800e-06,1.79999891e+00
9.40192800e-06,1.80000387e+00
9.40202800e-06,1.79999892e+00
9.40212800e-06,1.80000388e+00
9.40222800e-06,1.79999892e+00
9.40232800e-06,1.80000389e+00
9.40242800e-06,1.79999893e+00
9.40252800e-06,1.80000390e+00
9.40262800e-06,1.79999894e+00
9.40272800e-06,1.80000390e+00
9.40282800e-06,1.79999895e+00
9.40292800e-06,1.80000391e+00
9.40302800e-06,1.79999896e+00
9.40312800e-06,1.80000392e+00
9.40322800e-06,1.79999896e+00
9.40332800e-06,1.80000393e+00
9.40342800e-06,1.79999897e+00
9.40352800e-06,1.80000394e+00
9.40362800e-06,1.79999898e+00
9.40372800e-06,1.80000394e+00
9.40382800e-06,1.79999899e+00
9.40392800e-06,1.80000395e+00
9.40402800e-06,1.79999900e+00
9.40412800e-06,1.80000396e+00
9.40422800e-06,1.79999900e+00
9.40432800e-06,1.80000397e+00
9.40442800e-06,1.79999901e+00
9.40452800e-06,1.80000398e+00
9.40462800e-06,1.79999902e+00
9.40472800e-06,1.80000398e+00
9.40482800e-06,1.79999903e+00
9.40492800e-06,1.80000399e+00
9.40502800e-06,1.79999904e+00
9.40512800e-06,1.80000400e+00
9.40522800e-06,1.79999904e+00
9.40532800e-06,1.80000401e+00
9.40542800e-06,1.79999905e+00
9.40552800e-06,1.80000402e+00
9.40562800e-06,1.79999906e+00
9.40572800e-06,1.80000402e+00
9.40582800e-06,1.79999907e+00
9.40592800e-06,1.80000403e+00
9.40602800e-06,1.79999908e+00
9.40612800e-06,1.80000404e+00
9.40622800e-06,1.79999909e+00
9.40632800e-06,1.80000405e+00
9.40642800e-06,1.79999910e+00
9.40652800e-06,1.80000406e+00
9.40662800e-06,1.79999910e+00
9.40672800e-06,1.80000407e+00
9.40682800e-06,1.79999911e+00
9.40692800e-06,1.80000408e+00
9.40702800e-06,1.79999912e+00
9.40712800e-06,1.80000409e+00
9.40722800e-06,1.79999913e+00
9.40732800e-06,1.80000409e+00
9.40742800e-06,1.79999914e+00
9.40752800e-06,1.80000410e+00
9.40762800e-06,1.79999915e+00
9.40772800e-06,1.80000411e+00
9.40782800e-06,1.79999916e+00
9.40792800e-06,1.80000412e+00
9.40802800e-06,1.79999917e+00
9.40812800e-06,1.80000413e+00
9.40822800e-06,1.79999918e+00
9.40832800e-06,1.80000414e+00
9.40842800e-06,1.79999918e+00
9.40852800e-06,1.80000415e+00
9.40862800e-06,1.79999919e+00
9.40872800e-06,1.80000416e+00
9.40882800e-06,1.79999920e+00
9.40892800e-06,1.80000417e+00
9.40902800e-06,1.79999921e+00
9.40912800e-06,1.80000418e+00
9.40922800e-06,1.79999922e+00
9.40932800e-06,1.80000419e+00
9.40942800e-06,1.79999923e+00
9.40952800e-06,1.80000420e+00
9.40962800e-06,1.79999924e+00
9.40972800e-06,1.80000420e+00
9.40982800e-06,1.79999925e+00
9.40992800e-06,1.80000421e+00
9.41002800e-06,1.79999926e+00
9.41012800e-06,1.80000422e+00
9.41022800e-06,1.79999927e+00
9.41032800e-06,1.80000423e+00
9.41042800e-06,1.79999928e+00
9.41052800e-06,1.80000424e+00
9.41062800e-06,1.79999929e+00
9.41072800e-06,1.80000425e+00
9.41082800e-06,1.79999930e+00
9.41092800e-06,1.80000426e+00
9.41102800e-06,1.79999931e+00
9.41112800e-06,1.80000427e+00
9.41122800e-06,1.79999932e+00
9.41132800e-06,1.80000428e+00
9.41142800e-06,1.79999933e+00
9.41152800e-06,1.80000429e+00
9.41162800e-06,1.79999935e+00
9.41172800e-06,1.80000430e+00
9.41182800e-06,1.79999936e+00
9.41192800e-06,1.80000431e+00
9.41202800e-06,1.79999937e+00
9.41212800e-06,1.80000431e+00
9.41222800e-06,1.79999938e+00
9.41232800e-06,1.80000432e+00
9.41242800e-06,1.79999939e+00
9.41252800e-06,1.80000433e+00
9.41262800e-06,1.79999940e+00
9.41272800e-06,1.80000434e+00
9.41282800e-06,1.79999941e+00
9.41292800e-06,1.80000435e+00
9.41302800e-06,1.79999942e+00
9.41312800e-06,1.80000436e+00
9.41322800e-06,1.79999944e+00
9.41332800e-06,1.80000437e+00
9.41342800e-06,1.79999945e+00
9.41352800e-06,1.80000438e+00
9.41362800e-06,1.79999946e+00
9.41372800e-06,1.80000439e+00
9.41382800e-06,1.79999947e+00
9.41392800e-06,1.80000440e+00
9.41402800e-06,1.79999948e+00
9.41412800e-06,1.80000441e+00
9.41422800e-06,1.79999950e+00
9.41432800e-06,1.80000442e+00
9.41442800e-06,1.79999951e+00
9.41452800e-06,1.80000443e+00
9.41462800e-06,1.79999952e+00
9.41472800e-06,1.80000444e+00
9.41482800e-06,1.79999953e+00
9.41492800e-06,1.80000446e+00
9.41502800e-06,1.79999954e+00
9.41512800e-06,1.80000447e+00
9.41522800e-06,1.79999956e+00
9.41532800e-06,1.80000448e+00
9.41542800e-06,1.79999957e+00
9.41552800e-06,1.80000449e+00
9.41562800e-06,1.79999958e+00
9.41572800e-06,1.80000450e+00
9.41582800e-06,1.79999959e+00
9.41592800e-06,1.80000451e+00
9.41602800e-06,1.79999961e+00
9.41612800e-06,1.80000452e+00
9.41622800e-06,1.79999962e+00
9.41632800e-06,1.80000453e+00
9.41642800e-06,1.79999963e+00
9.41652800e-06,1.80000454e+00
9.41662800e-06,1.79999964e+00
9.41672800e-06,1.80000455e+00
9.41682800e-06,1.79999966e+00
9.41692800e-06,1.80000457e+00
9.41702800e-06,1.79999967e+00
9.41712800e-06,1.80000458e+00
9.41722800e-06,1.79999968e+00
9.41732800e-06,1.80000459e+00
9.41742800e-06,1.79999970e+00
9.41752800e-06,1.80000460e+00
9.41762800e-06,1.79999971e+00
9.41772800e-06,1.80000461e+00
9.41782800e-06,1.79999972e+00
9.41792800e-06,1.80000462e+00
9.41802800e-06,1.79999974e+00
9.41812800e-06,1.80000464e+00
9.41822800e-06,1.79999975e+00
9.41832800e-06,1.80000465e+00
9.41842800e-06,1.79999977e+00
9.41852800e-06,1.80000466e+00
9.41862800e-06,1.79999978e+00
9.41872800e-06,1.80000467e+00
9.41882800e-06,1.79999979e+00
9.41892800e-06,1.80000469e+00
9.41902800e-06,1.79999981e+00
9.41912800e-06,1.80000470e+00
9.41922800e-06,1.79999982e+00
9.41932800e-06,1.80000471e+00
9.41942800e-06,1.79999984e+00
9.41952800e-06,1.80000472e+00
9.41962800e-06,1.79999985e+00
9.41972800e-06,1.80000474e+00
9.41982800e-06,1.79999986e+00
9.41992800e-06,1.80000475e+00
9.42002800e-06,1.79999988e+00
9.42012800e-06,1.80000476e+00
9.42022800e-06,1.79999989e+00
9.42032800e-06,1.80000478e+00
9.42042800e-06,1.79999991e+00
9.42052800e-06,1.80000479e+00
9.42062800e-06,1.79999992e+00
9.42072800e-06,1.80000480e+00
9.42082800e-06,1.79999994e+00
9.42092800e-06,1.80000482e+00
9.42102800e-06,1.79999995e+00
9.42112800e-06,1.80000483e+00
9.42122800e-06,1.79999997e+00
9.42132800e-06,1.80000485e+00
9.42142800e-06,1.79999999e+00
9.42152800e-06,1.80000486e+00
9.42162800e-06,1.80000000e+00
9.42172800e-06,1.80000487e+00
9.42182800e-06,1.80000002e+00
9.42192800e-06,1.80000489e+00
9.42202800e-06,1.80000003e+00
9.42212800e-06,1.80000490e+00
9.42222800e-06,1.80000005e+00
9.42232800e-06,1.80000492e+00
9.42242800e-06,1.80000006e+00
9.42252800e-06,1.80000493e+00
9.42262800e-06,1.80000008e+00
9.42272800e-06,1.80000495e+00
9.42282800e-06,1.80000010e+00
9.42292800e-06,1.80000496e+00
9.42302800e-06,1.80000011e+00
9.42312800e-06,1.80000498e+00
9.42322800e-06,1.80000013e+00
9.42332800e-06,1.80000499e+00
9.42342800e-06,1.80000015e+00
9.42352800e-06,1.80000501e+00
9.42362800e-06,1.80000016e+00
9.42372800e-06,1.80000502e+00
9.42382800e-06,1.80000018e+00
9.42392800e-06,1.80000504e+00
9.42402800e-06,1.80000020e+00
9.42412800e-06,1.80000506e+00
9.42422800e-06,1.80000022e+00
9.42432800e-06,1.80000507e+00
9.42442800e-06,1.80000023e+00
9.42452800e-06,1.80000509e+00
9.42462800e-06,1.80000025e+00
9.42472800e-06,1.80000510e+00
9.42482800e-06,1.80000027e+00
9.42492800e-06,1.80000512e+00
9.42502800e-06,1.80000029e+00
9.42512800e-06,1.80000514e+00
9.42522800e-06,1.80000030e+00
9.42532800e-06,1.80000515e+00
9.42542800e-06,1.80000032e+00
9.42552800e-06,1.80000517e+00
9.42562800e-06,1.80000034e+00
9.42572800e-06,1.80000519e+00
9.42582800e-06,1.80000036e+00
9.42592800e-06,1.80000521e+00
9.42602800e-06,1.80000038e+00
9.42612800e-06,1.80000522e+00
9.42622800e-06,1.80000040e+00
9.42632800e-06,1.80000524e+00
9.42642800e-06,1.80000042e+00
9.42652800e-06,1.80000526e+00
9.42662800e-06,1.80000044e+00
9.42672800e-06,1.80000528e+00
9.42682800e-06,1.80000046e+00
9.42692800e-06,1.80000530e+00
9.42702800e-06,1.80000048e+00
9.42712800e-06,1.80000531e+00
9.42722800e-06,1.80000050e+00
9.42732800e-06,1.80000533e+00
9.42742800e-06,1.80000052e+00
9.42752800e-06,1.80000535e+00
9.42762800e-06,1.80000054e+00
9.42772800e-06,1.80000537e+00
9.42782800e-06,1.80000056e+00
9.42792800e-06,1.80000539e+00
9.42802800e-06,1.80000058e+00
9.42812800e-06,1.80000541e+00
9.42822800e-06,1.80000060e+00
9.42832800e-06,1.80000543e+00
9.42842800e-06,1.80000062e+00
9.42852800e-06,1.80000545e+00
9.42862800e-06,1.80000064e+00
9.42872800e-06,1.80000547e+00
9.42882800e-06,1.80000066e+00
9.42892800e-06,1.80000549e+00
9.42902800e-06,1.80000068e+00
9.42912800e-06,1.80000551e+00
9.42922800e-06,1.80000071e+00
9.42932800e-06,1.80000553e+00
9.42942800e-06,1.80000073e+00
9.42952800e-06,1.80000555e+00
9.42962800e-06,1.80000075e+00
9.42972800e-06,1.80000557e+00
9.42982800e-06,1.80000077e+00
9.42992800e-06,1.80000559e+00
9.43002800e-06,1.80000080e+00
9.43012800e-06,1.80000562e+00
9.43022800e-06,1.80000082e+00
9.43032800e-06,1.80000564e+00
9.43042800e-06,1.80000084e+00
9.43052800e-06,1.80000566e+00
9.43062800e-06,1.80000087e+00
9.43072800e-06,1.80000568e+00
9.43082800e-06,1.80000089e+00
9.43092800e-06,1.80000571e+00
9.43102800e-06,1.80000091e+00
9.43112800e-06,1.80000573e+00
9.43122800e-06,1.80000094e+00
9.43132800e-06,1.80000575e+00
9.43142800e-06,1.80000096e+00
9.43152800e-06,1.80000578e+00
9.43162800e-06,1.80000099e+00
9.43172800e-06,1.80000580e+00
9.43182800e-06,1.80000101e+00
9.43192800e-06,1.80000582e+00
9.43202800e-06,1.80000104e+00
9.43212800e-06,1.80000585e+00
9.43222800e-06,1.80000106e+00
9.43232800e-06,1.80000587e+00
9.43242800e-06,1.80000109e+00
9.43252800e-06,1.80000590e+00
9.43262800e-06,1.80000112e+00
9.43272800e-06,1.80000592e+00
9.43282800e-06,1.80000114e+00
9.43292800e-06,1.80000595e+00
9.43302800e-06,1.80000117e+00
9.43312800e-06,1.80000597e+00
9.43322800e-06,1.80000120e+00
9.43332800e-06,1.80000600e+00
9.43342800e-06,1.80000123e+00
9.43352800e-06,1.80000603e+00
9.43362800e-06,1.80000125e+00
9.43372800e-06,1.80000605e+00
9.43382800e-06,1.80000128e+00
9.43392800e-06,1.80000608e+00
9.43402800e-06,1.80000131e+00
9.43412800e-06,1.80000611e+00
9.43422800e-06,1.80000134e+00
9.43432800e-06,1.80000614e+00
9.43442800e-06,1.80000137e+00
9.43452800e-06,1.80000617e+00
9.43462800e-06,1.80000140e+00
9.43472800e-06,1.80000619e+00
9.43482800e-06,1.80000143e+00
9.43492800e-06,1.80000622e+00
9.43502800e-06,1.80000146e+00
9.43512800e-06,1.80000625e+00
9.43522800e-06,1.80000149e+00
9.43532800e-06,1.80000628e+00
9.43542800e-06,1.80000152e+00
9.43552800e-06,1.80000631e+00
9.43562800e-06,1.80000155e+00
9.43572800e-06,1.80000634e+00
9.43582800e-06,1.80000158e+00
9.43592800e-06,1.80000637e+00
9.43602800e-06,1.80000162e+00
9.43612800e-06,1.80000640e+00
9.43622800e-06,1.80000165e+00
9.43632800e-06,1.80000644e+00
9.43642800e-06,1.80000168e+00
9.43652800e-06,1.80000647e+00
9.43662800e-06,1.80000172e+00
9.43672800e-06,1.80000650e+00
9.43682800e-06,1.80000175e+00
9.43692800e-06,1.80000653e+00
9.43702800e-06,1.80000178e+00
9.43712800e-06,1.80000657e+00
9.43722800e-06,1.80000182e+00
9.43732800e-06,1.80000660e+00
9.43742800e-06,1.80000185e+00
9.43752800e-06,1.80000664e+00
9.43762800e-06,1.80000189e+00
9.43772800e-06,1.80000667e+00
9.43782800e-06,1.80000193e+00
9.43792800e-06,1.80000671e+00
9.43802800e-06,1.80000196e+00
9.43812800e-06,1.80000674e+00
9.43822800e-06,1.80000200e+00
9.43832800e-06,1.80000678e+00
9.43842800e-06,1.80000204e+00
9.43852800e-06,1.80000682e+00
9.43862800e-06,1.80000208e+00
9.43872800e-06,1.80000685e+00
9.43882800e-06,1.80000212e+00
9.43892800e-06,1.80000689e+00
9.43902800e-06,1.80000216e+00
9.43912800e-06,1.80000693e+00
9.43922800e-06,1.80000220e+00
9.43932800e-06,1.80000697e+00
9.43942800e-06,1.80000224e+00
9.43952800e-06,1.80000701e+00
9.43962800e-06,1.80000228e+00
9.43972800e-06,1.80000705e+00
9.43982800e-06,1.80000232e+00
9.43992800e-06,1.80000709e+00
9.44002800e-06,1.80000236e+00
9.44012800e-06,1.80000713e+00
9.44022800e-06,1.80000241e+00
9.44032800e-06,1.80000718e+00
9.44042800e-06,1.80000245e+00
9.44052800e-06,1.80000734e+00
9.44062800e-06,1.80000252e+00
9.44072800e-06,1.80000737e+00
9.44082800e-06,1.80000258e+00
9.44092800e-06,1.80000740e+00
9.44102800e-06,1.80000263e+00
9.44112800e-06,1.80000744e+00
9.44122800e-06,1.80000269e+00
9.44132800e-06,1.80000748e+00
9.44142800e-06,1.80000274e+00
9.44152800e-06,1.80000752e+00
9.44162800e-06,1.80000279e+00
9.44172800e-06,1.80000757e+00
9.44182800e-06,1.80000284e+00
9.44192800e-06,1.80000762e+00
9.44202800e-06,1.80000289e+00
9.44212800e-06,1.80000767e+00
9.44222800e-06,1.80000295e+00
9.44232800e-06,1.80000771e+00
9.44242800e-06,1.80000300e+00
9.44252800e-06,1.80000777e+00
9.44262800e-06,1.80000305e+00
9.44272800e-06,1.80000782e+00
9.44282800e-06,1.80000311e+00
9.44292800e-06,1.80000787e+00
9.44302800e-06,1.80000316e+00
9.44312800e-06,1.80000792e+00
9.44322800e-06,1.80000322e+00
9.44332800e-06,1.80000798e+00
9.44342800e-06,1.80000327e+00
9.44352800e-06,1.80000804e+00
9.44362800e-06,1.80000333e+00
9.44372800e-06,1.80000809e+00
9.44382800e-06,1.80000339e+00
9.44392800e-06,1.80000815e+00
9.44402800e-06,1.80000345e+00
9.44412800e-06,1.80000821e+00
9.44422800e-06,1.80000351e+00
9.44432800e-06,1.80000827e+00
9.44442800e-06,1.80000357e+00
9.44452800e-06,1.80000833e+00
9.44462800e-06,1.80000364e+00
9.44472800e-06,1.80000839e+00
9.44482800e-06,1.80000370e+00
9.44492800e-06,1.80000846e+00
9.44502800e-06,1.80000376e+00
9.44512800e-06,1.80000852e+00
9.44522800e-06,1.80000383e+00
9.44532800e-06,1.80000859e+00
9.44542800e-06,1.80000390e+00
9.44552800e-06,1.80000866e+00
9.44562800e-06,1.80000397e+00
9.44572800e-06,1.80000873e+00
9.44582800e-06,1.80000404e+00
9.44592800e-06,1.80000880e+00
9.44602800e-06,1.80000411e+00
9.44612800e-06,1.80000887e+00
9.44622800e-06,1.80000418e+00
9.44632800e-06,1.80000894e+00
9.44642800e-06,1.80000426e+00
9.44652800e-06,1.80000902e+00
9.44662800e-06,1.80000434e+00
9.44672800e-06,1.80000909e+00
9.44682800e-06,1.80000441e+00
9.44692800e-06,1.80000917e+00
9.44702800e-06,1.80000449e+00
9.44712800e-06,1.80000925e+00
9.44722800e-06,1.80000458e+00
9.44732800e-06,1.80000933e+00
9.44742800e-06,1.80000466e+00
9.44752800e-06,1.80000941e+00
9.44762800e-06,1.80000474e+00
9.44772800e-06,1.80000950e+00
9.44782800e-06,1.80000483e+00
9.44792800e-06,1.80000959e+00
9.44802800e-06,1.80000492e+00
9.44812800e-06,1.80000967e+00
9.44822800e-06,1.80000501e+00
9.44832800e-06,1.80000977e+00
9.44842800e-06,1.80000510e+00
9.44852800e-06,1.80000986e+00
9.44862800e-06,1.80000520e+00
9.44872800e-06,1.80000995e+00
9.44882800e-06,1.80000529e+00
9.44892800e-06,1.80001005e+00
9.44902800e-06,1.80000539e+00
9.44912800e-06,1.80001015e+00
9.44922800e-06,1.80000549e+00
9.44932800e-06,1.80001025e+00
9.44942800e-06,1.80000560e+00
9.44952800e-06,1.80001036e+00
9.44962800e-06,1.80000571e+00
9.44972800e-06,1.80001046e+00
9.44982800e-06,1.80000581e+00
9.44992800e-06,1.80001057e+00
9.45002800e-06,1.80000593e+00
9.45012800e-06,1.80001068e+00
9.45022800e-06,1.80000604e+00
9.45032800e-06,1.80001080e+00
9.45042800e-06,1.80000616e+00
9.45052800e-06,1.80001092e+00
9.45062800e-06,1.80000628e+00
9.45072800e-06,1.80001104e+00
9.45082800e-06,1.80000640e+00
9.45092800e-06,1.80001116e+00
9.45102800e-06,1.80000653e+00
9.45112800e-06,1.80001129e+00
9.45122800e-06,1.80000666e+00
9.45132800e-06,1.80001142e+00
9.45142800e-06,1.80000679e+00
9.45152800e-06,1.80001156e+00
9.45162800e-06,1.80000693e+00
9.45172800e-06,1.80001169e+00
9.45182800e-06,1.80000707e+00
9.45192800e-06,1.80001184e+00
9.45202800e-06,1.80000721e+00
9.45212800e-06,1.80001198e+00
9.45222800e-06,1.80000736e+00
9.45232800e-06,1.80001213e+00
9.45242800e-06,1.80000752e+00
9.45252800e-06,1.80001229e+00
9.45262800e-06,1.80000767e+00
9.45272800e-06,1.80001244e+00
9.45282800e-06,1.80000783e+00
9.45292800e-06,1.80001261e+00
9.45302800e-06,1.80000800e+00
9.45312800e-06,1.80001277e+00
9.45322800e-06,1.80000817e+00
9.45332800e-06,1.80001295e+00
9.45342800e-06,1.80000835e+00
9.45352800e-06,1.80001313e+00
9.45362800e-06,1.80000853e+00
9.45372800e-06,1.80001331e+00
9.45382800e-06,1.80000872e+00
9.45392800e-06,1.80001350e+00
9.45402800e-06,1.80000891e+00
9.45412800e-06,1.80001369e+00
9.45422800e-06,1.80000911e+00
9.45432800e-06,1.80001389e+00
9.45442800e-06,1.80000931e+00
9.45452800e-06,1.80001410e+00
9.45462800e-06,1.80000952e+00
9.45472800e-06,1.80001431e+00
9.45482800e-06,1.80000974e+00
9.45492800e-06,1.80001453e+00
9.45502800e-06,1.80000996e+00
9.45512800e-06,1.80001476e+00
9.45522800e-06,1.80001020e+00
9.45532800e-06,1.80001499e+00
9.45542800e-06,1.80001043e+00
9.45552800e-06,1.80001524e+00
9.45562800e-06,1.80001068e+00
9.45572800e-06,1.80001548e+00
9.45582800e-06,1.80001093e+00
9.45592800e-06,1.80001574e+00
9.45602800e-06,1.80001120e+00
9.45612800e-06,1.80001601e+00
9.45622800e-06,1.80001147e+00
9.45632800e-06,1.80001628e+00
9.45642800e-06,1.80001175e+00
9.45652800e-06,1.80001657e+00
9.45662800e-06,1.80001204e+00
9.45672800e-06,1.80001686e+00
9.45682800e-06,1.80001233e+00
9.45692800e-06,1.80001716e+00
9.45702800e-06,1.80001264e+00
9.45712800e-06,1.80001747e+00
9.45722800e-06,1.80001296e+00
9.45732800e-06,1.80001779e+00
9.45742800e-06,1.80001329e+00
9.45752800e-06,1.80001813e+00
9.45762800e-06,1.80001363e+00
9.45772800e-06,1.80001847e+00
9.45782800e-06,1.80001398e+00
9.45792800e-06,1.80001883e+00
9.45802800e-06,1.80001434e+00
9.45812800e-06,1.80001919e+00
9.45822800e-06,1.80001471e+00
9.45832800e-06,1.80001957e+00
9.45842800e-06,1.80001509e+00
9.45852800e-06,1.80001996e+00
9.45862800e-06,1.80001549e+00
9.45872800e-06,1.80002036e+00
9.45882800e-06,1.80001590e+00
9.45892800e-06,1.80002077e+00
9.45902800e-06,1.80001632e+00
9.45912800e-06,1.80002120e+00
9.45922800e-06,1.80001675e+00
9.45932800e-06,1.80002164e+00
9.45942800e-06,1.80001719e+00
9.45952800e-06,1.80002209e+00
9.45962800e-06,1.80001765e+00
9.45972800e-06,1.80002255e+00
9.45982800e-06,1.80001812e+00
9.45992800e-06,1.80002303e+00
9.46002800e-06,1.80001861e+00
9.46012800e-06,1.80002352e+00
9.46022800e-06,1.80001910e+00
9.46032800e-06,1.80002402e+00
9.46042800e-06,1.80001961e+00
9.46052800e-06,1.80002453e+00
9.46062800e-06,1.80002013e+00
9.46072800e-06,1.80002506e+00
9.46082800e-06,1.80002067e+00
9.46092800e-06,1.80002560e+00
9.46102800e-06,1.80002122e+00
9.46112800e-06,1.80002616e+00
9.46122800e-06,1.80002178e+00
9.46132800e-06,1.80002672e+00
9.46142800e-06,1.80002235e+00
9.46152800e-06,1.80002730e+00
9.46162800e-06,1.80002293e+00
9.46172800e-06,1.80002789e+00
9.46182800e-06,1.80002352e+00
9.46192800e-06,1.80002848e+00
9.46202800e-06,1.80002413e+00
9.46212800e-06,1.80002909e+00
9.46222800e-06,1.80002475e+00
9.46232800e-06,1.80002971e+00
9.46242800e-06,1.80002537e+00
9.46252800e-06,1.80003035e+00
9.46262800e-06,1.80002601e+00
9.46272800e-06,1.80003099e+00
9.46282800e-06,1.80002665e+00
9.46292800e-06,1.80003163e+00
9.46302800e-06,1.80002731e+00
9.46312800e-06,1.80003229e+00
9.46322800e-06,1.80002797e+00
9.46332800e-06,1.80003296e+00
9.46342800e-06,1.80002864e+00
9.46352800e-06,1.80003363e+00
9.46362800e-06,1.80002932e+00
9.46372800e-06,1.80003431e+00
9.46382800e-06,1.80003000e+00
9.46392800e-06,1.80003500e+00
9.46402800e-06,1.80003069e+00
9.46412800e-06,1.80003569e+00
9.46422800e-06,1.80003139e+00
9.46432800e-06,1.80003639e+00
9.46442800e-06,1.80003209e+00
9.46452800e-06,1.80003709e+00
9.46462800e-06,1.80003279e+00
9.46472800e-06,1.80003780e+00
9.46482800e-06,1.80003351e+00
9.46492800e-06,1.80003852e+00
9.46502800e-06,1.80003422e+00
9.46512800e-06,1.80003923e+00
9.46522800e-06,1.80003494e+00
9.46532800e-06,1.80003995e+00
9.46542800e-06,1.80003566e+00
9.46552800e-06,1.80004068e+00
9.46562800e-06,1.80003639e+00
9.46572800e-06,1.80004140e+00
9.46582800e-06,1.80003712e+00
9.46592800e-06,1.80004213e+00
9.46602800e-06,1.80003785e+00
9.46612800e-06,1.80004287e+00
9.46622800e-06,1.80003859e+00
9.46632800e-06,1.80004360e+00
9.46642800e-06,1.80003932e+00
9.46652800e-06,1.80004434e+00
9.46662800e-06,1.80004006e+00
9.46672800e-06,1.80004508e+00
9.46682800e-06,1.80004080e+00
9.46692800e-06,1.80004582e+00
9.46702800e-06,1.80004154e+00
9.46712800e-06,1.80004656e+00
9.46722800e-06,1.80004229e+00
9.46732800e-06,1.80004731e+00
9.46742800e-06,1.80004303e+00
9.46752800e-06,1.80004805e+00
9.46762800e-06,1.80004378e+00
9.46772800e-06,1.80004880e+00
9.46782800e-06,1.80004453e+00
9.46792800e-06,1.80004955e+00
9.46802800e-06,1.80004528e+00
9.46812800e-06,1.80005030e+00
9.46822800e-06,1.80004603e+00
9.46832800e-06,1.80005105e+00
9.46842800e-06,1.80004679e+00
9.46852800e-06,1.80005180e+00
9.46862800e-06,1.80004754e+00
9.46872800e-06,1.80005256e+00
9.46882800e-06,1.80004830e+00
9.46892800e-06,1.80005332e+00
9.46902800e-06,1.80004906e+00
9.46912800e-06,1.80005407e+00
9.46922800e-06,1.80004981e+00
9.46932800e-06,1.80005483e+00
9.46942800e-06,1.80005058e+00
9.46952800e-06,1.80005560e+00
9.46962800e-06,1.80005134e+00
9.46972800e-06,1.80005636e+00
9.46982800e-06,1.80005210e+00
9.46992800e-06,1.80005712e+00
9.47002800e-06,1.80005287e+00
9.47012800e-06,1.80005789e+00
9.47022800e-06,1.80005364e+00
9.47032800e-06,1.80005866e+00
9.47042800e-06,1.80005441e+00
9.47052800e-06,1.80005942e+00
9.47062800e-06,1.80005518e+00
9.47072800e-06,1.80006019e+00
9.47082800e-06,1.80005595e+00
9.47092800e-06,1.80006096e+00
9.47102800e-06,1.80005672e+00
9.47112800e-06,1.80006174e+00
9.47122800e-06,1.80005749e+00
9.47132800e-06,1.80006251e+00
9.47142800e-06,1.80005826e+00
9.47152800e-06,1.80006328e+00
9.47162800e-06,1.80005903e+00
9.47172800e-06,1.80006405e+00
9.47182800e-06,1.80005980e+00
9.47192800e-06,1.80006481e+00
9.47202800e-06,1.80006057e+00
9.47212800e-06,1.80006558e+00
9.47222800e-06,1.80006133e+00
9.47232800e-06,1.80006634e+00
9.47242800e-06,1.80006209e+00
9.47252800e-06,1.80006709e+00
9.47262800e-06,1.80006284e+00
9.47272800e-06,1.80006784e+00
9.47282800e-06,1.80006359e+00
9.47292800e-06,1.80006876e+00
9.47302800e-06,1.80006480e+00
9.47312800e-06,1.80006953e+00
9.47322800e-06,1.80006542e+00
9.47332800e-06,1.80007024e+00
9.47342800e-06,1.80006605e+00
9.47352800e-06,1.80007093e+00
9.47362800e-06,1.80006668e+00
9.47372800e-06,1.80007158e+00
9.47382800e-06,1.80006730e+00
9.47392800e-06,1.80007221e+00
9.47402800e-06,1.80006790e+00
9.47412800e-06,1.80007280e+00
9.47422800e-06,1.80006847e+00
9.47432800e-06,1.80007336e+00
9.47442800e-06,1.80006900e+00
9.47452800e-06,1.80007387e+00
9.47462800e-06,1.80006949e+00
9.47472800e-06,1.80007433e+00
9.47482800e-06,1.80006993e+00
9.47492800e-06,1.80007474e+00
9.47502800e-06,1.80007030e+00
9.47512800e-06,1.80007507e+00
9.47522800e-06,1.80007059e+00
9.47532800e-06,1.80007532e+00
9.47542800e-06,1.80007079e+00
9.47552800e-06,1.80007547e+00
9.47562800e-06,1.80007089e+00
9.47572800e-06,1.80007550e+00
9.47582800e-06,1.80007086e+00
9.47592800e-06,1.80007540e+00
9.47602800e-06,1.80007068e+00
9.47612800e-06,1.80007514e+00
9.47622800e-06,1.80007033e+00
9.47632800e-06,1.80007469e+00
9.47642800e-06,1.80006978e+00
9.47652800e-06,1.80007403e+00
9.47662800e-06,1.80006900e+00
9.47672800e-06,1.80007311e+00
9.47682800e-06,1.80006794e+00
9.47692800e-06,1.80007189e+00
9.47702800e-06,1.80006656e+00
9.47712800e-06,1.80007033e+00
9.47722800e-06,1.80006480e+00
9.47732800e-06,1.80006836e+00
9.47742800e-06,1.80006261e+00
9.47752800e-06,1.80006593e+00
9.47762800e-06,1.80005991e+00
9.47772800e-06,1.80006294e+00
9.47782800e-06,1.80005662e+00
9.47792800e-06,1.80005932e+00
9.47802800e-06,1.80005265e+00
9.47812800e-06,1.80005496e+00
9.47822800e-06,1.80004787e+00
9.47832800e-06,1.80004974e+00
9.47842800e-06,1.80004217e+00
9.47852800e-06,1.80004352e+00
9.47862800e-06,1.80003539e+00
9.47872800e-06,1.80003613e+00
9.47882800e-06,1.80002736e+00
9.47892800e-06,1.80002739e+00
9.47902800e-06,1.80001787e+00
9.47912800e-06,1.80001709e+00
9.47922800e-06,1.80000669e+00
9.47932800e-06,1.80000485e+00
9.47942800e-06,1.79999352e+00
9.47952800e-06,1.79999072e+00
9.47962800e-06,1.79997848e+00
9.47972800e-06,1.79997401e+00
9.47982800e-06,1.79996051e+00
9.47992800e-06,1.79995450e+00
9.48002800e-06,1.79993946e+00
9.48012800e-06,1.79993173e+00
9.48022800e-06,1.79991487e+00
9.48032800e-06,1.79990515e+00
9.48042800e-06,1.79988618e+00
9.48052800e-06,1.79987418e+00
9.48062800e-06,1.79985276e+00
9.48072800e-06,1.79983812e+00
9.48082800e-06,1.79981387e+00
9.48092800e-06,1.79979617e+00
9.48102800e-06,1.79976864e+00
9.48112800e-06,1.79974742e+00
9.48122800e-06,1.79971609e+00
9.48132800e-06,1.79969079e+00
9.48142800e-06,1.79965509e+00
9.48152800e-06,1.79962509e+00
9.48162800e-06,1.79958433e+00
9.48172800e-06,1.79954891e+00
9.48182800e-06,1.79950232e+00
9.48192800e-06,1.79946065e+00
9.48202800e-06,1.79940735e+00
9.48212800e-06,1.79935846e+00
9.48222800e-06,1.79929743e+00
9.48232800e-06,1.79924025e+00
9.48242800e-06,1.79917032e+00
9.48252800e-06,1.79910360e+00
9.48262800e-06,1.79902344e+00
9.48272800e-06,1.79894574e+00
9.48282800e-06,1.79885381e+00
9.48292800e-06,1.79876350e+00
9.48302800e-06,1.79865806e+00
9.48312800e-06,1.79855327e+00
9.48322800e-06,1.79843231e+00
9.48332800e-06,1.79831090e+00
9.48342800e-06,1.79817213e+00
9.48352800e-06,1.79803165e+00
9.48362800e-06,1.79787246e+00
9.48372800e-06,1.79771010e+00
9.48382800e-06,1.79752749e+00
9.48392800e-06,1.79734004e+00
9.48402800e-06,1.79713056e+00
9.48412800e-06,1.79691434e+00
9.48422800e-06,1.79667405e+00
9.48432800e-06,1.79642482e+00
9.48442800e-06,1.79614917e+00
9.48452800e-06,1.79586207e+00
9.48462800e-06,1.79554584e+00
9.48472800e-06,1.79521524e+00
9.48482800e-06,1.79485238e+00
9.48492800e-06,1.79447179e+00
9.48502800e-06,1.79405530e+00
9.48512800e-06,1.79361717e+00
9.48522800e-06,1.79313891e+00
9.48532800e-06,1.79263442e+00
9.48542800e-06,1.79208487e+00
9.48552800e-06,1.79150374e+00
9.48562800e-06,1.79087172e+00
9.48572800e-06,1.79020180e+00
9.48582800e-06,1.78947410e+00
9.48592800e-06,1.78870100e+00
9.48602800e-06,1.78786192e+00
9.48612800e-06,1.78696846e+00
9.48622800e-06,1.78599917e+00
9.48632800e-06,1.78496466e+00
9.48642800e-06,1.78384238e+00
9.48652800e-06,1.78264169e+00
9.48662800e-06,1.78133860e+00
9.48672800e-06,1.77994082e+00
9.48682800e-06,1.77842250e+00
9.48692800e-06,1.77678918e+00
9.48702800e-06,1.77501248e+00
9.48712800e-06,1.77309501e+00
9.48722800e-06,1.77100494e+00
9.48732800e-06,1.76874079e+00
9.48742800e-06,1.76626585e+00
9.48752800e-06,1.76357282e+00
9.48762800e-06,1.76061784e+00
9.48772800e-06,1.75738491e+00
9.48782800e-06,1.75381932e+00
9.48792800e-06,1.74989144e+00
9.48802800e-06,1.74552910e+00
9.48812800e-06,1.74067999e+00
9.48822800e-06,1.73524173e+00
9.48832800e-06,1.72912102e+00
9.48842800e-06,1.72215800e+00
9.48852800e-06,1.71417656e+00
9.48862800e-06,1.70489260e+00
9.48872800e-06,1.69393643e+00
9.48882800e-06,1.68070792e+00
9.48892800e-06,1.66430232e+00
9.48902800e-06,1.64320552e+00
9.48912800e-06,1.61512482e+00
9.48922800e-06,1.57740293e+00
9.48932800e-06,1.52900862e+00
9.48942800e-06,1.47142908e+00
9.48952800e-06,1.40701534e+00
9.48962800e-06,1.33741238e+00
9.48972800e-06,1.26371437e+00
9.48982800e-06,1.18693173e+00
9.48992800e-06,1.10869548e+00
9.49002800e-06,1.03200712e+00
9.49012800e-06,9.62095659e-01
9.49022800e-06,9.05209161e-01
9.49032800e-06,8.63592635e-01
9.49042800e-06,8.31636452e-01
9.49052800e-06,8.02406213e-01
9.49062800e-06,7.74263646e-01
9.49072800e-06,7.47385976e-01
9.49082800e-06,7.21269956e-01
9.49092800e-06,6.96094558e-01
9.49102800e-06,6.72424391e-01
9.49112800e-06,6.50634897e-01
9.49122800e-06,6.30972063e-01
9.49132800e-06,6.13946590e-01
9.49142800e-06,6.01311580e-01
9.49152800e-06,5.95877443e-01
9.49162800e-06,5.96922686e-01
9.49172800e-06,6.00584377e-01
9.49182800e-06,6.03942519e-01
9.49192800e-06,6.06498359e-01
9.49202800e-06,6.08307193e-01
9.49212800e-06,6.09413304e-01
9.49222800e-06,6.09847504e-01
9.49232800e-06,6.09669890e-01
9.49242800e-06,6.08920097e-01
9.49252800e-06,6.07679763e-01
9.49262800e-06,6.06011053e-01
9.49272800e-06,6.04007730e-01
9.49282800e-06,6.01733307e-01
9.49292800e-06,5.99270834e-01
9.49302800e-06,5.96666744e-01
9.49312800e-06,5.93984705e-01
9.49322800e-06,5.91251904e-01
9.49332800e-06,5.88514402e-01
9.49342800e-06,5.85783958e-01
9.49352800e-06,5.83093595e-01
9.49362800e-06,5.80444243e-01
9.49372800e-06,5.77860132e-01
9.49382800e-06,5.75335087e-01
9.49392800e-06,5.72887711e-01
9.49402800e-06,5.70507357e-01
9.49412800e-06,5.68209161e-01
9.49422800e-06,5.65979759e-01
9.49432800e-06,5.63832231e-01
9.49442800e-06,5.61751632e-01
9.49452800e-06,5.59749891e-01
9.49462800e-06,5.57811199e-01
9.49472800e-06,5.55946904e-01
9.49482800e-06,5.54140784e-01
9.49492800e-06,5.52403957e-01
9.49502800e-06,5.50720067e-01
9.49512800e-06,5.49100212e-01
9.49522800e-06,5.47528069e-01
9.49532800e-06,5.46014836e-01
9.49542800e-06,5.44544317e-01
9.49552800e-06,5.43127881e-01
9.49562800e-06,5.41749503e-01
9.49572800e-06,5.40420751e-01
9.49582800e-06,5.39125797e-01
9.49592800e-06,5.37876414e-01
9.49602800e-06,5.36656974e-01
9.49612800e-06,5.35479451e-01
9.49622800e-06,5.34328408e-01
9.49632800e-06,5.33216008e-01
9.49642800e-06,5.32126997e-01
9.49652800e-06,5.31073708e-01
9.49662800e-06,5.30041053e-01
9.49672800e-06,5.29041520e-01
9.49682800e-06,5.28060174e-01
9.49692800e-06,5.27109636e-01
9.49702800e-06,5.26175109e-01
9.49712800e-06,5.25269336e-01
9.49722800e-06,5.24377639e-01
9.49732800e-06,5.23512867e-01
9.49742800e-06,5.22660450e-01
9.49752800e-06,5.21833327e-01
9.49762800e-06,5.21017028e-01
9.49772800e-06,5.20224567e-01
9.49782800e-06,5.19441563e-01
9.49792800e-06,5.18681096e-01
9.49802800e-06,5.17928862e-01
9.49812800e-06,5.17197999e-01
9.49822800e-06,5.16474273e-01
9.49832800e-06,5.15770870e-01
9.49842800e-06,5.15073619e-01
9.49852800e-06,5.14395747e-01
9.49862800e-06,5.13723140e-01
9.49872800e-06,5.13069059e-01
9.49882800e-06,5.12419442e-01
9.49892800e-06,5.11787579e-01
9.49902800e-06,5.11159457e-01
9.49912800e-06,5.10548386e-01
9.49922800e-06,5.09940398e-01
9.49932800e-06,5.09348823e-01
9.49942800e-06,5.08759734e-01
9.49952800e-06,5.08186475e-01
9.49962800e-06,5.07615156e-01
9.49972800e-06,5.07059135e-01
9.49982800e-06,5.06504555e-01
9.49992800e-06,5.05964784e-01
9.50002800e-06,5.05425999e-01
9.50012800e-06,5.04901572e-01
9.50022800e-06,5.04377713e-01
9.50032800e-06,5.03867797e-01
9.50042800e-06,5.03358065e-01
9.50052800e-06,5.02861894e-01
9.50062800e-06,5.02365550e-01
9.50072800e-06,5.01882415e-01
9.50082800e-06,5.01398779e-01
9.50092800e-06,5.00928023e-01
9.50102800e-06,5.00456464e-01
9.50112800e-06,4.99997480e-01
9.50122800e-06,4.99537412e-01
9.50132800e-06,4.99089635e-01
9.50142800e-06,4.98640514e-01
9.50152800e-06,4.98203419e-01
9.50162800e-06,4.97764738e-01
9.50172800e-06,4.97337836e-01
9.50182800e-06,4.96909123e-01
9.50192800e-06,4.96491957e-01
9.50202800e-06,4.96072770e-01
9.50212800e-06,4.95664913e-01
9.50222800e-06,4.95254839e-01
9.50232800e-06,4.94855892e-01
9.50242800e-06,4.94454546e-01
9.50252800e-06,4.94064134e-01
9.50262800e-06,4.93671151e-01
9.50272800e-06,4.93288924e-01
9.50282800e-06,4.92903964e-01
9.50292800e-06,4.92529590e-01
9.50302800e-06,4.92152334e-01
9.50312800e-06,4.91785503e-01
9.50322800e-06,4.91415647e-01
9.50332800e-06,4.91056066e-01
9.50342800e-06,4.90693328e-01
9.50352800e-06,4.90340721e-01
9.50362800e-06,4.89984832e-01
9.50372800e-06,4.89638938e-01
9.50382800e-06,4.89289644e-01
9.50392800e-06,4.88950216e-01
9.50402800e-06,4.88607278e-01
9.50412800e-06,4.88274084e-01
9.50422800e-06,4.87937274e-01
9.50432800e-06,4.87610092e-01
9.50442800e-06,4.87279196e-01
9.50452800e-06,4.86957818e-01
9.50462800e-06,4.86632631e-01
9.50472800e-06,4.86316858e-01
9.50482800e-06,4.85997187e-01
9.50492800e-06,4.85686830e-01
9.50502800e-06,4.85372492e-01
9.50512800e-06,4.85067371e-01
9.50522800e-06,4.84758189e-01
9.50532800e-06,4.84458134e-01
9.50542800e-06,4.84153944e-01
9.50552800e-06,4.83858793e-01
9.50562800e-06,4.83559434e-01
9.50572800e-06,4.83269032e-01
9.50582800e-06,4.82974355e-01
9.50592800e-06,4.82688553e-01
9.50602800e-06,4.82398413e-01
9.50612800e-06,4.82117072e-01
9.50622800e-06,4.81831331e-01
9.50632800e-06,4.81554315e-01
9.50642800e-06,4.81272842e-01
9.50652800e-06,4.81000024e-01
9.50662800e-06,4.80722693e-01
9.50672800e-06,4.80453950e-01
9.50682800e-06,4.80180641e-01
9.50692800e-06,4.79915854e-01
9.50702800e-06,4.79646452e-01
9.50712800e-06,4.79385510e-01
9.50722800e-06,4.79119904e-01
9.50732800e-06,4.78862698e-01
9.50742800e-06,4.78600784e-01
9.50752800e-06,4.78347211e-01
9.50762800e-06,4.78088887e-01
9.50772800e-06,4.77838848e-01
9.50782800e-06,4.77584017e-01
9.50792800e-06,4.77337416e-01
9.50802800e-06,4.77085984e-01
9.50812800e-06,4.76842731e-01
9.50822800e-06,4.76594609e-01
9.50832800e-06,4.76354616e-01
9.50842800e-06,4.76109718e-01
9.50852800e-06,4.75872899e-01
9.50862800e-06,4.75631142e-01
9.50872800e-06,4.75397418e-01
9.50882800e-06,4.75158722e-01
9.50892800e-06,4.74928014e-01
9.50902800e-06,4.74692303e-01
9.50912800e-06,4.74464535e-01
9.50922800e-06,4.74231735e-01
9.50932800e-06,4.74006836e-01
9.50942800e-06,4.73776876e-01
9.50952800e-06,4.73554776e-01
9.50962800e-06,4.73327587e-01
9.50972800e-06,4.73108218e-01
9.50982800e-06,4.72883734e-01
9.50992800e-06,4.72667032e-01
9.51002800e-06,4.72445190e-01
9.51012800e-06,4.72231092e-01
9.51022800e-06,4.72011830e-01
9.51032800e-06,4.71800275e-01
9.51042800e-06,4.71583534e-01
9.51052800e-06,4.71374464e-01
9.51062800e-06,4.71160186e-01
9.51072800e-06,4.70953546e-01
9.51082800e-06,4.70741676e-01
9.51092800e-06,4.70537409e-01
9.51102800e-06,4.70327894e-01
9.51112800e-06,4.70125950e-01
9.51122800e-06,4.69918737e-01
9.51132800e-06,4.69719064e-01
9.51142800e-06,4.69514104e-01
9.51152800e-06,4.69316652e-01
9.51162800e-06,4.69113896e-01
9.51172800e-06,4.68918618e-01
9.51182800e-06,4.68718019e-01
9.51192800e-06,4.68524869e-01
9.51202800e-06,4.68326382e-01
9.51212800e-06,4.68135315e-01
9.51222800e-06,4.67938896e-01
9.51232800e-06,4.67749869e-01
9.51242800e-06,4.67555475e-01
9.51252800e-06,4.67368446e-01
9.51262800e-06,4.67176036e-01
9.51272800e-06,4.66990964e-01
9.51282800e-06,4.66800498e-01
9.51292800e-06,4.66617344e-01
9.51302800e-06,4.66428782e-01
9.51312800e-06,4.66247507e-01
9.51322800e-06,4.66060813e-01
9.51332800e-06,4.65881381e-01
9.51342800e-06,4.65696517e-01
9.51352800e-06,4.65518891e-01
9.51362800e-06,4.65335823e-01
9.51372800e-06,4.65159968e-01
9.51382800e-06,4.64978660e-01
9.51392800e-06,4.64804543e-01
9.51402800e-06,4.64624962e-01
9.51412800e-06,4.64452549e-01
9.51422800e-06,4.64274662e-01
9.51432800e-06,4.64103922e-01
9.51442800e-06,4.63927698e-01
9.51452800e-06,4.63758599e-01
9.51462800e-06,4.63584007e-01
9.51472800e-06,4.63416518e-01
9.51482800e-06,4.63243529e-01
9.51492800e-06,4.63077622e-01
9.51502800e-06,4.62906205e-01
9.51512800e-06,4.62741851e-01
9.51522800e-06,4.62571979e-01
9.51532800e-06,4.62409149e-01
9.51542800e-06,4.62240795e-01
9.51552800e-06,4.62079463e-01
9.51562800e-06,4.61912599e-01
9.51572800e-06,4.61752738e-01
9.51582800e-06,4.61587338e-01
9.51592800e-06,4.61428922e-01
9.51602800e-06,4.61264962e-01
9.51612800e-06,4.61107966e-01
9.51622800e-06,4.60945420e-01
9.51632800e-06,4.60789821e-01
9.51642800e-06,4.60628665e-01
9.51652800e-06,4.60474437e-01
9.51662800e-06,4.60314648e-01
9.51672800e-06,4.60161769e-01
9.51682800e-06,4.60003323e-01
9.51692800e-06,4.59851771e-01
9.51702800e-06,4.59694647e-01
9.51712800e-06,4.59544399e-01
9.51722800e-06,4.59388574e-01
9.51732800e-06,4.59239609e-01
9.51742800e-06,4.59085062e-01
9.51752800e-06,4.58937359e-01
9.51762800e-06,4.58784070e-01
9.51772800e-06,4.58637608e-01
9.51782800e-06,4.58485557e-01
9.51792800e-06,4.58340316e-01
9.51802800e-06,4.58189482e-01
9.51812800e-06,4.58045444e-01
9.51822800e-06,4.57895808e-01
9.51832800e-06,4.57752953e-01
9.51842800e-06,4.57604497e-01
9.51852800e-06,4.57462806e-01
9.51862800e-06,4.57315512e-01
9.51872800e-06,4.57174967e-01
9.51882800e-06,4.57028816e-01
9.51892800e-06,4.56889399e-01
9.51902800e-06,4.56744374e-01
9.51912800e-06,4.56606069e-01
9.51922800e-06,4.56462152e-01
9.51932800e-06,4.56324941e-01
9.51942800e-06,4.56182117e-01
9.51952800e-06,4.56045984e-01
9.51962800e-06,4.55904235e-01
9.51972800e-06,4.55769164e-01
9.51982800e-06,4.55628475e-01
9.51992800e-06,4.55494449e-01
9.52002800e-06,4.55354804e-01
9.52012800e-06,4.55221809e-01
9.52022800e-06,4.55083193e-01
9.52032800e-06,4.54951213e-01
9.52042800e-06,4.54813611e-01
9.52052800e-06,4.54682632e-01
9.52062800e-06,4.54546029e-01
9.52072800e-06,4.54416036e-01
9.52082800e-06,4.54280418e-01
9.52092800e-06,4.54151397e-01
9.52102800e-06,4.54016750e-01
9.52112800e-06,4.53888687e-01
9.52122800e-06,4.53754997e-01
9.52132800e-06,4.53627879e-01
9.52142800e-06,4.53495133e-01
9.52152800e-06,4.53368947e-01
9.52162800e-06,4.53237131e-01
9.52172800e-06,4.53111864e-01
9.52182800e-06,4.52980966e-01
9.52192800e-06,4.52856604e-01
9.52202800e-06,4.52726612e-01
9.52212800e-06,4.52603143e-01
9.52222800e-06,4.52474044e-01
9.52232800e-06,4.52351457e-01
9.52242800e-06,4.52223239e-01
9.52252800e-06,4.52101520e-01
9.52262800e-06,4.51974171e-01
9.52272800e-06,4.51853310e-01
9.52282800e-06,4.51726819e-01
9.52292800e-06,4.51606804e-01
9.52302800e-06,4.51481159e-01
9.52312800e-06,4.51361979e-01
9.52322800e-06,4.51237169e-01
9.52332800e-06,4.51118813e-01
9.52342800e-06,4.50994828e-01
9.52352800e-06,4.50877285e-01
9.52362800e-06,4.50754113e-01
9.52372800e-06,4.50637372e-01
9.52382800e-06,4.50515003e-01
9.52392800e-06,4.50399055e-01
9.52402800e-06,4.50277478e-01
9.52412800e-06,4.50162312e-01
9.52422800e-06,4.50041518e-01
9.52432800e-06,4.49927124e-01
9.52442800e-06,4.49807103e-01
9.52452800e-06,4.49693471e-01
9.52462800e-06,4.49574213e-01
9.52472800e-06,4.49461334e-01
9.52482800e-06,4.49342830e-01
9.52492800e-06,4.49230694e-01
9.52502800e-06,4.49112934e-01
9.52512800e-06,4.49001531e-01
9.52522800e-06,4.48884507e-01
9.52532800e-06,4.48773829e-01
9.52542800e-06,4.48657531e-01
9.52552800e-06,4.48547569e-01
9.52562800e-06,4.48431988e-01
9.52572800e-06,4.48322734e-01
9.52582800e-06,4.48207862e-01
9.52592800e-06,4.48099306e-01
9.52602800e-06,4.47985134e-01
9.52612800e-06,4.47877269e-01
9.52622800e-06,4.47763788e-01
9.52632800e-06,4.47656605e-01
9.52642800e-06,4.47543808e-01
9.52652800e-06,4.47437299e-01
9.52662800e-06,4.47325178e-01
9.52672800e-06,4.47219334e-01
9.52682800e-06,4.47107881e-01
9.52692800e-06,4.47002695e-01
9.52702800e-06,4.46891902e-01
9.52712800e-06,4.46787367e-01
9.52722800e-06,4.46677225e-01
9.52732800e-06,4.46573333e-01
9.52742800e-06,4.46463837e-01
9.52752800e-06,4.46360580e-01
9.52762800e-06,4.46251721e-01
9.52772800e-06,4.46149092e-01
9.52782800e-06,4.46040863e-01
9.52792800e-06,4.45938856e-01
9.52802800e-06,4.45831249e-01
9.52812800e-06,4.45729856e-01
9.52822800e-06,4.45622866e-01
9.52832800e-06,4.45522079e-01
9.52842800e-06,4.45415698e-01
9.52852800e-06,4.45315512e-01
9.52862800e-06,4.45209733e-01
9.52872800e-06,4.45110140e-01
9.52882800e-06,4.45004957e-01
9.52892800e-06,4.44905951e-01
9.52902800e-06,4.44801358e-01
9.52912800e-06,4.44702932e-01
9.52922800e-06,4.44598921e-01
9.52932800e-06,4.44501070e-01
9.52942800e-06,4.44397635e-01
9.52952800e-06,4.44300351e-01
9.52962800e-06,4.44197487e-01
9.52972800e-06,4.44100765e-01
9.52982800e-06,4.43998465e-01
9.52992800e-06,4.43902298e-01
9.53002800e-06,4.43800556e-01
9.53012800e-06,4.43704939e-01
9.53022800e-06,4.43603750e-01
9.53032800e-06,4.43508676e-01
9.53042800e-06,4.43408033e-01
9.53052800e-06,4.43313498e-01
9.53062800e-06,4.43213395e-01
9.53072800e-06,4.43119392e-01
9.53082800e-06,4.43019824e-01
9.53092800e-06,4.42926348e-01
9.53102800e-06,4.42827310e-01
9.53112800e-06,4.42734354e-01
9.53122800e-06,4.42635840e-01
9.53132800e-06,4.42543401e-01
9.53142800e-06,4.42445405e-01
9.53152800e-06,4.42353476e-01
9.53162800e-06,4.42255994e-01
9.53172800e-06,4.42164570e-01
9.53182800e-06,4.42067596e-01
9.53192800e-06,4.41976672e-01
9.53202800e-06,4.41880200e-01
9.53212800e-06,4.41789772e-01
9.53222800e-06,4.41693798e-01
9.53232800e-06,4.41603859e-01
9.53242800e-06,4.41508379e-01
9.53252800e-06,4.41418925e-01
9.53262800e-06,4.41323932e-01
9.53272800e-06,4.41234959e-01
9.53282800e-06,4.41140449e-01
9.53292800e-06,4.41051951e-01
9.53302800e-06,4.40957920e-01
9.53312800e-06,4.40869892e-01
9.53322800e-06,4.40776335e-01
9.53332800e-06,4.40688773e-01
9.53342800e-06,4.40595685e-01
9.53352800e-06,4.40508585e-01
9.53362800e-06,4.40415961e-01
9.53372800e-06,4.40329318e-01
9.53382800e-06,4.40237155e-01
9.53392800e-06,4.40150963e-01
9.53402800e-06,4.40059256e-01
9.53412800e-06,4.39973513e-01
9.53422800e-06,4.39882257e-01
9.53432800e-06,4.39796957e-01
9.53442800e-06,4.39706148e-01
9.53452800e-06,4.39621288e-01
9.53462800e-06,4.39530922e-01
9.53472800e-06,4.39446498e-01
9.53482800e-06,4.39356570e-01
9.53492800e-06,4.39272577e-01
9.53502800e-06,4.39183083e-01
9.53512800e-06,4.39099517e-01
9.53522800e-06,4.39010454e-01
9.53532800e-06,4.38927311e-01
9.53542800e-06,4.38838675e-01
9.53552800e-06,4.38755951e-01
9.53562800e-06,4.38667738e-01
9.53572800e-06,4.38585429e-01
9.53582800e-06,4.38497634e-01
9.53592800e-06,4.38415737e-01
9.53602800e-06,4.38328357e-01
9.53612800e-06,4.38246867e-01
9.53622800e-06,4.38159898e-01
9.53632800e-06,4.38078812e-01
9.53642800e-06,4.37992251e-01
9.53652800e-06,4.37911565e-01
9.53662800e-06,4.37825407e-01
9.53672800e-06,4.37745118e-01
9.53682800e-06,4.37659360e-01
9.53692800e-06,4.37579464e-01
9.53702800e-06,4.37494102e-01
9.53712800e-06,4.37414596e-01
9.53722800e-06,4.37329627e-01
9.53732800e-06,4.37250506e-01
9.53742800e-06,4.37165928e-01
9.53752800e-06,4.37087189e-01
9.53762800e-06,4.37002996e-01
9.53772800e-06,4.36924637e-01
9.53782800e-06,4.36840827e-01
9.53792800e-06,4.36762843e-01
9.53802800e-06,4.36679413e-01
9.53812800e-06,4.36601801e-01
9.53822800e-06,4.36518747e-01
9.53832800e-06,4.36441504e-01
9.53842800e-06,4.36358823e-01
9.53852800e-06,4.36281946e-01
9.53862800e-06,4.36199634e-01
9.53872800e-06,4.36123120e-01
9.53882800e-06,4.36041175e-01
9.53892800e-06,4.35965020e-01
9.53902800e-06,4.35883438e-01
9.53912800e-06,4.35807640e-01
9.53922800e-06,4.35726418e-01
9.53932800e-06,4.35650974e-01
9.53942800e-06,4.35570109e-01
9.53952800e-06,4.35495015e-01
9.53962800e-06,4.35414505e-01
9.53972800e-06,4.35339758e-01
9.53982800e-06,4.35259599e-01
9.53992800e-06,4.35185196e-01
9.54002800e-06,4.35105386e-01
9.54012800e-06,4.35031325e-01
9.54022800e-06,4.34951859e-01
9.54032800e-06,4.34878137e-01
9.54042800e-06,4.34799014e-01
9.54052800e-06,4.34725628e-01
9.54062800e-06,4.34646845e-01
9.54072800e-06,4.34573792e-01
9.54082800e-06,4.34495345e-01
9.54092800e-06,4.34422622e-01
9.54102800e-06,4.34344510e-01
9.54112800e-06,4.34272115e-01
9.54122800e-06,4.34194334e-01
9.54132800e-06,4.34122264e-01
9.54142800e-06,4.34044812e-01
9.54152800e-06,4.33973064e-01
9.54162800e-06,4.33895938e-01
9.54172800e-06,4.33824509e-01
9.54182800e-06,4.33747707e-01
9.54192800e-06,4.33676596e-01
9.54202800e-06,4.33600114e-01
9.54212800e-06,4.33529317e-01
9.54222800e-06,4.33453154e-01
9.54232800e-06,4.33382669e-01
9.54242800e-06,4.33306822e-01
9.54252800e-06,4.33236646e-01
9.54262800e-06,4.33161112e-01
9.54272800e-06,4.33091243e-01
9.54282800e-06,4.33016020e-01
9.54292800e-06,4.32946455e-01
9.54302800e-06,4.32871541e-01
9.54312800e-06,4.32802278e-01
9.54322800e-06,4.32727671e-01
9.54332800e-06,4.32658707e-01
9.54342800e-06,4.32584403e-01
9.54352800e-06,4.32515737e-01
9.54362800e-06,4.32441734e-01
9.54372800e-06,4.32373363e-01
9.54382800e-06,4.32299659e-01
9.54392800e-06,4.32231581e-01
9.54402800e-06,4.32158174e-01
9.54412800e-06,4.32090386e-01
9.54422800e-06,4.32017273e-01
9.54432800e-06,4.31949773e-01
9.54442800e-06,4.31876953e-01
9.54452800e-06,4.31809738e-01
9.54462800e-06,4.31737208e-01
9.54472800e-06,4.31670278e-01
9.54482800e-06,4.31598035e-01
9.54492800e-06,4.31531386e-01
9.54502800e-06,4.31459429e-01
9.54512800e-06,4.31393060e-01
9.54522800e-06,4.31321387e-01
9.54532800e-06,4.31255294e-01
9.54542800e-06,4.31183902e-01
9.54552800e-06,4.31118085e-01
9.54562800e-06,4.31046973e-01
9.54572800e-06,4.30981429e-01
9.54582800e-06,4.30910593e-01
9.54592800e-06,4.30845320e-01
9.54602800e-06,4.30774760e-01
9.54612800e-06,4.30709756e-01
9.54622800e-06,4.30639469e-01
9.54632800e-06,4.30574732e-01
9.54642800e-06,4.30504716e-01
9.54652800e-06,4.30440244e-01
9.54662800e-06,4.30370497e-01
9.54672800e-06,4.30306288e-01
9.54682800e-06,4.30236809e-01
9.54692800e-06,4.30172861e-01
9.54702800e-06,4.30103647e-01
9.54712800e-06,4.30039958e-01
9.54722800e-06,4.29971008e-01
9.54732800e-06,4.29907576e-01
9.54742800e-06,4.29838887e-01
9.54752800e-06,4.29775711e-01
9.54762800e-06,4.29707281e-01
9.54772800e-06,4.29644359e-01
9.54782800e-06,4.29576187e-01
9.54792800e-06,4.29513516e-01
9.54802800e-06,4.29445600e-01
9.54812800e-06,4.29383179e-01
9.54822800e-06,4.29315518e-01
9.54832800e-06,4.29253345e-01
9.54842800e-06,4.29185936e-01
9.54852800e-06,4.29124009e-01
9.54862800e-06,4.29056850e-01
9.54872800e-06,4.28995168e-01
9.54882800e-06,4.28928259e-01
9.54892800e-06,4.28866819e-01
9.54902800e-06,4.28800157e-01
9.54912800e-06,4.28738958e-01
9.54922800e-06,4.28672541e-01
9.54932800e-06,4.28611582e-01
9.54942800e-06,4.28545409e-01
9.54952800e-06,4.28484687e-01
9.54962800e-06,4.28418756e-01
9.54972800e-06,4.28358270e-01
9.54982800e-06,4.28292579e-01
9.54992800e-06,4.28232328e-01
9.55002800e-06,4.28166876e-01
9.55012800e-06,4.28106858e-01
9.55022800e-06,4.28041642e-01
9.55032800e-06,4.27981855e-01
9.55042800e-06,4.27916875e-01
9.55052800e-06,4.27857318e-01
9.55062800e-06,4.27792572e-01
9.55072800e-06,4.27733242e-01
9.55082800e-06,4.27668728e-01
9.55092800e-06,4.27609625e-01
9.55102800e-06,4.27545342e-01
9.55112800e-06,4.27486463e-01
9.55122800e-06,4.27422409e-01
9.55132800e-06,4.27363754e-01
9.55142800e-06,4.27299928e-01
9.55152800e-06,4.27241494e-01
9.55162800e-06,4.27177894e-01
9.55172800e-06,4.27119681e-01
9.55182800e-06,4.27056305e-01
9.55192800e-06,4.26998311e-01
9.55202800e-06,4.26935159e-01
9.55212800e-06,4.26877381e-01
9.55222800e-06,4.26814451e-01
9.55232800e-06,4.26756889e-01
9.55242800e-06,4.26694179e-01
9.55252800e-06,4.26636832e-01
9.55262800e-06,4.26574340e-01
9.55272800e-06,4.26517206e-01
9.55282800e-06,4.26454931e-01
9.55292800e-06,4.26398009e-01
9.55302800e-06,4.26335950e-01
9.55312800e-06,4.26279238e-01
9.55322800e-06,4.26217394e-01
9.55332800e-06,4.26160890e-01
9.55342800e-06,4.26099260e-01
9.55352800e-06,4.26042963e-01
9.55362800e-06,4.25981544e-01
9.55372800e-06,4.25925454e-01
9.55382800e-06,4.25864245e-01
9.55392800e-06,4.25808360e-01
9.55402800e-06,4.25747360e-01
9.55412800e-06,4.25691678e-01
9.55422800e-06,4.25630886e-01
9.55432800e-06,4.25575405e-01
9.55442800e-06,4.25514820e-01
9.55452800e-06,4.25459540e-01
9.55462800e-06,4.25399160e-01
9.55472800e-06,4.25344080e-01
9.55482800e-06,4.25283903e-01
9.55492800e-06,4.25229021e-01
9.55502800e-06,4.25169047e-01
9.55512800e-06,4.25114362e-01
9.55522800e-06,4.25054589e-01
9.55532800e-06,4.25000099e-01
9.55542800e-06,4.24940526e-01
9.55552800e-06,4.24886231e-01
9.55562800e-06,4.24826857e-01
9.55572800e-06,4.24772754e-01
9.55582800e-06,4.24713578e-01
9.55592800e-06,4.24659667e-01
9.55602800e-06,4.24600687e-01
9.55612800e-06,4.24546967e-01
9.55622800e-06,4.24488182e-01
9.55632800e-06,4.24434652e-01
9.55642800e-06,4.24376060e-01
9.55652800e-06,4.24322718e-01
9.55662800e-06,4.24264320e-01
9.55672800e-06,4.24211165e-01
9.55682800e-06,4.24152958e-01
9.55692800e-06,4.24099988e-01
9.55702800e-06,4.24041972e-01
9.55712800e-06,4.23989187e-01
9.55722800e-06,4.23931360e-01
9.55732800e-06,4.23878759e-01
9.55742800e-06,4.23821119e-01
9.55752800e-06,4.23768701e-01
9.55762800e-06,4.23711248e-01
9.55772800e-06,4.23659011e-01
9.55782800e-06,4.23601744e-01
9.55792800e-06,4.23549688e-01
9.55802800e-06,4.23492606e-01
9.55812800e-06,4.23440728e-01
9.55822800e-06,4.23383829e-01
9.55832800e-06,4.23332129e-01
9.55842800e-06,4.23275413e-01
9.55852800e-06,4.23223890e-01
9.55862800e-06,4.23167356e-01
9.55872800e-06,4.23116009e-01
9.55882800e-06,4.23059655e-01
9.55892800e-06,4.23008482e-01
9.55902800e-06,4.22952307e-01
9.55912800e-06,4.22901309e-01
9.55922800e-06,4.22845312e-01
9.55932800e-06,4.22794486e-01
9.55942800e-06,4.22738666e-01
9.55952800e-06,4.22688012e-01
9.55962800e-06,4.22632368e-01
9.55972800e-06,4.22581885e-01
9.55982800e-06,4.22526416e-01
9.55992800e-06,4.22476102e-01
9.56002800e-06,4.22420808e-01
9.56012800e-06,4.22370662e-01
9.56022800e-06,4.22315541e-01
9.56032800e-06,4.22265563e-01
9.56042800e-06,4.22210614e-01
9.56052800e-06,4.22160802e-01
9.56062800e-06,4.22106024e-01
9.56072800e-06,4.22056378e-01
9.56082800e-06,4.22001770e-01
9.56092800e-06,4.21952289e-01
9.56102800e-06,4.21897850e-01
9.56112800e-06,4.21848532e-01
9.56122800e-06,4.21794261e-01
9.56132800e-06,4.21745107e-01
9.56142800e-06,4.21691003e-01
9.56152800e-06,4.21642010e-01
9.56162800e-06,4.21588072e-01
9.56172800e-06,4.21539240e-01
9.56182800e-06,4.21485468e-01
9.56192800e-06,4.21436795e-01
9.56202800e-06,4.21383188e-01
9.56212800e-06,4.21334674e-01
9.56222800e-06,4.21281230e-01
9.56232800e-06,4.21232874e-01
9.56242800e-06,4.21179592e-01
9.56252800e-06,4.21131394e-01
9.56262800e-06,4.21078273e-01
9.56272800e-06,4.21030231e-01
9.56282800e-06,4.20977272e-01
9.56292800e-06,4.20929385e-01
9.56302800e-06,4.20876585e-01
9.56312800e-06,4.20828852e-01
9.56322800e-06,4.20776211e-01
9.56332800e-06,4.20728632e-01
9.56342800e-06,4.20676149e-01
9.56352800e-06,4.20628723e-01
9.56362800e-06,4.20576397e-01
9.56372800e-06,4.20529123e-01
9.56382800e-06,4.20476953e-01
9.56392800e-06,4.20429830e-01
9.56402800e-06,4.20377816e-01
9.56412800e-06,4.20330842e-01
9.56422800e-06,4.20278983e-01
9.56432800e-06,4.20232158e-01
9.56442800e-06,4.20180453e-01
9.56452800e-06,4.20133777e-01
9.56462800e-06,4.20082224e-01
9.56472800e-06,4.20035696e-01
9.56482800e-06,4.19984295e-01
9.56492800e-06,4.19937913e-01
9.56502800e-06,4.19886664e-01
9.56512800e-06,4.19840428e-01
9.56522800e-06,4.19789329e-01
9.56532800e-06,4.19743239e-01
9.56542800e-06,4.19692289e-01
9.56552800e-06,4.19646343e-01
9.56562800e-06,4.19595542e-01
9.56572800e-06,4.19549740e-01
9.56582800e-06,4.19499087e-01
9.56592800e-06,4.19453427e-01
9.56602800e-06,4.19402922e-01
9.56612800e-06,4.19357403e-01
9.56622800e-06,4.19307045e-01
9.56632800e-06,4.19261668e-01
9.56642800e-06,4.19211454e-01
9.56652800e-06,4.19166218e-01
9.56662800e-06,4.19116150e-01
9.56672800e-06,4.19071053e-01
9.56682800e-06,4.19021128e-01
9.56692800e-06,4.18976170e-01
9.56702800e-06,4.18926389e-01
9.56712800e-06,4.18881569e-01
9.56722800e-06,4.18831931e-01
9.56732800e-06,4.18787249e-01
9.56742800e-06,4.18737752e-01
9.56752800e-06,4.18693206e-01
9.56762800e-06,4.18643851e-01
9.56772800e-06,4.18599441e-01
9.56782800e-06,4.18550226e-01
9.56792800e-06,4.18505951e-01
9.56802800e-06,4.18456876e-01
9.56812800e-06,4.18412735e-01
9.56822800e-06,4.18363799e-01
9.56832800e-06,4.18319792e-01
9.56842800e-06,4.18270994e-01
9.56852800e-06,4.18227120e-01
9.56862800e-06,4.18178460e-01
9.56872800e-06,4.18134718e-01
9.56882800e-06,4.18086194e-01
9.56892800e-06,4.18042584e-01
9.56902800e-06,4.17994197e-01
9.56912800e-06,4.17950718e-01
9.56922800e-06,4.17902465e-01
9.56932800e-06,4.17859116e-01
9.56942800e-06,4.17810999e-01
9.56952800e-06,4.17767779e-01
9.56962800e-06,4.17719796e-01
9.56972800e-06,4.17676705e-01
9.56982800e-06,4.17628855e-01
9.56992800e-06,4.17585892e-01
9.57002800e-06,4.17538175e-01
9.57012800e-06,4.17495340e-01
9.57022800e-06,4.17447754e-01
9.57032800e-06,4.17405046e-01
9.57042800e-06,4.17357592e-01
9.57052800e-06,4.17315010e-01
9.57062800e-06,4.17267687e-01
9.57072800e-06,4.17225230e-01
9.57082800e-06,4.17178036e-01
9.57092800e-06,4.17135705e-01
9.57102800e-06,4.17088641e-01
9.57112800e-06,4.17046433e-01
9.57122800e-06,4.16999498e-01
9.57132800e-06,4.16957414e-01
9.57142800e-06,4.16910606e-01
9.57152800e-06,4.16868645e-01
9.57162800e-06,4.16821965e-01
9.57172800e-06,4.16780127e-01
9.57182800e-06,4.16733573e-01
9.57192800e-06,4.16691856e-01
9.57202800e-06,4.16645429e-01
9.57212800e-06,4.16603833e-01
9.57222800e-06,4.16557532e-01
9.57232800e-06,4.16516056e-01
9.57242800e-06,4.16469880e-01
9.57252800e-06,4.16428524e-01
9.57262800e-06,4.16382472e-01
9.57272800e-06,4.16341235e-01
9.57282800e-06,4.16295307e-01
9.57292800e-06,4.16254189e-01
9.57302800e-06,4.16208384e-01
9.57312800e-06,4.16167384e-01
9.57322800e-06,4.16121701e-01
9.57332800e-06,4.16080818e-01
9.57342800e-06,4.16035257e-01
9.57352800e-06,4.15994492e-01
9.57362800e-06,4.15949052e-01
9.57372800e-06,4.15908403e-01
9.57382800e-06,4.15863084e-01
9.57392800e-06,4.15822550e-01
9.57402800e-06,4.15777351e-01
9.57412800e-06,4.15736933e-01
9.57422800e-06,4.15691854e-01
9.57432800e-06,4.15651549e-01
9.57442800e-06,4.15606589e-01
9.57452800e-06,4.15566399e-01
9.57462800e-06,4.15521557e-01
9.57472800e-06,4.15481480e-01
9.57482800e-06,4.15436757e-01
9.57492800e-06,4.15396793e-01
9.57502800e-06,4.15352186e-01
9.57512800e-06,4.15312334e-01
9.57522800e-06,4.15267844e-01
9.57532800e-06,4.15228104e-01
9.57542800e-06,4.15183731e-01
9.57552800e-06,4.15144102e-01
9.57562800e-06,4.15099844e-01
9.57572800e-06,4.15060326e-01
9.57582800e-06,4.15016183e-01
9.57592800e-06,4.14976774e-01
9.57602800e-06,4.14932746e-01
9.57612800e-06,4.14893447e-01
9.57622800e-06,4.14849533e-01
9.57632800e-06,4.14810343e-01
9.57642800e-06,4.14766543e-01
9.57652800e-06,4.14727461e-01
9.57662800e-06,4.14683773e-01
9.57672800e-06,4.14644800e-01
9.57682800e-06,4.14601225e-01
9.57692800e-06,4.14562359e-01
9.57702800e-06,4.14518895e-01
9.57712800e-06,4.14480136e-01
9.57722800e-06,4.14436784e-01
9.57732800e-06,4.14398132e-01
9.57742800e-06,4.14354890e-01
9.57752800e-06,4.14316344e-01
9.57762800e-06,4.14273213e-01
9.57772800e-06,4.14234771e-01
9.57782800e-06,4.14191750e-01
9.57792800e-06,4.14153414e-01
9.57802800e-06,4.14110502e-01
9.57812800e-06,4.14072270e-01
9.57822800e-06,4.14029467e-01
9.57832800e-06,4.13991339e-01
9.57842800e-06,4.13948644e-01
9.57852800e-06,4.13910619e-01
9.57862800e-06,4.13868032e-01
9.57872800e-06,4.13830110e-01
9.57882800e-06,4.13787631e-01
9.57892800e-06,4.13749811e-01
9.57902800e-06,4.13707439e-01
9.57912800e-06,4.13669721e-01
9.57922800e-06,4.13627455e-01
9.57932800e-06,4.13589839e-01
9.57942800e-06,4.13547678e-01
9.57952800e-06,4.13510163e-01
9.57962800e-06,4.13468108e-01
9.57972800e-06,4.13430693e-01
9.57982800e-06,4.13388744e-01
9.57992800e-06,4.13351429e-01
9.58002800e-06,4.13309583e-01
9.58012800e-06,4.13272368e-01
9.58022800e-06,4.13230627e-01
9.58032800e-06,4.13193510e-01
9.58042800e-06,4.13151872e-01
9.58052800e-06,4.13114855e-01
9.58062800e-06,4.13073320e-01
9.58072800e-06,4.13036401e-01
9.58082800e-06,4.12994968e-01
9.58092800e-06,4.12958147e-01
9.58102800e-06,4.12916817e-01
9.58112800e-06,4.12880092e-01
9.58122800e-06,4.12838864e-01
9.58132800e-06,4.12802236e-01
9.58142800e-06,4.12761109e-01
9.58152800e-06,4.12724578e-01
9.58162800e-06,4.12683551e-01
9.58172800e-06,4.12647116e-01
9.58182800e-06,4.12606190e-01
9.58192800e-06,4.12569850e-01
9.58202800e-06,4.12529024e-01
9.58212800e-06,4.12492779e-01
9.58222800e-06,4.12452053e-01
9.58232800e-06,4.12415902e-01
9.58242800e-06,4.12375275e-01
9.58252800e-06,4.12339219e-01
9.58262800e-06,4.12298690e-01
9.58272800e-06,4.12262727e-01
9.58282800e-06,4.12222297e-01
9.58292800e-06,4.12186428e-01
9.58302800e-06,4.12146095e-01
9.58312800e-06,4.12110318e-01
9.58322800e-06,4.12070083e-01
9.58332800e-06,4.12034399e-01
9.58342800e-06,4.11994261e-01
9.58352800e-06,4.11958669e-01
9.58362800e-06,4.11918627e-01
9.58372800e-06,4.11883126e-01
9.58382800e-06,4.11843180e-01
9.58392800e-06,4.11807771e-01
9.58402800e-06,4.11767921e-01
9.58412800e-06,4.11732603e-01
9.58422800e-06,4.11692848e-01
9.58432800e-06,4.11657620e-01
9.58442800e-06,4.11617960e-01
9.58452800e-06,4.11582822e-01
9.58462800e-06,4.11543256e-01
9.58472800e-06,4.11508208e-01
9.58482800e-06,4.11468736e-01
9.58492800e-06,4.11433778e-01
9.58502800e-06,4.11394399e-01
9.58512800e-06,4.11359529e-01
9.58522800e-06,4.11320244e-01
9.58532800e-06,4.11285463e-01
9.58542800e-06,4.11246270e-01
9.58552800e-06,4.11211577e-01
9.58562800e-06,4.11172477e-01
9.58572800e-06,4.11137871e-01
9.58582800e-06,4.11098864e-01
9.58592800e-06,4.11064345e-01
9.58602800e-06,4.11025429e-01
9.58612800e-06,4.10990997e-01
9.58622800e-06,4.10952172e-01
9.58632800e-06,4.10917827e-01
9.58642800e-06,4.10879093e-01
9.58652800e-06,4.10844834e-01
9.58662800e-06,4.10806190e-01
9.58672800e-06,4.10772017e-01
9.58682800e-06,4.10733464e-01
9.58692800e-06,4.10699375e-01
9.58702800e-06,4.10660912e-01
9.58712800e-06,4.10626909e-01
9.58722800e-06,4.10588535e-01
9.58732800e-06,4.10554616e-01
9.58742800e-06,4.10516331e-01
9.58752800e-06,4.10482497e-01
9.58762800e-06,4.10444300e-01
9.58772800e-06,4.10410550e-01
9.58782800e-06,4.10372442e-01
9.58792800e-06,4.10338775e-01
9.58802800e-06,4.10300754e-01
9.58812800e-06,4.10267171e-01
9.58822800e-06,4.10229238e-01
9.58832800e-06,4.10195737e-01
9.58842800e-06,4.10157891e-01
9.58852800e-06,4.10124473e-01
9.58862800e-06,4.10086714e-01
9.58872800e-06,4.10053378e-01
9.58882800e-06,4.10015706e-01
9.58892800e-06,4.09982451e-01
9.58902800e-06,4.09944865e-01
9.58912800e-06,4.09911691e-01
9.58922800e-06,4.09874191e-01
9.58932800e-06,4.09841099e-01
9.58942800e-06,4.09803684e-01
9.58952800e-06,4.09770672e-01
9.58962800e-06,4.09733342e-01
9.58972800e-06,4.09700411e-01
9.58982800e-06,4.09663166e-01
9.58992800e-06,4.09630315e-01
9.59002800e-06,4.09593154e-01
9.59012800e-06,4.09560382e-01
9.59022800e-06,4.09523306e-01
9.59032800e-06,4.09490613e-01
9.59042800e-06,4.09453620e-01
9.59052800e-06,4.09421007e-01
9.59062800e-06,4.09384098e-01
9.59072800e-06,4.09351563e-01
9.59082800e-06,4.09314736e-01
9.59092800e-06,4.09282280e-01
9.59102800e-06,4.09245536e-01
9.59112800e-06,4.09213158e-01
9.59122800e-06,4.09176497e-01
9.59132800e-06,4.09144196e-01
9.59142800e-06,4.09107616e-01
9.59152800e-06,4.09075393e-01
9.59162800e-06,4.09038895e-01
9.59172800e-06,4.09006749e-01
9.59182800e-06,4.08970333e-01
9.59192800e-06,4.08938263e-01
9.59202800e-06,4.08901928e-01
9.59212800e-06,4.08869935e-01
9.59222800e-06,4.08833680e-01
9.59232800e-06,4.08801763e-01
9.59242800e-06,4.08765589e-01
9.59252800e-06,4.08733748e-01
9.59262800e-06,4.08697654e-01
9.59272800e-06,4.08665888e-01
9.59282800e-06,4.08629874e-01
9.59292800e-06,4.08598183e-01
9.59302800e-06,4.08562248e-01
9.59312800e-06,4.08530633e-01
9.59322800e-06,4.08494777e-01
9.59332800e-06,4.08463236e-01
9.59342800e-06,4.08427459e-01
9.59352800e-06,4.08395992e-01
9.59362800e-06,4.08360293e-01
9.59372800e-06,4.08328900e-01
9.59382800e-06,4.08293280e-01
9.59392800e-06,4.08261961e-01
9.59402800e-06,4.08226419e-01
9.59412800e-06,4.08195172e-01
9.59422800e-06,4.08159708e-01
9.59432800e-06,4.08128534e-01
9.59442800e-06,4.08093147e-01
9.59452800e-06,4.08062047e-01
9.59462800e-06,4.08026737e-01
9.59472800e-06,4.07995708e-01
9.59482800e-06,4.07960475e-01
9.59492800e-06,4.07929519e-01
9.59502800e-06,4.07894362e-01
9.59512800e-06,4.07863478e-01
9.59522800e-06,4.07828397e-01
9.59532800e-06,4.07797584e-01
9.59542800e-06,4.07762579e-01
9.59552800e-06,4.07731838e-01
9.59562800e-06,4.07696909e-01
9.59572800e-06,4.07666238e-01
9.59582800e-06,4.07631384e-01
9.59592800e-06,4.07600784e-01
9.59602800e-06,4.07566005e-01
9.59612800e-06,4.07535475e-01
9.59622800e-06,4.07500771e-01
9.59632800e-06,4.07470311e-01
9.59642800e-06,4.07435682e-01
9.59652800e-06,4.07405292e-01
9.59662800e-06,4.07370736e-01
9.59672800e-06,4.07340416e-01
9.59682800e-06,4.07305934e-01
9.59692800e-06,4.07275683e-01
9.59702800e-06,4.07241275e-01
9.59712800e-06,4.07211093e-01
9.59722800e-06,4.07176758e-01
9.59732800e-06,4.07146645e-01
9.59742800e-06,4.07112383e-01
9.59752800e-06,4.07082338e-01
9.59762800e-06,4.07048149e-01
9.59772800e-06,4.07018172e-01
9.59782800e-06,4.06984055e-01
9.59792800e-06,4.06954147e-01
9.59802800e-06,4.06920102e-01
9.59812800e-06,4.06890261e-01
9.59822800e-06,4.06856288e-01
9.59832800e-06,4.06826515e-01
9.59842800e-06,4.06792614e-01
9.59852800e-06,4.06762907e-01
9.59862800e-06,4.06729077e-01
9.59872800e-06,4.06699438e-01
9.59882800e-06,4.06665679e-01
9.59892800e-06,4.06636106e-01
9.59902800e-06,4.06602418e-01
9.59912800e-06,4.06572912e-01
9.59922800e-06,4.06539294e-01
9.59932800e-06,4.06509854e-01
9.59942800e-06,4.06476307e-01
9.59952800e-06,4.06446932e-01
9.59962800e-06,4.06413455e-01
9.59972800e-06,4.06384146e-01
9.59982800e-06,4.06350739e-01
9.59992800e-06,4.06321495e-01
9.60002800e-06,4.06288157e-01
9.60012800e-06,4.06258978e-01
9.60022800e-06,4.06225710e-01
9.60032800e-06,4.06196596e-01
9.60042800e-06,4.06163397e-01
9.60052800e-06,4.06134347e-01
9.60062800e-06,4.06101217e-01
9.60072800e-06,4.06072232e-01
9.60082800e-06,4.06039170e-01
9.60092800e-06,4.06010248e-01
9.60102800e-06,4.05977255e-01
9.60112800e-06,4.05948397e-01
9.60122800e-06,4.05915472e-01
9.60132800e-06,4.05886678e-01
9.60142800e-06,4.05853820e-01
9.60152800e-06,4.05825090e-01
9.60162800e-06,4.05792300e-01
9.60172800e-06,4.05763632e-01
9.60182800e-06,4.05730909e-01
9.60192800e-06,4.05702304e-01
9.60202800e-06,4.05669649e-01
9.60212800e-06,4.05641106e-01
9.60222800e-06,4.05608517e-01
9.60232800e-06,4.05580037e-01
9.60242800e-06,4.05547515e-01
9.60252800e-06,4.05519097e-01
9.60262800e-06,4.05486641e-01
9.60272800e-06,4.05458285e-01
9.60282800e-06,4.05425895e-01
9.60292800e-06,4.05397601e-01
9.60302800e-06,4.05365277e-01
9.60312800e-06,4.05337044e-01
9.60322800e-06,4.05304786e-01
9.60332800e-06,4.05276614e-01
9.60342800e-06,4.05244421e-01
9.60352800e-06,4.05216310e-01
9.60362800e-06,4.05184182e-01
9.60372800e-06,4.05156132e-01
9.60382800e-06,4.05124069e-01
9.60392800e-06,4.05096079e-01
9.60402800e-06,4.05064081e-01
9.60412800e-06,4.05036152e-01
9.60422800e-06,4.05004218e-01
9.60432800e-06,4.04976348e-01
9.60442800e-06,4.04944479e-01
9.60452800e-06,4.04916669e-01
9.60462800e-06,4.04884864e-01
9.60472800e-06,4.04857114e-01
9.60482800e-06,4.04825372e-01
9.60492800e-06,4.04797681e-01
9.60502800e-06,4.04766003e-01
9.60512800e-06,4.04738372e-01
9.60522800e-06,4.04706757e-01
9.60532800e-06,4.04679184e-01
9.60542800e-06,4.04647632e-01
9.60552800e-06,4.04620118e-01
9.60562800e-06,4.04588630e-01
9.60572800e-06,4.04561174e-01
9.60582800e-06,4.04529748e-01
9.60592800e-06,4.04502351e-01
9.60602800e-06,4.04470987e-01
9.60612800e-06,4.04443648e-01
9.60622800e-06,4.04412346e-01
9.60632800e-06,4.04385065e-01
9.60642800e-06,4.04353825e-01
9.60652800e-06,4.04326602e-01
9.60662800e-06,4.04295424e-01
9.60672800e-06,4.04268258e-01
9.60682800e-06,4.04237141e-01
9.60692800e-06,4.04210032e-01
9.60702800e-06,4.04178978e-01
9.60712800e-06,4.04151925e-01
9.60722800e-06,4.04120932e-01
9.60732800e-06,4.04093936e-01
9.60742800e-06,4.04063004e-01
9.60752800e-06,4.04036065e-01
9.60762800e-06,4.04005193e-01
9.60772800e-06,4.03978311e-01
9.60782800e-06,4.03947499e-01
9.60792800e-06,4.03920673e-01
9.60802800e-06,4.03889922e-01
9.60812800e-06,4.03863151e-01
9.60822800e-06,4.03832461e-01
9.60832800e-06,4.03805746e-01
9.60842800e-06,4.03775115e-01
9.60852800e-06,4.03748456e-01
9.60862800e-06,4.03717885e-01
9.60872800e-06,4.03691281e-01
9.60882800e-06,4.03660769e-01
9.60892800e-06,4.03634220e-01
9.60902800e-06,4.03603768e-01
9.60912800e-06,4.03577274e-01
9.60922800e-06,4.03546881e-01
9.60932800e-06,4.03520442e-01
9.60942800e-06,4.03490107e-01
9.60952800e-06,4.03463723e-01
9.60962800e-06,4.03433447e-01
9.60972800e-06,4.03407117e-01
9.60982800e-06,4.03376900e-01
9.60992800e-06,4.03350624e-01
9.61002800e-06,4.03320465e-01
9.61012800e-06,4.03294243e-01
9.61022800e-06,4.03264142e-01
9.61032800e-06,4.03237974e-01
9.61042800e-06,4.03207931e-01
9.61052800e-06,4.03181816e-01
9.61062800e-06,4.03151831e-01
9.61072800e-06,4.03125770e-01
9.61082800e-06,4.03095842e-01
9.61092800e-06,4.03069834e-01
9.61102800e-06,4.03039963e-01
9.61112800e-06,4.03014008e-01
9.61122800e-06,4.02984195e-01
9.61132800e-06,4.02958293e-01
9.61142800e-06,4.02928537e-01
9.61152800e-06,4.02902687e-01
9.61162800e-06,4.02872987e-01
9.61172800e-06,4.02847190e-01
9.61182800e-06,4.02817547e-01
9.61192800e-06,4.02791802e-01
9.61202800e-06,4.02762216e-01
9.61212800e-06,4.02736523e-01
9.61222800e-06,4.02706992e-01
9.61232800e-06,4.02681352e-01
9.61242800e-06,4.02651877e-01
9.61252800e-06,4.02626288e-01
9.61262800e-06,4.02596869e-01
9.61272800e-06,4.02571332e-01
9.61282800e-06,4.02541969e-01
9.61292800e-06,4.02516482e-01
9.61302800e-06,4.02487175e-01
9.61312800e-06,4.02461740e-01
9.61322800e-06,4.02432487e-01
9.61332800e-06,4.02407103e-01
9.61342800e-06,4.02377906e-01
9.61352800e-06,4.02352572e-01
9.61362800e-06,4.02323430e-01
9.61372800e-06,4.02298147e-01
9.61382800e-06,4.02269060e-01
9.61392800e-06,4.02243828e-01
9.61402800e-06,4.02214794e-01
9.61412800e-06,4.02189612e-01
9.61422800e-06,4.02160634e-01
9.61432800e-06,4.02135502e-01
9.61442800e-06,4.02106577e-01
9.61452800e-06,4.02081495e-01
9.61462800e-06,4.02052625e-01
9.61472800e-06,4.02027593e-01
9.61482800e-06,4.01998776e-01
9.61492800e-06,4.01973794e-01
9.61502800e-06,4.01945031e-01
9.61512800e-06,4.01920097e-01
9.61522800e-06,4.01891388e-01
9.61532800e-06,4.01866504e-01
9.61542800e-06,4.01837848e-01
9.61552800e-06,4.01813013e-01
9.61562800e-06,4.01784410e-01
9.61572800e-06,4.01759624e-01
9.61582800e-06,4.01731074e-01
9.61592800e-06,4.01706337e-01
9.61602800e-06,4.01677840e-01
9.61612800e-06,4.01653151e-01
9.61622800e-06,4.01624706e-01
9.61632800e-06,4.01600066e-01
9.61642800e-06,4.01571674e-01
9.61652800e-06,4.01547082e-01
9.61662800e-06,4.01518742e-01
9.61672800e-06,4.01494198e-01
9.61682800e-06,4.01465911e-01
9.61692800e-06,4.01441415e-01
9.61702800e-06,4.01413179e-01
9.61712800e-06,4.01388731e-01
9.61722800e-06,4.01360547e-01
9.61732800e-06,4.01336146e-01
9.61742800e-06,4.01308014e-01
9.61752800e-06,4.01283661e-01
9.61762800e-06,4.01255580e-01
9.61772800e-06,4.01231274e-01
9.61782800e-06,4.01203244e-01
9.61792800e-06,4.01178985e-01
9.61802800e-06,4.01151007e-01
9.61812800e-06,4.01126795e-01
9.61822800e-06,4.01098868e-01
9.61832800e-06,4.01074703e-01
9.61842800e-06,4.01046826e-01
9.61852800e-06,4.01022708e-01
9.61862800e-06,4.00994882e-01
9.61872800e-06,4.00970810e-01
9.61882800e-06,4.00943034e-01
9.61892800e-06,4.00919009e-01
9.61902800e-06,4.00891283e-01
9.61912800e-06,4.00867304e-01
9.61922800e-06,4.00839629e-01
9.61932800e-06,4.00815696e-01
9.61942800e-06,4.00788071e-01
9.61952800e-06,4.00764183e-01
9.61962800e-06,4.00736608e-01
9.61972800e-06,4.00712766e-01
9.61982800e-06,4.00685241e-01
9.61992800e-06,4.00661445e-01
9.62002800e-06,4.00633969e-01
9.62012800e-06,4.00610218e-01
9.62022800e-06,4.00582792e-01
9.62032800e-06,4.00559086e-01
9.62042800e-06,4.00531709e-01
9.62052800e-06,4.00508048e-01
9.62062800e-06,4.00480720e-01
9.62072800e-06,4.00457105e-01
9.62082800e-06,4.00429826e-01
9.62092800e-06,4.00406255e-01
9.62102800e-06,4.00379025e-01
9.62112800e-06,4.00355499e-01
9.62122800e-06,4.00328317e-01
9.62132800e-06,4.00304836e-01
9.62142800e-06,4.00277702e-01
9.62152800e-06,4.00254265e-01
9.62162800e-06,4.00227180e-01
9.62172800e-06,4.00203787e-01
9.62182800e-06,4.00176751e-01
9.62192800e-06,4.00153402e-01
9.62202800e-06,4.00126413e-01
9.62212800e-06,4.00103108e-01
9.62222800e-06,4.00076168e-01
9.62232800e-06,4.00052907e-01
9.62242800e-06,4.00026014e-01
9.62252800e-06,4.00002796e-01
9.62262800e-06,3.99975951e-01
9.62272800e-06,3.99952777e-01
9.62282800e-06,3.99925979e-01
9.62292800e-06,3.99902849e-01
9.62302800e-06,3.99876098e-01
9.62312800e-06,3.99853011e-01
9.62322800e-06,3.99826307e-01
9.62332800e-06,3.99803263e-01
9.62342800e-06,3.99776607e-01
9.62352800e-06,3.99753606e-01
9.62362800e-06,3.99726996e-01
9.62372800e-06,3.99704038e-01
9.62382800e-06,3.99677475e-01
9.62392800e-06,3.99654559e-01
9.62402800e-06,3.99628043e-01
9.62412800e-06,3.99605170e-01
9.62422800e-06,3.99578700e-01
9.62432800e-06,3.99555869e-01
9.62442800e-06,3.99529446e-01
9.62452800e-06,3.99506658e-01
9.62462800e-06,3.99480280e-01
9.62472800e-06,3.99457534e-01
9.62482800e-06,3.99431203e-01
9.62492800e-06,3.99408498e-01
9.62502800e-06,3.99382213e-01
9.62512800e-06,3.99359551e-01
9.62522800e-06,3.99333311e-01
9.62532800e-06,3.99310691e-01
9.62542800e-06,3.99284497e-01
9.62552800e-06,3.99261918e-01
9.62562800e-06,3.99235769e-01
9.62572800e-06,3.99213231e-01
9.62582800e-06,3.99187129e-01
9.62592800e-06,3.99164632e-01
9.62602800e-06,3.99138575e-01
9.62612800e-06,3.99116119e-01
9.62622800e-06,3.99090107e-01
9.62632800e-06,3.99067693e-01
9.62642800e-06,3.99041725e-01
9.62652800e-06,3.99019352e-01
9.62662800e-06,3.98993429e-01
9.62672800e-06,3.98971097e-01
9.62682800e-06,3.98945219e-01
9.62692800e-06,3.98922927e-01
9.62702800e-06,3.98897094e-01
9.62712800e-06,3.98874842e-01
9.62722800e-06,3.98849054e-01
9.62732800e-06,3.98826843e-01
9.62742800e-06,3.98801098e-01
9.62752800e-06,3.98778928e-01
9.62762800e-06,3.98753227e-01
9.62772800e-06,3.98731097e-01
9.62782800e-06,3.98705441e-01
9.62792800e-06,3.98683350e-01
9.62802800e-06,3.98657738e-01
9.62812800e-06,3.98635688e-01
9.62822800e-06,3.98610119e-01
9.62832800e-06,3.98588108e-01
9.62842800e-06,3.98562583e-01
9.62852800e-06,3.98540613e-01
9.62862800e-06,3.98515131e-01
9.62872800e-06,3.98493200e-01
9.62882800e-06,3.98467762e-01
9.62892800e-06,3.98445870e-01
9.62902800e-06,3.98420476e-01
9.62912800e-06,3.98398623e-01
9.62922800e-06,3.98373272e-01
9.62932800e-06,3.98351458e-01
9.62942800e-06,3.98326150e-01
9.62952800e-06,3.98304376e-01
9.62962800e-06,3.98279110e-01
9.62972800e-06,3.98257375e-01
9.62982800e-06,3.98232152e-01
9.62992800e-06,3.98210456e-01
9.63002800e-06,3.98185276e-01
9.63012800e-06,3.98163618e-01
9.63022800e-06,3.98138481e-01
9.63032800e-06,3.98116862e-01
9.63042800e-06,3.98091766e-01
9.63052800e-06,3.98070186e-01
9.63062800e-06,3.98045133e-01
9.63072800e-06,3.98023416e-01
9.63082800e-06,3.97998287e-01
9.63092800e-06,3.97976682e-01
9.63102800e-06,3.97951653e-01
9.63112800e-06,3.97930130e-01
9.63122800e-06,3.97905175e-01
9.63132800e-06,3.97883713e-01
9.63142800e-06,3.97858817e-01
9.63152800e-06,3.97837406e-01
9.63162800e-06,3.97812560e-01
9.63172800e-06,3.97791194e-01
9.63182800e-06,3.97766395e-01
9.63192800e-06,3.97745069e-01
9.63202800e-06,3.97720314e-01
9.63212800e-06,3.97699028e-01
9.63222800e-06,3.97674316e-01
9.63232800e-06,3.97653068e-01
9.63242800e-06,3.97628397e-01
9.63252800e-06,3.97607188e-01
9.63262800e-06,3.97582558e-01
9.63272800e-06,3.97561386e-01
9.63282800e-06,3.97536798e-01
9.63292800e-06,3.97515662e-01
9.63302800e-06,3.97491115e-01
9.63312800e-06,3.97470016e-01
9.63322800e-06,3.97445509e-01
9.63332800e-06,3.97424448e-01
9.63342800e-06,3.97399981e-01
9.63352800e-06,3.97378956e-01
9.63362800e-06,3.97354530e-01
9.63372800e-06,3.97333542e-01
9.63382800e-06,3.97309156e-01
9.63392800e-06,3.97288204e-01
9.63402800e-06,3.97263858e-01
9.63412800e-06,3.97242942e-01
9.63422800e-06,3.97218636e-01
9.63432800e-06,3.97197757e-01
9.63442800e-06,3.97173491e-01
9.63452800e-06,3.97152647e-01
9.63462800e-06,3.97128421e-01
9.63472800e-06,3.97107614e-01
9.63482800e-06,3.97083427e-01
9.63492800e-06,3.97062656e-01
9.63502800e-06,3.97038509e-01
9.63512800e-06,3.97017773e-01
9.63522800e-06,3.96993666e-01
9.63532800e-06,3.96972965e-01
9.63542800e-06,3.96948897e-01
9.63552800e-06,3.96928233e-01
9.63562800e-06,3.96904204e-01
9.63572800e-06,3.96883575e-01
9.63582800e-06,3.96859585e-01
9.63592800e-06,3.96838991e-01
9.63602800e-06,3.96815040e-01
9.63612800e-06,3.96794482e-01
9.63622800e-06,3.96770570e-01
9.63632800e-06,3.96750046e-01
9.63642800e-06,3.96726174e-01
9.63652800e-06,3.96705685e-01
9.63662800e-06,3.96681851e-01
9.63672800e-06,3.96661397e-01
9.63682800e-06,3.96637602e-01
9.63692800e-06,3.96617183e-01
9.63702800e-06,3.96593426e-01
9.63712800e-06,3.96573042e-01
9.63722800e-06,3.96549323e-01
9.63732800e-06,3.96528974e-01
9.63742800e-06,3.96505294e-01
9.63752800e-06,3.96484978e-01
9.63762800e-06,3.96461336e-01
9.63772800e-06,3.96441056e-01
9.63782800e-06,3.96417452e-01
9.63792800e-06,3.96397205e-01
9.63802800e-06,3.96373640e-01
9.63812800e-06,3.96353427e-01
9.63822800e-06,3.96329900e-01
9.63832800e-06,3.96309721e-01
9.63842800e-06,3.96286231e-01
9.63852800e-06,3.96266087e-01
9.63862800e-06,3.96242635e-01
9.63872800e-06,3.96222524e-01
9.63882800e-06,3.96199110e-01
9.63892800e-06,3.96179033e-01
9.63902800e-06,3.96155656e-01
9.63912800e-06,3.96135613e-01
9.63922800e-06,3.96112273e-01
9.63932800e-06,3.96092264e-01
9.63942800e-06,3.96068962e-01
9.63952800e-06,3.96048986e-01
9.63962800e-06,3.96025721e-01
9.63972800e-06,3.96005778e-01
9.63982800e-06,3.95982550e-01
9.63992800e-06,3.95962641e-01
9.64002800e-06,3.95939450e-01
9.64012800e-06,3.95919574e-01
9.64022800e-06,3.95896420e-01
9.64032800e-06,3.95876577e-01
9.64042800e-06,3.95853460e-01
9.64052800e-06,3.95833650e-01
9.64062800e-06,3.95810569e-01
9.64072800e-06,3.95790793e-01
9.64082800e-06,3.95767749e-01
9.64092800e-06,3.95748005e-01
9.64102800e-06,3.95724997e-01
9.64112800e-06,3.95705286e-01
9.64122800e-06,3.95682315e-01
9.64132800e-06,3.95662636e-01
9.64142800e-06,3.95639701e-01
9.64152800e-06,3.95620055e-01
9.64162800e-06,3.95597157e-01
9.64172800e-06,3.95577543e-01
9.64182800e-06,3.95554681e-01
9.64192800e-06,3.95535100e-01
9.64202800e-06,3.95512273e-01
9.64212800e-06,3.95492724e-01
9.64222800e-06,3.95469934e-01
9.64232800e-06,3.95450417e-01
9.64242800e-06,3.95427662e-01
9.64252800e-06,3.95408178e-01
9.64262800e-06,3.95385459e-01
9.64272800e-06,3.95366006e-01
9.64282800e-06,3.95343323e-01
9.64292800e-06,3.95323902e-01
9.64302800e-06,3.95301255e-01
9.64312800e-06,3.95281866e-01
9.64322800e-06,3.95259254e-01
9.64332800e-06,3.95239896e-01
9.64342800e-06,3.95217320e-01
9.64352800e-06,3.95197994e-01
9.64362800e-06,3.95175453e-01
9.64372800e-06,3.95156158e-01
9.64382800e-06,3.95133652e-01
9.64392800e-06,3.95114390e-01
9.64402800e-06,3.95091919e-01
9.64412800e-06,3.95072687e-01
9.64422800e-06,3.95050251e-01
9.64432800e-06,3.95031051e-01
9.64442800e-06,3.95008650e-01
9.64452800e-06,3.94989481e-01
9.64462800e-06,3.94967115e-01
9.64472800e-06,3.94947977e-01
9.64482800e-06,3.94925646e-01
9.64492800e-06,3.94906539e-01
9.64502800e-06,3.94884242e-01
9.64512800e-06,3.94865166e-01
9.64522800e-06,3.94842904e-01
9.64532800e-06,3.94823859e-01
9.64542800e-06,3.94801632e-01
9.64552800e-06,3.94782617e-01
9.64562800e-06,3.94760424e-01
9.64572800e-06,3.94741440e-01
9.64582800e-06,3.94719281e-01
9.64592800e-06,3.94700328e-01
9.64602800e-06,3.94678203e-01
9.64612800e-06,3.94659281e-01
9.64622800e-06,3.94637190e-01
9.64632800e-06,3.94618298e-01
9.64642800e-06,3.94596242e-01
9.64652800e-06,3.94577380e-01
9.64662800e-06,3.94555357e-01
9.64672800e-06,3.94536525e-01
9.64682800e-06,3.94514537e-01
9.64692800e-06,3.94495735e-01
9.64702800e-06,3.94473780e-01
9.64712800e-06,3.94455009e-01
9.64722800e-06,3.94433088e-01
9.64732800e-06,3.94414346e-01
9.64742800e-06,3.94392459e-01
9.64752800e-06,3.94373747e-01
9.64762800e-06,3.94351893e-01
9.64772800e-06,3.94333211e-01
9.64782800e-06,3.94311391e-01
9.64792800e-06,3.94292738e-01
9.64802800e-06,3.94270951e-01
9.64812800e-06,3.94252329e-01
9.64822800e-06,3.94230575e-01
9.64832800e-06,3.94211982e-01
9.64842800e-06,3.94190261e-01
9.64852800e-06,3.94171698e-01
9.64862800e-06,3.94150010e-01
9.64872800e-06,3.94131476e-01
9.64882800e-06,3.94109822e-01
9.64892800e-06,3.94091317e-01
9.64902800e-06,3.94069696e-01
9.64912800e-06,3.94051220e-01
9.64922800e-06,3.94029632e-01
9.64932800e-06,3.94011185e-01
9.64942800e-06,3.93989629e-01
9.64952800e-06,3.93971212e-01
9.64962800e-06,3.93949689e-01
9.64972800e-06,3.93931301e-01
9.64982800e-06,3.93909810e-01
9.64992800e-06,3.93891451e-01
9.65002800e-06,3.93869993e-01
9.65012800e-06,3.93851662e-01
9.65022800e-06,3.93830237e-01
9.65032800e-06,3.93811935e-01
9.65042800e-06,3.93790542e-01
9.65052800e-06,3.93772269e-01
9.65062800e-06,3.93750908e-01
9.65072800e-06,3.93732664e-01
9.65082800e-06,3.93711335e-01
9.65092800e-06,3.93693119e-01
9.65102800e-06,3.93671823e-01
9.65112800e-06,3.93653635e-01
9.65122800e-06,3.93632371e-01
9.65132800e-06,3.93614212e-01
9.65142800e-06,3.93592979e-01
9.65152800e-06,3.93574848e-01
9.65162800e-06,3.93553648e-01
9.65172800e-06,3.93535545e-01
9.65182800e-06,3.93514377e-01
9.65192800e-06,3.93496302e-01
9.65202800e-06,3.93475165e-01
9.65212800e-06,3.93457119e-01
9.65222800e-06,3.93436014e-01
9.65232800e-06,3.93417995e-01
9.65242800e-06,3.93396922e-01
9.65252800e-06,3.93378931e-01
9.65262800e-06,3.93357889e-01
9.65272800e-06,3.93339926e-01
9.65282800e-06,3.93318916e-01
9.65292800e-06,3.93300981e-01
9.65302800e-06,3.93280002e-01
9.65312800e-06,3.93262094e-01
9.65322800e-06,3.93241146e-01
9.65332800e-06,3.93223267e-01
9.65342800e-06,3.93202350e-01
9.65352800e-06,3.93184498e-01
9.65362800e-06,3.93163612e-01
9.65372800e-06,3.93145787e-01
9.65382800e-06,3.93124933e-01
9.65392800e-06,3.93107136e-01
9.65402800e-06,3.93086312e-01
9.65412800e-06,3.93068542e-01
9.65422800e-06,3.93047750e-01
9.65432800e-06,3.93030007e-01
9.65442800e-06,3.93009245e-01
9.65452800e-06,3.92991529e-01
9.65462800e-06,3.92970799e-01
9.65472800e-06,3.92953110e-01
9.65482800e-06,3.92932410e-01
9.65492800e-06,3.92914748e-01
9.65502800e-06,3.92894079e-01
9.65512800e-06,3.92876444e-01
9.65522800e-06,3.92855805e-01
9.65532800e-06,3.92838197e-01
9.65542800e-06,3.92817589e-01
9.65552800e-06,3.92800008e-01
9.65562800e-06,3.92779430e-01
9.65572800e-06,3.92761876e-01
9.65582800e-06,3.92741328e-01
9.65592800e-06,3.92723800e-01
9.65602800e-06,3.92703283e-01
9.65612800e-06,3.92685782e-01
9.65622800e-06,3.92665294e-01
9.65632800e-06,3.92647820e-01
9.65642800e-06,3.92627363e-01
9.65652800e-06,3.92609915e-01
9.65662800e-06,3.92589487e-01
9.65672800e-06,3.92572066e-01
9.65682800e-06,3.92551669e-01
9.65692800e-06,3.92534274e-01
9.65702800e-06,3.92513906e-01
9.65712800e-06,3.92496537e-01
9.65722800e-06,3.92476200e-01
9.65732800e-06,3.92458857e-01
9.65742800e-06,3.92438549e-01
9.65752800e-06,3.92421232e-01
9.65762800e-06,3.92400954e-01
9.65772800e-06,3.92383664e-01
9.65782800e-06,3.92363415e-01
9.65792800e-06,3.92346151e-01
9.65802800e-06,3.92325931e-01
9.65812800e-06,3.92308693e-01
9.65822800e-06,3.92288503e-01
9.65832800e-06,3.92271291e-01
9.65842800e-06,3.92251130e-01
9.65852800e-06,3.92233943e-01
9.65862800e-06,3.92213813e-01
9.65872800e-06,3.92196651e-01
9.65882800e-06,3.92176550e-01
9.65892800e-06,3.92159414e-01
9.65902800e-06,3.92139342e-01
9.65912800e-06,3.92122232e-01
9.65922800e-06,3.92102188e-01
9.65932800e-06,3.92085104e-01
9.65942800e-06,3.92065090e-01
9.65952800e-06,3.92048031e-01
9.65962800e-06,3.92028045e-01
9.65972800e-06,3.92011012e-01
9.65982800e-06,3.91991055e-01
9.65992800e-06,3.91974047e-01
9.66002800e-06,3.91954120e-01
9.66012800e-06,3.91937137e-01
9.66022800e-06,3.91917238e-01
9.66032800e-06,3.91900280e-01
9.66042800e-06,3.91880410e-01
9.66052800e-06,3.91863477e-01
9.66062800e-06,3.91843636e-01
9.66072800e-06,3.91826728e-01
9.66082800e-06,3.91806916e-01
9.66092800e-06,3.91790033e-01
9.66102800e-06,3.91770249e-01
9.66112800e-06,3.91753391e-01
9.66122800e-06,3.91733635e-01
9.66132800e-06,3.91716803e-01
9.66142800e-06,3.91697075e-01
9.66152800e-06,3.91680267e-01
9.66162800e-06,3.91660568e-01
9.66172800e-06,3.91643785e-01
9.66182800e-06,3.91624114e-01
9.66192800e-06,3.91607355e-01
9.66202800e-06,3.91587713e-01
9.66212800e-06,3.91570979e-01
9.66222800e-06,3.91551364e-01
9.66232800e-06,3.91534655e-01
9.66242800e-06,3.91515068e-01
9.66252800e-06,3.91498384e-01
9.66262800e-06,3.91478825e-01
9.66272800e-06,3.91462165e-01
9.66282800e-06,3.91442634e-01
9.66292800e-06,3.91425998e-01
9.66302800e-06,3.91406495e-01
9.66312800e-06,3.91389884e-01
9.66322800e-06,3.91370409e-01
9.66332800e-06,3.91353821e-01
9.66342800e-06,3.91334374e-01
9.66352800e-06,3.91317811e-01
9.66362800e-06,3.91298391e-01
9.66372800e-06,3.91281852e-01
9.66382800e-06,3.91262460e-01
9.66392800e-06,3.91245945e-01
9.66402800e-06,3.91226581e-01
9.66412800e-06,3.91210090e-01
9.66422800e-06,3.91190753e-01
9.66432800e-06,3.91174286e-01
9.66442800e-06,3.91154977e-01
9.66452800e-06,3.91138534e-01
9.66462800e-06,3.91119252e-01
9.66472800e-06,3.91102832e-01
9.66482800e-06,3.91083578e-01
9.66492800e-06,3.91067182e-01
9.66502800e-06,3.91047955e-01
9.66512800e-06,3.91031583e-01
9.66522800e-06,3.91012382e-01
9.66532800e-06,3.90996034e-01
9.66542800e-06,3.90976861e-01
9.66552800e-06,3.90960536e-01
9.66562800e-06,3.90941390e-01
9.66572800e-06,3.90925089e-01
9.66582800e-06,3.90905970e-01
9.66592800e-06,3.90889693e-01
9.66602800e-06,3.90870600e-01
9.66612800e-06,3.90854346e-01
9.66622800e-06,3.90835281e-01
9.66632800e-06,3.90819050e-01
9.66642800e-06,3.90800012e-01
9.66652800e-06,3.90783804e-01
9.66662800e-06,3.90764793e-01
9.66672800e-06,3.90748609e-01
9.66682800e-06,3.90729624e-01
9.66692800e-06,3.90713463e-01
9.66702800e-06,3.90694504e-01
9.66712800e-06,3.90678366e-01
9.66722800e-06,3.90659435e-01
9.66732800e-06,3.90643320e-01
9.66742800e-06,3.90624415e-01
9.66752800e-06,3.90608323e-01
9.66762800e-06,3.90589444e-01
9.66772800e-06,3.90573375e-01
9.66782800e-06,3.90554523e-01
9.66792800e-06,3.90538477e-01
9.66802800e-06,3.90519651e-01
9.66812800e-06,3.90503628e-01
9.66822800e-06,3.90484828e-01
9.66832800e-06,3.90468828e-01
9.66842800e-06,3.90450054e-01
9.66852800e-06,3.90434077e-01
9.66862800e-06,3.90415330e-01
9.66872800e-06,3.90399375e-01
9.66882800e-06,3.90380654e-01
9.66892800e-06,3.90364721e-01
9.66902800e-06,3.90346026e-01
9.66912800e-06,3.90330117e-01
9.66922800e-06,3.90311448e-01
9.66932800e-06,3.90295560e-01
9.66942800e-06,3.90276917e-01
9.66952800e-06,3.90261053e-01
9.66962800e-06,3.90242435e-01
9.66972800e-06,3.90226593e-01
9.66982800e-06,3.90208002e-01
9.66992800e-06,3.90192182e-01
9.67002800e-06,3.90173616e-01
9.67012800e-06,3.90157819e-01
9.67022800e-06,3.90139279e-01
9.67032800e-06,3.90123504e-01
9.67042800e-06,3.90104990e-01
9.67052800e-06,3.90089236e-01
9.67062800e-06,3.90070748e-01
9.67072800e-06,3.90055017e-01
9.67082800e-06,3.90036554e-01
9.67092800e-06,3.90020845e-01
9.67102800e-06,3.90002407e-01
9.67112800e-06,3.89986721e-01
9.67122800e-06,3.89968309e-01
9.67132800e-06,3.89952644e-01
9.67142800e-06,3.89934257e-01
9.67152800e-06,3.89918614e-01
9.67162800e-06,3.89900253e-01
9.67172800e-06,3.89884632e-01
9.67182800e-06,3.89866296e-01
9.67192800e-06,3.89850697e-01
9.67202800e-06,3.89832386e-01
9.67212800e-06,3.89816809e-01
9.67222800e-06,3.89798523e-01
9.67232800e-06,3.89782967e-01
9.67242800e-06,3.89764707e-01
9.67252800e-06,3.89749173e-01
9.67262800e-06,3.89730937e-01
9.67272800e-06,3.89715425e-01
9.67282800e-06,3.89697214e-01
9.67292800e-06,3.89681724e-01
9.67302800e-06,3.89663538e-01
9.67312800e-06,3.89648069e-01
9.67322800e-06,3.89629908e-01
9.67332800e-06,3.89614461e-01
9.67342800e-06,3.89596325e-01
9.67352800e-06,3.89580899e-01
9.67362800e-06,3.89562788e-01
9.67372800e-06,3.89547383e-01
9.67382800e-06,3.89529297e-01
9.67392800e-06,3.89513913e-01
9.67402800e-06,3.89495851e-01
9.67412800e-06,3.89480489e-01
9.67422800e-06,3.89462452e-01
9.67432800e-06,3.89447111e-01
9.67442800e-06,3.89429099e-01
9.67452800e-06,3.89413779e-01
9.67462800e-06,3.89395791e-01
9.67472800e-06,3.89380493e-01
9.67482800e-06,3.89362529e-01
9.67492800e-06,3.89347252e-01
9.67502800e-06,3.89329313e-01
9.67512800e-06,3.89314056e-01
9.67522800e-06,3.89296142e-01
9.67532800e-06,3.89280906e-01
9.67542800e-06,3.89263016e-01
9.67552800e-06,3.89247801e-01
9.67562800e-06,3.89229936e-01
9.67572800e-06,3.89214742e-01
9.67582800e-06,3.89196900e-01
9.67592800e-06,3.89181727e-01
9.67602800e-06,3.89163910e-01
9.67612800e-06,3.89148758e-01
9.67622800e-06,3.89130964e-01
9.67632800e-06,3.89115833e-01
9.67642800e-06,3.89098064e-01
9.67652800e-06,3.89082953e-01
9.67662800e-06,3.89065208e-01
9.67672800e-06,3.89050118e-01
9.67682800e-06,3.89032397e-01
9.67692800e-06,3.89017327e-01
9.67702800e-06,3.88999630e-01
9.67712800e-06,3.88984581e-01
9.67722800e-06,3.88966908e-01
9.67732800e-06,3.88951879e-01
9.67742800e-06,3.88934230e-01
9.67752800e-06,3.88919222e-01
9.67762800e-06,3.88901596e-01
9.67772800e-06,3.88886609e-01
9.67782800e-06,3.88869007e-01
9.67792800e-06,3.88854039e-01
9.67802800e-06,3.88836461e-01
9.67812800e-06,3.88821514e-01
9.67822800e-06,3.88803960e-01
9.67832800e-06,3.88789033e-01
9.67842800e-06,3.88771502e-01
9.67852800e-06,3.88756596e-01
9.67862800e-06,3.88739088e-01
9.67872800e-06,3.88724202e-01
9.67882800e-06,3.88706718e-01
9.67892800e-06,3.88691852e-01
9.67902800e-06,3.88674391e-01
9.67912800e-06,3.88659545e-01
9.67922800e-06,3.88642108e-01
9.67932800e-06,3.88627282e-01
9.67942800e-06,3.88609868e-01
9.67952800e-06,3.88595062e-01
9.67962800e-06,3.88577672e-01
9.67972800e-06,3.88562886e-01
9.67982800e-06,3.88545519e-01
9.67992800e-06,3.88530753e-01
9.68002800e-06,3.88513409e-01
9.68012800e-06,3.88498662e-01
9.68022800e-06,3.88481341e-01
9.68032800e-06,3.88466615e-01
9.68042800e-06,3.88449317e-01
9.68052800e-06,3.88434611e-01
9.68062800e-06,3.88417336e-01
9.68072800e-06,3.88402649e-01
9.68082800e-06,3.88385398e-01
9.68092800e-06,3.88370731e-01
9.68102800e-06,3.88353502e-01
9.68112800e-06,3.88338854e-01
9.68122800e-06,3.88321649e-01
9.68132800e-06,3.88307021e-01
9.68142800e-06,3.88289838e-01
9.68152800e-06,3.88275230e-01
9.68162800e-06,3.88258069e-01
9.68172800e-06,3.88243481e-01
9.68182800e-06,3.88226343e-01
9.68192800e-06,3.88211774e-01
9.68202800e-06,3.88194660e-01
9.68212800e-06,3.88180110e-01
9.68222800e-06,3.88163018e-01
9.68232800e-06,3.88148487e-01
9.68242800e-06,3.88131418e-01
9.68252800e-06,3.88116907e-01
9.68262800e-06,3.88099860e-01
9.68272800e-06,3.88085369e-01
9.68282800e-06,3.88068345e-01
9.68292800e-06,3.88053872e-01
9.68302800e-06,3.88036871e-01
9.68312800e-06,3.88022417e-01
9.68322800e-06,3.88005438e-01
9.68332800e-06,3.87991004e-01
9.68342800e-06,3.87974047e-01
9.68352800e-06,3.87959632e-01
9.68362800e-06,3.87942698e-01
9.68372800e-06,3.87928302e-01
9.68382800e-06,3.87911390e-01
9.68392800e-06,3.87897014e-01
9.68402800e-06,3.87880124e-01
9.68412800e-06,3.87865766e-01
9.68422800e-06,3.87848899e-01
9.68432800e-06,3.87834560e-01
9.68442800e-06,3.87817715e-01
9.68452800e-06,3.87803395e-01
9.68462800e-06,3.87786572e-01
9.68472800e-06,3.87772271e-01
9.68482800e-06,3.87755470e-01
9.68492800e-06,3.87741188e-01
9.68502800e-06,3.87724409e-01
9.68512800e-06,3.87710146e-01
9.68522800e-06,3.87693389e-01
9.68532800e-06,3.87679144e-01
9.68542800e-06,3.87662410e-01
9.68552800e-06,3.87648184e-01
9.68562800e-06,3.87631471e-01
9.68572800e-06,3.87617264e-01
9.68582800e-06,3.87600573e-01
9.68592800e-06,3.87586384e-01
9.68602800e-06,3.87569715e-01
9.68612800e-06,3.87555545e-01
9.68622800e-06,3.87538898e-01
9.68632800e-06,3.87524747e-01
9.68642800e-06,3.87508121e-01
9.68652800e-06,3.87493988e-01
9.68662800e-06,3.87477385e-01
9.68672800e-06,3.87463270e-01
9.68682800e-06,3.87446688e-01
9.68692800e-06,3.87432592e-01
9.68702800e-06,3.87416032e-01
9.68712800e-06,3.87401955e-01
9.68722800e-06,3.87385416e-01
9.68732800e-06,3.87371357e-01
9.68742800e-06,3.87354840e-01
9.68752800e-06,3.87340799e-01
9.68762800e-06,3.87324303e-01
9.68772800e-06,3.87310281e-01
9.68782800e-06,3.87293807e-01
9.68792800e-06,3.87279802e-01
9.68802800e-06,3.87263350e-01
9.68812800e-06,3.87249364e-01
9.68822800e-06,3.87232933e-01
9.68832800e-06,3.87218965e-01
9.68842800e-06,3.87202555e-01
9.68852800e-06,3.87188605e-01
9.68862800e-06,3.87172217e-01
9.68872800e-06,3.87158285e-01
9.68882800e-06,3.87141918e-01
9.68892800e-06,3.87128004e-01
9.68902800e-06,3.87111658e-01
9.68912800e-06,3.87097762e-01
9.68922800e-06,3.87081438e-01
9.68932800e-06,3.87067560e-01
9.68942800e-06,3.87051257e-01
9.68952800e-06,3.87037397e-01
9.68962800e-06,3.87021114e-01
9.68972800e-06,3.87007273e-01
9.68982800e-06,3.86991011e-01
9.68992800e-06,3.86977187e-01
9.69002800e-06,3.86960947e-01
9.69012800e-06,3.86947141e-01
9.69022800e-06,3.86930922e-01
9.69032800e-06,3.86917133e-01
9.69042800e-06,3.86900935e-01
9.69052800e-06,3.86887164e-01
9.69062800e-06,3.86870987e-01
9.69072800e-06,3.86857234e-01
9.69082800e-06,3.86841078e-01
9.69092800e-06,3.86827343e-01
9.69102800e-06,3.86811207e-01
9.69112800e-06,3.86797489e-01
9.69122800e-06,3.86781375e-01
9.69132800e-06,3.86767675e-01
9.69142800e-06,3.86751581e-01
9.69152800e-06,3.86737898e-01
9.69162800e-06,3.86721825e-01
9.69172800e-06,3.86708160e-01
9.69182800e-06,3.86692108e-01
9.69192800e-06,3.86678461e-01
9.69202800e-06,3.86662429e-01
9.69212800e-06,3.86648799e-01
9.69222800e-06,3.86632788e-01
9.69232800e-06,3.86619175e-01
9.69242800e-06,3.86603185e-01
9.69252800e-06,3.86589590e-01
9.69262800e-06,3.86573620e-01
9.69272800e-06,3.86560042e-01
9.69282800e-06,3.86544092e-01
9.69292800e-06,3.86530532e-01
9.69302800e-06,3.86514603e-01
9.69312800e-06,3.86501060e-01
9.69322800e-06,3.86485151e-01
9.69332800e-06,3.86471625e-01
9.69342800e-06,3.86455737e-01
9.69352800e-06,3.86442228e-01
9.69362800e-06,3.86426361e-01
9.69372800e-06,3.86412869e-01
9.69382800e-06,3.86397022e-01
9.69392800e-06,3.86383547e-01
9.69402800e-06,3.86367720e-01
9.69412800e-06,3.86354263e-01
9.69422800e-06,3.86338456e-01
9.69432800e-06,3.86325016e-01
9.69442800e-06,3.86309229e-01
9.69452800e-06,3.86295806e-01
9.69462800e-06,3.86280039e-01
9.69472800e-06,3.86266633e-01
9.69482800e-06,3.86250887e-01
9.69492800e-06,3.86237498e-01
9.69502800e-06,3.86221771e-01
9.69512800e-06,3.86208399e-01
9.69522800e-06,3.86192693e-01
9.69532800e-06,3.86179338e-01
9.69542800e-06,3.86163652e-01
9.69552800e-06,3.86150313e-01
9.69562800e-06,3.86134647e-01
9.69572800e-06,3.86121325e-01
9.69582800e-06,3.86105679e-01
9.69592800e-06,3.86092374e-01
9.69602800e-06,3.86076748e-01
9.69612800e-06,3.86063460e-01
9.69622800e-06,3.86047854e-01
9.69632800e-06,3.86034582e-01
9.69642800e-06,3.86018996e-01
9.69652800e-06,3.86005741e-01
9.69662800e-06,3.85990174e-01
9.69672800e-06,3.85976937e-01
9.69682800e-06,3.85961390e-01
9.69692800e-06,3.85948168e-01
9.69702800e-06,3.85932641e-01
9.69712800e-06,3.85919437e-01
9.69722800e-06,3.85903929e-01
9.69732800e-06,3.85890741e-01
9.69742800e-06,3.85875253e-01
9.69752800e-06,3.85862082e-01
9.69762800e-06,3.85846614e-01
9.69772800e-06,3.85833459e-01
9.69782800e-06,3.85818010e-01
9.69792800e-06,3.85804871e-01
9.69802800e-06,3.85789442e-01
9.69812800e-06,3.85776320e-01
9.69822800e-06,3.85760911e-01
9.69832800e-06,3.85747805e-01
9.69842800e-06,3.85732415e-01
9.69852800e-06,3.85719326e-01
9.69862800e-06,3.85703956e-01
9.69872800e-06,3.85690883e-01
9.69882800e-06,3.85675532e-01
9.69892800e-06,3.85662475e-01
9.69902800e-06,3.85647143e-01
9.69912800e-06,3.85634103e-01
9.69922800e-06,3.85618791e-01
9.69932800e-06,3.85605767e-01
9.69942800e-06,3.85590474e-01
9.69952800e-06,3.85577466e-01
9.69962800e-06,3.85562192e-01
9.69972800e-06,3.85549201e-01
9.69982800e-06,3.85533946e-01
9.69992800e-06,3.85520971e-01
9.70002800e-06,3.85505736e-01
9.70012800e-06,3.85492776e-01
9.70022800e-06,3.85477560e-01
9.70032800e-06,3.85464617e-01
9.70042800e-06,3.85449421e-01
9.70052800e-06,3.85436493e-01
9.70062800e-06,3.85421316e-01
9.70072800e-06,3.85408405e-01
9.70082800e-06,3.85393246e-01
9.70092800e-06,3.85380351e-01
9.70102800e-06,3.85365212e-01
9.70112800e-06,3.85352332e-01
9.70122800e-06,3.85337212e-01
9.70132800e-06,3.85324349e-01
9.70142800e-06,3.85309247e-01
9.70152800e-06,3.85296400e-01
9.70162800e-06,3.85281318e-01
9.70172800e-06,3.85268486e-01
9.70182800e-06,3.85253423e-01
9.70192800e-06,3.85240607e-01
9.70202800e-06,3.85225563e-01
9.70212800e-06,3.85212763e-01
9.70222800e-06,3.85197737e-01
9.70232800e-06,3.85184953e-01
9.70242800e-06,3.85169946e-01
9.70252800e-06,3.85157178e-01
9.70262800e-06,3.85142190e-01
9.70272800e-06,3.85129438e-01
9.70282800e-06,3.85114468e-01
9.70292800e-06,3.85101732e-01
9.70302800e-06,3.85086781e-01
9.70312800e-06,3.85074060e-01
9.70322800e-06,3.85059128e-01
9.70332800e-06,3.85046423e-01
9.70342800e-06,3.85031510e-01
9.70352800e-06,3.85018820e-01
9.70362800e-06,3.85003926e-01
9.70372800e-06,3.84991251e-01
9.70382800e-06,3.84976375e-01
9.70392800e-06,3.84963717e-01
9.70402800e-06,3.84948860e-01
9.70412800e-06,3.84936216e-01
9.70422800e-06,3.84921378e-01
9.70432800e-06,3.84908750e-01
9.70442800e-06,3.84893930e-01
9.70452800e-06,3.84881318e-01
9.70462800e-06,3.84866516e-01
9.70472800e-06,3.84853919e-01
9.70482800e-06,3.84839136e-01
9.70492800e-06,3.84826555e-01
9.70502800e-06,3.84811790e-01
9.70512800e-06,3.84799224e-01
9.70522800e-06,3.84784478e-01
9.70532800e-06,3.84771927e-01
9.70542800e-06,3.84757199e-01
9.70552800e-06,3.84744664e-01
9.70562800e-06,3.84729955e-01
9.70572800e-06,3.84717435e-01
9.70582800e-06,3.84702743e-01
9.70592800e-06,3.84690239e-01
9.70602800e-06,3.84675566e-01
9.70612800e-06,3.84663076e-01
9.70622800e-06,3.84648422e-01
9.70632800e-06,3.84635947e-01
9.70642800e-06,3.84621311e-01
9.70652800e-06,3.84608852e-01
9.70662800e-06,3.84594233e-01
9.70672800e-06,3.84581790e-01
9.70682800e-06,3.84567189e-01
9.70692800e-06,3.84554761e-01
9.70702800e-06,3.84540179e-01
9.70712800e-06,3.84527765e-01
9.70722800e-06,3.84513201e-01
9.70732800e-06,3.84500803e-01
9.70742800e-06,3.84486257e-01
9.70752800e-06,3.84473873e-01
9.70762800e-06,3.84459346e-01
9.70772800e-06,3.84446977e-01
9.70782800e-06,3.84432467e-01
9.70792800e-06,3.84420114e-01
9.70802800e-06,3.84405622e-01
9.70812800e-06,3.84393284e-01
9.70822800e-06,3.84378810e-01
9.70832800e-06,3.84366486e-01
9.70842800e-06,3.84352031e-01
9.70852800e-06,3.84339722e-01
9.70862800e-06,3.84325284e-01
9.70872800e-06,3.84312990e-01
9.70882800e-06,3.84298570e-01
9.70892800e-06,3.84286291e-01
9.70902800e-06,3.84271889e-01
9.70912800e-06,3.84259625e-01
9.70922800e-06,3.84245240e-01
9.70932800e-06,3.84232991e-01
9.70942800e-06,3.84218625e-01
9.70952800e-06,3.84206390e-01
9.70962800e-06,3.84192041e-01
9.70972800e-06,3.84179821e-01
9.70982800e-06,3.84165490e-01
9.70992800e-06,3.84153285e-01
9.71002800e-06,3.84138972e-01
9.71012800e-06,3.84126782e-01
9.71022800e-06,3.84112486e-01
9.71032800e-06,3.84100310e-01
9.71042800e-06,3.84086032e-01
9.71052800e-06,3.84073871e-01
9.71062800e-06,3.84059611e-01
9.71072800e-06,3.84047464e-01
9.71082800e-06,3.84033222e-01
9.71092800e-06,3.84021090e-01
9.71102800e-06,3.84006865e-01
9.71112800e-06,3.83994748e-01
9.71122800e-06,3.83980540e-01
9.71132800e-06,3.83968437e-01
9.71142800e-06,3.83954247e-01
9.71152800e-06,3.83942159e-01
9.71162800e-06,3.83927986e-01
9.71172800e-06,3.83915913e-01
9.71182800e-06,3.83901757e-01
9.71192800e-06,3.83889698e-01
9.71202800e-06,3.83875560e-01
9.71212800e-06,3.83863516e-01
9.71222800e-06,3.83849395e-01
9.71232800e-06,3.83837365e-01
9.71242800e-06,3.83823262e-01
9.71252800e-06,3.83811246e-01
9.71262800e-06,3.83797160e-01
9.71272800e-06,3.83785159e-01
9.71282800e-06,3.83771086e-01
9.71292800e-06,3.83759095e-01
9.71302800e-06,3.83745046e-01
9.71312800e-06,3.83733075e-01
9.71322800e-06,3.83719037e-01
9.71332800e-06,3.83707076e-01
9.71342800e-06,3.83693063e-01
9.71352800e-06,3.83681120e-01
9.71362800e-06,3.83667118e-01
9.71372800e-06,3.83655186e-01
9.71382800e-06,3.83641206e-01
9.71392800e-06,3.83629293e-01
9.71402800e-06,3.83615325e-01
9.71412800e-06,3.83603421e-01
9.71422800e-06,3.83589476e-01
9.71432800e-06,3.83577591e-01
9.71442800e-06,3.83563657e-01
9.71452800e-06,3.83551782e-01
9.71462800e-06,3.83537871e-01
9.71472800e-06,3.83526014e-01
9.71482800e-06,3.83512115e-01
9.71492800e-06,3.83500268e-01
9.71502800e-06,3.83486386e-01
9.71512800e-06,3.83474554e-01
9.71522800e-06,3.83460695e-01
9.71532800e-06,3.83448881e-01
9.71542800e-06,3.83435033e-01
9.71552800e-06,3.83423229e-01
9.71562800e-06,3.83409398e-01
9.71572800e-06,3.83397609e-01
9.71582800e-06,3.83383796e-01
9.71592800e-06,3.83372021e-01
9.71602800e-06,3.83358225e-01
9.71612800e-06,3.83346465e-01
9.71622800e-06,3.83332686e-01
9.71632800e-06,3.83320939e-01
9.71642800e-06,3.83307178e-01
9.71652800e-06,3.83295445e-01
9.71662800e-06,3.83281701e-01
9.71672800e-06,3.83269982e-01
9.71682800e-06,3.83256254e-01
9.71692800e-06,3.83244549e-01
9.71702800e-06,3.83230838e-01
9.71712800e-06,3.83219147e-01
9.71722800e-06,3.83205453e-01
9.71732800e-06,3.83193776e-01
9.71742800e-06,3.83180099e-01
9.71752800e-06,3.83168435e-01
9.71762800e-06,3.83154775e-01
9.71772800e-06,3.83143125e-01
9.71782800e-06,3.83129481e-01
9.71792800e-06,3.83117845e-01
9.71802800e-06,3.83104218e-01
9.71812800e-06,3.83092596e-01
9.71822800e-06,3.83078985e-01
9.71832800e-06,3.83067377e-01
9.71842800e-06,3.83053783e-01
9.71852800e-06,3.83042188e-01
9.71862800e-06,3.83028610e-01
9.71872800e-06,3.83017029e-01
9.71882800e-06,3.83003468e-01
9.71892800e-06,3.82991901e-01
9.71902800e-06,3.82978357e-01
9.71912800e-06,3.82966803e-01
9.71922800e-06,3.82953275e-01
9.71932800e-06,3.82941735e-01
9.71942800e-06,3.82928224e-01
9.71952800e-06,3.82916697e-01
9.71962800e-06,3.82903202e-01
9.71972800e-06,3.82891689e-01
9.71982800e-06,3.82878211e-01
9.71992800e-06,3.82866711e-01
9.72002800e-06,3.82853249e-01
9.72012800e-06,3.82841763e-01
9.72022800e-06,3.82828317e-01
9.72032800e-06,3.82816845e-01
9.72042800e-06,3.82803416e-01
9.72052800e-06,3.82791957e-01
9.72062800e-06,3.82778544e-01
9.72072800e-06,3.82767098e-01
9.72082800e-06,3.82753702e-01
9.72092800e-06,3.82742269e-01
9.72102800e-06,3.82728889e-01
9.72112800e-06,3.82717470e-01
9.72122800e-06,3.82704106e-01
9.72132800e-06,3.82692701e-01
9.72142800e-06,3.82679353e-01
9.72152800e-06,3.82667961e-01
9.72162800e-06,3.82654630e-01
9.72172800e-06,3.82643251e-01
9.72182800e-06,3.82629936e-01
9.72192800e-06,3.82618571e-01
9.72202800e-06,3.82605271e-01
9.72212800e-06,3.82593920e-01
9.72222800e-06,3.82580637e-01
9.72232800e-06,3.82569298e-01
9.72242800e-06,3.82556031e-01
9.72252800e-06,3.82544706e-01
9.72262800e-06,3.82531455e-01
9.72272800e-06,3.82520143e-01
9.72282800e-06,3.82506908e-01
9.72292800e-06,3.82495609e-01
9.72302800e-06,3.82482391e-01
9.72312800e-06,3.82471105e-01
9.72322800e-06,3.82457902e-01
9.72332800e-06,3.82446630e-01
9.72342800e-06,3.82433443e-01
9.72352800e-06,3.82422184e-01
9.72362800e-06,3.82409013e-01
9.72372800e-06,3.82397767e-01
9.72382800e-06,3.82384613e-01
9.72392800e-06,3.82373379e-01
9.72402800e-06,3.82360241e-01
9.72412800e-06,3.82349021e-01
9.72422800e-06,3.82335898e-01
9.72432800e-06,3.82324691e-01
9.72442800e-06,3.82311585e-01
9.72452800e-06,3.82300391e-01
9.72462800e-06,3.82287300e-01
9.72472800e-06,3.82276119e-01
9.72482800e-06,3.82263044e-01
9.72492800e-06,3.82251876e-01
9.72502800e-06,3.82238817e-01
9.72512800e-06,3.82227663e-01
9.72522800e-06,3.82214619e-01
9.72532800e-06,3.82203478e-01
9.72542800e-06,3.82190450e-01
9.72552800e-06,3.82179321e-01
9.72562800e-06,3.82166310e-01
9.72572800e-06,3.82155194e-01
9.72582800e-06,3.82142198e-01
9.72592800e-06,3.82131095e-01
9.72602800e-06,3.82118115e-01
9.72612800e-06,3.82107025e-01
9.72622800e-06,3.82094060e-01
9.72632800e-06,3.82082983e-01
9.72642800e-06,3.82070034e-01
9.72652800e-06,3.82058970e-01
9.72662800e-06,3.82046037e-01
9.72672800e-06,3.82034986e-01
9.72682800e-06,3.82022068e-01
9.72692800e-06,3.82011030e-01
9.72702800e-06,3.81998128e-01
9.72712800e-06,3.81987102e-01
9.72722800e-06,3.81974216e-01
9.72732800e-06,3.81963203e-01
9.72742800e-06,3.81950332e-01
9.72752800e-06,3.81939332e-01
9.72762800e-06,3.81926477e-01
9.72772800e-06,3.81915490e-01
9.72782800e-06,3.81902650e-01
9.72792800e-06,3.81891676e-01
9.72802800e-06,3.81878852e-01
9.72812800e-06,3.81867890e-01
9.72822800e-06,3.81855082e-01
9.72832800e-06,3.81844132e-01
9.72842800e-06,3.81831339e-01
9.72852800e-06,3.81820403e-01
9.72862800e-06,3.81807625e-01
9.72872800e-06,3.81796701e-01
9.72882800e-06,3.81783939e-01
9.72892800e-06,3.81773028e-01
9.72902800e-06,3.81760282e-01
9.72912800e-06,3.81749383e-01
9.72922800e-06,3.81736652e-01
9.72932800e-06,3.81725766e-01
9.72942800e-06,3.81713050e-01
9.72952800e-06,3.81702177e-01
9.72962800e-06,3.81689476e-01
9.72972800e-06,3.81678616e-01
9.72982800e-06,3.81665931e-01
9.72992800e-06,3.81655082e-01
9.73002800e-06,3.81642413e-01
9.73012800e-06,3.81631577e-01
9.73022800e-06,3.81618922e-01
9.73032800e-06,3.81608099e-01
9.73042800e-06,3.81595460e-01
9.73052800e-06,3.81584649e-01
9.73062800e-06,3.81572026e-01
9.73072800e-06,3.81561227e-01
9.73082800e-06,3.81548619e-01
9.73092800e-06,3.81537833e-01
9.73102800e-06,3.81525240e-01
9.73112800e-06,3.81514466e-01
9.73122800e-06,3.81501888e-01
9.73132800e-06,3.81491127e-01
9.73142800e-06,3.81478565e-01
9.73152800e-06,3.81467816e-01
9.73162800e-06,3.81455268e-01
9.73172800e-06,3.81444532e-01
9.73182800e-06,3.81432000e-01
9.73192800e-06,3.81421276e-01
9.73202800e-06,3.81408759e-01
9.73212800e-06,3.81398047e-01
9.73222800e-06,3.81385545e-01
9.73232800e-06,3.81374846e-01
9.73242800e-06,3.81362359e-01
9.73252800e-06,3.81351672e-01
9.73262800e-06,3.81339200e-01
9.73272800e-06,3.81328526e-01
9.73282800e-06,3.81316069e-01
9.73292800e-06,3.81305407e-01
9.73302800e-06,3.81292965e-01
9.73312800e-06,3.81282315e-01
9.73322800e-06,3.81269888e-01
9.73332800e-06,3.81259251e-01
9.73342800e-06,3.81246839e-01
9.73352800e-06,3.81236213e-01
9.73362800e-06,3.81223816e-01
9.73372800e-06,3.81213203e-01
9.73382800e-06,3.81200821e-01
9.73392800e-06,3.81190221e-01
9.73402800e-06,3.81177853e-01
9.73412800e-06,3.81167265e-01
9.73422800e-06,3.81154913e-01
9.73432800e-06,3.81144336e-01
9.73442800e-06,3.81131999e-01
9.73452800e-06,3.81121435e-01
9.73462800e-06,3.81109113e-01
9.73472800e-06,3.81098561e-01
9.73482800e-06,3.81086253e-01
9.73492800e-06,3.81075713e-01
9.73502800e-06,3.81063421e-01
9.73512800e-06,3.81052893e-01
9.73522800e-06,3.81040615e-01
9.73532800e-06,3.81030099e-01
9.73542800e-06,3.81017836e-01
9.73552800e-06,3.81007333e-01
9.73562800e-06,3.80995085e-01
9.73572800e-06,3.80984593e-01
9.73582800e-06,3.80972360e-01
9.73592800e-06,3.80961880e-01
9.73602800e-06,3.80949662e-01
9.73612800e-06,3.80939194e-01
9.73622800e-06,3.80926991e-01
9.73632800e-06,3.80916535e-01
9.73642800e-06,3.80904346e-01
9.73652800e-06,3.80893903e-01
9.73662800e-06,3.80881728e-01
9.73672800e-06,3.80871297e-01
9.73682800e-06,3.80859137e-01
9.73692800e-06,3.80848718e-01
9.73702800e-06,3.80836573e-01
9.73712800e-06,3.80826166e-01
9.73722800e-06,3.80814035e-01
9.73732800e-06,3.80803640e-01
9.73742800e-06,3.80791524e-01
9.73752800e-06,3.80781140e-01
9.73762800e-06,3.80769040e-01
9.73772800e-06,3.80758668e-01
9.73782800e-06,3.80746581e-01
9.73792800e-06,3.80736222e-01
9.73802800e-06,3.80724150e-01
9.73812800e-06,3.80713802e-01
9.73822800e-06,3.80701745e-01
9.73832800e-06,3.80691409e-01
9.73842800e-06,3.80679366e-01
9.73852800e-06,3.80669042e-01
9.73862800e-06,3.80657014e-01
9.73872800e-06,3.80646701e-01
9.73882800e-06,3.80634688e-01
9.73892800e-06,3.80624387e-01
9.73902800e-06,3.80612388e-01
9.73912800e-06,3.80602100e-01
9.73922800e-06,3.80590115e-01
9.73932800e-06,3.80579838e-01
9.73942800e-06,3.80567868e-01
9.73952800e-06,3.80557603e-01
9.73962800e-06,3.80545647e-01
9.73972800e-06,3.80535394e-01
9.73982800e-06,3.80523453e-01
9.73992800e-06,3.80513211e-01
9.74002800e-06,3.80501285e-01
9.74012800e-06,3.80491055e-01
9.74022800e-06,3.80479142e-01
9.74032800e-06,3.80468924e-01
9.74042800e-06,3.80457026e-01
9.74052800e-06,3.80446820e-01
9.74062800e-06,3.80434936e-01
9.74072800e-06,3.80424742e-01
9.74082800e-06,3.80412873e-01
9.74092800e-06,3.80402689e-01
9.74102800e-06,3.80390835e-01
9.74112800e-06,3.80380663e-01
9.74122800e-06,3.80368823e-01
9.74132800e-06,3.80358663e-01
9.74142800e-06,3.80346837e-01
9.74152800e-06,3.80336689e-01
9.74162800e-06,3.80324877e-01
9.74172800e-06,3.80314741e-01
9.74182800e-06,3.80302943e-01
9.74192800e-06,3.80292818e-01
9.74202800e-06,3.80281035e-01
9.74212800e-06,3.80270922e-01
9.74222800e-06,3.80259153e-01
9.74232800e-06,3.80249051e-01
9.74242800e-06,3.80237296e-01
9.74252800e-06,3.80227206e-01
9.74262800e-06,3.80215466e-01
9.74272800e-06,3.80205387e-01
9.74282800e-06,3.80193661e-01
9.74292800e-06,3.80183594e-01
9.74302800e-06,3.80171882e-01
9.74312800e-06,3.80161826e-01
9.74322800e-06,3.80150129e-01
9.74332800e-06,3.80140085e-01
9.74342800e-06,3.80128401e-01
9.74352800e-06,3.80118368e-01
9.74362800e-06,3.80106699e-01
9.74372800e-06,3.80096678e-01
9.74382800e-06,3.80085022e-01
9.74392800e-06,3.80075013e-01
9.74402800e-06,3.80063372e-01
9.74412800e-06,3.80053374e-01
9.74422800e-06,3.80041746e-01
9.74432800e-06,3.80031760e-01
9.74442800e-06,3.80020147e-01
9.74452800e-06,3.80010172e-01
9.74462800e-06,3.79998573e-01
9.74472800e-06,3.79988609e-01
9.74482800e-06,3.79977024e-01
9.74492800e-06,3.79967072e-01
9.74502800e-06,3.79955501e-01
9.74512800e-06,3.79945560e-01
9.74522800e-06,3.79934003e-01
9.74532800e-06,3.79924073e-01
9.74542800e-06,3.79912530e-01
9.74552800e-06,3.79902612e-01
9.74562800e-06,3.79891083e-01
9.74572800e-06,3.79881176e-01
9.74582800e-06,3.79869662e-01
9.74592800e-06,3.79859766e-01
9.74602800e-06,3.79848265e-01
9.74612800e-06,3.79838381e-01
9.74622800e-06,3.79826894e-01
9.74632800e-06,3.79817021e-01
9.74642800e-06,3.79805548e-01
9.74652800e-06,3.79795687e-01
9.74662800e-06,3.79784228e-01
9.74672800e-06,3.79774378e-01
9.74682800e-06,3.79762933e-01
9.74692800e-06,3.79753094e-01
9.74702800e-06,3.79741662e-01
9.74712800e-06,3.79731835e-01
9.74722800e-06,3.79720417e-01
9.74732800e-06,3.79710601e-01
9.74742800e-06,3.79699198e-01
9.74752800e-06,3.79689392e-01
9.74762800e-06,3.79678003e-01
9.74772800e-06,3.79668209e-01
9.74782800e-06,3.79656833e-01
9.74792800e-06,3.79647050e-01
9.74802800e-06,3.79635689e-01
9.74812800e-06,3.79625917e-01
9.74822800e-06,3.79614569e-01
9.74832800e-06,3.79604809e-01
9.74842800e-06,3.79593474e-01
9.74852800e-06,3.79583725e-01
9.74862800e-06,3.79572405e-01
9.74872800e-06,3.79562667e-01
9.74882800e-06,3.79551360e-01
9.74892800e-06,3.79541634e-01
9.74902800e-06,3.79530341e-01
9.74912800e-06,3.79520625e-01
9.74922800e-06,3.79509346e-01
9.74932800e-06,3.79499642e-01
9.74942800e-06,3.79488376e-01
9.74952800e-06,3.79478683e-01
9.74962800e-06,3.79467431e-01
9.74972800e-06,3.79457749e-01
9.74982800e-06,3.79446511e-01
9.74992800e-06,3.79436840e-01
9.75002800e-06,3.79425616e-01
9.75012800e-06,3.79415956e-01
9.75022800e-06,3.79404745e-01
9.75032800e-06,3.79395096e-01
9.75042800e-06,3.79383899e-01
9.75052800e-06,3.79374261e-01
9.75062800e-06,3.79363078e-01
9.75072800e-06,3.79353451e-01
9.75082800e-06,3.79342282e-01
9.75092800e-06,3.79332666e-01
9.75102800e-06,3.79321510e-01
9.75112800e-06,3.79311905e-01
9.75122800e-06,3.79300763e-01
9.75132800e-06,3.79291169e-01
9.75142800e-06,3.79280041e-01
9.75152800e-06,3.79270458e-01
9.75162800e-06,3.79259343e-01
9.75172800e-06,3.79249771e-01
9.75182800e-06,3.79238670e-01
9.75192800e-06,3.79229109e-01
9.75202800e-06,3.79218021e-01
9.75212800e-06,3.79208472e-01
9.75222800e-06,3.79197397e-01
9.75232800e-06,3.79187859e-01
9.75242800e-06,3.79176798e-01
9.75252800e-06,3.79167270e-01
9.75262800e-06,3.79156223e-01
9.75272800e-06,3.79146706e-01
9.75282800e-06,3.79135672e-01
9.75292800e-06,3.79126166e-01
9.75302800e-06,3.79115146e-01
9.75312800e-06,3.79105651e-01
9.75322800e-06,3.79094644e-01
9.75332800e-06,3.79085160e-01
9.75342800e-06,3.79074167e-01
9.75352800e-06,3.79064694e-01
9.75362800e-06,3.79053714e-01
9.75372800e-06,3.79044252e-01
9.75382800e-06,3.79033286e-01
9.75392800e-06,3.79023835e-01
9.75402800e-06,3.79012882e-01
9.75412800e-06,3.79003441e-01
9.75422800e-06,3.78992502e-01
9.75432800e-06,3.78983072e-01
9.75442800e-06,3.78972146e-01
9.75452800e-06,3.78962728e-01
9.75462800e-06,3.78951815e-01
9.75472800e-06,3.78942407e-01
9.75482800e-06,3.78931508e-01
9.75492800e-06,3.78922111e-01
9.75502800e-06,3.78911225e-01
9.75512800e-06,3.78901839e-01
9.75522800e-06,3.78890967e-01
9.75532800e-06,3.78881591e-01
9.75542800e-06,3.78870732e-01
9.75552800e-06,3.78861368e-01
9.75562800e-06,3.78850522e-01
9.75572800e-06,3.78841168e-01
9.75582800e-06,3.78830336e-01
9.75592800e-06,3.78820993e-01
9.75602800e-06,3.78810174e-01
9.75612800e-06,3.78800842e-01
9.75622800e-06,3.78790036e-01
9.75632800e-06,3.78780715e-01
9.75642800e-06,3.78769923e-01
9.75652800e-06,3.78760612e-01
9.75662800e-06,3.78749833e-01
9.75672800e-06,3.78740533e-01
9.75682800e-06,3.78729767e-01
9.75692800e-06,3.78720478e-01
9.75702800e-06,3.78709726e-01
9.75712800e-06,3.78700447e-01
9.75722800e-06,3.78689708e-01
9.75732800e-06,3.78680441e-01
9.75742800e-06,3.78669714e-01
9.75752800e-06,3.78660458e-01
9.75762800e-06,3.78649745e-01
9.75772800e-06,3.78640499e-01
9.75782800e-06,3.78629799e-01
9.75792800e-06,3.78620564e-01
9.75802800e-06,3.78609877e-01
9.75812800e-06,3.78600653e-01
9.75822800e-06,3.78589980e-01
9.75832800e-06,3.78580766e-01
9.75842800e-06,3.78570106e-01
9.75852800e-06,3.78560902e-01
9.75862800e-06,3.78550255e-01
9.75872800e-06,3.78541063e-01
9.75882800e-06,3.78530429e-01
9.75892800e-06,3.78521247e-01
9.75902800e-06,3.78510627e-01
9.75912800e-06,3.78501455e-01
9.75922800e-06,3.78490848e-01
9.75932800e-06,3.78481687e-01
9.75942800e-06,3.78471093e-01
9.75952800e-06,3.78461943e-01
9.75962800e-06,3.78451362e-01
9.75972800e-06,3.78442223e-01
9.75982800e-06,3.78431655e-01
9.75992800e-06,3.78422526e-01
9.76002800e-06,3.78411971e-01
9.76012800e-06,3.78402853e-01
9.76022800e-06,3.78392311e-01
9.76032800e-06,3.78383204e-01
9.76042800e-06,3.78372675e-01
9.76052800e-06,3.78363578e-01
9.76062800e-06,3.78353063e-01
9.76072800e-06,3.78343976e-01
9.76082800e-06,3.78333474e-01
9.76092800e-06,3.78324398e-01
9.76102800e-06,3.78313909e-01
9.76112800e-06,3.78304843e-01
9.76122800e-06,3.78294367e-01
9.76132800e-06,3.78285312e-01
9.76142800e-06,3.78274849e-01
9.76152800e-06,3.78265805e-01
9.76162800e-06,3.78255355e-01
9.76172800e-06,3.78246321e-01
9.76182800e-06,3.78235884e-01
9.76192800e-06,3.78226860e-01
9.76202800e-06,3.78216436e-01
9.76212800e-06,3.78207424e-01
9.76222800e-06,3.78197013e-01
9.76232800e-06,3.78188010e-01
9.76242800e-06,3.78177612e-01
9.76252800e-06,3.78168621e-01
9.76262800e-06,3.78158236e-01
9.76272800e-06,3.78149254e-01
9.76282800e-06,3.78138882e-01
9.76292800e-06,3.78129912e-01
9.76302800e-06,3.78119552e-01
9.76312800e-06,3.78110592e-01
9.76322800e-06,3.78100246e-01
9.76332800e-06,3.78091296e-01
9.76342800e-06,3.78080963e-01
9.76352800e-06,3.78072024e-01
9.76362800e-06,3.78061704e-01
9.76372800e-06,3.78052775e-01
9.76382800e-06,3.78042467e-01
9.76392800e-06,3.78033549e-01
9.76402800e-06,3.78023255e-01
9.76412800e-06,3.78014347e-01
9.76422800e-06,3.78004065e-01
9.76432800e-06,3.77995168e-01
9.76442800e-06,3.77984899e-01
9.76452800e-06,3.77976012e-01
9.76462800e-06,3.77965756e-01
9.76472800e-06,3.77956880e-01
9.76482800e-06,3.77946637e-01
9.76492800e-06,3.77937771e-01
9.76502800e-06,3.77927541e-01
9.76512800e-06,3.77918685e-01
9.76522800e-06,3.77908468e-01
9.76532800e-06,3.77899623e-01
9.76542800e-06,3.77889418e-01
9.76552800e-06,3.77880583e-01
9.76562800e-06,3.77870392e-01
9.76572800e-06,3.77861568e-01
9.76582800e-06,3.77851389e-01
9.76592800e-06,3.77842575e-01
9.76602800e-06,3.77832409e-01
9.76612800e-06,3.77823605e-01
9.76622800e-06,3.77813453e-01
9.76632800e-06,3.77804659e-01
9.76642800e-06,3.77794519e-01
9.76652800e-06,3.77785736e-01
9.76662800e-06,3.77775609e-01
9.76672800e-06,3.77766836e-01
9.76682800e-06,3.77756722e-01
9.76692800e-06,3.77747959e-01
9.76702800e-06,3.77737858e-01
9.76712800e-06,3.77729106e-01
9.76722800e-06,3.77719017e-01
9.76732800e-06,3.77710275e-01
9.76742800e-06,3.77700199e-01
9.76752800e-06,3.77691468e-01
9.76762800e-06,3.77681404e-01
9.76772800e-06,3.77672683e-01
9.76782800e-06,3.77662633e-01
9.76792800e-06,3.77653922e-01
9.76802800e-06,3.77643884e-01
9.76812800e-06,3.77635184e-01
9.76822800e-06,3.77625159e-01
9.76832800e-06,3.77616469e-01
9.76842800e-06,3.77606457e-01
9.76852800e-06,3.77597777e-01
9.76862800e-06,3.77587777e-01
9.76872800e-06,3.77579108e-01
9.76882800e-06,3.77569121e-01
9.76892800e-06,3.77560462e-01
9.76902800e-06,3.77550488e-01
9.76912800e-06,3.77541839e-01
9.76922800e-06,3.77531877e-01
9.76932800e-06,3.77523239e-01
9.76942800e-06,3.77513290e-01
9.76952800e-06,3.77504661e-01
9.76962800e-06,3.77494725e-01
9.76972800e-06,3.77486107e-01
9.76982800e-06,3.77476184e-01
9.76992800e-06,3.77467576e-01
9.77002800e-06,3.77457666e-01
9.77012800e-06,3.77449068e-01
9.77022800e-06,3.77439170e-01
9.77032800e-06,3.77430583e-01
9.77042800e-06,3.77420697e-01
9.77052800e-06,3.77412120e-01
9.77062800e-06,3.77402248e-01
9.77072800e-06,3.77393681e-01
9.77082800e-06,3.77383821e-01
9.77092800e-06,3.77375264e-01
9.77102800e-06,3.77365417e-01
9.77112800e-06,3.77356870e-01
9.77122800e-06,3.77347035e-01
9.77132800e-06,3.77338499e-01
9.77142800e-06,3.77328677e-01
9.77152800e-06,3.77320151e-01
9.77162800e-06,3.77310342e-01
9.77172800e-06,3.77301826e-01
9.77182800e-06,3.77292029e-01
9.77192800e-06,3.77283523e-01
9.77202800e-06,3.77273739e-01
9.77212800e-06,3.77265243e-01
9.77222800e-06,3.77255472e-01
9.77232800e-06,3.77246986e-01
9.77242800e-06,3.77237227e-01
9.77252800e-06,3.77228752e-01
9.77262800e-06,3.77219006e-01
9.77272800e-06,3.77210541e-01
9.77282800e-06,3.77200807e-01
9.77292800e-06,3.77192352e-01
9.77302800e-06,3.77182631e-01
9.77312800e-06,3.77174186e-01
9.77322800e-06,3.77164478e-01
9.77332800e-06,3.77156043e-01
9.77342800e-06,3.77146347e-01
9.77352800e-06,3.77137923e-01
9.77362800e-06,3.77128239e-01
9.77372800e-06,3.77119825e-01
9.77382800e-06,3.77110154e-01
9.77392800e-06,3.77101750e-01
9.77402800e-06,3.77092092e-01
9.77412800e-06,3.77083698e-01
9.77422800e-06,3.77074052e-01
9.77432800e-06,3.77065668e-01
9.77442800e-06,3.77056035e-01
9.77452800e-06,3.77047661e-01
9.77462800e-06,3.77038040e-01
9.77472800e-06,3.77029677e-01
9.77482800e-06,3.77020068e-01
9.77492800e-06,3.77011715e-01
9.77502800e-06,3.77002119e-01
9.77512800e-06,3.76993776e-01
9.77522800e-06,3.76984193e-01
9.77532800e-06,3.76975860e-01
9.77542800e-06,3.76966289e-01
9.77552800e-06,3.76957966e-01
9.77562800e-06,3.76948407e-01
9.77572800e-06,3.76940095e-01
9.77582800e-06,3.76930549e-01
9.77592800e-06,3.76922246e-01
9.77602800e-06,3.76912712e-01
9.77612800e-06,3.76904420e-01
9.77622800e-06,3.76894899e-01
9.77632800e-06,3.76886616e-01
9.77642800e-06,3.76877108e-01
9.77652800e-06,3.76868836e-01
9.77662800e-06,3.76859340e-01
9.77672800e-06,3.76851077e-01
9.77682800e-06,3.76841594e-01
9.77692800e-06,3.76833341e-01
9.77702800e-06,3.76823870e-01
9.77712800e-06,3.76815628e-01
9.77722800e-06,3.76806170e-01
9.77732800e-06,3.76797937e-01
9.77742800e-06,3.76788491e-01
9.77752800e-06,3.76780269e-01
9.77762800e-06,3.76770835e-01
9.77772800e-06,3.76762624e-01
9.77782800e-06,3.76753202e-01
9.77792800e-06,3.76745000e-01
9.77802800e-06,3.76735591e-01
9.77812800e-06,3.76727400e-01
9.77822800e-06,3.76718003e-01
9.77832800e-06,3.76709821e-01
9.77842800e-06,3.76700437e-01
9.77852800e-06,3.76692266e-01
9.77862800e-06,3.76682894e-01
9.77872800e-06,3.76674732e-01
9.77882800e-06,3.76665373e-01
9.77892800e-06,3.76657222e-01
9.77902800e-06,3.76647875e-01
9.77912800e-06,3.76639733e-01
9.77922800e-06,3.76630399e-01
9.77932800e-06,3.76622267e-01
9.77942800e-06,3.76612945e-01
9.77952800e-06,3.76604824e-01
9.77962800e-06,3.76595514e-01
9.77972800e-06,3.76587403e-01
9.77982800e-06,3.76578105e-01
9.77992800e-06,3.76570004e-01
9.78002800e-06,3.76560719e-01
9.78012800e-06,3.76552628e-01
9.78022800e-06,3.76543355e-01
9.78032800e-06,3.76535274e-01
9.78042800e-06,3.76526014e-01
9.78052800e-06,3.76517942e-01
9.78062800e-06,3.76508695e-01
9.78072800e-06,3.76500633e-01
9.78082800e-06,3.76491398e-01
9.78092800e-06,3.76483347e-01
9.78102800e-06,3.76474124e-01
9.78112800e-06,3.76466082e-01
9.78122800e-06,3.76456872e-01
9.78132800e-06,3.76448840e-01
9.78142800e-06,3.76439642e-01
9.78152800e-06,3.76431621e-01
9.78162800e-06,3.76422435e-01
9.78172800e-06,3.76414423e-01
9.78182800e-06,3.76405250e-01
9.78192800e-06,3.76397249e-01
9.78202800e-06,3.76388087e-01
9.78212800e-06,3.76380096e-01
9.78222800e-06,3.76370947e-01
9.78232800e-06,3.76362966e-01
9.78242800e-06,3.76353829e-01
9.78252800e-06,3.76345858e-01
9.78262800e-06,3.76336733e-01
9.78272800e-06,3.76328772e-01
9.78282800e-06,3.76319660e-01
9.78292800e-06,3.76311709e-01
9.78302800e-06,3.76302609e-01
9.78312800e-06,3.76294668e-01
9.78322800e-06,3.76285580e-01
9.78332800e-06,3.76277649e-01
9.78342800e-06,3.76268574e-01
9.78352800e-06,3.76260653e-01
9.78362800e-06,3.76251590e-01
9.78372800e-06,3.76243679e-01
9.78382800e-06,3.76234628e-01
9.78392800e-06,3.76226727e-01
9.78402800e-06,3.76217689e-01
9.78412800e-06,3.76209797e-01
9.78422800e-06,3.76200772e-01
9.78432800e-06,3.76192890e-01
9.78442800e-06,3.76183877e-01
9.78452800e-06,3.76176005e-01
9.78462800e-06,3.76167004e-01
9.78472800e-06,3.76159142e-01
9.78482800e-06,3.76150153e-01
9.78492800e-06,3.76142302e-01
9.78502800e-06,3.76133325e-01
9.78512800e-06,3.76125484e-01
9.78522800e-06,3.76116519e-01
9.78532800e-06,3.76108688e-01
9.78542800e-06,3.76099735e-01
9.78552800e-06,3.76091914e-01
9.78562800e-06,3.76082974e-01
9.78572800e-06,3.76075162e-01
9.78582800e-06,3.76066235e-01
9.78592800e-06,3.76058433e-01
9.78602800e-06,3.76049518e-01
9.78612800e-06,3.76041726e-01
9.78622800e-06,3.76032823e-01
9.78632800e-06,3.76025041e-01
9.78642800e-06,3.76016150e-01
9.78652800e-06,3.76008379e-01
9.78662800e-06,3.75999500e-01
9.78672800e-06,3.75991738e-01
9.78682800e-06,3.75982872e-01
9.78692800e-06,3.75975120e-01
9.78702800e-06,3.75966266e-01
9.78712800e-06,3.75958524e-01
9.78722800e-06,3.75949682e-01
9.78732800e-06,3.75941950e-01
9.78742800e-06,3.75933121e-01
9.78752800e-06,3.75925399e-01
9.78762800e-06,3.75916581e-01
9.78772800e-06,3.75908869e-01
9.78782800e-06,3.75900064e-01
9.78792800e-06,3.75892362e-01
9.78802800e-06,3.75883569e-01
9.78812800e-06,3.75875877e-01
9.78822800e-06,3.75867097e-01
9.78832800e-06,3.75859414e-01
9.78842800e-06,3.75850646e-01
9.78852800e-06,3.75842974e-01
9.78862800e-06,3.75834218e-01
9.78872800e-06,3.75826555e-01
9.78882800e-06,3.75817811e-01
9.78892800e-06,3.75810159e-01
9.78902800e-06,3.75801427e-01
9.78912800e-06,3.75793785e-01
9.78922800e-06,3.75785066e-01
9.78932800e-06,3.75777433e-01
9.78942800e-06,3.75768726e-01
9.78952800e-06,3.75761103e-01
9.78962800e-06,3.75752408e-01
9.78972800e-06,3.75744796e-01
9.78982800e-06,3.75736113e-01
9.78992800e-06,3.75728510e-01
9.79002800e-06,3.75719840e-01
9.79012800e-06,3.75712247e-01
9.79022800e-06,3.75703589e-01
9.79032800e-06,3.75696006e-01
9.79042800e-06,3.75687360e-01
9.79052800e-06,3.75679787e-01
9.79062800e-06,3.75671153e-01
9.79072800e-06,3.75663590e-01
9.79082800e-06,3.75654969e-01
9.79092800e-06,3.75647416e-01
9.79102800e-06,3.75638806e-01
9.79112800e-06,3.75631263e-01
9.79122800e-06,3.75622666e-01
9.79132800e-06,3.75615133e-01
9.79142800e-06,3.75606548e-01
9.79152800e-06,3.75599025e-01
9.79162800e-06,3.75590452e-01
9.79172800e-06,3.75582939e-01
9.79182800e-06,3.75574378e-01
9.79192800e-06,3.75566875e-01
9.79202800e-06,3.75558326e-01
9.79212800e-06,3.75550833e-01
9.79222800e-06,3.75542297e-01
9.79232800e-06,3.75534814e-01
9.79242800e-06,3.75526289e-01
9.79252800e-06,3.75518816e-01
9.79262800e-06,3.75510304e-01
9.79272800e-06,3.75502841e-01
9.79282800e-06,3.75494341e-01
9.79292800e-06,3.75486888e-01
9.79302800e-06,3.75478400e-01
9.79312800e-06,3.75470957e-01
9.79322800e-06,3.75462481e-01
9.79332800e-06,3.75455048e-01
9.79342800e-06,3.75446585e-01
9.79352800e-06,3.75439161e-01
9.79362800e-06,3.75430710e-01
9.79372800e-06,3.75423296e-01
9.79382800e-06,3.75414858e-01
9.79392800e-06,3.75407454e-01
9.79402800e-06,3.75399027e-01
9.79412800e-06,3.75391634e-01
9.79422800e-06,3.75383219e-01
9.79432800e-06,3.75375836e-01
9.79442800e-06,3.75367433e-01
9.79452800e-06,3.75360060e-01
9.79462800e-06,3.75351670e-01
9.79472800e-06,3.75344306e-01
9.79482800e-06,3.75335928e-01
9.79492800e-06,3.75328574e-01
9.79502800e-06,3.75320208e-01
9.79512800e-06,3.75312864e-01
9.79522800e-06,3.75304511e-01
9.79532800e-06,3.75297177e-01
9.79542800e-06,3.75288836e-01
9.79552800e-06,3.75281512e-01
9.79562800e-06,3.75273183e-01
9.79572800e-06,3.75265869e-01
9.79582800e-06,3.75257552e-01
9.79592800e-06,3.75250248e-01
9.79602800e-06,3.75241943e-01
9.79612800e-06,3.75234649e-01
9.79622800e-06,3.75226356e-01
9.79632800e-06,3.75219072e-01
9.79642800e-06,3.75210792e-01
9.79652800e-06,3.75203518e-01
9.79662800e-06,3.75195249e-01
9.79672800e-06,3.75187985e-01
9.79682800e-06,3.75179729e-01
9.79692800e-06,3.75172475e-01
9.79702800e-06,3.75164231e-01
9.79712800e-06,3.75156987e-01
9.79722800e-06,3.75148755e-01
9.79732800e-06,3.75141521e-01
9.79742800e-06,3.75133302e-01
9.79752800e-06,3.75126077e-01
9.79762800e-06,3.75117870e-01
9.79772800e-06,3.75110656e-01
9.79782800e-06,3.75102461e-01
9.79792800e-06,3.75095257e-01
9.79802800e-06,3.75087074e-01
9.79812800e-06,3.75079879e-01
9.79822800e-06,3.75071709e-01
9.79832800e-06,3.75064524e-01
9.79842800e-06,3.75056366e-01
9.79852800e-06,3.75049191e-01
9.79862800e-06,3.75041045e-01
9.79872800e-06,3.75033881e-01
9.79882800e-06,3.75025747e-01
9.79892800e-06,3.75018592e-01
9.79902800e-06,3.75010470e-01
9.79912800e-06,3.75003326e-01
9.79922800e-06,3.74995216e-01
9.79932800e-06,3.74988082e-01
9.79942800e-06,3.74979984e-01
9.79952800e-06,3.74972860e-01
9.79962800e-06,3.74964774e-01
9.79972800e-06,3.74957660e-01
9.79982800e-06,3.74949587e-01
9.79992800e-06,3.74942482e-01
9.80002800e-06,3.74934421e-01
9.80012800e-06,3.74927327e-01
9.80022800e-06,3.74919278e-01
9.80032800e-06,3.74912194e-01
9.80042800e-06,3.74904157e-01
9.80052800e-06,3.74897083e-01
9.80062800e-06,3.74889058e-01
9.80072800e-06,3.74881994e-01
9.80082800e-06,3.74873982e-01
9.80092800e-06,3.74866928e-01
9.80102800e-06,3.74858928e-01
9.80112800e-06,3.74851883e-01
9.80122800e-06,3.74843896e-01
9.80132800e-06,3.74836861e-01
9.80142800e-06,3.74828886e-01
9.80152800e-06,3.74821861e-01
9.80162800e-06,3.74813898e-01
9.80172800e-06,3.74806884e-01
9.80182800e-06,3.74798932e-01
9.80192800e-06,3.74791928e-01
9.80202800e-06,3.74783989e-01
9.80212800e-06,3.74776995e-01
9.80222800e-06,3.74769068e-01
9.80232800e-06,3.74762084e-01
9.80242800e-06,3.74754170e-01
9.80252800e-06,3.74747195e-01
9.80262800e-06,3.74739293e-01
9.80272800e-06,3.74732329e-01
9.80282800e-06,3.74724439e-01
9.80292800e-06,3.74717485e-01
9.80302800e-06,3.74709607e-01
9.80312800e-06,3.74702663e-01
9.80322800e-06,3.74694797e-01
9.80332800e-06,3.74687863e-01
9.80342800e-06,3.74680010e-01
9.80352800e-06,3.74673086e-01
9.80362800e-06,3.74665245e-01
9.80372800e-06,3.74658331e-01
9.80382800e-06,3.74650502e-01
9.80392800e-06,3.74643598e-01
9.80402800e-06,3.74635782e-01
9.80412800e-06,3.74628888e-01
9.80422800e-06,3.74621083e-01
9.80432800e-06,3.74614200e-01
9.80442800e-06,3.74606407e-01
9.80452800e-06,3.74599534e-01
9.80462800e-06,3.74591754e-01
9.80472800e-06,3.74584890e-01
9.80482800e-06,3.74577122e-01
9.80492800e-06,3.74570269e-01
9.80502800e-06,3.74562514e-01
9.80512800e-06,3.74555670e-01
9.80522800e-06,3.74547927e-01
9.80532800e-06,3.74541094e-01
9.80542800e-06,3.74533363e-01
9.80552800e-06,3.74526539e-01
9.80562800e-06,3.74518821e-01
9.80572800e-06,3.74512008e-01
9.80582800e-06,3.74504301e-01
9.80592800e-06,3.74497498e-01
9.80602800e-06,3.74489804e-01
9.80612800e-06,3.74483011e-01
9.80622800e-06,3.74475329e-01
9.80632800e-06,3.74468546e-01
9.80642800e-06,3.74460877e-01
9.80652800e-06,3.74454104e-01
9.80662800e-06,3.74446446e-01
9.80672800e-06,3.74439684e-01
9.80682800e-06,3.74432039e-01
9.80692800e-06,3.74425286e-01
9.80702800e-06,3.74417653e-01
9.80712800e-06,3.74410911e-01
9.80722800e-06,3.74403290e-01
9.80732800e-06,3.74396558e-01
9.80742800e-06,3.74388950e-01
9.80752800e-06,3.74382228e-01
9.80762800e-06,3.74374632e-01
9.80772800e-06,3.74367920e-01
9.80782800e-06,3.74360336e-01
9.80792800e-06,3.74353635e-01
9.80802800e-06,3.74346063e-01
9.80812800e-06,3.74339372e-01
9.80822800e-06,3.74331812e-01
9.80832800e-06,3.74325131e-01
9.80842800e-06,3.74317584e-01
9.80852800e-06,3.74310913e-01
9.80862800e-06,3.74303378e-01
9.80872800e-06,3.74296717e-01
9.80882800e-06,3.74289195e-01
9.80892800e-06,3.74282544e-01
9.80902800e-06,3.74275034e-01
9.80912800e-06,3.74268393e-01
9.80922800e-06,3.74260896e-01
9.80932800e-06,3.74254265e-01
9.80942800e-06,3.74246780e-01
9.80952800e-06,3.74240159e-01
9.80962800e-06,3.74232686e-01
9.80972800e-06,3.74226076e-01
9.80982800e-06,3.74218615e-01
9.80992800e-06,3.74212015e-01
9.81002800e-06,3.74204567e-01
9.81012800e-06,3.74197977e-01
9.81022800e-06,3.74190541e-01
9.81032800e-06,3.74183962e-01
9.81042800e-06,3.74176538e-01
9.81052800e-06,3.74169969e-01
9.81062800e-06,3.74162557e-01
9.81072800e-06,3.74155998e-01
9.81082800e-06,3.74148599e-01
9.81092800e-06,3.74142051e-01
9.81102800e-06,3.74134664e-01
9.81112800e-06,3.74128125e-01
9.81122800e-06,3.74120751e-01
9.81132800e-06,3.74114223e-01
9.81142800e-06,3.74106861e-01
9.81152800e-06,3.74100343e-01
9.81162800e-06,3.74092993e-01
9.81172800e-06,3.74086485e-01
9.81182800e-06,3.74079148e-01
9.81192800e-06,3.74072650e-01
9.81202800e-06,3.74065325e-01
9.81212800e-06,3.74058838e-01
9.81222800e-06,3.74051526e-01
9.81232800e-06,3.74045048e-01
9.81242800e-06,3.74037748e-01
9.81252800e-06,3.74031282e-01
9.81262800e-06,3.74023994e-01
9.81272800e-06,3.74017537e-01
9.81282800e-06,3.74010262e-01
9.81292800e-06,3.74003816e-01
9.81302800e-06,3.73996553e-01
9.81312800e-06,3.73990117e-01
9.81322800e-06,3.73982867e-01
9.81332800e-06,3.73976441e-01
9.81342800e-06,3.73969203e-01
9.81352800e-06,3.73962788e-01
9.81362800e-06,3.73955562e-01
9.81372800e-06,3.73949157e-01
9.81382800e-06,3.73941944e-01
9.81392800e-06,3.73935549e-01
9.81402800e-06,3.73928348e-01
9.81412800e-06,3.73921964e-01
9.81422800e-06,3.73914775e-01
9.81432800e-06,3.73908401e-01
9.81442800e-06,3.73901225e-01
9.81452800e-06,3.73894862e-01
9.81462800e-06,3.73887698e-01
9.81472800e-06,3.73881345e-01
9.81482800e-06,3.73874194e-01
9.81492800e-06,3.73867851e-01
9.81502800e-06,3.73860712e-01
9.81512800e-06,3.73854380e-01
9.81522800e-06,3.73847254e-01
9.81532800e-06,3.73840932e-01
9.81542800e-06,3.73833818e-01
9.81552800e-06,3.73827506e-01
9.81562800e-06,3.73820405e-01
9.81572800e-06,3.73814103e-01
9.81582800e-06,3.73807015e-01
9.81592800e-06,3.73800724e-01
9.81602800e-06,3.73793647e-01
9.81612800e-06,3.73787367e-01
9.81622800e-06,3.73780303e-01
9.81632800e-06,3.73774033e-01
9.81642800e-06,3.73766982e-01
9.81652800e-06,3.73760722e-01
9.81662800e-06,3.73753683e-01
9.81672800e-06,3.73747434e-01
9.81682800e-06,3.73740408e-01
9.81692800e-06,3.73734169e-01
9.81702800e-06,3.73727155e-01
9.81712800e-06,3.73720927e-01
9.81722800e-06,3.73713925e-01
9.81732800e-06,3.73707707e-01
9.81742800e-06,3.73700719e-01
9.81752800e-06,3.73694511e-01
9.81762800e-06,3.73687535e-01
9.81772800e-06,3.73681338e-01
9.81782800e-06,3.73674374e-01
9.81792800e-06,3.73668188e-01
9.81802800e-06,3.73661237e-01
9.81812800e-06,3.73655061e-01
9.81822800e-06,3.73648122e-01
9.81832800e-06,3.73641957e-01
9.81842800e-06,3.73635031e-01
9.81852800e-06,3.73628876e-01
9.81862800e-06,3.73621962e-01
9.81872800e-06,3.73615818e-01
9.81882800e-06,3.73608917e-01
9.81892800e-06,3.73602783e-01
9.81902800e-06,3.73595895e-01
9.81912800e-06,3.73589771e-01
9.81922800e-06,3.73582896e-01
9.81932800e-06,3.73576783e-01
9.81942800e-06,3.73569920e-01
9.81952800e-06,3.73563817e-01
9.81962800e-06,3.73556967e-01
9.81972800e-06,3.73550875e-01
9.81982800e-06,3.73544037e-01
9.81992800e-06,3.73537956e-01
9.82002800e-06,3.73531131e-01
9.82012800e-06,3.73525060e-01
9.82022800e-06,3.73518247e-01
9.82032800e-06,3.73512187e-01
9.82042800e-06,3.73505387e-01
9.82052800e-06,3.73499338e-01
9.82062800e-06,3.73492551e-01
9.82072800e-06,3.73486512e-01
9.82082800e-06,3.73479737e-01
9.82092800e-06,3.73473709e-01
9.82102800e-06,3.73466947e-01
9.82112800e-06,3.73460929e-01
9.82122800e-06,3.73454180e-01
9.82132800e-06,3.73448173e-01
9.82142800e-06,3.73441436e-01
9.82152800e-06,3.73435440e-01
9.82162800e-06,3.73428716e-01
9.82172800e-06,3.73422730e-01
9.82182800e-06,3.73416019e-01
9.82192800e-06,3.73410044e-01
9.82202800e-06,3.73403345e-01
9.82212800e-06,3.73397381e-01
9.82222800e-06,3.73390695e-01
9.82232800e-06,3.73384741e-01
9.82242800e-06,3.73378068e-01
9.82252800e-06,3.73372125e-01
9.82262800e-06,3.73365465e-01
9.82272800e-06,3.73359532e-01
9.82282800e-06,3.73352885e-01
9.82292800e-06,3.73346963e-01
9.82302800e-06,3.73340328e-01
9.82312800e-06,3.73334417e-01
9.82322800e-06,3.73327795e-01
9.82332800e-06,3.73321895e-01
9.82342800e-06,3.73315285e-01
9.82352800e-06,3.73309396e-01
9.82362800e-06,3.73302799e-01
9.82372800e-06,3.73296921e-01
9.82382800e-06,3.73290337e-01
9.82392800e-06,3.73284469e-01
9.82402800e-06,3.73277898e-01
9.82412800e-06,3.73272041e-01
9.82422800e-06,3.73265482e-01
9.82432800e-06,3.73259636e-01
9.82442800e-06,3.73253091e-01
9.82452800e-06,3.73247255e-01
9.82462800e-06,3.73240722e-01
9.82472800e-06,3.73234898e-01
9.82482800e-06,3.73228378e-01
9.82492800e-06,3.73222564e-01
9.82502800e-06,3.73216057e-01
9.82512800e-06,3.73210254e-01
9.82522800e-06,3.73203760e-01
9.82532800e-06,3.73197967e-01
9.82542800e-06,3.73191486e-01
9.82552800e-06,3.73185705e-01
9.82562800e-06,3.73179236e-01
9.82572800e-06,3.73173465e-01
9.82582800e-06,3.73167010e-01
9.82592800e-06,3.73161250e-01
9.82602800e-06,3.73154808e-01
9.82612800e-06,3.73149059e-01
9.82622800e-06,3.73142629e-01
9.82632800e-06,3.73136891e-01
9.82642800e-06,3.73130474e-01
9.82652800e-06,3.73124747e-01
9.82662800e-06,3.73118343e-01
9.82672800e-06,3.73112627e-01
9.82682800e-06,3.73106236e-01
9.82692800e-06,3.73100531e-01
9.82702800e-06,3.73094153e-01
9.82712800e-06,3.73088458e-01
9.82722800e-06,3.73082093e-01
9.82732800e-06,3.73076410e-01
9.82742800e-06,3.73070058e-01
9.82752800e-06,3.73064385e-01
9.82762800e-06,3.73058046e-01
9.82772800e-06,3.73052385e-01
9.82782800e-06,3.73046058e-01
9.82792800e-06,3.73040408e-01
9.82802800e-06,3.73034095e-01
9.82812800e-06,3.73028455e-01
9.82822800e-06,3.73022155e-01
9.82832800e-06,3.73016527e-01
9.82842800e-06,3.73010239e-01
9.82852800e-06,3.73004622e-01
9.82862800e-06,3.72998348e-01
9.82872800e-06,3.72992741e-01
9.82882800e-06,3.72986480e-01
9.82892800e-06,3.72980885e-01
9.82902800e-06,3.72974637e-01
9.82912800e-06,3.72969052e-01
9.82922800e-06,3.72962817e-01
9.82932800e-06,3.72957244e-01
9.82942800e-06,3.72951022e-01
9.82952800e-06,3.72945460e-01
9.82962800e-06,3.72939251e-01
9.82972800e-06,3.72933700e-01
9.82982800e-06,3.72927504e-01
9.82992800e-06,3.72921964e-01
9.83002800e-06,3.72915781e-01
9.83012800e-06,3.72910253e-01
9.83022800e-06,3.72904083e-01
9.83032800e-06,3.72898565e-01
9.83042800e-06,3.72892409e-01
9.83052800e-06,3.72886902e-01
9.83062800e-06,3.72880759e-01
9.83072800e-06,3.72875264e-01
9.83082800e-06,3.72869133e-01
9.83092800e-06,3.72863649e-01
9.83102800e-06,3.72857532e-01
9.83112800e-06,3.72852059e-01
9.83122800e-06,3.72845955e-01
9.83132800e-06,3.72840493e-01
9.83142800e-06,3.72834402e-01
9.83152800e-06,3.72828952e-01
9.83162800e-06,3.72822874e-01
9.83172800e-06,3.72817435e-01
9.83182800e-06,3.72811371e-01
9.83192800e-06,3.72805943e-01
9.83202800e-06,3.72799891e-01
9.83212800e-06,3.72794475e-01
9.83222800e-06,3.72788437e-01
9.83232800e-06,3.72783031e-01
9.83242800e-06,3.72777006e-01
9.83252800e-06,3.72771612e-01
9.83262800e-06,3.72765601e-01
9.83272800e-06,3.72760218e-01
9.83282800e-06,3.72754219e-01
9.83292800e-06,3.72748848e-01
9.83302800e-06,3.72742863e-01
9.83312800e-06,3.72737503e-01
9.83322800e-06,3.72731531e-01
9.83332800e-06,3.72726182e-01
9.83342800e-06,3.72720224e-01
9.83352800e-06,3.72714886e-01
9.83362800e-06,3.72708941e-01
9.83372800e-06,3.72703615e-01
9.83382800e-06,3.72697683e-01
9.83392800e-06,3.72692368e-01
9.83402800e-06,3.72686450e-01
9.83412800e-06,3.72681146e-01
9.83422800e-06,3.72675241e-01
9.83432800e-06,3.72669949e-01
9.83442800e-06,3.72664058e-01
9.83452800e-06,3.72658777e-01
9.83462800e-06,3.72652899e-01
9.83472800e-06,3.72647630e-01
9.83482800e-06,3.72641765e-01
9.83492800e-06,3.72636507e-01
9.83502800e-06,3.72630656e-01
9.83512800e-06,3.72625409e-01
9.83522800e-06,3.72619571e-01
9.83532800e-06,3.72614337e-01
9.83542800e-06,3.72608512e-01
9.83552800e-06,3.72603289e-01
9.83562800e-06,3.72597478e-01
9.83572800e-06,3.72592266e-01
9.83582800e-06,3.72586468e-01
9.83592800e-06,3.72581268e-01
9.83602800e-06,3.72575484e-01
9.83612800e-06,3.72570295e-01
9.83622800e-06,3.72564524e-01
9.83632800e-06,3.72559347e-01
9.83642800e-06,3.72553590e-01
9.83652800e-06,3.72548425e-01
9.83662800e-06,3.72542681e-01
9.83672800e-06,3.72537527e-01
9.83682800e-06,3.72531797e-01
9.83692800e-06,3.72526654e-01
9.83702800e-06,3.72520938e-01
9.83712800e-06,3.72515807e-01
9.83722800e-06,3.72510104e-01
9.83732800e-06,3.72504985e-01
9.83742800e-06,3.72499296e-01
9.83752800e-06,3.72494188e-01
9.83762800e-06,3.72488512e-01
9.83772800e-06,3.72483417e-01
9.83782800e-06,3.72477754e-01
9.83792800e-06,3.72472670e-01
9.83802800e-06,3.72467022e-01
9.83812800e-06,3.72461949e-01
9.83822800e-06,3.72456314e-01
9.83832800e-06,3.72451254e-01
9.83842800e-06,3.72445633e-01
9.83852800e-06,3.72440583e-01
9.83862800e-06,3.72434976e-01
9.83872800e-06,3.72429939e-01
9.83882800e-06,3.72424345e-01
9.83892800e-06,3.72419319e-01
9.83902800e-06,3.72413739e-01
9.83912800e-06,3.72408726e-01
9.83922800e-06,3.72403159e-01
9.83932800e-06,3.72398157e-01
9.83942800e-06,3.72392604e-01
9.83952800e-06,3.72387614e-01
9.83962800e-06,3.72382075e-01
9.83972800e-06,3.72377097e-01
9.83982800e-06,3.72371572e-01
9.83992800e-06,3.72366606e-01
9.84002800e-06,3.72361094e-01
9.84012800e-06,3.72356140e-01
9.84022800e-06,3.72350642e-01
9.84032800e-06,3.72345699e-01
9.84042800e-06,3.72340216e-01
9.84052800e-06,3.72335285e-01
9.84062800e-06,3.72329815e-01
9.84072800e-06,3.72324896e-01
9.84082800e-06,3.72319440e-01
9.84092800e-06,3.72314533e-01
9.84102800e-06,3.72309091e-01
9.84112800e-06,3.72304196e-01
9.84122800e-06,3.72298767e-01
9.84132800e-06,3.72293884e-01
9.84142800e-06,3.72288470e-01
9.84152800e-06,3.72283599e-01
9.84162800e-06,3.72278198e-01
9.84172800e-06,3.72273339e-01
9.84182800e-06,3.72267953e-01
9.84192800e-06,3.72263106e-01
9.84202800e-06,3.72257733e-01
9.84212800e-06,3.72252898e-01
9.84222800e-06,3.72247539e-01
9.84232800e-06,3.72242717e-01
9.84242800e-06,3.72237372e-01
9.84252800e-06,3.72232561e-01
9.84262800e-06,3.72227230e-01
9.84272800e-06,3.72222432e-01
9.84282800e-06,3.72217115e-01
9.84292800e-06,3.72212328e-01
9.84302800e-06,3.72207026e-01
9.84312800e-06,3.72202251e-01
9.84322800e-06,3.72196963e-01
9.84332800e-06,3.72192200e-01
9.84342800e-06,3.72186926e-01
9.84352800e-06,3.72182175e-01
9.84362800e-06,3.72176915e-01
9.84372800e-06,3.72172177e-01
9.84382800e-06,3.72166931e-01
9.84392800e-06,3.72162205e-01
9.84402800e-06,3.72156973e-01
9.84412800e-06,3.72152259e-01
9.84422800e-06,3.72147041e-01
9.84432800e-06,3.72142340e-01
9.84442800e-06,3.72137136e-01
9.84452800e-06,3.72132447e-01
9.84462800e-06,3.72127257e-01
9.84472800e-06,3.72122580e-01
9.84482800e-06,3.72117405e-01
9.84492800e-06,3.72112740e-01
9.84502800e-06,3.72107579e-01
9.84512800e-06,3.72102927e-01
9.84522800e-06,3.72097780e-01
9.84532800e-06,3.72093140e-01
9.84542800e-06,3.72088007e-01
9.84552800e-06,3.72083379e-01
9.84562800e-06,3.72078261e-01
9.84572800e-06,3.72073646e-01
9.84582800e-06,3.72068541e-01
9.84592800e-06,3.72063939e-01
9.84602800e-06,3.72058849e-01
9.84612800e-06,3.72054258e-01
9.84622800e-06,3.72049183e-01
9.84632800e-06,3.72044605e-01
9.84642800e-06,3.72039544e-01
9.84652800e-06,3.72034978e-01
9.84662800e-06,3.72029931e-01
9.84672800e-06,3.72025378e-01
9.84682800e-06,3.72020346e-01
9.84692800e-06,3.72015806e-01
9.84702800e-06,3.72010787e-01
9.84712800e-06,3.72006259e-01
9.84722800e-06,3.72001256e-01
9.84732800e-06,3.71996740e-01
9.84742800e-06,3.71991751e-01
9.84752800e-06,3.71987248e-01
9.84762800e-06,3.71982274e-01
9.84772800e-06,3.71977783e-01
9.84782800e-06,3.71972823e-01
9.84792800e-06,3.71968345e-01
9.84802800e-06,3.71963400e-01
9.84812800e-06,3.71958935e-01
9.84822800e-06,3.71954003e-01
9.84832800e-06,3.71949551e-01
9.84842800e-06,3.71944634e-01
9.84852800e-06,3.71940194e-01
9.84862800e-06,3.71935292e-01
9.84872800e-06,3.71930865e-01
9.84882800e-06,3.71925978e-01
9.84892800e-06,3.71921563e-01
9.84902800e-06,3.71916690e-01
9.84912800e-06,3.71912289e-01
9.84922800e-06,3.71907430e-01
9.84932800e-06,3.71903042e-01
9.84942800e-06,3.71898198e-01
9.84952800e-06,3.71893822e-01
9.84962800e-06,3.71888993e-01
9.84972800e-06,3.71884629e-01
9.84982800e-06,3.71879815e-01
9.84992800e-06,3.71875465e-01
9.85002800e-06,3.71870665e-01
9.85012800e-06,3.71866327e-01
9.85022800e-06,3.71861542e-01
9.85032800e-06,3.71857218e-01
9.85042800e-06,3.71852447e-01
9.85052800e-06,3.71848135e-01
9.85062800e-06,3.71843380e-01
9.85072800e-06,3.71839081e-01
9.85082800e-06,3.71834340e-01
9.85092800e-06,3.71830054e-01
9.85102800e-06,3.71825329e-01
9.85112800e-06,3.71821055e-01
9.85122800e-06,3.71816344e-01
9.85132800e-06,3.71812084e-01
9.85142800e-06,3.71807388e-01
9.85152800e-06,3.71803141e-01
9.85162800e-06,3.71798460e-01
9.85172800e-06,3.71794226e-01
9.85182800e-06,3.71789559e-01
9.85192800e-06,3.71785338e-01
9.85202800e-06,3.71780687e-01
9.85212800e-06,3.71776479e-01
9.85222800e-06,3.71771842e-01
9.85232800e-06,3.71767647e-01
9.85242800e-06,3.71763026e-01
9.85252800e-06,3.71758844e-01
9.85262800e-06,3.71754237e-01
9.85272800e-06,3.71750069e-01
9.85282800e-06,3.71745477e-01
9.85292800e-06,3.71741322e-01
9.85302800e-06,3.71736745e-01
9.85312800e-06,3.71732603e-01
9.85322800e-06,3.71728041e-01
9.85332800e-06,3.71723912e-01
9.85342800e-06,3.71719366e-01
9.85352800e-06,3.71715250e-01
9.85362800e-06,3.71710719e-01
9.85372800e-06,3.71706616e-01
9.85382800e-06,3.71702100e-01
9.85392800e-06,3.71698010e-01
9.85402800e-06,3.71693509e-01
9.85412800e-06,3.71689433e-01
9.85422800e-06,3.71684947e-01
9.85432800e-06,3.71680885e-01
9.85442800e-06,3.71676414e-01
9.85452800e-06,3.71672365e-01
9.85462800e-06,3.71667909e-01
9.85472800e-06,3.71663873e-01
9.85482800e-06,3.71659433e-01
9.85492800e-06,3.71655410e-01
9.85502800e-06,3.71650985e-01
9.85512800e-06,3.71646976e-01
9.85522800e-06,3.71642567e-01
9.85532800e-06,3.71638571e-01
9.85542800e-06,3.71634177e-01
9.85552800e-06,3.71630194e-01
9.85562800e-06,3.71625815e-01
9.85572800e-06,3.71621847e-01
9.85582800e-06,3.71617483e-01
9.85592800e-06,3.71613528e-01
9.85602800e-06,3.71609179e-01
9.85612800e-06,3.71605238e-01
9.85622800e-06,3.71600905e-01
9.85632800e-06,3.71596977e-01
9.85642800e-06,3.71592659e-01
9.85652800e-06,3.71588745e-01
9.85662800e-06,3.71584443e-01
9.85672800e-06,3.71580542e-01
9.85682800e-06,3.71576255e-01
9.85692800e-06,3.71572368e-01
9.85702800e-06,3.71568097e-01
9.85712800e-06,3.71564224e-01
9.85722800e-06,3.71559968e-01
9.85732800e-06,3.71556108e-01
9.85742800e-06,3.71551868e-01
9.85752800e-06,3.71548022e-01
9.85762800e-06,3.71543798e-01
9.85772800e-06,3.71539965e-01
9.85782800e-06,3.71535757e-01
9.85792800e-06,3.71531938e-01
9.85802800e-06,3.71527745e-01
9.85812800e-06,3.71523940e-01
9.85822800e-06,3.71519763e-01
9.85832800e-06,3.71515972e-01
9.85842800e-06,3.71511810e-01
9.85852800e-06,3.71508033e-01
9.85862800e-06,3.71503887e-01
9.85872800e-06,3.71500124e-01
9.85882800e-06,3.71495993e-01
9.85892800e-06,3.71492244e-01
9.85902800e-06,3.71488130e-01
9.85912800e-06,3.71484394e-01
9.85922800e-06,3.71480295e-01
9.85932800e-06,3.71476574e-01
9.85942800e-06,3.71472491e-01
9.85952800e-06,3.71468784e-01
9.85962800e-06,3.71464717e-01
9.85972800e-06,3.71461023e-01
9.85982800e-06,3.71456972e-01
9.85992800e-06,3.71453293e-01
9.86002800e-06,3.71449257e-01
9.86012800e-06,3.71445592e-01
9.86022800e-06,3.71441573e-01
9.86032800e-06,3.71437922e-01
9.86042800e-06,3.71433918e-01
9.86052800e-06,3.71430281e-01
9.86062800e-06,3.71426294e-01
9.86072800e-06,3.71422671e-01
9.86082800e-06,3.71418699e-01
9.86092800e-06,3.71415091e-01
9.86102800e-06,3.71411135e-01
9.86112800e-06,3.71407541e-01
9.86122800e-06,3.71403601e-01
9.86132800e-06,3.71400021e-01
9.86142800e-06,3.71396098e-01
9.86152800e-06,3.71392532e-01
9.86162800e-06,3.71388625e-01
9.86172800e-06,3.71385073e-01
9.86182800e-06,3.71381182e-01
9.86192800e-06,3.71377645e-01
9.86202800e-06,3.71373770e-01
9.86212800e-06,3.71370247e-01
9.86222800e-06,3.71366388e-01
9.86232800e-06,3.71362880e-01
9.86242800e-06,3.71359037e-01
9.86252800e-06,3.71355543e-01
9.86262800e-06,3.71351717e-01
9.86272800e-06,3.71348237e-01
9.86282800e-06,3.71344427e-01
9.86292800e-06,3.71340962e-01
9.86302800e-06,3.71337169e-01
9.86312800e-06,3.71333718e-01
9.86322800e-06,3.71329941e-01
9.86332800e-06,3.71326505e-01
9.86342800e-06,3.71322744e-01
9.86352800e-06,3.71319322e-01
9.86362800e-06,3.71315578e-01
9.86372800e-06,3.71312171e-01
9.86382800e-06,3.71308443e-01
9.86392800e-06,3.71305050e-01
9.86402800e-06,3.71301339e-01
9.86412800e-06,3.71297961e-01
9.86422800e-06,3.71294266e-01
9.86432800e-06,3.71290903e-01
9.86442800e-06,3.71287224e-01
9.86452800e-06,3.71283876e-01
9.86462800e-06,3.71280214e-01
9.86472800e-06,3.71276881e-01
9.86482800e-06,3.71273235e-01
9.86492800e-06,3.71269916e-01
9.86502800e-06,3.71266287e-01
9.86512800e-06,3.71262984e-01
9.86522800e-06,3.71259371e-01
9.86532800e-06,3.71256082e-01
9.86542800e-06,3.71252486e-01
9.86552800e-06,3.71249212e-01
9.86562800e-06,3.71245633e-01
9.86572800e-06,3.71242374e-01
9.86582800e-06,3.71238812e-01
9.86592800e-06,3.71235568e-01
9.86602800e-06,3.71232022e-01
9.86612800e-06,3.71228793e-01
9.86622800e-06,3.71225264e-01
9.86632800e-06,3.71222050e-01
9.86642800e-06,3.71218538e-01
9.86652800e-06,3.71215339e-01
9.86662800e-06,3.71211843e-01
9.86672800e-06,3.71208659e-01
9.86682800e-06,3.71205181e-01
9.86692800e-06,3.71202012e-01
9.86702800e-06,3.71198551e-01
9.86712800e-06,3.71195397e-01
9.86722800e-06,3.71191952e-01
9.86732800e-06,3.71188814e-01
9.86742800e-06,3.71185386e-01
9.86752800e-06,3.71182263e-01
9.86762800e-06,3.71178852e-01
9.86772800e-06,3.71175744e-01
9.86782800e-06,3.71172350e-01
9.86792800e-06,3.71169258e-01
9.86802800e-06,3.71165881e-01
9.86812800e-06,3.71162804e-01
9.86822800e-06,3.71159444e-01
9.86832800e-06,3.71156382e-01
9.86842800e-06,3.71153040e-01
9.86852800e-06,3.71149993e-01
9.86862800e-06,3.71146668e-01
9.86872800e-06,3.71143636e-01
9.86882800e-06,3.71140328e-01
9.86892800e-06,3.71137312e-01
9.86902800e-06,3.71134021e-01
9.86912800e-06,3.71131021e-01
9.86922800e-06,3.71127747e-01
9.86932800e-06,3.71124762e-01
9.86942800e-06,3.71121506e-01
9.86952800e-06,3.71118537e-01
9.86962800e-06,3.71115298e-01
9.86972800e-06,3.71112344e-01
9.86982800e-06,3.71109122e-01
9.86992800e-06,3.71106184e-01
9.87002800e-06,3.71102980e-01
9.87012800e-06,3.71100057e-01
9.87022800e-06,3.71096870e-01
9.87032800e-06,3.71093963e-01
9.87042800e-06,3.71090794e-01
9.87052800e-06,3.71087903e-01
9.87062800e-06,3.71084751e-01
9.87072800e-06,3.71081875e-01
9.87082800e-06,3.71078741e-01
9.87092800e-06,3.71075881e-01
9.87102800e-06,3.71072765e-01
9.87112800e-06,3.71069921e-01
9.87122800e-06,3.71066822e-01
9.87132800e-06,3.71063994e-01
9.87142800e-06,3.71060912e-01
9.87152800e-06,3.71058100e-01
9.87162800e-06,3.71055036e-01
9.87172800e-06,3.71052240e-01
9.87182800e-06,3.71049193e-01
9.87192800e-06,3.71046413e-01
9.87202800e-06,3.71043385e-01
9.87212800e-06,3.71040620e-01
9.87222800e-06,3.71037610e-01
9.87232800e-06,3.71034861e-01
9.87242800e-06,3.71031868e-01
9.87252800e-06,3.71029136e-01
9.87262800e-06,3.71026161e-01
9.87272800e-06,3.71023445e-01
9.87282800e-06,3.71020488e-01
9.87292800e-06,3.71017788e-01
9.87302800e-06,3.71014849e-01
9.87312800e-06,3.71012165e-01
9.87322800e-06,3.71009243e-01
9.87332800e-06,3.71006576e-01
9.87342800e-06,3.71003672e-01
9.87352800e-06,3.71001021e-01
9.87362800e-06,3.70998136e-01
9.87372800e-06,3.70995501e-01
9.87382800e-06,3.70992633e-01
9.87392800e-06,3.70990014e-01
9.87402800e-06,3.70987165e-01
9.87412800e-06,3.70984563e-01
9.87422800e-06,3.70981732e-01
9.87432800e-06,3.70979146e-01
9.87442800e-06,3.70976333e-01
9.87452800e-06,3.70973763e-01
9.87462800e-06,3.70970968e-01
9.87472800e-06,3.70968415e-01
9.87482800e-06,3.70965639e-01
9.87492800e-06,3.70963102e-01
9.87502800e-06,3.70960344e-01
9.87512800e-06,3.70957824e-01
9.87522800e-06,3.70955084e-01
9.87532800e-06,3.70952580e-01
9.87542800e-06,3.70949859e-01
9.87552800e-06,3.70947372e-01
9.87562800e-06,3.70944669e-01
9.87572800e-06,3.70942199e-01
9.87582800e-06,3.70939514e-01
9.87592800e-06,3.70937060e-01
9.87602800e-06,3.70934394e-01
9.87612800e-06,3.70931957e-01
9.87622800e-06,3.70929309e-01
9.87632800e-06,3.70926889e-01
9.87642800e-06,3.70924260e-01
9.87652800e-06,3.70921857e-01
9.87662800e-06,3.70919246e-01
9.87672800e-06,3.70916860e-01
9.87682800e-06,3.70914302e-01
9.87692800e-06,3.70911967e-01
9.87702800e-06,3.70909428e-01
9.87712800e-06,3.70907111e-01
9.87722800e-06,3.70904590e-01
9.87732800e-06,3.70902289e-01
9.87742800e-06,3.70899787e-01
9.87752800e-06,3.70897503e-01
9.87762800e-06,3.70895020e-01
9.87772800e-06,3.70892753e-01
9.87782800e-06,3.70890288e-01
9.87792800e-06,3.70888038e-01
9.87802800e-06,3.70885593e-01
9.87812800e-06,3.70883359e-01
9.87822800e-06,3.70880933e-01
9.87832800e-06,3.70878716e-01
9.87842800e-06,3.70876308e-01
9.87852800e-06,3.70874110e-01
9.87862800e-06,3.70871720e-01
9.87872800e-06,3.70869539e-01
9.87882800e-06,3.70867168e-01
9.87892800e-06,3.70865004e-01
9.87902800e-06,3.70862652e-01
9.87912800e-06,3.70860505e-01
9.87922800e-06,3.70858173e-01
9.87932800e-06,3.70856043e-01
9.87942800e-06,3.70853729e-01
9.87952800e-06,3.70851617e-01
9.87962800e-06,3.70849322e-01
9.87972800e-06,3.70847227e-01
9.87982800e-06,3.70844952e-01
9.87992800e-06,3.70842874e-01
9.88002800e-06,3.70840618e-01
9.88012800e-06,3.70838558e-01
9.88022800e-06,3.70836321e-01
9.88032800e-06,3.70834278e-01
9.88042800e-06,3.70832060e-01
9.88052800e-06,3.70830035e-01
9.88062800e-06,3.70827836e-01
9.88072800e-06,3.70825829e-01
9.88082800e-06,3.70823650e-01
9.88092800e-06,3.70821659e-01
9.88102800e-06,3.70819500e-01
9.88112800e-06,3.70817527e-01
9.88122800e-06,3.70815387e-01
9.88132800e-06,3.70813432e-01
9.88142800e-06,3.70811311e-01
9.88152800e-06,3.70809374e-01
9.88162800e-06,3.70807273e-01
9.88172800e-06,3.70805354e-01
9.88182800e-06,3.70803272e-01
9.88192800e-06,3.70801370e-01
9.88202800e-06,3.70799308e-01
9.88212800e-06,3.70797424e-01
9.88222800e-06,3.70795382e-01
9.88232800e-06,3.70793516e-01
9.88242800e-06,3.70791493e-01
9.88252800e-06,3.70789646e-01
9.88262800e-06,3.70787642e-01
9.88272800e-06,3.70785813e-01
9.88282800e-06,3.70783829e-01
9.88292800e-06,3.70782017e-01
9.88302800e-06,3.70780054e-01
9.88312800e-06,3.70778260e-01
9.88322800e-06,3.70776316e-01
9.88332800e-06,3.70774541e-01
9.88342800e-06,3.70772617e-01
9.88352800e-06,3.70770860e-01
9.88362800e-06,3.70768956e-01
9.88372800e-06,3.70767217e-01
9.88382800e-06,3.70765332e-01
9.88392800e-06,3.70763612e-01
9.88402800e-06,3.70761748e-01
9.88412800e-06,3.70760045e-01
9.88422800e-06,3.70758201e-01
9.88432800e-06,3.70756517e-01
9.88442800e-06,3.70754693e-01
9.88452800e-06,3.70753028e-01
9.88462800e-06,3.70751224e-01
9.88472800e-06,3.70749577e-01
9.88482800e-06,3.70747793e-01
9.88492800e-06,3.70746165e-01
9.88502800e-06,3.70744401e-01
9.88512800e-06,3.70742791e-01
9.88522800e-06,3.70741048e-01
9.88532800e-06,3.70739456e-01
9.88542800e-06,3.70737733e-01
9.88552800e-06,3.70736161e-01
9.88562800e-06,3.70734458e-01
9.88572800e-06,3.70732904e-01
9.88582800e-06,3.70731222e-01
9.88592800e-06,3.70729687e-01
9.88602800e-06,3.70728025e-01
9.88612800e-06,3.70726509e-01
9.88622800e-06,3.70724867e-01
9.88632800e-06,3.70723370e-01
9.88642800e-06,3.70721749e-01
9.88652800e-06,3.70720270e-01
9.88662800e-06,3.70718670e-01
9.88672800e-06,3.70717210e-01
9.88682800e-06,3.70715631e-01
9.88692800e-06,3.70714190e-01
9.88702800e-06,3.70712631e-01
9.88712800e-06,3.70711209e-01
9.88722800e-06,3.70709671e-01
9.88732800e-06,3.70708269e-01
9.88742800e-06,3.70706751e-01
9.88752800e-06,3.70705368e-01
9.88762800e-06,3.70703871e-01
9.88772800e-06,3.70702507e-01
9.88782800e-06,3.70701031e-01
9.88792800e-06,3.70699686e-01
9.88802800e-06,3.70698231e-01
9.88812800e-06,3.70696906e-01
9.88822800e-06,3.70695472e-01
9.88832800e-06,3.70694165e-01
9.88842800e-06,3.70692753e-01
9.88852800e-06,3.70691466e-01
9.88862800e-06,3.70690074e-01
9.88872800e-06,3.70688806e-01
9.88882800e-06,3.70687436e-01
9.88892800e-06,3.70686188e-01
9.88902800e-06,3.70684838e-01
9.88912800e-06,3.70683609e-01
9.88922800e-06,3.70682281e-01
9.88932800e-06,3.70681072e-01
9.88942800e-06,3.70679765e-01
9.88952800e-06,3.70678576e-01
9.88962800e-06,3.70677290e-01
9.88972800e-06,3.70676120e-01
9.88982800e-06,3.70674856e-01
9.88992800e-06,3.70673706e-01
9.89002800e-06,3.70672463e-01
9.89012800e-06,3.70671333e-01
9.89022800e-06,3.70670111e-01
9.89032800e-06,3.70669001e-01
9.89042800e-06,3.70667801e-01
9.89052800e-06,3.70666711e-01
9.89062800e-06,3.70665532e-01
9.89072800e-06,3.70664462e-01
9.89082800e-06,3.70663305e-01
9.89092800e-06,3.70662254e-01
9.89102800e-06,3.70661119e-01
9.89112800e-06,3.70660088e-01
9.89122800e-06,3.70658975e-01
9.89132800e-06,3.70657965e-01
9.89142800e-06,3.70656873e-01
9.89152800e-06,3.70655883e-01
9.89162800e-06,3.70654813e-01
9.89172800e-06,3.70653843e-01
9.89182800e-06,3.70652795e-01
9.89192800e-06,3.70651845e-01
9.89202800e-06,3.70650819e-01
9.89212800e-06,3.70649889e-01
9.89222800e-06,3.70648885e-01
9.89232800e-06,3.70647976e-01
9.89242800e-06,3.70646994e-01
9.89252800e-06,3.70646105e-01
9.89262800e-06,3.70645145e-01
9.89272800e-06,3.70644276e-01
9.89282800e-06,3.70643338e-01
9.89292800e-06,3.70642490e-01
9.89302800e-06,3.70641575e-01
9.89312800e-06,3.70640747e-01
9.89322800e-06,3.70639854e-01
9.89332800e-06,3.70639047e-01
9.89342800e-06,3.70638176e-01
9.89352800e-06,3.70637390e-01
9.89362800e-06,3.70636541e-01
9.89372800e-06,3.70635776e-01
9.89382800e-06,3.70634949e-01
9.89392800e-06,3.70634205e-01
9.89402800e-06,3.70633401e-01
9.89412800e-06,3.70632677e-01
9.89422800e-06,3.70631896e-01
9.89432800e-06,3.70631193e-01
9.89442800e-06,3.70630434e-01
9.89452800e-06,3.70629752e-01
9.89462800e-06,3.70629016e-01
9.89472800e-06,3.70628355e-01
9.89482800e-06,3.70627641e-01
9.89492800e-06,3.70627001e-01
9.89502800e-06,3.70626310e-01
9.89512800e-06,3.70625691e-01
9.89522800e-06,3.70625023e-01
9.89532800e-06,3.70624426e-01
9.89542800e-06,3.70623780e-01
9.89552800e-06,3.70623204e-01
9.89562800e-06,3.70622581e-01
9.89572800e-06,3.70622026e-01
9.89582800e-06,3.70621427e-01
9.89592800e-06,3.70620893e-01
9.89602800e-06,3.70620316e-01
9.89612800e-06,3.70619804e-01
9.89622800e-06,3.70619251e-01
9.89632800e-06,3.70618760e-01
9.89642800e-06,3.70618229e-01
9.89652800e-06,3.70617760e-01
9.89662800e-06,3.70617253e-01
9.89672800e-06,3.70616805e-01
9.89682800e-06,3.70616321e-01
9.89692800e-06,3.70615894e-01
9.89702800e-06,3.70615434e-01
9.89712800e-06,3.70615029e-01
9.89722800e-06,3.70614592e-01
9.89732800e-06,3.70614209e-01
9.89742800e-06,3.70613795e-01
9.89752800e-06,3.70613434e-01
9.89762800e-06,3.70613043e-01
9.89772800e-06,3.70612704e-01
9.89782800e-06,3.70612337e-01
9.89792800e-06,3.70612020e-01
9.89802800e-06,3.70611676e-01
9.89812800e-06,3.70611381e-01
9.89822800e-06,3.70611061e-01
9.89832800e-06,3.70610788e-01
9.89842800e-06,3.70610492e-01
9.89852800e-06,3.70610240e-01
9.89862800e-06,3.70609968e-01
9.89872800e-06,3.70609739e-01
9.89882800e-06,3.70609490e-01
9.89892800e-06,3.70609283e-01
9.89902800e-06,3.70609058e-01
9.89912800e-06,3.70608874e-01
9.89922800e-06,3.70608673e-01
9.89932800e-06,3.70608511e-01
9.89942800e-06,3.70608334e-01
9.89952800e-06,3.70608194e-01
9.89962800e-06,3.70608044e-01
9.89972800e-06,3.70607929e-01
9.89982800e-06,3.70607799e-01
9.89992800e-06,3.70607703e-01
9.90002800e-06,3.70607601e-01
9.90012800e-06,3.70607531e-01
9.90022800e-06,3.70607449e-01
9.90032800e-06,3.70607398e-01
9.90042800e-06,3.70607344e-01
9.90052800e-06,3.70607318e-01
9.90062800e-06,3.70607288e-01
9.90072800e-06,3.70607285e-01
9.90082800e-06,3.70607278e-01
9.90092800e-06,3.70607297e-01
9.90102800e-06,3.70607315e-01
9.90112800e-06,3.70607357e-01
9.90122800e-06,3.70607399e-01
9.90132800e-06,3.70607463e-01
9.90142800e-06,3.70607529e-01
9.90152800e-06,3.70607617e-01
9.90162800e-06,3.70607708e-01
9.90172800e-06,3.70607818e-01
9.90182800e-06,3.70607934e-01
9.90192800e-06,3.70608067e-01
9.90202800e-06,3.70608208e-01
9.90212800e-06,3.70608364e-01
9.90222800e-06,3.70608529e-01
9.90232800e-06,3.70608709e-01
9.90242800e-06,3.70608899e-01
9.90252800e-06,3.70609102e-01
9.90262800e-06,3.70609317e-01
9.90272800e-06,3.70609544e-01
9.90282800e-06,3.70609784e-01
9.90292800e-06,3.70610034e-01
9.90302800e-06,3.70610299e-01
9.90312800e-06,3.70610572e-01
9.90322800e-06,3.70610862e-01
9.90332800e-06,3.70611159e-01
9.90342800e-06,3.70611475e-01
9.90352800e-06,3.70611795e-01
9.90362800e-06,3.70612136e-01
9.90372800e-06,3.70612480e-01
9.90382800e-06,3.70612846e-01
9.90392800e-06,3.70613215e-01
9.90402800e-06,3.70613606e-01
9.90412800e-06,3.70613998e-01
9.90422800e-06,3.70614415e-01
9.90432800e-06,3.70614830e-01
9.90442800e-06,3.70615273e-01
9.90452800e-06,3.70615713e-01
9.90462800e-06,3.70616181e-01
9.90472800e-06,3.70616644e-01
9.90482800e-06,3.70617138e-01
9.90492800e-06,3.70617626e-01
9.90502800e-06,3.70618145e-01
9.90512800e-06,3.70618657e-01
9.90522800e-06,3.70619202e-01
9.90532800e-06,3.70619739e-01
9.90542800e-06,3.70620309e-01
9.90552800e-06,3.70620870e-01
9.90562800e-06,3.70621467e-01
9.90572800e-06,3.70622052e-01
9.90582800e-06,3.70622675e-01
9.90592800e-06,3.70623284e-01
9.90602800e-06,3.70623933e-01
9.90612800e-06,3.70624567e-01
9.90622800e-06,3.70625242e-01
9.90632800e-06,3.70625900e-01
9.90642800e-06,3.70626601e-01
9.90652800e-06,3.70627284e-01
9.90662800e-06,3.70628012e-01
9.90672800e-06,3.70628720e-01
9.90682800e-06,3.70629473e-01
9.90692800e-06,3.70630206e-01
9.90702800e-06,3.70630986e-01
9.90712800e-06,3.70631743e-01
9.90722800e-06,3.70632550e-01
9.90732800e-06,3.70633332e-01
9.90742800e-06,3.70634165e-01
9.90752800e-06,3.70634972e-01
9.90762800e-06,3.70635833e-01
9.90772800e-06,3.70636665e-01
9.90782800e-06,3.70637552e-01
9.90792800e-06,3.70638409e-01
9.90802800e-06,3.70639323e-01
9.90812800e-06,3.70640206e-01
9.90822800e-06,3.70641147e-01
9.90832800e-06,3.70642055e-01
9.90842800e-06,3.70643023e-01
9.90852800e-06,3.70643956e-01
9.90862800e-06,3.70644952e-01
9.90872800e-06,3.70645910e-01
9.90882800e-06,3.70646933e-01
9.90892800e-06,3.70647917e-01
9.90902800e-06,3.70648967e-01
9.90912800e-06,3.70649976e-01
9.90922800e-06,3.70651054e-01
9.90932800e-06,3.70652089e-01
9.90942800e-06,3.70653194e-01
9.90952800e-06,3.70654255e-01
9.90962800e-06,3.70655387e-01
9.90972800e-06,3.70656474e-01
9.90982800e-06,3.70657634e-01
9.90992800e-06,3.70658746e-01
9.91002800e-06,3.70659934e-01
9.91012800e-06,3.70661072e-01
9.91022800e-06,3.70662287e-01
9.91032800e-06,3.70663452e-01
9.91042800e-06,3.70664695e-01
9.91052800e-06,3.70665885e-01
9.91062800e-06,3.70667156e-01
9.91072800e-06,3.70668373e-01
9.91082800e-06,3.70669672e-01
9.91092800e-06,3.70670915e-01
9.91102800e-06,3.70672242e-01
9.91112800e-06,3.70673511e-01
9.91122800e-06,3.70674866e-01
9.91132800e-06,3.70676161e-01
9.91142800e-06,3.70677545e-01
9.91152800e-06,3.70678866e-01
9.91162800e-06,3.70680278e-01
9.91172800e-06,3.70681626e-01
9.91182800e-06,3.70683066e-01
9.91192800e-06,3.70684441e-01
9.91202800e-06,3.70685909e-01
9.91212800e-06,3.70687311e-01
9.91222800e-06,3.70688808e-01
9.91232800e-06,3.70690236e-01
9.91242800e-06,3.70691761e-01
9.91252800e-06,3.70693216e-01
9.91262800e-06,3.70694770e-01
9.91272800e-06,3.70696252e-01
9.91282800e-06,3.70697835e-01
9.91292800e-06,3.70699343e-01
9.91302800e-06,3.70700955e-01
9.91312800e-06,3.70702490e-01
9.91322800e-06,3.70704131e-01
9.91332800e-06,3.70705693e-01
9.91342800e-06,3.70707363e-01
9.91352800e-06,3.70708953e-01
9.91362800e-06,3.70710651e-01
9.91372800e-06,3.70712268e-01
9.91382800e-06,3.70713996e-01
9.91392800e-06,3.70715640e-01
9.91402800e-06,3.70717397e-01
9.91412800e-06,3.70719068e-01
9.91422800e-06,3.70720854e-01
9.91432800e-06,3.70722554e-01
9.91442800e-06,3.70724369e-01
9.91452800e-06,3.70726096e-01
9.91462800e-06,3.70727940e-01
9.91472800e-06,3.70729695e-01
9.91482800e-06,3.70731569e-01
9.91492800e-06,3.70733351e-01
9.91502800e-06,3.70735254e-01
9.91512800e-06,3.70737064e-01
9.91522800e-06,3.70738998e-01
9.91532800e-06,3.70740835e-01
9.91542800e-06,3.70742798e-01
9.91552800e-06,3.70744664e-01
9.91562800e-06,3.70746657e-01
9.91572800e-06,3.70748550e-01
9.91582800e-06,3.70750573e-01
9.91592800e-06,3.70752495e-01
9.91602800e-06,3.70754547e-01
9.91612800e-06,3.70756497e-01
9.91622800e-06,3.70758580e-01
9.91632800e-06,3.70760558e-01
9.91642800e-06,3.70762671e-01
9.91652800e-06,3.70764677e-01
9.91662800e-06,3.70766820e-01
9.91672800e-06,3.70768855e-01
9.91682800e-06,3.70771028e-01
9.91692800e-06,3.70773091e-01
9.91702800e-06,3.70775295e-01
9.91712800e-06,3.70777387e-01
9.91722800e-06,3.70779621e-01
9.91732800e-06,3.70781741e-01
9.91742800e-06,3.70784006e-01
9.91752800e-06,3.70786155e-01
9.91762800e-06,3.70788450e-01
9.91772800e-06,3.70790628e-01
9.91782800e-06,3.70792954e-01
9.91792800e-06,3.70795161e-01
9.91802800e-06,3.70797517e-01
9.91812800e-06,3.70799753e-01
9.91822800e-06,3.70802140e-01
9.91832800e-06,3.70804405e-01
9.91842800e-06,3.70806823e-01
9.91852800e-06,3.70809118e-01
9.91862800e-06,3.70811567e-01
9.91872800e-06,3.70813890e-01
9.91882800e-06,3.70816370e-01
9.91892800e-06,3.70818723e-01
9.91902800e-06,3.70821234e-01
9.91912800e-06,3.70823616e-01
9.91922800e-06,3.70826159e-01
9.91932800e-06,3.70828570e-01
9.91942800e-06,3.70831144e-01
9.91952800e-06,3.70833585e-01
9.91962800e-06,3.70836191e-01
9.91972800e-06,3.70838661e-01
9.91982800e-06,3.70841298e-01
9.91992800e-06,3.70843799e-01
9.92002800e-06,3.70846467e-01
9.92012800e-06,3.70848997e-01
9.92022800e-06,3.70851697e-01
9.92032800e-06,3.70854257e-01
9.92042800e-06,3.70856989e-01
9.92052800e-06,3.70859579e-01
9.92062800e-06,3.70862343e-01
9.92072800e-06,3.70864963e-01
9.92082800e-06,3.70867759e-01
9.92092800e-06,3.70870409e-01
9.92102800e-06,3.70873236e-01
9.92112800e-06,3.70875917e-01
9.92122800e-06,3.70878777e-01
9.92132800e-06,3.70881487e-01
9.92142800e-06,3.70884379e-01
9.92152800e-06,3.70887120e-01
9.92162800e-06,3.70890044e-01
9.92172800e-06,3.70892816e-01
9.92182800e-06,3.70895773e-01
9.92192800e-06,3.70898575e-01
9.92202800e-06,3.70901564e-01
9.92212800e-06,3.70904397e-01
9.92222800e-06,3.70907418e-01
9.92232800e-06,3.70910282e-01
9.92242800e-06,3.70913336e-01
9.92252800e-06,3.70916230e-01
9.92262800e-06,3.70919317e-01
9.92272800e-06,3.70922242e-01
9.92282800e-06,3.70925362e-01
9.92292800e-06,3.70928318e-01
9.92302800e-06,3.70931470e-01
9.92312800e-06,3.70934458e-01
9.92322800e-06,3.70937643e-01
9.92332800e-06,3.70940662e-01
9.92342800e-06,3.70943880e-01
9.92352800e-06,3.70946930e-01
9.92362800e-06,3.70950181e-01
9.92372800e-06,3.70953263e-01
9.92382800e-06,3.70956547e-01
9.92392800e-06,3.70959660e-01
9.92402800e-06,3.70962978e-01
9.92412800e-06,3.70966122e-01
9.92422800e-06,3.70969474e-01
9.92432800e-06,3.70972650e-01
9.92442800e-06,3.70976035e-01
9.92452800e-06,3.70979242e-01
9.92462800e-06,3.70982661e-01
9.92472800e-06,3.70985900e-01
9.92482800e-06,3.70989352e-01
9.92492800e-06,3.70992624e-01
9.92502800e-06,3.70996109e-01
9.92512800e-06,3.70999413e-01
9.92522800e-06,3.71002933e-01
9.92532800e-06,3.71006268e-01
9.92542800e-06,3.71009822e-01
9.92552800e-06,3.71013189e-01
9.92562800e-06,3.71016777e-01
9.92572800e-06,3.71020177e-01
9.92582800e-06,3.71023798e-01
9.92592800e-06,3.71027231e-01
9.92602800e-06,3.71030887e-01
9.92612800e-06,3.71034351e-01
9.92622800e-06,3.71038042e-01
9.92632800e-06,3.71041539e-01
9.92642800e-06,3.71045264e-01
9.92652800e-06,3.71048793e-01
9.92662800e-06,3.71052553e-01
9.92672800e-06,3.71056115e-01
9.92682800e-06,3.71059909e-01
9.92692800e-06,3.71063504e-01
9.92702800e-06,3.71067333e-01
9.92712800e-06,3.71070961e-01
9.92722800e-06,3.71074824e-01
9.92732800e-06,3.71078486e-01
9.92742800e-06,3.71082384e-01
9.92752800e-06,3.71086078e-01
9.92762800e-06,3.71090011e-01
9.92772800e-06,3.71093739e-01
9.92782800e-06,3.71097707e-01
9.92792800e-06,3.71101468e-01
9.92802800e-06,3.71105471e-01
9.92812800e-06,3.71109265e-01
9.92822800e-06,3.71113304e-01
9.92832800e-06,3.71117132e-01
9.92842800e-06,3.71121206e-01
9.92852800e-06,3.71125067e-01
9.92862800e-06,3.71129176e-01
9.92872800e-06,3.71133071e-01
9.92882800e-06,3.71137216e-01
9.92892800e-06,3.71141145e-01
9.92902800e-06,3.71145325e-01
9.92912800e-06,3.71149288e-01
9.92922800e-06,3.71153504e-01
9.92932800e-06,3.71157500e-01
9.92942800e-06,3.71161753e-01
9.92952800e-06,3.71165783e-01
9.92962800e-06,3.71170071e-01
9.92972800e-06,3.71174136e-01
9.92982800e-06,3.71178460e-01
9.92992800e-06,3.71182559e-01
9.93002800e-06,3.71186919e-01
9.93012800e-06,3.71191052e-01
9.93022800e-06,3.71195448e-01
9.93032800e-06,3.71199616e-01
9.93042800e-06,3.71204049e-01
9.93052800e-06,3.71208251e-01
9.93062800e-06,3.71212720e-01
9.93072800e-06,3.71216957e-01
9.93082800e-06,3.71221462e-01
9.93092800e-06,3.71225734e-01
9.93102800e-06,3.71230276e-01
9.93112800e-06,3.71234582e-01
9.93122800e-06,3.71239161e-01
9.93132800e-06,3.71243502e-01
9.93142800e-06,3.71248118e-01
9.93152800e-06,3.71252494e-01
9.93162800e-06,3.71257147e-01
9.93172800e-06,3.71261558e-01
9.93182800e-06,3.71266248e-01
9.93192800e-06,3.71270695e-01
9.93202800e-06,3.71275421e-01
9.93212800e-06,3.71279903e-01
9.93222800e-06,3.71284667e-01
9.93232800e-06,3.71289185e-01
9.93242800e-06,3.71293986e-01
9.93252800e-06,3.71298539e-01
9.93262800e-06,3.71303377e-01
9.93272800e-06,3.71307966e-01
9.93282800e-06,3.71312842e-01
9.93292800e-06,3.71317466e-01
9.93302800e-06,3.71322380e-01
9.93312800e-06,3.71327040e-01
9.93322800e-06,3.71331991e-01
9.93332800e-06,3.71336687e-01
9.93342800e-06,3.71341676e-01
9.93352800e-06,3.71346408e-01
9.93362800e-06,3.71351435e-01
9.93372800e-06,3.71356204e-01
9.93382800e-06,3.71361269e-01
9.93392800e-06,3.71366073e-01
9.93402800e-06,3.71371176e-01
9.93412800e-06,3.71376017e-01
9.93422800e-06,3.71381158e-01
9.93432800e-06,3.71386036e-01
9.93442800e-06,3.71391215e-01
9.93452800e-06,3.71396129e-01
9.93462800e-06,3.71401347e-01
9.93472800e-06,3.71406297e-01
9.93482800e-06,3.71411554e-01
9.93492800e-06,3.71416541e-01
9.93502800e-06,3.71421836e-01
9.93512800e-06,3.71426860e-01
9.93522800e-06,3.71432194e-01
9.93532800e-06,3.71437255e-01
9.93542800e-06,3.71442628e-01
9.93552800e-06,3.71447726e-01
9.93562800e-06,3.71453138e-01
9.93572800e-06,3.71458273e-01
9.93582800e-06,3.71463724e-01
9.93592800e-06,3.71468896e-01
9.93602800e-06,3.71474386e-01
9.93612800e-06,3.71479596e-01
9.93622800e-06,3.71485125e-01
9.93632800e-06,3.71490372e-01
9.93642800e-06,3.71495941e-01
9.93652800e-06,3.71501226e-01
9.93662800e-06,3.71506834e-01
9.93672800e-06,3.71512156e-01
9.93682800e-06,3.71517804e-01
9.93692800e-06,3.71523164e-01
9.93702800e-06,3.71528851e-01
9.93712800e-06,3.71534250e-01
9.93722800e-06,3.71539977e-01
9.93732800e-06,3.71545413e-01
9.93742800e-06,3.71551180e-01
9.93752800e-06,3.71556654e-01
9.93762800e-06,3.71562461e-01
9.93772800e-06,3.71567974e-01
9.93782800e-06,3.71573821e-01
9.93792800e-06,3.71579372e-01
9.93802800e-06,3.71585259e-01
9.93812800e-06,3.71590849e-01
9.93822800e-06,3.71596776e-01
9.93832800e-06,3.71602404e-01
9.93842800e-06,3.71608372e-01
9.93852800e-06,3.71614039e-01
9.93862800e-06,3.71620047e-01
9.93872800e-06,3.71625753e-01
9.93882800e-06,3.71631802e-01
9.93892800e-06,3.71637546e-01
9.93902800e-06,3.71643636e-01
9.93912800e-06,3.71649419e-01
9.93922800e-06,3.71655550e-01
9.93932800e-06,3.71661372e-01
9.93942800e-06,3.71667544e-01
9.93952800e-06,3.71673405e-01
9.93962800e-06,3.71679618e-01
9.93972800e-06,3.71685519e-01
9.93982800e-06,3.71691773e-01
9.93992800e-06,3.71697713e-01
9.94002800e-06,3.71704008e-01
9.94012800e-06,3.71709988e-01
9.94022800e-06,3.71716325e-01
9.94032800e-06,3.71722344e-01
9.94042800e-06,3.71728722e-01
9.94052800e-06,3.71734782e-01
9.94062800e-06,3.71741201e-01
9.94072800e-06,3.71747300e-01
9.94082800e-06,3.71753762e-01
9.94092800e-06,3.71759901e-01
9.94102800e-06,3.71766404e-01
9.94112800e-06,3.71772584e-01
9.94122800e-06,3.71779129e-01
9.94132800e-06,3.71785348e-01
9.94142800e-06,3.71791936e-01
9.94152800e-06,3.71798196e-01
9.94162800e-06,3.71804825e-01
9.94172800e-06,3.71811126e-01
9.94182800e-06,3.71817798e-01
9.94192800e-06,3.71824139e-01
9.94202800e-06,3.71830854e-01
9.94212800e-06,3.71837236e-01
9.94222800e-06,3.71843993e-01
9.94232800e-06,3.71850416e-01
9.94242800e-06,3.71857216e-01
9.94252800e-06,3.71863681e-01
9.94262800e-06,3.71870523e-01
9.94272800e-06,3.71877029e-01
9.94282800e-06,3.71883914e-01
9.94292800e-06,3.71890462e-01
9.94302800e-06,3.71897390e-01
9.94312800e-06,3.71903979e-01
9.94322800e-06,3.71910950e-01
9.94332800e-06,3.71917581e-01
9.94342800e-06,3.71924596e-01
9.94352800e-06,3.71931268e-01
9.94362800e-06,3.71938326e-01
9.94372800e-06,3.71945041e-01
9.94382800e-06,3.71952142e-01
9.94392800e-06,3.71958898e-01
9.94402800e-06,3.71966043e-01
9.94412800e-06,3.71972842e-01
9.94422800e-06,3.71980030e-01
9.94432800e-06,3.71986871e-01
9.94442800e-06,3.71994103e-01
9.94452800e-06,3.72000986e-01
9.94462800e-06,3.72008263e-01
9.94472800e-06,3.72015188e-01
9.94482800e-06,3.72022509e-01
9.94492800e-06,3.72029477e-01
9.94502800e-06,3.72036841e-01
9.94512800e-06,3.72043852e-01
9.94522800e-06,3.72051261e-01
9.94532800e-06,3.72058315e-01
9.94542800e-06,3.72065768e-01
9.94552800e-06,3.72072864e-01
9.94562800e-06,3.72080362e-01
9.94572800e-06,3.72087502e-01
9.94582800e-06,3.72095044e-01
9.94592800e-06,3.72102227e-01
9.94602800e-06,3.72109814e-01
9.94612800e-06,3.72117040e-01
9.94622800e-06,3.72124672e-01
9.94632800e-06,3.72131941e-01
9.94642800e-06,3.72139618e-01
9.94652800e-06,3.72146931e-01
9.94662800e-06,3.72154653e-01
9.94672800e-06,3.72162010e-01
9.94682800e-06,3.72169777e-01
9.94692800e-06,3.72177178e-01
9.94702800e-06,3.72184990e-01
9.94712800e-06,3.72192435e-01
9.94722800e-06,3.72200292e-01
9.94732800e-06,3.72207781e-01
9.94742800e-06,3.72215684e-01
9.94752800e-06,3.72223217e-01
9.94762800e-06,3.72231166e-01
9.94772800e-06,3.72238743e-01
9.94782800e-06,3.72246738e-01
9.94792800e-06,3.72254359e-01
9.94802800e-06,3.72262400e-01
9.94812800e-06,3.72270065e-01
9.94822800e-06,3.72278152e-01
9.94832800e-06,3.72285862e-01
9.94842800e-06,3.72293995e-01
9.94852800e-06,3.72301750e-01
9.94862800e-06,3.72309930e-01
9.94872800e-06,3.72317730e-01
9.94882800e-06,3.72325955e-01
9.94892800e-06,3.72333800e-01
9.94902800e-06,3.72342072e-01
9.94912800e-06,3.72349962e-01
9.94922800e-06,3.72358281e-01
9.94932800e-06,3.72366216e-01
9.94942800e-06,3.72374582e-01
9.94952800e-06,3.72382562e-01
9.94962800e-06,3.72390975e-01
9.94972800e-06,3.72399001e-01
9.94982800e-06,3.72407460e-01
9.94992800e-06,3.72415532e-01
9.95002800e-06,3.72424038e-01
9.95012800e-06,3.72432156e-01
9.95022800e-06,3.72440710e-01
9.95032800e-06,3.72448873e-01
9.95042800e-06,3.72457474e-01
9.95052800e-06,3.72465683e-01
9.95062800e-06,3.72474332e-01
9.95072800e-06,3.72482587e-01
9.95082800e-06,3.72491283e-01
9.95092800e-06,3.72499584e-01
9.95102800e-06,3.72508329e-01
9.95112800e-06,3.72516676e-01
9.95122800e-06,3.72525468e-01
9.95132800e-06,3.72533862e-01
9.95142800e-06,3.72542702e-01
9.95152800e-06,3.72551143e-01
9.95162800e-06,3.72560031e-01
9.95172800e-06,3.72568518e-01
9.95182800e-06,3.72577455e-01
9.95192800e-06,3.72585989e-01
9.95202800e-06,3.72594973e-01
9.95212800e-06,3.72603554e-01
9.95222800e-06,3.72612588e-01
9.95232800e-06,3.72621216e-01
9.95242800e-06,3.72630297e-01
9.95252800e-06,3.72638973e-01
9.95262800e-06,3.72648103e-01
9.95272800e-06,3.72656826e-01
9.95282800e-06,3.72666005e-01
9.95292800e-06,3.72674775e-01
9.95302800e-06,3.72684004e-01
9.95312800e-06,3.72692821e-01
9.95322800e-06,3.72702099e-01
9.95332800e-06,3.72710964e-01
9.95342800e-06,3.72720291e-01
9.95352800e-06,3.72729204e-01
9.95362800e-06,3.72738580e-01
9.95372800e-06,3.72747541e-01
9.95382800e-06,3.72756967e-01
9.95392800e-06,3.72765976e-01
9.95402800e-06,3.72775451e-01
9.95412800e-06,3.72784509e-01
9.95422800e-06,3.72794033e-01
9.95432800e-06,3.72803139e-01
9.95442800e-06,3.72812714e-01
9.95452800e-06,3.72821868e-01
9.95462800e-06,3.72831493e-01
9.95472800e-06,3.72840696e-01
9.95482800e-06,3.72850371e-01
9.95492800e-06,3.72859622e-01
9.95502800e-06,3.72869347e-01
9.95512800e-06,3.72878647e-01
9.95522800e-06,3.72888423e-01
9.95532800e-06,3.72897772e-01
9.95542800e-06,3.72907598e-01
9.95552800e-06,3.72916997e-01
9.95562800e-06,3.72926873e-01
9.95572800e-06,3.72936321e-01
9.95582800e-06,3.72946248e-01
9.95592800e-06,3.72955745e-01
9.95602800e-06,3.72965723e-01
9.95612800e-06,3.72975270e-01
9.95622800e-06,3.72985299e-01
9.95632800e-06,3.72994895e-01
9.95642800e-06,3.73004975e-01
9.95652800e-06,3.73014621e-01
9.95662800e-06,3.73024753e-01
9.95672800e-06,3.73034448e-01
9.95682800e-06,3.73044631e-01
9.95692800e-06,3.73054377e-01
9.95702800e-06,3.73064612e-01
9.95712800e-06,3.73074407e-01
9.95722800e-06,3.73084694e-01
9.95732800e-06,3.73094540e-01
9.95742800e-06,3.73104878e-01
9.95752800e-06,3.73114774e-01
9.95762800e-06,3.73125164e-01
9.95772800e-06,3.73135111e-01
9.95782800e-06,3.73145553e-01
9.95792800e-06,3.73155550e-01
9.95802800e-06,3.73166044e-01
9.95812800e-06,3.73176093e-01
9.95822800e-06,3.73186639e-01
9.95832800e-06,3.73196739e-01
9.95842800e-06,3.73207337e-01
9.95852800e-06,3.73217488e-01
9.95862800e-06,3.73228139e-01
9.95872800e-06,3.73238341e-01
9.95882800e-06,3.73249045e-01
9.95892800e-06,3.73259297e-01
9.95902800e-06,3.73270054e-01
9.95912800e-06,3.73280359e-01
9.95922800e-06,3.73291168e-01
9.95932800e-06,3.73301524e-01
9.95942800e-06,3.73312387e-01
9.95952800e-06,3.73322795e-01
9.95962800e-06,3.73333711e-01
9.95972800e-06,3.73344170e-01
9.95982800e-06,3.73355139e-01
9.95992800e-06,3.73365651e-01
9.96002800e-06,3.73376674e-01
9.96012800e-06,3.73387237e-01
9.96022800e-06,3.73398313e-01
9.96032800e-06,3.73408929e-01
9.96042800e-06,3.73420059e-01
9.96052800e-06,3.73430727e-01
9.96062800e-06,3.73441911e-01
9.96072800e-06,3.73452632e-01
9.96082800e-06,3.73463870e-01
9.96092800e-06,3.73474643e-01
9.96102800e-06,3.73485935e-01
9.96112800e-06,3.73496761e-01
9.96122800e-06,3.73508108e-01
9.96132800e-06,3.73518987e-01
9.96142800e-06,3.73530387e-01
9.96152800e-06,3.73541319e-01
9.96162800e-06,3.73552775e-01
9.96172800e-06,3.73563760e-01
9.96182800e-06,3.73575270e-01
9.96192800e-06,3.73586308e-01
9.96202800e-06,3.73597873e-01
9.96212800e-06,3.73608964e-01
9.96222800e-06,3.73620584e-01
9.96232800e-06,3.73631729e-01
9.96242800e-06,3.73643404e-01
9.96252800e-06,3.73654603e-01
9.96262800e-06,3.73666333e-01
9.96272800e-06,3.73677586e-01
9.96282800e-06,3.73689371e-01
9.96292800e-06,3.73700678e-01
9.96302800e-06,3.73712518e-01
9.96312800e-06,3.73723879e-01
9.96322800e-06,3.73735775e-01
9.96332800e-06,3.73747190e-01
9.96342800e-06,3.73759142e-01
9.96352800e-06,3.73770612e-01
9.96362800e-06,3.73782620e-01
9.96372800e-06,3.73794143e-01
9.96382800e-06,3.73806207e-01
9.96392800e-06,3.73817786e-01
9.96402800e-06,3.73829906e-01
9.96412800e-06,3.73841539e-01
9.96422800e-06,3.73853715e-01
9.96432800e-06,3.73865403e-01
9.96442800e-06,3.73877636e-01
9.96452800e-06,3.73889379e-01
9.96462800e-06,3.73901668e-01
9.96472800e-06,3.73913467e-01
9.96482800e-06,3.73925813e-01
9.96492800e-06,3.73937666e-01
9.96502800e-06,3.73950069e-01
9.96512800e-06,3.73961978e-01
9.96522800e-06,3.73974437e-01
9.96532800e-06,3.73986402e-01
9.96542800e-06,3.73998919e-01
9.96552800e-06,3.74010939e-01
9.96562800e-06,3.74023513e-01
9.96572800e-06,3.74035589e-01
9.96582800e-06,3.74048220e-01
9.96592800e-06,3.74060352e-01
9.96602800e-06,3.74073041e-01
9.96612800e-06,3.74085229e-01
9.96622800e-06,3.74097975e-01
9.96632800e-06,3.74110220e-01
9.96642800e-06,3.74123024e-01
9.96652800e-06,3.74135325e-01
9.96662800e-06,3.74148186e-01
9.96672800e-06,3.74160544e-01
9.96682800e-06,3.74173464e-01
9.96692800e-06,3.74185878e-01
9.96702800e-06,3.74198856e-01
9.96712800e-06,3.74211327e-01
9.96722800e-06,3.74224363e-01
9.96732800e-06,3.74236891e-01
9.96742800e-06,3.74249985e-01
9.96752800e-06,3.74262570e-01
9.96762800e-06,3.74275723e-01
9.96772800e-06,3.74288365e-01
9.96782800e-06,3.74301577e-01
9.96792800e-06,3.74314277e-01
9.96802800e-06,3.74327547e-01
9.96812800e-06,3.74340304e-01
9.96822800e-06,3.74353634e-01
9.96832800e-06,3.74366448e-01
9.96842800e-06,3.74379837e-01
9.96852800e-06,3.74392709e-01
9.96862800e-06,3.74406157e-01
9.96872800e-06,3.74419087e-01
9.96882800e-06,3.74432594e-01
9.96892800e-06,3.74445582e-01
9.96902800e-06,3.74459149e-01
9.96912800e-06,3.74472195e-01
9.96922800e-06,3.74485822e-01
9.96932800e-06,3.74498926e-01
9.96942800e-06,3.74512612e-01
9.96952800e-06,3.74525775e-01
9.96962800e-06,3.74539521e-01
9.96972800e-06,3.74552743e-01
9.96982800e-06,3.74566549e-01
9.96992800e-06,3.74579829e-01
9.97002800e-06,3.74593695e-01
9.97012800e-06,3.74607035e-01
9.97022800e-06,3.74620961e-01
9.97032800e-06,3.74634359e-01
9.97042800e-06,3.74648346e-01
9.97052800e-06,3.74661803e-01
9.97062800e-06,3.74675851e-01
9.97072800e-06,3.74689367e-01
9.97082800e-06,3.74703475e-01
9.97092800e-06,3.74717051e-01
9.97102800e-06,3.74731220e-01
9.97112800e-06,3.74744856e-01
9.97122800e-06,3.74759086e-01
9.97132800e-06,3.74772781e-01
9.97142800e-06,3.74787072e-01
9.97152800e-06,3.74800762e-01
9.97162800e-06,3.74815050e-01
9.97172800e-06,3.74828800e-01
9.97182800e-06,3.74843149e-01
9.97192800e-06,3.74856959e-01
9.97202800e-06,3.74871370e-01
9.97212800e-06,3.74885240e-01
9.97222800e-06,3.74899712e-01
9.97232800e-06,3.74913643e-01
9.97242800e-06,3.74928176e-01
9.97252800e-06,3.74942167e-01
9.97262800e-06,3.74956763e-01
9.97272800e-06,3.74970814e-01
9.97282800e-06,3.74985471e-01
9.97292800e-06,3.74999583e-01
9.97302800e-06,3.75014303e-01
9.97312800e-06,3.75028475e-01
9.97322800e-06,3.75043257e-01
9.97332800e-06,3.75057490e-01
9.97342800e-06,3.75072334e-01
9.97352800e-06,3.75086629e-01
9.97362800e-06,3.75101535e-01
9.97372800e-06,3.75115891e-01
9.97382800e-06,3.75130860e-01
9.97392800e-06,3.75145277e-01
9.97402800e-06,3.75160309e-01
9.97412800e-06,3.75174787e-01
9.97422800e-06,3.75189882e-01
9.97432800e-06,3.75204421e-01
9.97442800e-06,3.75219579e-01
9.97452800e-06,3.75234181e-01
9.97462800e-06,3.75249402e-01
9.97472800e-06,3.75264065e-01
9.97482800e-06,3.75279350e-01
9.97492800e-06,3.75294075e-01
9.97502800e-06,3.75309423e-01
9.97512800e-06,3.75324210e-01
9.97522800e-06,3.75339621e-01
9.97532800e-06,3.75354471e-01
9.97542800e-06,3.75369946e-01
9.97552800e-06,3.75384858e-01
9.97562800e-06,3.75400397e-01
9.97572800e-06,3.75415371e-01
9.97582800e-06,3.75430974e-01
9.97592800e-06,3.75446011e-01
9.97602800e-06,3.75461678e-01
9.97612800e-06,3.75476778e-01
9.97622800e-06,3.75492509e-01
9.97632800e-06,3.75507672e-01
9.97642800e-06,3.75523467e-01
9.97652800e-06,3.75538693e-01
9.97662800e-06,3.75554553e-01
9.97672800e-06,3.75569842e-01
9.97682800e-06,3.75585767e-01
9.97692800e-06,3.75601119e-01
9.97702800e-06,3.75617109e-01
9.97712800e-06,3.75632525e-01
9.97722800e-06,3.75648579e-01
9.97732800e-06,3.75664059e-01
9.97742800e-06,3.75680178e-01
9.97752800e-06,3.75695722e-01
9.97762800e-06,3.75711906e-01
9.97772800e-06,3.75727513e-01
9.97782800e-06,3.75743764e-01
9.97792800e-06,3.75759435e-01
9.97802800e-06,3.75775750e-01
9.97812800e-06,3.75791485e-01
9.97822800e-06,3.75807867e-01
9.97832800e-06,3.75823666e-01
9.97842800e-06,3.75840113e-01
9.97852800e-06,3.75855977e-01
9.97862800e-06,3.75872490e-01
9.97872800e-06,3.75888418e-01
9.97882800e-06,3.75904997e-01
9.97892800e-06,3.75920990e-01
9.97902800e-06,3.75937635e-01
9.97912800e-06,3.75953693e-01
9.97922800e-06,3.75970404e-01
9.97932800e-06,3.75986527e-01
9.97942800e-06,3.76003305e-01
9.97952800e-06,3.76019493e-01
9.97962800e-06,3.76036337e-01
9.97972800e-06,3.76052591e-01
9.97982800e-06,3.76069501e-01
9.97992800e-06,3.76085820e-01
9.98002800e-06,3.76102798e-01
9.98012800e-06,3.76119182e-01
9.98022800e-06,3.76136227e-01
9.98032800e-06,3.76152676e-01
9.98042800e-06,3.76169788e-01
9.98052800e-06,3.76186304e-01
9.98062800e-06,3.76203483e-01
9.98072800e-06,3.76220064e-01
9.98082800e-06,3.76237310e-01
9.98092800e-06,3.76253958e-01
9.98102800e-06,3.76271272e-01
9.98112800e-06,3.76287985e-01
9.98122800e-06,3.76305367e-01
9.98132800e-06,3.76322147e-01
9.98142800e-06,3.76339596e-01
9.98152800e-06,3.76356442e-01
9.98162800e-06,3.76373959e-01
9.98172800e-06,3.76390872e-01
9.98182800e-06,3.76408457e-01
9.98192800e-06,3.76425437e-01
9.98202800e-06,3.76443090e-01
9.98212800e-06,3.76460137e-01
9.98222800e-06,3.76477858e-01
9.98232800e-06,3.76494972e-01
9.98242800e-06,3.76512762e-01
9.98252800e-06,3.76529943e-01
9.98262800e-06,3.76547801e-01
9.98272800e-06,3.76565049e-01
9.98282800e-06,3.76582976e-01
9.98292800e-06,3.76600292e-01
9.98302800e-06,3.76618288e-01
9.98312800e-06,3.76635670e-01
9.98322800e-06,3.76653735e-01
9.98332800e-06,3.76671186e-01
9.98342800e-06,3.76689320e-01
9.98352800e-06,3.76706838e-01
9.98362800e-06,3.76725041e-01
9.98372800e-06,3.76742627e-01
9.98382800e-06,3.76760900e-01
9.98392800e-06,3.76778554e-01
9.98402800e-06,3.76796896e-01
9.98412800e-06,3.76814619e-01
9.98422800e-06,3.76833030e-01
9.98432800e-06,3.76850821e-01
9.98442800e-06,3.76869302e-01
9.98452800e-06,3.76887161e-01
9.98462800e-06,3.76905713e-01
9.98472800e-06,3.76923640e-01
9.98482800e-06,3.76942262e-01
9.98492800e-06,3.76960258e-01
9.98502800e-06,3.76978949e-01
9.98512800e-06,3.76997015e-01
9.98522800e-06,3.77015776e-01
9.98532800e-06,3.77033910e-01
9.98542800e-06,3.77052742e-01
9.98552800e-06,3.77070946e-01
9.98562800e-06,3.77089848e-01
9.98572800e-06,3.77108121e-01
9.98582800e-06,3.77127094e-01
9.98592800e-06,3.77145436e-01
9.98602800e-06,3.77164479e-01
9.98612800e-06,3.77182891e-01
9.98622800e-06,3.77202006e-01
9.98632800e-06,3.77220487e-01
9.98642800e-06,3.77239672e-01
9.98652800e-06,3.77258223e-01
9.98662800e-06,3.77277480e-01
9.98672800e-06,3.77296101e-01
9.98682800e-06,3.77315429e-01
9.98692800e-06,3.77334119e-01
9.98702800e-06,3.77353519e-01
9.98712800e-06,3.77372280e-01
9.98722800e-06,3.77391751e-01
9.98732800e-06,3.77410582e-01
9.98742800e-06,3.77430125e-01
9.98752800e-06,3.77449026e-01
9.98762800e-06,3.77468641e-01
9.98772800e-06,3.77487613e-01
9.98782800e-06,3.77507299e-01
9.98792800e-06,3.77526342e-01
9.98802800e-06,3.77546101e-01
9.98812800e-06,3.77565214e-01
9.98822800e-06,3.77585045e-01
9.98832800e-06,3.77604229e-01
9.98842800e-06,3.77624132e-01
9.98852800e-06,3.77643387e-01
9.98862800e-06,3.77663363e-01
9.98872800e-06,3.77682689e-01
9.98882800e-06,3.77702737e-01
9.98892800e-06,3.77722135e-01
9.98902800e-06,3.77742255e-01
9.98912800e-06,3.77761724e-01
9.98922800e-06,3.77781918e-01
9.98932800e-06,3.77801458e-01
9.98942800e-06,3.77821725e-01
9.98952800e-06,3.77841337e-01
9.98962800e-06,3.77861677e-01
9.98972800e-06,3.77881361e-01
9.98982800e-06,3.77901773e-01
9.98992800e-06,3.77921529e-01
9.99002800e-06,3.77942015e-01
9.99012800e-06,3.77961843e-01
9.99022800e-06,3.77982403e-01
9.99032800e-06,3.78002302e-01
9.99042800e-06,3.78022935e-01
9.99052800e-06,3.78042908e-01
9.99062800e-06,3.78063614e-01
9.99072800e-06,3.78083659e-01
9.99082800e-06,3.78104439e-01
9.99092800e-06,3.78124557e-01
9.99102800e-06,3.78145411e-01
9.99112800e-06,3.78165601e-01
9.99122800e-06,3.78186529e-01
9.99132800e-06,3.78206792e-01
9.99142800e-06,3.78227794e-01
9.99152800e-06,3.78248130e-01
9.99162800e-06,3.78269206e-01
9.99172800e-06,3.78289615e-01
9.99182800e-06,3.78310766e-01
9.99192800e-06,3.78331248e-01
9.99202800e-06,3.78352473e-01
9.99212800e-06,3.78373028e-01
9.99222800e-06,3.78394329e-01
9.99232800e-06,3.78414957e-01
9.99242800e-06,3.78436332e-01
9.99252800e-06,3.78457033e-01
9.99262800e-06,3.78478484e-01
9.99272800e-06,3.78499259e-01
9.99282800e-06,3.78520784e-01
9.99292800e-06,3.78541633e-01
9.99302800e-06,3.78563233e-01
9.99312800e-06,3.78584156e-01
9.99322800e-06,3.78605831e-01
9.99332800e-06,3.78626828e-01
9.99342800e-06,3.78648578e-01
9.99352800e-06,3.78669649e-01
9.99362800e-06,3.78691475e-01
9.99372800e-06,3.78712620e-01
9.99382800e-06,3.78734522e-01
9.99392800e-06,3.78755741e-01
9.99402800e-06,3.78777719e-01
9.99412800e-06,3.78799012e-01
9.99422800e-06,3.78821066e-01
9.99432800e-06,3.78842434e-01
9.99442800e-06,3.78864563e-01
9.99452800e-06,3.78886006e-01
9.99462800e-06,3.78908211e-01
9.99472800e-06,3.78929729e-01
9.99482800e-06,3.78952010e-01
9.99492800e-06,3.78973603e-01
9.99502800e-06,3.78995961e-01
9.99512800e-06,3.79017628e-01
9.99522800e-06,3.79040062e-01
9.99532800e-06,3.79061805e-01
9.99542800e-06,3.79084315e-01
9.99552800e-06,3.79106133e-01
9.99562800e-06,3.79128720e-01
9.99572800e-06,3.79150614e-01
9.99582800e-06,3.79173278e-01
9.99592800e-06,3.79195246e-01
9.99602800e-06,3.79217987e-01
9.99612800e-06,3.79240031e-01
9.99622800e-06,3.79262849e-01
9.99632800e-06,3.79284969e-01
9.99642800e-06,3.79307864e-01
9.99652800e-06,3.79330059e-01
9.99662800e-06,3.79353031e-01
9.99672800e-06,3.79375303e-01
9.99682800e-06,3.79398352e-01
9.99692800e-06,3.79420700e-01
9.99702800e-06,3.79443826e-01
9.99712800e-06,3.79466250e-01
9.99722800e-06,3.79489454e-01
9.99732800e-06,3.79511954e-01
9.99742800e-06,3.79535236e-01
9.99752800e-06,3.79557812e-01
9.99762800e-06,3.79581172e-01
9.99772800e-06,3.79603824e-01
9.99782800e-06,3.79627262e-01
9.99792800e-06,3.79649991e-01
9.99802800e-06,3.79673506e-01
9.99812800e-06,3.79696312e-01
9.99822800e-06,3.79719906e-01
9.99832800e-06,3.79742788e-01
9.99842800e-06,3.79766460e-01
9.99852800e-06,3.79789419e-01
9.99862800e-06,3.79813169e-01
9.99872800e-06,3.79836206e-01
9.99882800e-06,3.79860034e-01
9.99892800e-06,3.79883147e-01
9.99902800e-06,3.79907054e-01
9.99912800e-06,3.79930245e-01
9.99922800e-06,3.79954230e-01
9.99932800e-06,3.79977498e-01
9.99942800e-06,3.80001562e-01
9.99952800e-06,3.80024907e-01
9.99962800e-06,3.80049050e-01
9.99972800e-06,3.80072473e-01
9.99982800e-06,3.80096694e-01
9.99992800e-06,3.80120195e-01
1.00000000e-05,3.80137794e-01
